-180.00 -90.00 0.00088431
-175.00 -90.00 0.00088434
-170.00 -90.00 0.00088434
-165.00 -90.00 0.00088434
-160.00 -90.00 0.00088434
-155.00 -90.00 0.00088431
-150.00 -90.00 0.00088428
-145.00 -90.00 0.00088425
-140.00 -90.00 0.00088422
-135.00 -90.00 0.00088419
-130.00 -90.00 0.00088416
-125.00 -90.00 0.00088413
-120.00 -90.00 0.00088407
-115.00 -90.00 0.00088404
-110.00 -90.00 0.00088398
-105.00 -90.00 0.00088395
-100.00 -90.00 0.00088392
-95.00 -90.00 0.00088389
-90.00 -90.00 0.00088389
-85.00 -90.00 0.00088386
-80.00 -90.00 0.00088386
-75.00 -90.00 0.00088386
-70.00 -90.00 0.00088386
-65.00 -90.00 0.00088389
-60.00 -90.00 0.00088389
-55.00 -90.00 0.00088392
-50.00 -90.00 0.00088395
-45.00 -90.00 0.00088401
-40.00 -90.00 0.00088404
-35.00 -90.00 0.00088407
-30.00 -90.00 0.00088413
-25.00 -90.00 0.00088416
-20.00 -90.00 0.00088419
-15.00 -90.00 0.00088422
-10.00 -90.00 0.00088428
-5.00 -90.00 0.00088428
0.00 -90.00 0.00088431
5.00 -90.00 0.00088431
10.00 -90.00 0.00088434
15.00 -90.00 0.00088434
20.00 -90.00 0.00088431
25.00 -90.00 0.00088431
30.00 -90.00 0.00088428
35.00 -90.00 0.00088425
40.00 -90.00 0.00088422
45.00 -90.00 0.00088419
50.00 -90.00 0.00088416
55.00 -90.00 0.0008841
60.00 -90.00 0.00088407
65.00 -90.00 0.00088404
70.00 -90.00 0.00088398
75.00 -90.00 0.00088395
80.00 -90.00 0.00088392
85.00 -90.00 0.00088389
90.00 -90.00 0.00088389
95.00 -90.00 0.00088386
100.00 -90.00 0.00088386
105.00 -90.00 0.00088386
110.00 -90.00 0.00088386
115.00 -90.00 0.00088389
120.00 -90.00 0.00088389
125.00 -90.00 0.00088392
130.00 -90.00 0.00088395
135.00 -90.00 0.00088401
140.00 -90.00 0.00088404
145.00 -90.00 0.00088407
150.00 -90.00 0.00088413
155.00 -90.00 0.00088416
160.00 -90.00 0.00088419
165.00 -90.00 0.00088425
170.00 -90.00 0.00088428
175.00 -90.00 0.00088428
180.00 -90.00 0.00088431
-180.00 -85.00 0.0014877
-175.00 -85.00 0.00151626
-170.00 -85.00 0.00154089
-165.00 -85.00 0.0015609
-160.00 -85.00 0.00157575
-155.00 -85.00 0.00158499
-150.00 -85.00 0.00158811
-145.00 -85.00 0.00158463
-140.00 -85.00 0.00157413
-135.00 -85.00 0.00155622
-130.00 -85.00 0.00153072
-125.00 -85.00 0.00149754
-120.00 -85.00 0.00145665
-115.00 -85.00 0.0014082
-110.00 -85.00 0.00135249
-105.00 -85.00 0.00129006
-100.00 -85.00 0.00122169
-95.00 -85.00 0.00114822
-90.00 -85.00 0.0010707
-85.00 -85.00 0.0009903
-80.00 -85.00 0.00090825
-75.00 -85.00 0.00082602
-70.00 -85.00 0.00074493
-65.00 -85.00 0.00066636
-60.00 -85.00 0.00059169
-55.00 -85.00 0.00052215
-50.00 -85.00 0.00045894
-45.00 -85.00 0.00040311
-40.00 -85.00 0.00035538
-35.00 -85.00 0.00031638
-30.00 -85.00 0.00028659
-25.00 -85.00 0.00026622
-20.00 -85.00 0.00025536
-15.00 -85.00 0.00025374
-10.00 -85.00 0.00026097
-5.00 -85.00 0.00027657
0.00 -85.00 0.00029997
5.00 -85.00 0.00033054
10.00 -85.00 0.00036744
15.00 -85.00 0.00040962
20.00 -85.00 0.00045615
25.00 -85.00 0.00050607
30.00 -85.00 0.00055845
35.00 -85.00 0.00061221
40.00 -85.00 0.00066618
45.00 -85.00 0.00071916
50.00 -85.00 0.00077019
55.00 -85.00 0.0008184
60.00 -85.00 0.00086295
65.00 -85.00 0.00090318
70.00 -85.00 0.00093855
75.00 -85.00 0.00096885
80.00 -85.00 0.0009942
85.00 -85.00 0.00101505
90.00 -85.00 0.00103209
95.00 -85.00 0.00104613
100.00 -85.00 0.00105822
105.00 -85.00 0.0010695
110.00 -85.00 0.00108126
115.00 -85.00 0.00109452
120.00 -85.00 0.00111024
125.00 -85.00 0.00112905
130.00 -85.00 0.00115137
135.00 -85.00 0.00117732
140.00 -85.00 0.00120672
145.00 -85.00 0.00123918
150.00 -85.00 0.00127404
155.00 -85.00 0.00131061
160.00 -85.00 0.00134793
165.00 -85.00 0.00138516
170.00 -85.00 0.0014214
175.00 -85.00 0.00145584
180.00 -85.00 0.0014877
-180.00 -80.00 0.00147183
-175.00 -80.00 0.00150912
-170.00 -80.00 0.00154257
-165.00 -80.00 0.00157503
-160.00 -80.00 0.001608
-155.00 -80.00 0.00164118
-150.00 -80.00 0.00167319
-145.00 -80.00 0.00170232
-140.00 -80.00 0.00172575
-135.00 -80.00 0.00173997
-130.00 -80.00 0.00174207
-125.00 -80.00 0.00173064
-120.00 -80.00 0.00170547
-115.00 -80.00 0.00166659
-110.00 -80.00 0.00161478
-105.00 -80.00 0.00155211
-100.00 -80.00 0.0014808
-95.00 -80.00 0.00140223
-90.00 -80.00 0.00131688
-85.00 -80.00 0.00122532
-80.00 -80.00 0.00112821
-75.00 -80.00 0.00102567
-70.00 -80.00 0.00091773
-65.00 -80.00 0.00080571
-60.00 -80.00 0.0006924
-55.00 -80.00 0.0005811
-50.00 -80.00 0.00047496
-45.00 -80.00 0.00037728
-40.00 -80.00 0.00029139
-35.00 -80.00 0.00021966
-30.00 -80.00 0.00016242
-25.00 -80.00 0.00011907
-20.00 -80.00 8.907e-05
-15.00 -80.00 7.182e-05
-10.00 -80.00 6.636e-05
-5.00 -80.00 7.197e-05
0.00 -80.00 8.925e-05
5.00 -80.00 0.00011976
10.00 -80.00 0.00016461
15.00 -80.00 0.0002241
20.00 -80.00 0.00029838
25.00 -80.00 0.0003873
30.00 -80.00 0.00048927
35.00 -80.00 0.00060108
40.00 -80.00 0.00071907
45.00 -80.00 0.00083985
50.00 -80.00 0.00095958
55.00 -80.00 0.0010734
60.00 -80.00 0.00117642
65.00 -80.00 0.00126447
70.00 -80.00 0.00133362
75.00 -80.00 0.00137991
80.00 -80.00 0.00140013
85.00 -80.00 0.00139353
90.00 -80.00 0.00136185
95.00 -80.00 0.00130863
100.00 -80.00 0.00123912
105.00 -80.00 0.001161
110.00 -80.00 0.00108336
115.00 -80.00 0.00101478
120.00 -80.00 0.00096216
125.00 -80.00 0.00093054
130.00 -80.00 0.00092328
135.00 -80.00 0.00094065
140.00 -80.00 0.00097977
145.00 -80.00 0.00103575
150.00 -80.00 0.00110319
155.00 -80.00 0.00117636
160.00 -80.00 0.00124929
165.00 -80.00 0.00131697
170.00 -80.00 0.00137676
175.00 -80.00 0.00142818
180.00 -80.00 0.00147183
-180.00 -75.00 0.00111981
-175.00 -75.00 0.00106971
-170.00 -75.00 0.00102186
-165.00 -75.00 0.00099084
-160.00 -75.00 0.00098604
-155.00 -75.00 0.00100956
-150.00 -75.00 0.00105564
-145.00 -75.00 0.00111306
-140.00 -75.00 0.00116835
-135.00 -75.00 0.00120894
-130.00 -75.00 0.00122604
-125.00 -75.00 0.00121665
-120.00 -75.00 0.00118407
-115.00 -75.00 0.00113646
-110.00 -75.00 0.00108522
-105.00 -75.00 0.00104295
-100.00 -75.00 0.00102042
-95.00 -75.00 0.00102384
-90.00 -75.00 0.00105315
-85.00 -75.00 0.00110148
-80.00 -75.00 0.00115569
-75.00 -75.00 0.00119925
-70.00 -75.00 0.00121677
-65.00 -75.00 0.00119826
-60.00 -75.00 0.00114147
-55.00 -75.00 0.00105255
-50.00 -75.00 0.0009438
-45.00 -75.00 0.00082914
-40.00 -75.00 0.00071952
-35.00 -75.00 0.00062028
-30.00 -75.00 0.00053073
-25.00 -75.00 0.00044523
-20.00 -75.00 0.00035616
-15.00 -75.00 0.0002577
-10.00 -75.00 0.00014814
-5.00 -75.00 3.093e-05
0.00 -75.00 -8.502e-05
5.00 -75.00 -0.00018669
10.00 -75.00 -0.00025971
15.00 -75.00 -0.0002919
20.00 -75.00 -0.00027573
25.00 -75.00 -0.00021015
30.00 -75.00 -0.00010065
35.00 -75.00 4.281e-05
40.00 -75.00 0.00020931
45.00 -75.00 0.00038955
50.00 -75.00 0.00057702
55.00 -75.00 0.00076776
60.00 -75.00 0.0009582
65.00 -75.00 0.00114249
70.00 -75.00 0.00131055
75.00 -75.00 0.0014487
80.00 -75.00 0.00154164
85.00 -75.00 0.00157581
90.00 -75.00 0.00154359
95.00 -75.00 0.00144627
100.00 -75.00 0.00129507
105.00 -75.00 0.00110958
110.00 -75.00 0.00091488
115.00 -75.00 0.00073692
120.00 -75.00 0.00059781
125.00 -75.00 0.00051255
130.00 -75.00 0.0004875
135.00 -75.00 0.00051999
140.00 -75.00 0.00059988
145.00 -75.00 0.00071205
150.00 -75.00 0.00083862
155.00 -75.00 0.00096123
160.00 -75.00 0.0010632
165.00 -75.00 0.00113238
170.00 -75.00 0.0011628
175.00 -75.00 0.00115569
180.00 -75.00 0.00111981
-180.00 -70.00 0.0011544
-175.00 -70.00 0.00099471
-170.00 -70.00 0.00084234
-165.00 -70.00 0.00073338
-160.00 -70.00 0.00068973
-155.00 -70.00 0.00071328
-150.00 -70.00 0.00078684
-145.00 -70.00 0.00088008
-140.00 -70.00 0.00095865
-135.00 -70.00 0.00099324
-130.00 -70.00 0.00096672
-125.00 -70.00 0.00087717
-120.00 -70.00 0.00073722
-115.00 -70.00 0.00057021
-110.00 -70.00 0.00040563
-105.00 -70.00 0.00027531
-100.00 -70.00 0.00020964
-95.00 -70.00 0.00023307
-90.00 -70.00 0.00035703
-85.00 -70.00 0.00057243
-80.00 -70.00 0.00084615
-75.00 -70.00 0.00112521
-70.00 -70.00 0.00135102
-65.00 -70.00 0.00147843
-60.00 -70.00 0.00149154
-55.00 -70.00 0.00140805
-50.00 -70.00 0.00126939
-45.00 -70.00 0.0011214
-40.00 -70.00 0.00099582
-35.00 -70.00 0.00090087
-30.00 -70.00 0.00082398
-25.00 -70.00 0.00074229
-20.00 -70.00 0.00063372
-15.00 -70.00 0.0004836
-10.00 -70.00 0.00028674
-5.00 -70.00 4.773e-05
0.00 -70.00 -0.00021789
5.00 -70.00 -0.00048276
10.00 -70.00 -0.00071067
15.00 -70.00 -0.00086517
20.00 -70.00 -0.00092193
25.00 -70.00 -0.00087888
30.00 -70.00 -0.00075801
35.00 -70.00 -0.00059646
40.00 -70.00 -0.00043122
45.00 -70.00 -0.00028443
50.00 -70.00 -0.00015648
55.00 -70.00 -3.003e-05
60.00 -70.00 0.00011817
65.00 -70.00 0.0003033
70.00 -70.00 0.00052299
75.00 -70.00 0.00075573
80.00 -70.00 0.0009666
85.00 -70.00 0.00111831
90.00 -70.00 0.00118224
95.00 -70.00 0.00114717
100.00 -70.00 0.00102297
105.00 -70.00 0.00083856
110.00 -70.00 0.00063492
115.00 -70.00 0.00045495
120.00 -70.00 0.00033312
125.00 -70.00 0.00028839
130.00 -70.00 0.00032241
135.00 -70.00 0.00042327
140.00 -70.00 0.00057201
145.00 -70.00 0.00074844
150.00 -70.00 0.0009333
155.00 -70.00 0.00110697
160.00 -70.00 0.00124776
165.00 -70.00 0.00133326
170.00 -70.00 0.00134607
175.00 -70.00 0.00128181
180.00 -70.00 0.0011544
-180.00 -65.00 0.00138444
-175.00 -65.00 0.00120213
-170.00 -65.00 0.00102264
-165.00 -65.00 0.00089316
-160.00 -65.00 0.00083958
-155.00 -65.00 0.0008643
-150.00 -65.00 0.00095091
-145.00 -65.00 0.00106872
-140.00 -65.00 0.00117693
-135.00 -65.00 0.00123306
-130.00 -65.00 0.00120687
-125.00 -65.00 0.00109215
-120.00 -65.00 0.00090789
-115.00 -65.00 0.00068667
-110.00 -65.00 0.00045987
-105.00 -65.00 0.00025233
-100.00 -65.00 8.964e-05
-95.00 -65.00 8.07e-06
-90.00 -65.00 5.16e-05
-85.00 -65.00 0.00024945
-80.00 -65.00 0.0005862
-75.00 -65.00 0.00098718
-70.00 -65.00 0.00133803
-65.00 -65.00 0.0015342
-60.00 -65.00 0.00153333
-55.00 -65.00 0.00137637
-50.00 -65.00 0.00116127
-45.00 -65.00 0.0009849
-40.00 -65.00 0.00089136
-35.00 -65.00 0.00085977
-30.00 -65.00 0.00083502
-25.00 -65.00 0.00077358
-20.00 -65.00 0.00066864
-15.00 -65.00 0.00053973
-10.00 -65.00 0.00040215
-5.00 -65.00 0.00024711
0.00 -65.00 5.142e-05
5.00 -65.00 -0.00019176
10.00 -65.00 -0.00044943
15.00 -65.00 -0.00065526
20.00 -65.00 -0.00074547
25.00 -65.00 -0.00069966
30.00 -65.00 -0.00055767
35.00 -65.00 -0.00040002
40.00 -65.00 -0.00030408
45.00 -65.00 -0.00030414
50.00 -65.00 -0.00037782
55.00 -65.00 -0.0004638
60.00 -65.00 -0.00049692
65.00 -65.00 -0.00043905
70.00 -65.00 -0.00029127
75.00 -65.00 -8.604e-05
80.00 -65.00 0.00013104
85.00 -65.00 0.00031815
90.00 -65.00 0.00044685
95.00 -65.00 0.0005049
100.00 -65.00 0.00049614
105.00 -65.00 0.00043989
110.00 -65.00 0.00036912
115.00 -65.00 0.0003234
120.00 -65.00 0.00033648
125.00 -65.00 0.00042216
130.00 -65.00 0.0005673
135.00 -65.00 0.0007389
140.00 -65.00 0.00090294
145.00 -65.00 0.00104343
150.00 -65.00 0.00116715
155.00 -65.00 0.00128988
160.00 -65.00 0.0014142
165.00 -65.00 0.00151743
170.00 -65.00 0.00156117
175.00 -65.00 0.00151617
180.00 -65.00 0.00138444
-180.00 -60.00 0.00110523
-175.00 -60.00 0.00103173
-170.00 -60.00 0.00096063
-165.00 -60.00 0.00088362
-160.00 -60.00 0.00077631
-155.00 -60.00 0.00064401
-150.00 -60.00 0.00054054
-145.00 -60.00 0.00053076
-140.00 -60.00 0.00062907
-135.00 -60.00 0.0007758
-130.00 -60.00 0.00088041
-125.00 -60.00 0.0008931
-120.00 -60.00 0.0008394
-115.00 -60.00 0.00078642
-110.00 -60.00 0.00077475
-105.00 -60.00 0.00078033
-100.00 -60.00 0.00074241
-95.00 -60.00 0.0006327
-90.00 -60.00 0.00050328
-85.00 -60.00 0.00046608
-80.00 -60.00 0.00061125
-75.00 -60.00 0.00092466
-70.00 -60.00 0.00127398
-65.00 -60.00 0.00148563
-60.00 -60.00 0.00146442
-55.00 -60.00 0.00126402
-50.00 -60.00 0.00104709
-45.00 -60.00 0.00095844
-40.00 -60.00 0.00101076
-35.00 -60.00 0.00107829
-30.00 -60.00 0.0010065
-25.00 -60.00 0.00074652
-20.00 -60.00 0.00040137
-15.00 -60.00 0.00014607
-10.00 -60.00 9.036e-05
-5.00 -60.00 0.00019794
0.00 -60.00 0.00032424
5.00 -60.00 0.00033519
10.00 -60.00 0.00020742
15.00 -60.00 3.384e-05
20.00 -60.00 -6.072e-05
25.00 -60.00 -2.007e-05
30.00 -60.00 0.00010452
35.00 -60.00 0.0001989
40.00 -60.00 0.00017328
45.00 -60.00 2.487e-05
50.00 -60.00 -0.00016458
55.00 -60.00 -0.00028782
60.00 -60.00 -0.00028233
65.00 -60.00 -0.00016383
70.00 -60.00 -5.34e-06
75.00 -60.00 0.00011751
80.00 -60.00 0.00017364
85.00 -60.00 0.00018561
90.00 -60.00 0.00020133
95.00 -60.00 0.00025392
100.00 -60.00 0.00033921
105.00 -60.00 0.00042441
110.00 -60.00 0.0004788
115.00 -60.00 0.00050415
120.00 -60.00 0.00053976
125.00 -60.00 0.00063414
130.00 -60.00 0.00080142
135.00 -60.00 0.00099843
140.00 -60.00 0.00114807
145.00 -60.00 0.00119649
150.00 -60.00 0.00115593
155.00 -60.00 0.00109407
160.00 -60.00 0.00107583
165.00 -60.00 0.00111096
170.00 -60.00 0.00115443
175.00 -60.00 0.00115575
180.00 -60.00 0.00110523
-180.00 -55.00 0.00045162
-175.00 -55.00 0.0005892
-170.00 -55.00 0.00077976
-165.00 -55.00 0.00085335
-160.00 -55.00 0.00062904
-155.00 -55.00 0.00010308
-150.00 -55.00 -0.00049134
-145.00 -55.00 -0.00084123
-140.00 -55.00 -0.00079938
-135.00 -55.00 -0.00049143
-130.00 -55.00 -0.00018546
-125.00 -55.00 -5.115e-05
-120.00 -55.00 -3.15e-05
-115.00 -55.00 7.047e-05
-110.00 -55.00 0.00038838
-105.00 -55.00 0.00085893
-100.00 -55.00 0.00126309
-95.00 -55.00 0.00139563
-90.00 -55.00 0.00122529
-85.00 -55.00 0.00092562
-80.00 -55.00 0.00075354
-75.00 -55.00 0.00086043
-70.00 -55.00 0.00117765
-65.00 -55.00 0.00147381
-60.00 -55.00 0.00155097
-55.00 -55.00 0.00141924
-50.00 -55.00 0.00128643
-45.00 -55.00 0.00135417
-40.00 -55.00 0.00159894
-35.00 -55.00 0.00175206
-30.00 -55.00 0.00151785
-25.00 -55.00 0.0008427
-20.00 -55.00 -7.5e-06
-15.00 -55.00 -0.00063339
-10.00 -55.00 -0.00079086
-5.00 -55.00 -0.00054276
0.00 -55.00 -0.00016752
5.00 -55.00 7.494e-05
10.00 -55.00 0.00011775
15.00 -55.00 7.734e-05
20.00 -55.00 0.00010008
25.00 -55.00 0.00021705
30.00 -55.00 0.00032643
35.00 -55.00 0.00029922
40.00 -55.00 0.00010461
45.00 -55.00 -0.0001479
50.00 -55.00 -0.00027504
55.00 -55.00 -0.00014205
60.00 -55.00 0.00024255
65.00 -55.00 0.00072258
70.00 -55.00 0.00108549
75.00 -55.00 0.00119097
80.00 -55.00 0.00104982
85.00 -55.00 0.00080358
90.00 -55.00 0.00062874
95.00 -55.00 0.00063354
100.00 -55.00 0.00080376
105.00 -55.00 0.00101571
110.00 -55.00 0.00110955
115.00 -55.00 0.00099351
120.00 -55.00 0.00071937
125.00 -55.00 0.00046233
130.00 -55.00 0.00039657
135.00 -55.00 0.00055524
140.00 -55.00 0.00079929
145.00 -55.00 0.00093348
150.00 -55.00 0.00086829
155.00 -55.00 0.0006771
160.00 -55.00 0.00050244
165.00 -55.00 0.00041967
170.00 -55.00 0.00040203
175.00 -55.00 0.00040572
180.00 -55.00 0.00045162
-180.00 -50.00 0.0001542
-175.00 -50.00 0.00040761
-170.00 -50.00 0.00085518
-165.00 -50.00 0.00115077
-160.00 -50.00 0.00088878
-155.00 -50.00 1.365e-05
-150.00 -50.00 -0.00104094
-145.00 -50.00 -0.0016716
-140.00 -50.00 -0.00160488
-135.00 -50.00 -0.00109779
-130.00 -50.00 -0.0006561
-125.00 -50.00 -0.00056529
-120.00 -50.00 -0.00068322
-115.00 -50.00 -0.0006384
-110.00 -50.00 -0.00019023
-105.00 -50.00 0.00057498
-100.00 -50.00 0.00132348
-95.00 -50.00 0.00171318
-90.00 -50.00 0.00161565
-85.00 -50.00 0.00119781
-80.00 -50.00 0.00081822
-75.00 -50.00 0.00078645
-70.00 -50.00 0.0011361
-65.00 -50.00 0.00159642
-60.00 -50.00 0.00182214
-55.00 -50.00 0.00170514
-50.00 -50.00 0.0014712
-45.00 -50.00 0.0014388
-40.00 -50.00 0.00166482
-35.00 -50.00 0.00184635
-30.00 -50.00 0.00159636
-25.00 -50.00 0.00081915
-20.00 -50.00 -0.00018462
-15.00 -50.00 -0.00096582
-10.00 -50.00 -0.00127209
-5.00 -50.00 -0.00118479
0.00 -50.00 -0.00097218
5.00 -50.00 -0.00083202
10.00 -50.00 -0.00075639
15.00 -50.00 -0.00061161
20.00 -50.00 -0.00032958
25.00 -50.00 -1.452e-05
30.00 -50.00 0.00013482
35.00 -50.00 2.49e-06
40.00 -50.00 -0.0003372
45.00 -50.00 -0.00066291
50.00 -50.00 -0.00074079
55.00 -50.00 -0.0004527
60.00 -50.00 0.00013608
65.00 -50.00 0.00079626
70.00 -50.00 0.00125403
75.00 -50.00 0.00135744
80.00 -50.00 0.00116625
85.00 -50.00 0.00089067
90.00 -50.00 0.00074628
95.00 -50.00 0.00084825
100.00 -50.00 0.00117819
105.00 -50.00 0.00157845
110.00 -50.00 0.00178194
115.00 -50.00 0.00154353
120.00 -50.00 0.00084561
125.00 -50.00 -7.17e-06
130.00 -50.00 -0.00056163
135.00 -50.00 -0.00055998
140.00 -50.00 -0.00014382
145.00 -50.00 0.00029031
150.00 -50.00 0.00044829
155.00 -50.00 0.00035205
160.00 -50.00 0.00021666
165.00 -50.00 0.00017217
170.00 -50.00 0.00016551
175.00 -50.00 0.00012876
180.00 -50.00 0.0001542
-180.00 -45.00 0.00029589
-175.00 -45.00 0.00034269
-170.00 -45.00 0.00075924
-165.00 -45.00 0.00118437
-160.00 -45.00 0.00108411
-155.00 -45.00 0.00031842
-150.00 -45.00 -0.00064779
-145.00 -45.00 -0.00114888
-140.00 -45.00 -0.0009432
-135.00 -45.00 -0.00040362
-130.00 -45.00 -8.238e-05
-125.00 -45.00 -0.00015222
-120.00 -45.00 -0.00031914
-115.00 -45.00 -0.00020973
-110.00 -45.00 0.00026214
-105.00 -45.00 0.00088335
-100.00 -45.00 0.00136005
-95.00 -45.00 0.00149994
-90.00 -45.00 0.00128088
-85.00 -45.00 0.00086133
-80.00 -45.00 0.00053445
-75.00 -45.00 0.00057798
-70.00 -45.00 0.00103773
-65.00 -45.00 0.00162228
-60.00 -45.00 0.00188196
-55.00 -45.00 0.0015942
-50.00 -45.00 0.00098823
-45.00 -45.00 0.00052866
-40.00 -45.00 0.00045642
-35.00 -45.00 0.00059232
-30.00 -45.00 0.00059721
-25.00 -45.00 0.00034125
-20.00 -45.00 -3.321e-05
-15.00 -45.00 -0.0003378
-10.00 -45.00 -0.00052779
-5.00 -45.00 -0.00067977
0.00 -45.00 -0.00086181
5.00 -45.00 -0.00104943
10.00 -45.00 -0.001134
15.00 -45.00 -0.00100959
20.00 -45.00 -0.00069153
25.00 -45.00 -0.00035349
30.00 -45.00 -0.00020505
35.00 -45.00 -0.0003141
40.00 -45.00 -0.00057111
45.00 -45.00 -0.00081207
50.00 -45.00 -0.00092388
55.00 -45.00 -0.00084393
60.00 -45.00 -0.00056391
65.00 -45.00 -0.00019167
70.00 -45.00 7.254e-05
75.00 -45.00 0.00011586
80.00 -45.00 4.125e-05
85.00 -45.00 4.941e-05
90.00 -45.00 0.0002289
95.00 -45.00 0.00054105
100.00 -45.00 0.00095811
105.00 -45.00 0.0014634
110.00 -45.00 0.0018777
115.00 -45.00 0.00183744
120.00 -45.00 0.00111018
125.00 -45.00 -5.895e-05
130.00 -45.00 -0.00102474
135.00 -45.00 -0.00125832
140.00 -45.00 -0.00080109
145.00 -45.00 -0.00017685
150.00 -45.00 0.00014901
155.00 -45.00 0.00017625
160.00 -45.00 0.00021531
165.00 -45.00 0.00041361
170.00 -45.00 0.0005775
175.00 -45.00 0.00049488
180.00 -45.00 0.00029589
-180.00 -40.00 0.00036216
-175.00 -40.00 8.319e-05
-170.00 -40.00 0.00020802
-165.00 -40.00 0.00052227
-160.00 -40.00 0.00061281
-155.00 -40.00 0.00034059
-150.00 -40.00 -1.104e-05
-145.00 -40.00 -6.372e-05
-140.00 -40.00 0.00019704
-135.00 -40.00 0.00039168
-130.00 -40.00 0.00024597
-125.00 -40.00 -1.032e-05
-120.00 -40.00 8.691e-05
-115.00 -40.00 0.00064566
-110.00 -40.00 0.00128595
-105.00 -40.00 0.00156297
-100.00 -40.00 0.00134772
-95.00 -40.00 0.00081042
-90.00 -40.00 0.00021687
-85.00 -40.00 -0.00020265
-80.00 -40.00 -0.00030045
-75.00 -40.00 -3.321e-05
-70.00 -40.00 0.00050916
-65.00 -40.00 0.00106071
-60.00 -40.00 0.00124146
-55.00 -40.00 0.00083631
-50.00 -40.00 5.502e-05
-45.00 -40.00 -0.00061935
-40.00 -40.00 -0.00089052
-35.00 -40.00 -0.0008394
-30.00 -40.00 -0.00065019
-25.00 -40.00 -0.00035538
-20.00 -40.00 4.029e-05
-15.00 -40.00 0.00037275
-10.00 -40.00 0.00045195
-5.00 -40.00 0.00030234
0.00 -40.00 9.891e-05
5.00 -40.00 -9.156e-05
10.00 -40.00 -0.00034131
15.00 -40.00 -0.0006516
20.00 -40.00 -0.00088599
25.00 -40.00 -0.00094896
30.00 -40.00 -0.00088995
35.00 -40.00 -0.00078825
40.00 -40.00 -0.00067578
45.00 -40.00 -0.00062133
50.00 -40.00 -0.00072123
55.00 -40.00 -0.00091122
60.00 -40.00 -0.00095823
65.00 -40.00 -0.00077673
70.00 -40.00 -0.00059193
75.00 -40.00 -0.00060546
80.00 -40.00 -0.00064878
85.00 -40.00 -0.00041358
90.00 -40.00 6.936e-05
95.00 -40.00 0.00047055
100.00 -40.00 0.00066513
105.00 -40.00 0.00089247
110.00 -40.00 0.00131013
115.00 -40.00 0.0016275
120.00 -40.00 0.00139221
125.00 -40.00 0.00057462
130.00 -40.00 -0.00029205
135.00 -40.00 -0.00060462
140.00 -40.00 -0.00028422
145.00 -40.00 0.00017805
150.00 -40.00 0.0002961
155.00 -40.00 0.00013275
160.00 -40.00 0.00014001
165.00 -40.00 0.00049839
170.00 -40.00 0.00084768
175.00 -40.00 0.00077346
180.00 -40.00 0.00036216
-180.00 -35.00 0.00017508
-175.00 -35.00 -5.127e-05
-170.00 -35.00 -9.363e-05
-165.00 -35.00 -7.701e-05
-160.00 -35.00 -7.422e-05
-155.00 -35.00 -3.039e-05
-150.00 -35.00 0.00011778
-145.00 -35.00 0.0003477
-140.00 -35.00 0.00046725
-135.00 -35.00 0.00020259
-130.00 -35.00 -0.00039957
-125.00 -35.00 -0.00078834
-120.00 -35.00 -0.00046134
-115.00 -35.00 0.00038853
-110.00 -35.00 0.00108357
-105.00 -35.00 0.00119082
-100.00 -35.00 0.00075684
-95.00 -35.00 2.556e-05
-90.00 -35.00 -0.0007098
-85.00 -35.00 -0.0011208
-80.00 -35.00 -0.00105567
-75.00 -35.00 -0.00068178
-70.00 -35.00 -0.00025653
-65.00 -35.00 8.49e-05
-60.00 -35.00 0.00022485
-55.00 -35.00 3.597e-05
-50.00 -35.00 -0.00038559
-45.00 -35.00 -0.00073104
-40.00 -35.00 -0.00086103
-35.00 -35.00 -0.00090828
-30.00 -35.00 -0.00090855
-25.00 -35.00 -0.00067668
-20.00 -35.00 -0.00020922
-15.00 -35.00 0.00014829
-10.00 -35.00 0.00019482
-5.00 -35.00 0.00023391
0.00 -35.00 0.00059478
5.00 -35.00 0.0009903
10.00 -35.00 0.00077265
15.00 -35.00 -0.00019254
20.00 -35.00 -0.00128442
25.00 -35.00 -0.00183501
30.00 -35.00 -0.00175395
35.00 -35.00 -0.00135042
40.00 -35.00 -0.000906
45.00 -35.00 -0.00063423
50.00 -35.00 -0.00069597
55.00 -35.00 -0.0009246
60.00 -35.00 -0.00082926
65.00 -35.00 -0.00024057
70.00 -35.00 0.00031284
75.00 -35.00 0.00029331
80.00 -35.00 -2.967e-05
85.00 -35.00 3.279e-05
90.00 -35.00 0.00054816
95.00 -35.00 0.0008961
100.00 -35.00 0.00073203
105.00 -35.00 0.00045393
110.00 -35.00 0.00056493
115.00 -35.00 0.00100209
120.00 -35.00 0.00131022
125.00 -35.00 0.00122607
130.00 -35.00 0.0009195
135.00 -35.00 0.00076131
140.00 -35.00 0.00089808
145.00 -35.00 0.00103653
150.00 -35.00 0.00077841
155.00 -35.00 0.00021012
160.00 -35.00 -0.00011376
165.00 -35.00 9.063e-05
170.00 -35.00 0.00044238
175.00 -35.00 0.0004575
180.00 -35.00 0.00017508
-180.00 -30.00 -0.00011625
-175.00 -30.00 1.821e-05
-170.00 -30.00 4.053e-05
-165.00 -30.00 -0.0002391
-160.00 -30.00 -0.00052242
-155.00 -30.00 -0.00051264
-150.00 -30.00 -0.00034854
-145.00 -30.00 -0.00026727
-140.00 -30.00 -0.00033312
-135.00 -30.00 -0.00061272
-130.00 -30.00 -0.00107682
-125.00 -30.00 -0.00135939
-120.00 -30.00 -0.0011751
-115.00 -30.00 -0.00081012
-110.00 -30.00 -0.00065169
-105.00 -30.00 -0.00057369
-100.00 -30.00 -0.00036624
-95.00 -30.00 -0.00029289
-90.00 -30.00 -0.00057996
-85.00 -30.00 -0.00086325
-80.00 -30.00 -0.00076632
-75.00 -30.00 -0.000513
-70.00 -30.00 -0.00042048
-65.00 -30.00 -0.00033675
-60.00 -30.00 -7.188e-05
-55.00 -30.00 0.00015993
-50.00 -30.00 0.0001506
-45.00 -30.00 4.026e-05
-40.00 -30.00 -5.814e-05
-35.00 -30.00 -0.00026034
-30.00 -30.00 -0.00051216
-25.00 -30.00 -0.0005346
-20.00 -30.00 -0.00038088
-15.00 -30.00 -0.00048042
-10.00 -30.00 -0.00084231
-5.00 -30.00 -0.00076776
0.00 -30.00 0.00016731
5.00 -30.00 0.00120768
10.00 -30.00 0.00110853
15.00 -30.00 -0.00032139
20.00 -30.00 -0.00192249
25.00 -30.00 -0.00255084
30.00 -30.00 -0.00221553
35.00 -30.00 -0.00162105
40.00 -30.00 -0.00117762
45.00 -30.00 -0.00094323
50.00 -30.00 -0.00099519
55.00 -30.00 -0.00117489
60.00 -30.00 -0.00087648
65.00 -30.00 0.00015216
70.00 -30.00 0.00112356
75.00 -30.00 0.00112992
80.00 -30.00 0.00047601
85.00 -30.00 0.00023061
90.00 -30.00 0.00064824
95.00 -30.00 0.00096804
100.00 -30.00 0.0007227
105.00 -30.00 0.0003315
110.00 -30.00 0.00030171
115.00 -30.00 0.0006138
120.00 -30.00 0.00102573
125.00 -30.00 0.00137523
130.00 -30.00 0.00151644
135.00 -30.00 0.00143649
140.00 -30.00 0.0013632
145.00 -30.00 0.00135942
150.00 -30.00 0.00108477
155.00 -30.00 0.00039759
160.00 -30.00 -0.00021564
165.00 -30.00 -0.00031536
170.00 -30.00 -0.00015006
175.00 -30.00 -0.0001161
180.00 -30.00 -0.00011625
-180.00 -25.00 -0.00057237
-175.00 -25.00 -0.00041229
-170.00 -25.00 -0.00043533
-165.00 -25.00 -0.00087159
-160.00 -25.00 -0.00117249
-155.00 -25.00 -0.0010449
-150.00 -25.00 -0.00099303
-145.00 -25.00 -0.00127836
-140.00 -25.00 -0.00144426
-135.00 -25.00 -0.00124761
-130.00 -25.00 -0.00099894
-125.00 -25.00 -0.00087624
-120.00 -25.00 -0.00090117
-115.00 -25.00 -0.00132867
-110.00 -25.00 -0.00204633
-105.00 -25.00 -0.00217086
-100.00 -25.00 -0.00128574
-95.00 -25.00 -0.00028311
-90.00 -25.00 3.12e-06
-85.00 -25.00 -1.743e-05
-80.00 -25.00 0.0002136
-75.00 -25.00 0.00034494
-70.00 -25.00 9.651e-05
-65.00 -25.00 7.128e-05
-60.00 -25.00 0.00066372
-55.00 -25.00 0.00123195
-50.00 -25.00 0.00110304
-45.00 -25.00 0.00048258
-40.00 -25.00 -0.00011994
-35.00 -25.00 -0.00051219
-30.00 -25.00 -0.00058596
-25.00 -25.00 -0.0002931
-20.00 -25.00 -4.977e-05
-15.00 -25.00 -0.00041007
-10.00 -25.00 -0.001143
-5.00 -25.00 -0.00127788
0.00 -25.00 -0.00037197
5.00 -25.00 0.00068244
10.00 -25.00 0.00054489
15.00 -25.00 -0.00095235
20.00 -25.00 -0.00251295
25.00 -25.00 -0.00290247
30.00 -25.00 -0.00229275
35.00 -25.00 -0.00164601
40.00 -25.00 -0.00132372
45.00 -25.00 -0.00109365
50.00 -25.00 -0.00101265
55.00 -25.00 -0.0012321
60.00 -25.00 -0.0012543
65.00 -25.00 -0.00053754
70.00 -25.00 0.00037746
75.00 -25.00 0.00050787
80.00 -25.00 -9.06e-06
85.00 -25.00 -0.00018747
90.00 -25.00 0.00017508
95.00 -25.00 0.00039774
100.00 -25.00 0.0002997
105.00 -25.00 0.00039339
110.00 -25.00 0.00076263
115.00 -25.00 0.00097218
120.00 -25.00 0.00102342
125.00 -25.00 0.00125316
130.00 -25.00 0.00145086
135.00 -25.00 0.00120807
140.00 -25.00 0.00086496
145.00 -25.00 0.00096504
150.00 -25.00 0.00115641
155.00 -25.00 0.00079038
160.00 -25.00 0.00012618
165.00 -25.00 -0.00019218
170.00 -25.00 -0.00026283
175.00 -25.00 -0.00045969
180.00 -25.00 -0.00057237
-180.00 -20.00 -0.00122577
-175.00 -20.00 -0.00141042
-170.00 -20.00 -0.00164073
-165.00 -20.00 -0.00208194
-160.00 -20.00 -0.00206403
-155.00 -20.00 -0.00150522
-150.00 -20.00 -0.00137823
-145.00 -20.00 -0.00191307
-140.00 -20.00 -0.00207135
-135.00 -20.00 -0.00138591
-130.00 -20.00 -0.00057609
-125.00 -20.00 -0.00014826
-120.00 -20.00 -8.403e-05
-115.00 -20.00 -0.00062121
-110.00 -20.00 -0.00166626
-105.00 -20.00 -0.00213285
-100.00 -20.00 -0.0014241
-95.00 -20.00 -0.00050622
-90.00 -20.00 -0.00020415
-85.00 -20.00 5.373e-05
-80.00 -20.00 0.00064692
-75.00 -20.00 0.00080103
-70.00 -20.00 0.00032304
-65.00 -20.00 0.00034848
-60.00 -20.00 0.00133527
-55.00 -20.00 0.0020928
-50.00 -20.00 0.0015972
-45.00 -20.00 0.00027996
-40.00 -20.00 -0.00089355
-35.00 -20.00 -0.00136293
-30.00 -20.00 -0.00095517
-25.00 -20.00 -3.534e-05
-20.00 -20.00 0.00047112
-15.00 -20.00 3.657e-05
-10.00 -20.00 -0.00076578
-5.00 -20.00 -0.00102639
0.00 -20.00 -0.00058176
5.00 -20.00 -8.208e-05
10.00 -20.00 -0.00033126
15.00 -20.00 -0.0015081
20.00 -20.00 -0.00277932
25.00 -20.00 -0.00305958
30.00 -20.00 -0.00232569
35.00 -20.00 -0.00151461
40.00 -20.00 -0.00109143
45.00 -20.00 -0.0007374
50.00 -20.00 -0.00046458
55.00 -20.00 -0.000726
60.00 -20.00 -0.00128283
65.00 -20.00 -0.0013053
70.00 -20.00 -0.00075243
75.00 -20.00 -0.00037113
80.00 -20.00 -0.00031923
85.00 -20.00 -0.00012225
90.00 -20.00 0.0001254
95.00 -20.00 -2.91e-05
100.00 -20.00 -0.00016635
105.00 -20.00 0.00046407
110.00 -20.00 0.00137988
115.00 -20.00 0.00148749
120.00 -20.00 0.00099495
125.00 -20.00 0.00095319
130.00 -20.00 0.00124497
135.00 -20.00 0.00095904
140.00 -20.00 0.00038838
145.00 -20.00 0.00058647
150.00 -20.00 0.00127623
155.00 -20.00 0.00126084
160.00 -20.00 0.00053094
165.00 -20.00 1.491e-05
170.00 -20.00 -0.00022152
175.00 -20.00 -0.00070443
180.00 -20.00 -0.00122577
-180.00 -15.00 -0.00172011
-175.00 -15.00 -0.00185019
-170.00 -15.00 -0.0019737
-165.00 -15.00 -0.00232959
-160.00 -15.00 -0.00223359
-155.00 -15.00 -0.00160167
-150.00 -15.00 -0.0014826
-145.00 -15.00 -0.0019983
-140.00 -15.00 -0.00190728
-135.00 -15.00 -0.00093213
-130.00 -15.00 -0.00019443
-125.00 -15.00 -6.408e-05
-120.00 -15.00 7.107e-05
-115.00 -15.00 0.00012156
-110.00 -15.00 -0.00036222
-105.00 -15.00 -0.00085395
-100.00 -15.00 -0.00079557
-95.00 -15.00 -0.00069201
-90.00 -15.00 -0.00077109
-85.00 -15.00 -0.00031164
-80.00 -15.00 0.00056433
-75.00 -15.00 0.00063231
-70.00 -15.00 -7.299e-05
-65.00 -15.00 -3.12e-05
-60.00 -15.00 0.00108981
-55.00 -15.00 0.00185118
-50.00 -15.00 0.00134718
-45.00 -15.00 0.00011016
-40.00 -15.00 -0.00104283
-35.00 -15.00 -0.0014886
-30.00 -15.00 -0.00084735
-25.00 -15.00 0.00024684
-20.00 -15.00 0.00048018
-15.00 -15.00 -0.00031275
-10.00 -15.00 -0.00098556
-5.00 -15.00 -0.00098352
0.00 -15.00 -0.00083418
5.00 -15.00 -0.00084612
10.00 -15.00 -0.00095919
15.00 -15.00 -0.00149097
20.00 -15.00 -0.00247371
25.00 -15.00 -0.00291801
30.00 -15.00 -0.00213876
35.00 -15.00 -0.00093954
40.00 -15.00 -0.00032976
45.00 -15.00 -0.00016953
50.00 -15.00 -4.764e-05
55.00 -15.00 -0.00021699
60.00 -15.00 -0.00075834
65.00 -15.00 -0.00103731
70.00 -15.00 -0.00071544
75.00 -15.00 -0.00021492
80.00 -15.00 0.0001845
85.00 -15.00 0.00056334
90.00 -15.00 0.00062064
95.00 -15.00 6.9e-05
100.00 -15.00 -0.00032055
105.00 -15.00 0.00035583
110.00 -15.00 0.00134415
115.00 -15.00 0.00119922
120.00 -15.00 0.0003021
125.00 -15.00 0.00025668
130.00 -15.00 0.00100209
135.00 -15.00 0.00102048
140.00 -15.00 0.00029232
145.00 -15.00 0.00030546
150.00 -15.00 0.00111951
155.00 -15.00 0.0012096
160.00 -15.00 0.00026076
165.00 -15.00 -0.00053487
170.00 -15.00 -0.00081558
175.00 -15.00 -0.00122757
180.00 -15.00 -0.00172011
-180.00 -10.00 -0.00174567
-175.00 -10.00 -0.00128793
-170.00 -10.00 -0.00086586
-165.00 -10.00 -0.00107226
-160.00 -10.00 -0.00139386
-155.00 -10.00 -0.00137652
-150.00 -10.00 -0.00151755
-145.00 -10.00 -0.00175728
-140.00 -10.00 -0.00117054
-135.00 -10.00 -2.286e-05
-130.00 -10.00 0.00027258
-125.00 -10.00 -0.0003309
-120.00 -10.00 -0.0005193
-115.00 -10.00 -3.141e-05
-110.00 -10.00 0.00028836
-105.00 -10.00 0.00024813
-100.00 -10.00 0.00013083
-95.00 -10.00 -0.00014949
-90.00 -10.00 -0.00031299
-85.00 -10.00 0.0002508
-80.00 -10.00 0.00095787
-75.00 -10.00 0.00061647
-70.00 -10.00 -0.00030159
-65.00 -10.00 -0.00031713
-60.00 -10.00 0.00049731
-55.00 -10.00 0.00092844
-50.00 -10.00 0.00071382
-45.00 -10.00 0.00021699
-40.00 -10.00 -0.00056982
-35.00 -10.00 -0.0011652
-30.00 -10.00 -0.00068757
-25.00 -10.00 0.00021282
-20.00 -10.00 -9.966e-05
-15.00 -10.00 -0.00136344
-10.00 -10.00 -0.00181107
-5.00 -10.00 -0.0013083
0.00 -10.00 -0.00116442
5.00 -10.00 -0.00138186
10.00 -10.00 -0.00109314
15.00 -10.00 -0.00085662
20.00 -10.00 -0.00160776
25.00 -10.00 -0.00237513
30.00 -10.00 -0.00170667
35.00 -10.00 -0.0002637
40.00 -10.00 0.00029922
45.00 -10.00 -8.721e-05
50.00 -10.00 -0.00035436
55.00 -10.00 -0.00022965
60.00 -10.00 -0.00014481
65.00 -10.00 -0.00012261
70.00 -10.00 5.319e-05
75.00 -10.00 0.00028218
80.00 -10.00 0.00048468
85.00 -10.00 0.00075738
90.00 -10.00 0.00084279
95.00 -10.00 0.00037911
100.00 -10.00 -0.00014964
105.00 -10.00 7.443e-05
110.00 -10.00 0.00062553
115.00 -10.00 0.00033285
120.00 -10.00 -0.00049482
125.00 -10.00 -0.00033972
130.00 -10.00 0.00073413
135.00 -10.00 0.00096
140.00 -10.00 2.034e-05
145.00 -10.00 -0.00038436
150.00 -10.00 0.00026166
155.00 -10.00 0.00039648
160.00 -10.00 -0.00064278
165.00 -10.00 -0.00160419
170.00 -10.00 -0.00177903
175.00 -10.00 -0.00177888
180.00 -10.00 -0.00174567
-180.00 -5.00 -0.00137151
-175.00 -5.00 -0.00075609
-170.00 -5.00 1.122e-05
-165.00 -5.00 1.59e-05
-160.00 -5.00 -0.00064308
-155.00 -5.00 -0.00117693
-150.00 -5.00 -0.0013941
-145.00 -5.00 -0.00123561
-140.00 -5.00 -0.00039309
-135.00 -5.00 0.00057192
-130.00 -5.00 0.00048426
-125.00 -5.00 -0.00047586
-120.00 -5.00 -0.00093039
-115.00 -5.00 -0.00046788
-110.00 -5.00 0.0001629
-105.00 -5.00 0.00054414
-100.00 -5.00 0.00072336
-95.00 -5.00 0.00072021
-90.00 -5.00 0.00086529
-85.00 -5.00 0.00140631
-80.00 -5.00 0.00160179
-75.00 -5.00 0.00081891
-70.00 -5.00 -3.465e-05
-65.00 -5.00 9.21e-06
-60.00 -5.00 0.00031863
-55.00 -5.00 0.0002091
-50.00 -5.00 0.00021006
-45.00 -5.00 0.0003399
-40.00 -5.00 -0.00031269
-35.00 -5.00 -0.00127161
-30.00 -5.00 -0.00102618
-25.00 -5.00 -0.00015183
-20.00 -5.00 -0.00058068
-15.00 -5.00 -0.00187896
-10.00 -5.00 -0.00201348
-5.00 -5.00 -0.00119652
0.00 -5.00 -0.00113013
5.00 -5.00 -0.00148581
10.00 -5.00 -0.00090453
15.00 -5.00 -0.0001608
20.00 -5.00 -0.00077412
25.00 -5.00 -0.00188058
30.00 -5.00 -0.00165294
35.00 -5.00 -0.00048483
40.00 -5.00 -8.415e-05
45.00 -5.00 -0.00059199
50.00 -5.00 -0.00078987
55.00 -5.00 -0.00025407
60.00 -5.00 0.00036876
65.00 -5.00 0.00061278
70.00 -5.00 0.00055815
75.00 -5.00 0.00037014
80.00 -5.00 0.00024099
85.00 -5.00 0.00043968
90.00 -5.00 0.00086331
95.00 -5.00 0.0009276
100.00 -5.00 0.0004194
105.00 -5.00 -5.985e-05
110.00 -5.00 -8.481e-05
115.00 -5.00 -7.644e-05
120.00 -5.00 -0.00024828
125.00 -5.00 -1.38e-06
130.00 -5.00 0.0006606
135.00 -5.00 0.00058938
140.00 -5.00 -0.00046578
145.00 -5.00 -0.00107787
150.00 -5.00 -0.00063978
155.00 -5.00 -0.00050226
160.00 -5.00 -0.00140511
165.00 -5.00 -0.00216309
170.00 -5.00 -0.00198201
175.00 -5.00 -0.00159753
180.00 -5.00 -0.00137151
-180.00 0.00 -0.00069009
-175.00 0.00 -0.00080235
-170.00 0.00 -0.00036177
-165.00 0.00 -0.00023583
-160.00 0.00 -0.00078747
-155.00 0.00 -0.00120594
-150.00 0.00 -0.00099558
-145.00 0.00 -0.00048411
-140.00 0.00 -2.256e-05
-135.00 0.00 0.00015198
-130.00 0.00 -0.00015966
-125.00 0.00 -0.00063777
-120.00 0.00 -0.00068289
-115.00 0.00 -0.00030588
-110.00 0.00 6.177e-05
-105.00 0.00 0.00032841
-100.00 0.00 0.00058782
-95.00 0.00 0.00084732
-90.00 0.00 0.0012444
-85.00 0.00 0.00167526
-80.00 0.00 0.0015045
-75.00 0.00 0.00069021
-70.00 0.00 0.00023001
-65.00 0.00 0.00042111
-60.00 0.00 0.00032808
-55.00 0.00 -0.00013677
-50.00 0.00 3.156e-05
-45.00 0.00 0.00050367
-40.00 0.00 -8.397e-05
-35.00 0.00 -0.00118323
-30.00 0.00 -0.00107433
-25.00 0.00 -0.0002853
-20.00 0.00 -0.00062367
-15.00 0.00 -0.00156711
-10.00 0.00 -0.00137361
-5.00 0.00 -0.00058581
0.00 0.00 -0.00076866
5.00 0.00 -0.00129561
10.00 0.00 -0.00080109
15.00 0.00 -0.00010728
20.00 0.00 -0.0006732
25.00 0.00 -0.00182934
30.00 0.00 -0.00205248
35.00 0.00 -0.00143928
40.00 0.00 -0.00101091
45.00 0.00 -0.00088722
50.00 0.00 -0.00053985
55.00 0.00 9.696e-05
60.00 0.00 0.00065829
65.00 0.00 0.00091956
70.00 0.00 0.00088914
75.00 0.00 0.00066078
80.00 0.00 0.0004485
85.00 0.00 0.00061305
90.00 0.00 0.00126129
95.00 0.00 0.00176613
100.00 0.00 0.00132282
105.00 0.00 0.00022803
110.00 0.00 -0.00028737
115.00 0.00 0.0001911
120.00 0.00 0.00080154
125.00 0.00 0.00088869
130.00 0.00 0.00060783
135.00 0.00 8.244e-05
140.00 0.00 -0.00058833
145.00 0.00 -0.00086076
150.00 0.00 -0.0006798
155.00 0.00 -0.00096678
160.00 0.00 -0.00188427
165.00 0.00 -0.00213873
170.00 0.00 -0.00124725
175.00 0.00 -0.00052086
180.00 0.00 -0.00069009
-180.00 5.00 0.00013305
-175.00 5.00 -0.00064095
-170.00 5.00 -0.00075786
-165.00 5.00 -0.00083829
-160.00 5.00 -0.00138411
-155.00 5.00 -0.00153534
-150.00 5.00 -0.00073761
-145.00 5.00 9.861e-05
-140.00 5.00 -8.73e-06
-135.00 5.00 -0.00077061
-130.00 5.00 -0.00121152
-125.00 5.00 -0.00087414
-120.00 5.00 -0.00017679
-115.00 5.00 0.00017712
-110.00 5.00 2.448e-05
-105.00 5.00 -0.00020157
-100.00 5.00 -0.00015735
-95.00 5.00 0.0001614
-90.00 5.00 0.00067389
-85.00 5.00 0.00109332
-80.00 5.00 0.00099057
-75.00 5.00 0.00055995
-70.00 5.00 0.00046878
-65.00 5.00 0.00056274
-60.00 5.00 0.00013032
-55.00 5.00 -0.00040842
-50.00 5.00 -4.95e-05
-45.00 5.00 0.00067161
-40.00 5.00 0.0004587
-35.00 5.00 -0.00029394
-30.00 5.00 -0.00038595
-25.00 5.00 -0.00024825
-20.00 5.00 -0.00083484
-15.00 5.00 -0.00138531
-10.00 5.00 -0.00090429
-5.00 5.00 -0.00027063
0.00 5.00 -0.00053889
5.00 5.00 -0.00098874
10.00 5.00 -0.00079551
15.00 5.00 -0.0006486
20.00 5.00 -0.00121404
25.00 5.00 -0.00189213
30.00 5.00 -0.00204564
35.00 5.00 -0.00179319
40.00 5.00 -0.00126846
45.00 5.00 -0.00052329
50.00 5.00 1.677e-05
55.00 5.00 0.00011922
60.00 5.00 0.00025005
65.00 5.00 0.00077553
70.00 5.00 0.00135504
75.00 5.00 0.00153627
80.00 5.00 0.00134886
85.00 5.00 0.00122391
90.00 5.00 0.00156933
95.00 5.00 0.00211458
100.00 5.00 0.00192027
105.00 5.00 0.00079707
110.00 5.00 3.12e-05
115.00 5.00 0.00056103
120.00 5.00 0.00140478
125.00 5.00 0.00120975
130.00 5.00 0.00025125
135.00 5.00 -0.00033633
140.00 5.00 -0.00021966
145.00 5.00 8.763e-05
150.00 5.00 -0.00013401
155.00 5.00 -0.00126288
160.00 5.00 -0.00251292
165.00 5.00 -0.00234372
170.00 5.00 -0.00070008
175.00 5.00 0.00049626
180.00 5.00 0.00013305
-180.00 10.00 0.00039027
-175.00 10.00 -5.211e-05
-170.00 10.00 -0.00025065
-165.00 10.00 -0.00077283
-160.00 10.00 -0.00180399
-155.00 10.00 -0.00209706
-150.00 10.00 -0.0009651
-145.00 10.00 0.00026421
-140.00 10.00 8.031e-05
-135.00 10.00 -0.00107319
-130.00 10.00 -0.00158337
-125.00 10.00 -0.00086013
-120.00 10.00 0.00014895
-115.00 10.00 0.00035304
-110.00 10.00 -0.000258
-105.00 10.00 -0.00089208
-100.00 10.00 -0.00097107
-95.00 10.00 -0.00050448
-90.00 10.00 0.00020634
-85.00 10.00 0.00079131
-80.00 10.00 0.00101151
-75.00 10.00 0.00101229
-70.00 10.00 0.00099426
-65.00 10.00 0.00069654
-60.00 10.00 -5.139e-05
-55.00 10.00 -0.00057132
-50.00 10.00 -0.00021264
-45.00 10.00 0.00047271
-40.00 10.00 0.00060522
-35.00 10.00 0.00028554
-30.00 10.00 -0.00010509
-25.00 10.00 -0.0007656
-20.00 10.00 -0.00154593
-15.00 10.00 -0.00160386
-10.00 10.00 -0.00090492
-5.00 10.00 -0.00044973
0.00 10.00 -0.00051423
5.00 10.00 -0.00048276
10.00 10.00 -0.00044427
15.00 10.00 -0.00095262
20.00 10.00 -0.00156582
25.00 10.00 -0.00155943
30.00 10.00 -0.00130716
35.00 10.00 -0.00127236
40.00 10.00 -0.00093039
45.00 10.00 -0.00013953
50.00 10.00 0.00011655
55.00 10.00 -0.00042153
60.00 10.00 -0.00053241
65.00 10.00 0.00048267
70.00 10.00 0.00176469
75.00 10.00 0.00234021
80.00 10.00 0.00213456
85.00 10.00 0.00155136
90.00 10.00 0.00114579
95.00 10.00 0.00127743
100.00 10.00 0.00148854
105.00 10.00 0.00111639
110.00 10.00 0.00059307
115.00 10.00 0.0007746
120.00 10.00 0.00124062
125.00 10.00 0.00092055
130.00 10.00 3.165e-05
135.00 10.00 -0.0002439
140.00 10.00 0.00035268
145.00 10.00 0.0008484
150.00 10.00 0.00028032
155.00 10.00 -0.00133032
160.00 10.00 -0.00279192
165.00 10.00 -0.00267021
170.00 10.00 -0.00105159
175.00 10.00 0.00032331
180.00 10.00 0.00039027
-180.00 15.00 -0.00044913
-175.00 15.00 1.425e-05
-170.00 15.00 0.00021777
-165.00 15.00 -0.00052839
-160.00 15.00 -0.00193491
-155.00 15.00 -0.00241578
-150.00 15.00 -0.00123165
-145.00 15.00 0.0002283
-140.00 15.00 0.00031959
-135.00 15.00 -0.0006666
-130.00 15.00 -0.00116688
-125.00 15.00 -0.00052608
-120.00 15.00 0.00040011
-115.00 15.00 0.00054288
-110.00 15.00 -0.00018357
-105.00 15.00 -0.0010167
-100.00 15.00 -0.00123945
-95.00 15.00 -0.00074433
-90.00 15.00 8.502e-05
-85.00 15.00 0.00081438
-80.00 15.00 0.00126843
-75.00 15.00 0.00146148
-70.00 15.00 0.00131436
-65.00 15.00 0.00071697
-60.00 15.00 -4.395e-05
-55.00 15.00 -0.00038103
-50.00 15.00 -0.00016863
-45.00 15.00 0.00010272
-40.00 15.00 8.526e-05
-35.00 15.00 -0.00018651
-30.00 15.00 -0.00076563
-25.00 15.00 -0.00156003
-20.00 15.00 -0.00186882
-15.00 15.00 -0.00129891
-10.00 15.00 -0.00064284
-5.00 15.00 -0.00058983
0.00 15.00 -0.00050928
5.00 15.00 7.155e-05
10.00 15.00 0.00020646
15.00 15.00 -0.00063993
20.00 15.00 -0.00125889
25.00 15.00 -0.00084534
30.00 15.00 -0.00045465
35.00 15.00 -0.00079329
40.00 15.00 -0.00086178
45.00 15.00 -0.00017088
50.00 15.00 0.00015936
55.00 15.00 -0.00030123
60.00 15.00 -0.00032502
65.00 15.00 0.00074775
70.00 15.00 0.00200454
75.00 15.00 0.00260868
80.00 15.00 0.00253767
85.00 15.00 0.00179196
90.00 15.00 0.00058524
95.00 15.00 -0.00015546
100.00 15.00 0.0001143
105.00 15.00 0.00070152
110.00 15.00 0.00086829
115.00 15.00 0.00081462
120.00 15.00 0.00082932
125.00 15.00 0.00069909
130.00 15.00 0.00043749
135.00 15.00 0.00047634
140.00 15.00 0.00084687
145.00 15.00 0.00099534
150.00 15.00 0.00046581
155.00 15.00 -0.00066468
160.00 15.00 -0.00180423
165.00 15.00 -0.00220743
170.00 15.00 -0.00172443
175.00 15.00 -0.00098328
180.00 15.00 -0.00044913
-180.00 20.00 -0.00143586
-175.00 20.00 -0.0004995
-170.00 20.00 -3.042e-05
-165.00 20.00 -0.00061953
-160.00 20.00 -0.00173127
-155.00 20.00 -0.00204726
-150.00 20.00 -0.00110694
-145.00 20.00 3.876e-05
-140.00 20.00 0.00023889
-135.00 20.00 -0.00032769
-130.00 20.00 -0.000612
-125.00 20.00 -8.781e-05
-120.00 20.00 0.00078102
-115.00 20.00 0.00118584
-110.00 20.00 0.00076056
-105.00 20.00 -0.00014298
-100.00 20.00 -0.00079431
-95.00 20.00 -0.00073683
-90.00 20.00 -0.00011838
-85.00 20.00 0.00061158
-80.00 20.00 0.00113442
-75.00 20.00 0.00128415
-70.00 20.00 0.00095589
-65.00 20.00 0.00032643
-60.00 20.00 -8.085e-05
-55.00 20.00 2.937e-05
-50.00 20.00 0.00029013
-45.00 20.00 0.00021171
-40.00 20.00 -0.00018123
-35.00 20.00 -0.00067551
-30.00 20.00 -0.00125568
-25.00 20.00 -0.00163563
-20.00 20.00 -0.00124863
-15.00 20.00 -0.00036165
-10.00 20.00 -8.493e-05
-5.00 20.00 -0.00054852
0.00 20.00 -0.0005433
5.00 20.00 0.00022815
10.00 20.00 0.00044238
15.00 20.00 -0.00035241
20.00 20.00 -0.00075798
25.00 20.00 -0.00014187
30.00 20.00 0.00017811
35.00 20.00 -0.00046338
40.00 20.00 -0.00077439
45.00 20.00 3.654e-05
50.00 20.00 0.000903
55.00 20.00 0.00100755
60.00 20.00 0.00101271
65.00 20.00 0.0014697
70.00 20.00 0.00200844
75.00 20.00 0.00241875
80.00 20.00 0.00270852
85.00 20.00 0.00224232
90.00 20.00 0.00061902
95.00 20.00 -0.00100173
100.00 20.00 -0.00115032
105.00 20.00 -0.00012912
110.00 20.00 0.00060033
115.00 20.00 0.00052023
120.00 20.00 0.00030162
125.00 20.00 0.00046704
130.00 20.00 0.00082086
135.00 20.00 0.00095346
140.00 20.00 0.00073923
145.00 20.00 0.0004155
150.00 20.00 0.00026421
155.00 20.00 0.00016824
160.00 20.00 -0.00027684
165.00 20.00 -0.0011223
170.00 20.00 -0.00187914
175.00 20.00 -0.0020247
180.00 20.00 -0.00143586
-180.00 25.00 -0.00099591
-175.00 25.00 -0.00034641
-170.00 25.00 -0.00018504
-165.00 25.00 -0.00062049
-160.00 25.00 -0.00118428
-155.00 25.00 -0.00132765
-150.00 25.00 -0.00097911
-145.00 25.00 -0.00050793
-140.00 25.00 -0.00020733
-135.00 25.00 -4.335e-05
-130.00 25.00 0.00015021
-125.00 25.00 0.00049848
-120.00 25.00 0.00103011
-115.00 25.00 0.00152073
-110.00 25.00 0.00151242
-105.00 25.00 0.00081048
-100.00 25.00 -0.00012312
-95.00 25.00 -0.00056172
-90.00 25.00 -0.00023823
-85.00 25.00 0.00050739
-80.00 25.00 0.00113001
-75.00 25.00 0.00122745
-70.00 25.00 0.00074322
-65.00 25.00 0.0001056
-60.00 25.00 -7.056e-05
-55.00 25.00 0.00030744
-50.00 25.00 0.00066027
-45.00 25.00 0.00050091
-40.00 25.00 -4.566e-05
-35.00 25.00 -0.00066492
-30.00 25.00 -0.001197
-25.00 25.00 -0.00134499
-20.00 25.00 -0.00084066
-15.00 25.00 -0.0001728
-10.00 25.00 -0.00017307
-5.00 25.00 -0.0006183
0.00 25.00 -0.00047817
5.00 25.00 0.00020349
10.00 25.00 0.0002595
15.00 25.00 -0.00042318
20.00 25.00 -0.00054609
25.00 25.00 0.00025392
30.00 25.00 0.00071073
35.00 25.00 0.00026145
40.00 25.00 5.442e-05
45.00 25.00 0.00084747
50.00 25.00 0.00177651
55.00 25.00 0.00196482
60.00 25.00 0.00171099
65.00 25.00 0.00154149
70.00 25.00 0.00153747
75.00 25.00 0.00181908
80.00 25.00 0.00232623
85.00 25.00 0.00221016
90.00 25.00 0.00084795
95.00 25.00 -0.00077763
100.00 25.00 -0.00112329
105.00 25.00 -0.00024903
110.00 25.00 0.0003993
115.00 25.00 0.00014886
120.00 25.00 -0.00022332
125.00 25.00 3.882e-05
130.00 25.00 0.00056892
135.00 25.00 0.00053658
140.00 25.00 -0.00016101
145.00 25.00 -0.00075423
150.00 25.00 -0.00058197
155.00 25.00 4.536e-05
160.00 25.00 0.00021462
165.00 25.00 -0.00043344
170.00 25.00 -0.00127632
175.00 25.00 -0.00150117
180.00 25.00 -0.00099591
-180.00 30.00 0.00065571
-175.00 30.00 0.00064716
-170.00 30.00 0.00017337
-165.00 30.00 -0.00034347
-160.00 30.00 -0.00065991
-155.00 30.00 -0.00091746
-150.00 30.00 -0.00117591
-145.00 30.00 -0.0010692
-140.00 30.00 -0.00025599
-135.00 30.00 0.00089706
-130.00 30.00 0.00152322
-125.00 30.00 0.00127842
-120.00 30.00 0.000768
-115.00 30.00 0.00069741
-110.00 30.00 0.00094707
-105.00 30.00 0.00087801
-100.00 30.00 0.00032817
-95.00 30.00 -0.00014553
-90.00 30.00 2.484e-05
-85.00 30.00 0.00079617
-80.00 30.00 0.00160371
-75.00 30.00 0.00186753
-70.00 30.00 0.0014556
-65.00 30.00 0.00079542
-60.00 30.00 0.00044799
-55.00 30.00 0.00049296
-50.00 30.00 0.0005043
-45.00 30.00 0.00016437
-40.00 30.00 -0.00040386
-35.00 30.00 -0.00096633
-30.00 30.00 -0.00142233
-25.00 30.00 -0.00162939
-20.00 30.00 -0.00146481
-15.00 30.00 -0.00114966
-10.00 30.00 -0.00097182
-5.00 30.00 -0.00069306
0.00 30.00 4.674e-05
5.00 30.00 0.00079137
10.00 30.00 0.00071292
15.00 30.00 3.033e-05
20.00 30.00 -0.00015198
25.00 30.00 0.00044445
30.00 30.00 0.00094692
35.00 30.00 0.00092022
40.00 30.00 0.00097206
45.00 30.00 0.00143748
50.00 30.00 0.00172581
55.00 30.00 0.00142086
60.00 30.00 0.00095502
65.00 30.00 0.0008055
70.00 30.00 0.00091947
75.00 30.00 0.00114198
80.00 30.00 0.00138108
85.00 30.00 0.00130269
90.00 30.00 0.00069411
95.00 30.00 8.511e-05
100.00 30.00 0.00017199
105.00 30.00 0.0007041
110.00 30.00 0.00078594
115.00 30.00 0.00024753
120.00 30.00 -0.00012663
125.00 30.00 0.00014742
130.00 30.00 0.00050058
135.00 30.00 0.00014004
140.00 30.00 -0.00081441
145.00 30.00 -0.00144609
150.00 30.00 -0.00117963
155.00 30.00 -0.00043773
160.00 30.00 -2.319e-05
165.00 30.00 -0.00010407
170.00 30.00 -0.00014625
175.00 30.00 0.00021615
180.00 30.00 0.00065571
-180.00 35.00 0.00158784
-175.00 35.00 0.00107583
-170.00 35.00 0.00028314
-165.00 35.00 -0.00021537
-160.00 35.00 -0.00042702
-155.00 35.00 -0.00078225
-150.00 35.00 -0.0012327
-145.00 35.00 -0.00100953
-140.00 35.00 0.00036615
-135.00 35.00 0.00210621
-130.00 35.00 0.00273492
-125.00 35.00 0.00173061
-120.00 35.00 0.00016638
-115.00 35.00 -0.00051396
-110.00 35.00 -3.999e-05
-105.00 35.00 0.00066762
-100.00 35.00 0.00077622
-95.00 35.00 0.00041298
-90.00 35.00 0.00028233
-85.00 35.00 0.00077607
-80.00 35.00 0.0016134
-75.00 35.00 0.00220233
-70.00 35.00 0.00221478
-65.00 35.00 0.00180873
-60.00 35.00 0.00133062
-55.00 35.00 0.00089088
-50.00 35.00 0.00034989
-45.00 35.00 -0.00033378
-40.00 35.00 -0.00096681
-35.00 35.00 -0.00137217
-30.00 35.00 -0.00156759
-25.00 35.00 -0.0016365
-20.00 35.00 -0.00161199
-15.00 35.00 -0.00149952
-10.00 35.00 -0.00119973
-5.00 35.00 -0.00047721
0.00 35.00 0.00066705
5.00 35.00 0.00167325
10.00 35.00 0.00191283
15.00 35.00 0.00147366
20.00 35.00 0.00099951
25.00 35.00 0.0008121
30.00 35.00 0.00073896
35.00 35.00 0.00073296
40.00 35.00 0.00096378
45.00 35.00 0.00124449
50.00 35.00 0.00108987
55.00 35.00 0.00052329
60.00 35.00 0.00019002
65.00 35.00 0.00044931
70.00 35.00 0.00089217
75.00 35.00 0.00097197
80.00 35.00 0.00066984
85.00 35.00 0.00035868
90.00 35.00 0.00036255
95.00 35.00 0.0007515
100.00 35.00 0.00126678
105.00 35.00 0.00143148
110.00 35.00 0.00105087
115.00 35.00 0.00057891
120.00 35.00 0.00063252
125.00 35.00 0.00112965
130.00 35.00 0.00129345
135.00 35.00 0.00064158
140.00 35.00 -0.00034422
145.00 35.00 -0.00077166
150.00 35.00 -0.00038061
155.00 35.00 0.00025935
160.00 35.00 0.00056793
165.00 35.00 0.00064422
170.00 35.00 0.00093531
175.00 35.00 0.00143268
180.00 35.00 0.00158784
-180.00 40.00 0.0010284
-175.00 40.00 0.00050685
-170.00 40.00 1.806e-05
-165.00 40.00 -0.00013038
-160.00 40.00 -0.00014298
-155.00 40.00 -0.00041706
-150.00 40.00 -0.00078537
-145.00 40.00 -0.00049854
-140.00 40.00 0.00078489
-135.00 40.00 0.00224343
-130.00 40.00 0.00255351
-125.00 40.00 0.00136029
-120.00 40.00 -0.00022533
-115.00 40.00 -0.00077949
-110.00 40.00 -2.763e-05
-105.00 40.00 0.00103752
-100.00 40.00 0.00135177
-95.00 40.00 0.00082341
-90.00 40.00 0.00020178
-85.00 40.00 0.00017967
-80.00 40.00 0.00078174
-75.00 40.00 0.00152016
-70.00 40.00 0.00194757
-65.00 40.00 0.00197847
-60.00 40.00 0.00175095
-55.00 40.00 0.00133929
-50.00 40.00 0.00072015
-45.00 40.00 -2.514e-05
-40.00 40.00 -0.00062949
-35.00 40.00 -0.00083496
-30.00 40.00 -0.00062313
-25.00 40.00 -0.00023292
-20.00 40.00 1.149e-05
-15.00 40.00 -6.336e-05
-10.00 40.00 -0.00029988
-5.00 40.00 -0.00027681
0.00 40.00 0.00030774
5.00 40.00 0.0012906
10.00 40.00 0.00215664
15.00 40.00 0.00246864
20.00 40.00 0.00211995
25.00 40.00 0.00131034
30.00 40.00 0.00047922
35.00 40.00 0.00013164
40.00 40.00 0.00040929
45.00 40.00 0.0008508
50.00 40.00 0.00087774
55.00 40.00 0.0005259
60.00 40.00 0.00038049
65.00 40.00 0.00073779
70.00 40.00 0.00117495
75.00 40.00 0.0011202
80.00 40.00 0.00059904
85.00 40.00 0.00018732
90.00 40.00 0.00032301
95.00 40.00 0.00083433
100.00 40.00 0.0011553
105.00 40.00 0.00095949
110.00 40.00 0.00055821
115.00 40.00 0.00059358
120.00 40.00 0.00126744
125.00 40.00 0.00198327
130.00 40.00 0.00194343
135.00 40.00 0.00109005
140.00 40.00 0.0002463
145.00 40.00 0.00022998
150.00 40.00 0.0009789
155.00 40.00 0.00170907
160.00 40.00 0.00184473
165.00 40.00 0.0015555
170.00 40.00 0.00132771
175.00 40.00 0.00125754
180.00 40.00 0.0010284
-180.00 45.00 0.00035322
-175.00 45.00 0.00025392
-170.00 45.00 0.00031488
-165.00 45.00 0.00048372
-160.00 45.00 0.00050868
-155.00 45.00 0.00019551
-150.00 45.00 -0.00021852
-145.00 45.00 -0.00018987
-140.00 45.00 0.00048432
-135.00 45.00 0.00127512
-130.00 45.00 0.00139758
-125.00 45.00 0.00069876
-120.00 45.00 -0.00010278
-115.00 45.00 -0.00016809
-110.00 45.00 0.00056625
-105.00 45.00 0.00135684
-100.00 45.00 0.00146808
-95.00 45.00 0.0008895
-90.00 45.00 0.00023736
-85.00 45.00 7.809e-05
-80.00 45.00 0.00044388
-75.00 45.00 0.00095406
-70.00 45.00 0.0012714
-65.00 45.00 0.00136194
-60.00 45.00 0.00135741
-55.00 45.00 0.00128613
-50.00 45.00 0.00103182
-45.00 45.00 0.00055104
-40.00 45.00 5.523e-05
-35.00 45.00 -9.147e-05
-30.00 45.00 0.00031098
-25.00 45.00 0.00105609
-20.00 45.00 0.00159948
-15.00 45.00 0.00143766
-10.00 45.00 0.00053715
-5.00 45.00 -0.00055395
0.00 45.00 -0.00107076
5.00 45.00 -0.00061335
10.00 45.00 0.00053283
15.00 45.00 0.00159627
20.00 45.00 0.00188013
25.00 45.00 0.0012786
30.00 45.00 0.0003567
35.00 45.00 -0.00012615
40.00 45.00 0.00011004
45.00 45.00 0.00065178
50.00 45.00 0.00089739
55.00 45.00 0.0007173
60.00 45.00 0.00049737
65.00 45.00 0.00057468
70.00 45.00 0.00083433
75.00 45.00 0.0009453
80.00 45.00 0.00083253
85.00 45.00 0.00073308
90.00 45.00 0.00081378
95.00 45.00 0.00090792
100.00 45.00 0.00074151
105.00 45.00 0.00037032
110.00 45.00 0.00024786
115.00 45.00 0.00074376
120.00 45.00 0.00161229
125.00 45.00 0.00208524
130.00 45.00 0.00162315
135.00 45.00 0.00055311
140.00 45.00 -0.00016266
145.00 45.00 0.00014739
150.00 45.00 0.0012174
155.00 45.00 0.00215145
160.00 45.00 0.00230262
165.00 45.00 0.0017673
170.00 45.00 0.00107757
175.00 45.00 0.00060138
180.00 45.00 0.00035322
-180.00 50.00 0.00060345
-175.00 50.00 0.00091494
-170.00 50.00 0.00122502
-165.00 50.00 0.00132396
-160.00 50.00 0.00108144
-155.00 50.00 0.0005541
-150.00 50.00 3.687e-05
-145.00 50.00 -0.00011265
-140.00 50.00 0.00020214
-135.00 50.00 0.0006867
-130.00 50.00 0.00092187
-125.00 50.00 0.00077808
-120.00 50.00 0.00052017
-115.00 50.00 0.00048597
-110.00 50.00 0.0007155
-105.00 50.00 0.00095157
-100.00 50.00 0.00097839
-95.00 50.00 0.000876
-90.00 50.00 0.00090078
-85.00 50.00 0.00115719
-80.00 50.00 0.00145449
-75.00 50.00 0.00150792
-70.00 50.00 0.00124893
-65.00 50.00 0.00089751
-60.00 50.00 0.00072096
-55.00 50.00 0.0007425
-50.00 50.00 0.00071526
-45.00 50.00 0.00039654
-40.00 50.00 -0.00015324
-35.00 50.00 -0.00055734
-30.00 50.00 -0.00043803
-25.00 50.00 0.00020529
-20.00 50.00 0.0009021
-15.00 50.00 0.00102702
-10.00 50.00 0.00030378
-5.00 50.00 -0.00091779
0.00 50.00 -0.00187209
5.00 50.00 -0.00193977
10.00 50.00 -0.00111666
15.00 50.00 -5.91e-06
20.00 50.00 0.00066492
25.00 50.00 0.00060573
30.00 50.00 0.00013368
35.00 50.00 -0.00018519
40.00 50.00 -7.701e-05
45.00 50.00 0.00023769
50.00 50.00 0.00035307
55.00 50.00 0.00013536
60.00 50.00 -0.00016137
65.00 50.00 -0.00019176
70.00 50.00 0.00014952
75.00 50.00 0.00069723
80.00 50.00 0.00121716
85.00 50.00 0.00155454
90.00 50.00 0.00162543
95.00 50.00 0.0014001
100.00 50.00 0.00098835
105.00 50.00 0.00069489
110.00 50.00 0.0008466
115.00 50.00 0.00145437
120.00 50.00 0.00206286
125.00 50.00 0.00205761
130.00 50.00 0.00123384
135.00 50.00 7.623e-05
140.00 50.00 -0.00059271
145.00 50.00 -0.00031239
150.00 50.00 0.00063009
155.00 50.00 0.0014889
160.00 50.00 0.00171276
165.00 50.00 0.00133326
170.00 50.00 0.00079662
175.00 50.00 0.00051648
180.00 50.00 0.00060345
-180.00 55.00 0.00095553
-175.00 55.00 0.00135513
-170.00 55.00 0.00156855
-165.00 55.00 0.00143265
-160.00 55.00 0.00097293
-155.00 55.00 0.00040059
-150.00 55.00 1.509e-05
-145.00 55.00 3.744e-05
-140.00 55.00 0.00046365
-135.00 55.00 0.00105627
-130.00 55.00 0.00150186
-125.00 55.00 0.00161559
-120.00 55.00 0.00142764
-115.00 55.00 0.00110631
-110.00 55.00 0.00082737
-105.00 55.00 0.00071391
-100.00 55.00 0.00084699
-95.00 55.00 0.00125433
-90.00 55.00 0.00184137
-85.00 55.00 0.0023562
-80.00 55.00 0.00249489
-75.00 55.00 0.00211635
-70.00 55.00 0.00138522
-65.00 55.00 0.00068358
-60.00 55.00 0.00032811
-55.00 55.00 0.00032079
-50.00 55.00 0.00035424
-45.00 55.00 8.202e-05
-40.00 55.00 -0.00056859
-35.00 55.00 -0.00130827
-30.00 55.00 -0.00170421
-25.00 55.00 -0.00152985
-20.00 55.00 -0.00095745
-15.00 55.00 -0.00043023
-10.00 55.00 -0.000315
-5.00 55.00 -0.0006195
0.00 55.00 -0.00100512
5.00 55.00 -0.00107985
10.00 55.00 -0.00072132
15.00 55.00 -0.00016065
20.00 55.00 0.00023055
25.00 55.00 0.00025062
30.00 55.00 1.02e-06
35.00 55.00 -0.00025791
40.00 55.00 -0.000366
45.00 55.00 -0.00037902
50.00 55.00 -0.00044436
55.00 55.00 -0.00058992
60.00 55.00 -0.00065544
65.00 55.00 -0.00043008
70.00 55.00 0.00014964
75.00 55.00 0.00092466
80.00 55.00 0.00160497
85.00 55.00 0.00193347
90.00 55.00 0.00181572
95.00 55.00 0.00137085
100.00 55.00 0.00089262
105.00 55.00 0.00071142
110.00 55.00 0.00098955
115.00 55.00 0.00157233
120.00 55.00 0.00204531
125.00 55.00 0.0020163
130.00 55.00 0.00142812
135.00 55.00 0.00062979
140.00 55.00 0.00011541
145.00 55.00 0.00013887
150.00 55.00 0.00053787
155.00 55.00 0.0009123
160.00 55.00 0.00097764
165.00 55.00 0.00077433
170.00 55.00 0.00057723
175.00 55.00 0.00063084
180.00 55.00 0.00095553
-180.00 60.00 0.00060129
-175.00 60.00 0.00091911
-170.00 60.00 0.00103503
-165.00 60.00 0.00086961
-160.00 60.00 0.00050322
-155.00 60.00 0.0001401
-150.00 60.00 4.5e-06
-145.00 60.00 0.00022227
-140.00 60.00 0.00075138
-135.00 60.00 0.00140124
-130.00 60.00 0.00193107
-125.00 60.00 0.00216942
-120.00 60.00 0.00208785
-115.00 60.00 0.00179793
-110.00 60.00 0.00148827
-105.00 60.00 0.00133851
-100.00 60.00 0.00144057
-95.00 60.00 0.00174696
-90.00 60.00 0.0020727
-85.00 60.00 0.00217308
-80.00 60.00 0.00188145
-75.00 60.00 0.00123267
-70.00 60.00 0.00047718
-65.00 60.00 -5.274e-05
-60.00 60.00 -0.00015396
-55.00 60.00 0.00010362
-50.00 60.00 0.00041268
-45.00 60.00 0.00043074
-40.00 60.00 1.206e-05
-35.00 60.00 -0.00069405
-30.00 60.00 -0.00134529
-25.00 60.00 -0.00163014
-20.00 60.00 -0.00145173
-15.00 60.00 -0.00095094
-10.00 60.00 -0.00037407
-5.00 60.00 9.741e-05
0.00 60.00 0.00042579
5.00 60.00 0.00066669
10.00 60.00 0.00085968
15.00 60.00 0.00096837
20.00 60.00 0.00091722
25.00 60.00 0.00067704
30.00 60.00 0.00031017
35.00 60.00 -6.633e-05
40.00 60.00 -0.00035823
45.00 60.00 -0.00053472
50.00 60.00 -0.00059976
55.00 60.00 -0.00053841
60.00 60.00 -0.00030555
65.00 60.00 0.00012111
70.00 60.00 0.0006732
75.00 60.00 0.00117777
80.00 60.00 0.0014238
85.00 60.00 0.00127371
90.00 60.00 0.00075246
95.00 60.00 6.048e-05
100.00 60.00 -0.00050451
105.00 60.00 -0.00068712
110.00 60.00 -0.0004068
115.00 60.00 0.00019488
120.00 60.00 0.0008328
125.00 60.00 0.00124374
130.00 60.00 0.00133098
135.00 60.00 0.00118761
140.00 60.00 0.00098784
145.00 60.00 0.00084144
150.00 60.00 0.00073206
155.00 60.00 0.00058002
160.00 60.00 0.00035886
165.00 60.00 0.00015192
170.00 60.00 9.651e-05
175.00 60.00 0.00026763
180.00 60.00 0.00060126
-180.00 65.00 0.00029745
-175.00 65.00 0.00060621
-170.00 65.00 0.00078006
-165.00 65.00 0.00077268
-160.00 65.00 0.00062976
-155.00 65.00 0.00046635
-150.00 65.00 0.00041043
-145.00 65.00 0.00054174
-140.00 65.00 0.00085596
-135.00 65.00 0.00127092
-130.00 65.00 0.00166851
-125.00 65.00 0.00194856
-120.00 65.00 0.00206829
-115.00 65.00 0.00204876
-110.00 65.00 0.00194949
-105.00 65.00 0.00182511
-100.00 65.00 0.00168696
-95.00 65.00 0.00149034
-90.00 65.00 0.00115926
-85.00 65.00 0.00064215
-80.00 65.00 -2.88e-05
-75.00 65.00 -0.00071403
-70.00 65.00 -0.00120534
-65.00 65.00 -0.00132015
-60.00 65.00 -0.00100416
-55.00 65.00 -0.0003801
-50.00 65.00 0.00029436
-45.00 65.00 0.00074484
-40.00 65.00 0.0008106
-35.00 65.00 0.00051432
-30.00 65.00 3.57e-05
-25.00 65.00 -0.00038958
-20.00 65.00 -0.00058254
-15.00 65.00 -0.0004851
-10.00 65.00 -0.00015333
-5.00 65.00 0.00029643
0.00 65.00 0.00074571
5.00 65.00 0.00110532
10.00 65.00 0.00131931
15.00 65.00 0.00135945
20.00 65.00 0.00122538
25.00 65.00 0.00095007
30.00 65.00 0.00059796
35.00 65.00 0.00024972
40.00 65.00 -2.031e-05
45.00 65.00 -0.00016056
50.00 65.00 -0.00014697
55.00 65.00 1.77e-05
60.00 65.00 0.00030069
65.00 65.00 0.00063144
70.00 65.00 0.0009018
75.00 65.00 0.00098808
80.00 65.00 0.00079581
85.00 65.00 0.0003093
90.00 65.00 -0.0003816
95.00 65.00 -0.00109764
100.00 65.00 -0.0016296
105.00 65.00 -0.00181752
110.00 65.00 -0.00161349
115.00 65.00 -0.00109695
120.00 65.00 -0.00043512
125.00 65.00 0.00018939
130.00 65.00 0.00064407
135.00 65.00 0.00087444
140.00 65.00 0.00089031
145.00 65.00 0.00073482
150.00 65.00 0.00046371
155.00 65.00 0.00014496
160.00 65.00 -0.00013638
165.00 65.00 -0.00028995
170.00 65.00 -0.00025389
175.00 65.00 -3.15e-05
180.00 65.00 0.00029742
-180.00 70.00 0.00079491
-175.00 70.00 0.00112713
-170.00 70.00 0.00137247
-165.00 70.00 0.00149346
-160.00 70.00 0.00149529
-155.00 70.00 0.00142014
-150.00 70.00 0.00132807
-145.00 70.00 0.00127347
-140.00 70.00 0.00128685
-135.00 70.00 0.00136833
-130.00 70.00 0.0014928
-125.00 70.00 0.00162192
-120.00 70.00 0.00171594
-115.00 70.00 0.00174072
-110.00 70.00 0.0016686
-105.00 70.00 0.00147657
-100.00 70.00 0.00114675
-95.00 70.00 0.00067329
-90.00 70.00 7.506e-05
-85.00 70.00 -0.00059184
-80.00 70.00 -0.00123096
-75.00 70.00 -0.00172011
-70.00 70.00 -0.00194457
-65.00 70.00 -0.00183867
-60.00 70.00 -0.00141789
-55.00 70.00 -0.00078477
-50.00 70.00 -0.00010098
-45.00 70.00 0.00046509
-40.00 70.00 0.00079383
-35.00 70.00 0.00085008
-30.00 70.00 0.00068451
-25.00 70.00 0.00040413
-20.00 70.00 0.0001275
-15.00 70.00 -5.55e-05
-10.00 70.00 -0.0001047
-5.00 70.00 -2.976e-05
0.00 70.00 0.0001254
5.00 70.00 0.00030291
10.00 70.00 0.0004494
15.00 70.00 0.00052833
20.00 70.00 0.00052647
25.00 70.00 0.00045471
30.00 70.00 0.00034359
35.00 70.00 0.00023472
40.00 70.00 0.00016974
45.00 70.00 0.00017955
50.00 70.00 0.00027597
55.00 70.00 0.00044682
60.00 70.00 0.00065553
65.00 70.00 0.00084627
70.00 70.00 0.00095523
75.00 70.00 0.00092811
80.00 70.00 0.00073938
85.00 70.00 0.0004065
90.00 70.00 -8.37e-06
95.00 70.00 -0.00041223
100.00 70.00 -0.00070842
105.00 70.00 -0.00082677
110.00 70.00 -0.00074589
115.00 70.00 -0.00049866
120.00 70.00 -0.00015942
125.00 70.00 0.00018102
130.00 70.00 0.00044211
135.00 70.00 0.00057351
140.00 70.00 0.00056361
145.00 70.00 0.00043773
150.00 70.00 0.00024975
155.00 70.00 6.909e-05
160.00 70.00 -3.516e-05
165.00 70.00 -1.191e-05
170.00 70.00 0.00015627
175.00 70.00 0.00044532
180.00 70.00 0.00079491
-180.00 75.00 0.00130128
-175.00 75.00 0.00156765
-170.00 75.00 0.00178812
-165.00 75.00 0.00193932
-160.00 75.00 0.00201333
-155.00 75.00 0.00201798
-150.00 75.00 0.00197268
-145.00 75.00 0.00190179
-140.00 75.00 0.00182733
-135.00 75.00 0.00176343
-130.00 75.00 0.00171324
-125.00 75.00 0.0016689
-120.00 75.00 0.00161388
-115.00 75.00 0.00152688
-110.00 75.00 0.00138663
-105.00 75.00 0.00117717
-100.00 75.00 0.00089319
-95.00 75.00 0.00054447
-90.00 75.00 0.00015819
-85.00 75.00 -0.00022281
-80.00 75.00 -0.00054609
-75.00 75.00 -0.0007602
-70.00 75.00 -0.00082734
-65.00 75.00 -0.00073473
-60.00 75.00 -0.00050031
-55.00 75.00 -0.00017082
-50.00 75.00 0.00018837
-45.00 75.00 0.00050898
-40.00 75.00 0.0007359
-35.00 75.00 0.00083946
-30.00 75.00 0.00081951
-25.00 75.00 0.00070146
-20.00 75.00 0.00052608
-15.00 75.00 0.00033696
-10.00 75.00 0.00016977
-5.00 75.00 4.593e-05
0.00 75.00 -2.835e-05
5.00 75.00 -5.889e-05
10.00 75.00 -5.802e-05
15.00 75.00 -3.87e-05
20.00 75.00 -1.011e-05
25.00 75.00 2.46e-05
30.00 75.00 6.837e-05
35.00 75.00 0.00012861
40.00 75.00 0.00021384
45.00 75.00 0.00033009
50.00 75.00 0.0004776
55.00 75.00 0.0006486
60.00 75.00 0.00082752
65.00 75.00 0.00099345
70.00 75.00 0.00112482
75.00 75.00 0.00120486
80.00 75.00 0.00122646
85.00 75.00 0.00119439
90.00 75.00 0.00112446
95.00 75.00 0.00103908
100.00 75.00 0.0009609
105.00 75.00 0.00090633
110.00 75.00 0.0008808
115.00 75.00 0.00087798
120.00 75.00 0.00088224
125.00 75.00 0.0008745
130.00 75.00 0.00083904
135.00 75.00 0.00076953
140.00 75.00 0.00067227
145.00 75.00 0.00056586
150.00 75.00 0.00047748
155.00 75.00 0.00043635
160.00 75.00 0.00046638
165.00 75.00 0.0005796
170.00 75.00 0.00077205
175.00 75.00 0.00102348
180.00 75.00 0.00130128
-180.00 80.00 0.00089904
-175.00 80.00 0.00104937
-170.00 80.00 0.00119136
-165.00 80.00 0.0013161
-160.00 80.00 0.00141783
-155.00 80.00 0.00149427
-150.00 80.00 0.00154644
-145.00 80.00 0.00157734
-140.00 80.00 0.00159096
-135.00 80.00 0.00159078
-130.00 80.00 0.00157914
-125.00 80.00 0.00155661
-120.00 80.00 0.00152217
-115.00 80.00 0.00147396
-110.00 80.00 0.00141042
-105.00 80.00 0.00133152
-100.00 80.00 0.00123963
-95.00 80.00 0.00114021
-90.00 80.00 0.00104151
-85.00 80.00 0.00095376
-80.00 80.00 0.00088728
-75.00 80.00 0.00085059
-70.00 80.00 0.00084831
-65.00 80.00 0.0008799
-60.00 80.00 0.00093918
-55.00 80.00 0.0010149
-50.00 80.00 0.00109281
-45.00 80.00 0.00115809
-40.00 80.00 0.0011979
-35.00 80.00 0.00120357
-30.00 80.00 0.00117174
-25.00 80.00 0.00110457
-20.00 80.00 0.00100878
-15.00 80.00 0.00089388
-10.00 80.00 0.00077049
-5.00 80.00 0.0006486
0.00 80.00 0.00053649
5.00 80.00 0.00044016
10.00 80.00 0.00036324
15.00 80.00 0.00030768
20.00 80.00 0.00027426
25.00 80.00 0.00026307
30.00 80.00 0.00027378
35.00 80.00 0.00030582
40.00 80.00 0.00035811
45.00 80.00 0.00042867
50.00 80.00 0.00051435
55.00 80.00 0.00061074
60.00 80.00 0.00071232
65.00 80.00 0.00081297
70.00 80.00 0.00090636
75.00 80.00 0.00098673
80.00 80.00 0.00104967
85.00 80.00 0.00109236
90.00 80.00 0.0011136
95.00 80.00 0.00111348
100.00 80.00 0.0010932
105.00 80.00 0.00105444
110.00 80.00 0.00099909
115.00 80.00 0.00092928
120.00 80.00 0.0008475
125.00 80.00 0.00075732
130.00 80.00 0.00066357
135.00 80.00 0.00057261
140.00 80.00 0.0004923
145.00 80.00 0.00043116
150.00 80.00 0.00039741
155.00 80.00 0.00039756
160.00 80.00 0.00043518
165.00 80.00 0.00051018
170.00 80.00 0.00061827
175.00 80.00 0.00075147
180.00 80.00 0.00089904
-180.00 85.00 0.00022326
-175.00 85.00 0.00028554
-170.00 85.00 0.00035187
-165.00 85.00 0.0004206
-160.00 85.00 0.00048996
-155.00 85.00 0.00055824
-150.00 85.00 0.00062421
-145.00 85.00 0.00068727
-140.00 85.00 0.00074697
-135.00 85.00 0.00080292
-130.00 85.00 0.00085446
-125.00 85.00 0.00090108
-120.00 85.00 0.00094275
-115.00 85.00 0.00097977
-110.00 85.00 0.00101274
-105.00 85.00 0.00104205
-100.00 85.00 0.00106791
-95.00 85.00 0.00109044
-90.00 85.00 0.00111
-85.00 85.00 0.00112716
-80.00 85.00 0.00114246
-75.00 85.00 0.00115602
-70.00 85.00 0.0011673
-65.00 85.00 0.00117549
-60.00 85.00 0.00117963
-55.00 85.00 0.00117897
-50.00 85.00 0.00117291
-45.00 85.00 0.00116058
-40.00 85.00 0.00114105
-35.00 85.00 0.00111351
-30.00 85.00 0.00107775
-25.00 85.00 0.00103434
-20.00 85.00 0.00098451
-15.00 85.00 0.00092958
-10.00 85.00 0.00087087
-5.00 85.00 0.00080958
0.00 85.00 0.00074727
5.00 85.00 0.00068589
10.00 85.00 0.00062736
15.00 85.00 0.00057312
20.00 85.00 0.00052395
25.00 85.00 0.00048009
30.00 85.00 0.00044175
35.00 85.00 0.00040923
40.00 85.00 0.0003828
45.00 85.00 0.00036204
50.00 85.00 0.00034599
55.00 85.00 0.0003333
60.00 85.00 0.0003228
65.00 85.00 0.00031368
70.00 85.00 0.00030528
75.00 85.00 0.00029658
80.00 85.00 0.00028629
85.00 85.00 0.00027315
90.00 85.00 0.00025644
95.00 85.00 0.00023619
100.00 85.00 0.00021279
105.00 85.00 0.00018669
110.00 85.00 0.00015825
115.00 85.00 0.00012807
120.00 85.00 9.741e-05
125.00 85.00 6.819e-05
130.00 85.00 4.248e-05
135.00 85.00 2.211e-05
140.00 85.00 8.34e-06
145.00 85.00 2.22e-06
150.00 85.00 4.86e-06
155.00 85.00 1.728e-05
160.00 85.00 4.017e-05
165.00 85.00 7.335e-05
170.00 85.00 0.00011586
175.00 85.00 0.00016629
180.00 85.00 0.00022326
-180.00 90.00 0.00030738
-175.00 90.00 0.00030738
-170.00 90.00 0.00030738
-165.00 90.00 0.00030738
-160.00 90.00 0.00030738
-155.00 90.00 0.00030738
-150.00 90.00 0.00030738
-145.00 90.00 0.00030738
-140.00 90.00 0.00030738
-135.00 90.00 0.00030738
-130.00 90.00 0.00030738
-125.00 90.00 0.00030738
-120.00 90.00 0.00030738
-115.00 90.00 0.00030738
-110.00 90.00 0.00030738
-105.00 90.00 0.00030738
-100.00 90.00 0.00030738
-95.00 90.00 0.00030738
-90.00 90.00 0.00030738
-85.00 90.00 0.00030738
-80.00 90.00 0.00030738
-75.00 90.00 0.00030738
-70.00 90.00 0.00030738
-65.00 90.00 0.00030738
-60.00 90.00 0.00030738
-55.00 90.00 0.00030738
-50.00 90.00 0.00030738
-45.00 90.00 0.00030738
-40.00 90.00 0.00030738
-35.00 90.00 0.00030738
-30.00 90.00 0.00030738
-25.00 90.00 0.00030738
-20.00 90.00 0.00030738
-15.00 90.00 0.00030738
-10.00 90.00 0.00030738
-5.00 90.00 0.00030738
0.00 90.00 0.00030738
5.00 90.00 0.00030738
10.00 90.00 0.00030738
15.00 90.00 0.00030738
20.00 90.00 0.00030738
25.00 90.00 0.00030738
30.00 90.00 0.00030738
35.00 90.00 0.00030738
40.00 90.00 0.00030738
45.00 90.00 0.00030738
50.00 90.00 0.00030738
55.00 90.00 0.00030738
60.00 90.00 0.00030738
65.00 90.00 0.00030738
70.00 90.00 0.00030738
75.00 90.00 0.00030738
80.00 90.00 0.00030738
85.00 90.00 0.00030738
90.00 90.00 0.00030738
95.00 90.00 0.00030738
100.00 90.00 0.00030738
105.00 90.00 0.00030738
110.00 90.00 0.00030738
115.00 90.00 0.00030738
120.00 90.00 0.00030738
125.00 90.00 0.00030738
130.00 90.00 0.00030738
135.00 90.00 0.00030738
140.00 90.00 0.00030738
145.00 90.00 0.00030738
150.00 90.00 0.00030738
155.00 90.00 0.00030738
160.00 90.00 0.00030738
165.00 90.00 0.00030738
170.00 90.00 0.00030738
175.00 90.00 0.00030738
180.00 90.00 0.00030738
