-180.00 -90.00 0.00137019
-175.00 -90.00 0.00137022
-170.00 -90.00 0.00137022
-165.00 -90.00 0.00137022
-160.00 -90.00 0.00137022
-155.00 -90.00 0.00137022
-150.00 -90.00 0.00137019
-145.00 -90.00 0.00137016
-140.00 -90.00 0.00137013
-135.00 -90.00 0.00137007
-130.00 -90.00 0.00137004
-125.00 -90.00 0.00136998
-120.00 -90.00 0.00136992
-115.00 -90.00 0.00136989
-110.00 -90.00 0.00136983
-105.00 -90.00 0.0013698
-100.00 -90.00 0.00136974
-95.00 -90.00 0.00136971
-90.00 -90.00 0.00136968
-85.00 -90.00 0.00136968
-80.00 -90.00 0.00136965
-75.00 -90.00 0.00136965
-70.00 -90.00 0.00136968
-65.00 -90.00 0.00136968
-60.00 -90.00 0.00136971
-55.00 -90.00 0.00136974
-50.00 -90.00 0.00136977
-45.00 -90.00 0.0013698
-40.00 -90.00 0.00136986
-35.00 -90.00 0.00136992
-30.00 -90.00 0.00136995
-25.00 -90.00 0.00137001
-20.00 -90.00 0.00137004
-15.00 -90.00 0.0013701
-10.00 -90.00 0.00137013
-5.00 -90.00 0.00137016
0.00 -90.00 0.00137019
5.00 -90.00 0.00137022
10.00 -90.00 0.00137022
15.00 -90.00 0.00137022
20.00 -90.00 0.00137022
25.00 -90.00 0.00137022
30.00 -90.00 0.00137019
35.00 -90.00 0.00137016
40.00 -90.00 0.00137013
45.00 -90.00 0.00137007
50.00 -90.00 0.00137004
55.00 -90.00 0.00136998
60.00 -90.00 0.00136995
65.00 -90.00 0.00136989
70.00 -90.00 0.00136983
75.00 -90.00 0.0013698
80.00 -90.00 0.00136974
85.00 -90.00 0.00136971
90.00 -90.00 0.00136968
95.00 -90.00 0.00136968
100.00 -90.00 0.00136965
105.00 -90.00 0.00136965
110.00 -90.00 0.00136968
115.00 -90.00 0.00136968
120.00 -90.00 0.00136971
125.00 -90.00 0.00136974
130.00 -90.00 0.00136977
135.00 -90.00 0.0013698
140.00 -90.00 0.00136986
145.00 -90.00 0.00136989
150.00 -90.00 0.00136995
155.00 -90.00 0.00137001
160.00 -90.00 0.00137004
165.00 -90.00 0.0013701
170.00 -90.00 0.00137013
175.00 -90.00 0.00137016
180.00 -90.00 0.00137019
-180.00 -85.00 0.00122925
-175.00 -85.00 0.00125616
-170.00 -85.00 0.00127806
-165.00 -85.00 0.00129432
-160.00 -85.00 0.00130455
-155.00 -85.00 0.00130854
-150.00 -85.00 0.0013065
-145.00 -85.00 0.00129879
-140.00 -85.00 0.00128595
-135.00 -85.00 0.00126864
-130.00 -85.00 0.00124773
-125.00 -85.00 0.00122436
-120.00 -85.00 0.00119985
-115.00 -85.00 0.00117561
-110.00 -85.00 0.00115308
-105.00 -85.00 0.0011337
-100.00 -85.00 0.00111885
-95.00 -85.00 0.00110997
-90.00 -85.00 0.00110826
-85.00 -85.00 0.00111465
-80.00 -85.00 0.00112971
-75.00 -85.00 0.00115356
-70.00 -85.00 0.00118602
-65.00 -85.00 0.00122661
-60.00 -85.00 0.0012744
-55.00 -85.00 0.00132819
-50.00 -85.00 0.00138642
-45.00 -85.00 0.00144744
-40.00 -85.00 0.00150948
-35.00 -85.00 0.00157086
-30.00 -85.00 0.00163002
-25.00 -85.00 0.00168537
-20.00 -85.00 0.00173553
-15.00 -85.00 0.00177936
-10.00 -85.00 0.00181605
-5.00 -85.00 0.00184494
0.00 -85.00 0.00186573
5.00 -85.00 0.00187824
10.00 -85.00 0.00188247
15.00 -85.00 0.00187872
20.00 -85.00 0.00186738
25.00 -85.00 0.00184899
30.00 -85.00 0.00182409
35.00 -85.00 0.00179325
40.00 -85.00 0.00175698
45.00 -85.00 0.00171585
50.00 -85.00 0.00167031
55.00 -85.00 0.00162087
60.00 -85.00 0.00156798
65.00 -85.00 0.00151212
70.00 -85.00 0.00145395
75.00 -85.00 0.00139416
80.00 -85.00 0.00133368
85.00 -85.00 0.00127356
90.00 -85.00 0.001215
95.00 -85.00 0.00115938
100.00 -85.00 0.00110808
105.00 -85.00 0.00106248
110.00 -85.00 0.00102387
115.00 -85.00 0.0009933
120.00 -85.00 0.00097152
125.00 -85.00 0.00095904
130.00 -85.00 0.00095592
135.00 -85.00 0.0009618
140.00 -85.00 0.00097602
145.00 -85.00 0.00099753
150.00 -85.00 0.00102498
155.00 -85.00 0.00105699
160.00 -85.00 0.00109194
165.00 -85.00 0.00112818
170.00 -85.00 0.00116412
175.00 -85.00 0.00119823
180.00 -85.00 0.00122925
-180.00 -80.00 0.0018813
-175.00 -80.00 0.00192237
-170.00 -80.00 0.00194307
-165.00 -80.00 0.00194511
-160.00 -80.00 0.00193017
-155.00 -80.00 0.00190029
-150.00 -80.00 0.00185742
-145.00 -80.00 0.0018027
-140.00 -80.00 0.00173607
-135.00 -80.00 0.00165759
-130.00 -80.00 0.00156795
-125.00 -80.00 0.00146832
-120.00 -80.00 0.00136038
-115.00 -80.00 0.00124695
-110.00 -80.00 0.0011328
-105.00 -80.00 0.0010236
-100.00 -80.00 0.0009249
-95.00 -80.00 0.00084219
-90.00 -80.00 0.00078087
-85.00 -80.00 0.00074562
-80.00 -80.00 0.00073893
-75.00 -80.00 0.00076098
-70.00 -80.00 0.00081036
-65.00 -80.00 0.00088404
-60.00 -80.00 0.00097677
-55.00 -80.00 0.00108153
-50.00 -80.00 0.00119106
-45.00 -80.00 0.001299
-40.00 -80.00 0.00139977
-35.00 -80.00 0.0014883
-30.00 -80.00 0.00156108
-25.00 -80.00 0.00161649
-20.00 -80.00 0.00165402
-15.00 -80.00 0.00167313
-10.00 -80.00 0.00167343
-5.00 -80.00 0.00165567
0.00 -80.00 0.00162156
5.00 -80.00 0.00157299
10.00 -80.00 0.00151224
15.00 -80.00 0.00144309
20.00 -80.00 0.0013704
25.00 -80.00 0.00129894
30.00 -80.00 0.00123243
35.00 -80.00 0.00117402
40.00 -80.00 0.00112611
45.00 -80.00 0.00108942
50.00 -80.00 0.0010623
55.00 -80.00 0.00104187
60.00 -80.00 0.00102471
65.00 -80.00 0.00100725
70.00 -80.00 0.00098541
75.00 -80.00 0.00095577
80.00 -80.00 0.0009168
85.00 -80.00 0.00086919
90.00 -80.00 0.0008151
95.00 -80.00 0.00075828
100.00 -80.00 0.00070428
105.00 -80.00 0.00066
110.00 -80.00 0.00063192
115.00 -80.00 0.00062517
120.00 -80.00 0.00064353
125.00 -80.00 0.00068916
130.00 -80.00 0.00076176
135.00 -80.00 0.00085842
140.00 -80.00 0.00097434
145.00 -80.00 0.00110412
150.00 -80.00 0.0012414
155.00 -80.00 0.00137922
160.00 -80.00 0.00151074
165.00 -80.00 0.0016305
170.00 -80.00 0.00173421
175.00 -80.00 0.00181851
180.00 -80.00 0.0018813
-180.00 -75.00 0.00216762
-175.00 -75.00 0.00210738
-170.00 -75.00 0.00201942
-165.00 -75.00 0.00191514
-160.00 -75.00 0.00180681
-155.00 -75.00 0.00170508
-150.00 -75.00 0.00161679
-145.00 -75.00 0.00154371
-140.00 -75.00 0.00148197
-135.00 -75.00 0.00142341
-130.00 -75.00 0.00135852
-125.00 -75.00 0.00127953
-120.00 -75.00 0.0011832
-115.00 -75.00 0.00107178
-110.00 -75.00 0.00095265
-105.00 -75.00 0.0008364
-100.00 -75.00 0.00073422
-95.00 -75.00 0.00065637
-90.00 -75.00 0.0006114
-85.00 -75.00 0.0006057
-80.00 -75.00 0.00064323
-75.00 -75.00 0.00072471
-70.00 -75.00 0.0008463
-65.00 -75.00 0.00099825
-60.00 -75.00 0.00116493
-55.00 -75.00 0.0013269
-50.00 -75.00 0.00146439
-45.00 -75.00 0.00156132
-40.00 -75.00 0.00160902
-35.00 -75.00 0.0016077
-30.00 -75.00 0.00156492
-25.00 -75.00 0.00149238
-20.00 -75.00 0.00140196
-15.00 -75.00 0.0013023
-10.00 -75.00 0.00119703
-5.00 -75.00 0.00108549
0.00 -75.00 0.00096498
5.00 -75.00 0.00083337
10.00 -75.00 0.00069129
15.00 -75.00 0.00054375
20.00 -75.00 0.00039987
25.00 -75.00 0.00027102
30.00 -75.00 0.00016863
35.00 -75.00 0.00010185
40.00 -75.00 7.533e-05
45.00 -75.00 8.85e-05
50.00 -75.00 0.00013596
55.00 -75.00 0.0002088
60.00 -75.00 0.00029589
65.00 -75.00 0.00038556
70.00 -75.00 0.00046671
75.00 -75.00 0.00052998
80.00 -75.00 0.00056862
85.00 -75.00 0.00057987
90.00 -75.00 0.00056625
95.00 -75.00 0.00053565
100.00 -75.00 0.0005007
105.00 -75.00 0.00047688
110.00 -75.00 0.00047946
115.00 -75.00 0.00052023
120.00 -75.00 0.00060522
125.00 -75.00 0.00073398
130.00 -75.00 0.00089991
135.00 -75.00 0.00109191
140.00 -75.00 0.00129699
145.00 -75.00 0.00150216
150.00 -75.00 0.00169551
155.00 -75.00 0.00186678
160.00 -75.00 0.00200751
165.00 -75.00 0.00211116
170.00 -75.00 0.00217302
175.00 -75.00 0.00219129
180.00 -75.00 0.00216762
-180.00 -70.00 0.00162462
-175.00 -70.00 0.00148503
-170.00 -70.00 0.00130875
-165.00 -70.00 0.00111312
-160.00 -70.00 0.000921
-155.00 -70.00 0.0007575
-150.00 -70.00 0.0006441
-145.00 -70.00 0.0005913
-140.00 -70.00 0.00059313
-135.00 -70.00 0.00062718
-130.00 -70.00 0.00066243
-125.00 -70.00 0.00067176
-120.00 -70.00 0.00064392
-115.00 -70.00 0.00058779
-110.00 -70.00 0.00052692
-105.00 -70.00 0.00048753
-100.00 -70.00 0.00048657
-95.00 -70.00 0.00052677
-90.00 -70.00 0.0006006
-85.00 -70.00 0.00069957
-80.00 -70.00 0.00082215
-75.00 -70.00 0.00097461
-70.00 -70.00 0.00116373
-65.00 -70.00 0.00138576
-60.00 -70.00 0.00161895
-55.00 -70.00 0.00182505
-50.00 -70.00 0.00196089
-45.00 -70.00 0.00199455
-40.00 -70.00 0.00191862
-35.00 -70.00 0.00175389
-30.00 -70.00 0.00154149
-25.00 -70.00 0.00132759
-20.00 -70.00 0.00114783
-15.00 -70.00 0.00101796
-10.00 -70.00 0.00093348
-5.00 -70.00 0.00087648
0.00 -70.00 0.00082503
5.00 -70.00 0.00076137
10.00 -70.00 0.0006768
15.00 -70.00 0.00057297
20.00 -70.00 0.00046095
25.00 -70.00 0.00035799
30.00 -70.00 0.00028233
35.00 -70.00 0.00024702
40.00 -70.00 0.00025488
45.00 -70.00 0.000297
50.00 -70.00 0.00035619
55.00 -70.00 0.00041367
60.00 -70.00 0.00045564
65.00 -70.00 0.00047601
70.00 -70.00 0.00047487
75.00 -70.00 0.00045402
80.00 -70.00 0.000414
85.00 -70.00 0.00035439
90.00 -70.00 0.00027762
95.00 -70.00 0.00019332
100.00 -70.00 0.00011973
105.00 -70.00 8.052e-05
110.00 -70.00 9.777e-05
115.00 -70.00 0.00018444
120.00 -70.00 0.00033903
125.00 -70.00 0.00054549
130.00 -70.00 0.00077802
135.00 -70.00 0.00100917
140.00 -70.00 0.00121743
145.00 -70.00 0.00139173
150.00 -70.00 0.00153048
155.00 -70.00 0.00163683
160.00 -70.00 0.00171282
165.00 -70.00 0.00175599
170.00 -70.00 0.0017598
175.00 -70.00 0.00171717
180.00 -70.00 0.00162462
-180.00 -65.00 0.00121371
-175.00 -65.00 0.00117432
-170.00 -65.00 0.00109998
-165.00 -65.00 0.00098487
-160.00 -65.00 0.00082788
-155.00 -65.00 0.00064812
-150.00 -65.00 0.00048852
-145.00 -65.00 0.00039741
-140.00 -65.00 0.00039762
-135.00 -65.00 0.00046623
-130.00 -65.00 0.00054318
-125.00 -65.00 0.00056703
-120.00 -65.00 0.00051444
-115.00 -65.00 0.00041664
-110.00 -65.00 0.00034038
-105.00 -65.00 0.00034674
-100.00 -65.00 0.00045432
-95.00 -65.00 0.00063006
-90.00 -65.00 0.00081195
-85.00 -65.00 0.00094809
-80.00 -65.00 0.00102675
-75.00 -65.00 0.00108009
-70.00 -65.00 0.00115983
-65.00 -65.00 0.00130023
-60.00 -65.00 0.00149112
-55.00 -65.00 0.00167691
-50.00 -65.00 0.00178329
-45.00 -65.00 0.00175713
-40.00 -65.00 0.00159681
-35.00 -65.00 0.0013557
-30.00 -65.00 0.00111606
-25.00 -65.00 0.00094878
-20.00 -65.00 0.00088254
-15.00 -65.00 0.00089958
-10.00 -65.00 0.00095715
-5.00 -65.00 0.00101682
0.00 -65.00 0.0010614
5.00 -65.00 0.00109068
10.00 -65.00 0.0011061
15.00 -65.00 0.00110103
20.00 -65.00 0.0010668
25.00 -65.00 0.00100773
30.00 -65.00 0.00094857
35.00 -65.00 0.00092355
40.00 -65.00 0.00095262
45.00 -65.00 0.00102255
50.00 -65.00 0.00108909
55.00 -65.00 0.00109989
60.00 -65.00 0.00102282
65.00 -65.00 0.00086043
70.00 -65.00 0.00064251
75.00 -65.00 0.00040548
80.00 -65.00 0.00017436
85.00 -65.00 -4.095e-05
90.00 -65.00 -0.00023655
95.00 -65.00 -0.00040296
100.00 -65.00 -0.00052095
105.00 -65.00 -0.00056646
110.00 -65.00 -0.0005205
115.00 -65.00 -0.00037809
120.00 -65.00 -0.00015324
125.00 -65.00 0.00012078
130.00 -65.00 0.00039795
135.00 -65.00 0.00063291
140.00 -65.00 0.00079806
145.00 -65.00 0.00089466
150.00 -65.00 0.00094956
155.00 -65.00 0.00099702
160.00 -65.00 0.00105741
165.00 -65.00 0.00112737
170.00 -65.00 0.00118734
175.00 -65.00 0.00121851
180.00 -65.00 0.00121371
-180.00 -60.00 0.00110241
-175.00 -60.00 0.00118641
-170.00 -60.00 0.00133989
-165.00 -60.00 0.00149508
-160.00 -60.00 0.00154248
-155.00 -60.00 0.00142092
-150.00 -60.00 0.00117708
-145.00 -60.00 0.00093894
-140.00 -60.00 0.00082014
-135.00 -60.00 0.00083496
-130.00 -60.00 0.00089358
-125.00 -60.00 0.00088119
-120.00 -60.00 0.00075393
-115.00 -60.00 0.00057456
-110.00 -60.00 0.00046341
-105.00 -60.00 0.00050739
-100.00 -60.00 0.00069732
-95.00 -60.00 0.00093534
-90.00 -60.00 0.00109998
-85.00 -60.00 0.00112011
-80.00 -60.00 0.00101091
-75.00 -60.00 0.00085623
-70.00 -60.00 0.00075474
-65.00 -60.00 0.00076431
-60.00 -60.00 0.00087324
-55.00 -60.00 0.00101013
-50.00 -60.00 0.00108552
-45.00 -60.00 0.00104616
-40.00 -60.00 0.00091242
-35.00 -60.00 0.00077271
-30.00 -60.00 0.00073005
-25.00 -60.00 0.00082977
-20.00 -60.00 0.00101994
-15.00 -60.00 0.00118158
-10.00 -60.00 0.00121314
-5.00 -60.00 0.00110712
0.00 -60.00 0.00095589
5.00 -60.00 0.00087675
10.00 -60.00 0.00091449
15.00 -60.00 0.00100065
20.00 -60.00 0.00100656
25.00 -60.00 0.00084927
30.00 -60.00 0.00056571
35.00 -60.00 0.00029496
40.00 -60.00 0.00018171
45.00 -60.00 0.00027624
50.00 -60.00 0.00050484
55.00 -60.00 0.00072579
60.00 -60.00 0.00082128
65.00 -60.00 0.00075567
70.00 -60.00 0.00056799
75.00 -60.00 0.00032229
80.00 -60.00 6.624e-05
85.00 -60.00 -0.00017385
90.00 -60.00 -0.0003744
95.00 -60.00 -0.00050553
100.00 -60.00 -0.00054486
105.00 -60.00 -0.00049623
110.00 -60.00 -0.00038712
115.00 -60.00 -0.00024369
120.00 -60.00 -7.098e-05
125.00 -60.00 0.00013719
130.00 -60.00 0.0003678
135.00 -60.00 0.00057474
140.00 -60.00 0.00070461
145.00 -60.00 0.00074355
150.00 -60.00 0.00073659
155.00 -60.00 0.00075408
160.00 -60.00 0.00083208
165.00 -60.00 0.00094377
170.00 -60.00 0.00103188
175.00 -60.00 0.00107199
180.00 -60.00 0.00110241
-180.00 -55.00 0.00055734
-175.00 -55.00 0.00053901
-170.00 -55.00 0.00081111
-165.00 -55.00 0.00124788
-160.00 -55.00 0.00156411
-155.00 -55.00 0.00154398
-150.00 -55.00 0.00121416
-145.00 -55.00 0.00080964
-140.00 -55.00 0.00056964
-135.00 -55.00 0.00054939
-130.00 -55.00 0.00061161
-125.00 -55.00 0.00058875
-120.00 -55.00 0.00045285
-115.00 -55.00 0.00033528
-110.00 -55.00 0.0003915
-105.00 -55.00 0.00064806
-100.00 -55.00 0.00097098
-95.00 -55.00 0.0011718
-90.00 -55.00 0.00115014
-85.00 -55.00 0.00095571
-80.00 -55.00 0.00073419
-75.00 -55.00 0.00061668
-70.00 -55.00 0.00064347
-65.00 -55.00 0.00076752
-60.00 -55.00 0.00091002
-55.00 -55.00 0.00100854
-50.00 -55.00 0.00103011
-45.00 -55.00 0.00097191
-40.00 -55.00 0.00087486
-35.00 -55.00 0.00083094
-30.00 -55.00 0.000939
-25.00 -55.00 0.00121146
-20.00 -55.00 0.00151131
-15.00 -55.00 0.00160845
-10.00 -55.00 0.00134802
-5.00 -55.00 0.00080394
0.00 -55.00 0.00027078
5.00 -55.00 6.6e-05
10.00 -55.00 0.00028065
15.00 -55.00 0.00068187
20.00 -55.00 0.00086433
25.00 -55.00 0.00054777
30.00 -55.00 -0.00020946
35.00 -55.00 -0.00104574
40.00 -55.00 -0.00154641
45.00 -55.00 -0.00151035
50.00 -55.00 -0.00104046
55.00 -55.00 -0.00042144
60.00 -55.00 8.907e-05
65.00 -55.00 0.00038829
70.00 -55.00 0.00050706
75.00 -55.00 0.00050862
80.00 -55.00 0.00042699
85.00 -55.00 0.00029295
90.00 -55.00 0.00018465
95.00 -55.00 0.00020982
100.00 -55.00 0.00041214
105.00 -55.00 0.00069861
110.00 -55.00 0.00088755
115.00 -55.00 0.00085845
120.00 -55.00 0.00066606
125.00 -55.00 0.00049692
130.00 -55.00 0.00049917
135.00 -55.00 0.00064929
140.00 -55.00 0.00078912
145.00 -55.00 0.00079371
150.00 -55.00 0.00069621
155.00 -55.00 0.00064122
160.00 -55.00 0.00071868
165.00 -55.00 0.00085638
170.00 -55.00 0.00089094
175.00 -55.00 0.00075012
180.00 -55.00 0.00055734
-180.00 -50.00 9.834e-05
-175.00 -50.00 -0.00022506
-170.00 -50.00 -0.00010857
-165.00 -50.00 0.00033657
-160.00 -50.00 0.00070461
-155.00 -50.00 0.00066822
-150.00 -50.00 0.00026061
-145.00 -50.00 -0.00018552
-140.00 -50.00 -0.00036654
-135.00 -50.00 -0.00028059
-130.00 -50.00 -0.00018012
-125.00 -50.00 -0.00026409
-120.00 -50.00 -0.00043851
-115.00 -50.00 -0.00040317
-110.00 -50.00 2.712e-05
-105.00 -50.00 0.00070209
-100.00 -50.00 0.0012381
-95.00 -50.00 0.0013395
-90.00 -50.00 0.00104109
-85.00 -50.00 0.00067035
-80.00 -50.00 0.00057876
-75.00 -50.00 0.00087477
-70.00 -50.00 0.00137106
-65.00 -50.00 0.00177096
-60.00 -50.00 0.00191271
-55.00 -50.00 0.00185028
-50.00 -50.00 0.00172497
-45.00 -50.00 0.00159795
-40.00 -50.00 0.00143511
-35.00 -50.00 0.00123315
-30.00 -50.00 0.00109467
-25.00 -50.00 0.00112356
-20.00 -50.00 0.00125064
-15.00 -50.00 0.00121599
-10.00 -50.00 0.000786
-5.00 -50.00 2.316e-05
0.00 -50.00 -0.0006642
5.00 -50.00 -0.00079446
10.00 -50.00 -0.00021858
15.00 -50.00 0.00068598
20.00 -50.00 0.00123942
25.00 -50.00 0.00095541
30.00 -50.00 -9.126e-05
35.00 -50.00 -0.00132765
40.00 -50.00 -0.0021066
45.00 -50.00 -0.00213387
50.00 -50.00 -0.00158076
55.00 -50.00 -0.00085626
60.00 -50.00 -0.00027567
65.00 -50.00 9.936e-05
70.00 -50.00 0.00036456
75.00 -50.00 0.0005754
80.00 -50.00 0.00067905
85.00 -50.00 0.00063894
90.00 -50.00 0.00058188
95.00 -50.00 0.00075069
100.00 -50.00 0.00125775
105.00 -50.00 0.00188664
110.00 -50.00 0.00219585
115.00 -50.00 0.00189036
120.00 -50.00 0.00112098
125.00 -50.00 0.00039057
130.00 -50.00 0.00012315
135.00 -50.00 0.00030672
140.00 -50.00 0.00055917
145.00 -50.00 0.00053721
150.00 -50.00 0.00026793
155.00 -50.00 7.899e-05
160.00 -50.00 0.0002205
165.00 -50.00 0.00057915
170.00 -50.00 0.00077997
175.00 -50.00 0.00057174
180.00 -50.00 9.834e-05
-180.00 -45.00 0.00066225
-175.00 -45.00 4.842e-05
-170.00 -45.00 -0.00016992
-165.00 -45.00 -2.685e-05
-160.00 -45.00 9.612e-05
-155.00 -45.00 -0.0001011
-150.00 -45.00 -0.00054069
-145.00 -45.00 -0.00086061
-140.00 -45.00 -0.00079485
-135.00 -45.00 -0.00047019
-130.00 -45.00 -0.00029007
-125.00 -45.00 -0.00048231
-120.00 -45.00 -0.00079779
-115.00 -45.00 -0.00073419
-110.00 -45.00 -6.942e-05
-105.00 -45.00 0.00087303
-100.00 -45.00 0.00150255
-95.00 -45.00 0.0014856
-90.00 -45.00 0.00102123
-85.00 -45.00 0.00065811
-80.00 -45.00 0.00083706
-75.00 -45.00 0.00153423
-70.00 -45.00 0.0022926
-65.00 -45.00 0.00262296
-60.00 -45.00 0.00242157
-55.00 -45.00 0.00200727
-50.00 -45.00 0.00174459
-45.00 -45.00 0.00166062
-40.00 -45.00 0.00147597
-35.00 -45.00 0.00099336
-30.00 -45.00 0.00037236
-25.00 -45.00 -3.144e-05
-20.00 -45.00 -6.318e-05
-15.00 -45.00 5.163e-05
-10.00 -45.00 -6.999e-05
-5.00 -45.00 -0.00057486
0.00 -45.00 -0.00117954
5.00 -45.00 -0.00136707
10.00 -45.00 -0.00084657
15.00 -45.00 0.00011352
20.00 -45.00 0.00083226
25.00 -45.00 0.00077007
30.00 -45.00 -1.86e-05
35.00 -45.00 -0.00096273
40.00 -45.00 -0.00147264
45.00 -45.00 -0.00137292
50.00 -45.00 -0.00093465
55.00 -45.00 -0.00056583
60.00 -45.00 -0.00045882
65.00 -45.00 -0.00047961
70.00 -45.00 -0.00037434
75.00 -45.00 -7.833e-05
80.00 -45.00 0.00020853
85.00 -45.00 0.00027831
90.00 -45.00 0.00021939
95.00 -45.00 0.00039405
100.00 -45.00 0.00105054
105.00 -45.00 0.00194985
110.00 -45.00 0.00245082
115.00 -45.00 0.00207249
120.00 -45.00 0.00100953
125.00 -45.00 2.43e-05
130.00 -45.00 -0.00024177
135.00 -45.00 0.00015423
140.00 -45.00 0.0005829
145.00 -45.00 0.00051246
150.00 -45.00 2.244e-05
155.00 -45.00 -0.00032205
160.00 -45.00 -6.693e-05
165.00 -45.00 0.00066069
170.00 -45.00 0.00126138
175.00 -45.00 0.00123918
180.00 -45.00 0.00066225
-180.00 -40.00 0.00132129
-175.00 -40.00 0.00059223
-170.00 -40.00 0.00016065
-165.00 -40.00 3.864e-05
-160.00 -40.00 -2.913e-05
-155.00 -40.00 -0.00023097
-150.00 -40.00 -0.00052581
-145.00 -40.00 -0.00068526
-140.00 -40.00 -0.00050295
-135.00 -40.00 -6.282e-05
-130.00 -40.00 0.00025758
-125.00 -40.00 0.00019149
-120.00 -40.00 -5.916e-05
-115.00 -40.00 -3.027e-05
-110.00 -40.00 0.00045351
-105.00 -40.00 0.00107508
-100.00 -40.00 0.00137733
-95.00 -40.00 0.00121413
-90.00 -40.00 0.00085578
-85.00 -40.00 0.00074175
-80.00 -40.00 0.00111237
-75.00 -40.00 0.00177072
-70.00 -40.00 0.00219036
-65.00 -40.00 0.00196935
-60.00 -40.00 0.00124587
-55.00 -40.00 0.00060252
-50.00 -40.00 0.0004788
-45.00 -40.00 0.00070629
-40.00 -40.00 0.00071262
-35.00 -40.00 0.00018126
-30.00 -40.00 -0.00059667
-25.00 -40.00 -0.00105654
-20.00 -40.00 -0.0009381
-15.00 -40.00 -0.00047832
-10.00 -40.00 -0.00014973
-5.00 -40.00 -0.00029445
0.00 -40.00 -0.00088908
5.00 -40.00 -0.00153177
10.00 -40.00 -0.00174627
15.00 -40.00 -0.00144129
20.00 -40.00 -0.00101694
25.00 -40.00 -0.00091566
30.00 -40.00 -0.00114735
35.00 -40.00 -0.0013611
40.00 -40.00 -0.00128589
45.00 -40.00 -0.00097203
50.00 -40.00 -0.00067758
55.00 -40.00 -0.00063888
60.00 -40.00 -0.00088677
65.00 -40.00 -0.00118089
70.00 -40.00 -0.00118542
75.00 -40.00 -0.00080799
80.00 -40.00 -0.00032556
85.00 -40.00 -9.48e-05
90.00 -40.00 -0.00014994
95.00 -40.00 -0.0001356
100.00 -40.00 0.00032925
105.00 -40.00 0.00118578
110.00 -40.00 0.00186204
115.00 -40.00 0.00179658
120.00 -40.00 0.00108267
125.00 -40.00 0.00044868
130.00 -40.00 0.00049656
135.00 -40.00 0.00107337
140.00 -40.00 0.00149745
145.00 -40.00 0.00130344
150.00 -40.00 0.00067101
155.00 -40.00 0.00021159
160.00 -40.00 0.0004065
165.00 -40.00 0.00116187
170.00 -40.00 0.00185733
175.00 -40.00 0.00191058
180.00 -40.00 0.00132129
-180.00 -35.00 0.00084708
-175.00 -35.00 0.00023973
-170.00 -35.00 -0.00013458
-165.00 -35.00 -0.00029922
-160.00 -35.00 -0.00033339
-155.00 -35.00 -0.00026319
-150.00 -35.00 -0.00022614
-145.00 -35.00 -0.00035121
-140.00 -35.00 -0.00047523
-135.00 -35.00 -0.00031641
-130.00 -35.00 0.00010764
-125.00 -35.00 0.00053532
-120.00 -35.00 0.00084351
-115.00 -35.00 0.0010671
-110.00 -35.00 0.00113895
-105.00 -35.00 0.00093594
-100.00 -35.00 0.00054879
-95.00 -35.00 0.00025581
-90.00 -35.00 0.00024861
-85.00 -35.00 0.00052815
-80.00 -35.00 0.00096462
-75.00 -35.00 0.00128967
-70.00 -35.00 0.00115458
-65.00 -35.00 0.00044691
-60.00 -35.00 -0.00044559
-55.00 -35.00 -0.0008886
-50.00 -35.00 -0.00063003
-45.00 -35.00 -9.531e-05
-40.00 -35.00 6.564e-05
-35.00 -35.00 -0.00030219
-30.00 -35.00 -0.00074232
-25.00 -35.00 -0.00078966
-20.00 -35.00 -0.00045786
-15.00 -35.00 -4.878e-05
-10.00 -35.00 0.0002145
-5.00 -35.00 0.00015852
0.00 -35.00 -0.00041091
5.00 -35.00 -0.00140457
10.00 -35.00 -0.00230499
15.00 -35.00 -0.00267378
20.00 -35.00 -0.00262491
25.00 -35.00 -0.0025107
30.00 -35.00 -0.00238887
35.00 -35.00 -0.00212511
40.00 -35.00 -0.00177267
45.00 -35.00 -0.0014922
50.00 -35.00 -0.00128541
55.00 -35.00 -0.00109929
60.00 -35.00 -0.00100014
65.00 -35.00 -0.0009975
70.00 -35.00 -0.00089757
75.00 -35.00 -0.00055485
80.00 -35.00 -0.00011457
85.00 -35.00 0.00014655
90.00 -35.00 0.00011598
95.00 -35.00 -4.536e-05
100.00 -35.00 3.99e-06
105.00 -35.00 0.00048402
110.00 -35.00 0.0011652
115.00 -35.00 0.00154659
120.00 -35.00 0.0015084
125.00 -35.00 0.00149202
130.00 -35.00 0.00183348
135.00 -35.00 0.00226443
140.00 -35.00 0.002325
145.00 -35.00 0.00194352
150.00 -35.00 0.00137796
155.00 -35.00 0.00091083
160.00 -35.00 0.00078195
165.00 -35.00 0.00106263
170.00 -35.00 0.00142476
175.00 -35.00 0.00137577
180.00 -35.00 0.00084708
-180.00 -30.00 2.385e-05
-175.00 -30.00 -0.00028938
-170.00 -30.00 -0.00049674
-165.00 -30.00 -0.00074685
-160.00 -30.00 -0.00093084
-155.00 -30.00 -0.00075651
-150.00 -30.00 -0.00046011
-145.00 -30.00 -0.00060639
-140.00 -30.00 -0.00115542
-135.00 -30.00 -0.00144504
-130.00 -30.00 -0.00106671
-125.00 -30.00 -0.00019458
-120.00 -30.00 0.00077244
-115.00 -30.00 0.0013746
-110.00 -30.00 0.00118143
-105.00 -30.00 0.00026205
-100.00 -30.00 -0.00065373
-95.00 -30.00 -0.00089166
-90.00 -30.00 -0.00048423
-85.00 -30.00 0.00012627
-80.00 -30.00 0.00063912
-75.00 -30.00 0.00087039
-70.00 -30.00 0.00060813
-65.00 -30.00 -9.978e-05
-60.00 -30.00 -0.00074703
-55.00 -30.00 -0.00081264
-50.00 -30.00 -0.00035394
-45.00 -30.00 4.779e-05
-40.00 -30.00 -3.111e-05
-35.00 -30.00 -0.00035142
-30.00 -30.00 -0.0003531
-25.00 -30.00 3.021e-05
-20.00 -30.00 0.00025644
-15.00 -30.00 2.142e-05
-10.00 -30.00 -0.00028425
-5.00 -30.00 -0.00033984
0.00 -30.00 -0.00055128
5.00 -30.00 -0.00134886
10.00 -30.00 -0.00234153
15.00 -30.00 -0.00286266
20.00 -30.00 -0.0029004
25.00 -30.00 -0.00280686
30.00 -30.00 -0.00258234
35.00 -30.00 -0.00214821
40.00 -30.00 -0.00181932
45.00 -30.00 -0.00180339
50.00 -30.00 -0.00170628
55.00 -30.00 -0.00114891
60.00 -30.00 -0.00040734
65.00 -30.00 5.586e-05
70.00 -30.00 0.00021816
75.00 -30.00 0.00028767
80.00 -30.00 0.00034215
85.00 -30.00 0.00040527
90.00 -30.00 0.00045705
95.00 -30.00 0.00035193
100.00 -30.00 0.00013194
105.00 -30.00 0.0001959
110.00 -30.00 0.0007095
115.00 -30.00 0.00125538
120.00 -30.00 0.00152943
125.00 -30.00 0.00179931
130.00 -30.00 0.00219369
135.00 -30.00 0.00227496
140.00 -30.00 0.00183669
145.00 -30.00 0.00133101
150.00 -30.00 0.00103086
155.00 -30.00 0.00062712
160.00 -30.00 6.519e-05
165.00 -30.00 -0.00015558
170.00 -30.00 9.192e-05
175.00 -30.00 0.0002538
180.00 -30.00 2.385e-05
-180.00 -25.00 -0.0002754
-175.00 -25.00 -0.00040299
-170.00 -25.00 -0.00044925
-165.00 -25.00 -0.00084834
-160.00 -25.00 -0.00149373
-155.00 -25.00 -0.00167574
-150.00 -25.00 -0.00140415
-145.00 -25.00 -0.00141591
-140.00 -25.00 -0.00185778
-135.00 -25.00 -0.00212325
-130.00 -25.00 -0.00183762
-125.00 -25.00 -0.00109089
-120.00 -25.00 -9.276e-05
-115.00 -25.00 0.00064857
-110.00 -25.00 0.00042642
-105.00 -25.00 -0.00067755
-100.00 -25.00 -0.00157887
-95.00 -25.00 -0.0015183
-90.00 -25.00 -0.00086391
-85.00 -25.00 -0.00021042
-80.00 -25.00 0.00039645
-75.00 -25.00 0.00091722
-70.00 -25.00 0.00094797
-65.00 -25.00 0.00042366
-60.00 -25.00 -2.946e-05
-55.00 -25.00 8.493e-05
-50.00 -25.00 0.00045108
-45.00 -25.00 0.00042096
-40.00 -25.00 -0.00011202
-35.00 -25.00 -0.00055839
-30.00 -25.00 -0.00035949
-25.00 -25.00 0.00018867
-20.00 -25.00 0.00017115
-15.00 -25.00 -0.00064872
-10.00 -25.00 -0.00134928
-5.00 -25.00 -0.00123936
0.00 -25.00 -0.00099393
5.00 -25.00 -0.00151932
10.00 -25.00 -0.00246294
15.00 -25.00 -0.00293586
20.00 -25.00 -0.00292767
25.00 -25.00 -0.00284313
30.00 -25.00 -0.0024834
35.00 -25.00 -0.00168801
40.00 -25.00 -0.00111144
45.00 -25.00 -0.00120063
50.00 -25.00 -0.00128544
55.00 -25.00 -0.0006894
60.00 -25.00 0.00018408
65.00 -25.00 0.00066966
70.00 -25.00 0.00075768
75.00 -25.00 0.00063807
80.00 -25.00 0.0003495
85.00 -25.00 0.00017334
90.00 -25.00 0.00036939
95.00 -25.00 0.00056178
100.00 -25.00 0.00037623
105.00 -25.00 0.00025662
110.00 -25.00 0.00062583
115.00 -25.00 0.00100323
120.00 -25.00 0.00098976
125.00 -25.00 0.00107244
130.00 -25.00 0.00145119
135.00 -25.00 0.00139149
140.00 -25.00 0.00068748
145.00 -25.00 0.00023277
150.00 -25.00 0.00028914
155.00 -25.00 -7.794e-05
160.00 -25.00 -0.0010698
165.00 -25.00 -0.00152499
170.00 -25.00 -0.00094272
175.00 -25.00 -0.00030186
180.00 -25.00 -0.0002754
-180.00 -20.00 -0.00090015
-175.00 -20.00 -0.00122067
-170.00 -20.00 -0.00101844
-165.00 -20.00 -0.00115338
-160.00 -20.00 -0.00189891
-155.00 -20.00 -0.00240522
-150.00 -20.00 -0.00232293
-145.00 -20.00 -0.00211188
-140.00 -20.00 -0.00189234
-135.00 -20.00 -0.00150198
-130.00 -20.00 -0.00119508
-125.00 -20.00 -0.00108702
-120.00 -20.00 -0.00073632
-115.00 -20.00 -0.0002013
-110.00 -20.00 -0.00033582
-105.00 -20.00 -0.00123633
-100.00 -20.00 -0.00177306
-95.00 -20.00 -0.00136221
-90.00 -20.00 -0.00073899
-85.00 -20.00 -0.00041412
-80.00 -20.00 5.895e-05
-75.00 -20.00 0.00075132
-70.00 -20.00 0.00088386
-65.00 -20.00 0.00026739
-60.00 -20.00 -0.00016929
-55.00 -20.00 0.00016548
-50.00 -20.00 0.00065316
-45.00 -20.00 0.00047745
-40.00 -20.00 -0.0002862
-35.00 -20.00 -0.00088218
-30.00 -20.00 -0.00077244
-25.00 -20.00 -0.00027123
-20.00 -20.00 -0.00026613
-15.00 -20.00 -0.00101622
-10.00 -20.00 -0.00162489
-5.00 -20.00 -0.00141303
0.00 -20.00 -0.00114279
5.00 -20.00 -0.00176706
10.00 -20.00 -0.00278616
15.00 -20.00 -0.00321279
20.00 -20.00 -0.00320376
25.00 -20.00 -0.00322575
30.00 -20.00 -0.00275448
35.00 -20.00 -0.00143163
40.00 -20.00 -0.00027699
45.00 -20.00 -0.00016989
50.00 -20.00 -0.00041898
55.00 -20.00 -0.00016881
60.00 -20.00 0.00023715
65.00 -20.00 0.00035016
70.00 -20.00 0.00045456
75.00 -20.00 0.00057279
80.00 -20.00 0.0003072
85.00 -20.00 -1.344e-05
90.00 -20.00 0.00025554
95.00 -20.00 0.00070107
100.00 -20.00 0.00062706
105.00 -20.00 0.00049836
110.00 -20.00 0.00086406
115.00 -20.00 0.00103809
120.00 -20.00 0.00056904
125.00 -20.00 0.00038958
130.00 -20.00 0.0009006
135.00 -20.00 0.00095694
140.00 -20.00 0.00019032
145.00 -20.00 -9.765e-05
150.00 -20.00 0.00038079
155.00 -20.00 9.837e-05
160.00 -20.00 -0.00126162
165.00 -20.00 -0.00192093
170.00 -20.00 -0.00118086
175.00 -20.00 -0.00055653
180.00 -20.00 -0.00090015
-180.00 -15.00 -0.00203964
-175.00 -15.00 -0.00272724
-170.00 -15.00 -0.00227916
-165.00 -15.00 -0.00178464
-160.00 -15.00 -0.00195444
-155.00 -15.00 -0.00227016
-150.00 -15.00 -0.00234765
-145.00 -15.00 -0.00215634
-140.00 -15.00 -0.00142464
-135.00 -15.00 -0.00037476
-130.00 -15.00 -2.481e-05
-125.00 -15.00 -0.00056172
-120.00 -15.00 -0.00084609
-115.00 -15.00 -0.00045162
-110.00 -15.00 -0.00038703
-105.00 -15.00 -0.00099735
-100.00 -15.00 -0.00119112
-95.00 -15.00 -0.00052851
-90.00 -15.00 -1.488e-05
-85.00 -15.00 -0.00013524
-80.00 -15.00 -0.00013743
-75.00 -15.00 0.00015903
-70.00 -15.00 -0.00012333
-65.00 -15.00 -0.00102699
-60.00 -15.00 -0.00128295
-55.00 -15.00 -0.00033618
-50.00 -15.00 0.0007284
-45.00 -15.00 0.00078612
-40.00 -15.00 -1.38e-05
-35.00 -15.00 -0.00081627
-30.00 -15.00 -0.00105213
-25.00 -15.00 -0.00079485
-20.00 -15.00 -0.00062673
-15.00 -15.00 -0.00094506
-10.00 -15.00 -0.00135801
-5.00 -15.00 -0.00138408
0.00 -15.00 -0.00142932
5.00 -15.00 -0.00202401
10.00 -15.00 -0.00265713
15.00 -15.00 -0.0027024
20.00 -15.00 -0.00266469
25.00 -15.00 -0.00298194
30.00 -15.00 -0.00274278
35.00 -15.00 -0.00130029
40.00 -15.00 0.00018936
45.00 -15.00 0.00052584
50.00 -15.00 0.00024018
55.00 -15.00 0.00017613
60.00 -15.00 0.00010311
65.00 -15.00 -8.628e-05
70.00 -15.00 0.00018507
75.00 -15.00 0.00072252
80.00 -15.00 0.00065199
85.00 -15.00 0.00024792
90.00 -15.00 0.00046212
95.00 -15.00 0.00094887
100.00 -15.00 0.00084606
105.00 -15.00 0.00062562
110.00 -15.00 0.00091218
115.00 -15.00 0.00094287
120.00 -15.00 0.00032013
125.00 -15.00 0.00022689
130.00 -15.00 0.0009912
135.00 -15.00 0.00107949
140.00 -15.00 0.0001629
145.00 -15.00 1.863e-05
150.00 -15.00 0.00095184
155.00 -15.00 0.00089739
160.00 -15.00 -0.000651
165.00 -15.00 -0.00158088
170.00 -15.00 -0.00110283
175.00 -15.00 -0.00099753
180.00 -15.00 -0.00203964
-180.00 -10.00 -0.00213825
-175.00 -10.00 -0.00278907
-170.00 -10.00 -0.00241215
-165.00 -10.00 -0.00178773
-160.00 -10.00 -0.00151098
-155.00 -10.00 -0.0015033
-150.00 -10.00 -0.00171279
-145.00 -10.00 -0.0017754
-140.00 -10.00 -0.0010095
-135.00 -10.00 0.00018027
-130.00 -10.00 0.00040149
-125.00 -10.00 -0.00045201
-120.00 -10.00 -0.00088689
-115.00 -10.00 -0.000363
-110.00 -10.00 -3.687e-05
-105.00 -10.00 -0.00039288
-100.00 -10.00 -0.00036759
-95.00 -10.00 0.0004989
-90.00 -10.00 0.00114777
-85.00 -10.00 0.00090753
-80.00 -10.00 0.00040074
-75.00 -10.00 -1.095e-05
-70.00 -10.00 -0.00081459
-65.00 -10.00 -0.00180033
-60.00 -10.00 -0.00172815
-55.00 -10.00 -0.00026892
-50.00 -10.00 0.00119877
-45.00 -10.00 0.00138768
-40.00 -10.00 0.00052299
-35.00 -10.00 -0.00044508
-30.00 -10.00 -0.00099531
-25.00 -10.00 -0.00111573
-20.00 -10.00 -0.00106581
-15.00 -10.00 -0.00120708
-10.00 -10.00 -0.00160425
-5.00 -10.00 -0.00196818
0.00 -10.00 -0.00215037
5.00 -10.00 -0.00217224
10.00 -10.00 -0.00188214
15.00 -10.00 -0.00139185
20.00 -10.00 -0.00141531
25.00 -10.00 -0.00209889
30.00 -10.00 -0.00227775
35.00 -10.00 -0.00117843
40.00 -10.00 0.00017322
45.00 -10.00 0.00057189
50.00 -10.00 0.00034194
55.00 -10.00 0.00019638
60.00 -10.00 1.464e-05
65.00 -10.00 -0.00016908
70.00 -10.00 0.00021357
75.00 -10.00 0.00089655
80.00 -10.00 0.00096465
85.00 -10.00 0.00064227
90.00 -10.00 0.00083898
95.00 -10.00 0.0012423
100.00 -10.00 0.00100905
105.00 -10.00 0.00050673
110.00 -10.00 0.00033477
115.00 -10.00 3.858e-05
120.00 -10.00 -0.00042714
125.00 -10.00 -4.545e-05
130.00 -10.00 0.00096261
135.00 -10.00 0.00090381
140.00 -10.00 -0.00013767
145.00 -10.00 -9.882e-05
150.00 -10.00 0.00109902
155.00 -10.00 0.00111381
160.00 -10.00 -0.00052701
165.00 -10.00 -0.00159645
170.00 -10.00 -0.00125796
175.00 -10.00 -0.00119025
180.00 -10.00 -0.00213825
-180.00 -5.00 -0.00095943
-175.00 -5.00 -0.00101547
-170.00 -5.00 -0.00100431
-165.00 -5.00 -0.00104607
-160.00 -5.00 -0.00108315
-155.00 -5.00 -0.00117852
-150.00 -5.00 -0.00149541
-145.00 -5.00 -0.00154527
-140.00 -5.00 -0.00073329
-135.00 -5.00 0.00026409
-130.00 -5.00 0.00022077
-125.00 -5.00 -0.00061626
-120.00 -5.00 -0.00088083
-115.00 -5.00 -0.00032343
-110.00 -5.00 6.42e-06
-105.00 -5.00 -0.00022383
-100.00 -5.00 -8.124e-05
-95.00 -5.00 0.00091701
-90.00 -5.00 0.0019095
-85.00 -5.00 0.00197496
-80.00 -5.00 0.00128031
-75.00 -5.00 0.00043026
-70.00 -5.00 -0.00041913
-65.00 -5.00 -0.00111951
-60.00 -5.00 -0.00104235
-55.00 -5.00 2.814e-05
-50.00 -5.00 0.00112548
-45.00 -5.00 0.00119478
-40.00 -5.00 0.00045696
-35.00 -5.00 -0.00018495
-30.00 -5.00 -0.000504
-25.00 -5.00 -0.00083733
-20.00 -5.00 -0.00122799
-15.00 -5.00 -0.00152661
-10.00 -5.00 -0.00184008
-5.00 -5.00 -0.00221778
0.00 -5.00 -0.0023202
5.00 -5.00 -0.00185841
10.00 -5.00 -0.00109296
15.00 -5.00 -0.0006849
20.00 -5.00 -0.00107358
25.00 -5.00 -0.00187029
30.00 -5.00 -0.002052
35.00 -5.00 -0.0011853
40.00 -5.00 -9.432e-05
45.00 -5.00 0.00027912
50.00 -5.00 7.551e-05
55.00 -5.00 -0.00010038
60.00 -5.00 -0.00014838
65.00 -5.00 -0.00010179
70.00 -5.00 0.00024939
75.00 -5.00 0.00077352
80.00 -5.00 0.00102582
85.00 -5.00 0.00109218
90.00 -5.00 0.00134406
95.00 -5.00 0.00152085
100.00 -5.00 0.00115542
105.00 -5.00 0.00040839
110.00 -5.00 -0.00041619
115.00 -5.00 -0.00122709
120.00 -5.00 -0.00145749
125.00 -5.00 -0.00057048
130.00 -5.00 0.00046776
135.00 -5.00 0.00027918
140.00 -5.00 -0.00041238
145.00 -5.00 9.75e-05
150.00 -5.00 0.0011901
155.00 -5.00 0.00073434
160.00 -5.00 -0.00115368
165.00 -5.00 -0.00224967
170.00 -5.00 -0.00179229
175.00 -5.00 -0.00108825
180.00 -5.00 -0.00095943
-180.00 0.00 -0.00030297
-175.00 0.00 0.00019173
-170.00 0.00 -8.337e-05
-165.00 0.00 -0.00074982
-160.00 0.00 -0.00128607
-155.00 0.00 -0.00172176
-150.00 0.00 -0.00198654
-145.00 0.00 -0.0014868
-140.00 0.00 -0.00028092
-135.00 0.00 0.00048282
-130.00 0.00 0.00019506
-125.00 0.00 -0.00034749
-120.00 0.00 -0.00036285
-115.00 0.00 -0.00016314
-110.00 0.00 -0.00029805
-105.00 0.00 -0.000597
-100.00 0.00 -0.0004368
-95.00 0.00 0.00049188
-90.00 0.00 0.0016887
-85.00 0.00 0.00213744
-80.00 0.00 0.00148635
-75.00 0.00 0.00056061
-70.00 0.00 0.00012279
-65.00 0.00 -8.508e-05
-60.00 0.00 -0.00037419
-55.00 0.00 -0.00037371
-50.00 0.00 -3.531e-05
-45.00 0.00 1.662e-05
-40.00 0.00 -0.0002253
-35.00 0.00 -6.402e-05
-30.00 0.00 0.00033711
-25.00 0.00 4.278e-05
-20.00 0.00 -0.00085794
-15.00 0.00 -0.00133908
-10.00 0.00 -0.00124038
-5.00 0.00 -0.00124365
0.00 0.00 -0.00135591
5.00 0.00 -0.00108216
10.00 0.00 -0.00072351
15.00 0.00 -0.00102429
20.00 0.00 -0.00185775
25.00 0.00 -0.00235584
30.00 0.00 -0.00203415
35.00 0.00 -0.00113877
40.00 0.00 -0.00024882
45.00 0.00 0.00013149
50.00 0.00 -4.596e-05
55.00 0.00 -0.0002967
60.00 0.00 -0.00018525
65.00 0.00 0.00017214
70.00 0.00 0.00046641
75.00 0.00 0.00075198
80.00 0.00 0.00123984
85.00 0.00 0.00175566
90.00 0.00 0.00187671
95.00 0.00 0.00155901
100.00 0.00 0.00111966
105.00 0.00 0.00054384
110.00 0.00 -0.00046056
115.00 0.00 -0.00146796
120.00 0.00 -0.00145086
125.00 0.00 -0.00047082
130.00 0.00 6.111e-05
135.00 0.00 -0.00033399
140.00 0.00 -0.00028242
145.00 0.00 0.00091065
150.00 0.00 0.00164679
155.00 0.00 0.00046815
160.00 0.00 -0.00160134
165.00 0.00 -0.00264984
170.00 0.00 -0.00228831
175.00 0.00 -0.00128994
180.00 0.00 -0.00030297
-180.00 5.00 -0.00065538
-175.00 5.00 -0.00020676
-170.00 5.00 -0.00061131
-165.00 5.00 -0.00128673
-160.00 5.00 -0.00181251
-155.00 5.00 -0.00233031
-150.00 5.00 -0.00235302
-145.00 5.00 -0.0011931
-140.00 5.00 0.00030027
-135.00 5.00 0.00065619
-130.00 5.00 0.00017334
-125.00 5.00 0.00015831
-120.00 5.00 0.00049503
-115.00 5.00 0.00019956
-110.00 5.00 -0.00057027
-105.00 5.00 -0.00096795
-100.00 5.00 -0.00077526
-95.00 5.00 -3.357e-05
-90.00 5.00 0.00114099
-85.00 5.00 0.00182466
-80.00 5.00 0.00120756
-75.00 5.00 0.00018321
-70.00 5.00 2.745e-05
-65.00 5.00 0.00023022
-60.00 5.00 -0.0002631
-55.00 5.00 -0.00095334
-50.00 5.00 -0.00099189
-45.00 5.00 -0.00079122
-40.00 5.00 -0.00068598
-35.00 5.00 -7.806e-05
-30.00 5.00 0.0007497
-25.00 5.00 0.00043845
-20.00 5.00 -0.00086679
-15.00 5.00 -0.00139104
-10.00 5.00 -0.00071553
-5.00 5.00 -0.00019752
0.00 5.00 -0.00033513
5.00 5.00 -0.00041184
10.00 5.00 -0.00051249
15.00 5.00 -0.00131988
20.00 5.00 -0.00232539
25.00 5.00 -0.00243342
30.00 5.00 -0.00173448
35.00 5.00 -0.00101841
40.00 5.00 -0.00045756
45.00 5.00 -2.133e-05
50.00 5.00 -1.116e-05
55.00 5.00 -0.00025254
60.00 5.00 -3.324e-05
65.00 5.00 0.00061251
70.00 5.00 0.00095076
75.00 5.00 0.00103575
80.00 5.00 0.00153981
85.00 5.00 0.00214128
90.00 5.00 0.00188337
95.00 5.00 0.00102675
100.00 5.00 0.00065739
105.00 5.00 0.00068235
110.00 5.00 0.00023445
115.00 5.00 -0.00029946
120.00 5.00 7.896e-05
125.00 5.00 0.00072549
130.00 5.00 0.00026142
135.00 5.00 -0.0006567
140.00 5.00 -0.00021054
145.00 5.00 0.00123843
150.00 5.00 0.00149673
155.00 5.00 2.994e-05
160.00 5.00 -0.00154221
165.00 5.00 -0.00215034
170.00 5.00 -0.00206994
175.00 5.00 -0.00152556
180.00 5.00 -0.00065538
-180.00 10.00 -0.00069015
-175.00 10.00 -0.00062508
-170.00 10.00 -0.00122733
-165.00 10.00 -0.00174036
-160.00 10.00 -0.00195927
-155.00 10.00 -0.00224322
-150.00 10.00 -0.00198756
-145.00 10.00 -0.00062304
-140.00 10.00 0.00054918
-135.00 10.00 0.00024129
-130.00 10.00 -0.00036258
-125.00 10.00 0.00023124
-120.00 10.00 0.00100803
-115.00 10.00 0.000474
-110.00 10.00 -0.00061755
-105.00 10.00 -0.00093192
-100.00 10.00 -0.00062817
-95.00 10.00 -5.061e-05
-90.00 10.00 0.0010533
-85.00 10.00 0.00196662
-80.00 10.00 0.00146091
-75.00 10.00 0.00018675
-70.00 10.00 -0.00020958
-65.00 10.00 6.324e-05
-60.00 10.00 -0.00022359
-55.00 10.00 -0.00076323
-50.00 10.00 -0.00069498
-45.00 10.00 -0.00051078
-40.00 10.00 -0.00066297
-35.00 10.00 -0.00039948
-30.00 10.00 0.00021249
-25.00 10.00 -0.00024207
-20.00 10.00 -0.00167949
-15.00 10.00 -0.00213294
-10.00 10.00 -0.001113
-5.00 10.00 -0.00024867
0.00 10.00 -0.00021585
5.00 10.00 -0.00018063
10.00 10.00 -0.00018924
15.00 10.00 -0.00100596
20.00 10.00 -0.00199965
25.00 10.00 -0.00197799
30.00 10.00 -0.0013473
35.00 10.00 -0.00112158
40.00 10.00 -0.00102555
45.00 10.00 -0.00054201
50.00 10.00 -0.00024186
55.00 10.00 -0.00043062
60.00 10.00 -0.00026385
65.00 10.00 0.00055152
70.00 10.00 0.00110949
75.00 10.00 0.00113862
80.00 10.00 0.00136833
85.00 10.00 0.00167826
90.00 10.00 0.00117507
95.00 10.00 0.00022254
100.00 10.00 4.509e-05
105.00 10.00 0.00051495
110.00 10.00 0.00068427
115.00 10.00 0.00087138
120.00 10.00 0.00170727
125.00 10.00 0.00211083
130.00 10.00 0.00095118
135.00 10.00 -0.00045519
140.00 10.00 -0.00032259
145.00 10.00 0.00048642
150.00 10.00 0.0001185
155.00 10.00 -0.00102819
160.00 10.00 -0.0014376
165.00 10.00 -0.00121122
170.00 10.00 -0.001197
175.00 10.00 -0.00112638
180.00 10.00 -0.00069015
-180.00 15.00 -0.00028131
-175.00 15.00 -0.00035442
-170.00 15.00 -0.00115572
-165.00 15.00 -0.00173124
-160.00 15.00 -0.00175317
-155.00 15.00 -0.00165987
-150.00 15.00 -0.00116658
-145.00 15.00 -8.319e-05
-140.00 15.00 0.00035412
-135.00 15.00 -0.00051777
-130.00 15.00 -0.00104382
-125.00 15.00 1.341e-05
-120.00 15.00 0.00111519
-115.00 15.00 0.00070029
-110.00 15.00 -0.00021435
-105.00 15.00 -0.00030759
-100.00 15.00 -5.091e-05
-95.00 15.00 0.00017334
-90.00 15.00 0.00105897
-85.00 15.00 0.00222894
-80.00 15.00 0.00213597
-75.00 15.00 0.00083505
-70.00 15.00 -3.117e-05
-65.00 15.00 -4.635e-05
-60.00 15.00 -7.869e-05
-55.00 15.00 -0.0001713
-50.00 15.00 5.796e-05
-45.00 15.00 5.037e-05
-40.00 15.00 -0.0004971
-35.00 15.00 -0.00071154
-30.00 15.00 -0.00044547
-25.00 15.00 -0.00088425
-20.00 15.00 -0.00205758
-15.00 15.00 -0.00237519
-10.00 15.00 -0.0014676
-5.00 15.00 -0.00069846
0.00 15.00 -0.00051633
5.00 15.00 -0.00018177
10.00 15.00 2.997e-05
15.00 15.00 -0.00071295
20.00 15.00 -0.00165885
25.00 15.00 -0.00155073
30.00 15.00 -0.00094908
35.00 15.00 -0.00100158
40.00 15.00 -0.00122751
45.00 15.00 -0.00080424
50.00 15.00 -0.00042
55.00 15.00 -0.00076464
60.00 15.00 -0.00094536
65.00 15.00 -0.00018738
70.00 15.00 0.00069414
75.00 15.00 0.00088713
80.00 15.00 0.00080157
85.00 15.00 0.00077625
90.00 15.00 0.0004563
95.00 15.00 -2.028e-05
100.00 15.00 -4.755e-05
105.00 15.00 0.00019488
110.00 15.00 0.00026898
115.00 15.00 0.00069636
120.00 15.00 0.00179841
125.00 15.00 0.00236817
130.00 15.00 0.00148047
135.00 15.00 0.0002577
140.00 15.00 -0.00011589
145.00 15.00 -0.00038313
150.00 15.00 -0.0012897
155.00 15.00 -0.0017826
160.00 15.00 -0.00108753
165.00 15.00 -0.00035637
170.00 15.00 -0.00048651
175.00 15.00 -0.00063081
180.00 15.00 -0.00028131
-180.00 20.00 -0.00045567
-175.00 20.00 -0.00039621
-170.00 20.00 -0.00116019
-165.00 20.00 -0.00180744
-160.00 20.00 -0.00170181
-155.00 20.00 -0.00117117
-150.00 20.00 -0.00042282
-145.00 20.00 0.00029415
-140.00 20.00 0.00014475
-135.00 20.00 -0.00086385
-130.00 20.00 -0.00115788
-125.00 20.00 3.99e-06
-120.00 20.00 0.00113901
-115.00 20.00 0.00108288
-110.00 20.00 0.00073719
-105.00 20.00 0.00088191
-100.00 20.00 0.00078351
-95.00 20.00 0.00027885
-90.00 20.00 0.0005631
-85.00 20.00 0.00175698
-80.00 20.00 0.00228267
-75.00 20.00 0.0014913
-70.00 20.00 0.00052014
-65.00 20.00 0.00016593
-60.00 20.00 0.00010401
-55.00 20.00 0.00015189
-50.00 20.00 0.00036351
-45.00 20.00 0.00031677
-40.00 20.00 -0.00016188
-35.00 20.00 -0.00045825
-30.00 20.00 -0.00042675
-25.00 20.00 -0.00078039
-20.00 20.00 -0.0014931
-15.00 20.00 -0.00159744
-10.00 20.00 -0.00102066
-5.00 20.00 -0.00066129
0.00 20.00 -0.00058392
5.00 20.00 -0.00023253
10.00 20.00 -7.326e-05
15.00 20.00 -0.00078462
20.00 20.00 -0.0014808
25.00 20.00 -0.00100899
30.00 20.00 -9.042e-05
35.00 20.00 1.146e-05
40.00 20.00 -0.00026277
45.00 20.00 1.887e-05
50.00 20.00 0.00025107
55.00 20.00 -0.00040581
60.00 20.00 -0.00110838
65.00 20.00 -0.00069606
70.00 20.00 0.00029922
75.00 20.00 0.00066618
80.00 20.00 0.00037743
85.00 20.00 0.00016578
90.00 20.00 0.00027933
95.00 20.00 0.00051354
100.00 20.00 0.00060933
105.00 20.00 0.00030609
110.00 20.00 -0.00020505
115.00 20.00 -0.00014046
120.00 20.00 0.00071991
125.00 20.00 0.00143724
130.00 20.00 0.00131436
135.00 20.00 0.00079464
140.00 20.00 0.00021312
145.00 20.00 -0.00076566
150.00 20.00 -0.00169854
155.00 20.00 -0.00134745
160.00 20.00 3.831e-05
165.00 20.00 0.0006054
170.00 20.00 -0.00016611
175.00 20.00 -0.0007563
180.00 20.00 -0.00045567
-180.00 25.00 -0.00082647
-175.00 25.00 -0.00074526
-170.00 25.00 -0.00138168
-165.00 25.00 -0.00203991
-160.00 25.00 -0.00189513
-155.00 25.00 -0.00105588
-150.00 25.00 -4.725e-05
-145.00 25.00 0.00056979
-140.00 25.00 0.00030948
-135.00 25.00 -0.00049446
-130.00 25.00 -0.00069939
-125.00 25.00 6.174e-05
-120.00 25.00 0.00085143
-115.00 25.00 0.00112776
-110.00 25.00 0.00145212
-105.00 25.00 0.00186846
-100.00 25.00 0.00146292
-95.00 25.00 0.0003066
-90.00 25.00 -0.00011289
-85.00 25.00 0.00079617
-80.00 25.00 0.00179466
-75.00 25.00 0.00182679
-70.00 25.00 0.00129087
-65.00 25.00 0.00086451
-60.00 25.00 0.00059472
-55.00 25.00 0.00044802
-50.00 25.00 0.00051885
-45.00 25.00 0.00060222
-40.00 25.00 0.00042123
-35.00 25.00 4.455e-05
-30.00 25.00 -0.00043434
-25.00 25.00 -0.00102429
-20.00 25.00 -0.00137466
-15.00 25.00 -0.00108291
-10.00 25.00 -0.00053196
-5.00 25.00 -0.00038079
0.00 25.00 -0.0004437
5.00 25.00 -0.00026001
10.00 25.00 -0.00022659
15.00 25.00 -0.00075393
20.00 25.00 -0.00104466
25.00 25.00 -0.00029163
30.00 25.00 0.000747
35.00 25.00 0.00097971
40.00 25.00 0.00081531
45.00 25.00 0.00111336
50.00 25.00 0.00136287
55.00 25.00 0.00067677
60.00 25.00 -0.00033186
65.00 25.00 -0.00041382
70.00 25.00 0.00028218
75.00 25.00 0.00058281
80.00 25.00 0.00018954
85.00 25.00 -7.404e-05
90.00 25.00 0.00037341
95.00 25.00 0.00116535
100.00 25.00 0.00153828
105.00 25.00 0.00115056
110.00 25.00 0.00041583
115.00 25.00 5.706e-05
120.00 25.00 0.00027966
125.00 25.00 0.00067695
130.00 25.00 0.000918
135.00 25.00 0.0008751
140.00 25.00 0.00021189
145.00 25.00 -0.0010542
150.00 25.00 -0.00171975
155.00 25.00 -0.00064596
160.00 25.00 0.00117549
165.00 25.00 0.00157602
170.00 25.00 0.00029565
175.00 25.00 -0.00082206
180.00 25.00 -0.00082647
-180.00 30.00 -0.00030171
-175.00 30.00 -0.00038517
-170.00 30.00 -0.0010605
-165.00 30.00 -0.00186411
-160.00 30.00 -0.00194118
-155.00 30.00 -0.00113754
-150.00 30.00 2.073e-05
-145.00 30.00 0.00083997
-140.00 30.00 0.00089949
-135.00 30.00 0.00042003
-130.00 30.00 4.101e-05
-125.00 30.00 1.524e-05
-120.00 30.00 0.00010227
-115.00 30.00 0.00033393
-110.00 30.00 0.00099123
-105.00 30.00 0.00164721
-100.00 30.00 0.00137178
-95.00 30.00 0.00025416
-90.00 30.00 -0.00040863
-85.00 30.00 0.00013608
-80.00 30.00 0.00119178
-75.00 30.00 0.0018048
-70.00 30.00 0.00185151
-65.00 30.00 0.00161502
-60.00 30.00 0.00121623
-55.00 30.00 0.00082374
-50.00 30.00 0.00071904
-45.00 30.00 0.00085242
-40.00 30.00 0.00076275
-35.00 30.00 8.334e-05
-30.00 30.00 -0.00104199
-25.00 30.00 -0.00197436
-20.00 30.00 -0.00203427
-15.00 30.00 -0.00122364
-10.00 30.00 -0.00035886
-5.00 30.00 -0.00010335
0.00 30.00 -0.00019866
5.00 30.00 -0.00015315
10.00 30.00 -0.000123
15.00 30.00 -0.0003621
20.00 30.00 -0.00044727
25.00 30.00 9e-06
30.00 30.00 0.00050244
35.00 30.00 0.00049368
40.00 30.00 0.00046131
45.00 30.00 0.00101583
50.00 30.00 0.001611
55.00 30.00 0.00133341
60.00 30.00 0.00047112
65.00 30.00 9.132e-05
70.00 30.00 0.00038127
75.00 30.00 0.00054192
80.00 30.00 0.00020775
85.00 30.00 -1.794e-05
90.00 30.00 0.0004503
95.00 30.00 0.00135888
100.00 30.00 0.00200181
105.00 30.00 0.00203502
110.00 30.00 0.00167643
115.00 30.00 0.00128646
120.00 30.00 0.00104439
125.00 30.00 0.00104694
130.00 30.00 0.00131289
135.00 30.00 0.00141435
140.00 30.00 0.00062844
145.00 30.00 -0.0009114
150.00 30.00 -0.00174144
155.00 30.00 -0.00073848
160.00 30.00 0.00110469
165.00 30.00 0.00177807
170.00 30.00 0.00089814
175.00 30.00 -9.72e-05
180.00 30.00 -0.00030171
-180.00 35.00 0.0006549
-175.00 35.00 0.00044733
-170.00 35.00 -0.00023967
-165.00 35.00 -0.00109374
-160.00 35.00 -0.00140301
-155.00 35.00 -0.00086055
-150.00 35.00 0.00020853
-145.00 35.00 0.00119064
-140.00 35.00 0.0016281
-135.00 35.00 0.0014664
-130.00 35.00 0.00093519
-125.00 35.00 0.00025341
-120.00 35.00 -0.00036768
-115.00 35.00 -0.00055887
-110.00 35.00 -0.00010032
-105.00 35.00 0.00057465
-100.00 35.00 0.0007137
-95.00 35.00 0.00021969
-90.00 35.00 -0.00020061
-85.00 35.00 1.05e-05
-80.00 35.00 0.00065655
-75.00 35.00 0.00125286
-70.00 35.00 0.00157503
-65.00 35.00 0.00157404
-60.00 35.00 0.00123576
-55.00 35.00 0.00076548
-50.00 35.00 0.00054243
-45.00 35.00 0.00063663
-40.00 35.00 0.00059472
-35.00 35.00 -6.003e-05
-30.00 35.00 -0.00116934
-25.00 35.00 -0.0019413
-20.00 35.00 -0.00172332
-15.00 35.00 -0.00075414
-10.00 35.00 5.289e-05
-5.00 35.00 0.00014724
0.00 35.00 -0.00012816
5.00 35.00 -0.00019782
10.00 35.00 -2.799e-05
15.00 35.00 8.931e-05
20.00 35.00 9.444e-05
25.00 35.00 3.819e-05
30.00 35.00 -0.00020739
35.00 35.00 -0.00058812
40.00 35.00 -0.00058575
45.00 35.00 0.00010173
50.00 35.00 0.00090138
55.00 35.00 0.00102348
60.00 35.00 0.0005595
65.00 35.00 0.00028557
70.00 35.00 0.00051258
75.00 35.00 0.00078042
80.00 35.00 0.00070062
85.00 35.00 0.00051201
90.00 35.00 0.00063237
95.00 35.00 0.00107634
100.00 35.00 0.00154506
105.00 35.00 0.00183051
110.00 35.00 0.00190422
115.00 35.00 0.00179022
120.00 35.00 0.00162909
125.00 35.00 0.00175347
130.00 35.00 0.00229767
135.00 35.00 0.00268482
140.00 35.00 0.00202434
145.00 35.00 0.00035304
150.00 35.00 -0.00099708
155.00 35.00 -0.00083763
160.00 35.00 0.0003984
165.00 35.00 0.00127653
170.00 35.00 0.00119667
175.00 35.00 0.00080136
180.00 35.00 0.0006549
-180.00 40.00 0.00104214
-175.00 40.00 0.00080745
-170.00 40.00 0.00042909
-165.00 40.00 8.73e-06
-160.00 40.00 -0.00014001
-155.00 40.00 0.00016308
-150.00 40.00 0.0007911
-145.00 40.00 0.00143667
-140.00 40.00 0.00182796
-135.00 40.00 0.0018369
-130.00 40.00 0.00145071
-125.00 40.00 0.00074271
-120.00 40.00 -5.349e-05
-115.00 40.00 -0.00054153
-110.00 40.00 -0.00044547
-105.00 40.00 7.29e-05
-100.00 40.00 0.0005448
-95.00 40.00 0.00067755
-90.00 40.00 0.0005676
-85.00 40.00 0.00045096
-80.00 40.00 0.00045105
-75.00 40.00 0.00059061
-70.00 40.00 0.00082032
-65.00 40.00 0.00095949
-60.00 40.00 0.00081207
-55.00 40.00 0.00044583
-50.00 40.00 0.00019104
-45.00 40.00 0.00023982
-40.00 40.00 0.00037335
-35.00 40.00 0.00024249
-30.00 40.00 -0.00013506
-25.00 40.00 -0.00034014
-20.00 40.00 -8.895e-05
-15.00 40.00 0.00032718
-10.00 40.00 0.00032982
-5.00 40.00 -0.00022455
0.00 40.00 -0.00081975
5.00 40.00 -0.00086427
10.00 40.00 -0.00031962
15.00 40.00 0.00036492
20.00 40.00 0.00074238
25.00 40.00 0.00063381
30.00 40.00 0.00012963
35.00 40.00 -0.00041676
40.00 40.00 -0.00055164
45.00 40.00 -0.00016221
50.00 40.00 0.00032703
55.00 40.00 0.00044499
60.00 40.00 0.00027822
65.00 40.00 0.00032238
70.00 40.00 0.00078525
75.00 40.00 0.00132474
80.00 40.00 0.00150669
85.00 40.00 0.00127227
90.00 40.00 0.00087642
95.00 40.00 0.00057177
100.00 40.00 0.00047262
105.00 40.00 0.00057699
110.00 40.00 0.00077607
115.00 40.00 0.00093843
120.00 40.00 0.00112554
125.00 40.00 0.00161331
130.00 40.00 0.00246753
135.00 40.00 0.00314793
140.00 40.00 0.00288948
145.00 40.00 0.00164433
150.00 40.00 0.00035913
155.00 40.00 2.583e-05
160.00 40.00 0.00062517
165.00 40.00 0.00131007
170.00 40.00 0.00147996
175.00 40.00 0.00127344
180.00 40.00 0.00104214
-180.00 45.00 0.00110472
-175.00 45.00 0.00084234
-170.00 45.00 0.00090795
-165.00 45.00 0.00114321
-160.00 45.00 0.00136353
-155.00 45.00 0.00144675
-150.00 45.00 0.00137127
-145.00 45.00 0.00121737
-140.00 45.00 0.00110151
-135.00 45.00 0.00106371
-130.00 45.00 0.00100746
-125.00 45.00 0.000786
-120.00 45.00 0.00038934
-115.00 45.00 3.363e-05
-110.00 45.00 8.28e-06
-105.00 45.00 0.00040695
-100.00 45.00 0.00102366
-95.00 45.00 0.00150915
-90.00 45.00 0.00161553
-85.00 45.00 0.00133986
-80.00 45.00 0.00091335
-75.00 45.00 0.0006429
-70.00 45.00 0.00066717
-65.00 45.00 0.00082725
-60.00 45.00 0.00083136
-55.00 45.00 0.00057636
-50.00 45.00 0.00025602
-45.00 45.00 0.00012867
-40.00 45.00 0.00024495
-35.00 45.00 0.00045957
-30.00 45.00 0.00064602
-25.00 45.00 0.00077757
-20.00 45.00 0.00078129
-15.00 45.00 0.00045198
-10.00 45.00 -0.00033339
-5.00 45.00 -0.00131661
0.00 45.00 -0.00191448
5.00 45.00 -0.00168159
10.00 45.00 -0.00070914
15.00 45.00 0.00045396
20.00 45.00 0.00123009
25.00 45.00 0.00136692
30.00 45.00 0.00100428
35.00 45.00 0.00051453
40.00 45.00 0.00023034
45.00 45.00 0.00020697
50.00 45.00 0.00023919
55.00 45.00 0.00016386
60.00 45.00 0.00010959
65.00 45.00 0.00035646
70.00 45.00 0.00096015
75.00 45.00 0.00161142
80.00 45.00 0.00189312
85.00 45.00 0.00162249
90.00 45.00 0.00094917
95.00 45.00 0.00021081
100.00 45.00 -0.00027324
105.00 45.00 -0.00036021
110.00 45.00 -0.00013464
115.00 45.00 0.00020988
120.00 45.00 0.00058293
125.00 45.00 0.00104817
130.00 45.00 0.00160278
135.00 45.00 0.00198285
140.00 45.00 0.00186753
145.00 45.00 0.00132555
150.00 45.00 0.00089346
155.00 45.00 0.00105516
160.00 45.00 0.00169839
165.00 45.00 0.00222477
170.00 45.00 0.00218103
175.00 45.00 0.00166185
180.00 45.00 0.00110472
-180.00 50.00 0.00126621
-175.00 50.00 0.0010047
-170.00 50.00 0.00128589
-165.00 50.00 0.00182376
-160.00 50.00 0.00217833
-155.00 50.00 0.00205335
-150.00 50.00 0.00147321
-145.00 50.00 0.00074454
-140.00 50.00 0.00023664
-135.00 50.00 0.00013035
-130.00 50.00 0.00031284
-125.00 50.00 0.00049824
-120.00 50.00 0.00048054
-115.00 50.00 0.00030933
-110.00 50.00 0.00023676
-105.00 50.00 0.00048339
-100.00 50.00 0.00102867
-95.00 50.00 0.00160425
-90.00 50.00 0.00189129
-85.00 50.00 0.00176301
-80.00 50.00 0.00137865
-75.00 50.00 0.00104613
-70.00 50.00 0.00095892
-65.00 50.00 0.00103965
-60.00 50.00 0.00103791
-55.00 50.00 0.00078348
-50.00 50.00 0.00034209
-45.00 50.00 -6.153e-05
-40.00 50.00 -0.00024192
-35.00 50.00 -0.00017394
-30.00 50.00 2.568e-05
-25.00 50.00 0.0001719
-20.00 50.00 7.473e-05
-15.00 50.00 -0.00037686
-10.00 50.00 -0.00109869
-5.00 50.00 -0.00177072
0.00 50.00 -0.00199185
5.00 50.00 -0.00156372
10.00 50.00 -0.00066114
15.00 50.00 0.0002793
20.00 50.00 0.00085764
25.00 50.00 0.00094665
30.00 50.00 0.00070623
35.00 50.00 0.00041157
40.00 50.00 0.00024444
45.00 50.00 0.00019812
50.00 50.00 0.00015945
55.00 50.00 8.559e-05
60.00 50.00 9.123e-05
65.00 50.00 0.0003399
70.00 50.00 0.00084522
75.00 50.00 0.00139455
80.00 50.00 0.00167991
85.00 50.00 0.00151458
90.00 50.00 0.00095976
95.00 50.00 0.00028755
100.00 50.00 -0.0001755
105.00 50.00 -0.00022983
110.00 50.00 9.663e-05
115.00 50.00 0.00059475
120.00 50.00 0.00102477
125.00 50.00 0.00123672
130.00 50.00 0.00118164
135.00 50.00 0.00088473
140.00 50.00 0.00048018
145.00 50.00 0.00024864
150.00 50.00 0.00049401
155.00 50.00 0.00126864
160.00 50.00 0.00221904
165.00 50.00 0.00278868
170.00 50.00 0.00265023
175.00 50.00 0.00197025
180.00 50.00 0.00126621
-180.00 55.00 0.00111831
-175.00 55.00 0.00095262
-170.00 55.00 0.00120774
-165.00 55.00 0.0016545
-160.00 55.00 0.00193335
-155.00 55.00 0.00180876
-150.00 55.00 0.0013239
-145.00 55.00 0.00075744
-140.00 55.00 0.00042072
-135.00 55.00 0.00044217
-130.00 55.00 0.00068967
-125.00 55.00 0.00088368
-120.00 55.00 0.0008136
-115.00 55.00 0.00049509
-110.00 55.00 0.00015081
-105.00 55.00 3.345e-05
-100.00 55.00 0.00023247
-95.00 55.00 0.00061335
-90.00 55.00 0.00093027
-85.00 55.00 0.00101484
-80.00 55.00 0.00088641
-75.00 55.00 0.00070122
-70.00 55.00 0.00059511
-65.00 55.00 0.00056388
-60.00 55.00 0.00048309
-55.00 55.00 0.00023694
-50.00 55.00 -0.00016758
-45.00 55.00 -0.00059718
-40.00 55.00 -0.00088719
-35.00 55.00 -0.00094821
-30.00 55.00 -0.00081222
-25.00 55.00 -0.00060537
-20.00 55.00 -0.00047397
-15.00 55.00 -0.00050022
-10.00 55.00 -0.00064866
-5.00 55.00 -0.0007848
0.00 55.00 -0.00077043
5.00 55.00 -0.00057447
10.00 55.00 -0.00030636
15.00 55.00 -0.00013494
20.00 55.00 -0.00015525
25.00 55.00 -0.00031461
30.00 55.00 -0.00045756
35.00 55.00 -0.00044877
40.00 55.00 -0.00027405
45.00 55.00 -4.035e-05
50.00 55.00 0.00012285
55.00 55.00 0.00017907
60.00 55.00 0.00021858
65.00 55.00 0.00037911
70.00 55.00 0.0007176
75.00 55.00 0.00114039
80.00 55.00 0.00144849
85.00 55.00 0.00146559
90.00 55.00 0.00115938
95.00 55.00 0.00067926
100.00 55.00 0.00028482
105.00 55.00 0.00020514
110.00 55.00 0.00050967
115.00 55.00 0.00106779
120.00 55.00 0.00161721
125.00 55.00 0.00189621
130.00 55.00 0.0017706
135.00 55.00 0.00130482
140.00 55.00 0.00075117
145.00 55.00 0.00044097
150.00 55.00 0.00059985
155.00 55.00 0.00118419
160.00 55.00 0.00187236
165.00 55.00 0.00225906
170.00 55.00 0.00213318
175.00 55.00 0.00162744
180.00 55.00 0.00111831
-180.00 60.00 0.0006531
-175.00 60.00 0.000621
-170.00 60.00 0.00081048
-165.00 60.00 0.00110724
-160.00 60.00 0.00134682
-155.00 60.00 0.00143175
-150.00 60.00 0.00139557
-145.00 60.00 0.00136722
-140.00 60.00 0.00146247
-135.00 60.00 0.00168213
-130.00 60.00 0.00189363
-125.00 60.00 0.00191244
-120.00 60.00 0.00162867
-115.00 60.00 0.00109038
-110.00 60.00 0.00048396
-105.00 60.00 2.439e-05
-100.00 60.00 -0.00016866
-95.00 60.00 -0.00012624
-90.00 60.00 1.392e-05
-85.00 60.00 0.00011025
-80.00 60.00 0.00010053
-75.00 60.00 1.155e-05
-70.00 60.00 -9.612e-05
-65.00 60.00 -0.00019107
-60.00 60.00 -0.0002892
-55.00 60.00 -0.00042081
-50.00 60.00 -0.00058437
-45.00 60.00 -0.00073047
-40.00 60.00 -0.00078753
-35.00 60.00 -0.00070656
-30.00 60.00 -0.00049239
-25.00 60.00 -0.00020304
-20.00 60.00 7.875e-05
-15.00 60.00 0.00028296
-10.00 60.00 0.0003771
-5.00 60.00 0.00036501
0.00 60.00 0.00026517
5.00 60.00 9.036e-05
10.00 60.00 -0.00015036
15.00 60.00 -0.00042771
20.00 60.00 -0.00067281
25.00 60.00 -0.00079086
30.00 60.00 -0.00071052
35.00 60.00 -0.00043719
40.00 60.00 -6.699e-05
45.00 60.00 0.00025854
50.00 60.00 0.0004347
55.00 60.00 0.00045918
60.00 60.00 0.00043473
65.00 60.00 0.00050139
70.00 60.00 0.00073998
75.00 60.00 0.00110853
80.00 60.00 0.00145455
85.00 60.00 0.00159828
90.00 60.00 0.00143979
95.00 60.00 0.00102774
100.00 60.00 0.00054813
105.00 60.00 0.00023625
110.00 60.00 0.00025776
115.00 60.00 0.0006237
120.00 60.00 0.00118494
125.00 60.00 0.00170937
130.00 60.00 0.00199914
135.00 60.00 0.00198735
140.00 60.00 0.00176121
145.00 60.00 0.00149856
150.00 60.00 0.00135255
155.00 60.00 0.00135648
160.00 60.00 0.00141315
165.00 60.00 0.00137895
170.00 60.00 0.00118215
175.00 60.00 0.00088701
180.00 60.00 0.0006531
-180.00 65.00 0.00064488
-175.00 65.00 0.00072303
-170.00 65.00 0.00088662
-165.00 65.00 0.00109353
-160.00 65.00 0.00129897
-155.00 65.00 0.00148386
-150.00 65.00 0.00166305
-145.00 65.00 0.00186432
-140.00 65.00 0.0020922
-135.00 65.00 0.00230301
-130.00 65.00 0.00241368
-125.00 65.00 0.00234309
-120.00 65.00 0.00206256
-115.00 65.00 0.00162243
-110.00 65.00 0.00113583
-105.00 65.00 0.00072699
-100.00 65.00 0.00047448
-95.00 65.00 0.00038166
-90.00 65.00 0.00038898
-85.00 65.00 0.00041595
-80.00 65.00 0.00040425
-75.00 65.00 0.00033822
-70.00 65.00 0.00023709
-65.00 65.00 0.0001323
-60.00 65.00 4.842e-05
-55.00 65.00 -2.13e-06
-50.00 65.00 -1.401e-05
-45.00 65.00 1.698e-05
-40.00 65.00 9.339e-05
-35.00 65.00 0.00021039
-30.00 65.00 0.00035025
-25.00 65.00 0.00048294
-20.00 65.00 0.00057366
-15.00 65.00 0.00059385
-10.00 65.00 0.00053019
-5.00 65.00 0.00038826
0.00 65.00 0.00019137
5.00 65.00 -2.283e-05
10.00 65.00 -0.0002067
15.00 65.00 -0.00030918
20.00 65.00 -0.00028821
25.00 65.00 -0.00012897
30.00 65.00 0.00014037
35.00 65.00 0.000447
40.00 65.00 0.00069528
45.00 65.00 0.00080751
50.00 65.00 0.000765
55.00 65.00 0.00062562
60.00 65.00 0.00050292
65.00 65.00 0.00051189
70.00 65.00 0.00070716
75.00 65.00 0.00104592
80.00 65.00 0.00139836
85.00 65.00 0.00160365
90.00 65.00 0.00154644
95.00 65.00 0.00121578
100.00 65.00 0.00071694
105.00 65.00 0.0002286
110.00 65.00 -7.368e-05
115.00 65.00 -9.114e-05
120.00 65.00 0.00016251
125.00 65.00 0.0005775
130.00 65.00 0.00100458
135.00 65.00 0.0013206
140.00 65.00 0.00147045
145.00 65.00 0.00146889
150.00 65.00 0.0013695
155.00 65.00 0.00122547
160.00 65.00 0.00106773
165.00 65.00 0.00090954
170.00 65.00 0.00076581
175.00 65.00 0.0006657
180.00 65.00 0.00064488
-180.00 70.00 0.00123552
-175.00 70.00 0.00139545
-170.00 70.00 0.00154278
-165.00 70.00 0.00166284
-160.00 70.00 0.00174909
-155.00 70.00 0.00180573
-150.00 70.00 0.00184443
-145.00 70.00 0.00187584
-140.00 70.00 0.00190089
-135.00 70.00 0.00190761
-130.00 70.00 0.00187674
-125.00 70.00 0.00179385
-120.00 70.00 0.00166137
-115.00 70.00 0.00150282
-110.00 70.00 0.00135567
-105.00 70.00 0.00125613
-100.00 70.00 0.00122319
-95.00 70.00 0.00125079
-90.00 70.00 0.00131124
-85.00 70.00 0.00136815
-80.00 70.00 0.00139113
-75.00 70.00 0.00136599
-70.00 70.00 0.00129639
-65.00 70.00 0.00119814
-60.00 70.00 0.00109035
-55.00 70.00 0.00098787
-50.00 70.00 0.00089748
-45.00 70.00 0.00081765
-40.00 70.00 0.00074076
-35.00 70.00 0.0006564
-30.00 70.00 0.00055482
-25.00 70.00 0.00043008
-20.00 70.00 0.00028284
-15.00 70.00 0.00012213
-10.00 70.00 -3.468e-05
-5.00 70.00 -0.00016374
0.00 70.00 -0.00023892
5.00 70.00 -0.00023733
10.00 70.00 -0.00014553
15.00 70.00 3.462e-05
20.00 70.00 0.000282
25.00 70.00 0.00055623
30.00 70.00 0.00080352
35.00 70.00 0.00096942
40.00 70.00 0.00101619
45.00 70.00 0.00093912
50.00 70.00 0.00077442
55.00 70.00 0.00059262
60.00 70.00 0.00047655
65.00 70.00 0.00049086
70.00 70.00 0.00065415
75.00 70.00 0.00092676
80.00 70.00 0.00122079
85.00 70.00 0.00143016
90.00 70.00 0.00146961
95.00 70.00 0.00130668
100.00 70.00 0.00097386
105.00 70.00 0.00055596
110.00 70.00 0.00015876
115.00 70.00 -0.00012765
120.00 70.00 -0.00025608
125.00 70.00 -0.00023022
130.00 70.00 -9.327e-05
135.00 70.00 9.513e-05
140.00 70.00 0.00028251
145.00 70.00 0.00043836
150.00 70.00 0.00055644
155.00 70.00 0.00064827
160.00 70.00 0.00073254
165.00 70.00 0.00082665
170.00 70.00 0.00094152
175.00 70.00 0.00107982
180.00 70.00 0.00123552
-180.00 75.00 0.00173289
-175.00 75.00 0.00189777
-170.00 75.00 0.0020049
-165.00 75.00 0.00204852
-160.00 75.00 0.0020301
-155.00 75.00 0.00195789
-150.00 75.00 0.00184518
-145.00 75.00 0.0017076
-140.00 75.00 0.00156057
-135.00 75.00 0.0014178
-130.00 75.00 0.0012906
-125.00 75.00 0.00118845
-120.00 75.00 0.00111915
-115.00 75.00 0.00108873
-110.00 75.00 0.0011001
-105.00 75.00 0.00115128
-100.00 75.00 0.00123432
-95.00 75.00 0.00133527
-90.00 75.00 0.00143634
-85.00 75.00 0.00151902
-80.00 75.00 0.00156807
-75.00 75.00 0.00157398
-70.00 75.00 0.00153417
-65.00 75.00 0.00145185
-60.00 75.00 0.00133398
-55.00 75.00 0.00118869
-50.00 75.00 0.00102333
-45.00 75.00 0.0008439
-40.00 75.00 0.00065535
-35.00 75.00 0.00046272
-30.00 75.00 0.00027258
-25.00 75.00 9.384e-05
-20.00 75.00 -6.186e-05
-15.00 75.00 -0.00018111
-10.00 75.00 -0.00025047
-5.00 75.00 -0.00025911
0.00 75.00 -0.00020151
5.00 75.00 -8.001e-05
10.00 75.00 9.396e-05
15.00 75.00 0.00030015
20.00 75.00 0.00051153
25.00 75.00 0.0006987
30.00 75.00 0.00083556
35.00 75.00 0.00090558
40.00 75.00 0.00090687
45.00 75.00 0.0008541
50.00 75.00 0.0007764
55.00 75.00 0.00071046
60.00 75.00 0.00069054
65.00 75.00 0.00073794
70.00 75.00 0.00085365
75.00 75.00 0.00101631
80.00 75.00 0.00118722
85.00 75.00 0.00132069
90.00 75.00 0.00137691
95.00 75.00 0.00133299
100.00 75.00 0.00118881
105.00 75.00 0.00096627
110.00 75.00 0.00070251
115.00 75.00 0.00043983
120.00 75.00 0.00021582
125.00 75.00 5.658e-05
130.00 75.00 -2.553e-05
135.00 75.00 -3.015e-05
140.00 75.00 3.51e-05
145.00 75.00 0.00015927
150.00 75.00 0.00033102
155.00 75.00 0.00053991
160.00 75.00 0.00077577
165.00 75.00 0.00102741
170.00 75.00 0.00128148
175.00 75.00 0.00152223
180.00 75.00 0.00173289
-180.00 80.00 0.0017901
-175.00 80.00 0.0018642
-170.00 80.00 0.0019011
-165.00 80.00 0.0018984
-160.00 80.00 0.00185715
-155.00 80.00 0.00178167
-150.00 80.00 0.00167892
-145.00 80.00 0.00155784
-140.00 80.00 0.00142821
-135.00 80.00 0.00129975
-130.00 80.00 0.00118128
-125.00 80.00 0.00108006
-120.00 80.00 0.00100107
-115.00 80.00 0.00094665
-110.00 80.00 0.00091644
-105.00 80.00 0.0009075
-100.00 80.00 0.00091473
-95.00 80.00 0.00093132
-90.00 80.00 0.00094989
-85.00 80.00 0.00096306
-80.00 80.00 0.00096453
-75.00 80.00 0.00094965
-70.00 80.00 0.00091569
-65.00 80.00 0.00086214
-60.00 80.00 0.00079032
-55.00 80.00 0.00070323
-50.00 80.00 0.00060516
-45.00 80.00 0.0005013
-40.00 80.00 0.00039747
-35.00 80.00 0.00029976
-30.00 80.00 0.00021435
-25.00 80.00 0.00014715
-20.00 80.00 0.00010329
-15.00 80.00 8.67e-05
-10.00 80.00 9.951e-05
-5.00 80.00 0.00014166
0.00 80.00 0.00021063
5.00 80.00 0.00030135
10.00 80.00 0.00040671
15.00 80.00 0.00051819
20.00 80.00 0.00062715
25.00 80.00 0.00072597
30.00 80.00 0.00080928
35.00 80.00 0.00087489
40.00 80.00 0.00092424
45.00 80.00 0.00096201
50.00 80.00 0.00099495
55.00 80.00 0.0010302
60.00 80.00 0.00107343
65.00 80.00 0.00112734
70.00 80.00 0.00119046
75.00 80.00 0.00125721
80.00 80.00 0.00131898
85.00 80.00 0.00136596
90.00 80.00 0.00138927
95.00 80.00 0.00138297
100.00 80.00 0.00134553
105.00 80.00 0.00128028
110.00 80.00 0.00119496
115.00 80.00 0.00110046
120.00 80.00 0.00100905
125.00 80.00 0.00093267
130.00 80.00 0.00088143
135.00 80.00 0.00086253
140.00 80.00 0.00087984
145.00 80.00 0.00093366
150.00 80.00 0.00102102
155.00 80.00 0.00113601
160.00 80.00 0.00127029
165.00 80.00 0.00141384
170.00 80.00 0.00155562
175.00 80.00 0.00168444
180.00 80.00 0.0017901
-180.00 85.00 0.00157119
-175.00 85.00 0.00156597
-170.00 85.00 0.00155298
-165.00 85.00 0.00153201
-160.00 85.00 0.00150279
-155.00 85.00 0.00146556
-150.00 85.00 0.00142119
-145.00 85.00 0.00137133
-140.00 85.00 0.0013179
-135.00 85.00 0.00126261
-130.00 85.00 0.00120669
-125.00 85.00 0.00115119
-120.00 85.00 0.00109722
-115.00 85.00 0.00104601
-110.00 85.00 0.00099852
-105.00 85.00 0.00095505
-100.00 85.00 0.00091521
-95.00 85.00 0.00087834
-90.00 85.00 0.00084393
-85.00 85.00 0.00081177
-80.00 85.00 0.0007818
-75.00 85.00 0.00075363
-70.00 85.00 0.00072669
-65.00 85.00 0.00070059
-60.00 85.00 0.00067542
-55.00 85.00 0.00065193
-50.00 85.00 0.00063108
-45.00 85.00 0.00061368
-40.00 85.00 0.00060018
-35.00 85.00 0.00059109
-30.00 85.00 0.00058716
-25.00 85.00 0.00058938
-20.00 85.00 0.00059859
-15.00 85.00 0.00061506
-10.00 85.00 0.00063837
-5.00 85.00 0.00066786
0.00 85.00 0.00070281
5.00 85.00 0.00074268
10.00 85.00 0.00078675
15.00 85.00 0.000834
20.00 85.00 0.00088293
25.00 85.00 0.00093219
30.00 85.00 0.00098079
35.00 85.00 0.00102843
40.00 85.00 0.00107493
45.00 85.00 0.00112011
50.00 85.00 0.00116343
55.00 85.00 0.00120447
60.00 85.00 0.00124296
65.00 85.00 0.00127902
70.00 85.00 0.00131265
75.00 85.00 0.00134355
80.00 85.00 0.00137091
85.00 85.00 0.00139398
90.00 85.00 0.00141234
95.00 85.00 0.00142626
100.00 85.00 0.00143631
105.00 85.00 0.00144309
110.00 85.00 0.00144714
115.00 85.00 0.00144912
120.00 85.00 0.00145017
125.00 85.00 0.00145179
130.00 85.00 0.00145548
135.00 85.00 0.00146205
140.00 85.00 0.00147174
145.00 85.00 0.0014841
150.00 85.00 0.00149859
155.00 85.00 0.00151467
160.00 85.00 0.00153144
165.00 85.00 0.00154746
170.00 85.00 0.00156069
175.00 85.00 0.00156915
180.00 85.00 0.00157119
-180.00 90.00 0.00118905
-175.00 90.00 0.00118905
-170.00 90.00 0.00118905
-165.00 90.00 0.00118905
-160.00 90.00 0.00118905
-155.00 90.00 0.00118905
-150.00 90.00 0.00118905
-145.00 90.00 0.00118905
-140.00 90.00 0.00118905
-135.00 90.00 0.00118905
-130.00 90.00 0.00118905
-125.00 90.00 0.00118905
-120.00 90.00 0.00118905
-115.00 90.00 0.00118905
-110.00 90.00 0.00118905
-105.00 90.00 0.00118905
-100.00 90.00 0.00118905
-95.00 90.00 0.00118905
-90.00 90.00 0.00118905
-85.00 90.00 0.00118905
-80.00 90.00 0.00118905
-75.00 90.00 0.00118905
-70.00 90.00 0.00118905
-65.00 90.00 0.00118905
-60.00 90.00 0.00118905
-55.00 90.00 0.00118905
-50.00 90.00 0.00118905
-45.00 90.00 0.00118905
-40.00 90.00 0.00118905
-35.00 90.00 0.00118905
-30.00 90.00 0.00118905
-25.00 90.00 0.00118905
-20.00 90.00 0.00118905
-15.00 90.00 0.00118905
-10.00 90.00 0.00118905
-5.00 90.00 0.00118905
0.00 90.00 0.00118905
5.00 90.00 0.00118905
10.00 90.00 0.00118905
15.00 90.00 0.00118905
20.00 90.00 0.00118905
25.00 90.00 0.00118905
30.00 90.00 0.00118905
35.00 90.00 0.00118905
40.00 90.00 0.00118905
45.00 90.00 0.00118905
50.00 90.00 0.00118905
55.00 90.00 0.00118905
60.00 90.00 0.00118905
65.00 90.00 0.00118905
70.00 90.00 0.00118905
75.00 90.00 0.00118905
80.00 90.00 0.00118905
85.00 90.00 0.00118905
90.00 90.00 0.00118905
95.00 90.00 0.00118905
100.00 90.00 0.00118905
105.00 90.00 0.00118905
110.00 90.00 0.00118905
115.00 90.00 0.00118905
120.00 90.00 0.00118905
125.00 90.00 0.00118905
130.00 90.00 0.00118905
135.00 90.00 0.00118905
140.00 90.00 0.00118905
145.00 90.00 0.00118905
150.00 90.00 0.00118905
155.00 90.00 0.00118905
160.00 90.00 0.00118905
165.00 90.00 0.00118905
170.00 90.00 0.00118905
175.00 90.00 0.00118905
180.00 90.00 0.00118905
