-180.00 -90.00 -0.0015444
-175.00 -90.00 -0.0015443
-170.00 -90.00 -0.0015442
-165.00 -90.00 -0.0015442
-160.00 -90.00 -0.0015442
-155.00 -90.00 -0.0015442
-150.00 -90.00 -0.0015442
-145.00 -90.00 -0.0015443
-140.00 -90.00 -0.0015444
-135.00 -90.00 -0.0015445
-130.00 -90.00 -0.0015446
-125.00 -90.00 -0.0015448
-120.00 -90.00 -0.0015449
-115.00 -90.00 -0.0015451
-110.00 -90.00 -0.0015452
-105.00 -90.00 -0.0015454
-100.00 -90.00 -0.0015455
-95.00 -90.00 -0.0015456
-90.00 -90.00 -0.0015458
-85.00 -90.00 -0.0015458
-80.00 -90.00 -0.0015459
-75.00 -90.00 -0.001546
-70.00 -90.00 -0.001546
-65.00 -90.00 -0.001546
-60.00 -90.00 -0.0015459
-55.00 -90.00 -0.0015459
-50.00 -90.00 -0.0015458
-45.00 -90.00 -0.0015457
-40.00 -90.00 -0.0015455
-35.00 -90.00 -0.0015454
-30.00 -90.00 -0.0015452
-25.00 -90.00 -0.0015451
-20.00 -90.00 -0.0015449
-15.00 -90.00 -0.0015448
-10.00 -90.00 -0.0015446
-5.00 -90.00 -0.0015445
0.00 -90.00 -0.0015444
5.00 -90.00 -0.0015443
10.00 -90.00 -0.0015442
15.00 -90.00 -0.0015442
20.00 -90.00 -0.0015442
25.00 -90.00 -0.0015442
30.00 -90.00 -0.0015442
35.00 -90.00 -0.0015443
40.00 -90.00 -0.0015444
45.00 -90.00 -0.0015445
50.00 -90.00 -0.0015446
55.00 -90.00 -0.0015448
60.00 -90.00 -0.0015449
65.00 -90.00 -0.0015451
70.00 -90.00 -0.0015452
75.00 -90.00 -0.0015454
80.00 -90.00 -0.0015455
85.00 -90.00 -0.0015456
90.00 -90.00 -0.0015458
95.00 -90.00 -0.0015458
100.00 -90.00 -0.0015459
105.00 -90.00 -0.001546
110.00 -90.00 -0.001546
115.00 -90.00 -0.001546
120.00 -90.00 -0.0015459
125.00 -90.00 -0.0015459
130.00 -90.00 -0.0015458
135.00 -90.00 -0.0015457
140.00 -90.00 -0.0015455
145.00 -90.00 -0.0015454
150.00 -90.00 -0.0015452
155.00 -90.00 -0.0015451
160.00 -90.00 -0.0015449
165.00 -90.00 -0.0015448
170.00 -90.00 -0.0015446
175.00 -90.00 -0.0015445
180.00 -90.00 -0.0015444
-180.00 -85.00 -0.003995
-175.00 -85.00 -0.0038287
-170.00 -85.00 -0.0036798
-165.00 -85.00 -0.0035557
-160.00 -85.00 -0.0034617
-155.00 -85.00 -0.0034002
-150.00 -85.00 -0.0033711
-145.00 -85.00 -0.0033715
-140.00 -85.00 -0.0033964
-135.00 -85.00 -0.0034392
-130.00 -85.00 -0.0034925
-125.00 -85.00 -0.0035489
-120.00 -85.00 -0.0036018
-115.00 -85.00 -0.0036453
-110.00 -85.00 -0.0036753
-105.00 -85.00 -0.0036892
-100.00 -85.00 -0.0036866
-95.00 -85.00 -0.003669
-90.00 -85.00 -0.0036384
-85.00 -85.00 -0.003597
-80.00 -85.00 -0.0035469
-75.00 -85.00 -0.0034899
-70.00 -85.00 -0.0034277
-65.00 -85.00 -0.0033609
-60.00 -85.00 -0.0032884
-55.00 -85.00 -0.0032081
-50.00 -85.00 -0.003117
-45.00 -85.00 -0.0030126
-40.00 -85.00 -0.002893
-35.00 -85.00 -0.0027561
-30.00 -85.00 -0.0026
-25.00 -85.00 -0.0024237
-20.00 -85.00 -0.0022279
-15.00 -85.00 -0.002015
-10.00 -85.00 -0.0017888
-5.00 -85.00 -0.0015535
0.00 -85.00 -0.0013139
5.00 -85.00 -0.0010763
10.00 -85.00 -0.000848
15.00 -85.00 -0.0006373
20.00 -85.00 -0.0004519
25.00 -85.00 -0.0002991
30.00 -85.00 -0.0001857
35.00 -85.00 -0.0001178
40.00 -85.00 -0.0001007
45.00 -85.00 -0.000138
50.00 -85.00 -0.0002307
55.00 -85.00 -0.000378
60.00 -85.00 -0.0005772
65.00 -85.00 -0.0008238
70.00 -85.00 -0.0011117
75.00 -85.00 -0.001433
80.00 -85.00 -0.0017786
85.00 -85.00 -0.0021394
90.00 -85.00 -0.002506
95.00 -85.00 -0.0028693
100.00 -85.00 -0.0032208
105.00 -85.00 -0.0035524
110.00 -85.00 -0.0038573
115.00 -85.00 -0.0041298
120.00 -85.00 -0.0043652
125.00 -85.00 -0.0045592
130.00 -85.00 -0.0047085
135.00 -85.00 -0.0048113
140.00 -85.00 -0.0048668
145.00 -85.00 -0.0048757
150.00 -85.00 -0.0048399
155.00 -85.00 -0.0047627
160.00 -85.00 -0.0046493
165.00 -85.00 -0.0045068
170.00 -85.00 -0.0043438
175.00 -85.00 -0.00417
180.00 -85.00 -0.003995
-180.00 -80.00 -0.0057573
-175.00 -80.00 -0.0052523
-170.00 -80.00 -0.0048543
-165.00 -80.00 -0.0046231
-160.00 -80.00 -0.0045925
-155.00 -80.00 -0.0047677
-150.00 -80.00 -0.0051336
-145.00 -80.00 -0.005656
-140.00 -80.00 -0.0062766
-135.00 -80.00 -0.0069203
-130.00 -80.00 -0.0075153
-125.00 -80.00 -0.0080035
-120.00 -80.00 -0.0083374
-115.00 -80.00 -0.0084804
-110.00 -80.00 -0.0084186
-105.00 -80.00 -0.0081666
-100.00 -80.00 -0.0077568
-95.00 -80.00 -0.0072278
-90.00 -80.00 -0.0066265
-85.00 -80.00 -0.0060109
-80.00 -80.00 -0.005437
-75.00 -80.00 -0.0049434
-70.00 -80.00 -0.0045511
-65.00 -80.00 -0.0042723
-60.00 -80.00 -0.004108
-55.00 -80.00 -0.0040404
-50.00 -80.00 -0.0040374
-45.00 -80.00 -0.0040692
-40.00 -80.00 -0.004114
-35.00 -80.00 -0.0041499
-30.00 -80.00 -0.0041531
-25.00 -80.00 -0.004108
-20.00 -80.00 -0.0040119
-15.00 -80.00 -0.0038637
-10.00 -80.00 -0.0036559
-5.00 -80.00 -0.0033825
0.00 -80.00 -0.0030475
5.00 -80.00 -0.0026586
10.00 -80.00 -0.0022188
15.00 -80.00 -0.0017322
20.00 -80.00 -0.0012162
25.00 -80.00 -0.0006993
30.00 -80.00 -0.0002088
35.00 -80.00 0.000229
40.00 -80.00 0.0005798
45.00 -80.00 0.0008042
50.00 -80.00 0.0008732
55.00 -80.00 0.0007752
60.00 -80.00 0.0005085
65.00 -80.00 7.76e-05
70.00 -80.00 -0.0004968
75.00 -80.00 -0.0011745
80.00 -80.00 -0.0019083
85.00 -80.00 -0.002658
90.00 -80.00 -0.0033891
95.00 -80.00 -0.0040681
100.00 -80.00 -0.0046714
105.00 -80.00 -0.0051963
110.00 -80.00 -0.0056554
115.00 -80.00 -0.006062
120.00 -80.00 -0.0064263
125.00 -80.00 -0.006761
130.00 -80.00 -0.0070767
135.00 -80.00 -0.0073681
140.00 -80.00 -0.0076124
145.00 -80.00 -0.0077816
150.00 -80.00 -0.0078524
155.00 -80.00 -0.0078024
160.00 -80.00 -0.007612
165.00 -80.00 -0.0072784
170.00 -80.00 -0.0068268
175.00 -80.00 -0.0063021
180.00 -80.00 -0.0057573
-180.00 -75.00 -0.0058732
-175.00 -75.00 -0.0049746
-170.00 -75.00 -0.0042441
-165.00 -75.00 -0.0038664
-160.00 -75.00 -0.0039673
-155.00 -75.00 -0.0045866
-150.00 -75.00 -0.0056705
-145.00 -75.00 -0.0070834
-140.00 -75.00 -0.0086395
-135.00 -75.00 -0.010142
-130.00 -75.00 -0.011417
-125.00 -75.00 -0.0123336
-120.00 -75.00 -0.0128111
-115.00 -75.00 -0.0128141
-110.00 -75.00 -0.0123417
-105.00 -75.00 -0.0114214
-100.00 -75.00 -0.010111
-95.00 -75.00 -0.0085019
-90.00 -75.00 -0.0067179
-85.00 -75.00 -0.004908
-80.00 -75.00 -0.0032277
-75.00 -75.00 -0.0018114
-70.00 -75.00 -0.0007462
-65.00 -75.00 -5.86e-05
-60.00 -75.00 0.0002838
-55.00 -75.00 0.0003563
-50.00 -75.00 0.000249
-45.00 -75.00 3.86e-05
-40.00 -75.00 -0.000229
-35.00 -75.00 -0.0005412
-30.00 -75.00 -0.0009092
-25.00 -75.00 -0.0013514
-20.00 -75.00 -0.001876
-15.00 -75.00 -0.0024703
-10.00 -75.00 -0.0030999
-5.00 -75.00 -0.0037152
0.00 -75.00 -0.0042575
5.00 -75.00 -0.0046668
10.00 -75.00 -0.0048879
15.00 -75.00 -0.004875
20.00 -75.00 -0.0045969
25.00 -75.00 -0.0040468
30.00 -75.00 -0.0032511
35.00 -75.00 -0.0022735
40.00 -75.00 -0.0012134
45.00 -75.00 -0.0001952
50.00 -75.00 0.0006496
55.00 -75.00 0.0012049
60.00 -75.00 0.0013903
65.00 -75.00 0.0011766
70.00 -75.00 0.0005947
75.00 -75.00 -0.0002661
80.00 -75.00 -0.0012727
85.00 -75.00 -0.0022713
90.00 -75.00 -0.0031167
95.00 -75.00 -0.003703
100.00 -75.00 -0.0039861
105.00 -75.00 -0.0039905
110.00 -75.00 -0.0038006
115.00 -75.00 -0.0035402
120.00 -75.00 -0.003343
125.00 -75.00 -0.0033225
130.00 -75.00 -0.0035504
135.00 -75.00 -0.0040436
140.00 -75.00 -0.0047612
145.00 -75.00 -0.0056102
150.00 -75.00 -0.0064616
155.00 -75.00 -0.0071729
160.00 -75.00 -0.0076138
165.00 -75.00 -0.0076933
170.00 -75.00 -0.0073843
175.00 -75.00 -0.0067363
180.00 -75.00 -0.0058732
-180.00 -70.00 -0.0064245
-175.00 -70.00 -0.0051527
-170.00 -70.00 -0.0038787
-165.00 -70.00 -0.0029803
-160.00 -70.00 -0.0027473
-155.00 -70.00 -0.0032924
-150.00 -70.00 -0.0045156
-145.00 -70.00 -0.0061393
-140.00 -70.00 -0.0078069
-135.00 -70.00 -0.0092067
-130.00 -70.00 -0.0101658
-125.00 -70.00 -0.0106746
-120.00 -70.00 -0.0108331
-115.00 -70.00 -0.0107528
-110.00 -70.00 -0.0104704
-105.00 -70.00 -0.00992
-100.00 -70.00 -0.0089778
-95.00 -70.00 -0.007551
-90.00 -70.00 -0.0056628
-85.00 -70.00 -0.0034856
-80.00 -70.00 -0.0013047
-75.00 -70.00 0.0005746
-70.00 -70.00 0.0019338
-65.00 -70.00 0.0027133
-60.00 -70.00 0.0030183
-55.00 -70.00 0.0030563
-50.00 -70.00 0.0030355
-45.00 -70.00 0.0030734
-40.00 -70.00 0.0031531
-35.00 -70.00 0.0031469
-30.00 -70.00 0.0028878
-25.00 -70.00 0.0022538
-20.00 -70.00 0.0012231
-15.00 -70.00 -0.0001212
-10.00 -70.00 -0.001633
-5.00 -70.00 -0.0031628
0.00 -70.00 -0.0046025
5.00 -70.00 -0.0058907
10.00 -70.00 -0.0069841
15.00 -70.00 -0.0078197
20.00 -70.00 -0.0082974
25.00 -70.00 -0.0083008
30.00 -70.00 -0.0077469
35.00 -70.00 -0.0066368
40.00 -70.00 -0.00508
45.00 -70.00 -0.0032813
50.00 -70.00 -0.0015007
55.00 -70.00 -5.7e-06
60.00 -70.00 0.0009724
65.00 -70.00 0.0012759
70.00 -70.00 0.0008556
75.00 -70.00 -0.0002007
80.00 -70.00 -0.0016632
85.00 -70.00 -0.0031961
90.00 -70.00 -0.0044363
95.00 -70.00 -0.0050942
100.00 -70.00 -0.0050366
105.00 -70.00 -0.0043194
110.00 -70.00 -0.0031559
115.00 -70.00 -0.001841
120.00 -70.00 -0.0006657
125.00 -70.00 0.0001453
130.00 -70.00 0.0004578
135.00 -70.00 0.0002229
140.00 -70.00 -0.0005378
145.00 -70.00 -0.0017407
150.00 -70.00 -0.0032398
155.00 -70.00 -0.0048273
160.00 -70.00 -0.0062506
165.00 -70.00 -0.0072543
170.00 -70.00 -0.0076416
175.00 -70.00 -0.0073364
180.00 -70.00 -0.0064245
-180.00 -65.00 -0.0078841
-175.00 -65.00 -0.0066612
-170.00 -65.00 -0.0049144
-165.00 -65.00 -0.0032035
-160.00 -65.00 -0.0020832
-155.00 -65.00 -0.0018824
-150.00 -65.00 -0.0025496
-145.00 -65.00 -0.0036586
-140.00 -65.00 -0.0046034
-135.00 -65.00 -0.0049091
-130.00 -65.00 -0.0044901
-125.00 -65.00 -0.0036973
-120.00 -65.00 -0.0031138
-115.00 -65.00 -0.0032154
-110.00 -65.00 -0.0040959
-105.00 -65.00 -0.0054107
-100.00 -65.00 -0.0065535
-95.00 -65.00 -0.0069526
-90.00 -65.00 -0.0063326
-85.00 -65.00 -0.0048249
-80.00 -65.00 -0.0028954
-75.00 -65.00 -0.0011318
-70.00 -65.00 1.26e-05
-65.00 -65.00 0.0004022
-60.00 -65.00 0.0002446
-55.00 -65.00 -5.42e-05
-50.00 -65.00 -0.0001235
-45.00 -65.00 0.0001728
-40.00 -65.00 0.0006767
-35.00 -65.00 0.0010375
-30.00 -65.00 0.0009103
-25.00 -65.00 0.000143
-20.00 -65.00 -0.0011423
-15.00 -65.00 -0.0026075
-10.00 -65.00 -0.0038672
-5.00 -65.00 -0.0046805
0.00 -65.00 -0.0050672
5.00 -65.00 -0.005281
10.00 -65.00 -0.005646
15.00 -65.00 -0.0063489
20.00 -65.00 -0.0073115
25.00 -65.00 -0.0082271
30.00 -65.00 -0.0087313
35.00 -65.00 -0.0085909
40.00 -65.00 -0.0077914
45.00 -65.00 -0.0064907
50.00 -65.00 -0.0049124
55.00 -65.00 -0.0032815
60.00 -65.00 -0.0018386
65.00 -65.00 -0.000871
70.00 -65.00 -0.0006711
75.00 -65.00 -0.0013963
80.00 -65.00 -0.0029145
85.00 -65.00 -0.0047652
90.00 -65.00 -0.0063073
95.00 -65.00 -0.0069928
100.00 -65.00 -0.0066139
105.00 -65.00 -0.0053757
110.00 -65.00 -0.0037593
115.00 -65.00 -0.0022649
120.00 -65.00 -0.0011905
125.00 -65.00 -0.0005648
130.00 -65.00 -0.0002454
135.00 -65.00 -9.42e-05
140.00 -65.00 -0.0001076
145.00 -65.00 -0.0004242
150.00 -65.00 -0.001219
155.00 -65.00 -0.0025588
160.00 -65.00 -0.0043056
165.00 -65.00 -0.0061188
170.00 -65.00 -0.007553
175.00 -65.00 -0.0082094
180.00 -65.00 -0.0078841
-180.00 -60.00 -0.0088792
-175.00 -60.00 -0.008322
-170.00 -60.00 -0.0065087
-165.00 -60.00 -0.0040786
-160.00 -60.00 -0.0019185
-155.00 -60.00 -0.0008013
-150.00 -60.00 -0.0009885
-145.00 -60.00 -0.0020278
-140.00 -60.00 -0.0029581
-135.00 -60.00 -0.002894
-130.00 -60.00 -0.0016373
-125.00 -60.00 0.0001424
-120.00 -60.00 0.00133
-115.00 -60.00 0.0010898
-110.00 -60.00 -0.0006338
-105.00 -60.00 -0.0031502
-100.00 -60.00 -0.0054668
-95.00 -60.00 -0.0067812
-90.00 -60.00 -0.0067564
-85.00 -60.00 -0.0055539
-80.00 -60.00 -0.0037152
-75.00 -60.00 -0.0019432
-70.00 -60.00 -0.0008171
-65.00 -60.00 -0.0005421
-60.00 -60.00 -0.0008879
-55.00 -60.00 -0.0013826
-50.00 -60.00 -0.0016436
-45.00 -60.00 -0.0016193
-40.00 -60.00 -0.0015876
-35.00 -60.00 -0.0019405
-30.00 -60.00 -0.0029174
-25.00 -60.00 -0.0044475
-20.00 -60.00 -0.0061556
-15.00 -60.00 -0.0074941
-10.00 -60.00 -0.0079429
-5.00 -60.00 -0.0072354
0.00 -60.00 -0.0055406
5.00 -60.00 -0.0034827
10.00 -60.00 -0.0019061
15.00 -60.00 -0.0014522
20.00 -60.00 -0.002209
25.00 -60.00 -0.0036999
30.00 -60.00 -0.0052402
35.00 -60.00 -0.0063768
40.00 -60.00 -0.0070536
45.00 -60.00 -0.0074025
50.00 -60.00 -0.0074147
55.00 -60.00 -0.0068612
60.00 -60.00 -0.0055685
65.00 -60.00 -0.003778
70.00 -60.00 -0.0021933
75.00 -60.00 -0.0015824
80.00 -60.00 -0.0022139
85.00 -60.00 -0.0035832
90.00 -60.00 -0.00468
95.00 -60.00 -0.0046259
100.00 -60.00 -0.0032437
105.00 -60.00 -0.0011721
110.00 -60.00 0.0005361
115.00 -60.00 0.0010612
120.00 -60.00 0.0002945
125.00 -60.00 -0.0011374
130.00 -60.00 -0.0022925
135.00 -60.00 -0.0024898
140.00 -60.00 -0.0016827
145.00 -60.00 -0.0004323
150.00 -60.00 0.0004423
155.00 -60.00 0.0002921
160.00 -60.00 -0.0010818
165.00 -60.00 -0.0033801
170.00 -60.00 -0.0059434
175.00 -60.00 -0.0079908
180.00 -60.00 -0.0088792
-180.00 -55.00 -0.0092976
-175.00 -55.00 -0.0095659
-170.00 -55.00 -0.00811
-165.00 -55.00 -0.005497
-160.00 -55.00 -0.0027368
-155.00 -55.00 -0.0009766
-150.00 -55.00 -0.0009598
-145.00 -55.00 -0.0024639
-140.00 -55.00 -0.0042643
-135.00 -55.00 -0.004934
-130.00 -55.00 -0.00398
-125.00 -55.00 -0.0022802
-120.00 -55.00 -0.0013191
-115.00 -55.00 -0.0019061
-110.00 -55.00 -0.0035938
-105.00 -55.00 -0.0052547
-100.00 -55.00 -0.0060768
-95.00 -55.00 -0.005969
-90.00 -55.00 -0.005201
-85.00 -55.00 -0.0039481
-80.00 -55.00 -0.002286
-75.00 -55.00 -0.0004528
-70.00 -55.00 0.0011311
-65.00 -55.00 0.0021722
-60.00 -55.00 0.0027365
-55.00 -55.00 0.0030879
-50.00 -55.00 0.0033068
-45.00 -55.00 0.0031293
-40.00 -55.00 0.0021929
-35.00 -55.00 0.0004366
-30.00 -55.00 -0.0017558
-25.00 -55.00 -0.0038185
-20.00 -55.00 -0.0053996
-15.00 -55.00 -0.0064755
-10.00 -55.00 -0.0070825
-5.00 -55.00 -0.0070246
0.00 -55.00 -0.0059885
5.00 -55.00 -0.0040201
10.00 -55.00 -0.0018151
15.00 -55.00 -0.0003762
20.00 -55.00 -0.0002696
25.00 -55.00 -0.0012126
30.00 -55.00 -0.0024354
35.00 -55.00 -0.0034477
40.00 -55.00 -0.0043967
45.00 -55.00 -0.0056404
50.00 -55.00 -0.0070217
55.00 -55.00 -0.0076905
60.00 -55.00 -0.0067733
65.00 -55.00 -0.0042833
70.00 -55.00 -0.0013513
75.00 -55.00 0.0005337
80.00 -55.00 0.0006572
85.00 -55.00 -0.0003728
90.00 -55.00 -0.0010942
95.00 -55.00 -0.0002739
100.00 -55.00 0.0022075
105.00 -55.00 0.005242
110.00 -55.00 0.0071661
115.00 -55.00 0.0067812
120.00 -55.00 0.00411
125.00 -55.00 0.0004254
130.00 -55.00 -0.0024911
135.00 -55.00 -0.0033888
140.00 -55.00 -0.0021984
145.00 -55.00 8.95e-05
150.00 -55.00 0.0021045
155.00 -55.00 0.0027893
160.00 -55.00 0.0017332
165.00 -55.00 -0.0008301
170.00 -55.00 -0.0041749
175.00 -55.00 -0.0073111
180.00 -55.00 -0.0092976
-180.00 -50.00 -0.0087089
-175.00 -50.00 -0.009318
-170.00 -50.00 -0.0084313
-165.00 -50.00 -0.0066292
-160.00 -50.00 -0.0045399
-155.00 -50.00 -0.0029356
-150.00 -50.00 -0.0026815
-145.00 -50.00 -0.0040092
-140.00 -50.00 -0.0058706
-135.00 -50.00 -0.0066023
-130.00 -50.00 -0.0056343
-125.00 -50.00 -0.0042997
-120.00 -50.00 -0.0044964
-115.00 -50.00 -0.0065232
-110.00 -50.00 -0.0086359
-105.00 -50.00 -0.0089185
-100.00 -50.00 -0.0072742
-95.00 -50.00 -0.0052434
-90.00 -50.00 -0.0040832
-85.00 -50.00 -0.0035387
-80.00 -50.00 -0.0025761
-75.00 -50.00 -0.0008167
-70.00 -50.00 0.0011694
-65.00 -50.00 0.002777
-60.00 -50.00 0.004072
-55.00 -50.00 0.0054335
-50.00 -50.00 0.0067539
-45.00 -50.00 0.007274
-40.00 -50.00 0.0062905
-35.00 -50.00 0.0040103
-30.00 -50.00 0.0016383
-25.00 -50.00 0.0004427
-20.00 -50.00 0.0005401
-15.00 -50.00 0.0006373
-10.00 -50.00 -0.0007737
-5.00 -50.00 -0.0038002
0.00 -50.00 -0.0068157
5.00 -50.00 -0.0079005
10.00 -50.00 -0.0066276
15.00 -50.00 -0.0043556
20.00 -50.00 -0.0028148
25.00 -50.00 -0.0025767
30.00 -50.00 -0.002953
35.00 -50.00 -0.0031719
40.00 -50.00 -0.0033296
45.00 -50.00 -0.0040554
50.00 -50.00 -0.0054039
55.00 -50.00 -0.0063782
60.00 -50.00 -0.0057452
65.00 -50.00 -0.0033179
70.00 -50.00 -0.0003196
75.00 -50.00 0.0015913
80.00 -50.00 0.0016752
85.00 -50.00 0.0005938
90.00 -50.00 -0.0002466
95.00 -50.00 0.000263
100.00 -50.00 0.0022977
105.00 -50.00 0.0050407
110.00 -50.00 0.0070502
115.00 -50.00 0.0069806
120.00 -50.00 0.0044766
125.00 -50.00 0.0006281
130.00 -50.00 -0.0026031
135.00 -50.00 -0.0037122
140.00 -50.00 -0.0026134
145.00 -50.00 -0.0004182
150.00 -50.00 0.0015594
155.00 -50.00 0.0024933
160.00 -50.00 0.0020125
165.00 -50.00 2.12e-05
170.00 -50.00 -0.0031219
175.00 -50.00 -0.0064298
180.00 -50.00 -0.0087089
-180.00 -45.00 -0.005058
-175.00 -45.00 -0.005611
-170.00 -45.00 -0.0052287
-165.00 -45.00 -0.0051091
-160.00 -45.00 -0.0052292
-155.00 -45.00 -0.0049621
-150.00 -45.00 -0.0045591
-145.00 -45.00 -0.0048667
-140.00 -45.00 -0.0056507
-135.00 -45.00 -0.0054416
-130.00 -45.00 -0.0037098
-125.00 -45.00 -0.0023531
-120.00 -45.00 -0.0038205
-115.00 -45.00 -0.0078007
-110.00 -45.00 -0.0109315
-105.00 -45.00 -0.0104172
-100.00 -45.00 -0.0071902
-95.00 -45.00 -0.0045807
-90.00 -45.00 -0.0042571
-85.00 -45.00 -0.0046575
-80.00 -45.00 -0.0035756
-75.00 -45.00 -0.0011017
-70.00 -45.00 0.0008086
-65.00 -45.00 0.001018
-60.00 -45.00 0.0004534
-55.00 -45.00 0.0007424
-50.00 -45.00 0.0023276
-45.00 -45.00 0.0040978
-40.00 -45.00 0.0045319
-35.00 -45.00 0.0031869
-30.00 -45.00 0.0013445
-25.00 -45.00 0.0010304
-20.00 -45.00 0.002851
-15.00 -45.00 0.0047807
-10.00 -45.00 0.0037563
-5.00 -45.00 -0.0010745
0.00 -45.00 -0.0069919
5.00 -45.00 -0.0100377
10.00 -45.00 -0.0086888
15.00 -45.00 -0.0050046
20.00 -45.00 -0.0023081
25.00 -45.00 -0.0021465
30.00 -45.00 -0.0035615
35.00 -45.00 -0.0048153
40.00 -45.00 -0.0052737
45.00 -45.00 -0.0055436
50.00 -45.00 -0.0061977
55.00 -45.00 -0.0068443
60.00 -45.00 -0.006593
65.00 -45.00 -0.0051887
70.00 -45.00 -0.0033531
75.00 -45.00 -0.0019809
80.00 -45.00 -0.0013028
85.00 -45.00 -0.0010239
90.00 -45.00 -0.0009783
95.00 -45.00 -0.0011741
100.00 -45.00 -0.001248
105.00 -45.00 -0.0005015
110.00 -45.00 0.0011138
115.00 -45.00 0.002394
120.00 -45.00 0.0018829
125.00 -45.00 -0.0004501
130.00 -45.00 -0.0029774
135.00 -45.00 -0.0040678
140.00 -45.00 -0.0036167
145.00 -45.00 -0.0026092
150.00 -45.00 -0.001564
155.00 -45.00 -0.00018
160.00 -45.00 0.0014058
165.00 -45.00 0.0019189
170.00 -45.00 0.0002797
175.00 -45.00 -0.0027348
180.00 -45.00 -0.005058
-180.00 -40.00 0.0003207
-175.00 -40.00 -0.0005663
-170.00 -40.00 -0.0003292
-165.00 -40.00 -0.0015483
-160.00 -40.00 -0.0039734
-155.00 -40.00 -0.0052977
-150.00 -40.00 -0.0048324
-145.00 -40.00 -0.0042137
-140.00 -40.00 -0.0044545
-135.00 -40.00 -0.0043583
-130.00 -40.00 -0.0028992
-125.00 -40.00 -0.0017449
-120.00 -40.00 -0.0035045
-115.00 -40.00 -0.0076426
-110.00 -40.00 -0.0101204
-105.00 -40.00 -0.0081625
-100.00 -40.00 -0.0039958
-95.00 -40.00 -0.0020689
-90.00 -40.00 -0.0032137
-85.00 -40.00 -0.0038134
-80.00 -40.00 -0.0010801
-75.00 -40.00 0.0030399
-70.00 -40.00 0.0044673
-65.00 -40.00 0.0019739
-60.00 -40.00 -0.0019442
-55.00 -40.00 -0.004215
-50.00 -40.00 -0.0037221
-45.00 -40.00 -0.0013546
-40.00 -40.00 0.0009042
-35.00 -40.00 0.001179
-30.00 -40.00 -0.0005777
-25.00 -40.00 -0.0020434
-20.00 -40.00 -0.0009753
-15.00 -40.00 0.0016432
-10.00 -40.00 0.0022266
-5.00 -40.00 -0.0010565
0.00 -40.00 -0.005612
5.00 -40.00 -0.0070541
10.00 -40.00 -0.0040065
15.00 -40.00 0.0005795
20.00 -40.00 0.0026712
25.00 -40.00 0.0009017
30.00 -40.00 -0.0029294
35.00 -40.00 -0.0062255
40.00 -40.00 -0.0078693
45.00 -40.00 -0.0084479
50.00 -40.00 -0.0089235
55.00 -40.00 -0.0094946
60.00 -40.00 -0.0096966
65.00 -40.00 -0.0092236
70.00 -40.00 -0.0082106
75.00 -40.00 -0.0066996
80.00 -40.00 -0.0044178
85.00 -40.00 -0.0015974
90.00 -40.00 0.000381
95.00 -40.00 0.0001079
100.00 -40.00 -0.0019024
105.00 -40.00 -0.0032452
110.00 -40.00 -0.0022537
115.00 -40.00 -6.67e-05
120.00 -40.00 0.0007423
125.00 -40.00 -0.0006396
130.00 -40.00 -0.0024354
135.00 -40.00 -0.0028707
140.00 -40.00 -0.0025147
145.00 -40.00 -0.0029775
150.00 -40.00 -0.0038139
155.00 -40.00 -0.0024645
160.00 -40.00 0.0019991
165.00 -40.00 0.0065182
170.00 -40.00 0.007116
175.00 -40.00 0.0037695
180.00 -40.00 0.0003207
-180.00 -35.00 0.0018249
-175.00 -35.00 9.32e-05
-170.00 -35.00 0.0007868
-165.00 -35.00 -0.0001342
-160.00 -35.00 -0.0029521
-155.00 -35.00 -0.0046128
-150.00 -35.00 -0.0039649
-145.00 -35.00 -0.0031906
-140.00 -35.00 -0.0040712
-135.00 -35.00 -0.0054945
-130.00 -35.00 -0.005672
-125.00 -35.00 -0.0051644
-120.00 -35.00 -0.005938
-115.00 -35.00 -0.0077434
-110.00 -35.00 -0.0075194
-105.00 -35.00 -0.0036677
-100.00 -35.00 0.0006881
-95.00 -35.00 0.0012312
-90.00 -35.00 -0.0013688
-85.00 -35.00 -0.001956
-80.00 -35.00 0.0019297
-75.00 -35.00 0.0065725
-70.00 -35.00 0.0072121
-65.00 -35.00 0.0038013
-60.00 -35.00 -0.0003198
-55.00 -35.00 -0.002945
-50.00 -35.00 -0.0037134
-45.00 -35.00 -0.0024209
-40.00 -35.00 0.000319
-35.00 -35.00 0.0019014
-30.00 -35.00 0.0002359
-25.00 -35.00 -0.0029577
-20.00 -35.00 -0.0040011
-15.00 -35.00 -0.0023452
-10.00 -35.00 -0.0012302
-5.00 -35.00 -0.0027447
0.00 -35.00 -0.0046404
5.00 -35.00 -0.0034657
10.00 -35.00 0.000663
15.00 -35.00 0.0040953
20.00 -35.00 0.0038495
25.00 -35.00 0.0003911
30.00 -35.00 -0.0036494
35.00 -35.00 -0.0063313
40.00 -35.00 -0.0076111
45.00 -35.00 -0.0084898
50.00 -35.00 -0.0096213
55.00 -35.00 -0.0106733
60.00 -35.00 -0.0107798
65.00 -35.00 -0.0095603
70.00 -35.00 -0.0075452
75.00 -35.00 -0.0054017
80.00 -35.00 -0.0030937
85.00 -35.00 -0.0004725
90.00 -35.00 0.0015391
95.00 -35.00 0.0015186
100.00 -35.00 -0.0003443
105.00 -35.00 -0.0018636
110.00 -35.00 -0.001461
115.00 -35.00 -0.0003083
120.00 -35.00 -0.0006552
125.00 -35.00 -0.0024078
130.00 -35.00 -0.0028992
135.00 -35.00 -0.0006501
140.00 -35.00 0.0018816
145.00 -35.00 0.0010223
150.00 -35.00 -0.002647
155.00 -35.00 -0.0037275
160.00 -35.00 0.0013914
165.00 -35.00 0.0089152
170.00 -35.00 0.0115052
175.00 -35.00 0.0073146
180.00 -35.00 0.0018249
-180.00 -30.00 -0.001715
-175.00 -30.00 -0.0037302
-170.00 -30.00 -0.0021367
-165.00 -30.00 -0.0014956
-160.00 -30.00 -0.0028447
-155.00 -30.00 -0.0038587
-150.00 -30.00 -0.0037912
-145.00 -30.00 -0.0042098
-140.00 -30.00 -0.0058435
-135.00 -30.00 -0.007509
-130.00 -30.00 -0.0079497
-125.00 -30.00 -0.0072872
-120.00 -30.00 -0.0065347
-115.00 -30.00 -0.0059687
-110.00 -30.00 -0.0044268
-105.00 -30.00 -0.0012796
-100.00 -30.00 0.0013326
-95.00 -30.00 0.0006885
-90.00 -30.00 -0.0019268
-85.00 -30.00 -0.0021503
-80.00 -30.00 0.0010858
-75.00 -30.00 0.0038874
-70.00 -30.00 0.0035302
-65.00 -30.00 0.0021341
-60.00 -30.00 0.0020848
-55.00 -30.00 0.0020037
-50.00 -30.00 0.0003156
-45.00 -30.00 -0.0009361
-40.00 -30.00 0.0004305
-35.00 -30.00 0.0023614
-30.00 -30.00 0.0016434
-25.00 -30.00 -0.000753
-20.00 -30.00 -0.0014663
-15.00 -30.00 -0.0005435
-10.00 -30.00 -0.0012437
-5.00 -30.00 -0.004238
0.00 -30.00 -0.0059261
5.00 -30.00 -0.003645
10.00 -30.00 0.0003172
15.00 -30.00 0.0016529
20.00 -30.00 -0.0006885
25.00 -30.00 -0.0039062
30.00 -30.00 -0.005217
35.00 -30.00 -0.0046916
40.00 -30.00 -0.0042966
45.00 -30.00 -0.0053926
50.00 -30.00 -0.0075898
55.00 -30.00 -0.0092409
60.00 -30.00 -0.0085981
65.00 -30.00 -0.0052242
70.00 -30.00 -0.0008726
75.00 -30.00 0.0016721
80.00 -30.00 0.0013048
85.00 -30.00 -0.000375
90.00 -30.00 -0.0012159
95.00 -30.00 -0.0008311
100.00 -30.00 -0.0001438
105.00 -30.00 0.0002308
110.00 -30.00 2.69e-05
115.00 -30.00 -0.0013262
120.00 -30.00 -0.0038969
125.00 -30.00 -0.0059379
130.00 -30.00 -0.0047318
135.00 -30.00 0.0002823
140.00 -30.00 0.005419
145.00 -30.00 0.0053734
150.00 -30.00 -0.0004705
155.00 -30.00 -0.005587
160.00 -30.00 -0.0032503
165.00 -30.00 0.0044172
170.00 -30.00 0.0084197
175.00 -30.00 0.0045469
180.00 -30.00 -0.001715
-180.00 -25.00 -0.0043248
-175.00 -25.00 -0.0055741
-170.00 -25.00 -0.0034866
-165.00 -25.00 -0.0018962
-160.00 -25.00 -0.0019187
-155.00 -25.00 -0.0027939
-150.00 -25.00 -0.0049201
-145.00 -25.00 -0.0080662
-140.00 -25.00 -0.0099371
-135.00 -25.00 -0.0091883
-130.00 -25.00 -0.007041
-125.00 -25.00 -0.0048389
-120.00 -25.00 -0.0029271
-115.00 -25.00 -0.0019782
-110.00 -25.00 -0.0024885
-105.00 -25.00 -0.0034852
-100.00 -25.00 -0.0039985
-95.00 -25.00 -0.0043172
-90.00 -25.00 -0.0041499
-85.00 -25.00 -0.0023082
-80.00 -25.00 0.0002806
-75.00 -25.00 0.0009312
-70.00 -25.00 2.93e-05
-65.00 -25.00 0.0010649
-60.00 -25.00 0.0042608
-55.00 -25.00 0.0052313
-50.00 -25.00 0.002111
-45.00 -25.00 -0.0011416
-40.00 -25.00 -0.0011664
-35.00 -25.00 7.27e-05
-30.00 -25.00 5.95e-05
-25.00 -25.00 0.0004282
-20.00 -25.00 0.0029004
-15.00 -25.00 0.0044104
-10.00 -25.00 0.001118
-5.00 -25.00 -0.0048464
0.00 -25.00 -0.0073211
5.00 -25.00 -0.004268
10.00 -25.00 -0.0001946
15.00 -25.00 2.4e-05
20.00 -25.00 -0.0031431
25.00 -25.00 -0.0055393
30.00 -25.00 -0.0048248
35.00 -25.00 -0.0026222
40.00 -25.00 -0.0017743
45.00 -25.00 -0.0031244
50.00 -25.00 -0.0053949
55.00 -25.00 -0.0068433
60.00 -25.00 -0.0060206
65.00 -25.00 -0.002219
70.00 -25.00 0.003038
75.00 -25.00 0.0058571
80.00 -25.00 0.0035857
85.00 -25.00 -0.0016347
90.00 -25.00 -0.0048395
95.00 -25.00 -0.0036495
100.00 -25.00 -0.0001962
105.00 -25.00 0.001935
110.00 -25.00 0.0011502
115.00 -25.00 -0.0015019
120.00 -25.00 -0.0038488
125.00 -25.00 -0.0044421
130.00 -25.00 -0.0030325
135.00 -25.00 0.0001256
140.00 -25.00 0.0036985
145.00 -25.00 0.00418
150.00 -25.00 -0.0009721
155.00 -25.00 -0.0079449
160.00 -25.00 -0.0090711
165.00 -25.00 -0.0031523
170.00 -25.00 0.0019606
175.00 -25.00 0.0003159
180.00 -25.00 -0.0043248
-180.00 -20.00 -0.0030201
-175.00 -20.00 -0.0035882
-170.00 -20.00 -0.0020599
-165.00 -20.00 -0.0010936
-160.00 -20.00 -0.0009858
-155.00 -20.00 -0.0020629
-150.00 -20.00 -0.0061093
-145.00 -20.00 -0.0115527
-140.00 -20.00 -0.013284
-135.00 -20.00 -0.0098358
-130.00 -20.00 -0.0049947
-125.00 -20.00 -0.0014828
-120.00 -20.00 0.0009667
-115.00 -20.00 0.0015656
-110.00 -20.00 -0.0012805
-105.00 -20.00 -0.005961
-100.00 -20.00 -0.0087546
-95.00 -20.00 -0.0081127
-90.00 -20.00 -0.0048702
-85.00 -20.00 -0.0005086
-80.00 -20.00 0.0027553
-75.00 -20.00 0.0034266
-70.00 -20.00 0.003408
-65.00 -20.00 0.0053198
-60.00 -20.00 0.0072234
-55.00 -20.00 0.005089
-50.00 -20.00 5.6e-05
-45.00 -20.00 -0.002745
-40.00 -20.00 -0.0023085
-35.00 -20.00 -0.002249
-30.00 -20.00 -0.0031303
-25.00 -20.00 -0.0012501
-20.00 -20.00 0.0035659
-15.00 -20.00 0.0055181
-10.00 -20.00 0.001117
-5.00 -20.00 -0.0049642
0.00 -20.00 -0.0058683
5.00 -20.00 -0.0013442
10.00 -20.00 0.0027574
15.00 -20.00 0.0021317
20.00 -20.00 -0.0017269
25.00 -20.00 -0.004562
30.00 -20.00 -0.0045013
35.00 -20.00 -0.0032672
40.00 -20.00 -0.0029846
45.00 -20.00 -0.0033942
50.00 -20.00 -0.0032603
55.00 -20.00 -0.00304
60.00 -20.00 -0.0036797
65.00 -20.00 -0.0037553
70.00 -20.00 -0.001291
75.00 -20.00 0.0019079
80.00 -20.00 0.001751
85.00 -20.00 -0.0019404
90.00 -20.00 -0.0046303
95.00 -20.00 -0.0032601
100.00 -20.00 8.44e-05
105.00 -20.00 0.0016157
110.00 -20.00 0.0005388
115.00 -20.00 -0.0006128
120.00 -20.00 0.0005532
125.00 -20.00 0.002953
130.00 -20.00 0.0032339
135.00 -20.00 0.0009273
140.00 -20.00 -0.0006209
145.00 -20.00 -0.0005485
150.00 -20.00 -0.0028679
155.00 -20.00 -0.0085892
160.00 -20.00 -0.0114212
165.00 -20.00 -0.0071527
170.00 -20.00 -0.0012443
175.00 -20.00 -0.0004652
180.00 -20.00 -0.0030201
-180.00 -15.00 -0.0025281
-175.00 -15.00 -0.0031774
-170.00 -15.00 -0.0023874
-165.00 -15.00 -0.002312
-160.00 -15.00 -0.0023879
-155.00 -15.00 -0.0027328
-150.00 -15.00 -0.0057868
-145.00 -15.00 -0.010435
-140.00 -15.00 -0.0115694
-135.00 -15.00 -0.0079412
-130.00 -15.00 -0.0035038
-125.00 -15.00 -0.0004315
-120.00 -15.00 0.0021927
-115.00 -15.00 0.003501
-110.00 -15.00 0.0013913
-105.00 -15.00 -0.0030409
-100.00 -15.00 -0.0065139
-95.00 -15.00 -0.0072515
-90.00 -15.00 -0.0050101
-85.00 -15.00 -0.0005478
-80.00 -15.00 0.0036992
-75.00 -15.00 0.0060095
-70.00 -15.00 0.007855
-65.00 -15.00 0.0100428
-60.00 -15.00 0.0092095
-55.00 -15.00 0.0034251
-50.00 -15.00 -0.0024881
-45.00 -15.00 -0.0034443
-40.00 -15.00 -0.0019686
-35.00 -15.00 -0.003066
-30.00 -15.00 -0.0052041
-25.00 -15.00 -0.0035648
-20.00 -15.00 0.0006945
-15.00 -15.00 0.0016975
-10.00 -15.00 -0.0018232
-5.00 -15.00 -0.0046276
0.00 -15.00 -0.0026157
5.00 -15.00 0.0020843
10.00 -15.00 0.0044655
15.00 -15.00 0.0022388
20.00 -15.00 -0.0026477
25.00 -15.00 -0.0064942
30.00 -15.00 -0.0073983
35.00 -15.00 -0.0065818
40.00 -15.00 -0.0057094
45.00 -15.00 -0.0039416
50.00 -15.00 -0.0002671
55.00 -15.00 0.002314
60.00 -15.00 -0.0002983
65.00 -15.00 -0.0061009
70.00 -15.00 -0.0083261
75.00 -15.00 -0.004987
80.00 -15.00 -0.0012648
85.00 -15.00 -0.0010827
90.00 -15.00 -0.002319
95.00 -15.00 -0.0020925
100.00 -15.00 -0.00123
105.00 -15.00 -0.0014282
110.00 -15.00 -0.0019742
115.00 -15.00 -0.0008405
120.00 -15.00 0.0027044
125.00 -15.00 0.006493
130.00 -15.00 0.0067014
135.00 -15.00 0.0028055
140.00 -15.00 -0.000599
145.00 -15.00 -0.0007964
150.00 -15.00 -0.0019676
155.00 -15.00 -0.007289
160.00 -15.00 -0.0113142
165.00 -15.00 -0.008251
170.00 -15.00 -0.0022351
175.00 -15.00 -0.0005771
180.00 -15.00 -0.0025281
-180.00 -10.00 -0.0055382
-175.00 -10.00 -0.005984
-170.00 -10.00 -0.0048876
-165.00 -10.00 -0.0044904
-160.00 -10.00 -0.0043373
-155.00 -10.00 -0.0037075
-150.00 -10.00 -0.0041505
-145.00 -10.00 -0.0057573
-140.00 -10.00 -0.0061462
-135.00 -10.00 -0.0047618
-130.00 -10.00 -0.003112
-125.00 -10.00 -0.0012245
-120.00 -10.00 0.0014551
-115.00 -10.00 0.0035801
-110.00 -10.00 0.0038349
-105.00 -10.00 0.0024053
-100.00 -10.00 -0.0008219
-95.00 -10.00 -0.0051488
-90.00 -10.00 -0.0067661
-85.00 -10.00 -0.0031304
-80.00 -10.00 0.0023574
-75.00 -10.00 0.0055982
-70.00 -10.00 0.0076503
-65.00 -10.00 0.0097519
-60.00 -10.00 0.0086289
-55.00 -10.00 0.0030415
-50.00 -10.00 -0.0017292
-45.00 -10.00 -0.0020246
-40.00 -10.00 -0.0015598
-35.00 -10.00 -0.0037709
-30.00 -10.00 -0.0055972
-25.00 -10.00 -0.0038963
-20.00 -10.00 -0.0014281
-15.00 -10.00 -0.0017457
-10.00 -10.00 -0.0034259
-5.00 -10.00 -0.0032157
0.00 -10.00 -0.000959
5.00 -10.00 0.0012122
10.00 -10.00 0.0015229
15.00 -10.00 -0.000981
20.00 -10.00 -0.0057312
25.00 -10.00 -0.0097047
30.00 -10.00 -0.0100636
35.00 -10.00 -0.0078571
40.00 -10.00 -0.0058913
45.00 -10.00 -0.0036191
50.00 -10.00 0.0009697
55.00 -10.00 0.0048631
60.00 -10.00 0.0023276
65.00 -10.00 -0.0052621
70.00 -10.00 -0.0094342
75.00 -10.00 -0.0065256
80.00 -10.00 -0.0020406
85.00 -10.00 -0.0010094
90.00 -10.00 -0.0018029
95.00 -10.00 -0.0017226
100.00 -10.00 -0.0012324
105.00 -10.00 -0.0006882
110.00 -10.00 0.0007925
115.00 -10.00 0.0024439
120.00 -10.00 0.0028252
125.00 -10.00 0.0026745
130.00 -10.00 0.003105
135.00 -10.00 0.0036216
140.00 -10.00 0.0040116
145.00 -10.00 0.003951
150.00 -10.00 0.0006845
155.00 -10.00 -0.0067444
160.00 -10.00 -0.0125193
165.00 -10.00 -0.0109494
170.00 -10.00 -0.0056663
175.00 -10.00 -0.003897
180.00 -10.00 -0.0055382
-180.00 -5.00 -0.0067194
-175.00 -5.00 -0.0063508
-170.00 -5.00 -0.0049952
-165.00 -5.00 -0.0038898
-160.00 -5.00 -0.003573
-155.00 -5.00 -0.0035821
-150.00 -5.00 -0.0035907
-145.00 -5.00 -0.0035203
-140.00 -5.00 -0.0038591
-135.00 -5.00 -0.005018
-130.00 -5.00 -0.0055073
-125.00 -5.00 -0.0036181
-120.00 -5.00 -0.0009002
-115.00 -5.00 0.0003605
-110.00 -5.00 0.0013598
-105.00 -5.00 0.00282
-100.00 -5.00 0.0010046
-95.00 -5.00 -0.0049251
-90.00 -5.00 -0.0075284
-85.00 -5.00 -0.0016855
-80.00 -5.00 0.006329
-75.00 -5.00 0.0088165
-70.00 -5.00 0.0076235
-65.00 -5.00 0.0073753
-60.00 -5.00 0.006851
-55.00 -5.00 0.0042388
-50.00 -5.00 0.0020361
-45.00 -5.00 0.0012241
-40.00 -5.00 -0.0009243
-35.00 -5.00 -0.0041121
-30.00 -5.00 -0.0045366
-25.00 -5.00 -0.0023027
-20.00 -5.00 -0.0012598
-15.00 -5.00 -0.0018796
-10.00 -5.00 -0.0017191
-5.00 -5.00 -0.0012278
0.00 -5.00 -0.0022549
5.00 -5.00 -0.0032888
10.00 -5.00 -0.0023939
15.00 -5.00 -0.0020044
20.00 -5.00 -0.0049594
25.00 -5.00 -0.0085513
30.00 -5.00 -0.00827
35.00 -5.00 -0.0052159
40.00 -5.00 -0.0038774
45.00 -5.00 -0.0041269
50.00 -5.00 -0.0020569
55.00 -5.00 0.0017167
60.00 -5.00 0.0020813
65.00 -5.00 -0.0013791
70.00 -5.00 -0.0031319
75.00 -5.00 -0.0013206
80.00 -5.00 -0.0003466
85.00 -5.00 -0.0018952
90.00 -5.00 -0.0020378
95.00 -5.00 0.0009612
100.00 -5.00 0.0045607
105.00 -5.00 0.0081861
110.00 -5.00 0.0126181
115.00 -5.00 0.0140763
120.00 -5.00 0.0085325
125.00 -5.00 0.0004296
130.00 -5.00 -0.0020556
135.00 -5.00 0.0015935
140.00 -5.00 0.0051074
145.00 -5.00 0.0043535
150.00 -5.00 -0.0005892
155.00 -5.00 -0.0077999
160.00 -5.00 -0.0133661
165.00 -5.00 -0.0135641
170.00 -5.00 -0.0098396
175.00 -5.00 -0.0070829
180.00 -5.00 -0.0067194
-180.00 0.00 -0.0018145
-175.00 0.00 -0.0016238
-170.00 0.00 -0.0022412
-165.00 0.00 -0.0016919
-160.00 0.00 -0.001481
-155.00 0.00 -0.0033478
-150.00 0.00 -0.005611
-145.00 0.00 -0.0062389
-140.00 0.00 -0.0069027
-135.00 0.00 -0.0091578
-130.00 0.00 -0.0099105
-125.00 0.00 -0.0068756
-120.00 0.00 -0.0040817
-115.00 0.00 -0.0046912
-110.00 0.00 -0.0045844
-105.00 0.00 -0.0012075
-100.00 0.00 -0.0002275
-95.00 0.00 -0.0040519
-90.00 0.00 -0.0040884
-85.00 0.00 0.0051678
-80.00 0.00 0.015129
-75.00 0.00 0.0161768
-70.00 0.00 0.0110245
-65.00 0.00 0.0068443
-60.00 0.00 0.004854
-55.00 0.00 0.0039079
-50.00 0.00 0.0041732
-45.00 0.00 0.0036074
-40.00 0.00 -9.2e-05
-35.00 0.00 -0.0038037
-30.00 0.00 -0.0035654
-25.00 0.00 -0.0017465
-20.00 0.00 -0.0018371
-15.00 0.00 -0.0017944
-10.00 0.00 -2.27e-05
-5.00 0.00 -0.0005314
0.00 0.00 -0.0049262
5.00 0.00 -0.007308
10.00 0.00 -0.0039306
15.00 0.00 -0.0001459
20.00 0.00 -0.0014895
25.00 0.00 -0.0049267
30.00 0.00 -0.0050098
35.00 0.00 -0.0029672
40.00 0.00 -0.003456
45.00 0.00 -0.0060324
50.00 0.00 -0.0060649
55.00 0.00 -0.0024764
60.00 0.00 0.0012668
65.00 0.00 0.0033767
70.00 0.00 0.00495
75.00 0.00 0.0050681
80.00 0.00 0.0017458
85.00 0.00 -0.0018424
90.00 0.00 -3.51e-05
95.00 0.00 0.0061449
100.00 0.00 0.0111352
105.00 0.00 0.014994
110.00 0.00 0.02081
115.00 0.00 0.0239802
120.00 0.00 0.0170229
125.00 0.00 0.0039407
130.00 0.00 -0.0033712
135.00 0.00 -0.0022581
140.00 0.00 -0.0006992
145.00 0.00 -0.003042
150.00 0.00 -0.0059682
155.00 0.00 -0.0074505
160.00 0.00 -0.0092627
165.00 0.00 -0.0109353
170.00 0.00 -0.0094382
175.00 0.00 -0.0050616
180.00 0.00 -0.0018145
-180.00 5.00 0.0042151
-175.00 5.00 0.002842
-170.00 5.00 -0.00084
-165.00 5.00 -0.0013519
-160.00 5.00 -0.0008438
-155.00 5.00 -0.0038142
-150.00 5.00 -0.0081574
-145.00 5.00 -0.0095493
-140.00 5.00 -0.0096077
-135.00 5.00 -0.0112326
-130.00 5.00 -0.0114299
-125.00 5.00 -0.0076629
-120.00 5.00 -0.0047273
-115.00 5.00 -0.0061061
-110.00 5.00 -0.0064991
-105.00 5.00 -0.0021684
-100.00 5.00 0.0011164
-95.00 5.00 -0.0002093
-90.00 5.00 0.0008381
-85.00 5.00 0.0089855
-80.00 5.00 0.0170508
-75.00 5.00 0.0174569
-70.00 5.00 0.01246
-65.00 5.00 0.0071195
-60.00 5.00 0.0028447
-55.00 5.00 0.0009225
-50.00 5.00 0.0021057
-45.00 5.00 0.0024612
-40.00 5.00 -0.0012226
-35.00 5.00 -0.0050323
-30.00 5.00 -0.0049685
-25.00 5.00 -0.0039625
-20.00 5.00 -0.0045972
-15.00 5.00 -0.0037044
-10.00 5.00 -0.0007771
-5.00 5.00 -0.0013925
0.00 5.00 -0.0063824
5.00 5.00 -0.0083763
10.00 5.00 -0.0041364
15.00 5.00 3.08e-05
20.00 5.00 -0.000799
25.00 5.00 -0.0033547
30.00 5.00 -0.0037141
35.00 5.00 -0.003529
40.00 5.00 -0.0052986
45.00 5.00 -0.0072869
50.00 5.00 -0.0063594
55.00 5.00 -0.002444
60.00 5.00 0.0022966
65.00 5.00 0.0064315
70.00 5.00 0.0088808
75.00 5.00 0.0076595
80.00 5.00 0.0030067
85.00 5.00 0.000198
90.00 5.00 0.0035456
95.00 5.00 0.008926
100.00 5.00 0.009756
105.00 5.00 0.0086035
110.00 5.00 0.0125883
115.00 5.00 0.0187005
120.00 5.00 0.0165839
125.00 5.00 0.0059508
130.00 5.00 -0.0024589
135.00 5.00 -0.0041248
140.00 5.00 -0.0051795
145.00 5.00 -0.008379
150.00 5.00 -0.0085357
155.00 5.00 -0.0044453
160.00 5.00 -0.0025489
165.00 5.00 -0.0050709
170.00 5.00 -0.0055392
175.00 5.00 -0.0004251
180.00 5.00 0.0042151
-180.00 10.00 0.0039586
-175.00 10.00 0.001883
-170.00 10.00 -0.0019682
-165.00 10.00 -0.0017918
-160.00 10.00 -0.0005285
-155.00 10.00 -0.003607
-150.00 10.00 -0.008453
-145.00 10.00 -0.0095642
-140.00 10.00 -0.0083829
-135.00 10.00 -0.0087861
-130.00 10.00 -0.0086314
-125.00 10.00 -0.0050761
-120.00 10.00 -0.0018728
-115.00 10.00 -0.0023811
-110.00 10.00 -0.002505
-105.00 10.00 0.0011236
-100.00 10.00 0.0041743
-95.00 10.00 0.0032943
-90.00 10.00 0.0027019
-85.00 10.00 0.0057555
-80.00 10.00 0.009155
-75.00 10.00 0.0099773
-70.00 10.00 0.0093026
-65.00 10.00 0.0070338
-60.00 10.00 0.0024126
-55.00 10.00 -0.0011168
-50.00 10.00 -0.0006804
-45.00 10.00 -0.0002518
-40.00 10.00 -0.0036674
-35.00 10.00 -0.0072169
-30.00 10.00 -0.0069771
-25.00 10.00 -0.0057376
-20.00 10.00 -0.0058865
-15.00 10.00 -0.0046154
-10.00 10.00 -0.001688
-5.00 10.00 -0.001918
0.00 10.00 -0.0057024
5.00 10.00 -0.0071418
10.00 10.00 -0.004269
15.00 10.00 -0.0016039
20.00 10.00 -0.0014518
25.00 10.00 -0.0015777
30.00 10.00 -0.0015312
35.00 10.00 -0.0032985
40.00 10.00 -0.0060158
45.00 10.00 -0.0063574
50.00 10.00 -0.0036148
55.00 10.00 6.4e-06
60.00 10.00 0.0031247
65.00 10.00 0.0058832
70.00 10.00 0.0076419
75.00 10.00 0.0068874
80.00 10.00 0.0042579
85.00 10.00 0.0033837
90.00 10.00 0.005904
95.00 10.00 0.0072809
100.00 10.00 0.0027368
105.00 10.00 -0.0035379
110.00 10.00 -0.0028092
115.00 10.00 0.0042032
120.00 10.00 0.0073606
125.00 10.00 0.0028627
130.00 10.00 -0.0018104
135.00 10.00 -0.0016187
140.00 10.00 -0.0011498
145.00 10.00 -0.00382
150.00 10.00 -0.0051915
155.00 10.00 -0.0025586
160.00 10.00 -0.0009031
165.00 10.00 -0.0031992
170.00 10.00 -0.0041001
175.00 10.00 0.0001423
180.00 10.00 0.0039586
-180.00 15.00 -0.0017631
-175.00 15.00 -0.0024493
-170.00 15.00 -0.0027913
-165.00 15.00 -0.0004138
-160.00 15.00 0.0010519
-155.00 15.00 -0.0021155
-150.00 15.00 -0.0066321
-145.00 15.00 -0.0076195
-140.00 15.00 -0.0064821
-135.00 15.00 -0.0066433
-130.00 15.00 -0.0064505
-125.00 15.00 -0.0033007
-120.00 15.00 0.0002595
-115.00 15.00 0.0011441
-110.00 15.00 0.0012216
-105.00 15.00 0.0026773
-100.00 15.00 0.0036168
-95.00 15.00 0.0026721
-90.00 15.00 0.0019011
-85.00 15.00 0.0022634
-80.00 15.00 0.0025116
-75.00 15.00 0.0033063
-70.00 15.00 0.0056399
-65.00 15.00 0.0064909
-60.00 15.00 0.0032792
-55.00 15.00 -0.0004402
-50.00 15.00 -0.0009073
-45.00 15.00 -0.0009036
-40.00 15.00 -0.0036337
-35.00 15.00 -0.0061678
-30.00 15.00 -0.005492
-25.00 15.00 -0.0040612
-20.00 15.00 -0.0039524
-15.00 15.00 -0.0031006
-10.00 15.00 -0.0012922
-5.00 15.00 -0.0018898
0.00 15.00 -0.004929
5.00 15.00 -0.0062056
10.00 15.00 -0.0043559
15.00 15.00 -0.0018444
20.00 15.00 0.000369
25.00 15.00 0.0025655
30.00 15.00 0.0027369
35.00 15.00 -0.0005153
40.00 15.00 -0.0039994
45.00 15.00 -0.0039024
50.00 15.00 -0.001109
55.00 15.00 0.0011454
60.00 15.00 0.0021191
65.00 15.00 0.0031781
70.00 15.00 0.0047846
75.00 15.00 0.0060068
80.00 15.00 0.0061674
85.00 15.00 0.00588
90.00 15.00 0.0057818
95.00 15.00 0.0043328
100.00 15.00 -0.0006069
105.00 15.00 -0.006751
110.00 15.00 -0.0080838
115.00 15.00 -0.0034006
120.00 15.00 0.0008997
125.00 15.00 0.0004549
130.00 15.00 -0.0005273
135.00 15.00 0.0025207
140.00 15.00 0.0060084
145.00 15.00 0.0043317
150.00 15.00 -0.0008407
155.00 15.00 -0.0041765
160.00 15.00 -0.0050279
165.00 15.00 -0.0057086
170.00 15.00 -0.0056263
175.00 15.00 -0.0035148
180.00 15.00 -0.0017631
-180.00 20.00 -0.0054363
-175.00 20.00 -0.004494
-170.00 20.00 -0.0016996
-165.00 20.00 0.0015745
-160.00 20.00 0.0022702
-155.00 20.00 -0.0005396
-150.00 20.00 -0.0039018
-145.00 20.00 -0.0052947
-140.00 20.00 -0.0059248
-135.00 20.00 -0.0071413
-130.00 20.00 -0.0071237
-125.00 20.00 -0.004352
-120.00 20.00 -0.0008758
-115.00 20.00 0.0008919
-110.00 20.00 0.0012382
-105.00 20.00 0.0009712
-100.00 20.00 8.58e-05
-95.00 20.00 -0.0002143
-90.00 20.00 0.0014799
-85.00 20.00 0.0034881
-80.00 20.00 0.0033242
-75.00 20.00 0.0022844
-70.00 20.00 0.0028156
-65.00 20.00 0.0034664
-60.00 20.00 0.0018057
-55.00 20.00 -0.0005441
-50.00 20.00 -0.0010454
-45.00 20.00 -0.000879
-40.00 20.00 -0.0017928
-35.00 20.00 -0.0025365
-30.00 20.00 -0.0022599
-25.00 20.00 -0.0026435
-20.00 20.00 -0.0038242
-15.00 20.00 -0.0035646
-10.00 20.00 -0.0022704
-5.00 20.00 -0.0030546
0.00 20.00 -0.0057824
5.00 20.00 -0.0067321
10.00 20.00 -0.0044567
15.00 20.00 -0.0009447
20.00 20.00 0.0022237
25.00 20.00 0.0043563
30.00 20.00 0.0040278
35.00 20.00 0.0011128
40.00 20.00 -0.0014801
45.00 20.00 -0.0012773
50.00 20.00 0.000593
55.00 20.00 0.0017314
60.00 20.00 0.0017609
65.00 20.00 0.0019963
70.00 20.00 0.0035106
75.00 20.00 0.0058966
80.00 20.00 0.0071764
85.00 20.00 0.0059346
90.00 20.00 0.0035932
95.00 20.00 0.0022968
100.00 20.00 0.0011924
105.00 20.00 -0.0015389
110.00 20.00 -0.0040214
115.00 20.00 -0.0029844
120.00 20.00 0.0002515
125.00 20.00 0.0017146
130.00 20.00 0.0017898
135.00 20.00 0.0040193
140.00 20.00 0.0074036
145.00 20.00 0.0066229
150.00 20.00 0.0005505
155.00 20.00 -0.0054879
160.00 20.00 -0.007159
165.00 20.00 -0.0058642
170.00 20.00 -0.0049148
175.00 20.00 -0.0051463
180.00 20.00 -0.0054363
-180.00 25.00 -0.0034464
-175.00 25.00 -0.0023771
-170.00 25.00 0.0001316
-165.00 25.00 0.001823
-160.00 25.00 0.0016294
-155.00 25.00 0.0003822
-150.00 25.00 -0.000834
-145.00 25.00 -0.002251
-140.00 25.00 -0.0044625
-135.00 25.00 -0.0064815
-130.00 25.00 -0.0065201
-125.00 25.00 -0.0045923
-120.00 25.00 -0.0023642
-115.00 25.00 -0.0006893
-110.00 25.00 0.0004371
-105.00 25.00 0.0002856
-100.00 25.00 -0.0011891
-95.00 25.00 -0.0013682
-90.00 25.00 0.0018319
-85.00 25.00 0.0057245
-80.00 25.00 0.0058573
-75.00 25.00 0.0023195
-70.00 25.00 -0.0009555
-65.00 25.00 -0.0020825
-60.00 25.00 -0.002461
-55.00 25.00 -0.0031806
-50.00 25.00 -0.0037444
-45.00 25.00 -0.0036035
-40.00 25.00 -0.0027094
-35.00 25.00 -0.0017011
-30.00 25.00 -0.0023314
-25.00 25.00 -0.0053917
-20.00 25.00 -0.0082163
-15.00 25.00 -0.0076148
-10.00 25.00 -0.0049446
-5.00 25.00 -0.0042435
0.00 25.00 -0.0058161
5.00 25.00 -0.0060838
10.00 25.00 -0.0034756
15.00 25.00 -0.0002393
20.00 25.00 0.0014633
25.00 25.00 0.0017074
30.00 25.00 0.001227
35.00 25.00 0.0004656
40.00 25.00 8.3e-05
45.00 25.00 0.0006415
50.00 25.00 0.0018907
55.00 25.00 0.0029995
60.00 25.00 0.0032713
65.00 25.00 0.0029213
70.00 25.00 0.0032648
75.00 25.00 0.0048573
80.00 25.00 0.0056467
85.00 25.00 0.0035513
90.00 25.00 0.000602
95.00 25.00 0.0005753
100.00 25.00 0.0024843
105.00 25.00 0.0015729
110.00 25.00 -0.0024754
115.00 25.00 -0.0042224
120.00 25.00 -0.0010749
125.00 25.00 0.0027572
130.00 25.00 0.0034088
135.00 25.00 0.0027534
140.00 25.00 0.0034016
145.00 25.00 0.0034963
150.00 25.00 0.0006158
155.00 25.00 -0.0030418
160.00 25.00 -0.0037106
165.00 25.00 -0.0018367
170.00 25.00 -0.0009687
175.00 25.00 -0.0022867
180.00 25.00 -0.0034464
-180.00 30.00 9.6e-06
-175.00 30.00 0.0003515
-170.00 30.00 0.0007849
-165.00 30.00 0.0004133
-160.00 30.00 -0.00012
-155.00 30.00 2.54e-05
-150.00 30.00 0.0001109
-145.00 30.00 -0.0011434
-140.00 30.00 -0.0032131
-135.00 30.00 -0.0041263
-130.00 30.00 -0.0033345
-125.00 30.00 -0.0024371
-120.00 30.00 -0.0023294
-115.00 30.00 -0.001696
-110.00 30.00 0.0001711
-105.00 30.00 0.0012888
-100.00 30.00 0.0001995
-95.00 30.00 -0.0006865
-90.00 30.00 0.0016601
-85.00 30.00 0.0055031
-80.00 30.00 0.0059583
-75.00 30.00 0.0017235
-70.00 30.00 -0.0032693
-65.00 30.00 -0.0052816
-60.00 30.00 -0.004933
-55.00 30.00 -0.0050643
-50.00 30.00 -0.0064952
-45.00 30.00 -0.0072755
-40.00 30.00 -0.0057494
-35.00 30.00 -0.0034649
-30.00 30.00 -0.0038553
-25.00 30.00 -0.0074808
-20.00 30.00 -0.0103299
-15.00 30.00 -0.0087504
-10.00 30.00 -0.0044632
-5.00 30.00 -0.0019402
0.00 30.00 -0.0021233
5.00 30.00 -0.0021096
10.00 30.00 -0.0003749
15.00 30.00 0.0012969
20.00 30.00 0.0013391
25.00 30.00 0.0007787
30.00 30.00 0.0011301
35.00 30.00 0.0020113
40.00 30.00 0.0021206
45.00 30.00 0.0015229
50.00 30.00 0.0016041
55.00 30.00 0.0027845
60.00 30.00 0.0035951
65.00 30.00 0.0029676
70.00 30.00 0.0022079
75.00 30.00 0.0027633
80.00 30.00 0.0031566
85.00 30.00 0.0012125
90.00 30.00 -0.0014092
95.00 30.00 -0.0011103
100.00 30.00 0.0011469
105.00 30.00 0.0003209
110.00 30.00 -0.0044002
115.00 30.00 -0.007112
120.00 30.00 -0.003743
125.00 30.00 0.0017129
130.00 30.00 0.0032064
135.00 30.00 0.0009486
140.00 30.00 -0.0005518
145.00 30.00 0.0001661
150.00 30.00 0.0007955
155.00 30.00 0.0002925
160.00 30.00 0.000162
165.00 30.00 0.0010038
170.00 30.00 0.0013927
175.00 30.00 0.000648
180.00 30.00 9.6e-06
-180.00 35.00 0.0005168
-175.00 35.00 0.0003782
-170.00 35.00 -0.000155
-165.00 35.00 -0.0010036
-160.00 35.00 -0.0016149
-155.00 35.00 -0.0020859
-150.00 35.00 -0.0033321
-145.00 35.00 -0.0053378
-140.00 35.00 -0.0062794
-135.00 35.00 -0.0047714
-130.00 35.00 -0.0023386
-125.00 35.00 -0.001799
-120.00 35.00 -0.0032216
-115.00 35.00 -0.003643
-110.00 35.00 -0.0015297
-105.00 35.00 0.0007647
-100.00 35.00 0.0007046
-95.00 35.00 -0.0002405
-90.00 35.00 0.0012012
-85.00 35.00 0.0046979
-80.00 35.00 0.0061928
-75.00 35.00 0.0034322
-70.00 35.00 -0.0010487
-65.00 35.00 -0.0035512
-60.00 35.00 -0.0038556
-55.00 35.00 -0.0045415
-50.00 35.00 -0.006624
-45.00 35.00 -0.0079018
-40.00 35.00 -0.0062229
-35.00 35.00 -0.0030038
-30.00 35.00 -0.0018074
-25.00 35.00 -0.0035465
-20.00 35.00 -0.0050473
-15.00 35.00 -0.0033358
-10.00 35.00 0.0003649
-5.00 35.00 0.002622
0.00 35.00 0.0024858
5.00 35.00 0.0019731
10.00 35.00 0.0025254
15.00 35.00 0.0034549
20.00 35.00 0.0040682
25.00 35.00 0.005015
30.00 35.00 0.0065323
35.00 35.00 0.0070296
40.00 35.00 0.0049888
45.00 35.00 0.0015405
50.00 35.00 -0.000483
55.00 35.00 -9.28e-05
60.00 35.00 0.0008334
65.00 35.00 0.0006768
70.00 35.00 0.0004712
75.00 35.00 0.0015844
80.00 35.00 0.0025896
85.00 35.00 0.0011704
90.00 35.00 -0.0016222
95.00 35.00 -0.0023924
100.00 35.00 -0.000848
105.00 35.00 -0.0005407
110.00 35.00 -0.0029781
115.00 35.00 -0.0046974
120.00 35.00 -0.0025784
125.00 35.00 0.0009954
130.00 35.00 0.0015025
135.00 35.00 -0.0011899
140.00 35.00 -0.0031173
145.00 35.00 -0.0020698
150.00 35.00 0.0001371
155.00 35.00 0.00115
160.00 35.00 0.000964
165.00 35.00 0.0006983
170.00 35.00 0.0006573
175.00 35.00 0.0005928
180.00 35.00 0.0005168
-180.00 40.00 -0.0002541
-175.00 40.00 -0.0004959
-170.00 40.00 -0.0003825
-165.00 40.00 -0.0002194
-160.00 40.00 -0.0007841
-155.00 40.00 -0.0029698
-150.00 40.00 -0.0066948
-145.00 40.00 -0.0100642
-140.00 40.00 -0.0105722
-135.00 40.00 -0.0078974
-130.00 40.00 -0.0048339
-125.00 40.00 -0.0043223
-120.00 40.00 -0.0058529
-115.00 40.00 -0.0061789
-110.00 40.00 -0.0037194
-105.00 40.00 -0.0006171
-100.00 40.00 0.0004875
-95.00 40.00 0.0002578
-90.00 40.00 0.0014732
-85.00 40.00 0.0046676
-80.00 40.00 0.0070156
-75.00 40.00 0.005983
-70.00 40.00 0.0024516
-65.00 40.00 -0.0007986
-60.00 40.00 -0.002617
-55.00 40.00 -0.0040551
-50.00 40.00 -0.0057623
-45.00 40.00 -0.0064502
-40.00 40.00 -0.004735
-35.00 40.00 -0.0015476
-30.00 40.00 0.0006147
-25.00 40.00 0.0007459
-20.00 40.00 0.0004005
-15.00 40.00 0.0012869
-10.00 40.00 0.002917
-5.00 40.00 0.0035798
0.00 40.00 0.0028926
5.00 40.00 0.0021808
10.00 40.00 0.0026283
15.00 40.00 0.0042316
20.00 40.00 0.006532
25.00 40.00 0.009082
30.00 40.00 0.0107589
35.00 40.00 0.0098319
40.00 40.00 0.0058145
45.00 40.00 0.0007441
50.00 40.00 -0.0025143
55.00 40.00 -0.0031926
60.00 40.00 -0.002822
65.00 40.00 -0.0024652
70.00 40.00 -0.0012545
75.00 40.00 0.001386
80.00 40.00 0.0034854
85.00 40.00 0.0024734
90.00 40.00 -0.0010282
95.00 40.00 -0.0034663
100.00 40.00 -0.0027394
105.00 40.00 -0.0004205
110.00 40.00 0.001072
115.00 40.00 0.0015458
120.00 40.00 0.0019063
125.00 40.00 0.001645
130.00 40.00 -0.0003892
135.00 40.00 -0.0033619
140.00 40.00 -0.0047053
145.00 40.00 -0.0032125
150.00 40.00 -0.0004142
155.00 40.00 0.0014794
160.00 40.00 0.001843
165.00 40.00 0.0014122
170.00 40.00 0.0008421
175.00 40.00 0.000262
180.00 40.00 -0.0002541
-180.00 45.00 0.0004204
-175.00 45.00 0.0004037
-170.00 45.00 0.0016103
-165.00 45.00 0.0030854
-160.00 45.00 0.0031793
-155.00 45.00 0.0008073
-150.00 45.00 -0.003342
-145.00 45.00 -0.0069633
-140.00 45.00 -0.0080299
-135.00 45.00 -0.0068042
-130.00 45.00 -0.0055856
-125.00 45.00 -0.0060552
-120.00 45.00 -0.0072029
-115.00 45.00 -0.0065583
-110.00 45.00 -0.0033829
-105.00 45.00 0.0002495
-100.00 45.00 0.0019543
-95.00 45.00 0.0018501
-90.00 45.00 0.0020357
-85.00 45.00 0.0036016
-80.00 45.00 0.0052144
-75.00 45.00 0.0049198
-70.00 45.00 0.0025119
-65.00 45.00 -0.0005169
-60.00 45.00 -0.0028842
-55.00 45.00 -0.0045245
-50.00 45.00 -0.0057344
-45.00 45.00 -0.006204
-40.00 45.00 -0.0054679
-35.00 45.00 -0.0039123
-30.00 45.00 -0.0026165
-25.00 45.00 -0.0021401
-20.00 45.00 -0.0019997
-15.00 45.00 -0.0015452
-10.00 45.00 -0.0008776
-5.00 45.00 -0.000503
0.00 45.00 -0.0003829
5.00 45.00 0.0001617
10.00 45.00 0.001653
15.00 45.00 0.0039362
20.00 45.00 0.0063822
25.00 45.00 0.0081622
30.00 45.00 0.0083307
35.00 45.00 0.0062844
40.00 45.00 0.002566
45.00 45.00 -0.0011584
50.00 45.00 -0.0034741
55.00 45.00 -0.0044412
60.00 45.00 -0.0049296
65.00 45.00 -0.0048909
70.00 45.00 -0.0032304
75.00 45.00 0.0001468
80.00 45.00 0.003022
85.00 45.00 0.0027448
90.00 45.00 -0.0006206
95.00 45.00 -0.0039803
100.00 45.00 -0.0043347
105.00 45.00 -0.0015683
110.00 45.00 0.0020664
115.00 45.00 0.0043673
120.00 45.00 0.0044879
125.00 45.00 0.0026469
130.00 45.00 -0.0002459
135.00 45.00 -0.0026613
140.00 45.00 -0.0031306
145.00 45.00 -0.0014076
150.00 45.00 0.0013009
155.00 45.00 0.0034591
160.00 45.00 0.0043398
165.00 45.00 0.0040517
170.00 45.00 0.0029645
175.00 45.00 0.0015238
180.00 45.00 0.0004204
-180.00 50.00 1.9e-05
-175.00 50.00 0.0002232
-170.00 50.00 0.0017936
-165.00 50.00 0.0038892
-160.00 50.00 0.005184
-155.00 50.00 0.0048559
-150.00 50.00 0.0032467
-145.00 50.00 0.0014781
-140.00 50.00 0.0002872
-135.00 50.00 -0.0007124
-130.00 50.00 -0.002399
-125.00 50.00 -0.004716
-120.00 50.00 -0.0061771
-115.00 50.00 -0.0051865
-110.00 50.00 -0.0018811
-105.00 50.00 0.001671
-100.00 50.00 0.0033254
-95.00 50.00 0.0027765
-90.00 50.00 0.0014711
-85.00 50.00 0.0008289
-80.00 50.00 0.0009065
-75.00 50.00 0.0008014
-70.00 50.00 -8.54e-05
-65.00 50.00 -0.0015284
-60.00 50.00 -0.003016
-55.00 50.00 -0.0043539
-50.00 50.00 -0.0055977
-45.00 50.00 -0.0066751
-40.00 50.00 -0.0073618
-35.00 50.00 -0.00758
-30.00 50.00 -0.0074997
-25.00 50.00 -0.0072958
-20.00 50.00 -0.006955
-15.00 50.00 -0.0063812
-10.00 50.00 -0.0055465
-5.00 50.00 -0.0044208
0.00 50.00 -0.0028616
5.00 50.00 -0.0007714
10.00 50.00 0.0015997
15.00 50.00 0.0036133
20.00 50.00 0.0045667
25.00 50.00 0.0040828
30.00 50.00 0.0023135
35.00 50.00 -6.68e-05
40.00 50.00 -0.0021159
45.00 50.00 -0.0031938
50.00 50.00 -0.0035022
55.00 50.00 -0.003889
60.00 50.00 -0.0047984
65.00 50.00 -0.0054522
70.00 50.00 -0.0044918
75.00 50.00 -0.0016896
80.00 50.00 0.0012514
85.00 50.00 0.0020581
90.00 50.00 0.0001407
95.00 50.00 -0.0027316
100.00 50.00 -0.0040719
105.00 50.00 -0.0028331
110.00 50.00 2.29e-05
115.00 50.00 0.0026834
120.00 50.00 0.0039184
125.00 50.00 0.0036455
130.00 50.00 0.0026389
135.00 50.00 0.0018964
140.00 50.00 0.0020342
145.00 50.00 0.0029771
150.00 50.00 0.0041312
155.00 50.00 0.0048687
160.00 50.00 0.0048652
165.00 50.00 0.0040848
170.00 50.00 0.0026829
175.00 50.00 0.0010812
180.00 50.00 1.9e-05
-180.00 55.00 -0.0041452
-175.00 55.00 -0.0045992
-170.00 55.00 -0.0039875
-165.00 55.00 -0.0024534
-160.00 55.00 -0.0004277
-155.00 55.00 0.0016429
-150.00 55.00 0.0034444
-145.00 55.00 0.0046681
-140.00 55.00 0.0048327
-135.00 55.00 0.0034467
-130.00 55.00 0.0005625
-125.00 55.00 -0.0028013
-120.00 55.00 -0.0050074
-115.00 55.00 -0.0048948
-110.00 55.00 -0.0027348
-105.00 55.00 -9.84e-05
-100.00 55.00 0.0013429
-95.00 55.00 0.0010248
-90.00 55.00 -0.000338
-85.00 55.00 -0.0016054
-80.00 55.00 -0.0021603
-75.00 55.00 -0.0021496
-70.00 55.00 -0.002066
-65.00 55.00 -0.0022756
-60.00 55.00 -0.0028796
-55.00 55.00 -0.0038059
-50.00 55.00 -0.0048781
-45.00 55.00 -0.0058285
-40.00 55.00 -0.0063816
-35.00 55.00 -0.006415
-30.00 55.00 -0.0060549
-25.00 55.00 -0.0055958
-20.00 55.00 -0.0053023
-15.00 55.00 -0.0052283
-10.00 55.00 -0.0051523
-5.00 55.00 -0.0046749
0.00 55.00 -0.0034719
5.00 55.00 -0.0015923
10.00 55.00 0.0004191
15.00 55.00 0.0017365
20.00 55.00 0.0017266
25.00 55.00 0.0003761
30.00 55.00 -0.0016246
35.00 55.00 -0.0032345
40.00 55.00 -0.0036851
45.00 55.00 -0.0030041
50.00 55.00 -0.0020261
55.00 55.00 -0.0017467
60.00 55.00 -0.0024329
65.00 55.00 -0.0032846
70.00 55.00 -0.0030969
75.00 55.00 -0.001424
80.00 55.00 0.0008674
85.00 55.00 0.0022633
90.00 55.00 0.0018937
95.00 55.00 0.0002315
100.00 55.00 -0.0013841
105.00 55.00 -0.0018333
110.00 55.00 -0.0008999
115.00 55.00 0.0008729
120.00 55.00 0.0027761
125.00 55.00 0.0043744
130.00 55.00 0.005546
135.00 55.00 0.0062848
140.00 55.00 0.0065381
145.00 55.00 0.006215
150.00 55.00 0.0053053
155.00 55.00 0.0039442
160.00 55.00 0.0023334
165.00 55.00 0.0006093
170.00 55.00 -0.0011668
175.00 55.00 -0.0028608
180.00 55.00 -0.0041452
-180.00 60.00 -0.0078368
-175.00 60.00 -0.009595
-170.00 60.00 -0.0105294
-165.00 60.00 -0.0102198
-160.00 60.00 -0.00848
-155.00 60.00 -0.0055012
-150.00 60.00 -0.0019034
-145.00 60.00 0.0013563
-140.00 60.00 0.0032665
-135.00 60.00 0.0031957
-130.00 60.00 0.0012758
-125.00 60.00 -0.0015531
-120.00 60.00 -0.0039766
-115.00 60.00 -0.0050149
-110.00 60.00 -0.0045408
-105.00 60.00 -0.0032339
-100.00 60.00 -0.0020265
-95.00 60.00 -0.0014839
-90.00 60.00 -0.0015732
-85.00 60.00 -0.0019035
-80.00 60.00 -0.0021436
-75.00 60.00 -0.0022579
-70.00 60.00 -0.0024385
-65.00 60.00 -0.0028759
-60.00 60.00 -0.0035743
-55.00 60.00 -0.0043126
-50.00 60.00 -0.0047378
-45.00 60.00 -0.0045297
-40.00 60.00 -0.0035763
-35.00 60.00 -0.0020836
-30.00 60.00 -0.0005487
-25.00 60.00 0.0004286
-20.00 60.00 0.0004255
-15.00 60.00 -0.0005751
-10.00 60.00 -0.0021388
-5.00 60.00 -0.0035697
0.00 60.00 -0.0042569
5.00 60.00 -0.0039934
10.00 60.00 -0.0030776
15.00 60.00 -0.0021174
20.00 60.00 -0.0016463
25.00 60.00 -0.0017884
30.00 60.00 -0.002196
35.00 60.00 -0.0023118
40.00 60.00 -0.00179
45.00 60.00 -0.0007822
50.00 60.00 0.0001438
55.00 60.00 0.0004304
60.00 60.00 -3.7e-06
65.00 60.00 -0.0006429
70.00 60.00 -0.0007421
75.00 60.00 8.6e-05
80.00 60.00 0.0015421
85.00 60.00 0.0028477
90.00 60.00 0.0033094
95.00 60.00 0.0027832
100.00 60.00 0.0017109
105.00 60.00 0.0007827
110.00 60.00 0.0005375
115.00 60.00 0.0011586
120.00 60.00 0.0024949
125.00 60.00 0.004184
130.00 60.00 0.0057729
135.00 60.00 0.0068226
140.00 60.00 0.0070189
145.00 60.00 0.0062743
150.00 60.00 0.0047546
155.00 60.00 0.002785
160.00 60.00 0.0006738
165.00 60.00 -0.0014308
170.00 60.00 -0.0035455
175.00 60.00 -0.0057142
180.00 60.00 -0.0078368
-180.00 65.00 -0.0056278
-175.00 65.00 -0.0076616
-170.00 65.00 -0.0090754
-165.00 65.00 -0.0093837
-160.00 65.00 -0.0083042
-155.00 65.00 -0.0059287
-150.00 65.00 -0.0027722
-145.00 65.00 0.0003463
-140.00 65.00 0.0025747
-135.00 65.00 0.0033501
-130.00 65.00 0.0026264
-125.00 65.00 0.0008822
-120.00 65.00 -0.0011071
-115.00 65.00 -0.0026191
-110.00 65.00 -0.0032684
-105.00 65.00 -0.0030841
-100.00 65.00 -0.0023796
-95.00 65.00 -0.0015358
-90.00 65.00 -0.000842
-85.00 65.00 -0.0004606
-80.00 65.00 -0.0004738
-75.00 65.00 -0.0009237
-70.00 65.00 -0.0017961
-65.00 65.00 -0.0029654
-60.00 65.00 -0.0041623
-55.00 65.00 -0.0050131
-50.00 65.00 -0.0051571
-45.00 65.00 -0.004399
-40.00 65.00 -0.0028291
-35.00 65.00 -0.0008469
-30.00 65.00 0.0009416
-25.00 65.00 0.0019307
-20.00 65.00 0.001748
-15.00 65.00 0.0004138
-10.00 65.00 -0.0016547
-5.00 65.00 -0.0038043
0.00 65.00 -0.0054074
5.00 65.00 -0.0060992
10.00 65.00 -0.0058813
15.00 65.00 -0.005049
20.00 65.00 -0.0039981
25.00 65.00 -0.003028
30.00 65.00 -0.0022516
35.00 65.00 -0.0016449
40.00 65.00 -0.0011738
45.00 65.00 -0.000888
50.00 65.00 -0.0008996
55.00 65.00 -0.0012594
60.00 65.00 -0.0018363
65.00 65.00 -0.0023121
70.00 65.00 -0.0023286
75.00 65.00 -0.0016979
80.00 65.00 -0.0005311
85.00 65.00 0.0008087
90.00 65.00 0.0019009
95.00 65.00 0.0024806
100.00 65.00 0.0025469
105.00 65.00 0.0023231
110.00 65.00 0.0021192
115.00 65.00 0.0021835
120.00 65.00 0.0026074
125.00 65.00 0.0033059
130.00 65.00 0.0040646
135.00 65.00 0.0046289
140.00 65.00 0.0048019
145.00 65.00 0.0045113
150.00 65.00 0.0038107
155.00 65.00 0.0028166
160.00 65.00 0.0016154
165.00 65.00 0.0002072
170.00 65.00 -0.0014728
175.00 65.00 -0.0034568
180.00 65.00 -0.0056278
-180.00 70.00 -0.0001329
-175.00 70.00 -0.0009718
-170.00 70.00 -0.0014908
-165.00 70.00 -0.0014499
-160.00 70.00 -0.0007275
-155.00 70.00 0.0006082
-150.00 70.00 0.0022882
-145.00 70.00 0.003908
-140.00 70.00 0.0050521
-135.00 70.00 0.005433
-130.00 70.00 0.0049877
-125.00 70.00 0.0038933
-120.00 70.00 0.0024943
-115.00 70.00 0.0011759
-110.00 70.00 0.0002367
-105.00 70.00 -0.00019
-100.00 70.00 -0.0001473
-95.00 70.00 0.0001881
-90.00 70.00 0.0005755
-85.00 70.00 0.0007783
-80.00 70.00 0.0006186
-75.00 70.00 1.64e-05
-70.00 70.00 -0.0009872
-65.00 70.00 -0.0022294
-60.00 70.00 -0.0034557
-55.00 70.00 -0.0043834
-50.00 70.00 -0.0047859
-45.00 70.00 -0.004573
-40.00 70.00 -0.0038354
-35.00 70.00 -0.0028317
-30.00 70.00 -0.0019136
-25.00 70.00 -0.0014131
-20.00 70.00 -0.0015288
-15.00 70.00 -0.0022581
-10.00 70.00 -0.0034002
-5.00 70.00 -0.0046316
0.00 70.00 -0.0056237
5.00 70.00 -0.0061547
10.00 70.00 -0.0061731
15.00 70.00 -0.0057926
20.00 70.00 -0.0052306
25.00 70.00 -0.0047229
30.00 70.00 -0.0044545
35.00 70.00 -0.0045256
40.00 70.00 -0.0049512
45.00 70.00 -0.0056755
50.00 70.00 -0.0065827
55.00 70.00 -0.0075037
60.00 70.00 -0.0082296
65.00 70.00 -0.0085477
70.00 70.00 -0.0082988
75.00 70.00 -0.007435
80.00 70.00 -0.0060473
85.00 70.00 -0.0043454
90.00 70.00 -0.0025937
95.00 70.00 -0.0010312
100.00 70.00 0.0001908
105.00 70.00 0.0010315
110.00 70.00 0.001543
115.00 70.00 0.001827
120.00 70.00 0.0019885
125.00 70.00 0.0021031
130.00 70.00 0.0022073
135.00 70.00 0.0023066
140.00 70.00 0.0023936
145.00 70.00 0.0024602
150.00 70.00 0.0024959
155.00 70.00 0.0024764
160.00 70.00 0.0023524
165.00 70.00 0.0020551
170.00 70.00 0.0015268
175.00 70.00 0.0007659
180.00 70.00 -0.0001329
-180.00 75.00 0.0021808
-175.00 75.00 0.0024124
-170.00 75.00 0.0027165
-165.00 75.00 0.003128
-160.00 75.00 0.0036471
-155.00 75.00 0.004227
-150.00 75.00 0.0047775
-145.00 75.00 0.0051853
-140.00 75.00 0.0053457
-135.00 75.00 0.0051952
-130.00 75.00 0.0047332
-125.00 75.00 0.0040255
-120.00 75.00 0.0031885
-115.00 75.00 0.0023578
-110.00 75.00 0.0016521
-105.00 75.00 0.0011429
-100.00 75.00 0.0008396
-95.00 75.00 0.0006921
-90.00 75.00 0.0006088
-85.00 75.00 0.0004858
-80.00 75.00 0.0002358
-75.00 75.00 -0.0001874
-70.00 75.00 -0.0007775
-65.00 75.00 -0.0014769
-60.00 75.00 -0.002193
-55.00 75.00 -0.002823
-50.00 75.00 -0.0032833
-45.00 75.00 -0.0035331
-40.00 75.00 -0.0035871
-35.00 75.00 -0.0035104
-30.00 75.00 -0.0033987
-25.00 75.00 -0.0033478
-20.00 75.00 -0.0034244
-15.00 75.00 -0.0036483
-10.00 75.00 -0.0039911
-5.00 75.00 -0.0043938
0.00 75.00 -0.0047935
5.00 75.00 -0.0051504
10.00 75.00 -0.0054641
15.00 75.00 -0.0057744
20.00 75.00 -0.0061472
25.00 75.00 -0.0066515
30.00 75.00 -0.0073357
35.00 75.00 -0.0082087
40.00 75.00 -0.0092317
45.00 75.00 -0.0103189
50.00 75.00 -0.0113488
55.00 75.00 -0.0121819
60.00 75.00 -0.0126829
65.00 75.00 -0.0127454
70.00 75.00 -0.0123127
75.00 75.00 -0.0113913
80.00 75.00 -0.0100525
85.00 75.00 -0.0084221
90.00 75.00 -0.0066572
95.00 75.00 -0.0049195
100.00 75.00 -0.0033484
105.00 75.00 -0.0020411
110.00 75.00 -0.0010441
115.00 75.00 -0.0003548
120.00 75.00 6.78e-05
125.00 75.00 0.0002892
130.00 75.00 0.0003848
135.00 75.00 0.000427
140.00 75.00 0.000476
145.00 75.00 0.0005732
150.00 75.00 0.0007372
155.00 75.00 0.0009635
160.00 75.00 0.0012288
165.00 75.00 0.0015011
170.00 75.00 0.0017527
175.00 75.00 0.0019739
180.00 75.00 0.0021808
-180.00 80.00 0.0007777
-175.00 80.00 0.0010596
-170.00 80.00 0.0013351
-165.00 80.00 0.0015919
-160.00 80.00 0.001815
-155.00 80.00 0.0019877
-150.00 80.00 0.0020929
-145.00 80.00 0.0021163
-140.00 80.00 0.0020499
-135.00 80.00 0.001895
-130.00 80.00 0.0016634
-125.00 80.00 0.0013761
-120.00 80.00 0.0010607
-115.00 80.00 0.0007464
-110.00 80.00 0.0004586
-105.00 80.00 0.0002141
-100.00 80.00 1.85e-05
-95.00 80.00 -0.0001332
-90.00 80.00 -0.0002549
-85.00 80.00 -0.0003649
-80.00 80.00 -0.0004808
-75.00 80.00 -0.0006153
-70.00 80.00 -0.0007732
-65.00 80.00 -0.0009515
-60.00 80.00 -0.0011407
-55.00 80.00 -0.0013281
-50.00 80.00 -0.001502
-45.00 80.00 -0.001655
-40.00 80.00 -0.0017865
-35.00 80.00 -0.0019022
-30.00 80.00 -0.0020136
-25.00 80.00 -0.0021349
-20.00 80.00 -0.0022807
-15.00 80.00 -0.0024636
-10.00 80.00 -0.0026933
-5.00 80.00 -0.0029774
0.00 80.00 -0.0033218
5.00 80.00 -0.0037317
10.00 80.00 -0.0042117
15.00 80.00 -0.0047651
20.00 80.00 -0.0053911
25.00 80.00 -0.0060823
30.00 80.00 -0.0068213
35.00 80.00 -0.00758
40.00 80.00 -0.0083191
45.00 80.00 -0.0089909
50.00 80.00 -0.0095435
55.00 80.00 -0.0099266
60.00 80.00 -0.0100986
65.00 80.00 -0.0100325
70.00 80.00 -0.0097202
75.00 80.00 -0.0091747
80.00 80.00 -0.0084294
85.00 80.00 -0.0075345
90.00 80.00 -0.0065508
95.00 80.00 -0.0055425
100.00 80.00 -0.0045696
105.00 80.00 -0.0036817
110.00 80.00 -0.0029139
115.00 80.00 -0.0022838
120.00 80.00 -0.0017928
125.00 80.00 -0.001428
130.00 80.00 -0.0011663
135.00 80.00 -0.0009784
140.00 80.00 -0.0008338
145.00 80.00 -0.0007048
150.00 80.00 -0.0005693
155.00 80.00 -0.0004122
160.00 80.00 -0.0002258
165.00 80.00 -8.8e-06
170.00 80.00 0.0002352
175.00 80.00 0.0005
180.00 80.00 0.0007777
-180.00 85.00 -0.0004396
-175.00 85.00 -0.0003752
-170.00 85.00 -0.0003183
-165.00 85.00 -0.0002698
-160.00 85.00 -0.0002301
-155.00 85.00 -0.0001994
-150.00 85.00 -0.0001789
-145.00 85.00 -0.0001699
-140.00 85.00 -0.0001726
-135.00 85.00 -0.000185
-130.00 85.00 -0.0002041
-125.00 85.00 -0.0002266
-120.00 85.00 -0.0002509
-115.00 85.00 -0.0002756
-110.00 85.00 -0.0002997
-105.00 85.00 -0.0003208
-100.00 85.00 -0.0003369
-95.00 85.00 -0.0003468
-90.00 85.00 -0.0003517
-85.00 85.00 -0.000354
-80.00 85.00 -0.0003558
-75.00 85.00 -0.0003582
-70.00 85.00 -0.0003617
-65.00 85.00 -0.0003674
-60.00 85.00 -0.0003777
-55.00 85.00 -0.0003958
-50.00 85.00 -0.0004241
-45.00 85.00 -0.0004636
-40.00 85.00 -0.0005149
-35.00 85.00 -0.0005793
-30.00 85.00 -0.0006594
-25.00 85.00 -0.0007582
-20.00 85.00 -0.0008781
-15.00 85.00 -0.0010197
-10.00 85.00 -0.0011827
-5.00 85.00 -0.0013665
0.00 85.00 -0.0015708
5.00 85.00 -0.0017949
10.00 85.00 -0.0020362
15.00 85.00 -0.00229
20.00 85.00 -0.0025495
25.00 85.00 -0.0028076
30.00 85.00 -0.0030572
35.00 85.00 -0.0032911
40.00 85.00 -0.0035015
45.00 85.00 -0.0036799
50.00 85.00 -0.0038177
55.00 85.00 -0.0039083
60.00 85.00 -0.0039478
65.00 85.00 -0.0039352
70.00 85.00 -0.0038715
75.00 85.00 -0.0037593
80.00 85.00 -0.0036026
85.00 85.00 -0.0034079
90.00 85.00 -0.0031843
95.00 85.00 -0.0029422
100.00 85.00 -0.002692
105.00 85.00 -0.0024423
110.00 85.00 -0.0022
115.00 85.00 -0.0019705
120.00 85.00 -0.0017588
125.00 85.00 -0.0015684
130.00 85.00 -0.0014007
135.00 85.00 -0.0012544
140.00 85.00 -0.0011263
145.00 85.00 -0.0010127
150.00 85.00 -0.000911
155.00 85.00 -0.000819
160.00 85.00 -0.0007351
165.00 85.00 -0.0006569
170.00 85.00 -0.0005819
175.00 85.00 -0.0005092
180.00 85.00 -0.0004396
-180.00 90.00 -0.0006242
-175.00 90.00 -0.0006242
-170.00 90.00 -0.0006242
-165.00 90.00 -0.0006242
-160.00 90.00 -0.0006242
-155.00 90.00 -0.0006242
-150.00 90.00 -0.0006242
-145.00 90.00 -0.0006242
-140.00 90.00 -0.0006242
-135.00 90.00 -0.0006242
-130.00 90.00 -0.0006242
-125.00 90.00 -0.0006242
-120.00 90.00 -0.0006242
-115.00 90.00 -0.0006242
-110.00 90.00 -0.0006242
-105.00 90.00 -0.0006242
-100.00 90.00 -0.0006242
-95.00 90.00 -0.0006242
-90.00 90.00 -0.0006242
-85.00 90.00 -0.0006242
-80.00 90.00 -0.0006242
-75.00 90.00 -0.0006242
-70.00 90.00 -0.0006242
-65.00 90.00 -0.0006242
-60.00 90.00 -0.0006242
-55.00 90.00 -0.0006242
-50.00 90.00 -0.0006242
-45.00 90.00 -0.0006242
-40.00 90.00 -0.0006242
-35.00 90.00 -0.0006242
-30.00 90.00 -0.0006242
-25.00 90.00 -0.0006242
-20.00 90.00 -0.0006242
-15.00 90.00 -0.0006242
-10.00 90.00 -0.0006242
-5.00 90.00 -0.0006242
0.00 90.00 -0.0006242
5.00 90.00 -0.0006242
10.00 90.00 -0.0006242
15.00 90.00 -0.0006242
20.00 90.00 -0.0006242
25.00 90.00 -0.0006242
30.00 90.00 -0.0006242
35.00 90.00 -0.0006242
40.00 90.00 -0.0006242
45.00 90.00 -0.0006242
50.00 90.00 -0.0006242
55.00 90.00 -0.0006242
60.00 90.00 -0.0006242
65.00 90.00 -0.0006242
70.00 90.00 -0.0006242
75.00 90.00 -0.0006242
80.00 90.00 -0.0006242
85.00 90.00 -0.0006242
90.00 90.00 -0.0006242
95.00 90.00 -0.0006242
100.00 90.00 -0.0006242
105.00 90.00 -0.0006242
110.00 90.00 -0.0006242
115.00 90.00 -0.0006242
120.00 90.00 -0.0006242
125.00 90.00 -0.0006242
130.00 90.00 -0.0006242
135.00 90.00 -0.0006242
140.00 90.00 -0.0006242
145.00 90.00 -0.0006242
150.00 90.00 -0.0006242
155.00 90.00 -0.0006242
160.00 90.00 -0.0006242
165.00 90.00 -0.0006242
170.00 90.00 -0.0006242
175.00 90.00 -0.0006242
180.00 90.00 -0.0006242
