-180.00 -90.00 -0.0019245
-175.00 -90.00 -0.0019244
-170.00 -90.00 -0.0019243
-165.00 -90.00 -0.0019242
-160.00 -90.00 -0.0019242
-155.00 -90.00 -0.0019241
-150.00 -90.00 -0.0019241
-145.00 -90.00 -0.0019242
-140.00 -90.00 -0.0019242
-135.00 -90.00 -0.0019243
-130.00 -90.00 -0.0019244
-125.00 -90.00 -0.0019245
-120.00 -90.00 -0.0019247
-115.00 -90.00 -0.0019248
-110.00 -90.00 -0.001925
-105.00 -90.00 -0.0019251
-100.00 -90.00 -0.0019253
-95.00 -90.00 -0.0019254
-90.00 -90.00 -0.0019256
-85.00 -90.00 -0.0019257
-80.00 -90.00 -0.0019258
-75.00 -90.00 -0.0019259
-70.00 -90.00 -0.0019259
-65.00 -90.00 -0.0019259
-60.00 -90.00 -0.001926
-55.00 -90.00 -0.0019259
-50.00 -90.00 -0.0019259
-45.00 -90.00 -0.0019258
-40.00 -90.00 -0.0019257
-35.00 -90.00 -0.0019256
-30.00 -90.00 -0.0019254
-25.00 -90.00 -0.0019253
-20.00 -90.00 -0.0019251
-15.00 -90.00 -0.001925
-10.00 -90.00 -0.0019248
-5.00 -90.00 -0.0019247
0.00 -90.00 -0.0019245
5.00 -90.00 -0.0019244
10.00 -90.00 -0.0019243
15.00 -90.00 -0.0019242
20.00 -90.00 -0.0019242
25.00 -90.00 -0.0019241
30.00 -90.00 -0.0019241
35.00 -90.00 -0.0019242
40.00 -90.00 -0.0019242
45.00 -90.00 -0.0019243
50.00 -90.00 -0.0019244
55.00 -90.00 -0.0019245
60.00 -90.00 -0.0019247
65.00 -90.00 -0.0019248
70.00 -90.00 -0.001925
75.00 -90.00 -0.0019251
80.00 -90.00 -0.0019253
85.00 -90.00 -0.0019254
90.00 -90.00 -0.0019256
95.00 -90.00 -0.0019257
100.00 -90.00 -0.0019258
105.00 -90.00 -0.0019259
110.00 -90.00 -0.0019259
115.00 -90.00 -0.001926
120.00 -90.00 -0.001926
125.00 -90.00 -0.0019259
130.00 -90.00 -0.0019259
135.00 -90.00 -0.0019258
140.00 -90.00 -0.0019257
145.00 -90.00 -0.0019256
150.00 -90.00 -0.0019254
155.00 -90.00 -0.0019253
160.00 -90.00 -0.0019251
165.00 -90.00 -0.001925
170.00 -90.00 -0.0019248
175.00 -90.00 -0.0019247
180.00 -90.00 -0.0019245
-180.00 -85.00 -0.0040407
-175.00 -85.00 -0.0037922
-170.00 -85.00 -0.0035347
-165.00 -85.00 -0.0032747
-160.00 -85.00 -0.0030189
-155.00 -85.00 -0.0027732
-150.00 -85.00 -0.0025426
-145.00 -85.00 -0.0023308
-140.00 -85.00 -0.0021411
-135.00 -85.00 -0.0019758
-130.00 -85.00 -0.0018365
-125.00 -85.00 -0.0017237
-120.00 -85.00 -0.0016372
-115.00 -85.00 -0.0015766
-110.00 -85.00 -0.0015416
-105.00 -85.00 -0.0015314
-100.00 -85.00 -0.0015452
-95.00 -85.00 -0.0015817
-90.00 -85.00 -0.0016391
-85.00 -85.00 -0.0017159
-80.00 -85.00 -0.0018097
-75.00 -85.00 -0.0019179
-70.00 -85.00 -0.0020371
-65.00 -85.00 -0.0021636
-60.00 -85.00 -0.0022937
-55.00 -85.00 -0.0024234
-50.00 -85.00 -0.0025488
-45.00 -85.00 -0.0026659
-40.00 -85.00 -0.0027716
-35.00 -85.00 -0.0028632
-30.00 -85.00 -0.0029391
-25.00 -85.00 -0.0029978
-20.00 -85.00 -0.0030391
-15.00 -85.00 -0.0030637
-10.00 -85.00 -0.0030735
-5.00 -85.00 -0.003071
0.00 -85.00 -0.0030594
5.00 -85.00 -0.0030422
10.00 -85.00 -0.0030233
15.00 -85.00 -0.0030075
20.00 -85.00 -0.0029994
25.00 -85.00 -0.0030032
30.00 -85.00 -0.0030223
35.00 -85.00 -0.0030595
40.00 -85.00 -0.003117
45.00 -85.00 -0.003196
50.00 -85.00 -0.0032965
55.00 -85.00 -0.0034167
60.00 -85.00 -0.0035537
65.00 -85.00 -0.0037036
70.00 -85.00 -0.0038626
75.00 -85.00 -0.0040261
80.00 -85.00 -0.0041894
85.00 -85.00 -0.004348
90.00 -85.00 -0.0044982
95.00 -85.00 -0.0046373
100.00 -85.00 -0.0047636
105.00 -85.00 -0.0048757
110.00 -85.00 -0.0049724
115.00 -85.00 -0.0050532
120.00 -85.00 -0.0051174
125.00 -85.00 -0.0051642
130.00 -85.00 -0.0051919
135.00 -85.00 -0.0051984
140.00 -85.00 -0.0051813
145.00 -85.00 -0.0051384
150.00 -85.00 -0.0050678
155.00 -85.00 -0.0049677
160.00 -85.00 -0.0048371
165.00 -85.00 -0.0046764
170.00 -85.00 -0.0044876
175.00 -85.00 -0.0042742
180.00 -85.00 -0.0040407
-180.00 -80.00 -0.0084964
-175.00 -80.00 -0.0081494
-170.00 -80.00 -0.0077695
-165.00 -80.00 -0.0074032
-160.00 -80.00 -0.0070847
-155.00 -80.00 -0.006827
-150.00 -80.00 -0.0066338
-145.00 -80.00 -0.0065062
-140.00 -80.00 -0.0064336
-135.00 -80.00 -0.0063889
-130.00 -80.00 -0.0063434
-125.00 -80.00 -0.0062802
-120.00 -80.00 -0.0061898
-115.00 -80.00 -0.006059
-110.00 -80.00 -0.0058789
-105.00 -80.00 -0.0056571
-100.00 -80.00 -0.0054123
-95.00 -80.00 -0.0051585
-90.00 -80.00 -0.0049045
-85.00 -80.00 -0.0046655
-80.00 -80.00 -0.0044615
-75.00 -80.00 -0.0043022
-70.00 -80.00 -0.0041832
-65.00 -80.00 -0.0041
-60.00 -80.00 -0.0040546
-55.00 -80.00 -0.0040437
-50.00 -80.00 -0.0040531
-45.00 -80.00 -0.0040686
-40.00 -80.00 -0.004087
-35.00 -80.00 -0.0041056
-30.00 -80.00 -0.0041119
-25.00 -80.00 -0.0040911
-20.00 -80.00 -0.0040394
-15.00 -80.00 -0.0039595
-10.00 -80.00 -0.0038475
-5.00 -80.00 -0.0036964
0.00 -80.00 -0.0035096
5.00 -80.00 -0.0033003
10.00 -80.00 -0.0030763
15.00 -80.00 -0.0028383
20.00 -80.00 -0.0025937
25.00 -80.00 -0.002362
30.00 -80.00 -0.0021623
35.00 -80.00 -0.0020063
40.00 -80.00 -0.001909
45.00 -80.00 -0.0018945
50.00 -80.00 -0.0019822
55.00 -80.00 -0.0021724
60.00 -80.00 -0.0024521
65.00 -80.00 -0.0028067
70.00 -80.00 -0.0032149
75.00 -80.00 -0.0036402
80.00 -80.00 -0.0040408
85.00 -80.00 -0.0043896
90.00 -80.00 -0.0046779
95.00 -80.00 -0.0049038
100.00 -80.00 -0.0050721
105.00 -80.00 -0.0052051
110.00 -80.00 -0.0053412
115.00 -80.00 -0.0055153
120.00 -80.00 -0.0057468
125.00 -80.00 -0.0060477
130.00 -80.00 -0.0064259
135.00 -80.00 -0.0068739
140.00 -80.00 -0.0073598
145.00 -80.00 -0.0078404
150.00 -80.00 -0.0082778
155.00 -80.00 -0.0086377
160.00 -80.00 -0.0088834
165.00 -80.00 -0.0089861
170.00 -80.00 -0.0089421
175.00 -80.00 -0.0087702
180.00 -80.00 -0.0084964
-180.00 -75.00 -0.0099605
-175.00 -75.00 -0.00947
-170.00 -75.00 -0.0090043
-165.00 -75.00 -0.0086901
-160.00 -75.00 -0.008612
-155.00 -75.00 -0.0087972
-150.00 -75.00 -0.0092137
-145.00 -75.00 -0.0097834
-140.00 -75.00 -0.0104052
-135.00 -75.00 -0.0109761
-130.00 -75.00 -0.0114087
-125.00 -75.00 -0.0116419
-120.00 -75.00 -0.0116422
-115.00 -75.00 -0.0113985
-110.00 -75.00 -0.0109177
-105.00 -75.00 -0.0102234
-100.00 -75.00 -0.0093553
-95.00 -75.00 -0.0083659
-90.00 -75.00 -0.0073173
-85.00 -75.00 -0.0062733
-80.00 -75.00 -0.0052879
-75.00 -75.00 -0.0043961
-70.00 -75.00 -0.0036122
-65.00 -75.00 -0.0029347
-60.00 -75.00 -0.0023535
-55.00 -75.00 -0.0018618
-50.00 -75.00 -0.0014641
-45.00 -75.00 -0.0011751
-40.00 -75.00 -0.0010127
-35.00 -75.00 -0.0009881
-30.00 -75.00 -0.0010972
-25.00 -75.00 -0.001315
-20.00 -75.00 -0.0016003
-15.00 -75.00 -0.0019082
-10.00 -75.00 -0.0022011
-5.00 -75.00 -0.0024555
0.00 -75.00 -0.0026629
5.00 -75.00 -0.0028214
10.00 -75.00 -0.0029229
15.00 -75.00 -0.0029442
20.00 -75.00 -0.0028508
25.00 -75.00 -0.0026089
30.00 -75.00 -0.0022032
35.00 -75.00 -0.0016551
40.00 -75.00 -0.0010311
45.00 -75.00 -0.0004341
50.00 -75.00 1.95e-05
55.00 -75.00 0.0002292
60.00 -75.00 0.0001388
65.00 -75.00 -0.0002433
70.00 -75.00 -0.0008415
75.00 -75.00 -0.0015316
80.00 -75.00 -0.0021697
85.00 -75.00 -0.0026278
90.00 -75.00 -0.0028266
95.00 -75.00 -0.0027549
100.00 -75.00 -0.0024686
105.00 -75.00 -0.0020748
110.00 -75.00 -0.0017063
115.00 -75.00 -0.0014932
120.00 -75.00 -0.0015378
125.00 -75.00 -0.0019007
130.00 -75.00 -0.0025963
135.00 -75.00 -0.0035926
140.00 -75.00 -0.004816
145.00 -75.00 -0.0061601
150.00 -75.00 -0.0074978
155.00 -75.00 -0.0086956
160.00 -75.00 -0.0096337
165.00 -75.00 -0.0102285
170.00 -75.00 -0.0104505
175.00 -75.00 -0.0103312
180.00 -75.00 -0.0099605
-180.00 -70.00 -0.0079249
-175.00 -70.00 -0.0069598
-170.00 -70.00 -0.0060988
-165.00 -70.00 -0.005625
-160.00 -70.00 -0.0057089
-155.00 -70.00 -0.0063639
-150.00 -70.00 -0.0074502
-145.00 -70.00 -0.0087262
-140.00 -70.00 -0.0099322
-135.00 -70.00 -0.0108706
-130.00 -70.00 -0.0114523
-125.00 -70.00 -0.0116892
-120.00 -70.00 -0.0116446
-115.00 -70.00 -0.0113731
-110.00 -70.00 -0.0108848
-105.00 -70.00 -0.0101527
-100.00 -70.00 -0.009152
-95.00 -70.00 -0.0079044
-90.00 -70.00 -0.006496
-85.00 -70.00 -0.0050582
-80.00 -70.00 -0.0037203
-75.00 -70.00 -0.0025623
-70.00 -70.00 -0.0015905
-65.00 -70.00 -0.0007505
-60.00 -70.00 3.13e-05
-55.00 -70.00 0.000797
-50.00 -70.00 0.0015213
-45.00 -70.00 0.0021069
-40.00 -70.00 0.0024169
-35.00 -70.00 0.0023305
-30.00 -70.00 0.0018018
-25.00 -70.00 0.0008932
-20.00 -70.00 -0.0002354
-15.00 -70.00 -0.0013818
-10.00 -70.00 -0.0023782
-5.00 -70.00 -0.003154
0.00 -70.00 -0.0037503
5.00 -70.00 -0.004276
10.00 -70.00 -0.0048266
15.00 -70.00 -0.0054086
20.00 -70.00 -0.0059116
25.00 -70.00 -0.006144
30.00 -70.00 -0.0059182
35.00 -70.00 -0.0051419
40.00 -70.00 -0.0038747
45.00 -70.00 -0.0023274
50.00 -70.00 -0.0008078
55.00 -70.00 0.0003651
60.00 -70.00 0.0009511
65.00 -70.00 0.0008583
70.00 -70.00 0.0001745
75.00 -70.00 -0.0008535
80.00 -70.00 -0.0018908
85.00 -70.00 -0.0026167
90.00 -70.00 -0.0028239
95.00 -70.00 -0.0024752
100.00 -70.00 -0.0016983
105.00 -70.00 -0.0007246
110.00 -70.00 0.0001962
115.00 -70.00 0.0008674
120.00 -70.00 0.0011775
125.00 -70.00 0.0010912
130.00 -70.00 0.0006157
135.00 -70.00 -0.0002289
140.00 -70.00 -0.0014162
145.00 -70.00 -0.0028937
150.00 -70.00 -0.004552
155.00 -70.00 -0.0062097
160.00 -70.00 -0.0076334
165.00 -70.00 -0.0085956
170.00 -70.00 -0.008947
175.00 -70.00 -0.0086759
180.00 -70.00 -0.0079249
-180.00 -65.00 -0.0072658
-175.00 -65.00 -0.0058894
-170.00 -65.00 -0.0044277
-165.00 -65.00 -0.0033838
-160.00 -65.00 -0.0031147
-155.00 -65.00 -0.0037028
-150.00 -65.00 -0.0049095
-145.00 -65.00 -0.0062606
-140.00 -65.00 -0.0072547
-135.00 -65.00 -0.0076008
-130.00 -65.00 -0.0073498
-125.00 -65.00 -0.0068374
-120.00 -65.00 -0.0064673
-115.00 -65.00 -0.0064667
-110.00 -65.00 -0.0067629
-105.00 -65.00 -0.0070434
-100.00 -65.00 -0.0069521
-95.00 -65.00 -0.0062939
-90.00 -65.00 -0.0051335
-85.00 -65.00 -0.0037465
-80.00 -65.00 -0.0024675
-75.00 -65.00 -0.0015307
-70.00 -65.00 -0.0009821
-65.00 -65.00 -0.0006957
-60.00 -65.00 -0.0004667
-55.00 -65.00 -0.0001273
-50.00 -65.00 0.0003632
-45.00 -65.00 0.0008832
-40.00 -65.00 0.0011809
-35.00 -65.00 0.000971
-30.00 -65.00 7.1e-05
-25.00 -65.00 -0.0014782
-20.00 -65.00 -0.0033756
-15.00 -65.00 -0.0051514
-10.00 -65.00 -0.0063626
-5.00 -65.00 -0.0068028
0.00 -65.00 -0.0066091
5.00 -65.00 -0.0061936
10.00 -65.00 -0.006023
15.00 -65.00 -0.006366
20.00 -65.00 -0.0071524
25.00 -65.00 -0.0080231
30.00 -65.00 -0.0085278
35.00 -65.00 -0.0083438
40.00 -65.00 -0.007395
45.00 -65.00 -0.0058416
50.00 -65.00 -0.0039971
55.00 -65.00 -0.0022437
60.00 -65.00 -0.0009619
65.00 -65.00 -0.0004435
70.00 -65.00 -0.0007792
75.00 -65.00 -0.0017741
80.00 -65.00 -0.0029796
85.00 -65.00 -0.0038669
90.00 -65.00 -0.0040656
95.00 -65.00 -0.0035259
100.00 -65.00 -0.0025082
105.00 -65.00 -0.0014177
110.00 -65.00 -0.0005914
115.00 -65.00 -0.0001559
120.00 -65.00 -1.84e-05
125.00 -65.00 2.72e-05
130.00 -65.00 0.0001401
135.00 -65.00 0.0003053
140.00 -65.00 0.00031
145.00 -65.00 -0.0001507
150.00 -65.00 -0.0012856
155.00 -65.00 -0.0030435
160.00 -65.00 -0.0050792
165.00 -65.00 -0.0068753
170.00 -65.00 -0.0079539
175.00 -65.00 -0.0080647
180.00 -65.00 -0.0072658
-180.00 -60.00 -0.0094214
-175.00 -60.00 -0.008142
-170.00 -60.00 -0.0061921
-165.00 -60.00 -0.0042466
-160.00 -60.00 -0.0030147
-155.00 -60.00 -0.0029437
-150.00 -60.00 -0.0039214
-145.00 -60.00 -0.0052469
-140.00 -60.00 -0.0059991
-135.00 -60.00 -0.0056141
-130.00 -60.00 -0.004269
-125.00 -60.00 -0.0027777
-120.00 -60.00 -0.0020629
-115.00 -60.00 -0.0025761
-110.00 -60.00 -0.0040487
-105.00 -60.00 -0.0056944
-100.00 -60.00 -0.0066759
-95.00 -60.00 -0.006529
-90.00 -60.00 -0.0053245
-85.00 -60.00 -0.0035439
-80.00 -60.00 -0.0017904
-75.00 -60.00 -0.0005154
-70.00 -60.00 0.0001096
-65.00 -60.00 0.000155
-60.00 -60.00 -0.0001865
-55.00 -60.00 -0.0006953
-50.00 -60.00 -0.0011692
-45.00 -60.00 -0.0014689
-40.00 -60.00 -0.0016007
-35.00 -60.00 -0.001776
-30.00 -60.00 -0.0023385
-25.00 -60.00 -0.0035417
-20.00 -60.00 -0.0053054
-15.00 -60.00 -0.0071452
-10.00 -60.00 -0.0083713
-5.00 -60.00 -0.0084668
0.00 -60.00 -0.0074183
5.00 -60.00 -0.0057702
10.00 -60.00 -0.0043379
15.00 -60.00 -0.0037461
20.00 -60.00 -0.0041056
25.00 -60.00 -0.0050511
30.00 -60.00 -0.0060782
35.00 -60.00 -0.0068704
40.00 -60.00 -0.0073485
45.00 -60.00 -0.0074698
50.00 -60.00 -0.0070723
55.00 -60.00 -0.0059945
60.00 -60.00 -0.0043717
65.00 -60.00 -0.0027554
70.00 -60.00 -0.0018276
75.00 -60.00 -0.0018942
80.00 -60.00 -0.0026072
85.00 -60.00 -0.0031943
90.00 -60.00 -0.0030184
95.00 -60.00 -0.0020025
100.00 -60.00 -0.0006102
105.00 -60.00 0.0005242
110.00 -60.00 0.0009827
115.00 -60.00 0.0007349
120.00 -60.00 9.64e-05
125.00 -60.00 -0.0004257
130.00 -60.00 -0.0003605
135.00 -60.00 0.0004514
140.00 -60.00 0.0016623
145.00 -60.00 0.0024989
150.00 -60.00 0.0021668
155.00 -60.00 0.000344
160.00 -60.00 -0.0025928
165.00 -60.00 -0.0057718
170.00 -60.00 -0.0082811
175.00 -60.00 -0.0095428
180.00 -60.00 -0.0094214
-180.00 -55.00 -0.0104172
-175.00 -55.00 -0.0098515
-170.00 -55.00 -0.0079905
-165.00 -55.00 -0.005363
-160.00 -55.00 -0.0030642
-155.00 -55.00 -0.0022243
-150.00 -55.00 -0.003172
-145.00 -55.00 -0.0050632
-140.00 -55.00 -0.0064263
-135.00 -55.00 -0.0062529
-130.00 -55.00 -0.004736
-125.00 -55.00 -0.0030571
-120.00 -55.00 -0.0024513
-115.00 -55.00 -0.003348
-110.00 -55.00 -0.005208
-105.00 -55.00 -0.0070135
-100.00 -55.00 -0.0079003
-95.00 -55.00 -0.0075042
-90.00 -55.00 -0.0059641
-85.00 -55.00 -0.003743
-80.00 -55.00 -0.0013931
-75.00 -55.00 0.0006597
-70.00 -55.00 0.0022026
-65.00 -55.00 0.0031305
-60.00 -55.00 0.0032946
-55.00 -55.00 0.0025581
-50.00 -55.00 0.0010678
-45.00 -55.00 -0.0005953
-40.00 -55.00 -0.0016817
-35.00 -55.00 -0.0018054
-30.00 -55.00 -0.0012559
-25.00 -55.00 -0.0007911
-20.00 -55.00 -0.0010903
-15.00 -55.00 -0.0022888
-10.00 -55.00 -0.0038899
-5.00 -55.00 -0.0050791
0.00 -55.00 -0.005258
5.00 -55.00 -0.0044625
10.00 -55.00 -0.0033314
15.00 -55.00 -0.0025907
20.00 -55.00 -0.0024867
25.00 -55.00 -0.002726
30.00 -55.00 -0.0029914
35.00 -55.00 -0.003442
40.00 -55.00 -0.0045566
45.00 -55.00 -0.006402
50.00 -55.00 -0.0081456
55.00 -55.00 -0.0085089
60.00 -55.00 -0.0068854
65.00 -55.00 -0.0040376
70.00 -55.00 -0.0015767
75.00 -55.00 -0.0006308
80.00 -55.00 -0.0009625
85.00 -55.00 -0.0013604
90.00 -55.00 -0.0008277
95.00 -55.00 0.0006481
100.00 -55.00 0.0023614
105.00 -55.00 0.0036495
110.00 -55.00 0.00425
115.00 -55.00 0.0040904
120.00 -55.00 0.0031103
125.00 -55.00 0.0015144
130.00 -55.00 5.02e-05
135.00 -55.00 -0.0003248
140.00 -55.00 0.0007064
145.00 -55.00 0.0023202
150.00 -55.00 0.0030489
155.00 -55.00 0.0018933
160.00 -55.00 -0.0009776
165.00 -55.00 -0.0045091
170.00 -55.00 -0.0075984
175.00 -55.00 -0.0096355
180.00 -55.00 -0.0104172
-180.00 -50.00 -0.0079197
-175.00 -50.00 -0.0086806
-170.00 -50.00 -0.0078975
-165.00 -50.00 -0.0056125
-160.00 -50.00 -0.0031009
-155.00 -50.00 -0.0020341
-150.00 -50.00 -0.0030764
-145.00 -50.00 -0.0052884
-140.00 -50.00 -0.0069709
-135.00 -50.00 -0.0071632
-130.00 -50.00 -0.0063675
-125.00 -50.00 -0.0058655
-120.00 -50.00 -0.0064063
-115.00 -50.00 -0.007601
-110.00 -50.00 -0.0085072
-105.00 -50.00 -0.0086036
-100.00 -50.00 -0.008065
-95.00 -50.00 -0.0072237
-90.00 -50.00 -0.0060727
-85.00 -50.00 -0.0044337
-80.00 -50.00 -0.0023903
-75.00 -50.00 -0.000274
-70.00 -50.00 0.0017115
-65.00 -50.00 0.0035209
-60.00 -50.00 0.0048401
-55.00 -50.00 0.0049816
-50.00 -50.00 0.0035646
-45.00 -50.00 0.0012376
-40.00 -50.00 -0.0005823
-35.00 -50.00 -0.0008114
-30.00 -50.00 0.0005084
-25.00 -50.00 0.0023987
-20.00 -50.00 0.0036692
-15.00 -50.00 0.0034977
-10.00 -50.00 0.0017483
-5.00 -50.00 -0.000904
0.00 -50.00 -0.0032823
5.00 -50.00 -0.0045239
10.00 -50.00 -0.00473
15.00 -50.00 -0.0046588
20.00 -50.00 -0.0047261
25.00 -50.00 -0.004532
30.00 -50.00 -0.0035741
35.00 -50.00 -0.0022919
40.00 -50.00 -0.0020205
45.00 -50.00 -0.00364
50.00 -50.00 -0.0063321
55.00 -50.00 -0.0079765
60.00 -50.00 -0.0070483
65.00 -50.00 -0.0041432
70.00 -50.00 -0.0014496
75.00 -50.00 -0.0006187
80.00 -50.00 -0.0012824
85.00 -50.00 -0.0017872
90.00 -50.00 -0.0011574
95.00 -50.00 7.58e-05
100.00 -50.00 0.0010028
105.00 -50.00 0.0017036
110.00 -50.00 0.0029194
115.00 -50.00 0.0045008
120.00 -50.00 0.0049161
125.00 -50.00 0.0028244
130.00 -50.00 -0.0010589
135.00 -50.00 -0.004202
140.00 -50.00 -0.0045683
145.00 -50.00 -0.0025031
150.00 -50.00 -0.0002092
155.00 -50.00 0.0004233
160.00 -50.00 -0.0007661
165.00 -50.00 -0.0027392
170.00 -50.00 -0.0046508
175.00 -50.00 -0.006385
180.00 -50.00 -0.0079197
-180.00 -45.00 -0.0040273
-175.00 -45.00 -0.0063891
-170.00 -45.00 -0.0071702
-165.00 -45.00 -0.0061723
-160.00 -45.00 -0.0046948
-155.00 -45.00 -0.0042225
-150.00 -45.00 -0.0049892
-145.00 -45.00 -0.0058957
-140.00 -45.00 -0.0058496
-135.00 -45.00 -0.0050965
-130.00 -45.00 -0.00507
-125.00 -45.00 -0.0068104
-120.00 -45.00 -0.0095927
-115.00 -45.00 -0.0113576
-110.00 -45.00 -0.0107019
-105.00 -45.00 -0.0083551
-100.00 -45.00 -0.0063926
-95.00 -45.00 -0.0059498
-90.00 -45.00 -0.0061048
-85.00 -45.00 -0.0052749
-80.00 -45.00 -0.0032716
-75.00 -45.00 -0.0013195
-70.00 -45.00 -0.0002229
-65.00 -45.00 0.000553
-60.00 -45.00 0.0016414
-55.00 -45.00 0.00247
-50.00 -45.00 0.0020177
-45.00 -45.00 0.0004753
-40.00 -45.00 -0.0007546
-35.00 -45.00 -0.0006951
-30.00 -45.00 0.0003182
-25.00 -45.00 0.0014465
-20.00 -45.00 0.0022196
-15.00 -45.00 0.0022837
-10.00 -45.00 0.0011039
-5.00 -45.00 -0.0013108
0.00 -45.00 -0.0037672
5.00 -45.00 -0.0048222
10.00 -45.00 -0.0044144
15.00 -45.00 -0.0039335
20.00 -45.00 -0.0044441
25.00 -45.00 -0.0053232
30.00 -45.00 -0.0050742
35.00 -45.00 -0.0033019
40.00 -45.00 -0.0014502
45.00 -45.00 -0.0014127
50.00 -45.00 -0.0035086
55.00 -45.00 -0.006009
60.00 -45.00 -0.0068165
65.00 -45.00 -0.0055971
70.00 -45.00 -0.0039844
75.00 -45.00 -0.0035429
80.00 -45.00 -0.0039542
85.00 -45.00 -0.0037833
90.00 -45.00 -0.0027843
95.00 -45.00 -0.0024046
100.00 -45.00 -0.0034989
105.00 -45.00 -0.0044303
110.00 -45.00 -0.0026927
115.00 -45.00 0.0015444
120.00 -45.00 0.004668
125.00 -45.00 0.0032036
130.00 -45.00 -0.0022459
135.00 -45.00 -0.0074119
140.00 -45.00 -0.008651
145.00 -45.00 -0.0061656
150.00 -45.00 -0.0028789
155.00 -45.00 -0.0009937
160.00 -45.00 -0.0004214
165.00 -45.00 -0.0002012
170.00 -45.00 -0.000326
175.00 -45.00 -0.0015806
180.00 -45.00 -0.0040273
-180.00 -40.00 -0.0012325
-175.00 -40.00 -0.0047296
-170.00 -40.00 -0.0063094
-165.00 -40.00 -0.0063222
-160.00 -40.00 -0.0061941
-155.00 -40.00 -0.0065578
-150.00 -40.00 -0.0066045
-145.00 -40.00 -0.005199
-140.00 -40.00 -0.0025068
-135.00 -40.00 -0.0003842
-130.00 -40.00 -0.0009558
-125.00 -40.00 -0.0045584
-120.00 -40.00 -0.0089736
-115.00 -40.00 -0.0109502
-110.00 -40.00 -0.0090634
-105.00 -40.00 -0.0053037
-100.00 -40.00 -0.0032992
-95.00 -40.00 -0.004421
-90.00 -40.00 -0.0061284
-85.00 -40.00 -0.0050298
-80.00 -40.00 -0.0011997
-75.00 -40.00 0.0018966
-70.00 -40.00 0.0018518
-65.00 -40.00 2.19e-05
-60.00 -40.00 -0.0009978
-55.00 -40.00 -0.0009304
-50.00 -40.00 -0.0012086
-45.00 -40.00 -0.001938
-40.00 -40.00 -0.0017141
-35.00 -40.00 -0.0003202
-30.00 -40.00 0.0005344
-25.00 -40.00 -0.0002779
-20.00 -40.00 -0.0017867
-15.00 -40.00 -0.0027652
-10.00 -40.00 -0.0035708
-5.00 -40.00 -0.0048815
0.00 -40.00 -0.0057145
5.00 -40.00 -0.0044047
10.00 -40.00 -0.0012974
15.00 -40.00 0.0010148
20.00 -40.00 0.0004932
25.00 -40.00 -0.0021737
30.00 -40.00 -0.0045154
35.00 -40.00 -0.0048055
40.00 -40.00 -0.0034371
45.00 -40.00 -0.0023237
50.00 -40.00 -0.0031585
55.00 -40.00 -0.0058307
60.00 -40.00 -0.0084071
65.00 -40.00 -0.0090325
70.00 -40.00 -0.0077889
75.00 -40.00 -0.0061482
80.00 -40.00 -0.0048541
85.00 -40.00 -0.0034829
90.00 -40.00 -0.0022495
95.00 -40.00 -0.0026617
100.00 -40.00 -0.005162
105.00 -40.00 -0.0071566
110.00 -40.00 -0.0053154
115.00 -40.00 -5.2e-06
120.00 -40.00 0.0041762
125.00 -40.00 0.00325
130.00 -40.00 -0.0016267
135.00 -40.00 -0.0056005
140.00 -40.00 -0.0056202
145.00 -40.00 -0.0031344
150.00 -40.00 -0.001194
155.00 -40.00 -0.0004654
160.00 -40.00 0.0006386
165.00 -40.00 0.0027016
170.00 -40.00 0.0039375
175.00 -40.00 0.0024557
180.00 -40.00 -0.0012325
-180.00 -35.00 -9.17e-05
-175.00 -35.00 -0.0039245
-170.00 -35.00 -0.0053046
-165.00 -35.00 -0.0053413
-160.00 -35.00 -0.0055345
-155.00 -35.00 -0.0058787
-150.00 -35.00 -0.005229
-145.00 -35.00 -0.0029964
-140.00 -35.00 -0.0002089
-135.00 -35.00 0.001178
-130.00 -35.00 -4.4e-06
-125.00 -35.00 -0.0031158
-120.00 -35.00 -0.0061171
-115.00 -35.00 -0.006845
-110.00 -35.00 -0.004586
-105.00 -35.00 -0.0012183
-100.00 -35.00 -0.0001563
-95.00 -35.00 -0.0026758
-90.00 -35.00 -0.0055202
-85.00 -35.00 -0.0041087
-80.00 -35.00 0.0015285
-75.00 -35.00 0.0062201
-70.00 -35.00 0.0060375
-65.00 -35.00 0.0028421
-60.00 -35.00 0.0006879
-55.00 -35.00 0.0001065
-50.00 -35.00 -0.0010269
-45.00 -35.00 -0.0025924
-40.00 -35.00 -0.0021172
-35.00 -35.00 0.0005946
-30.00 -35.00 0.0024161
-25.00 -35.00 0.0013518
-20.00 -35.00 -0.0009923
-15.00 -35.00 -0.0026079
-10.00 -35.00 -0.0039814
-5.00 -35.00 -0.0059527
0.00 -35.00 -0.0069221
5.00 -35.00 -0.0047276
10.00 -35.00 -0.0002903
15.00 -35.00 0.0028882
20.00 -35.00 0.0026194
25.00 -35.00 -0.000212
30.00 -35.00 -0.0034685
35.00 -35.00 -0.0056581
40.00 -35.00 -0.0061439
45.00 -35.00 -0.0053161
50.00 -35.00 -0.0049254
55.00 -35.00 -0.0065856
60.00 -35.00 -0.0093288
65.00 -35.00 -0.010146
70.00 -35.00 -0.0076883
75.00 -35.00 -0.0039877
80.00 -35.00 -0.0016817
85.00 -35.00 -0.0010809
90.00 -35.00 -0.0011339
95.00 -35.00 -0.0017022
100.00 -35.00 -0.0030244
105.00 -35.00 -0.0038861
110.00 -35.00 -0.0025672
115.00 -35.00 0.0003058
120.00 -35.00 0.0017651
125.00 -35.00 0.0002357
130.00 -35.00 -0.0020408
135.00 -35.00 -0.0017372
140.00 -35.00 0.0009992
145.00 -35.00 0.0025819
150.00 -35.00 0.0009869
155.00 -35.00 -0.0011665
160.00 -35.00 -7.24e-05
165.00 -35.00 0.0039071
170.00 -35.00 0.0064442
175.00 -35.00 0.0045788
180.00 -35.00 -9.16e-05
-180.00 -30.00 -9.35e-05
-175.00 -30.00 -0.0038935
-170.00 -30.00 -0.0053369
-165.00 -30.00 -0.0051512
-160.00 -30.00 -0.0043945
-155.00 -30.00 -0.003572
-150.00 -30.00 -0.0028875
-145.00 -30.00 -0.0026089
-140.00 -30.00 -0.0031262
-135.00 -30.00 -0.0044158
-130.00 -30.00 -0.0055415
-125.00 -30.00 -0.0054715
-120.00 -30.00 -0.0044064
-115.00 -30.00 -0.0032853
-110.00 -30.00 -0.0021454
-105.00 -30.00 -0.0005752
-100.00 -30.00 0.0003142
-95.00 -30.00 -0.0011763
-90.00 -30.00 -0.0037775
-85.00 -30.00 -0.0035094
-80.00 -30.00 0.0008196
-75.00 -30.00 0.0051276
-70.00 -30.00 0.0055268
-65.00 -30.00 0.0036699
-60.00 -30.00 0.003371
-55.00 -30.00 0.0042566
-50.00 -30.00 0.0031299
-45.00 -30.00 0.0002373
-40.00 -30.00 -0.0007278
-35.00 -30.00 0.0013282
-30.00 -30.00 0.0034722
-25.00 -30.00 0.0038109
-20.00 -30.00 0.0036149
-15.00 -30.00 0.0034154
-10.00 -30.00 0.0012519
-5.00 -30.00 -0.0032609
0.00 -30.00 -0.006632
5.00 -30.00 -0.0058445
10.00 -30.00 -0.002631
15.00 -30.00 -0.000874
20.00 -30.00 -0.0014958
25.00 -30.00 -0.0025775
30.00 -30.00 -0.0032773
35.00 -30.00 -0.0045081
40.00 -30.00 -0.0060642
45.00 -30.00 -0.0063147
50.00 -30.00 -0.0053388
55.00 -30.00 -0.005317
60.00 -30.00 -0.0065927
65.00 -30.00 -0.0062765
70.00 -30.00 -0.0026882
75.00 -30.00 0.0013233
80.00 -30.00 0.0019169
85.00 -30.00 -0.0006608
90.00 -30.00 -0.002906
95.00 -30.00 -0.0027275
100.00 -30.00 -0.0010927
105.00 -30.00 0.0001825
110.00 -30.00 0.0002428
115.00 -30.00 -0.0010028
120.00 -30.00 -0.0031505
125.00 -30.00 -0.0048052
130.00 -30.00 -0.0039098
135.00 -30.00 7.51e-05
140.00 -30.00 0.0042851
145.00 -30.00 0.0044192
150.00 -30.00 -0.000125
155.00 -30.00 -0.0044223
160.00 -30.00 -0.0033648
165.00 -30.00 0.0020022
170.00 -30.00 0.0058019
175.00 -30.00 0.0044437
180.00 -30.00 -9.35e-05
-180.00 -25.00 -0.0001394
-175.00 -25.00 -0.004057
-170.00 -25.00 -0.0065156
-165.00 -25.00 -0.006452
-160.00 -25.00 -0.0043302
-155.00 -25.00 -0.0024728
-150.00 -25.00 -0.0030898
-145.00 -25.00 -0.0060766
-140.00 -25.00 -0.009572
-135.00 -25.00 -0.011659
-130.00 -25.00 -0.0109668
-125.00 -25.00 -0.007452
-120.00 -25.00 -0.0034994
-115.00 -25.00 -0.002221
-110.00 -25.00 -0.0035514
-105.00 -25.00 -0.0041375
-100.00 -25.00 -0.0022893
-95.00 -25.00 -0.0004871
-90.00 -25.00 -0.0010992
-85.00 -25.00 -0.0023245
-80.00 -25.00 -0.0012815
-75.00 -25.00 0.0011841
-70.00 -25.00 0.0024002
-65.00 -25.00 0.00273
-60.00 -25.00 0.0043344
-55.00 -25.00 0.0063765
-50.00 -25.00 0.0060286
-45.00 -25.00 0.0035597
-40.00 -25.00 0.0019467
-35.00 -25.00 0.0019842
-30.00 -25.00 0.0022059
-25.00 -25.00 0.0029229
-20.00 -25.00 0.0054305
-15.00 -25.00 0.0075314
-10.00 -25.00 0.0050675
-5.00 -25.00 -0.0014087
0.00 -25.00 -0.0061415
5.00 -25.00 -0.0057214
10.00 -25.00 -0.003278
15.00 -25.00 -0.0032498
20.00 -25.00 -0.0051599
25.00 -25.00 -0.0054403
30.00 -25.00 -0.0035034
35.00 -25.00 -0.0023878
40.00 -25.00 -0.0035976
45.00 -25.00 -0.0049376
50.00 -25.00 -0.004566
55.00 -25.00 -0.0037532
60.00 -25.00 -0.0036135
65.00 -25.00 -0.0024175
70.00 -25.00 0.0009167
75.00 -25.00 0.0034442
80.00 -25.00 0.0017707
85.00 -25.00 -0.0027713
90.00 -25.00 -0.0056021
95.00 -25.00 -0.0044847
100.00 -25.00 -0.0014174
105.00 -25.00 0.0002432
110.00 -25.00 -0.000953
115.00 -25.00 -0.0036629
120.00 -25.00 -0.0053458
125.00 -25.00 -0.0046939
130.00 -25.00 -0.0022254
135.00 -25.00 0.0009576
140.00 -25.00 0.0033812
145.00 -25.00 0.0028094
150.00 -25.00 -0.00145
155.00 -25.00 -0.0058934
160.00 -25.00 -0.0057826
165.00 -25.00 -0.001163
170.00 -25.00 0.0030549
175.00 -25.00 0.0031482
180.00 -25.00 -0.0001394
-180.00 -20.00 0.0002887
-175.00 -20.00 -0.0038553
-170.00 -20.00 -0.0070082
-165.00 -20.00 -0.0065784
-160.00 -20.00 -0.0035443
-155.00 -20.00 -0.0024423
-150.00 -20.00 -0.0058902
-145.00 -20.00 -0.0111084
-140.00 -20.00 -0.0136883
-135.00 -20.00 -0.0123861
-130.00 -20.00 -0.0086589
-125.00 -20.00 -0.0043052
-120.00 -20.00 -0.0013792
-115.00 -20.00 -0.0017733
-110.00 -20.00 -0.0046579
-105.00 -20.00 -0.0062188
-100.00 -20.00 -0.004082
-95.00 -20.00 -0.0005928
-90.00 -20.00 0.0004768
-85.00 -20.00 -0.0007482
-80.00 -20.00 -0.0008899
-75.00 -20.00 0.0014807
-70.00 -20.00 0.0043735
-65.00 -20.00 0.0058515
-60.00 -20.00 0.0058382
-55.00 -20.00 0.0046262
-50.00 -20.00 0.0026916
-45.00 -20.00 0.0015449
-40.00 -20.00 0.0017597
-35.00 -20.00 0.0014014
-30.00 -20.00 -0.000388
-25.00 -20.00 -0.0005821
-20.00 -20.00 0.0028314
-15.00 -20.00 0.0058102
-10.00 -20.00 0.0032107
-5.00 -20.00 -0.0031336
0.00 -20.00 -0.0064037
5.00 -20.00 -0.0039714
10.00 -20.00 -0.0002342
15.00 -20.00 -0.0002235
20.00 -20.00 -0.0035712
25.00 -20.00 -0.0059464
30.00 -20.00 -0.0049935
35.00 -20.00 -0.0029492
40.00 -20.00 -0.0028758
45.00 -20.00 -0.0043806
50.00 -20.00 -0.0051929
55.00 -20.00 -0.0050554
60.00 -20.00 -0.0049309
65.00 -20.00 -0.0041241
70.00 -20.00 -0.0018258
75.00 -20.00 3.39e-05
80.00 -20.00 -0.0009312
85.00 -20.00 -0.003719
90.00 -20.00 -0.0052949
95.00 -20.00 -0.004571
100.00 -20.00 -0.0030412
105.00 -20.00 -0.002577
110.00 -20.00 -0.0034769
115.00 -20.00 -0.0038963
120.00 -20.00 -0.0018653
125.00 -20.00 0.0014694
130.00 -20.00 0.0028789
135.00 -20.00 0.0020023
140.00 -20.00 0.0015765
145.00 -20.00 0.0019424
150.00 -20.00 0.0002349
155.00 -20.00 -0.0036333
160.00 -20.00 -0.0054412
165.00 -20.00 -0.0028946
170.00 -20.00 0.0010637
175.00 -20.00 0.0024621
180.00 -20.00 0.0002887
-180.00 -15.00 -0.0004303
-175.00 -15.00 -0.0040928
-170.00 -15.00 -0.006049
-165.00 -15.00 -0.0041826
-160.00 -15.00 -0.0012131
-155.00 -15.00 -0.0026238
-150.00 -15.00 -0.0090079
-145.00 -15.00 -0.0142938
-140.00 -15.00 -0.0133724
-135.00 -15.00 -0.0077408
-130.00 -15.00 -0.0022455
-125.00 -15.00 0.000279
-120.00 -15.00 -5.36e-05
-115.00 -15.00 -0.0017887
-110.00 -15.00 -0.0032896
-105.00 -15.00 -0.0035288
-100.00 -15.00 -0.0026462
-95.00 -15.00 -0.0016978
-90.00 -15.00 -0.0015268
-85.00 -15.00 -0.0014628
-80.00 -15.00 0.0004607
-75.00 -15.00 0.0050775
-70.00 -15.00 0.0102285
-65.00 -15.00 0.0122495
-60.00 -15.00 0.0091341
-55.00 -15.00 0.0023216
-50.00 -15.00 -0.0038136
-45.00 -15.00 -0.005299
-40.00 -15.00 -0.002958
-35.00 -15.00 -0.0015608
-30.00 -15.00 -0.002841
-25.00 -15.00 -0.0029904
-20.00 -15.00 0.0001662
-15.00 -15.00 0.0024057
-10.00 -15.00 -0.0002989
-5.00 -15.00 -0.0049563
0.00 -15.00 -0.0058113
5.00 -15.00 -0.0019851
10.00 -15.00 0.002429
15.00 -15.00 0.0032104
20.00 -15.00 -0.0005882
25.00 -15.00 -0.0058163
30.00 -15.00 -0.0079522
35.00 -15.00 -0.0062987
40.00 -15.00 -0.0044978
45.00 -15.00 -0.0048218
50.00 -15.00 -0.0057563
55.00 -15.00 -0.0062017
60.00 -15.00 -0.0071809
65.00 -15.00 -0.008323
70.00 -15.00 -0.0075111
75.00 -15.00 -0.0048103
80.00 -15.00 -0.0027265
85.00 -15.00 -0.0025751
90.00 -15.00 -0.0035416
95.00 -15.00 -0.0044111
100.00 -15.00 -0.0043103
105.00 -15.00 -0.0030919
110.00 -15.00 -0.0015166
115.00 -15.00 0.0002591
120.00 -15.00 0.002887
125.00 -15.00 0.0051089
130.00 -15.00 0.0043651
135.00 -15.00 0.0017813
140.00 -15.00 0.0014858
145.00 -15.00 0.0032809
150.00 -15.00 0.0022658
155.00 -15.00 -0.0024845
160.00 -15.00 -0.0056225
165.00 -15.00 -0.0037481
170.00 -15.00 0.0001282
175.00 -15.00 0.0016015
180.00 -15.00 -0.0004303
-180.00 -10.00 -0.0035534
-175.00 -10.00 -0.0050487
-170.00 -10.00 -0.0045611
-165.00 -10.00 -0.0016954
-160.00 -10.00 -3.86e-05
-155.00 -10.00 -0.0036564
-150.00 -10.00 -0.0103811
-145.00 -10.00 -0.0135799
-140.00 -10.00 -0.0105913
-135.00 -10.00 -0.0048044
-130.00 -10.00 -0.000535
-125.00 -10.00 0.0002319
-120.00 -10.00 -0.0019253
-115.00 -10.00 -0.0039342
-110.00 -10.00 -0.0030056
-105.00 -10.00 -0.0006373
-100.00 -10.00 -0.0006983
-95.00 -10.00 -0.0034841
-90.00 -10.00 -0.0053087
-85.00 -10.00 -0.0035251
-80.00 -10.00 0.001343
-75.00 -10.00 0.0074835
-70.00 -10.00 0.0127884
-65.00 -10.00 0.0146011
-60.00 -10.00 0.0109339
-55.00 -10.00 0.0028185
-50.00 -10.00 -0.0051011
-45.00 -10.00 -0.0080074
-40.00 -10.00 -0.0060208
-35.00 -10.00 -0.0037786
-30.00 -10.00 -0.0035772
-25.00 -10.00 -0.0027615
-20.00 -10.00 -1.31e-05
-15.00 -10.00 0.0012497
-10.00 -10.00 -0.0010114
-5.00 -10.00 -0.0035653
0.00 -10.00 -0.003221
5.00 -10.00 -0.0008232
10.00 -10.00 0.0015511
15.00 -10.00 0.002244
20.00 -10.00 -0.0006206
25.00 -10.00 -0.0061875
30.00 -10.00 -0.0095549
35.00 -10.00 -0.0081945
40.00 -10.00 -0.0056291
45.00 -10.00 -0.0048323
50.00 -10.00 -0.0040823
55.00 -10.00 -0.0028097
60.00 -10.00 -0.0040797
65.00 -10.00 -0.0079035
70.00 -10.00 -0.009434
75.00 -10.00 -0.0065453
80.00 -10.00 -0.0029571
85.00 -10.00 -0.0023199
90.00 -10.00 -0.0039943
95.00 -10.00 -0.0049293
100.00 -10.00 -0.0027056
105.00 -10.00 0.0023386
110.00 -10.00 0.0068113
115.00 -10.00 0.0077564
120.00 -10.00 0.0057964
125.00 -10.00 0.0031012
130.00 -10.00 0.0009549
135.00 -10.00 0.0008544
140.00 -10.00 0.0034075
145.00 -10.00 0.0049294
150.00 -10.00 0.0010213
155.00 -10.00 -0.0058404
160.00 -10.00 -0.0087419
165.00 -10.00 -0.0061178
170.00 -10.00 -0.0027362
175.00 -10.00 -0.0020977
180.00 -10.00 -0.0035534
-180.00 -5.00 -0.0060573
-175.00 -5.00 -0.0044728
-170.00 -5.00 -0.0030294
-165.00 -5.00 -0.001486
-160.00 -5.00 -0.0017933
-155.00 -5.00 -0.0054126
-150.00 -5.00 -0.0089524
-145.00 -5.00 -0.0087235
-140.00 -5.00 -0.0065086
-135.00 -5.00 -0.0052055
-130.00 -5.00 -0.0039883
-125.00 -5.00 -0.0026072
-120.00 -5.00 -0.0035443
-115.00 -5.00 -0.0059317
-110.00 -5.00 -0.0051831
-105.00 -5.00 -0.001519
-100.00 -5.00 -0.0006291
-95.00 -5.00 -0.0038756
-90.00 -5.00 -0.0056305
-85.00 -5.00 -0.001848
-80.00 -5.00 0.0049895
-75.00 -5.00 0.010275
-70.00 -5.00 0.012073
-65.00 -5.00 0.0110221
-60.00 -5.00 0.008194
-55.00 -5.00 0.0041134
-50.00 -5.00 -0.0002817
-45.00 -5.00 -0.0029766
-40.00 -5.00 -0.0030682
-35.00 -5.00 -0.0023809
-30.00 -5.00 -0.0023975
-25.00 -5.00 -0.0018518
-20.00 -5.00 -0.0001502
-15.00 -5.00 0.0004861
-10.00 -5.00 -0.0008272
-5.00 -5.00 -0.001871
0.00 -5.00 -0.0017231
5.00 -5.00 -0.001752
10.00 -5.00 -0.0018578
15.00 -5.00 -0.0014408
20.00 -5.00 -0.0025011
25.00 -5.00 -0.0058704
30.00 -5.00 -0.0080467
35.00 -5.00 -0.0072242
40.00 -5.00 -0.0064925
45.00 -5.00 -0.0064797
50.00 -5.00 -0.0032906
55.00 -5.00 0.0021719
60.00 -5.00 0.0029896
65.00 -5.00 -0.0019806
70.00 -5.00 -0.0055266
75.00 -5.00 -0.0040823
80.00 -5.00 -0.0022979
85.00 -5.00 -0.0036543
90.00 -5.00 -0.0051959
95.00 -5.00 -0.0030001
100.00 -5.00 0.0031696
105.00 -5.00 0.0106569
110.00 -5.00 0.0155959
115.00 -5.00 0.0149976
120.00 -5.00 0.0093883
125.00 -5.00 0.002607
130.00 -5.00 -0.0010896
135.00 -5.00 0.0001828
140.00 -5.00 0.0037217
145.00 -5.00 0.0035043
150.00 -5.00 -0.002725
155.00 -5.00 -0.0095362
160.00 -5.00 -0.0111856
165.00 -5.00 -0.0092027
170.00 -5.00 -0.0078869
175.00 -5.00 -0.0073704
180.00 -5.00 -0.0060573
-180.00 0.00 -0.003746
-175.00 0.00 -0.0011441
-170.00 0.00 -0.0018648
-165.00 0.00 -0.0030357
-160.00 0.00 -0.0043153
-155.00 0.00 -0.0062931
-150.00 0.00 -0.0061417
-145.00 0.00 -0.0031799
-140.00 0.00 -0.0025483
-135.00 0.00 -0.0058941
-130.00 0.00 -0.0070339
-125.00 0.00 -0.0034302
-120.00 0.00 -0.0014159
-115.00 0.00 -0.0041875
-110.00 0.00 -0.0060091
-105.00 0.00 -0.003413
-100.00 0.00 -0.0010385
-95.00 0.00 -0.0019824
-90.00 0.00 -0.0019829
-85.00 0.00 0.0030686
-80.00 0.00 0.0105721
-75.00 0.00 0.0146185
-70.00 0.00 0.0124461
-65.00 0.00 0.0067845
-60.00 0.00 0.0027409
-55.00 0.00 0.0021495
-50.00 0.00 0.0023655
-45.00 0.00 0.0012269
-40.00 0.00 -0.0002489
-35.00 0.00 -0.0010741
-30.00 0.00 -0.0018781
-25.00 0.00 -0.0025712
-20.00 0.00 -0.0024489
-15.00 0.00 -0.0022333
-10.00 0.00 -0.002781
-5.00 0.00 -0.0035421
0.00 0.00 -0.0042799
5.00 0.00 -0.0052314
10.00 0.00 -0.0052277
15.00 0.00 -0.0036779
20.00 0.00 -0.0028471
25.00 0.00 -0.0039649
30.00 0.00 -0.0049385
35.00 0.00 -0.0055576
40.00 0.00 -0.0081758
45.00 0.00 -0.010174
50.00 0.00 -0.0054589
55.00 0.00 0.0036535
60.00 0.00 0.0074558
65.00 0.00 0.003973
70.00 0.00 0.0008446
75.00 0.00 0.0010353
80.00 0.00 -0.0003249
85.00 0.00 -0.0039637
90.00 0.00 -0.0038313
95.00 0.00 0.0022779
100.00 0.00 0.0094801
105.00 0.00 0.0138543
110.00 0.00 0.0160409
115.00 0.00 0.0165656
120.00 0.00 0.0136109
125.00 0.00 0.006867
130.00 0.00 0.0002144
135.00 0.00 -0.0020421
140.00 0.00 -0.0009405
145.00 0.00 -0.0015579
150.00 0.00 -0.0052823
155.00 0.00 -0.0081857
160.00 0.00 -0.0085335
165.00 0.00 -0.0091736
170.00 0.00 -0.0103742
175.00 0.00 -0.0084616
180.00 0.00 -0.003746
-180.00 5.00 0.0014024
-175.00 5.00 0.0015426
-170.00 5.00 -0.0022683
-165.00 5.00 -0.0043278
-160.00 5.00 -0.0046304
-155.00 5.00 -0.0057416
-150.00 5.00 -0.0054242
-145.00 5.00 -0.0025146
-140.00 5.00 -0.0022775
-135.00 5.00 -0.0065791
-130.00 5.00 -0.008258
-125.00 5.00 -0.0035443
-120.00 5.00 0.0006267
-115.00 5.00 -0.0011516
-110.00 5.00 -0.0042026
-105.00 5.00 -0.0033993
-100.00 5.00 -0.00109
-95.00 5.00 -0.0005282
-90.00 5.00 0.0002967
-85.00 5.00 0.0044926
-80.00 5.00 0.0109379
-75.00 5.00 0.0149168
-70.00 5.00 0.0125179
-65.00 5.00 0.0051989
-60.00 5.00 -0.0007276
-55.00 5.00 -0.0015222
-50.00 5.00 -0.0003539
-45.00 5.00 -0.0012372
-40.00 5.00 -0.0030913
-35.00 5.00 -0.0035107
-30.00 5.00 -0.003376
-25.00 5.00 -0.0040637
-20.00 5.00 -0.0046367
-15.00 5.00 -0.0043875
-10.00 5.00 -0.0044581
-5.00 5.00 -0.0057198
0.00 5.00 -0.0074591
5.00 5.00 -0.0080251
10.00 5.00 -0.0060746
15.00 5.00 -0.0025384
20.00 5.00 -0.000352
25.00 5.00 -0.0004928
30.00 5.00 -0.001345
35.00 5.00 -0.0032167
40.00 5.00 -0.0074657
45.00 5.00 -0.0101851
50.00 5.00 -0.0056036
55.00 5.00 0.0031724
60.00 5.00 0.0071637
65.00 5.00 0.0054927
70.00 5.00 0.0047811
75.00 5.00 0.0055752
80.00 5.00 0.002588
85.00 5.00 -0.0023541
90.00 5.00 -0.001286
95.00 5.00 0.0058049
100.00 5.00 0.0101928
105.00 5.00 0.0085294
110.00 5.00 0.0071364
115.00 5.00 0.0103715
120.00 5.00 0.0132917
125.00 5.00 0.0095598
130.00 5.00 0.0011454
135.00 5.00 -0.004699
140.00 5.00 -0.0053961
145.00 5.00 -0.0044308
150.00 5.00 -0.004035
155.00 5.00 -0.0032615
160.00 5.00 -0.0030813
165.00 5.00 -0.0054207
170.00 5.00 -0.0071244
175.00 5.00 -0.0037415
180.00 5.00 0.0014024
-180.00 10.00 0.0024129
-175.00 10.00 -0.0001099
-170.00 10.00 -0.0039271
-165.00 10.00 -0.0038529
-160.00 10.00 -0.0026007
-155.00 10.00 -0.0048022
-150.00 10.00 -0.0076759
-145.00 10.00 -0.0072046
-140.00 10.00 -0.0063969
-135.00 10.00 -0.0083973
-130.00 10.00 -0.0092666
-125.00 10.00 -0.0056316
-120.00 10.00 -0.0015419
-115.00 10.00 -0.0012404
-110.00 10.00 -0.002661
-105.00 10.00 -0.0026532
-100.00 10.00 -0.0018242
-95.00 10.00 -0.0013659
-90.00 10.00 -0.0004671
-85.00 10.00 0.001898
-80.00 10.00 0.0056345
-75.00 10.00 0.0090662
-70.00 10.00 0.0090363
-65.00 10.00 0.0045407
-60.00 10.00 -0.0004766
-55.00 10.00 -0.0021571
-50.00 10.00 -0.0022944
-45.00 10.00 -0.004132
-40.00 10.00 -0.0062724
-35.00 10.00 -0.005976
-30.00 10.00 -0.0044576
-25.00 10.00 -0.0040444
-20.00 10.00 -0.0039957
-15.00 10.00 -0.0030298
-10.00 10.00 -0.0024615
-5.00 10.00 -0.0038795
0.00 10.00 -0.0061498
5.00 10.00 -0.0065123
10.00 10.00 -0.0037078
15.00 10.00 0.0004627
20.00 10.00 0.0029874
25.00 10.00 0.0031094
30.00 10.00 0.0021684
35.00 10.00 0.0002328
40.00 10.00 -0.0030292
45.00 10.00 -0.004496
50.00 10.00 -0.0009059
55.00 10.00 0.0043048
60.00 10.00 0.0051589
65.00 10.00 0.0031631
70.00 10.00 0.0041294
75.00 10.00 0.0067071
80.00 10.00 0.0047804
85.00 10.00 -0.0001342
90.00 10.00 -0.0004214
95.00 10.00 0.0040925
100.00 10.00 0.0053494
105.00 10.00 0.0007913
110.00 10.00 -0.0022079
115.00 10.00 0.0016219
120.00 10.00 0.0070604
125.00 10.00 0.0065047
130.00 10.00 0.0010033
135.00 10.00 -0.0024505
140.00 10.00 -0.0015583
145.00 10.00 -0.0001839
150.00 10.00 -0.000537
155.00 10.00 -0.0009708
160.00 10.00 -0.0012235
165.00 10.00 -0.0024838
170.00 10.00 -0.0027532
175.00 10.00 0.0001206
180.00 10.00 0.0024129
-180.00 15.00 -0.0024922
-175.00 15.00 -0.0038287
-170.00 15.00 -0.0040795
-165.00 15.00 -0.0017721
-160.00 15.00 -0.0006542
-155.00 15.00 -0.0041673
-150.00 15.00 -0.0091193
-145.00 15.00 -0.0108164
-140.00 15.00 -0.0100853
-135.00 15.00 -0.0097799
-130.00 15.00 -0.0092588
-125.00 15.00 -0.007063
-120.00 15.00 -0.0043978
-115.00 15.00 -0.0026822
-110.00 15.00 -0.0017585
-105.00 15.00 -0.0016796
-100.00 15.00 -0.0023615
-95.00 15.00 -0.0021205
-90.00 15.00 -5.68e-05
-85.00 15.00 0.0021286
-80.00 15.00 0.0032167
-75.00 15.00 0.0040028
-70.00 15.00 0.0042645
-65.00 15.00 0.0026409
-60.00 15.00 0.0001842
-55.00 15.00 -0.0007653
-50.00 15.00 -0.0008943
-45.00 15.00 -0.0023752
-40.00 15.00 -0.0044162
-35.00 15.00 -0.0048596
-30.00 15.00 -0.004128
-25.00 15.00 -0.0036266
-20.00 15.00 -0.0027568
-15.00 15.00 -0.0008534
-10.00 15.00 0.0004677
-5.00 15.00 -0.0003873
0.00 15.00 -0.0022888
5.00 15.00 -0.0027775
10.00 15.00 -0.0009867
15.00 15.00 0.0017073
20.00 15.00 0.0034494
25.00 15.00 0.0037514
30.00 15.00 0.0031008
35.00 15.00 0.0014901
40.00 15.00 -0.0006263
45.00 15.00 -0.0007784
50.00 15.00 0.0024297
55.00 15.00 0.0054924
60.00 15.00 0.0042541
65.00 15.00 0.001076
70.00 15.00 0.0015844
75.00 15.00 0.0051467
80.00 15.00 0.0057964
85.00 15.00 0.0023404
90.00 15.00 -9.57e-05
95.00 15.00 0.0007719
100.00 15.00 0.0010236
105.00 15.00 -0.0018664
110.00 15.00 -0.004388
115.00 15.00 -0.0029264
120.00 15.00 0.0004191
125.00 15.00 0.0017686
130.00 15.00 0.0018972
135.00 15.00 0.0039693
140.00 15.00 0.0067202
145.00 15.00 0.0056229
150.00 15.00 0.0005923
155.00 15.00 -0.0033795
160.00 15.00 -0.0037828
165.00 15.00 -0.0029638
170.00 15.00 -0.0026793
175.00 15.00 -0.0023466
180.00 15.00 -0.0024922
-180.00 20.00 -0.0063503
-175.00 20.00 -0.0038719
-170.00 20.00 -0.0012514
-165.00 20.00 -2.63e-05
-160.00 20.00 -0.0008581
-155.00 20.00 -0.0034124
-150.00 20.00 -0.0062856
-145.00 20.00 -0.0083684
-140.00 20.00 -0.0094759
-135.00 20.00 -0.0092764
-130.00 20.00 -0.0075645
-125.00 20.00 -0.005447
-120.00 20.00 -0.0038866
-115.00 20.00 -0.0021319
-110.00 20.00 -8.34e-05
-105.00 20.00 0.0002451
-100.00 20.00 -0.0013618
-95.00 20.00 -0.0013619
-90.00 20.00 0.0021411
-85.00 20.00 0.0057644
-80.00 20.00 0.0059
-75.00 20.00 0.0035217
-70.00 20.00 0.0012114
-65.00 20.00 -0.0005431
-60.00 20.00 -0.0018
-55.00 20.00 -0.0017595
-50.00 20.00 -0.0007106
-45.00 20.00 -0.0003666
-40.00 20.00 -0.001457
-35.00 20.00 -0.0032211
-30.00 20.00 -0.0048683
-25.00 20.00 -0.0056362
-20.00 20.00 -0.0046254
-15.00 20.00 -0.0022845
-10.00 20.00 -0.0006273
-5.00 20.00 -0.0007318
0.00 20.00 -0.001479
5.00 20.00 -0.0014847
10.00 20.00 -0.0007956
15.00 20.00 -0.0001178
20.00 20.00 0.0004112
25.00 20.00 0.0009468
30.00 20.00 0.000916
35.00 20.00 -0.0006887
40.00 20.00 -0.0032185
45.00 20.00 -0.003648
50.00 20.00 -0.0001493
55.00 20.00 0.0042646
60.00 20.00 0.0049175
65.00 20.00 0.0021769
70.00 20.00 0.0010364
75.00 20.00 0.0035021
80.00 20.00 0.0057678
85.00 20.00 0.004416
90.00 20.00 0.0013298
95.00 20.00 6.79e-05
100.00 20.00 0.0005129
105.00 20.00 5.55e-05
110.00 20.00 -0.001778
115.00 20.00 -0.0028888
120.00 20.00 -0.0020051
125.00 20.00 0.0002533
130.00 20.00 0.0033477
135.00 20.00 0.0067797
140.00 20.00 0.0080593
145.00 20.00 0.0045503
150.00 20.00 -0.0017544
155.00 20.00 -0.0053383
160.00 20.00 -0.0044271
165.00 20.00 -0.0030565
170.00 20.00 -0.0044334
175.00 20.00 -0.0065778
180.00 20.00 -0.0063503
-180.00 25.00 -0.0034785
-175.00 25.00 0.0006731
-170.00 25.00 0.0020787
-165.00 25.00 -0.0003416
-160.00 25.00 -0.0027019
-155.00 25.00 -0.0021834
-150.00 25.00 -0.0010354
-145.00 25.00 -0.0028384
-140.00 25.00 -0.0066753
-135.00 25.00 -0.0081532
-130.00 25.00 -0.0059157
-125.00 25.00 -0.0033105
-120.00 25.00 -0.0026047
-115.00 25.00 -0.001884
-110.00 25.00 0.00015
-105.00 25.00 0.0009808
-100.00 25.00 -0.0007674
-95.00 25.00 -0.001561
-90.00 25.00 0.0016883
-85.00 25.00 0.0060539
-80.00 25.00 0.0065482
-75.00 25.00 0.0028838
-70.00 25.00 -0.0013129
-65.00 25.00 -0.0036801
-60.00 25.00 -0.0043499
-55.00 25.00 -0.0038283
-50.00 25.00 -0.0024383
-45.00 25.00 -0.0011502
-40.00 25.00 -0.0012833
-35.00 25.00 -0.0033343
-30.00 25.00 -0.0063118
-25.00 25.00 -0.0082109
-20.00 25.00 -0.007762
-15.00 25.00 -0.0058777
-10.00 25.00 -0.004496
-5.00 25.00 -0.0040696
0.00 25.00 -0.0034854
5.00 25.00 -0.0023398
10.00 25.00 -0.0016181
15.00 25.00 -0.0018082
20.00 25.00 -0.0018485
25.00 25.00 -0.0008062
30.00 25.00 0.0001975
35.00 25.00 -0.001017
40.00 25.00 -0.0043717
45.00 25.00 -0.00631
50.00 25.00 -0.0035482
55.00 25.00 0.002233
60.00 25.00 0.0057261
65.00 25.00 0.0045735
70.00 25.00 0.0020956
75.00 25.00 0.0021519
80.00 25.00 0.0038789
85.00 25.00 0.0039233
90.00 25.00 0.0019517
95.00 25.00 0.0006795
100.00 25.00 0.0010744
105.00 25.00 0.0009617
110.00 25.00 -0.0009055
115.00 25.00 -0.0023626
120.00 25.00 -0.0010508
125.00 25.00 0.0020572
130.00 25.00 0.0041678
135.00 25.00 0.0039762
140.00 25.00 0.0018861
145.00 25.00 -0.0011278
150.00 25.00 -0.0032259
155.00 25.00 -0.0025189
160.00 25.00 -8.33e-05
165.00 25.00 0.0002399
170.00 25.00 -0.0028109
175.00 25.00 -0.0053122
180.00 25.00 -0.0034785
-180.00 30.00 0.0019205
-175.00 30.00 0.0041991
-170.00 30.00 0.0024376
-165.00 30.00 -0.0021103
-160.00 30.00 -0.0039926
-155.00 30.00 -0.0012711
-150.00 30.00 0.0012785
-145.00 30.00 -0.0011246
-140.00 30.00 -0.00618
-135.00 30.00 -0.0078093
-130.00 30.00 -0.0049897
-125.00 30.00 -0.0025976
-120.00 30.00 -0.0034083
-115.00 30.00 -0.0044243
-110.00 30.00 -0.0029177
-105.00 30.00 -0.0011724
-100.00 30.00 -0.0019071
-95.00 30.00 -0.0029853
-90.00 30.00 -0.0009448
-85.00 30.00 0.0027949
-80.00 30.00 0.0036058
-75.00 30.00 0.0002823
-70.00 30.00 -0.0037069
-65.00 30.00 -0.0051661
-60.00 30.00 -0.0043789
-55.00 30.00 -0.0032258
-50.00 30.00 -0.0024764
-45.00 30.00 -0.0018765
-40.00 30.00 -0.0016463
-35.00 30.00 -0.0025933
-30.00 30.00 -0.00473
-25.00 30.00 -0.0066892
-20.00 30.00 -0.0071635
-15.00 30.00 -0.0064293
-10.00 30.00 -0.0056155
-5.00 30.00 -0.0049002
0.00 30.00 -0.0035869
5.00 30.00 -0.0017831
10.00 30.00 -0.0006226
15.00 30.00 -0.0004726
20.00 30.00 -7.77e-05
25.00 30.00 0.0016752
30.00 30.00 0.0036817
35.00 30.00 0.003411
40.00 30.00 0.000194
45.00 30.00 -0.0030716
50.00 30.00 -0.0027361
55.00 30.00 0.0011124
60.00 30.00 0.004455
65.00 30.00 0.0042387
70.00 30.00 0.0018847
75.00 30.00 0.0006734
80.00 30.00 0.0011832
85.00 30.00 0.001445
90.00 30.00 0.0006723
95.00 30.00 8.1e-05
100.00 30.00 -1.67e-05
105.00 30.00 -0.0010142
110.00 30.00 -0.0028686
115.00 30.00 -0.0028506
120.00 30.00 0.0005602
125.00 30.00 0.0044817
130.00 30.00 0.0047521
135.00 30.00 0.0011324
140.00 30.00 -0.0027625
145.00 30.00 -0.003848
150.00 30.00 -0.0019583
155.00 30.00 0.0011666
160.00 30.00 0.0032417
165.00 30.00 0.002655
170.00 30.00 0.0003418
175.00 30.00 -0.0004115
180.00 30.00 0.0019205
-180.00 35.00 0.0023412
-175.00 35.00 0.0023404
-170.00 35.00 -9.95e-05
-165.00 35.00 -0.0029241
-160.00 35.00 -0.0031838
-155.00 35.00 -0.0014501
-150.00 35.00 -0.0017208
-145.00 35.00 -0.0056949
-140.00 35.00 -0.0095032
-135.00 35.00 -0.0086289
-130.00 35.00 -0.0044638
-125.00 35.00 -0.0025442
-120.00 35.00 -0.0047216
-115.00 35.00 -0.0069543
-110.00 35.00 -0.0057437
-105.00 35.00 -0.0029344
-100.00 35.00 -0.0018726
-95.00 35.00 -0.0019465
-90.00 35.00 -0.0003362
-85.00 35.00 0.0025725
-80.00 35.00 0.0032476
-75.00 35.00 0.0002874
-70.00 35.00 -0.0034254
-65.00 35.00 -0.0045965
-60.00 35.00 -0.0033889
-55.00 35.00 -0.0022585
-50.00 35.00 -0.0023415
-45.00 35.00 -0.0025432
-40.00 35.00 -0.0017957
-35.00 35.00 -0.0007473
-30.00 35.00 -0.000709
-25.00 35.00 -0.0017925
-20.00 35.00 -0.0029082
-15.00 35.00 -0.0032318
-10.00 35.00 -0.0028465
-5.00 35.00 -0.0020496
0.00 35.00 -0.0008722
5.00 35.00 0.0005296
10.00 35.00 0.0017169
15.00 35.00 0.0026003
20.00 35.00 0.0037607
25.00 35.00 0.0055865
30.00 35.00 0.0072291
35.00 35.00 0.0070416
40.00 35.00 0.0044509
45.00 35.00 0.0010759
50.00 35.00 -0.000678
55.00 35.00 -0.0001982
60.00 35.00 0.0008565
65.00 35.00 0.0008986
70.00 35.00 0.0003158
75.00 35.00 0.0003293
80.00 35.00 0.0008557
85.00 35.00 0.0007904
90.00 35.00 -7.1e-05
95.00 35.00 -0.0009353
100.00 35.00 -0.0017007
105.00 35.00 -0.0029453
110.00 35.00 -0.0038762
115.00 35.00 -0.0023434
120.00 35.00 0.0018388
125.00 35.00 0.0052495
130.00 35.00 0.0044252
135.00 35.00 0.0002001
140.00 35.00 -0.0033048
145.00 35.00 -0.0035166
150.00 35.00 -0.0015425
155.00 35.00 0.0001772
160.00 35.00 0.0005559
165.00 35.00 0.0001014
170.00 35.00 -5.36e-05
175.00 35.00 0.0008897
180.00 35.00 0.0023412
-180.00 40.00 -0.0019043
-175.00 40.00 -0.0021239
-170.00 40.00 -0.0019411
-165.00 40.00 -0.0009329
-160.00 40.00 2.34e-05
-155.00 40.00 -0.0011953
-150.00 40.00 -0.0057229
-145.00 40.00 -0.0112787
-140.00 40.00 -0.0134257
-135.00 40.00 -0.0104055
-130.00 40.00 -0.0057
-125.00 40.00 -0.0041678
-120.00 40.00 -0.0061891
-115.00 40.00 -0.0076161
-110.00 40.00 -0.0055215
-105.00 40.00 -0.0016594
-100.00 40.00 0.0007645
-95.00 40.00 0.0015942
-90.00 40.00 0.0029289
-85.00 40.00 0.0050212
-80.00 40.00 0.0055267
-75.00 40.00 0.0030237
-70.00 40.00 -0.0007569
-65.00 40.00 -0.0031604
-60.00 40.00 -0.0037782
-55.00 40.00 -0.0041653
-50.00 40.00 -0.0050466
-45.00 40.00 -0.0052273
-40.00 40.00 -0.003512
-35.00 40.00 -0.0006735
-30.00 40.00 0.0012379
-25.00 40.00 0.0011738
-20.00 40.00 3.3e-06
-15.00 40.00 -0.0007589
-10.00 40.00 -0.0005078
-5.00 40.00 0.0003426
0.00 40.00 0.0012941
5.00 40.00 0.0023422
10.00 40.00 0.00371
15.00 40.00 0.0053422
20.00 40.00 0.0067723
25.00 40.00 0.0073889
30.00 40.00 0.0067928
35.00 40.00 0.0050314
40.00 40.00 0.0026368
45.00 40.00 0.0003841
50.00 40.00 -0.0011999
55.00 40.00 -0.0021406
60.00 40.00 -0.0026644
65.00 40.00 -0.0025762
70.00 40.00 -0.0014049
75.00 40.00 0.0006104
80.00 40.00 0.0021561
85.00 40.00 0.0020187
90.00 40.00 0.0004104
95.00 40.00 -0.001411
100.00 40.00 -0.0025845
105.00 40.00 -0.0029583
110.00 40.00 -0.0022006
115.00 40.00 0.0001167
120.00 40.00 0.0030847
125.00 40.00 0.0043242
130.00 40.00 0.0024074
135.00 40.00 -0.0011603
140.00 40.00 -0.0034706
145.00 40.00 -0.0034448
150.00 40.00 -0.0025238
155.00 40.00 -0.0023204
160.00 40.00 -0.0027785
165.00 40.00 -0.0029314
170.00 40.00 -0.0024771
175.00 40.00 -0.0019675
180.00 40.00 -0.0019043
-180.00 45.00 -0.0049071
-175.00 45.00 -0.0042003
-170.00 45.00 -0.001149
-165.00 45.00 0.0026701
-160.00 45.00 0.0042701
-155.00 45.00 0.0015494
-150.00 45.00 -0.0045627
-145.00 45.00 -0.0103437
-140.00 45.00 -0.0123297
-135.00 45.00 -0.0105296
-130.00 45.00 -0.008217
-125.00 45.00 -0.0081298
-120.00 45.00 -0.0093496
-115.00 45.00 -0.0086877
-110.00 45.00 -0.0048477
-105.00 45.00 -5.75e-05
-100.00 45.00 0.002734
-95.00 45.00 0.0031717
-90.00 45.00 0.0031277
-85.00 45.00 0.0037364
-80.00 45.00 0.0040932
-75.00 45.00 0.002948
-70.00 45.00 0.0005285
-65.00 45.00 -0.0019534
-60.00 45.00 -0.0038997
-55.00 45.00 -0.0055374
-50.00 45.00 -0.0067331
-45.00 45.00 -0.0065526
-40.00 45.00 -0.004454
-35.00 45.00 -0.0014548
-30.00 45.00 0.0005077
-25.00 45.00 0.0004165
-20.00 45.00 -0.0009432
-15.00 45.00 -0.0019762
-10.00 45.00 -0.0018198
-5.00 45.00 -0.0007278
0.00 45.00 0.0007781
5.00 45.00 0.0026437
10.00 45.00 0.0049832
15.00 45.00 0.0072884
20.00 45.00 0.0083349
25.00 45.00 0.0071276
30.00 45.00 0.0039505
35.00 45.00 0.0003524
40.00 45.00 -0.0020399
45.00 45.00 -0.0027939
50.00 45.00 -0.0028315
55.00 45.00 -0.0033306
60.00 45.00 -0.0044273
65.00 45.00 -0.0050273
70.00 45.00 -0.0040006
75.00 45.00 -0.0015703
80.00 45.00 0.0006424
85.00 45.00 0.0010772
90.00 45.00 -0.0003415
95.00 45.00 -0.0022753
100.00 45.00 -0.0032192
105.00 45.00 -0.0024858
110.00 45.00 -0.0003167
115.00 45.00 0.002313
120.00 45.00 0.0039313
125.00 45.00 0.0033442
130.00 45.00 0.0007886
135.00 45.00 -0.0019226
140.00 45.00 -0.0029423
145.00 45.00 -0.0020834
150.00 45.00 -0.000688
155.00 45.00 2e-07
160.00 45.00 -0.0001832
165.00 45.00 -0.0009036
170.00 45.00 -0.0021165
175.00 45.00 -0.0037446
180.00 45.00 -0.0049071
-180.00 50.00 -0.0053527
-175.00 50.00 -0.0044499
-170.00 50.00 -0.0009157
-165.00 50.00 0.003278
-160.00 50.00 0.0054658
-155.00 50.00 0.0042898
-150.00 50.00 0.0007464
-145.00 50.00 -0.0028051
-140.00 50.00 -0.0048415
-135.00 50.00 -0.0059094
-130.00 50.00 -0.0075468
-125.00 50.00 -0.0100205
-120.00 50.00 -0.0115117
-115.00 50.00 -0.0099025
-110.00 50.00 -0.0052696
-105.00 50.00 -0.0001963
-100.00 50.00 0.0025373
-95.00 50.00 0.0023323
-90.00 50.00 0.0007675
-85.00 50.00 -0.0003632
-80.00 50.00 -0.000579
-75.00 50.00 -0.000488
-70.00 50.00 -0.0007159
-65.00 50.00 -0.0014061
-60.00 50.00 -0.0024211
-55.00 50.00 -0.0034889
-50.00 50.00 -0.0040956
-45.00 50.00 -0.0036687
-40.00 50.00 -0.0022137
-35.00 50.00 -0.0006656
-30.00 50.00 -0.0002829
-25.00 50.00 -0.0015321
-20.00 50.00 -0.0036244
-15.00 50.00 -0.0051906
-10.00 50.00 -0.0053369
-5.00 50.00 -0.0040259
0.00 50.00 -0.0016495
5.00 50.00 0.0014185
10.00 50.00 0.0046831
15.00 50.00 0.0071535
20.00 50.00 0.0075533
25.00 50.00 0.0052725
30.00 50.00 0.0011897
35.00 50.00 -0.0026505
40.00 50.00 -0.0044807
45.00 50.00 -0.0041641
50.00 50.00 -0.0031918
55.00 50.00 -0.0032701
60.00 50.00 -0.0047725
65.00 50.00 -0.0064752
70.00 50.00 -0.0067849
75.00 50.00 -0.0052618
80.00 50.00 -0.0030024
85.00 50.00 -0.0016043
90.00 50.00 -0.0017787
95.00 50.00 -0.0028671
100.00 50.00 -0.0035148
105.00 50.00 -0.0027563
110.00 50.00 -0.000675
115.00 50.00 0.0016776
120.00 50.00 0.0029767
125.00 50.00 0.0025613
130.00 50.00 0.0009949
135.00 50.00 -0.0003041
140.00 50.00 -0.0001842
145.00 50.00 0.0013517
150.00 50.00 0.0032937
155.00 50.00 0.0044942
160.00 50.00 0.0042987
165.00 50.00 0.0025745
170.00 50.00 -0.0003576
175.00 50.00 -0.0035302
180.00 50.00 -0.0053527
-180.00 55.00 -0.0063953
-175.00 55.00 -0.0064818
-170.00 55.00 -0.0047309
-165.00 55.00 -0.0020745
-160.00 55.00 0.0003193
-155.00 55.00 0.0018382
-150.00 55.00 0.0026138
-145.00 55.00 0.0029352
-140.00 55.00 0.0025575
-135.00 55.00 0.0007791
-130.00 55.00 -0.0026222
-125.00 55.00 -0.006548
-120.00 55.00 -0.0089174
-115.00 55.00 -0.008168
-110.00 55.00 -0.0046161
-105.00 55.00 -0.0003458
-100.00 55.00 0.0023382
-95.00 55.00 0.0025033
-90.00 55.00 0.0009034
-85.00 55.00 -0.0009889
-80.00 55.00 -0.0021505
-75.00 55.00 -0.0024429
-70.00 55.00 -0.0022876
-65.00 55.00 -0.0021414
-60.00 55.00 -0.0021843
-55.00 55.00 -0.0022729
-50.00 55.00 -0.0020927
-45.00 55.00 -0.0014626
-40.00 55.00 -0.0006258
-35.00 55.00 -0.0002351
-30.00 55.00 -0.0009191
-25.00 55.00 -0.0027377
-20.00 55.00 -0.0050215
-15.00 55.00 -0.0067596
-10.00 55.00 -0.0071873
-5.00 55.00 -0.0060972
0.00 55.00 -0.0037635
5.00 55.00 -0.0007565
10.00 55.00 0.0021198
15.00 55.00 0.003895
20.00 55.00 0.0037767
25.00 55.00 0.001715
30.00 55.00 -0.001311
35.00 55.00 -0.0037457
40.00 55.00 -0.0044859
45.00 55.00 -0.0036923
50.00 55.00 -0.0026443
55.00 55.00 -0.0026781
60.00 55.00 -0.0040747
65.00 55.00 -0.0058404
70.00 55.00 -0.0065538
75.00 55.00 -0.0055387
80.00 55.00 -0.0033781
85.00 55.00 -0.0014037
90.00 55.00 -0.0006634
95.00 55.00 -0.0012204
100.00 55.00 -0.0022518
105.00 55.00 -0.0027478
110.00 55.00 -0.0022254
115.00 55.00 -0.0009694
120.00 55.00 0.0003003
125.00 55.00 0.0010317
130.00 55.00 0.0012408
135.00 55.00 0.0014077
140.00 55.00 0.0019951
145.00 55.00 0.0030236
150.00 55.00 0.0040375
155.00 55.00 0.0043994
160.00 55.00 0.0036216
165.00 55.00 0.0015735
170.00 55.00 -0.0013952
175.00 55.00 -0.0044264
180.00 55.00 -0.0063953
-180.00 60.00 -0.0075769
-175.00 60.00 -0.0089933
-170.00 60.00 -0.0094902
-165.00 60.00 -0.0089188
-160.00 60.00 -0.0072571
-155.00 60.00 -0.0046219
-150.00 60.00 -0.0013966
-145.00 60.00 0.0016453
-140.00 60.00 0.00347
-135.00 60.00 0.0032738
-130.00 60.00 0.0010831
-125.00 60.00 -0.0020338
-120.00 60.00 -0.0044478
-115.00 60.00 -0.0049127
-110.00 60.00 -0.0033106
-105.00 60.00 -0.0006488
-100.00 60.00 0.0016597
-95.00 60.00 0.0026564
-90.00 60.00 0.0022351
-85.00 60.00 0.0009256
-80.00 60.00 -0.0006165
-75.00 60.00 -0.001983
-70.00 60.00 -0.0030636
-65.00 60.00 -0.0038776
-60.00 60.00 -0.0043992
-55.00 60.00 -0.0045125
-50.00 60.00 -0.0041124
-45.00 60.00 -0.0032617
-40.00 60.00 -0.0022725
-35.00 60.00 -0.0016131
-30.00 60.00 -0.0016617
-25.00 60.00 -0.0024651
-20.00 60.00 -0.0036804
-15.00 60.00 -0.0047488
-10.00 60.00 -0.0051757
-5.00 60.00 -0.0047417
0.00 60.00 -0.0035614
5.00 60.00 -0.0020252
10.00 60.00 -0.0006816
15.00 60.00 -6.2e-05
20.00 60.00 -0.0004441
25.00 60.00 -0.0016502
30.00 60.00 -0.0030609
35.00 60.00 -0.0039365
40.00 60.00 -0.0038936
45.00 60.00 -0.0031859
50.00 60.00 -0.002529
55.00 60.00 -0.0025518
60.00 60.00 -0.0032845
65.00 60.00 -0.0040969
70.00 60.00 -0.004158
75.00 60.00 -0.0030694
80.00 60.00 -0.0011922
85.00 60.00 0.0005709
90.00 60.00 0.0013618
95.00 60.00 0.0008956
100.00 60.00 -0.000412
105.00 60.00 -0.0017513
110.00 60.00 -0.0024097
115.00 60.00 -0.0021224
120.00 60.00 -0.0011037
125.00 60.00 0.0001857
130.00 60.00 0.0013287
135.00 60.00 0.002111
140.00 60.00 0.0025009
145.00 60.00 0.0025366
150.00 60.00 0.002231
155.00 60.00 0.0015417
160.00 60.00 0.0003971
165.00 60.00 -0.0012423
170.00 60.00 -0.0033036
175.00 60.00 -0.0055437
180.00 60.00 -0.0075769
-180.00 65.00 -0.005714
-175.00 65.00 -0.0076448
-170.00 65.00 -0.0091617
-165.00 65.00 -0.0098046
-160.00 65.00 -0.0092211
-155.00 65.00 -0.0073557
-150.00 65.00 -0.0045734
-145.00 65.00 -0.0016242
-140.00 65.00 0.0005977
-135.00 65.00 0.0014256
-130.00 65.00 0.0007427
-125.00 65.00 -0.0009431
-120.00 65.00 -0.0027443
-115.00 65.00 -0.0038319
-110.00 65.00 -0.0038167
-105.00 65.00 -0.0028643
-100.00 65.00 -0.0015176
-95.00 65.00 -0.0003766
-90.00 65.00 0.0001596
-85.00 65.00 -2.19e-05
-80.00 65.00 -0.0008122
-75.00 65.00 -0.0019915
-70.00 65.00 -0.0033076
-65.00 65.00 -0.0045045
-60.00 65.00 -0.005338
-55.00 65.00 -0.0056141
-50.00 65.00 -0.0052517
-45.00 65.00 -0.0043372
-40.00 65.00 -0.0031227
-35.00 65.00 -0.0019509
-30.00 65.00 -0.0011279
-25.00 65.00 -0.0008077
-20.00 65.00 -0.0009492
-15.00 65.00 -0.0013618
-10.00 65.00 -0.001811
-5.00 65.00 -0.002124
0.00 65.00 -0.0022515
5.00 65.00 -0.0022692
10.00 65.00 -0.0023252
15.00 65.00 -0.0025551
20.00 65.00 -0.0029961
25.00 65.00 -0.0035485
30.00 65.00 -0.0040193
35.00 65.00 -0.0042419
40.00 65.00 -0.0041989
45.00 65.00 -0.0040556
50.00 65.00 -0.0040541
55.00 65.00 -0.0043279
60.00 65.00 -0.0047662
65.00 65.00 -0.0050441
70.00 65.00 -0.0048171
75.00 65.00 -0.0039586
80.00 65.00 -0.0026749
85.00 65.00 -0.0014121
90.00 65.00 -0.0006096
95.00 65.00 -0.0004537
100.00 65.00 -0.0007801
105.00 65.00 -0.0011757
110.00 65.00 -0.0012063
115.00 65.00 -0.0006365
120.00 65.00 0.0004737
125.00 65.00 0.0018232
130.00 65.00 0.0030244
135.00 65.00 0.0037671
140.00 65.00 0.0039171
145.00 65.00 0.0035224
150.00 65.00 0.0027443
155.00 65.00 0.0017542
160.00 65.00 0.0006472
165.00 65.00 -0.0005899
170.00 65.00 -0.0020405
175.00 65.00 -0.0037674
180.00 65.00 -0.005714
-180.00 70.00 -0.0023085
-175.00 70.00 -0.0034903
-170.00 70.00 -0.0044142
-165.00 70.00 -0.0048388
-160.00 70.00 -0.0045937
-155.00 70.00 -0.003674
-150.00 70.00 -0.0022858
-145.00 70.00 -0.0008103
-140.00 70.00 0.0003131
-135.00 70.00 0.0007436
-130.00 70.00 0.0003676
-125.00 70.00 -0.000661
-120.00 70.00 -0.0019888
-115.00 70.00 -0.0032059
-110.00 70.00 -0.0039971
-105.00 70.00 -0.0042346
-100.00 70.00 -0.0039859
-95.00 70.00 -0.0034503
-90.00 70.00 -0.0028662
-85.00 70.00 -0.0024312
-80.00 70.00 -0.0022546
-75.00 70.00 -0.0023444
-70.00 70.00 -0.0026207
-65.00 70.00 -0.0029459
-60.00 70.00 -0.0031661
-55.00 70.00 -0.0031573
-50.00 70.00 -0.0028657
-45.00 70.00 -0.0023292
-40.00 70.00 -0.00167
-35.00 70.00 -0.001059
-30.00 70.00 -0.0006623
-25.00 70.00 -0.0005924
-20.00 70.00 -0.0008788
-15.00 70.00 -0.0014695
-10.00 70.00 -0.0022573
-5.00 70.00 -0.0031179
0.00 70.00 -0.0039443
5.00 70.00 -0.004667
10.00 70.00 -0.0052561
15.00 70.00 -0.0057107
20.00 70.00 -0.0060447
25.00 70.00 -0.0062783
30.00 70.00 -0.0064414
35.00 70.00 -0.0065813
40.00 70.00 -0.0067638
45.00 70.00 -0.007055
50.00 70.00 -0.0074849
55.00 70.00 -0.0080126
60.00 70.00 -0.0085172
65.00 70.00 -0.0088318
70.00 70.00 -0.008808
75.00 70.00 -0.0083812
80.00 70.00 -0.0075975
85.00 70.00 -0.0065862
90.00 70.00 -0.0054918
95.00 70.00 -0.0044047
100.00 70.00 -0.0033286
105.00 70.00 -0.0022014
110.00 70.00 -0.0009557
115.00 70.00 0.000417
120.00 70.00 0.0018331
125.00 70.00 0.0031318
130.00 70.00 0.0041299
135.00 70.00 0.0046892
140.00 70.00 0.0047642
145.00 70.00 0.0044115
150.00 70.00 0.0037562
155.00 70.00 0.002934
160.00 70.00 0.002037
165.00 70.00 0.0010881
170.00 70.00 5.81e-05
175.00 70.00 -0.0010836
180.00 70.00 -0.0023085
-180.00 75.00 -0.0014693
-175.00 75.00 -0.0014581
-170.00 75.00 -0.0012603
-165.00 75.00 -0.0008536
-160.00 75.00 -0.0002478
-155.00 75.00 0.0004995
-150.00 75.00 0.0012821
-145.00 75.00 0.001962
-140.00 75.00 0.0024014
-135.00 75.00 0.0025002
-130.00 75.00 0.002226
-125.00 75.00 0.0016255
-120.00 75.00 0.0008127
-115.00 75.00 -6.16e-05
-110.00 75.00 -0.0008498
-105.00 75.00 -0.001442
-100.00 75.00 -0.001787
-95.00 75.00 -0.0018939
-90.00 75.00 -0.0018183
-85.00 75.00 -0.0016384
-80.00 75.00 -0.0014318
-75.00 75.00 -0.0012584
-70.00 75.00 -0.0011524
-65.00 75.00 -0.0011242
-60.00 75.00 -0.0011693
-55.00 75.00 -0.0012799
-50.00 75.00 -0.0014554
-45.00 75.00 -0.001708
-40.00 75.00 -0.0020622
-35.00 75.00 -0.0025472
-30.00 75.00 -0.003186
-25.00 75.00 -0.0039836
-20.00 75.00 -0.004919
-15.00 75.00 -0.0059448
-10.00 75.00 -0.0069931
-5.00 75.00 -0.0079877
0.00 75.00 -0.0088582
5.00 75.00 -0.0095524
10.00 75.00 -0.0100437
15.00 75.00 -0.0103337
20.00 75.00 -0.0104504
25.00 75.00 -0.0104423
30.00 75.00 -0.0103701
35.00 75.00 -0.010296
40.00 75.00 -0.0102718
45.00 75.00 -0.010326
50.00 75.00 -0.0104554
55.00 75.00 -0.0106223
60.00 75.00 -0.0107617
65.00 75.00 -0.0107955
70.00 75.00 -0.0106512
75.00 75.00 -0.010278
80.00 75.00 -0.0096564
85.00 75.00 -0.0087976
90.00 75.00 -0.007737
95.00 75.00 -0.0065237
100.00 75.00 -0.0052133
105.00 75.00 -0.0038645
110.00 75.00 -0.00254
115.00 75.00 -0.001308
120.00 75.00 -0.0002402
125.00 75.00 0.0005967
130.00 75.00 0.001153
135.00 75.00 0.0014086
140.00 75.00 0.001381
145.00 75.00 0.0011227
150.00 75.00 0.0007099
155.00 75.00 0.0002243
160.00 75.00 -0.0002635
165.00 75.00 -0.0007035
170.00 75.00 -0.0010653
175.00 75.00 -0.0013281
180.00 75.00 -0.0014693
-180.00 80.00 -0.0024788
-175.00 80.00 -0.0019391
-170.00 80.00 -0.0013037
-165.00 80.00 -0.0006001
-160.00 80.00 0.0001358
-155.00 80.00 0.0008616
-150.00 80.00 0.0015319
-145.00 80.00 0.0021034
-140.00 80.00 0.00254
-135.00 80.00 0.0028185
-130.00 80.00 0.0029317
-125.00 80.00 0.0028893
-120.00 80.00 0.0027158
-115.00 80.00 0.0024457
-110.00 80.00 0.0021169
-105.00 80.00 0.0017642
-100.00 80.00 0.0014139
-95.00 80.00 0.0010809
-90.00 80.00 0.0007676
-85.00 80.00 0.0004657
-80.00 80.00 0.0001596
-75.00 80.00 -0.0001703
-70.00 80.00 -0.0005439
-65.00 80.00 -0.0009791
-60.00 80.00 -0.0014898
-55.00 80.00 -0.0020846
-50.00 80.00 -0.0027672
-45.00 80.00 -0.0035355
-40.00 80.00 -0.0043815
-35.00 80.00 -0.0052907
-30.00 80.00 -0.0062425
-25.00 80.00 -0.0072101
-20.00 80.00 -0.008162
-15.00 80.00 -0.009064
-10.00 80.00 -0.0098818
-5.00 80.00 -0.0105842
0.00 80.00 -0.0111467
5.00 80.00 -0.0115539
10.00 80.00 -0.0118016
15.00 80.00 -0.0118965
20.00 80.00 -0.0118559
25.00 80.00 -0.0117045
30.00 80.00 -0.011471
35.00 80.00 -0.0111844
40.00 80.00 -0.0108691
45.00 80.00 -0.0105428
50.00 80.00 -0.0102138
55.00 80.00 -0.0098816
60.00 80.00 -0.0095381
65.00 80.00 -0.0091708
70.00 80.00 -0.0087662
75.00 80.00 -0.0083137
80.00 80.00 -0.0078086
85.00 80.00 -0.0072537
90.00 80.00 -0.0066597
95.00 80.00 -0.0060443
100.00 80.00 -0.005431
105.00 80.00 -0.0048466
110.00 80.00 -0.0043179
115.00 80.00 -0.0038694
120.00 80.00 -0.00352
125.00 80.00 -0.0032806
130.00 80.00 -0.0031514
135.00 80.00 -0.0031214
140.00 80.00 -0.0031687
145.00 80.00 -0.0032628
150.00 80.00 -0.0033676
155.00 80.00 -0.003446
160.00 80.00 -0.0034632
165.00 80.00 -0.0033906
170.00 80.00 -0.0032081
175.00 80.00 -0.0029046
180.00 80.00 -0.0024788
-180.00 85.00 -0.0025063
-175.00 85.00 -0.0021851
-170.00 85.00 -0.0018476
-165.00 85.00 -0.0015021
-160.00 85.00 -0.0011566
-155.00 85.00 -0.0008198
-150.00 85.00 -0.0005016
-145.00 85.00 -0.0002129
-140.00 85.00 3.65e-05
-135.00 85.00 0.0002397
-130.00 85.00 0.0003932
-125.00 85.00 0.000495
-120.00 85.00 0.0005432
-115.00 85.00 0.0005362
-110.00 85.00 0.0004737
-105.00 85.00 0.000358
-100.00 85.00 0.0001934
-95.00 85.00 -1.59e-05
-90.00 85.00 -0.000267
-85.00 85.00 -0.0005591
-80.00 85.00 -0.000891
-75.00 85.00 -0.0012601
-70.00 85.00 -0.001662
-65.00 85.00 -0.0020923
-60.00 85.00 -0.0025481
-55.00 85.00 -0.0030268
-50.00 85.00 -0.0035248
-45.00 85.00 -0.0040354
-40.00 85.00 -0.0045496
-35.00 85.00 -0.0050578
-30.00 85.00 -0.0055517
-25.00 85.00 -0.0060237
-20.00 85.00 -0.0064661
-15.00 85.00 -0.0068698
-10.00 85.00 -0.0072253
-5.00 85.00 -0.0075251
0.00 85.00 -0.007765
5.00 85.00 -0.0079441
10.00 85.00 -0.0080631
15.00 85.00 -0.0081227
20.00 85.00 -0.0081248
25.00 85.00 -0.0080726
30.00 85.00 -0.0079727
35.00 85.00 -0.007833
40.00 85.00 -0.0076616
45.00 85.00 -0.0074648
50.00 85.00 -0.0072474
55.00 85.00 -0.0070143
60.00 85.00 -0.0067709
65.00 85.00 -0.0065235
70.00 85.00 -0.0062771
75.00 85.00 -0.006035
80.00 85.00 -0.005799
85.00 85.00 -0.0055713
90.00 85.00 -0.0053548
95.00 85.00 -0.0051534
100.00 85.00 -0.0049699
105.00 85.00 -0.0048055
110.00 85.00 -0.0046594
115.00 85.00 -0.0045297
120.00 85.00 -0.0044149
125.00 85.00 -0.0043129
130.00 85.00 -0.0042207
135.00 85.00 -0.0041324
140.00 85.00 -0.0040405
145.00 85.00 -0.0039373
150.00 85.00 -0.0038162
155.00 85.00 -0.0036724
160.00 85.00 -0.0035022
165.00 85.00 -0.0033021
170.00 85.00 -0.0030693
175.00 85.00 -0.0028031
180.00 85.00 -0.0025063
-180.00 90.00 -0.0034912
-175.00 90.00 -0.0034912
-170.00 90.00 -0.0034912
-165.00 90.00 -0.0034912
-160.00 90.00 -0.0034912
-155.00 90.00 -0.0034912
-150.00 90.00 -0.0034912
-145.00 90.00 -0.0034912
-140.00 90.00 -0.0034912
-135.00 90.00 -0.0034912
-130.00 90.00 -0.0034912
-125.00 90.00 -0.0034912
-120.00 90.00 -0.0034912
-115.00 90.00 -0.0034912
-110.00 90.00 -0.0034912
-105.00 90.00 -0.0034912
-100.00 90.00 -0.0034912
-95.00 90.00 -0.0034912
-90.00 90.00 -0.0034912
-85.00 90.00 -0.0034912
-80.00 90.00 -0.0034912
-75.00 90.00 -0.0034912
-70.00 90.00 -0.0034912
-65.00 90.00 -0.0034912
-60.00 90.00 -0.0034912
-55.00 90.00 -0.0034912
-50.00 90.00 -0.0034912
-45.00 90.00 -0.0034912
-40.00 90.00 -0.0034912
-35.00 90.00 -0.0034912
-30.00 90.00 -0.0034912
-25.00 90.00 -0.0034912
-20.00 90.00 -0.0034912
-15.00 90.00 -0.0034912
-10.00 90.00 -0.0034912
-5.00 90.00 -0.0034912
0.00 90.00 -0.0034912
5.00 90.00 -0.0034912
10.00 90.00 -0.0034912
15.00 90.00 -0.0034912
20.00 90.00 -0.0034912
25.00 90.00 -0.0034912
30.00 90.00 -0.0034912
35.00 90.00 -0.0034912
40.00 90.00 -0.0034912
45.00 90.00 -0.0034912
50.00 90.00 -0.0034912
55.00 90.00 -0.0034912
60.00 90.00 -0.0034912
65.00 90.00 -0.0034912
70.00 90.00 -0.0034912
75.00 90.00 -0.0034912
80.00 90.00 -0.0034912
85.00 90.00 -0.0034912
90.00 90.00 -0.0034912
95.00 90.00 -0.0034912
100.00 90.00 -0.0034912
105.00 90.00 -0.0034912
110.00 90.00 -0.0034912
115.00 90.00 -0.0034912
120.00 90.00 -0.0034912
125.00 90.00 -0.0034912
130.00 90.00 -0.0034912
135.00 90.00 -0.0034912
140.00 90.00 -0.0034912
145.00 90.00 -0.0034912
150.00 90.00 -0.0034912
155.00 90.00 -0.0034912
160.00 90.00 -0.0034912
165.00 90.00 -0.0034912
170.00 90.00 -0.0034912
175.00 90.00 -0.0034912
180.00 90.00 -0.0034912
