-180.00 -90.00 0.0041699
-175.00 -90.00 0.0041699
-170.00 -90.00 0.00417
-165.00 -90.00 0.00417
-160.00 -90.00 0.0041699
-155.00 -90.00 0.0041699
-150.00 -90.00 0.0041698
-145.00 -90.00 0.0041696
-140.00 -90.00 0.0041695
-135.00 -90.00 0.0041693
-130.00 -90.00 0.0041691
-125.00 -90.00 0.0041689
-120.00 -90.00 0.0041687
-115.00 -90.00 0.0041685
-110.00 -90.00 0.0041683
-105.00 -90.00 0.0041681
-100.00 -90.00 0.004168
-95.00 -90.00 0.0041678
-90.00 -90.00 0.0041677
-85.00 -90.00 0.0041677
-80.00 -90.00 0.0041676
-75.00 -90.00 0.0041676
-70.00 -90.00 0.0041677
-65.00 -90.00 0.0041677
-60.00 -90.00 0.0041678
-55.00 -90.00 0.0041679
-50.00 -90.00 0.0041681
-45.00 -90.00 0.0041683
-40.00 -90.00 0.0041685
-35.00 -90.00 0.0041687
-30.00 -90.00 0.0041689
-25.00 -90.00 0.0041691
-20.00 -90.00 0.0041693
-15.00 -90.00 0.0041695
-10.00 -90.00 0.0041696
-5.00 -90.00 0.0041698
0.00 -90.00 0.0041699
5.00 -90.00 0.0041699
10.00 -90.00 0.00417
15.00 -90.00 0.00417
20.00 -90.00 0.0041699
25.00 -90.00 0.0041699
30.00 -90.00 0.0041698
35.00 -90.00 0.0041697
40.00 -90.00 0.0041695
45.00 -90.00 0.0041693
50.00 -90.00 0.0041691
55.00 -90.00 0.0041689
60.00 -90.00 0.0041687
65.00 -90.00 0.0041685
70.00 -90.00 0.0041683
75.00 -90.00 0.0041681
80.00 -90.00 0.004168
85.00 -90.00 0.0041678
90.00 -90.00 0.0041677
95.00 -90.00 0.0041677
100.00 -90.00 0.0041676
105.00 -90.00 0.0041676
110.00 -90.00 0.0041677
115.00 -90.00 0.0041677
120.00 -90.00 0.0041678
125.00 -90.00 0.004168
130.00 -90.00 0.0041681
135.00 -90.00 0.0041683
140.00 -90.00 0.0041685
145.00 -90.00 0.0041687
150.00 -90.00 0.0041689
155.00 -90.00 0.0041691
160.00 -90.00 0.0041693
165.00 -90.00 0.0041695
170.00 -90.00 0.0041696
175.00 -90.00 0.0041698
180.00 -90.00 0.0041699
-180.00 -85.00 0.0045726
-175.00 -85.00 0.0044146
-170.00 -85.00 0.0042394
-165.00 -85.00 0.0040506
-160.00 -85.00 0.0038523
-155.00 -85.00 0.0036491
-150.00 -85.00 0.0034462
-145.00 -85.00 0.0032491
-140.00 -85.00 0.0030636
-135.00 -85.00 0.0028952
-130.00 -85.00 0.0027491
-125.00 -85.00 0.0026297
-120.00 -85.00 0.0025406
-115.00 -85.00 0.0024846
-110.00 -85.00 0.0024633
-105.00 -85.00 0.0024769
-100.00 -85.00 0.0025241
-95.00 -85.00 0.0026028
-90.00 -85.00 0.0027098
-85.00 -85.00 0.0028413
-80.00 -85.00 0.002993
-75.00 -85.00 0.0031598
-70.00 -85.00 0.0033368
-65.00 -85.00 0.0035191
-60.00 -85.00 0.0037021
-55.00 -85.00 0.003882
-50.00 -85.00 0.0040553
-45.00 -85.00 0.0042191
-40.00 -85.00 0.0043711
-35.00 -85.00 0.0045096
-30.00 -85.00 0.0046335
-25.00 -85.00 0.0047422
-20.00 -85.00 0.0048357
-15.00 -85.00 0.0049137
-10.00 -85.00 0.0049763
-5.00 -85.00 0.0050235
0.00 -85.00 0.0050553
5.00 -85.00 0.0050721
10.00 -85.00 0.0050743
15.00 -85.00 0.0050624
20.00 -85.00 0.0050373
25.00 -85.00 0.0049998
30.00 -85.00 0.0049516
35.00 -85.00 0.0048951
40.00 -85.00 0.0048328
45.00 -85.00 0.0047677
50.00 -85.00 0.0047024
55.00 -85.00 0.0046397
60.00 -85.00 0.0045827
65.00 -85.00 0.0045342
70.00 -85.00 0.0044965
75.00 -85.00 0.0044713
80.00 -85.00 0.0044597
85.00 -85.00 0.004462
90.00 -85.00 0.0044786
95.00 -85.00 0.0045093
100.00 -85.00 0.0045528
105.00 -85.00 0.0046071
110.00 -85.00 0.0046696
115.00 -85.00 0.0047374
120.00 -85.00 0.0048072
125.00 -85.00 0.0048752
130.00 -85.00 0.0049375
135.00 -85.00 0.0049898
140.00 -85.00 0.0050284
145.00 -85.00 0.0050498
150.00 -85.00 0.0050515
155.00 -85.00 0.0050312
160.00 -85.00 0.0049873
165.00 -85.00 0.0049191
170.00 -85.00 0.0048266
175.00 -85.00 0.0047106
180.00 -85.00 0.0045726
-180.00 -80.00 0.0053676
-175.00 -80.00 0.0052129
-170.00 -80.00 0.0050037
-165.00 -80.00 0.0047397
-160.00 -80.00 0.0044181
-155.00 -80.00 0.0040436
-150.00 -80.00 0.0036331
-145.00 -80.00 0.0032067
-140.00 -80.00 0.0027813
-135.00 -80.00 0.0023759
-130.00 -80.00 0.0020165
-125.00 -80.00 0.0017272
-120.00 -80.00 0.001521
-115.00 -80.00 0.0014037
-110.00 -80.00 0.001382
-105.00 -80.00 0.0014594
-100.00 -80.00 0.001628
-95.00 -80.00 0.0018706
-90.00 -80.00 0.0021726
-85.00 -80.00 0.0025222
-80.00 -80.00 0.0029025
-75.00 -80.00 0.0032911
-70.00 -80.00 0.0036705
-65.00 -80.00 0.0040319
-60.00 -80.00 0.004366
-55.00 -80.00 0.0046594
-50.00 -80.00 0.0049026
-45.00 -80.00 0.0050969
-40.00 -80.00 0.0052475
-35.00 -80.00 0.0053561
-30.00 -80.00 0.0054261
-25.00 -80.00 0.0054702
-20.00 -80.00 0.0055043
-15.00 -80.00 0.005536
-10.00 -80.00 0.0055655
-5.00 -80.00 0.0055941
0.00 -80.00 0.0056227
5.00 -80.00 0.0056422
10.00 -80.00 0.0056346
15.00 -80.00 0.0055855
20.00 -80.00 0.0054888
25.00 -80.00 0.0053401
30.00 -80.00 0.0051338
35.00 -80.00 0.0048722
40.00 -80.00 0.0045698
45.00 -80.00 0.0042452
50.00 -80.00 0.0039109
55.00 -80.00 0.0035778
60.00 -80.00 0.0032616
65.00 -80.00 0.0029777
70.00 -80.00 0.002732
75.00 -80.00 0.002525
80.00 -80.00 0.0023619
85.00 -80.00 0.0022531
90.00 -80.00 0.0022038
95.00 -80.00 0.0022145
100.00 -80.00 0.002289
105.00 -80.00 0.0024346
110.00 -80.00 0.0026516
115.00 -80.00 0.0029286
120.00 -80.00 0.0032503
125.00 -80.00 0.0036036
130.00 -80.00 0.0039715
135.00 -80.00 0.0043295
140.00 -80.00 0.0046544
145.00 -80.00 0.0049342
150.00 -80.00 0.005164
155.00 -80.00 0.0053372
160.00 -80.00 0.0054492
165.00 -80.00 0.0055038
170.00 -80.00 0.0055088
175.00 -80.00 0.0054653
180.00 -80.00 0.0053676
-180.00 -75.00 0.0044753
-175.00 -75.00 0.0045348
-170.00 -75.00 0.0045319
-165.00 -75.00 0.0044278
-160.00 -75.00 0.0041991
-155.00 -75.00 0.0038449
-150.00 -75.00 0.0033885
-145.00 -75.00 0.0028707
-140.00 -75.00 0.0023397
-135.00 -75.00 0.0018423
-130.00 -75.00 0.0014179
-125.00 -75.00 0.0010953
-120.00 -75.00 0.0008924
-115.00 -75.00 0.000818
-110.00 -75.00 0.0008723
-105.00 -75.00 0.0010459
-100.00 -75.00 0.0013197
-95.00 -75.00 0.0016675
-90.00 -75.00 0.0020594
-85.00 -75.00 0.0024662
-80.00 -75.00 0.0028649
-75.00 -75.00 0.0032413
-70.00 -75.00 0.003588
-65.00 -75.00 0.0039006
-60.00 -75.00 0.0041734
-55.00 -75.00 0.0043966
-50.00 -75.00 0.0045556
-45.00 -75.00 0.0046353
-40.00 -75.00 0.0046272
-35.00 -75.00 0.004536
-30.00 -75.00 0.0043826
-25.00 -75.00 0.0042045
-20.00 -75.00 0.0040507
-15.00 -75.00 0.0039708
-10.00 -75.00 0.0040024
-5.00 -75.00 0.0041605
0.00 -75.00 0.0044314
5.00 -75.00 0.0047715
10.00 -75.00 0.0051166
15.00 -75.00 0.0053957
20.00 -75.00 0.0055473
25.00 -75.00 0.0055318
30.00 -75.00 0.0053395
35.00 -75.00 0.0049899
40.00 -75.00 0.0045235
45.00 -75.00 0.00399
50.00 -75.00 0.0034369
55.00 -75.00 0.0028997
60.00 -75.00 0.0023972
65.00 -75.00 0.0019315
70.00 -75.00 0.001494
75.00 -75.00 0.0010718
80.00 -75.00 0.0006567
85.00 -75.00 0.0002535
90.00 -75.00 -0.0001159
95.00 -75.00 -0.0004144
100.00 -75.00 -0.0005951
105.00 -75.00 -0.0006125
110.00 -75.00 -0.0004352
115.00 -75.00 -5.75e-05
120.00 -75.00 0.0004956
125.00 -75.00 0.0011704
130.00 -75.00 0.0018931
135.00 -75.00 0.0025852
140.00 -75.00 0.0031802
145.00 -75.00 0.0036365
150.00 -75.00 0.0039442
155.00 -75.00 0.0041236
160.00 -75.00 0.0042166
165.00 -75.00 0.0042706
170.00 -75.00 0.0043241
175.00 -75.00 0.0043949
180.00 -75.00 0.0044753
-180.00 -70.00 0.0025225
-175.00 -70.00 0.0027665
-170.00 -70.00 0.0029275
-165.00 -70.00 0.0029056
-160.00 -70.00 0.002657
-155.00 -70.00 0.0022104
-150.00 -70.00 0.0016541
-145.00 -70.00 0.0011018
-140.00 -70.00 0.000651
-135.00 -70.00 0.0003544
-130.00 -70.00 0.0002145
-125.00 -70.00 0.0002015
-120.00 -70.00 0.0002814
-115.00 -70.00 0.0004364
-110.00 -70.00 0.0006676
-105.00 -70.00 0.0009798
-100.00 -70.00 0.0013626
-95.00 -70.00 0.0017795
-90.00 -70.00 0.002176
-85.00 -70.00 0.0025006
-80.00 -70.00 0.0027274
-75.00 -70.00 0.0028666
-70.00 -70.00 0.0029573
-65.00 -70.00 0.003046
-60.00 -70.00 0.0031617
-55.00 -70.00 0.0033004
-50.00 -70.00 0.0034246
-45.00 -70.00 0.0034783
-40.00 -70.00 0.0034095
-35.00 -70.00 0.003192
-30.00 -70.00 0.0028393
-25.00 -70.00 0.0024084
-20.00 -70.00 0.0019932
-15.00 -70.00 0.0017071
-10.00 -70.00 0.0016552
-5.00 -70.00 0.0019024
0.00 -70.00 0.0024444
5.00 -70.00 0.0031977
10.00 -70.00 0.0040144
15.00 -70.00 0.0047241
20.00 -70.00 0.0051845
25.00 -70.00 0.0053234
30.00 -70.00 0.005153
35.00 -70.00 0.0047541
40.00 -70.00 0.0042389
45.00 -70.00 0.0037107
50.00 -70.00 0.0032362
55.00 -70.00 0.002836
60.00 -70.00 0.0024908
65.00 -70.00 0.0021569
70.00 -70.00 0.0017816
75.00 -70.00 0.001319
80.00 -70.00 0.0007438
85.00 -70.00 6.35e-05
90.00 -70.00 -0.000673
95.00 -70.00 -0.0013766
100.00 -70.00 -0.0019313
105.00 -70.00 -0.0022202
110.00 -70.00 -0.002157
115.00 -70.00 -0.0017153
120.00 -70.00 -0.0009436
125.00 -70.00 3.93e-05
130.00 -70.00 0.0010702
135.00 -70.00 0.0019804
140.00 -70.00 0.0026378
145.00 -70.00 0.0029777
150.00 -70.00 0.0030151
155.00 -70.00 0.0028352
160.00 -70.00 0.0025647
165.00 -70.00 0.0023342
170.00 -70.00 0.0022398
175.00 -70.00 0.0023151
180.00 -70.00 0.0025225
-180.00 -65.00 0.0020011
-175.00 -65.00 0.0023759
-170.00 -65.00 0.0025726
-165.00 -65.00 0.002456
-160.00 -65.00 0.0019882
-155.00 -65.00 0.0012639
-150.00 -65.00 0.0004858
-145.00 -65.00 -0.0001181
-140.00 -65.00 -0.0003948
-135.00 -65.00 -0.0003298
-130.00 -65.00 -3.67e-05
-125.00 -65.00 0.0003211
-120.00 -65.00 0.0006286
-115.00 -65.00 0.0008775
-110.00 -65.00 0.0011503
-105.00 -65.00 0.0015432
-100.00 -65.00 0.0020845
-95.00 -65.00 0.0027015
-90.00 -65.00 0.0032562
-85.00 -65.00 0.00362
-80.00 -65.00 0.0037404
-75.00 -65.00 0.003661
-70.00 -65.00 0.0034913
-65.00 -65.00 0.0033484
-60.00 -65.00 0.0033033
-55.00 -65.00 0.0033569
-50.00 -65.00 0.0034518
-45.00 -65.00 0.0035102
-40.00 -65.00 0.0034716
-35.00 -65.00 0.0033092
-30.00 -65.00 0.0030221
-25.00 -65.00 0.0026247
-20.00 -65.00 0.0021539
-15.00 -65.00 0.0016928
-10.00 -65.00 0.0013804
-5.00 -65.00 0.0013733
0.00 -65.00 0.0017621
5.00 -65.00 0.0024906
10.00 -65.00 0.0033402
15.00 -65.00 0.0040085
20.00 -65.00 0.0042491
25.00 -65.00 0.0039902
30.00 -65.00 0.0033627
35.00 -65.00 0.0026222
40.00 -65.00 0.0020157
45.00 -65.00 0.0016724
50.00 -65.00 0.0015739
55.00 -65.00 0.0015997
60.00 -65.00 0.0016074
65.00 -65.00 0.0014923
70.00 -65.00 0.001207
75.00 -65.00 0.0007487
80.00 -65.00 0.0001419
85.00 -65.00 -0.0005673
90.00 -65.00 -0.0013059
95.00 -65.00 -0.0019702
100.00 -65.00 -0.0024374
105.00 -65.00 -0.002593
110.00 -65.00 -0.0023668
115.00 -65.00 -0.0017628
120.00 -65.00 -0.0008712
125.00 -65.00 0.0001468
130.00 -65.00 0.0010982
135.00 -65.00 0.0018125
140.00 -65.00 0.0021907
145.00 -65.00 0.0022318
150.00 -65.00 0.0020236
155.00 -65.00 0.0017057
160.00 -65.00 0.0014221
165.00 -65.00 0.0012842
170.00 -65.00 0.0013501
175.00 -65.00 0.0016139
180.00 -65.00 0.0020011
-180.00 -60.00 0.0026609
-175.00 -60.00 0.0029691
-170.00 -60.00 0.0031172
-165.00 -60.00 0.0030197
-160.00 -60.00 0.002613
-155.00 -60.00 0.0019478
-150.00 -60.00 0.0012158
-145.00 -60.00 0.0006748
-140.00 -60.00 0.0005047
-135.00 -60.00 0.0006919
-130.00 -60.00 0.0010328
-125.00 -60.00 0.0012731
-120.00 -60.00 0.0012951
-115.00 -60.00 0.0012112
-110.00 -60.00 0.0012827
-105.00 -60.00 0.0017179
-100.00 -60.00 0.0025063
-95.00 -60.00 0.0034175
-90.00 -60.00 0.0041537
-85.00 -60.00 0.0045271
-80.00 -60.00 0.0045358
-75.00 -60.00 0.0043157
-70.00 -60.00 0.0040386
-65.00 -60.00 0.0038315
-60.00 -60.00 0.0037407
-55.00 -60.00 0.0037334
-50.00 -60.00 0.0037358
-45.00 -60.00 0.0037038
-40.00 -60.00 0.0036796
-35.00 -60.00 0.0037655
-30.00 -60.00 0.0040057
-25.00 -60.00 0.0042772
-20.00 -60.00 0.0043225
-15.00 -60.00 0.0039443
-10.00 -60.00 0.0032151
-5.00 -60.00 0.0025004
0.00 -60.00 0.0022333
5.00 -60.00 0.0025885
10.00 -60.00 0.0033086
15.00 -60.00 0.0038294
20.00 -60.00 0.0036331
25.00 -60.00 0.0025876
30.00 -60.00 0.0010376
35.00 -60.00 -0.0004075
40.00 -60.00 -0.0012375
45.00 -60.00 -0.0013106
50.00 -60.00 -0.0008679
55.00 -60.00 -0.0003256
60.00 -60.00 -1.87e-05
65.00 -60.00 -6.61e-05
70.00 -60.00 -0.0004019
75.00 -60.00 -0.0008894
80.00 -60.00 -0.0014098
85.00 -60.00 -0.0018776
90.00 -60.00 -0.0022173
95.00 -60.00 -0.0023553
100.00 -60.00 -0.0022414
105.00 -60.00 -0.0018779
110.00 -60.00 -0.0013255
115.00 -60.00 -0.0006855
120.00 -60.00 -7.59e-05
125.00 -60.00 0.0003851
130.00 -60.00 0.0005992
135.00 -60.00 0.0005265
140.00 -60.00 0.0002299
145.00 -60.00 -0.0001165
150.00 -60.00 -0.0002919
155.00 -60.00 -0.0001424
160.00 -60.00 0.0003332
165.00 -60.00 0.0009955
170.00 -60.00 0.0016653
175.00 -60.00 0.0022285
180.00 -60.00 0.0026609
-180.00 -55.00 0.0021302
-175.00 -55.00 0.0018492
-170.00 -55.00 0.001652
-165.00 -55.00 0.0016106
-160.00 -55.00 0.001595
-155.00 -55.00 0.0014311
-150.00 -55.00 0.001073
-145.00 -55.00 0.00066
-140.00 -55.00 0.0004044
-135.00 -55.00 0.0003924
-130.00 -55.00 0.0004804
-125.00 -55.00 0.0004215
-120.00 -55.00 0.0001411
-115.00 -55.00 -0.0001078
-110.00 -55.00 8.78e-05
-105.00 -55.00 0.0009189
-100.00 -55.00 0.0021256
-95.00 -55.00 0.0031682
-90.00 -55.00 0.0036511
-85.00 -55.00 0.0035947
-80.00 -55.00 0.0033179
-75.00 -55.00 0.0031094
-70.00 -55.00 0.0030405
-65.00 -55.00 0.0030506
-60.00 -55.00 0.0031015
-55.00 -55.00 0.0031863
-50.00 -55.00 0.0032451
-45.00 -55.00 0.0032025
-40.00 -55.00 0.0031441
-35.00 -55.00 0.0033684
-30.00 -55.00 0.004117
-25.00 -55.00 0.0051894
-20.00 -55.00 0.0058991
-15.00 -55.00 0.0055503
-10.00 -55.00 0.004071
-5.00 -55.00 0.0022124
0.00 -55.00 0.0010771
5.00 -55.00 0.0013225
10.00 -55.00 0.0026546
15.00 -55.00 0.0039957
20.00 -55.00 0.0042064
25.00 -55.00 0.0028527
30.00 -55.00 0.0004848
35.00 -55.00 -0.0017585
40.00 -55.00 -0.0029153
45.00 -55.00 -0.0027718
50.00 -55.00 -0.0018527
55.00 -55.00 -0.0009229
60.00 -55.00 -0.0004531
65.00 -55.00 -0.0004458
70.00 -55.00 -0.0006451
75.00 -55.00 -0.0008391
80.00 -55.00 -0.0009731
85.00 -55.00 -0.0010506
90.00 -55.00 -0.0010115
95.00 -55.00 -0.0007481
100.00 -55.00 -0.0002288
105.00 -55.00 0.0004191
110.00 -55.00 0.0009674
115.00 -55.00 0.0012343
120.00 -55.00 0.001181
125.00 -55.00 0.0008741
130.00 -55.00 0.0003708
135.00 -55.00 -0.0003236
140.00 -55.00 -0.0011579
145.00 -55.00 -0.0019052
150.00 -55.00 -0.002193
155.00 -55.00 -0.001742
160.00 -55.00 -0.000623
165.00 -55.00 0.000726
170.00 -55.00 0.0017686
175.00 -55.00 0.0022093
180.00 -55.00 0.0021302
-180.00 -50.00 0.0008331
-175.00 -50.00 -0.0001668
-170.00 -50.00 -0.0010284
-165.00 -50.00 -0.0014109
-160.00 -50.00 -0.0013834
-155.00 -50.00 -0.0013332
-150.00 -50.00 -0.0016229
-145.00 -50.00 -0.0022498
-140.00 -50.00 -0.0028311
-135.00 -50.00 -0.0029727
-130.00 -50.00 -0.0026669
-125.00 -50.00 -0.0022682
-120.00 -50.00 -0.0020261
-115.00 -50.00 -0.0017049
-110.00 -50.00 -0.000804
-105.00 -50.00 0.0007846
-100.00 -50.00 0.0024453
-95.00 -50.00 0.0033194
-90.00 -50.00 0.0031571
-85.00 -50.00 0.0025872
-80.00 -50.00 0.0024584
-75.00 -50.00 0.0029756
-70.00 -50.00 0.0036046
-65.00 -50.00 0.0038042
-60.00 -50.00 0.0036542
-55.00 -50.00 0.0036228
-50.00 -50.00 0.0038437
-45.00 -50.00 0.003913
-40.00 -50.00 0.0035097
-35.00 -50.00 0.0029986
-30.00 -50.00 0.0031189
-25.00 -50.00 0.0040197
-20.00 -50.00 0.0048107
-15.00 -50.00 0.004276
-10.00 -50.00 0.0020807
-5.00 -50.00 -0.0007427
0.00 -50.00 -0.002489
5.00 -50.00 -0.0020282
10.00 -50.00 0.0003703
15.00 -50.00 0.0031731
20.00 -50.00 0.0045552
25.00 -50.00 0.0035948
30.00 -50.00 0.0008873
35.00 -50.00 -0.0019122
40.00 -50.00 -0.0033113
45.00 -50.00 -0.0029931
50.00 -50.00 -0.0018088
55.00 -50.00 -0.0008621
60.00 -50.00 -0.0005944
65.00 -50.00 -0.0006552
70.00 -50.00 -0.0005036
75.00 -50.00 -1.21e-05
80.00 -50.00 0.0005176
85.00 -50.00 0.0008106
90.00 -50.00 0.0009622
95.00 -50.00 0.0013007
100.00 -50.00 0.001972
105.00 -50.00 0.0027181
110.00 -50.00 0.0030751
115.00 -50.00 0.0027933
120.00 -50.00 0.0020789
125.00 -50.00 0.0014129
130.00 -50.00 0.001091
135.00 -50.00 0.0009322
140.00 -50.00 0.0004927
145.00 -50.00 -0.0003932
150.00 -50.00 -0.0013218
155.00 -50.00 -0.0016295
160.00 -50.00 -0.0010114
165.00 -50.00 0.0001731
170.00 -50.00 0.0011762
175.00 -50.00 0.0014169
180.00 -50.00 0.0008331
-180.00 -45.00 0.001107
-175.00 -45.00 -1.9e-06
-170.00 -45.00 -0.0014436
-165.00 -45.00 -0.0024153
-160.00 -45.00 -0.0026409
-155.00 -45.00 -0.0026407
-150.00 -45.00 -0.0031687
-145.00 -45.00 -0.0043423
-140.00 -45.00 -0.0054098
-135.00 -45.00 -0.0054719
-130.00 -45.00 -0.0044087
-125.00 -45.00 -0.0029726
-120.00 -45.00 -0.0019088
-115.00 -45.00 -0.0011161
-110.00 -45.00 0.0001082
-105.00 -45.00 0.0019803
-100.00 -45.00 0.003673
-95.00 -45.00 0.0041442
-90.00 -45.00 0.0034835
-85.00 -45.00 0.0030714
-80.00 -45.00 0.0041259
-75.00 -45.00 0.0062261
-70.00 -45.00 0.0076456
-65.00 -45.00 0.0072583
-60.00 -45.00 0.0057993
-55.00 -45.00 0.0049269
-50.00 -45.00 0.0052004
-45.00 -45.00 0.005468
-40.00 -45.00 0.0044148
-35.00 -45.00 0.0022984
-30.00 -45.00 0.000691
-25.00 -45.00 0.0005927
-20.00 -45.00 0.0012655
-15.00 -45.00 0.0010997
-10.00 -45.00 -0.0006623
-5.00 -45.00 -0.0032441
0.00 -45.00 -0.0050854
5.00 -45.00 -0.0050025
10.00 -45.00 -0.0029107
15.00 -45.00 4.13e-05
20.00 -45.00 0.0019938
25.00 -45.00 0.0015764
30.00 -45.00 -0.0009398
35.00 -45.00 -0.0037225
40.00 -45.00 -0.0048903
45.00 -45.00 -0.0040909
50.00 -45.00 -0.0025948
55.00 -45.00 -0.0018936
60.00 -45.00 -0.0022959
65.00 -45.00 -0.0028819
70.00 -45.00 -0.0026769
75.00 -45.00 -0.0016824
80.00 -45.00 -0.0007049
85.00 -45.00 -0.0003255
90.00 -45.00 -0.0002573
95.00 -45.00 0.0002462
100.00 -45.00 0.0014951
105.00 -45.00 0.0029713
110.00 -45.00 0.0037668
115.00 -45.00 0.0033918
120.00 -45.00 0.0022598
125.00 -45.00 0.0014171
130.00 -45.00 0.0016469
135.00 -45.00 0.0027007
140.00 -45.00 0.0034701
145.00 -45.00 0.0030294
150.00 -45.00 0.0015033
155.00 -45.00 -0.0001033
160.00 -45.00 -0.0008227
165.00 -45.00 -0.0004301
170.00 -45.00 0.0005484
175.00 -45.00 0.0012745
180.00 -45.00 0.001107
-180.00 -40.00 0.002452
-175.00 -40.00 0.0014012
-170.00 -40.00 -0.0006397
-165.00 -40.00 -0.0019857
-160.00 -40.00 -0.0017735
-155.00 -40.00 -0.0008894
-150.00 -40.00 -0.0008777
-145.00 -40.00 -0.0021402
-140.00 -40.00 -0.0034947
-135.00 -40.00 -0.0034997
-130.00 -40.00 -0.0019942
-125.00 -40.00 -0.0001767
-120.00 -40.00 0.0007831
-115.00 -40.00 0.0009846
-110.00 -40.00 0.0014532
-105.00 -40.00 0.0026527
-100.00 -40.00 0.0037462
-95.00 -40.00 0.0036763
-90.00 -40.00 0.0028199
-85.00 -40.00 0.0029806
-80.00 -40.00 0.0053174
-75.00 -40.00 0.0085395
-70.00 -40.00 0.0098348
-65.00 -40.00 0.0078823
-60.00 -40.00 0.0044851
-55.00 -40.00 0.0026584
-50.00 -40.00 0.0032583
-45.00 -40.00 0.0041799
-40.00 -40.00 0.0030603
-35.00 -40.00 9.78e-05
-30.00 -40.00 -0.0023844
-25.00 -40.00 -0.0027661
-20.00 -40.00 -0.0017063
-15.00 -40.00 -0.0009342
-10.00 -40.00 -0.0013641
-5.00 -40.00 -0.0027902
0.00 -40.00 -0.0046395
5.00 -40.00 -0.0062048
10.00 -40.00 -0.0065735
15.00 -40.00 -0.0053756
20.00 -40.00 -0.0036968
25.00 -40.00 -0.0033878
30.00 -40.00 -0.0050358
35.00 -40.00 -0.007108
40.00 -40.00 -0.0075356
45.00 -40.00 -0.0059198
50.00 -40.00 -0.0038483
55.00 -40.00 -0.0031372
60.00 -40.00 -0.0040227
65.00 -40.00 -0.0051314
70.00 -40.00 -0.0050994
75.00 -40.00 -0.0040115
80.00 -40.00 -0.0030871
85.00 -40.00 -0.0030796
90.00 -40.00 -0.0033621
95.00 -40.00 -0.0027082
100.00 -40.00 -0.0006766
105.00 -40.00 0.0019479
110.00 -40.00 0.0038385
115.00 -40.00 0.0041234
120.00 -40.00 0.0030367
125.00 -40.00 0.0018447
130.00 -40.00 0.0018724
135.00 -40.00 0.0032821
140.00 -40.00 0.0048836
145.00 -40.00 0.0052869
150.00 -40.00 0.0041165
155.00 -40.00 0.0020951
160.00 -40.00 0.0003264
165.00 -40.00 -0.0003125
170.00 -40.00 0.0004286
175.00 -40.00 0.0018266
180.00 -40.00 0.002452
-180.00 -35.00 0.0027647
-175.00 -35.00 0.001191
-170.00 -35.00 -0.0019827
-165.00 -35.00 -0.0037764
-160.00 -35.00 -0.0026615
-155.00 -35.00 -0.0001856
-150.00 -35.00 0.0011027
-145.00 -35.00 0.0005127
-140.00 -35.00 -0.0004844
-135.00 -35.00 -0.0002849
-130.00 -35.00 0.0011375
-125.00 -35.00 0.0024987
-120.00 -35.00 0.0027557
-115.00 -35.00 0.0021365
-110.00 -35.00 0.0016529
-105.00 -35.00 0.0017865
-100.00 -35.00 0.0019395
-95.00 -35.00 0.0013755
-90.00 -35.00 0.0005542
-85.00 -35.00 0.0010095
-80.00 -35.00 0.0034409
-75.00 -35.00 0.0061581
-70.00 -35.00 0.0062765
-65.00 -35.00 0.0029224
-60.00 -35.00 -0.0013364
-55.00 -35.00 -0.0030406
-50.00 -35.00 -0.0016038
-45.00 -35.00 0.0002976
-40.00 -35.00 0.0001223
-35.00 -35.00 -0.0017167
-30.00 -35.00 -0.0029399
-25.00 -35.00 -0.0024686
-20.00 -35.00 -0.0013234
-15.00 -35.00 -0.0007733
-10.00 -35.00 -0.0009775
-5.00 -35.00 -0.0018798
0.00 -35.00 -0.004077
5.00 -35.00 -0.0075886
10.00 -35.00 -0.010601
15.00 -35.00 -0.0110252
20.00 -35.00 -0.0091918
25.00 -35.00 -0.0076171
30.00 -35.00 -0.0078869
35.00 -35.00 -0.0089181
40.00 -35.00 -0.0086762
45.00 -35.00 -0.0066904
50.00 -35.00 -0.0043533
55.00 -35.00 -0.0032608
60.00 -35.00 -0.0036567
65.00 -35.00 -0.0043454
70.00 -35.00 -0.0040587
75.00 -35.00 -0.0029169
80.00 -35.00 -0.0022225
85.00 -35.00 -0.0026992
90.00 -35.00 -0.0034839
95.00 -35.00 -0.0031794
100.00 -35.00 -0.0013752
105.00 -35.00 0.0012141
110.00 -35.00 0.0035341
115.00 -35.00 0.0047195
120.00 -35.00 0.0044674
125.00 -35.00 0.003443
130.00 -35.00 0.0029062
135.00 -35.00 0.0034844
140.00 -35.00 0.0046089
145.00 -35.00 0.005325
150.00 -35.00 0.0051308
155.00 -35.00 0.0039083
160.00 -35.00 0.0019042
165.00 -35.00 0.0001975
170.00 -35.00 0.0001934
175.00 -35.00 0.0017855
180.00 -35.00 0.0027647
-180.00 -30.00 0.0020703
-175.00 -30.00 0.0003664
-170.00 -30.00 -0.0037131
-165.00 -30.00 -0.0062511
-160.00 -30.00 -0.0053576
-155.00 -30.00 -0.0029551
-150.00 -30.00 -0.0016777
-145.00 -30.00 -0.0018045
-140.00 -30.00 -0.0018592
-135.00 -30.00 -0.0009346
-130.00 -30.00 0.0005247
-125.00 -30.00 0.0016561
-120.00 -30.00 0.0020418
-115.00 -30.00 0.0017184
-110.00 -30.00 0.0008978
-105.00 -30.00 -0.000124
-100.00 -30.00 -0.0010394
-95.00 -30.00 -0.0016503
-90.00 -30.00 -0.0017292
-85.00 -30.00 -0.0008398
-80.00 -30.00 0.0010684
-75.00 -30.00 0.0027055
-70.00 -30.00 0.0020702
-65.00 -30.00 -0.0011336
-60.00 -30.00 -0.0044514
-55.00 -30.00 -0.0051571
-50.00 -30.00 -0.0033484
-45.00 -30.00 -0.0014601
-40.00 -30.00 -0.0010017
-35.00 -30.00 -0.0011084
-30.00 -30.00 -0.0004998
-25.00 -30.00 0.000419
-20.00 -30.00 0.0003034
-15.00 -30.00 -0.0009915
-10.00 -30.00 -0.0023392
-5.00 -30.00 -0.0034925
0.00 -30.00 -0.0058133
5.00 -30.00 -0.0098521
10.00 -30.00 -0.0134266
15.00 -30.00 -0.0138342
20.00 -30.00 -0.011389
25.00 -30.00 -0.0089432
30.00 -30.00 -0.0081635
35.00 -30.00 -0.0080969
40.00 -30.00 -0.0073444
45.00 -30.00 -0.0058364
50.00 -30.00 -0.0042171
55.00 -30.00 -0.0029149
60.00 -30.00 -0.002096
65.00 -30.00 -0.0015813
70.00 -30.00 -0.000862
75.00 -30.00 0.0001076
80.00 -30.00 0.0005807
85.00 -30.00 0.0001473
90.00 -30.00 -0.0004906
95.00 -30.00 -0.0005301
100.00 -30.00 -3.85e-05
105.00 -30.00 0.0006993
110.00 -30.00 0.0018334
115.00 -30.00 0.0032707
120.00 -30.00 0.0042844
125.00 -30.00 0.0044691
130.00 -30.00 0.0042625
135.00 -30.00 0.0040652
140.00 -30.00 0.0037664
145.00 -30.00 0.0034423
150.00 -30.00 0.0033471
155.00 -30.00 0.0028833
160.00 -30.00 0.0010838
165.00 -30.00 -0.0012651
170.00 -30.00 -0.0017229
175.00 -30.00 0.0003609
180.00 -30.00 0.0020703
-180.00 -25.00 0.0005782
-175.00 -25.00 6.98e-05
-170.00 -25.00 -0.0030719
-165.00 -25.00 -0.0054361
-160.00 -25.00 -0.0057944
-155.00 -25.00 -0.0058043
-150.00 -25.00 -0.0065456
-145.00 -25.00 -0.0069801
-140.00 -25.00 -0.0060867
-135.00 -25.00 -0.0044419
-130.00 -25.00 -0.0029812
-125.00 -25.00 -0.0016406
-120.00 -25.00 -0.0001681
-115.00 -25.00 0.0005935
-110.00 -25.00 -0.000547
-105.00 -25.00 -0.0031698
-100.00 -25.00 -0.005153
-95.00 -25.00 -0.0050095
-90.00 -25.00 -0.0033586
-85.00 -25.00 -0.0014672
-80.00 -25.00 0.0003728
-75.00 -25.00 0.0019183
-70.00 -25.00 0.0019704
-65.00 -25.00 0.0001038
-60.00 -25.00 -0.0018152
-55.00 -25.00 -0.0018305
-50.00 -25.00 -0.000628
-45.00 -25.00 -0.0001585
-40.00 -25.00 -0.0005404
-35.00 -25.00 -0.0003884
-30.00 -25.00 0.0004451
-25.00 -25.00 0.0004644
-20.00 -25.00 -0.0011863
-15.00 -25.00 -0.0034872
-10.00 -25.00 -0.0050129
-5.00 -25.00 -0.0059215
0.00 -25.00 -0.0076938
5.00 -25.00 -0.0107189
10.00 -25.00 -0.0131004
15.00 -25.00 -0.0129419
20.00 -25.00 -0.0109798
25.00 -25.00 -0.0092943
30.00 -25.00 -0.0082064
35.00 -25.00 -0.0066018
40.00 -25.00 -0.0046249
45.00 -25.00 -0.0035138
50.00 -25.00 -0.0031404
55.00 -25.00 -0.0021669
60.00 -25.00 -0.000433
65.00 -25.00 0.0009097
70.00 -25.00 0.0013355
75.00 -25.00 0.0013077
80.00 -25.00 0.0012227
85.00 -25.00 0.0013169
90.00 -25.00 0.0018466
95.00 -25.00 0.0023581
100.00 -25.00 0.0018549
105.00 -25.00 0.0004944
110.00 -25.00 -0.0001593
115.00 -25.00 0.0007561
120.00 -25.00 0.0023866
125.00 -25.00 0.0036822
130.00 -25.00 0.0043941
135.00 -25.00 0.0042295
140.00 -25.00 0.0027747
145.00 -25.00 0.0007307
150.00 -25.00 -0.0005591
155.00 -25.00 -0.0012942
160.00 -25.00 -0.0029492
165.00 -25.00 -0.0051682
170.00 -25.00 -0.0052823
175.00 -25.00 -0.0023358
180.00 -25.00 0.0005781
-180.00 -20.00 -0.0029932
-175.00 -20.00 -0.0028633
-170.00 -20.00 -0.0036164
-165.00 -20.00 -0.0038089
-160.00 -20.00 -0.0042307
-155.00 -20.00 -0.0061529
-150.00 -20.00 -0.0084406
-145.00 -20.00 -0.0088596
-140.00 -20.00 -0.0074216
-135.00 -20.00 -0.0061121
-130.00 -20.00 -0.0056319
-125.00 -20.00 -0.0045643
-120.00 -20.00 -0.002213
-115.00 -20.00 -0.0006055
-110.00 -20.00 -0.0022392
-105.00 -20.00 -0.0062368
-100.00 -20.00 -0.0085919
-95.00 -20.00 -0.0070222
-90.00 -20.00 -0.0036652
-85.00 -20.00 -0.001437
-80.00 -20.00 -8.12e-05
-75.00 -20.00 0.0016639
-70.00 -20.00 0.0025934
-65.00 -20.00 0.0012969
-60.00 -20.00 -0.0003696
-55.00 -20.00 2.83e-05
-50.00 -20.00 0.0013037
-45.00 -20.00 0.0008673
-40.00 -20.00 -0.0008472
-35.00 -20.00 -0.001753
-30.00 -20.00 -0.0019844
-25.00 -20.00 -0.0030697
-20.00 -20.00 -0.0048262
-15.00 -20.00 -0.0058812
-10.00 -20.00 -0.0061394
-5.00 -20.00 -0.0067419
0.00 -20.00 -0.008279
5.00 -20.00 -0.0101022
10.00 -20.00 -0.0110896
15.00 -20.00 -0.0109298
20.00 -20.00 -0.0105068
25.00 -20.00 -0.0102771
30.00 -20.00 -0.0089198
35.00 -20.00 -0.0053883
40.00 -20.00 -0.0015096
45.00 -20.00 1.58e-05
50.00 -20.00 -0.000444
55.00 -20.00 -0.0002604
60.00 -20.00 0.0013401
65.00 -20.00 0.0026617
70.00 -20.00 0.0024847
75.00 -20.00 0.0013424
80.00 -20.00 0.0004076
85.00 -20.00 0.0006442
90.00 -20.00 0.0021789
95.00 -20.00 0.0035841
100.00 -20.00 0.0030933
105.00 -20.00 0.0010826
110.00 -20.00 -0.0002123
115.00 -20.00 0.0003191
120.00 -20.00 0.0016957
125.00 -20.00 0.0028306
130.00 -20.00 0.0035068
135.00 -20.00 0.0033306
140.00 -20.00 0.0017219
145.00 -20.00 -0.0007691
150.00 -20.00 -0.0028331
155.00 -20.00 -0.0042982
160.00 -20.00 -0.0060003
165.00 -20.00 -0.0075703
170.00 -20.00 -0.0073194
175.00 -20.00 -0.0050433
180.00 -20.00 -0.0029932
-180.00 -15.00 -0.0073871
-175.00 -15.00 -0.0090811
-170.00 -15.00 -0.0083508
-165.00 -15.00 -0.0057869
-160.00 -15.00 -0.0045517
-155.00 -15.00 -0.0058633
-150.00 -15.00 -0.0072843
-145.00 -15.00 -0.0065902
-140.00 -15.00 -0.005043
-135.00 -15.00 -0.0050436
-130.00 -15.00 -0.0062441
-125.00 -15.00 -0.0060787
-120.00 -15.00 -0.0036331
-115.00 -15.00 -0.0014225
-110.00 -15.00 -0.0025116
-105.00 -15.00 -0.0060668
-100.00 -15.00 -0.0075209
-95.00 -15.00 -0.0045645
-90.00 -15.00 -0.0006415
-85.00 -15.00 0.0003307
-80.00 -15.00 -0.0002736
-75.00 -15.00 0.0004359
-70.00 -15.00 0.0008564
-65.00 -15.00 -0.0015389
-60.00 -15.00 -0.0040112
-55.00 -15.00 -0.0025753
-50.00 -15.00 0.0007481
-45.00 -15.00 0.0011914
-40.00 -15.00 -0.001155
-35.00 -15.00 -0.0029474
-30.00 -15.00 -0.0036791
-25.00 -15.00 -0.0047661
-20.00 -15.00 -0.0056466
-15.00 -15.00 -0.0054257
-10.00 -15.00 -0.005576
-5.00 -15.00 -0.0074571
0.00 -15.00 -0.0097103
5.00 -15.00 -0.0105094
10.00 -15.00 -0.0101452
15.00 -15.00 -0.0099571
20.00 -15.00 -0.0103526
25.00 -15.00 -0.0103554
30.00 -15.00 -0.0083261
35.00 -15.00 -0.0038479
40.00 -15.00 0.0008198
45.00 -15.00 0.0027735
50.00 -15.00 0.0020053
55.00 -15.00 0.001045
60.00 -15.00 0.0014133
65.00 -15.00 0.0023903
70.00 -15.00 0.0027621
75.00 -15.00 0.0021004
80.00 -15.00 0.0009278
85.00 -15.00 0.0005389
90.00 -15.00 0.0016616
95.00 -15.00 0.0030568
100.00 -15.00 0.0028974
105.00 -15.00 0.0014066
110.00 -15.00 0.0004956
115.00 -15.00 0.0011046
120.00 -15.00 0.0023965
125.00 -15.00 0.0031352
130.00 -15.00 0.0027201
135.00 -15.00 0.0014002
140.00 -15.00 0.0001089
145.00 -15.00 -0.0005769
150.00 -15.00 -0.0013859
155.00 -15.00 -0.0032575
160.00 -15.00 -0.0054835
165.00 -15.00 -0.0063545
170.00 -15.00 -0.0057703
175.00 -15.00 -0.0057132
180.00 -15.00 -0.0073871
-180.00 -10.00 -0.0085092
-175.00 -10.00 -0.0123088
-170.00 -10.00 -0.0117777
-165.00 -10.00 -0.0083309
-160.00 -10.00 -0.006135
-155.00 -10.00 -0.0062057
-150.00 -10.00 -0.0059844
-145.00 -10.00 -0.0042081
-140.00 -10.00 -0.0029007
-135.00 -10.00 -0.003841
-130.00 -10.00 -0.0057763
-125.00 -10.00 -0.0061972
-120.00 -10.00 -0.00427
-115.00 -10.00 -0.0016624
-110.00 -10.00 -0.000995
-105.00 -10.00 -0.0025054
-100.00 -10.00 -0.0027414
-95.00 -10.00 0.0007167
-90.00 -10.00 0.0045766
-85.00 -10.00 0.004397
-80.00 -10.00 0.0017431
-75.00 -10.00 0.000635
-70.00 -10.00 -0.0002318
-65.00 -10.00 -0.0038686
-60.00 -10.00 -0.0069058
-55.00 -10.00 -0.0042545
-50.00 -10.00 0.0011681
-45.00 -10.00 0.0024919
-40.00 -10.00 -0.000388
-35.00 -10.00 -0.0024913
-30.00 -10.00 -0.0025861
-25.00 -10.00 -0.0028154
-20.00 -10.00 -0.0033218
-15.00 -10.00 -0.0036253
-10.00 -10.00 -0.0054375
-5.00 -10.00 -0.0091705
0.00 -10.00 -0.0116617
5.00 -10.00 -0.0109231
10.00 -10.00 -0.0092068
15.00 -10.00 -0.0089946
20.00 -10.00 -0.0095577
25.00 -10.00 -0.00894
30.00 -10.00 -0.0064781
35.00 -10.00 -0.0027747
40.00 -10.00 0.0007596
45.00 -10.00 0.0024243
50.00 -10.00 0.0016628
55.00 -10.00 -0.0002502
60.00 -10.00 -0.0013766
65.00 -10.00 -0.0006616
70.00 -10.00 0.0013089
75.00 -10.00 0.0027435
80.00 -10.00 0.0025278
85.00 -10.00 0.0016025
90.00 -10.00 0.0015095
95.00 -10.00 0.0021367
100.00 -10.00 0.0021372
105.00 -10.00 0.0009433
110.00 -10.00 -0.0005528
115.00 -10.00 -0.0007614
120.00 -10.00 0.0010275
125.00 -10.00 0.0029954
130.00 -10.00 0.0021596
135.00 -10.00 -0.0011343
140.00 -10.00 -0.0026554
145.00 -10.00 -0.0005479
150.00 -10.00 0.0011784
155.00 -10.00 -0.0012636
160.00 -10.00 -0.0052693
165.00 -10.00 -0.0059899
170.00 -10.00 -0.0040349
175.00 -10.00 -0.0043549
180.00 -10.00 -0.0085092
-180.00 -5.00 -0.0058773
-175.00 -5.00 -0.0088845
-170.00 -5.00 -0.0087956
-165.00 -5.00 -0.0067331
-160.00 -5.00 -0.0058744
-155.00 -5.00 -0.0063092
-150.00 -5.00 -0.0056983
-145.00 -5.00 -0.0037294
-140.00 -5.00 -0.0025781
-135.00 -5.00 -0.0031849
-130.00 -5.00 -0.0042011
-125.00 -5.00 -0.0044123
-120.00 -5.00 -0.0035205
-115.00 -5.00 -0.0015827
-110.00 -5.00 0.0001054
-105.00 -5.00 -2.2e-06
-100.00 -5.00 -0.0002077
-95.00 -5.00 0.0026922
-90.00 -5.00 0.007044
-85.00 -5.00 0.0077454
-80.00 -5.00 0.0046514
-75.00 -5.00 0.0021529
-70.00 -5.00 0.0006767
-65.00 -5.00 -0.002502
-60.00 -5.00 -0.0050853
-55.00 -5.00 -0.0025167
-50.00 -5.00 0.0024263
-45.00 -5.00 0.0029553
-40.00 -5.00 -0.0006411
-35.00 -5.00 -0.0026302
-30.00 -5.00 -0.0018253
-25.00 -5.00 -0.0014197
-20.00 -5.00 -0.0022176
-15.00 -5.00 -0.0032948
-10.00 -5.00 -0.0055428
-5.00 -5.00 -0.0088419
0.00 -5.00 -0.0100216
5.00 -5.00 -0.0079347
10.00 -5.00 -0.0060781
15.00 -5.00 -0.0070936
20.00 -5.00 -0.008954
25.00 -5.00 -0.0087266
30.00 -5.00 -0.0063953
35.00 -5.00 -0.0035504
40.00 -5.00 -0.0012076
45.00 -5.00 7.01e-05
50.00 -5.00 -0.0001985
55.00 -5.00 -0.0017449
60.00 -5.00 -0.0031311
65.00 -5.00 -0.0026521
70.00 -5.00 -7.24e-05
75.00 -5.00 0.0028185
80.00 -5.00 0.0040582
85.00 -5.00 0.0035937
90.00 -5.00 0.0028854
95.00 -5.00 0.00295
100.00 -5.00 0.003153
105.00 -5.00 0.0016574
110.00 -5.00 -0.0020497
115.00 -5.00 -0.0047955
120.00 -5.00 -0.00282
125.00 -5.00 0.0016776
130.00 -5.00 0.0019912
135.00 -5.00 -0.0027432
140.00 -5.00 -0.0050939
145.00 -5.00 -0.0011601
150.00 -5.00 0.0023704
155.00 -5.00 -0.0012928
160.00 -5.00 -0.0081385
165.00 -5.00 -0.0098181
170.00 -5.00 -0.0060724
175.00 -5.00 -0.0036935
180.00 -5.00 -0.0058773
-180.00 0.00 -0.0032825
-175.00 0.00 -0.0037953
-170.00 0.00 -0.0038615
-165.00 0.00 -0.0039609
-160.00 0.00 -0.0053124
-155.00 0.00 -0.006822
-150.00 0.00 -0.0062785
-145.00 0.00 -0.0039675
-140.00 0.00 -0.0022785
-135.00 0.00 -0.0018665
-130.00 0.00 -0.0014718
-125.00 0.00 -0.00103
-120.00 0.00 -0.0011958
-115.00 0.00 -0.0010678
-110.00 0.00 -0.0002623
-105.00 0.00 -0.0005436
-100.00 0.00 -0.001545
-95.00 0.00 0.0005027
-90.00 0.00 0.005693
-85.00 0.00 0.0082676
-80.00 0.00 0.0055569
-75.00 0.00 0.0019089
-70.00 0.00 0.0004358
-65.00 0.00 -0.0008785
-60.00 0.00 -0.0024392
-55.00 0.00 -0.0015042
-50.00 0.00 0.0008883
-45.00 0.00 0.0004122
-40.00 0.00 -0.0025035
-35.00 0.00 -0.0034803
-30.00 0.00 -0.002265
-25.00 0.00 -0.0022373
-20.00 0.00 -0.0036756
-15.00 0.00 -0.0043799
-10.00 0.00 -0.0044857
-5.00 0.00 -0.005037
0.00 0.00 -0.0048639
5.00 0.00 -0.0033534
10.00 0.00 -0.0030252
15.00 0.00 -0.0058026
20.00 0.00 -0.0095388
25.00 0.00 -0.0107237
30.00 0.00 -0.0085688
35.00 0.00 -0.0050503
40.00 0.00 -0.0023861
45.00 0.00 -0.0012689
50.00 0.00 -0.0009878
55.00 0.00 -0.0008108
60.00 0.00 -0.0007034
65.00 0.00 -0.0004908
70.00 0.00 0.0006083
75.00 0.00 0.0028093
80.00 0.00 0.0049246
85.00 0.00 0.0055543
90.00 0.00 0.0049099
95.00 0.00 0.0046595
100.00 0.00 0.0051596
105.00 0.00 0.0037468
110.00 0.00 -0.0014192
115.00 0.00 -0.0062509
120.00 0.00 -0.0047073
125.00 0.00 0.0012391
130.00 0.00 0.0028047
135.00 0.00 -0.0020362
140.00 0.00 -0.0048673
145.00 0.00 -0.0008854
150.00 0.00 0.002658
155.00 0.00 -0.001782
160.00 0.00 -0.0100038
165.00 0.00 -0.0128476
170.00 0.00 -0.0090189
175.00 0.00 -0.0045358
180.00 0.00 -0.0032825
-180.00 5.00 -0.0022955
-175.00 5.00 -0.0019073
-170.00 5.00 -0.0026863
-165.00 5.00 -0.0044029
-160.00 5.00 -0.0067455
-155.00 5.00 -0.0082838
-150.00 5.00 -0.0071559
-145.00 5.00 -0.0039418
-140.00 5.00 -0.0014931
-135.00 5.00 -0.0006838
-130.00 5.00 0.0002631
-125.00 5.00 0.0015237
-120.00 5.00 0.0013446
-115.00 5.00 9.07e-05
-110.00 5.00 -0.0005056
-105.00 5.00 -0.0010442
-100.00 5.00 -0.0019908
-95.00 5.00 -0.0004454
-90.00 5.00 0.0045438
-85.00 5.00 0.0077199
-80.00 5.00 0.0050851
-75.00 5.00 0.0005267
-70.00 5.00 -0.0009555
-65.00 5.00 -0.0006705
-60.00 5.00 -0.0015771
-55.00 5.00 -0.0026631
-50.00 5.00 -0.0025475
-45.00 5.00 -0.0025339
-40.00 5.00 -0.0029424
-35.00 5.00 -0.0022357
-30.00 5.00 -0.0012699
-25.00 5.00 -0.0026369
-20.00 5.00 -0.0054033
-15.00 5.00 -0.0059481
-10.00 5.00 -0.0037866
-5.00 5.00 -0.0018597
0.00 5.00 -0.0017071
5.00 5.00 -0.0023619
10.00 5.00 -0.003432
15.00 5.00 -0.0058911
20.00 5.00 -0.0095026
25.00 5.00 -0.0116123
30.00 5.00 -0.0098055
35.00 5.00 -0.005273
40.00 5.00 -0.0018995
45.00 5.00 -0.0014537
50.00 5.00 -0.0016596
55.00 5.00 -0.000259
60.00 5.00 0.0014951
65.00 5.00 0.0015084
70.00 5.00 0.0006978
75.00 5.00 0.0014506
80.00 5.00 0.0036266
85.00 5.00 0.0047849
90.00 5.00 0.0040855
95.00 5.00 0.0035293
100.00 5.00 0.0042663
105.00 5.00 0.0038454
110.00 5.00 0.0001204
115.00 5.00 -0.003564
120.00 5.00 -0.0021064
125.00 5.00 0.0026783
130.00 5.00 0.0036786
135.00 5.00 -0.0002991
140.00 5.00 -0.0025964
145.00 5.00 -6.89e-05
150.00 5.00 0.0017418
155.00 5.00 -0.0019068
160.00 5.00 -0.0076084
165.00 5.00 -0.0096397
170.00 5.00 -0.0074465
175.00 5.00 -0.0042418
180.00 5.00 -0.0022955
-180.00 10.00 -0.001901
-175.00 10.00 -0.002175
-170.00 10.00 -0.0038707
-165.00 10.00 -0.0058763
-160.00 10.00 -0.0073288
-155.00 10.00 -0.0078705
-150.00 10.00 -0.0065332
-145.00 10.00 -0.0035902
-140.00 10.00 -0.0016147
-135.00 10.00 -0.0015361
-130.00 10.00 -0.0008966
-125.00 10.00 0.0012396
-120.00 10.00 0.0022588
-115.00 10.00 0.001158
-110.00 10.00 0.000286
-105.00 10.00 0.0005176
-100.00 10.00 0.0006102
-95.00 10.00 0.0014531
-90.00 10.00 0.0044533
-85.00 10.00 0.0067454
-80.00 10.00 0.0048327
-75.00 10.00 0.0010907
-70.00 10.00 3.61e-05
-65.00 10.00 0.0008514
-60.00 10.00 -0.0001136
-55.00 10.00 -0.0025589
-50.00 10.00 -0.0035865
-45.00 10.00 -0.0027287
-40.00 10.00 -0.0012874
-35.00 10.00 0.0001156
-30.00 10.00 0.0003189
-25.00 10.00 -0.0023843
-20.00 10.00 -0.0066607
-15.00 10.00 -0.0082124
-10.00 10.00 -0.0055431
-5.00 10.00 -0.0023907
0.00 10.00 -0.0024578
5.00 10.00 -0.0046129
10.00 10.00 -0.0056984
15.00 10.00 -0.0057803
20.00 10.00 -0.0071931
25.00 10.00 -0.0093416
30.00 10.00 -0.0086827
35.00 10.00 -0.0046838
40.00 10.00 -0.0015638
45.00 10.00 -0.0020793
50.00 10.00 -0.0035651
55.00 10.00 -0.0028274
60.00 10.00 -0.0011256
65.00 10.00 -0.0010259
70.00 10.00 -0.0016796
75.00 10.00 -0.0008403
80.00 10.00 0.0008848
85.00 10.00 0.0012458
90.00 10.00 0.0003061
95.00 10.00 0.0001348
100.00 10.00 0.0011122
105.00 10.00 0.0013136
110.00 10.00 0.000108
115.00 10.00 -0.0001931
120.00 10.00 0.0018893
125.00 10.00 0.0038321
130.00 10.00 0.0027166
135.00 10.00 6.21e-05
140.00 10.00 -0.0008139
145.00 10.00 -0.0004086
150.00 10.00 -0.0014754
155.00 10.00 -0.0036463
160.00 10.00 -0.0043914
165.00 10.00 -0.0036156
170.00 10.00 -0.0029522
175.00 10.00 -0.0025035
180.00 10.00 -0.001901
-180.00 15.00 -0.0029976
-175.00 15.00 -0.0034602
-170.00 15.00 -0.0051693
-165.00 15.00 -0.0060184
-160.00 15.00 -0.0051826
-155.00 15.00 -0.0042661
-150.00 15.00 -0.0037135
-145.00 15.00 -0.0028771
-140.00 15.00 -0.0026444
-135.00 15.00 -0.0034565
-130.00 15.00 -0.0030537
-125.00 15.00 -0.0003766
-120.00 15.00 0.0017871
-115.00 15.00 0.0016782
-110.00 15.00 0.0015659
-105.00 15.00 0.0028555
-100.00 15.00 0.0034954
-95.00 15.00 0.0027158
-90.00 15.00 0.0027242
-85.00 15.00 0.0039342
-80.00 15.00 0.0041196
-75.00 15.00 0.0031779
-70.00 15.00 0.003207
-65.00 15.00 0.003772
-60.00 15.00 0.0024513
-55.00 15.00 -0.0003025
-50.00 15.00 -0.0016775
-45.00 15.00 -0.0010923
-40.00 15.00 -0.0002603
-35.00 15.00 -5.43e-05
-30.00 15.00 -0.0007601
-25.00 15.00 -0.0034674
-20.00 15.00 -0.0077487
-15.00 15.00 -0.0100017
-10.00 15.00 -0.0077427
-5.00 15.00 -0.0038988
0.00 15.00 -0.0031475
5.00 15.00 -0.0052773
10.00 15.00 -0.0062326
15.00 15.00 -0.0050117
20.00 15.00 -0.0047524
25.00 15.00 -0.0065004
30.00 15.00 -0.0069832
35.00 15.00 -0.0044208
40.00 15.00 -0.0018859
45.00 15.00 -0.0023065
50.00 15.00 -0.0041966
55.00 15.00 -0.004985
60.00 15.00 -0.0047582
65.00 15.00 -0.0041822
70.00 15.00 -0.0024915
75.00 15.00 -4.6e-05
80.00 15.00 0.0007174
85.00 15.00 -0.0007369
90.00 15.00 -0.0015203
95.00 15.00 -1.34e-05
100.00 15.00 0.0013155
105.00 15.00 0.0003322
110.00 15.00 -0.0007517
115.00 15.00 0.0008688
120.00 15.00 0.0033589
125.00 15.00 0.0029355
130.00 15.00 0.0002758
135.00 15.00 -0.000674
140.00 15.00 0.000199
145.00 15.00 -0.0010254
150.00 15.00 -0.0047005
155.00 15.00 -0.0061092
160.00 15.00 -0.0034382
165.00 15.00 -0.0009164
170.00 15.00 -0.0015337
175.00 15.00 -0.002919
180.00 15.00 -0.0029976
-180.00 20.00 -0.005749
-175.00 20.00 -0.0060582
-170.00 20.00 -0.0075847
-165.00 20.00 -0.0073241
-160.00 20.00 -0.0042937
-155.00 20.00 -0.0016344
-150.00 20.00 -0.0013333
-145.00 20.00 -0.0021337
-140.00 20.00 -0.0029404
-135.00 20.00 -0.003574
-130.00 20.00 -0.0029125
-125.00 20.00 -0.00049
-120.00 20.00 0.0016895
-115.00 20.00 0.0023556
-110.00 20.00 0.0032071
-105.00 20.00 0.0050032
-100.00 20.00 0.0052579
-95.00 20.00 0.0028195
-90.00 20.00 0.0006636
-85.00 20.00 0.0013383
-80.00 20.00 0.0034809
-75.00 20.00 0.0049438
-70.00 20.00 0.005564
-65.00 20.00 0.0053643
-60.00 20.00 0.0037509
-55.00 20.00 0.0015781
-50.00 20.00 0.0006645
-45.00 20.00 0.0007706
-40.00 20.00 5.76e-05
-35.00 20.00 -0.0016781
-30.00 20.00 -0.0032567
-25.00 20.00 -0.0048865
-20.00 20.00 -0.0073064
-15.00 20.00 -0.0088545
-10.00 20.00 -0.0071452
-5.00 20.00 -0.0034955
0.00 20.00 -0.0019241
5.00 20.00 -0.0034489
10.00 20.00 -0.0050484
15.00 20.00 -0.0048641
20.00 20.00 -0.0045602
25.00 20.00 -0.0053357
30.00 20.00 -0.0054455
35.00 20.00 -0.0035659
40.00 20.00 -0.0013702
45.00 20.00 -0.0008565
50.00 20.00 -0.0018255
55.00 20.00 -0.0032506
60.00 20.00 -0.0043047
65.00 20.00 -0.0034298
70.00 20.00 0.0001191
75.00 20.00 0.003422
80.00 20.00 0.0027571
85.00 20.00 -0.0002409
90.00 20.00 -0.0001453
95.00 20.00 0.0036738
100.00 20.00 0.0055788
105.00 20.00 0.0026882
110.00 20.00 -0.0004365
115.00 20.00 0.0005143
120.00 20.00 0.0026654
125.00 20.00 0.0015793
130.00 20.00 -0.0008015
135.00 20.00 -0.000127
140.00 20.00 0.0017912
145.00 20.00 -0.0001686
150.00 20.00 -0.00481
155.00 20.00 -0.0058859
160.00 20.00 -0.0026375
165.00 20.00 -0.0009368
170.00 20.00 -0.0032789
175.00 20.00 -0.0056738
180.00 20.00 -0.005749
-180.00 25.00 -0.0059404
-175.00 25.00 -0.0067748
-170.00 25.00 -0.0091608
-165.00 25.00 -0.009596
-160.00 25.00 -0.0063863
-155.00 25.00 -0.0026503
-150.00 25.00 -0.001292
-145.00 25.00 -0.0015478
-140.00 25.00 -0.0017268
-135.00 25.00 -0.0015122
-130.00 25.00 -0.0008434
-125.00 25.00 0.0004213
-120.00 25.00 0.0017007
-115.00 25.00 0.0027326
-110.00 25.00 0.004313
-105.00 25.00 0.0061454
-100.00 25.00 0.0060763
-95.00 25.00 0.0035544
-90.00 25.00 0.0014398
-85.00 25.00 0.0022389
-80.00 25.00 0.0048203
-75.00 25.00 0.0066112
-70.00 25.00 0.0067284
-65.00 25.00 0.0055542
-60.00 25.00 0.0036199
-55.00 25.00 0.0020971
-50.00 25.00 0.0021104
-45.00 25.00 0.0026837
-40.00 25.00 0.0015687
-35.00 25.00 -0.0013611
-30.00 25.00 -0.0038462
-25.00 25.00 -0.0046973
-20.00 25.00 -0.0049849
-15.00 25.00 -0.0053186
-10.00 25.00 -0.0046573
-5.00 25.00 -0.0027828
0.00 25.00 -0.0015177
5.00 25.00 -0.0022067
10.00 25.00 -0.0038708
15.00 25.00 -0.004942
20.00 25.00 -0.0051183
25.00 25.00 -0.0046196
30.00 25.00 -0.003338
35.00 25.00 -0.0016012
40.00 25.00 -0.0002885
45.00 25.00 0.0003022
50.00 25.00 0.000337
55.00 25.00 -0.0004749
60.00 25.00 -0.0017944
65.00 25.00 -0.0015765
70.00 25.00 0.0010883
75.00 25.00 0.0031414
80.00 25.00 0.0014214
85.00 25.00 -0.0014568
90.00 25.00 5.7e-06
95.00 25.00 0.0053972
100.00 25.00 0.008115
105.00 25.00 0.0051472
110.00 25.00 0.0013383
115.00 25.00 0.0013267
120.00 25.00 0.0028999
125.00 25.00 0.0023578
130.00 25.00 0.0013128
135.00 25.00 0.0026774
140.00 25.00 0.0039713
145.00 25.00 0.0012062
150.00 25.00 -0.0032484
155.00 25.00 -0.0037335
160.00 25.00 -0.0007266
165.00 25.00 -1.95e-05
170.00 25.00 -0.0031126
175.00 25.00 -0.0057095
180.00 25.00 -0.0059404
-180.00 30.00 -0.0015232
-175.00 30.00 -0.0026737
-170.00 30.00 -0.0058402
-165.00 30.00 -0.0078845
-160.00 30.00 -0.006486
-155.00 30.00 -0.0033694
-150.00 30.00 -0.001172
-145.00 30.00 -0.0001933
-140.00 30.00 0.0003701
-135.00 30.00 0.0005198
-130.00 30.00 0.0001065
-125.00 30.00 -0.00031
-120.00 30.00 -6.84e-05
-115.00 30.00 0.0010634
-110.00 30.00 0.002867
-105.00 30.00 0.0043874
-100.00 30.00 0.0044261
-95.00 30.00 0.0032324
-90.00 30.00 0.0026995
-85.00 30.00 0.0039799
-80.00 30.00 0.0060137
-75.00 30.00 0.007127
-70.00 30.00 0.0067891
-65.00 30.00 0.0052556
-60.00 30.00 0.0030791
-55.00 30.00 0.0015621
-50.00 30.00 0.0019052
-45.00 30.00 0.0031348
-40.00 30.00 0.0026433
-35.00 30.00 -0.0003041
-30.00 30.00 -0.0032805
-25.00 30.00 -0.0039408
-20.00 30.00 -0.0029793
-15.00 30.00 -0.002589
-10.00 30.00 -0.0032835
-5.00 30.00 -0.0037741
0.00 30.00 -0.0032931
5.00 30.00 -0.0026059
10.00 30.00 -0.0027717
15.00 30.00 -0.0037289
20.00 30.00 -0.0042884
25.00 30.00 -0.0034201
30.00 30.00 -0.0015794
35.00 30.00 -0.0003571
40.00 30.00 -0.000437
45.00 30.00 -0.0007016
50.00 30.00 -0.0001829
55.00 30.00 0.0002384
60.00 30.00 -0.0004687
65.00 30.00 -0.0013495
70.00 30.00 -0.0011574
75.00 30.00 -0.0009906
80.00 30.00 -0.0023626
85.00 30.00 -0.0034944
90.00 30.00 -0.0011597
95.00 30.00 0.003799
100.00 30.00 0.0067058
105.00 30.00 0.0055914
110.00 30.00 0.0036535
115.00 30.00 0.0038255
120.00 30.00 0.0048404
125.00 30.00 0.0048637
130.00 30.00 0.0050811
135.00 30.00 0.0064052
140.00 30.00 0.0061047
145.00 30.00 0.001982
150.00 30.00 -0.002665
155.00 30.00 -0.0030228
160.00 30.00 -5.3e-06
165.00 30.00 0.0013919
170.00 30.00 -0.000173
175.00 30.00 -0.0015421
180.00 30.00 -0.0015232
-180.00 35.00 0.0023844
-175.00 35.00 0.0020093
-170.00 35.00 -8.87e-05
-165.00 35.00 -0.0021105
-160.00 35.00 -0.0021244
-155.00 35.00 -0.0004746
-150.00 35.00 0.0012966
-145.00 35.00 0.0023577
-140.00 35.00 0.0024925
-135.00 35.00 0.0014529
-130.00 35.00 -0.0005217
-125.00 35.00 -0.002289
-120.00 35.00 -0.0027128
-115.00 35.00 -0.0017295
-110.00 35.00 -0.0002682
-105.00 35.00 0.0006441
-100.00 35.00 0.0007226
-95.00 35.00 0.0006148
-90.00 35.00 0.0011456
-85.00 35.00 0.0023353
-80.00 35.00 0.003498
-75.00 35.00 0.0041679
-70.00 35.00 0.00425
-65.00 35.00 0.0034475
-60.00 35.00 0.0016527
-55.00 35.00 -5.38e-05
-50.00 35.00 -0.0001869
-45.00 35.00 0.0009091
-40.00 35.00 0.0010017
-35.00 35.00 -0.0010217
-30.00 35.00 -0.0033325
-25.00 35.00 -0.0035607
-20.00 35.00 -0.0021312
-15.00 35.00 -0.0016826
-10.00 35.00 -0.0034101
-5.00 35.00 -0.0054689
0.00 35.00 -0.0054576
5.00 35.00 -0.0034685
10.00 35.00 -0.0017885
15.00 35.00 -0.0019058
20.00 35.00 -0.0027895
25.00 35.00 -0.0025645
30.00 35.00 -0.0011942
35.00 35.00 -0.0004187
40.00 35.00 -0.0010558
45.00 35.00 -0.0017167
50.00 35.00 -0.0009552
55.00 35.00 0.0004795
60.00 35.00 0.0008246
65.00 35.00 -6.82e-05
70.00 35.00 -0.0008412
75.00 35.00 -0.0008631
80.00 35.00 -0.0006226
85.00 35.00 -9.62e-05
90.00 35.00 0.0013957
95.00 35.00 0.0035078
100.00 35.00 0.0048431
105.00 35.00 0.0050248
110.00 35.00 0.0051267
115.00 35.00 0.0056377
120.00 35.00 0.0058695
125.00 35.00 0.0059405
130.00 35.00 0.0070656
135.00 35.00 0.0087047
140.00 35.00 0.0078468
145.00 35.00 0.0032072
150.00 35.00 -0.0018186
155.00 35.00 -0.0029854
160.00 35.00 -0.0006201
165.00 35.00 0.0015343
170.00 35.00 0.0018226
175.00 35.00 0.0018222
180.00 35.00 0.0023844
-180.00 40.00 0.0019302
-175.00 40.00 0.0022361
-170.00 40.00 0.0021586
-165.00 40.00 0.0019387
-160.00 40.00 0.002228
-155.00 40.00 0.0030899
-150.00 40.00 0.0040098
-145.00 40.00 0.0044258
-140.00 40.00 0.0038699
-135.00 40.00 0.0021063
-130.00 40.00 -0.000394
-125.00 40.00 -0.0024483
-120.00 40.00 -0.0030973
-115.00 40.00 -0.002474
-110.00 40.00 -0.0015274
-105.00 40.00 -0.0009854
-100.00 40.00 -0.0007937
-95.00 40.00 -0.000539
-90.00 40.00 -0.0001637
-85.00 40.00 1.1e-05
-80.00 40.00 -5.9e-05
-75.00 40.00 8.97e-05
-70.00 40.00 0.0006533
-65.00 40.00 0.0009456
-60.00 40.00 0.0002224
-55.00 40.00 -0.0010453
-50.00 40.00 -0.0015847
-45.00 40.00 -0.0011412
-40.00 40.00 -0.0009351
-35.00 40.00 -0.0017986
-30.00 40.00 -0.0027441
-25.00 40.00 -0.0023697
-20.00 40.00 -0.0012087
-15.00 40.00 -0.0014045
-10.00 40.00 -0.003812
-5.00 40.00 -0.0064666
0.00 40.00 -0.0067034
5.00 40.00 -0.0043138
10.00 40.00 -0.0017072
15.00 40.00 -0.0009524
20.00 40.00 -0.0015406
25.00 40.00 -0.0015778
30.00 40.00 -0.000512
35.00 40.00 0.0003579
40.00 40.00 3.26e-05
45.00 40.00 -0.0006764
50.00 40.00 -0.0004053
55.00 40.00 0.0008043
60.00 40.00 0.0017977
65.00 40.00 0.002192
70.00 40.00 0.0028701
75.00 40.00 0.0044705
80.00 40.00 0.0062789
85.00 40.00 0.0070206
90.00 40.00 0.0062543
95.00 40.00 0.0047063
100.00 40.00 0.0035842
105.00 40.00 0.0036409
110.00 40.00 0.0045019
115.00 40.00 0.0049651
120.00 40.00 0.0045094
125.00 40.00 0.0043003
130.00 40.00 0.0057093
135.00 40.00 0.0078215
140.00 40.00 0.0078262
145.00 40.00 0.0045878
150.00 40.00 0.0005758
155.00 40.00 -0.0009336
160.00 40.00 0.0003145
165.00 40.00 0.0018895
170.00 40.00 0.0021758
175.00 40.00 0.0018414
180.00 40.00 0.0019302
-180.00 45.00 0.0010326
-175.00 45.00 0.0009778
-170.00 45.00 0.0017472
-165.00 45.00 0.0027498
-160.00 45.00 0.0035766
-155.00 45.00 0.004108
-150.00 45.00 0.0043804
-145.00 45.00 0.004372
-140.00 45.00 0.0038712
-135.00 45.00 0.0026758
-130.00 45.00 0.0009908
-125.00 45.00 -0.0005315
-120.00 45.00 -0.0012986
-115.00 45.00 -0.001251
-110.00 45.00 -0.0007311
-105.00 45.00 -5.9e-06
-100.00 45.00 0.000861
-95.00 45.00 0.0016734
-90.00 45.00 0.0019376
-85.00 45.00 0.001322
-80.00 45.00 0.0002384
-75.00 45.00 -0.000371
-70.00 45.00 -2.19e-05
-65.00 45.00 0.0007359
-60.00 45.00 0.0009896
-55.00 45.00 0.0005517
-50.00 45.00 9.4e-06
-45.00 45.00 -0.0002433
-40.00 45.00 -0.0004803
-35.00 45.00 -0.0009456
-30.00 45.00 -0.0012282
-25.00 45.00 -0.0009187
-20.00 45.00 -0.0006452
-15.00 45.00 -0.0016714
-10.00 45.00 -0.0041833
-5.00 45.00 -0.0065215
0.00 45.00 -0.0066941
5.00 45.00 -0.0045318
10.00 45.00 -0.0018429
15.00 45.00 -0.0003618
20.00 45.00 -3.14e-05
25.00 45.00 0.0003827
30.00 45.00 0.0013883
35.00 45.00 0.0021264
40.00 45.00 0.0016495
45.00 45.00 0.0002185
50.00 45.00 -0.0010387
55.00 45.00 -0.0013631
60.00 45.00 -0.0007413
65.00 45.00 0.0007391
70.00 45.00 0.003176
75.00 45.00 0.0061982
80.00 45.00 0.0084871
85.00 45.00 0.0085589
90.00 45.00 0.0062007
95.00 45.00 0.00296
100.00 45.00 0.0009935
105.00 45.00 0.0012536
110.00 45.00 0.0027347
115.00 45.00 0.0036174
120.00 45.00 0.0032356
125.00 45.00 0.0026951
130.00 45.00 0.0033035
135.00 45.00 0.0046968
140.00 45.00 0.0051703
145.00 45.00 0.0039246
150.00 45.00 0.0022365
155.00 45.00 0.0019027
160.00 45.00 0.0030159
165.00 45.00 0.0039804
170.00 45.00 0.003549
175.00 45.00 0.0021342
180.00 45.00 0.0010326
-180.00 50.00 0.0031521
-175.00 50.00 0.002711
-170.00 50.00 0.0031351
-165.00 50.00 0.0038007
-160.00 50.00 0.0040832
-155.00 50.00 0.0038297
-150.00 50.00 0.0033343
-145.00 50.00 0.0029446
-140.00 50.00 0.0027046
-135.00 50.00 0.0023616
-130.00 50.00 0.0016761
-125.00 50.00 0.0006819
-120.00 50.00 -0.0003282
-115.00 50.00 -0.0009773
-110.00 50.00 -0.0009421
-105.00 50.00 -6.5e-05
-100.00 50.00 0.0014713
-95.00 50.00 0.0030432
-90.00 50.00 0.0038453
-85.00 50.00 0.0034815
-80.00 50.00 0.0023657
-75.00 50.00 0.0014287
-70.00 50.00 0.001316
-65.00 50.00 0.0018746
-60.00 50.00 0.0024335
-55.00 50.00 0.0024858
-50.00 50.00 0.002001
-45.00 50.00 0.0011919
-40.00 50.00 0.0002482
-35.00 50.00 -0.0006237
-30.00 50.00 -0.0011628
-25.00 50.00 -0.0013388
-20.00 50.00 -0.0016012
-15.00 50.00 -0.0025099
-10.00 50.00 -0.0039632
-5.00 50.00 -0.0049996
0.00 50.00 -0.004638
5.00 50.00 -0.0029147
10.00 50.00 -0.0008915
15.00 50.00 0.0004172
20.00 50.00 0.0009465
25.00 50.00 0.0013034
30.00 50.00 0.0017643
35.00 50.00 0.0018373
40.00 50.00 0.0008706
45.00 50.00 -0.0011118
50.00 50.00 -0.0033083
55.00 50.00 -0.0047318
60.00 50.00 -0.0047542
65.00 50.00 -0.003241
70.00 50.00 -0.0005605
75.00 50.00 0.0023404
80.00 50.00 0.0041309
85.00 50.00 0.0038542
90.00 50.00 0.0017875
95.00 50.00 -0.0005115
100.00 50.00 -0.0012912
105.00 50.00 6e-07
110.00 50.00 0.0023049
115.00 50.00 0.0039604
120.00 50.00 0.0041682
125.00 50.00 0.0034643
130.00 50.00 0.002829
135.00 50.00 0.0025812
140.00 50.00 0.0023515
145.00 50.00 0.001985
150.00 50.00 0.0020232
155.00 50.00 0.0030376
160.00 50.00 0.004699
165.00 50.00 0.0058693
170.00 50.00 0.0056942
175.00 50.00 0.0044341
180.00 50.00 0.0031521
-180.00 55.00 0.0046569
-175.00 55.00 0.0046811
-170.00 55.00 0.0050177
-165.00 55.00 0.0052094
-160.00 55.00 0.0048412
-155.00 55.00 0.0039029
-150.00 55.00 0.0027886
-145.00 55.00 0.0019656
-140.00 55.00 0.0016116
-135.00 55.00 0.0015106
-130.00 55.00 0.0012568
-125.00 55.00 0.0005797
-120.00 55.00 -0.0004456
-115.00 55.00 -0.0014134
-110.00 55.00 -0.001805
-105.00 55.00 -0.0013023
-100.00 55.00 -3.74e-05
-95.00 55.00 0.001406
-90.00 55.00 0.0023113
-85.00 55.00 0.0022979
-80.00 55.00 0.0015815
-75.00 55.00 0.0007911
-70.00 55.00 0.000479
-65.00 55.00 0.0007396
-60.00 55.00 0.0012244
-55.00 55.00 0.0014633
-50.00 55.00 0.0011747
-45.00 55.00 0.0003681
-40.00 55.00 -0.0007162
-35.00 55.00 -0.0017266
-30.00 55.00 -0.0023603
-25.00 55.00 -0.0025333
-20.00 55.00 -0.0024222
-15.00 55.00 -0.0022716
-10.00 55.00 -0.0021215
-5.00 55.00 -0.0017713
0.00 55.00 -0.0010688
5.00 55.00 -0.000206
10.00 55.00 0.0003635
15.00 55.00 0.0003438
20.00 55.00 -0.0001079
25.00 55.00 -0.0005601
30.00 55.00 -0.0007691
35.00 55.00 -0.0009181
40.00 55.00 -0.0013859
45.00 55.00 -0.0023153
50.00 55.00 -0.0034121
55.00 55.00 -0.0041157
60.00 55.00 -0.0039412
65.00 55.00 -0.0027527
70.00 55.00 -0.0008748
75.00 55.00 0.0009818
80.00 55.00 0.0020263
85.00 55.00 0.0018638
90.00 55.00 0.0008432
95.00 55.00 -7.88e-05
100.00 55.00 1.78e-05
105.00 55.00 0.0013286
110.00 55.00 0.0031835
115.00 55.00 0.0045893
120.00 55.00 0.0049693
125.00 55.00 0.0044531
130.00 55.00 0.0035576
135.00 55.00 0.002705
140.00 55.00 0.0020797
145.00 55.00 0.0018197
150.00 55.00 0.0021232
155.00 55.00 0.0030438
160.00 55.00 0.0042504
165.00 55.00 0.0051516
170.00 55.00 0.0053585
175.00 55.00 0.0050182
180.00 55.00 0.0046569
-180.00 60.00 0.0023477
-175.00 60.00 0.0030873
-170.00 60.00 0.0039641
-165.00 60.00 0.0045646
-160.00 60.00 0.0045823
-155.00 60.00 0.0040139
-150.00 60.00 0.0031517
-145.00 60.00 0.0023813
-140.00 60.00 0.0019349
-135.00 60.00 0.0017714
-130.00 60.00 0.0016542
-125.00 60.00 0.0013507
-120.00 60.00 0.0008109
-115.00 60.00 0.0002082
-110.00 60.00 -0.0001781
-105.00 60.00 -0.0001627
-100.00 60.00 0.0001951
-95.00 60.00 0.0005987
-90.00 60.00 0.0006941
-85.00 60.00 0.0003076
-80.00 60.00 -0.0004267
-75.00 60.00 -0.0011505
-70.00 60.00 -0.0015163
-65.00 60.00 -0.0014031
-60.00 60.00 -0.0009697
-55.00 60.00 -0.000533
-50.00 60.00 -0.000376
-45.00 60.00 -0.0006042
-40.00 60.00 -0.0011106
-35.00 60.00 -0.0016432
-30.00 60.00 -0.0019346
-25.00 60.00 -0.0018279
-20.00 60.00 -0.0013334
-15.00 60.00 -0.0005906
-10.00 60.00 0.0002133
-5.00 60.00 0.0008925
0.00 60.00 0.0012617
5.00 60.00 0.0011487
10.00 60.00 0.0004803
15.00 60.00 -0.0006076
20.00 60.00 -0.0017594
25.00 60.00 -0.0025554
30.00 60.00 -0.0027421
35.00 60.00 -0.0023586
40.00 60.00 -0.0016619
45.00 60.00 -0.0009242
50.00 60.00 -0.0002612
55.00 60.00 0.0003969
60.00 60.00 0.0012016
65.00 60.00 0.0022334
70.00 60.00 0.0033964
75.00 60.00 0.0044228
80.00 60.00 0.005003
85.00 60.00 0.0049751
90.00 60.00 0.0044491
95.00 60.00 0.0037559
100.00 60.00 0.0032374
105.00 60.00 0.0030346
110.00 60.00 0.0030405
115.00 60.00 0.0030477
120.00 60.00 0.002944
125.00 60.00 0.002781
130.00 60.00 0.0026812
135.00 60.00 0.0027034
140.00 60.00 0.0028029
145.00 60.00 0.002895
150.00 60.00 0.002922
155.00 60.00 0.0028546
160.00 60.00 0.0026702
165.00 60.00 0.0023788
170.00 60.00 0.0020897
175.00 60.00 0.0020148
180.00 60.00 0.0023477
-180.00 65.00 -0.0003393
-175.00 65.00 0.0007427
-170.00 65.00 0.0020861
-165.00 65.00 0.0033237
-160.00 65.00 0.0041636
-155.00 65.00 0.0044983
-150.00 65.00 0.0044188
-145.00 65.00 0.0041321
-140.00 65.00 0.0038394
-135.00 65.00 0.0036468
-130.00 65.00 0.0035507
-125.00 65.00 0.0034884
-120.00 65.00 0.0034068
-115.00 65.00 0.0032975
-110.00 65.00 0.0031817
-105.00 65.00 0.0030617
-100.00 65.00 0.0028864
-95.00 65.00 0.0025647
-90.00 65.00 0.0020257
-85.00 65.00 0.0012882
-80.00 65.00 0.0004854
-75.00 65.00 -0.0001798
-70.00 65.00 -0.00053
-65.00 65.00 -0.000503
-60.00 65.00 -0.0001843
-55.00 65.00 0.0002356
-50.00 65.00 0.0005515
-45.00 65.00 0.0006331
-40.00 65.00 0.0004733
-35.00 65.00 0.0001772
-30.00 65.00 -9.66e-05
-25.00 65.00 -0.0002096
-20.00 65.00 -0.0001009
-15.00 65.00 0.0001919
-10.00 65.00 0.0005488
-5.00 65.00 0.0008085
0.00 65.00 0.0008208
5.00 65.00 0.0005053
10.00 65.00 -0.0001022
15.00 65.00 -0.0008371
20.00 65.00 -0.0014501
25.00 65.00 -0.001702
30.00 65.00 -0.0014651
35.00 65.00 -0.0007747
40.00 65.00 0.0001993
45.00 65.00 0.0012434
50.00 65.00 0.0021996
55.00 65.00 0.0030187
60.00 65.00 0.0037462
65.00 65.00 0.0044564
70.00 65.00 0.0051769
75.00 65.00 0.0058462
80.00 65.00 0.0063264
85.00 65.00 0.0064625
90.00 65.00 0.0061527
95.00 65.00 0.0053922
100.00 65.00 0.0042764
105.00 65.00 0.0029749
110.00 65.00 0.0016986
115.00 65.00 0.0006664
120.00 65.00 6.44e-05
125.00 65.00 -9.3e-06
130.00 65.00 0.0004056
135.00 65.00 0.0011198
140.00 65.00 0.0018444
145.00 65.00 0.0022886
150.00 65.00 0.0022616
155.00 65.00 0.0017377
160.00 65.00 0.0008664
165.00 65.00 -7.03e-05
170.00 65.00 -0.0007401
175.00 65.00 -0.0008679
180.00 65.00 -0.0003393
-180.00 70.00 0.0002627
-175.00 70.00 0.001375
-170.00 70.00 0.0026947
-165.00 70.00 0.0039859
-160.00 70.00 0.0050365
-155.00 70.00 0.0057174
-150.00 70.00 0.0060065
-145.00 70.00 0.0059735
-140.00 70.00 0.0057381
-135.00 70.00 0.0054231
-130.00 70.00 0.005122
-125.00 70.00 0.0048858
-120.00 70.00 0.0047268
-115.00 70.00 0.0046285
-110.00 70.00 0.0045554
-105.00 70.00 0.0044611
-100.00 70.00 0.0042991
-95.00 70.00 0.0040378
-90.00 70.00 0.0036764
-85.00 70.00 0.0032533
-80.00 70.00 0.0028392
-75.00 70.00 0.0025129
-70.00 70.00 0.0023293
-65.00 70.00 0.0022925
-60.00 70.00 0.002349
-55.00 70.00 0.0024036
-50.00 70.00 0.0023541
-45.00 70.00 0.0021281
-40.00 70.00 0.0017096
-35.00 70.00 0.0011444
-30.00 70.00 0.0005233
-25.00 70.00 -4.83e-05
-20.00 70.00 -0.0004832
-15.00 70.00 -0.0007357
-10.00 70.00 -0.0008081
-5.00 70.00 -0.0007411
0.00 70.00 -0.0005919
5.00 70.00 -0.0004095
10.00 70.00 -0.0002174
15.00 70.00 -9.6e-06
20.00 70.00 0.0002369
25.00 70.00 0.0005393
30.00 70.00 0.0008887
35.00 70.00 0.0012442
40.00 70.00 0.001548
45.00 70.00 0.0017546
50.00 70.00 0.001859
55.00 70.00 0.001908
60.00 70.00 0.0019854
65.00 70.00 0.0021761
70.00 70.00 0.0025233
75.00 70.00 0.0029993
80.00 70.00 0.0035025
85.00 70.00 0.003884
90.00 70.00 0.0039954
95.00 70.00 0.00374
100.00 70.00 0.0031105
105.00 70.00 0.0022002
110.00 70.00 0.0011835
115.00 70.00 0.000269
120.00 70.00 -0.0003602
125.00 70.00 -0.0006038
130.00 70.00 -0.0004771
135.00 70.00 -0.0001063
140.00 70.00 0.0003142
145.00 70.00 0.0005898
150.00 70.00 0.0005953
155.00 70.00 0.0003205
160.00 70.00 -0.0001232
165.00 70.00 -0.0005377
170.00 70.00 -0.0007041
175.00 70.00 -0.0004559
180.00 70.00 0.0002627
-180.00 75.00 0.0023816
-175.00 75.00 0.0032192
-170.00 75.00 0.0040926
-165.00 75.00 0.0048967
-160.00 75.00 0.0055344
-155.00 75.00 0.0059373
-150.00 75.00 0.0060786
-145.00 75.00 0.005975
-140.00 75.00 0.0056774
-135.00 75.00 0.0052572
-130.00 75.00 0.0047886
-125.00 75.00 0.0043357
-120.00 75.00 0.0039434
-115.00 75.00 0.0036348
-110.00 75.00 0.0034126
-105.00 75.00 0.0032653
-100.00 75.00 0.0031735
-95.00 75.00 0.0031175
-90.00 75.00 0.0030819
-85.00 75.00 0.0030576
-80.00 75.00 0.0030401
-75.00 75.00 0.0030243
-70.00 75.00 0.0029996
-65.00 75.00 0.0029461
-60.00 75.00 0.0028352
-55.00 75.00 0.0026362
-50.00 75.00 0.0023248
-45.00 75.00 0.0018938
-40.00 75.00 0.0013593
-35.00 75.00 0.0007623
-30.00 75.00 0.0001627
-25.00 75.00 -0.0003712
-20.00 75.00 -0.0007754
-15.00 75.00 -0.0010024
-10.00 75.00 -0.0010287
-5.00 75.00 -0.0008581
0.00 75.00 -0.000519
5.00 75.00 -5.88e-05
10.00 75.00 0.0004635
15.00 75.00 0.0009853
20.00 75.00 0.0014463
25.00 75.00 0.0017953
30.00 75.00 0.0019952
35.00 75.00 0.0020288
40.00 75.00 0.0019037
45.00 75.00 0.0016545
50.00 75.00 0.0013407
55.00 75.00 0.0010375
60.00 75.00 0.0008217
65.00 75.00 0.0007538
70.00 75.00 0.0008619
75.00 75.00 0.0011325
80.00 75.00 0.001511
85.00 75.00 0.001915
90.00 75.00 0.0022538
95.00 75.00 0.0024525
100.00 75.00 0.0024705
105.00 75.00 0.002311
110.00 75.00 0.0020168
115.00 75.00 0.001656
120.00 75.00 0.0013006
125.00 75.00 0.0010066
130.00 75.00 0.0008006
135.00 75.00 0.0006784
140.00 75.00 0.0006143
145.00 75.00 0.000579
150.00 75.00 0.0005569
155.00 75.00 0.0005582
160.00 75.00 0.0006202
165.00 75.00 0.0007961
170.00 75.00 0.0011368
175.00 75.00 0.0016692
180.00 75.00 0.0023816
-180.00 80.00 0.0032087
-175.00 80.00 0.003528
-170.00 80.00 0.0038246
-165.00 80.00 0.0040682
-160.00 80.00 0.0042329
-155.00 80.00 0.0043005
-150.00 80.00 0.0042639
-145.00 80.00 0.0041278
-140.00 80.00 0.003907
-135.00 80.00 0.0036243
-130.00 80.00 0.0033068
-125.00 80.00 0.0029826
-120.00 80.00 0.0026768
-115.00 80.00 0.0024091
-110.00 80.00 0.0021921
-105.00 80.00 0.0020317
-100.00 80.00 0.0019276
-95.00 80.00 0.0018738
-90.00 80.00 0.00186
-85.00 80.00 0.001873
-80.00 80.00 0.0018986
-75.00 80.00 0.0019217
-70.00 80.00 0.0019278
-65.00 80.00 0.0019041
-60.00 80.00 0.0018412
-55.00 80.00 0.0017348
-50.00 80.00 0.0015862
-45.00 80.00 0.0014034
-40.00 80.00 0.0012012
-35.00 80.00 0.0009996
-30.00 80.00 0.0008219
-25.00 80.00 0.0006914
-20.00 80.00 0.0006282
-15.00 80.00 0.0006462
-10.00 80.00 0.0007505
-5.00 80.00 0.0009362
0.00 80.00 0.0011891
5.00 80.00 0.0014864
10.00 80.00 0.0018004
15.00 80.00 0.0021012
20.00 80.00 0.0023613
25.00 80.00 0.0025588
30.00 80.00 0.0026807
35.00 80.00 0.0027242
40.00 80.00 0.002698
45.00 80.00 0.0026206
50.00 80.00 0.0025177
55.00 80.00 0.0024173
60.00 80.00 0.0023457
65.00 80.00 0.002323
70.00 80.00 0.0023595
75.00 80.00 0.0024534
80.00 80.00 0.0025915
85.00 80.00 0.0027525
90.00 80.00 0.0029108
95.00 80.00 0.0030416
100.00 80.00 0.0031245
105.00 80.00 0.0031476
110.00 80.00 0.0031087
115.00 80.00 0.0030144
120.00 80.00 0.0028778
125.00 80.00 0.0027157
130.00 80.00 0.0025465
135.00 80.00 0.0023879
140.00 80.00 0.0022557
145.00 80.00 0.0021637
150.00 80.00 0.0021237
155.00 80.00 0.0021452
160.00 80.00 0.0022346
165.00 80.00 0.0023939
170.00 80.00 0.0026185
175.00 80.00 0.0028967
180.00 80.00 0.0032087
-180.00 85.00 0.0031393
-175.00 85.00 0.0031273
-170.00 85.00 0.0031108
-165.00 85.00 0.003087
-160.00 85.00 0.0030526
-155.00 85.00 0.0030053
-150.00 85.00 0.0029441
-145.00 85.00 0.0028707
-140.00 85.00 0.0027878
-135.00 85.00 0.0026983
-130.00 85.00 0.0026047
-125.00 85.00 0.0025095
-120.00 85.00 0.0024162
-115.00 85.00 0.002329
-110.00 85.00 0.0022518
-105.00 85.00 0.002187
-100.00 85.00 0.0021349
-95.00 85.00 0.0020949
-90.00 85.00 0.0020665
-85.00 85.00 0.0020494
-80.00 85.00 0.0020433
-75.00 85.00 0.0020466
-70.00 85.00 0.0020565
-65.00 85.00 0.0020705
-60.00 85.00 0.0020874
-55.00 85.00 0.0021079
-50.00 85.00 0.0021329
-45.00 85.00 0.0021635
-40.00 85.00 0.0022
-35.00 85.00 0.0022427
-30.00 85.00 0.0022934
-25.00 85.00 0.0023543
-20.00 85.00 0.0024272
-15.00 85.00 0.0025122
-10.00 85.00 0.0026076
-5.00 85.00 0.0027109
0.00 85.00 0.0028197
5.00 85.00 0.0029317
10.00 85.00 0.0030446
15.00 85.00 0.0031548
20.00 85.00 0.0032584
25.00 85.00 0.0033518
30.00 85.00 0.0034333
35.00 85.00 0.0035031
40.00 85.00 0.0035619
45.00 85.00 0.0036108
50.00 85.00 0.0036505
55.00 85.00 0.0036818
60.00 85.00 0.0037065
65.00 85.00 0.0037268
70.00 85.00 0.0037445
75.00 85.00 0.0037599
80.00 85.00 0.0037717
85.00 85.00 0.0037781
90.00 85.00 0.0037777
95.00 85.00 0.0037697
100.00 85.00 0.0037537
105.00 85.00 0.003729
110.00 85.00 0.0036949
115.00 85.00 0.003651
120.00 85.00 0.0035985
125.00 85.00 0.0035401
130.00 85.00 0.0034793
135.00 85.00 0.0034191
140.00 85.00 0.0033616
145.00 85.00 0.0033084
150.00 85.00 0.0032614
155.00 85.00 0.0032224
160.00 85.00 0.0031928
165.00 85.00 0.0031724
170.00 85.00 0.0031589
175.00 85.00 0.0031489
180.00 85.00 0.0031393
-180.00 90.00 0.0032491
-175.00 90.00 0.0032491
-170.00 90.00 0.0032491
-165.00 90.00 0.0032491
-160.00 90.00 0.0032491
-155.00 90.00 0.0032491
-150.00 90.00 0.0032491
-145.00 90.00 0.0032491
-140.00 90.00 0.0032491
-135.00 90.00 0.0032491
-130.00 90.00 0.0032491
-125.00 90.00 0.0032491
-120.00 90.00 0.0032491
-115.00 90.00 0.0032491
-110.00 90.00 0.0032491
-105.00 90.00 0.0032491
-100.00 90.00 0.0032491
-95.00 90.00 0.0032491
-90.00 90.00 0.0032491
-85.00 90.00 0.0032491
-80.00 90.00 0.0032491
-75.00 90.00 0.0032491
-70.00 90.00 0.0032491
-65.00 90.00 0.0032491
-60.00 90.00 0.0032491
-55.00 90.00 0.0032491
-50.00 90.00 0.0032491
-45.00 90.00 0.0032491
-40.00 90.00 0.0032491
-35.00 90.00 0.0032491
-30.00 90.00 0.0032491
-25.00 90.00 0.0032491
-20.00 90.00 0.0032491
-15.00 90.00 0.0032491
-10.00 90.00 0.0032491
-5.00 90.00 0.0032491
0.00 90.00 0.0032491
5.00 90.00 0.0032491
10.00 90.00 0.0032491
15.00 90.00 0.0032491
20.00 90.00 0.0032491
25.00 90.00 0.0032491
30.00 90.00 0.0032491
35.00 90.00 0.0032491
40.00 90.00 0.0032491
45.00 90.00 0.0032491
50.00 90.00 0.0032491
55.00 90.00 0.0032491
60.00 90.00 0.0032491
65.00 90.00 0.0032491
70.00 90.00 0.0032491
75.00 90.00 0.0032491
80.00 90.00 0.0032491
85.00 90.00 0.0032491
90.00 90.00 0.0032491
95.00 90.00 0.0032491
100.00 90.00 0.0032491
105.00 90.00 0.0032491
110.00 90.00 0.0032491
115.00 90.00 0.0032491
120.00 90.00 0.0032491
125.00 90.00 0.0032491
130.00 90.00 0.0032491
135.00 90.00 0.0032491
140.00 90.00 0.0032491
145.00 90.00 0.0032491
150.00 90.00 0.0032491
155.00 90.00 0.0032491
160.00 90.00 0.0032491
165.00 90.00 0.0032491
170.00 90.00 0.0032491
175.00 90.00 0.0032491
180.00 90.00 0.0032491
