-180.00 -90.00 -0.0011544
-175.00 -90.00 -0.0011542
-170.00 -90.00 -0.001154
-165.00 -90.00 -0.0011539
-160.00 -90.00 -0.0011538
-155.00 -90.00 -0.0011537
-150.00 -90.00 -0.0011536
-145.00 -90.00 -0.0011536
-140.00 -90.00 -0.0011536
-135.00 -90.00 -0.0011536
-130.00 -90.00 -0.0011537
-125.00 -90.00 -0.0011538
-120.00 -90.00 -0.0011539
-115.00 -90.00 -0.001154
-110.00 -90.00 -0.0011542
-105.00 -90.00 -0.0011544
-100.00 -90.00 -0.0011546
-95.00 -90.00 -0.0011547
-90.00 -90.00 -0.0011549
-85.00 -90.00 -0.0011551
-80.00 -90.00 -0.0011553
-75.00 -90.00 -0.0011554
-70.00 -90.00 -0.0011555
-65.00 -90.00 -0.0011556
-60.00 -90.00 -0.0011557
-55.00 -90.00 -0.0011557
-50.00 -90.00 -0.0011557
-45.00 -90.00 -0.0011557
-40.00 -90.00 -0.0011556
-35.00 -90.00 -0.0011556
-30.00 -90.00 -0.0011554
-25.00 -90.00 -0.0011553
-20.00 -90.00 -0.0011551
-15.00 -90.00 -0.0011549
-10.00 -90.00 -0.0011547
-5.00 -90.00 -0.0011546
0.00 -90.00 -0.0011544
5.00 -90.00 -0.0011542
10.00 -90.00 -0.001154
15.00 -90.00 -0.0011539
20.00 -90.00 -0.0011537
25.00 -90.00 -0.0011537
30.00 -90.00 -0.0011536
35.00 -90.00 -0.0011536
40.00 -90.00 -0.0011536
45.00 -90.00 -0.0011536
50.00 -90.00 -0.0011536
55.00 -90.00 -0.0011537
60.00 -90.00 -0.0011539
65.00 -90.00 -0.001154
70.00 -90.00 -0.0011542
75.00 -90.00 -0.0011544
80.00 -90.00 -0.0011545
85.00 -90.00 -0.0011547
90.00 -90.00 -0.0011549
95.00 -90.00 -0.0011551
100.00 -90.00 -0.0011553
105.00 -90.00 -0.0011554
110.00 -90.00 -0.0011555
115.00 -90.00 -0.0011556
120.00 -90.00 -0.0011557
125.00 -90.00 -0.0011557
130.00 -90.00 -0.0011557
135.00 -90.00 -0.0011557
140.00 -90.00 -0.0011556
145.00 -90.00 -0.0011556
150.00 -90.00 -0.0011554
155.00 -90.00 -0.0011553
160.00 -90.00 -0.0011551
165.00 -90.00 -0.0011549
170.00 -90.00 -0.0011548
175.00 -90.00 -0.0011546
180.00 -90.00 -0.0011544
-180.00 -85.00 -0.004692
-175.00 -85.00 -0.0047062
-170.00 -85.00 -0.0047004
-165.00 -85.00 -0.0046771
-160.00 -85.00 -0.0046387
-155.00 -85.00 -0.0045871
-150.00 -85.00 -0.0045243
-145.00 -85.00 -0.0044523
-140.00 -85.00 -0.0043725
-135.00 -85.00 -0.0042859
-130.00 -85.00 -0.0041935
-125.00 -85.00 -0.004097
-120.00 -85.00 -0.0039981
-115.00 -85.00 -0.0038991
-110.00 -85.00 -0.0038017
-105.00 -85.00 -0.0037076
-100.00 -85.00 -0.0036184
-95.00 -85.00 -0.0035351
-90.00 -85.00 -0.0034584
-85.00 -85.00 -0.0033875
-80.00 -85.00 -0.0033205
-75.00 -85.00 -0.0032546
-70.00 -85.00 -0.003186
-65.00 -85.00 -0.0031105
-60.00 -85.00 -0.0030232
-55.00 -85.00 -0.0029192
-50.00 -85.00 -0.0027938
-45.00 -85.00 -0.0026426
-40.00 -85.00 -0.0024624
-35.00 -85.00 -0.0022507
-30.00 -85.00 -0.0020068
-25.00 -85.00 -0.0017311
-20.00 -85.00 -0.0014259
-15.00 -85.00 -0.0010946
-10.00 -85.00 -0.0007419
-5.00 -85.00 -0.000374
0.00 -85.00 1.8e-06
5.00 -85.00 0.0003769
10.00 -85.00 0.0007428
15.00 -85.00 0.0010906
20.00 -85.00 0.0014118
25.00 -85.00 0.0016977
30.00 -85.00 0.0019404
35.00 -85.00 0.0021325
40.00 -85.00 0.0022688
45.00 -85.00 0.002345
50.00 -85.00 0.0023585
55.00 -85.00 0.0023075
60.00 -85.00 0.0021923
65.00 -85.00 0.0020148
70.00 -85.00 0.001779
75.00 -85.00 0.0014901
80.00 -85.00 0.0011545
85.00 -85.00 0.0007794
90.00 -85.00 0.0003732
95.00 -85.00 -5.46e-05
100.00 -85.00 -0.0004946
105.00 -85.00 -0.0009378
110.00 -85.00 -0.0013762
115.00 -85.00 -0.0018025
120.00 -85.00 -0.0022098
125.00 -85.00 -0.0025926
130.00 -85.00 -0.0029466
135.00 -85.00 -0.0032695
140.00 -85.00 -0.0035595
145.00 -85.00 -0.0038156
150.00 -85.00 -0.004037
155.00 -85.00 -0.0042239
160.00 -85.00 -0.0043775
165.00 -85.00 -0.0044993
170.00 -85.00 -0.004591
175.00 -85.00 -0.0046545
180.00 -85.00 -0.004692
-180.00 -80.00 -0.0070049
-175.00 -80.00 -0.0071471
-170.00 -80.00 -0.0072406
-165.00 -80.00 -0.0072927
-160.00 -80.00 -0.0073299
-155.00 -80.00 -0.0073728
-150.00 -80.00 -0.007412
-145.00 -80.00 -0.0074249
-140.00 -80.00 -0.0074022
-135.00 -80.00 -0.0073388
-130.00 -80.00 -0.0072126
-125.00 -80.00 -0.0069981
-120.00 -80.00 -0.006697
-115.00 -80.00 -0.0063373
-110.00 -80.00 -0.0059428
-105.00 -80.00 -0.0055288
-100.00 -80.00 -0.0051254
-95.00 -80.00 -0.004779
-90.00 -80.00 -0.0045207
-85.00 -80.00 -0.0043518
-80.00 -80.00 -0.0042682
-75.00 -80.00 -0.0042755
-70.00 -80.00 -0.0043686
-65.00 -80.00 -0.004515
-60.00 -80.00 -0.0046765
-55.00 -80.00 -0.0048346
-50.00 -80.00 -0.0049779
-45.00 -80.00 -0.0050781
-40.00 -80.00 -0.0051016
-35.00 -80.00 -0.0050367
-30.00 -80.00 -0.0048881
-25.00 -80.00 -0.0046485
-20.00 -80.00 -0.0043
-15.00 -80.00 -0.0038434
-10.00 -80.00 -0.0033015
-5.00 -80.00 -0.0026917
0.00 -80.00 -0.0020167
5.00 -80.00 -0.0012894
10.00 -80.00 -0.0005443
15.00 -80.00 0.0001875
20.00 -80.00 0.0008972
25.00 -80.00 0.0015781
30.00 -80.00 0.0022048
35.00 -80.00 0.0027506
40.00 -80.00 0.0032109
45.00 -80.00 0.00359
50.00 -80.00 0.0038745
55.00 -80.00 0.0040413
60.00 -80.00 0.0040855
65.00 -80.00 0.0040175
70.00 -80.00 0.003835
75.00 -80.00 0.0035234
80.00 -80.00 0.0030855
85.00 -80.00 0.002549
90.00 -80.00 0.0019395
95.00 -80.00 0.0012687
100.00 -80.00 0.0005573
105.00 -80.00 -0.0001531
110.00 -80.00 -0.0008267
115.00 -80.00 -0.0014564
120.00 -80.00 -0.0020468
125.00 -80.00 -0.0025918
130.00 -80.00 -0.0030875
135.00 -80.00 -0.0035542
140.00 -80.00 -0.0040204
145.00 -80.00 -0.0044916
150.00 -80.00 -0.0049529
155.00 -80.00 -0.0053972
160.00 -80.00 -0.0058254
165.00 -80.00 -0.0062222
170.00 -80.00 -0.0065563
175.00 -80.00 -0.0068129
180.00 -80.00 -0.0070049
-180.00 -75.00 -0.0076086
-175.00 -75.00 -0.0079488
-170.00 -75.00 -0.0081354
-165.00 -75.00 -0.0082679
-160.00 -75.00 -0.0084368
-155.00 -75.00 -0.008701
-150.00 -75.00 -0.0090712
-145.00 -75.00 -0.0095047
-140.00 -75.00 -0.0099164
-135.00 -75.00 -0.0101978
-130.00 -75.00 -0.010242
-125.00 -75.00 -0.0099701
-120.00 -75.00 -0.0093542
-115.00 -75.00 -0.0084259
-110.00 -75.00 -0.0072695
-105.00 -75.00 -0.0060041
-100.00 -75.00 -0.0047574
-95.00 -75.00 -0.003641
-90.00 -75.00 -0.0027337
-85.00 -75.00 -0.0020768
-80.00 -75.00 -0.0016774
-75.00 -75.00 -0.0015152
-70.00 -75.00 -0.001553
-65.00 -75.00 -0.0017449
-60.00 -75.00 -0.0020432
-55.00 -75.00 -0.0024037
-50.00 -75.00 -0.0027908
-45.00 -75.00 -0.003177
-40.00 -75.00 -0.0035389
-35.00 -75.00 -0.0038525
-30.00 -75.00 -0.0040911
-25.00 -75.00 -0.0042254
-20.00 -75.00 -0.0042307
-15.00 -75.00 -0.0040985
-10.00 -75.00 -0.0038437
-5.00 -75.00 -0.0035026
0.00 -75.00 -0.0031241
5.00 -75.00 -0.0027556
10.00 -75.00 -0.0024264
15.00 -75.00 -0.0021392
20.00 -75.00 -0.001874
25.00 -75.00 -0.0015998
30.00 -75.00 -0.0012846
35.00 -75.00 -0.0009056
40.00 -75.00 -0.0004543
45.00 -75.00 6.67e-05
50.00 -75.00 0.0006497
55.00 -75.00 0.0012826
60.00 -75.00 0.0019444
65.00 -75.00 0.0026031
70.00 -75.00 0.0032139
75.00 -75.00 0.0037188
80.00 -75.00 0.0040575
85.00 -75.00 0.0041853
90.00 -75.00 0.004089
95.00 -75.00 0.0037929
100.00 -75.00 0.0033583
105.00 -75.00 0.0028706
110.00 -75.00 0.0024141
115.00 -75.00 0.0020458
120.00 -75.00 0.0017789
125.00 -75.00 0.0015776
130.00 -75.00 0.0013632
135.00 -75.00 0.001036
140.00 -75.00 0.0005066
145.00 -75.00 -0.0002766
150.00 -75.00 -0.0013116
155.00 -75.00 -0.0025369
160.00 -75.00 -0.0038431
165.00 -75.00 -0.0051001
170.00 -75.00 -0.0061902
175.00 -75.00 -0.0070343
180.00 -75.00 -0.0076086
-180.00 -70.00 -0.0086551
-175.00 -70.00 -0.0085978
-170.00 -70.00 -0.0082426
-165.00 -70.00 -0.0078328
-160.00 -70.00 -0.007573
-155.00 -70.00 -0.0075898
-150.00 -70.00 -0.0079206
-145.00 -70.00 -0.0085177
-140.00 -70.00 -0.009257
-135.00 -70.00 -0.0099513
-130.00 -70.00 -0.0103809
-125.00 -70.00 -0.0103491
-120.00 -70.00 -0.0097493
-115.00 -70.00 -0.0086127
-110.00 -70.00 -0.007104
-105.00 -70.00 -0.0054598
-100.00 -70.00 -0.003899
-95.00 -70.00 -0.0025521
-90.00 -70.00 -0.0014445
-85.00 -70.00 -0.000533
-80.00 -70.00 0.0002358
-75.00 -70.00 0.0008845
-70.00 -70.00 0.0014
-65.00 -70.00 0.0017556
-60.00 -70.00 0.001934
-55.00 -70.00 0.0019331
-50.00 -70.00 0.0017551
-45.00 -70.00 0.0013968
-40.00 -70.00 0.0008591
-35.00 -70.00 0.000173
-30.00 -70.00 -0.0005747
-25.00 -70.00 -0.0012447
-20.00 -70.00 -0.0016897
-15.00 -70.00 -0.0018257
-10.00 -70.00 -0.001691
-5.00 -70.00 -0.0014535
0.00 -70.00 -0.0013491
5.00 -70.00 -0.0015773
10.00 -70.00 -0.0022061
15.00 -70.00 -0.0031369
20.00 -70.00 -0.0041488
25.00 -70.00 -0.0049948
30.00 -70.00 -0.0054986
35.00 -70.00 -0.0056044
40.00 -70.00 -0.0053631
45.00 -70.00 -0.0048719
50.00 -70.00 -0.0042083
55.00 -70.00 -0.0033927
60.00 -70.00 -0.002397
65.00 -70.00 -0.001191
70.00 -70.00 0.0002035
75.00 -70.00 0.0016822
80.00 -70.00 0.0030705
85.00 -70.00 0.0041782
90.00 -70.00 0.0048688
95.00 -70.00 0.0051127
100.00 -70.00 0.0049984
105.00 -70.00 0.0046984
110.00 -70.00 0.0044059
115.00 -70.00 0.0042669
120.00 -70.00 0.0043311
125.00 -70.00 0.0045321
130.00 -70.00 0.0047031
135.00 -70.00 0.0046225
140.00 -70.00 0.0040805
145.00 -70.00 0.0029487
150.00 -70.00 0.0012316
155.00 -70.00 -0.0009183
160.00 -70.00 -0.0032308
165.00 -70.00 -0.005386
170.00 -70.00 -0.0070991
175.00 -70.00 -0.0081963
180.00 -70.00 -0.0086551
-180.00 -65.00 -0.0100457
-175.00 -65.00 -0.0091293
-170.00 -65.00 -0.0080424
-165.00 -65.00 -0.0070854
-160.00 -65.00 -0.006378
-155.00 -65.00 -0.0058766
-150.00 -65.00 -0.0055035
-145.00 -65.00 -0.0052736
-140.00 -65.00 -0.0052968
-135.00 -65.00 -0.0056425
-130.00 -65.00 -0.0061894
-125.00 -65.00 -0.006619
-120.00 -65.00 -0.0065951
-115.00 -65.00 -0.006008
-110.00 -65.00 -0.0050804
-105.00 -65.00 -0.0042301
-100.00 -65.00 -0.0037782
-95.00 -65.00 -0.0037175
-90.00 -65.00 -0.0037137
-85.00 -65.00 -0.0033344
-80.00 -65.00 -0.0023331
-75.00 -65.00 -0.0007899
-70.00 -65.00 0.0009648
-65.00 -65.00 0.0025571
-60.00 -65.00 0.0037428
-55.00 -65.00 0.0044432
-50.00 -65.00 0.0046588
-45.00 -65.00 0.0043683
-40.00 -65.00 0.0035146
-35.00 -65.00 0.0020988
-30.00 -65.00 0.0003068
-25.00 -65.00 -0.0014498
-20.00 -65.00 -0.0026555
-15.00 -65.00 -0.0029444
-10.00 -65.00 -0.0023433
-5.00 -65.00 -0.0013341
0.00 -65.00 -0.0006531
5.00 -65.00 -0.0009143
10.00 -65.00 -0.0022697
15.00 -65.00 -0.0043168
20.00 -65.00 -0.0063074
25.00 -65.00 -0.0075291
30.00 -65.00 -0.0076363
35.00 -65.00 -0.0067619
40.00 -65.00 -0.0053879
45.00 -65.00 -0.0040764
50.00 -65.00 -0.00321
55.00 -65.00 -0.0028516
60.00 -65.00 -0.0027669
65.00 -65.00 -0.0025844
70.00 -65.00 -0.0020088
75.00 -65.00 -0.0009797
80.00 -65.00 0.000309
85.00 -65.00 0.0015347
90.00 -65.00 0.0024306
95.00 -65.00 0.0029115
100.00 -65.00 0.0030699
105.00 -65.00 0.0030749
110.00 -65.00 0.0030626
115.00 -65.00 0.0030886
120.00 -65.00 0.0031399
125.00 -65.00 0.0031575
130.00 -65.00 0.0030372
135.00 -65.00 0.0026249
140.00 -65.00 0.0017461
145.00 -65.00 0.0002803
150.00 -65.00 -0.0017545
155.00 -65.00 -0.0041611
160.00 -65.00 -0.0065927
165.00 -65.00 -0.0086449
170.00 -65.00 -0.0099768
175.00 -65.00 -0.010421
180.00 -65.00 -0.0100457
-180.00 -60.00 -0.0094578
-175.00 -60.00 -0.0079044
-170.00 -60.00 -0.0067358
-165.00 -60.00 -0.0063759
-160.00 -60.00 -0.0066569
-155.00 -60.00 -0.0068554
-150.00 -60.00 -0.006227
-145.00 -60.00 -0.0046528
-140.00 -60.00 -0.0028228
-135.00 -60.00 -0.0017251
-130.00 -60.00 -0.0018377
-125.00 -60.00 -0.0027289
-120.00 -60.00 -0.003436
-115.00 -60.00 -0.0033069
-110.00 -60.00 -0.0025675
-105.00 -60.00 -0.0021172
-100.00 -60.00 -0.0027251
-95.00 -60.00 -0.0043134
-90.00 -60.00 -0.0059237
-85.00 -60.00 -0.0063754
-80.00 -60.00 -0.0050679
-75.00 -60.00 -0.0023188
-70.00 -60.00 0.0009393
-65.00 -60.00 0.0037728
-60.00 -60.00 0.0056887
-55.00 -60.00 0.0066596
-50.00 -60.00 0.0068484
-45.00 -60.00 0.0063165
-40.00 -60.00 0.0049397
-35.00 -60.00 0.0025748
-30.00 -60.00 -0.000642
-25.00 -60.00 -0.004091
-20.00 -60.00 -0.0067785
-15.00 -60.00 -0.0078111
-10.00 -60.00 -0.0069935
-5.00 -60.00 -0.0051109
0.00 -60.00 -0.0035846
5.00 -60.00 -0.0036269
10.00 -60.00 -0.005452
15.00 -60.00 -0.0081113
20.00 -60.00 -0.0100728
25.00 -60.00 -0.010122
30.00 -60.00 -0.0079818
35.00 -60.00 -0.0043386
40.00 -60.00 -0.0004077
45.00 -60.00 0.0026212
50.00 -60.00 0.0040023
55.00 -60.00 0.0036397
60.00 -60.00 0.0020661
65.00 -60.00 0.0001801
70.00 -60.00 -0.0011968
75.00 -60.00 -0.0017221
80.00 -60.00 -0.0016174
85.00 -60.00 -0.0013586
90.00 -60.00 -0.0012164
95.00 -60.00 -0.0010424
100.00 -60.00 -0.0004822
105.00 -60.00 0.0006015
110.00 -60.00 0.001907
115.00 -60.00 0.0028776
120.00 -60.00 0.0030993
125.00 -60.00 0.0025356
130.00 -60.00 0.0014236
135.00 -60.00 -3.8e-06
140.00 -60.00 -0.0016762
145.00 -60.00 -0.0036128
150.00 -60.00 -0.0057533
155.00 -60.00 -0.0078845
160.00 -60.00 -0.0097022
165.00 -60.00 -0.0109103
170.00 -60.00 -0.011286
175.00 -60.00 -0.0107462
180.00 -60.00 -0.0094578
-180.00 -55.00 -0.006941
-175.00 -55.00 -0.0050633
-170.00 -55.00 -0.0037932
-165.00 -55.00 -0.0043155
-160.00 -55.00 -0.0067033
-155.00 -55.00 -0.0094163
-150.00 -55.00 -0.0102778
-145.00 -55.00 -0.0082771
-140.00 -55.00 -0.0045592
-135.00 -55.00 -0.001568
-130.00 -55.00 -0.0010259
-125.00 -55.00 -0.002558
-120.00 -55.00 -0.0041785
-115.00 -55.00 -0.0041382
-110.00 -55.00 -0.0024379
-105.00 -55.00 -0.0007
-100.00 -55.00 -0.0006115
-95.00 -55.00 -0.0023779
-90.00 -55.00 -0.0045241
-85.00 -55.00 -0.0051148
-80.00 -55.00 -0.0032417
-75.00 -55.00 0.0004636
-70.00 -55.00 0.0045158
-65.00 -55.00 0.0076477
-60.00 -55.00 0.0093668
-55.00 -55.00 0.0098165
-50.00 -55.00 0.0093628
-45.00 -55.00 0.0082932
-40.00 -55.00 0.0066762
-35.00 -55.00 0.0043513
-30.00 -55.00 0.0011348
-25.00 -55.00 -0.0027575
-20.00 -55.00 -0.0064219
-15.00 -55.00 -0.0085868
-10.00 -55.00 -0.0085341
-5.00 -55.00 -0.0068953
0.00 -55.00 -0.0054499
5.00 -55.00 -0.005854
10.00 -55.00 -0.0082948
15.00 -55.00 -0.0112708
20.00 -55.00 -0.0127088
25.00 -55.00 -0.0114135
30.00 -55.00 -0.0076606
35.00 -55.00 -0.0027022
40.00 -55.00 0.0020765
45.00 -55.00 0.0056088
50.00 -55.00 0.0072087
55.00 -55.00 0.0066772
60.00 -55.00 0.0045495
65.00 -55.00 0.0020563
70.00 -55.00 0.000465
75.00 -55.00 0.0001751
80.00 -55.00 0.0004295
85.00 -55.00 7.84e-05
90.00 -55.00 -0.0012136
95.00 -55.00 -0.002493
100.00 -55.00 -0.002333
105.00 -55.00 -0.0002075
110.00 -55.00 0.0029242
115.00 -55.00 0.0053915
120.00 -55.00 0.0061493
125.00 -55.00 0.0053771
130.00 -55.00 0.0039134
135.00 -55.00 0.0023043
140.00 -55.00 0.000484
145.00 -55.00 -0.0017592
150.00 -55.00 -0.0042465
155.00 -55.00 -0.0064451
160.00 -55.00 -0.0079414
165.00 -55.00 -0.008708
170.00 -55.00 -0.0088629
175.00 -55.00 -0.008324
180.00 -55.00 -0.006941
-180.00 -50.00 -0.0047504
-175.00 -50.00 -0.0034711
-170.00 -50.00 -0.0014989
-165.00 -50.00 -0.0012297
-160.00 -50.00 -0.0041832
-155.00 -50.00 -0.0090017
-150.00 -50.00 -0.0121695
-145.00 -50.00 -0.0110878
-140.00 -50.00 -0.0065446
-135.00 -50.00 -0.0020812
-130.00 -50.00 -0.0008566
-125.00 -50.00 -0.0030328
-120.00 -50.00 -0.0060048
-115.00 -50.00 -0.0069671
-110.00 -50.00 -0.0053054
-105.00 -50.00 -0.002782
-100.00 -50.00 -0.0016219
-95.00 -50.00 -0.0023886
-90.00 -50.00 -0.0035696
-85.00 -50.00 -0.0031159
-80.00 -50.00 -0.0003198
-75.00 -50.00 0.0037773
-70.00 -50.00 0.0075545
-65.00 -50.00 0.0100502
-60.00 -50.00 0.0110919
-55.00 -50.00 0.0107559
-50.00 -50.00 0.0092251
-45.00 -50.00 0.0071042
-40.00 -50.00 0.0053254
-35.00 -50.00 0.0043653
-30.00 -50.00 0.0036748
-25.00 -50.00 0.0022228
-20.00 -50.00 -0.000252
-15.00 -50.00 -0.0026933
-10.00 -50.00 -0.0036889
-5.00 -50.00 -0.003071
0.00 -50.00 -0.0023633
5.00 -50.00 -0.0033533
10.00 -50.00 -0.0061853
15.00 -50.00 -0.0090923
20.00 -50.00 -0.0101206
25.00 -50.00 -0.0089112
30.00 -50.00 -0.0066261
35.00 -50.00 -0.0044113
40.00 -50.00 -0.0024282
45.00 -50.00 -0.0004606
50.00 -50.00 0.0010618
55.00 -50.00 0.0012343
60.00 -50.00 -4.14e-05
65.00 -50.00 -0.0013464
70.00 -50.00 -0.000794
75.00 -50.00 0.0019905
80.00 -50.00 0.0050692
85.00 -50.00 0.0057331
90.00 -50.00 0.0031453
95.00 -50.00 -0.0005663
100.00 -50.00 -0.0021052
105.00 -50.00 -6.05e-05
110.00 -50.00 0.0038841
115.00 -50.00 0.0068032
120.00 -50.00 0.0073717
125.00 -50.00 0.0066657
130.00 -50.00 0.0063568
135.00 -50.00 0.006636
140.00 -50.00 0.0062102
145.00 -50.00 0.0040942
150.00 -50.00 0.0009333
155.00 -50.00 -0.0016315
160.00 -50.00 -0.0026962
165.00 -50.00 -0.0028989
170.00 -50.00 -0.0034259
175.00 -50.00 -0.0044259
180.00 -50.00 -0.0047504
-180.00 -45.00 -0.0027478
-175.00 -45.00 -0.0041935
-170.00 -45.00 -0.0026239
-165.00 -45.00 -0.0005076
-160.00 -45.00 -0.0010859
-155.00 -45.00 -0.0047843
-150.00 -45.00 -0.0085265
-145.00 -45.00 -0.0088122
-140.00 -45.00 -0.0052503
-135.00 -45.00 -0.000837
-130.00 -45.00 0.0010077
-125.00 -45.00 -0.0006596
-120.00 -45.00 -0.0040808
-115.00 -45.00 -0.0067722
-110.00 -45.00 -0.0075264
-105.00 -45.00 -0.006947
-100.00 -45.00 -0.0064174
-95.00 -45.00 -0.0064791
-90.00 -45.00 -0.0061649
-85.00 -45.00 -0.0041245
-80.00 -45.00 -0.0003374
-75.00 -45.00 0.0037379
-70.00 -45.00 0.0067482
-65.00 -45.00 0.0085223
-60.00 -45.00 0.0092794
-55.00 -45.00 0.0085676
-50.00 -45.00 0.005901
-45.00 -45.00 0.0022137
-40.00 -45.00 -0.000292
-35.00 -45.00 -0.0001563
-30.00 -45.00 0.0018244
-25.00 -45.00 0.0033783
-20.00 -45.00 0.0029841
-15.00 -45.00 0.0012413
-10.00 -45.00 3.4e-05
-5.00 -45.00 0.0003387
0.00 -45.00 0.0010656
5.00 -45.00 0.0004209
10.00 -45.00 -0.0017292
15.00 -45.00 -0.003588
20.00 -45.00 -0.003802
25.00 -45.00 -0.0033153
30.00 -45.00 -0.0040451
35.00 -45.00 -0.0061261
40.00 -45.00 -0.007558
45.00 -45.00 -0.006801
50.00 -45.00 -0.0048602
55.00 -45.00 -0.0041239
60.00 -45.00 -0.0053836
65.00 -45.00 -0.0065977
70.00 -45.00 -0.0048703
75.00 -45.00 0.0003422
80.00 -45.00 0.0060649
85.00 -45.00 0.0081332
90.00 -45.00 0.0051416
95.00 -45.00 0.0001283
100.00 -45.00 -0.0021414
105.00 -45.00 0.000147
110.00 -45.00 0.0042381
115.00 -45.00 0.0061418
120.00 -45.00 0.0050787
125.00 -45.00 0.0038701
130.00 -45.00 0.0050913
135.00 -45.00 0.0078502
140.00 -45.00 0.0089312
145.00 -45.00 0.0066198
150.00 -45.00 0.0026584
155.00 -45.00 0.0003527
160.00 -45.00 0.0011389
165.00 -45.00 0.0032205
170.00 -45.00 0.0035132
175.00 -45.00 0.000856
180.00 -45.00 -0.0027478
-180.00 -40.00 0.00104
-175.00 -40.00 -0.0034916
-170.00 -40.00 -0.0046029
-165.00 -40.00 -0.0026526
-160.00 -40.00 -0.0006063
-155.00 -40.00 -0.0008452
-150.00 -40.00 -0.0028627
-145.00 -40.00 -0.004285
-140.00 -40.00 -0.0036724
-135.00 -40.00 -0.0017097
-130.00 -40.00 7.4e-06
-125.00 -40.00 0.0004021
-120.00 -40.00 -0.000849
-115.00 -40.00 -0.0034105
-110.00 -40.00 -0.0061722
-105.00 -40.00 -0.007842
-100.00 -40.00 -0.0080993
-95.00 -40.00 -0.0075248
-90.00 -40.00 -0.0062332
-85.00 -40.00 -0.003623
-80.00 -40.00 0.0001382
-75.00 -40.00 0.0036208
-70.00 -40.00 0.0058507
-65.00 -40.00 0.0073196
-60.00 -40.00 0.0083517
-55.00 -40.00 0.0077353
-50.00 -40.00 0.0044395
-45.00 -40.00 -0.0001176
-40.00 -40.00 -0.0030816
-35.00 -40.00 -0.0032042
-30.00 -40.00 -0.00177
-25.00 -40.00 -0.0007658
-20.00 -40.00 -0.0010481
-15.00 -40.00 -0.0020261
-10.00 -40.00 -0.0023798
-5.00 -40.00 -0.001378
0.00 -40.00 8.7e-05
5.00 -40.00 0.0004461
10.00 -40.00 -0.0002138
15.00 -40.00 5.1e-06
20.00 -40.00 0.0017936
25.00 -40.00 0.0028845
30.00 -40.00 0.0009104
35.00 -40.00 -0.002914
40.00 -40.00 -0.0049323
45.00 -40.00 -0.003715
50.00 -40.00 -0.001803
55.00 -40.00 -0.0023573
60.00 -40.00 -0.0053644
65.00 -40.00 -0.0078487
70.00 -40.00 -0.0070985
75.00 -40.00 -0.0031955
80.00 -40.00 0.0010386
85.00 -40.00 0.0022902
90.00 -40.00 -0.0002474
95.00 -40.00 -0.0035982
100.00 -40.00 -0.0035509
105.00 -40.00 0.0007219
110.00 -40.00 0.0053356
115.00 -40.00 0.0060495
120.00 -40.00 0.0033418
125.00 -40.00 0.0016605
130.00 -40.00 0.0037335
135.00 -40.00 0.0072746
140.00 -40.00 0.0079887
145.00 -40.00 0.0046639
150.00 -40.00 0.0003223
155.00 -40.00 -0.0011029
160.00 -40.00 0.0015493
165.00 -40.00 0.0058966
170.00 -40.00 0.00814
175.00 -40.00 0.0061171
180.00 -40.00 0.0010401
-180.00 -35.00 0.0054758
-175.00 -35.00 0.0019723
-170.00 -35.00 -0.0016621
-165.00 -35.00 -0.003064
-160.00 -35.00 -0.0020156
-155.00 -35.00 -0.0006622
-150.00 -35.00 -0.0010468
-145.00 -35.00 -0.0031075
-140.00 -35.00 -0.0053193
-135.00 -35.00 -0.0063228
-130.00 -35.00 -0.0055332
-125.00 -35.00 -0.0033852
-120.00 -35.00 -0.0016107
-115.00 -35.00 -0.0019453
-110.00 -35.00 -0.0037855
-105.00 -35.00 -0.0045222
-100.00 -35.00 -0.0029452
-95.00 -35.00 -0.0006338
-90.00 -35.00 0.0008814
-85.00 -35.00 0.0022459
-80.00 -35.00 0.0043265
-75.00 -35.00 0.0063672
-70.00 -35.00 0.0077281
-65.00 -35.00 0.0092247
-60.00 -35.00 0.0108458
-55.00 -35.00 0.0104646
-50.00 -35.00 0.0071081
-45.00 -35.00 0.0033166
-40.00 -35.00 0.0017173
-35.00 -35.00 0.0012615
-30.00 -35.00 -0.0004858
-25.00 -35.00 -0.0032059
-20.00 -35.00 -0.0047409
-15.00 -35.00 -0.0045444
-10.00 -35.00 -0.0036222
-5.00 -35.00 -0.0024729
0.00 -35.00 -0.0013471
5.00 -35.00 -0.0009499
10.00 -35.00 -0.0008034
15.00 -35.00 0.0011732
20.00 -35.00 0.0052279
25.00 -35.00 0.0080228
30.00 -35.00 0.0069178
35.00 -35.00 0.0040752
40.00 -35.00 0.0033031
45.00 -35.00 0.0043045
50.00 -35.00 0.0034367
55.00 -35.00 -0.0004257
60.00 -35.00 -0.004147
65.00 -35.00 -0.0048715
70.00 -35.00 -0.0035596
75.00 -35.00 -0.0029462
80.00 -35.00 -0.0040377
85.00 -35.00 -0.0059301
90.00 -35.00 -0.0074244
95.00 -35.00 -0.0072595
100.00 -35.00 -0.0041947
105.00 -35.00 0.0010844
110.00 -35.00 0.0051234
115.00 -35.00 0.0051392
120.00 -35.00 0.0029142
125.00 -35.00 0.0028467
130.00 -35.00 0.0060748
135.00 -35.00 0.008974
140.00 -35.00 0.0080614
145.00 -35.00 0.0041753
150.00 -35.00 0.0007829
155.00 -35.00 -5.8e-05
160.00 -35.00 0.001256
165.00 -35.00 0.0035274
170.00 -35.00 0.0057557
175.00 -35.00 0.0067869
180.00 -35.00 0.0054758
-180.00 -30.00 0.00734
-175.00 -30.00 0.0089839
-170.00 -30.00 0.0055521
-165.00 -30.00 0.0001079
-160.00 -30.00 -0.003146
-155.00 -30.00 -0.0038281
-150.00 -30.00 -0.0045237
-145.00 -30.00 -0.0063658
-140.00 -30.00 -0.0080901
-135.00 -30.00 -0.0085883
-130.00 -30.00 -0.0078811
-125.00 -30.00 -0.0062817
-120.00 -30.00 -0.0046132
-115.00 -30.00 -0.0040631
-110.00 -30.00 -0.0040217
-105.00 -30.00 -0.0019112
-100.00 -30.00 0.0028813
-95.00 -30.00 0.0072211
-90.00 -30.00 0.0085227
-85.00 -30.00 0.0081541
-80.00 -30.00 0.0083144
-75.00 -30.00 0.0087421
-70.00 -30.00 0.0090664
-65.00 -30.00 0.0106502
-60.00 -30.00 0.0130398
-55.00 -30.00 0.0127116
-50.00 -30.00 0.0088864
-45.00 -30.00 0.0061349
-40.00 -30.00 0.0071736
-35.00 -30.00 0.0078626
-30.00 -30.00 0.0041307
-25.00 -30.00 -0.0008708
-20.00 -30.00 -0.0019149
-15.00 -30.00 0.0002688
-10.00 -30.00 0.0015653
-5.00 -30.00 0.0012476
0.00 -30.00 0.0009962
5.00 -30.00 0.0007556
10.00 -30.00 0.0003936
15.00 -30.00 0.0020214
20.00 -30.00 0.0062425
25.00 -30.00 0.0095349
30.00 -30.00 0.0093577
35.00 -30.00 0.0081889
40.00 -30.00 0.008466
45.00 -30.00 0.007393
50.00 -30.00 0.0017243
55.00 -30.00 -0.0051209
60.00 -30.00 -0.0062904
65.00 -30.00 -0.0010803
70.00 -30.00 0.0035438
75.00 -30.00 0.0017992
80.00 -30.00 -0.0042224
85.00 -30.00 -0.0083707
90.00 -30.00 -0.0080079
95.00 -30.00 -0.0051617
100.00 -30.00 -0.0022142
105.00 -30.00 5.78e-05
110.00 -30.00 0.0010513
115.00 -30.00 0.0006613
120.00 -30.00 0.0010382
125.00 -30.00 0.0045642
130.00 -30.00 0.0096984
135.00 -30.00 0.0120698
140.00 -30.00 0.0102354
145.00 -30.00 0.0072842
150.00 -30.00 0.006016
155.00 -30.00 0.0054456
160.00 -30.00 0.0033699
165.00 -30.00 0.0003542
170.00 -30.00 -0.000497
175.00 -30.00 0.0026114
180.00 -30.00 0.0073399
-180.00 -25.00 0.0067082
-175.00 -25.00 0.0115336
-170.00 -25.00 0.0097953
-165.00 -25.00 0.0026197
-160.00 -25.00 -0.0037722
-155.00 -25.00 -0.0067224
-150.00 -25.00 -0.0085157
-145.00 -25.00 -0.0099089
-140.00 -25.00 -0.008739
-135.00 -25.00 -0.0052434
-130.00 -25.00 -0.0029079
-125.00 -25.00 -0.0033603
-120.00 -25.00 -0.0049149
-115.00 -25.00 -0.0058852
-110.00 -25.00 -0.0053691
-105.00 -25.00 -0.0020636
-100.00 -25.00 0.0036469
-95.00 -25.00 0.0081827
-90.00 -25.00 0.0090762
-85.00 -25.00 0.0083768
-80.00 -25.00 0.0085226
-75.00 -25.00 0.0085849
-70.00 -25.00 0.0080665
-65.00 -25.00 0.009328
-60.00 -25.00 0.0120206
-55.00 -25.00 0.0111636
-50.00 -25.00 0.0057879
-45.00 -25.00 0.0026577
-40.00 -25.00 0.0055455
-35.00 -25.00 0.0083059
-30.00 -25.00 0.0053725
-25.00 -25.00 0.001249
-20.00 -25.00 0.0019144
-15.00 -25.00 0.0045737
-10.00 -25.00 0.00409
-5.00 -25.00 0.0023036
0.00 -25.00 0.0029572
5.00 -25.00 0.0041465
10.00 -25.00 0.0031322
15.00 -25.00 0.0022588
20.00 -25.00 0.0038377
25.00 -25.00 0.0054517
30.00 -25.00 0.0054149
35.00 -25.00 0.0061942
40.00 -25.00 0.0078747
45.00 -25.00 0.0052923
50.00 -25.00 -0.0031939
55.00 -25.00 -0.0101
60.00 -25.00 -0.0076375
65.00 -25.00 0.0015269
70.00 -25.00 0.0072839
75.00 -25.00 0.0043022
80.00 -25.00 -0.0026512
85.00 -25.00 -0.0057475
90.00 -25.00 -0.0033347
95.00 -25.00 -7.07e-05
100.00 -25.00 0.0002512
105.00 -25.00 -0.0015669
110.00 -25.00 -0.0031138
115.00 -25.00 -0.003035
120.00 -25.00 -0.0002921
125.00 -25.00 0.0052295
130.00 -25.00 0.0106623
135.00 -25.00 0.0123589
140.00 -25.00 0.0106021
145.00 -25.00 0.0089165
150.00 -25.00 0.0089158
155.00 -25.00 0.0088613
160.00 -25.00 0.0068325
165.00 -25.00 0.0030611
170.00 -25.00 4.01e-05
175.00 -25.00 0.0011342
180.00 -25.00 0.0067081
-180.00 -20.00 0.0057301
-175.00 -20.00 0.0090906
-170.00 -20.00 0.0087007
-165.00 -20.00 0.0024569
-160.00 -20.00 -0.0033708
-155.00 -20.00 -0.0053781
-150.00 -20.00 -0.0070084
-145.00 -20.00 -0.0092315
-140.00 -20.00 -0.0077237
-135.00 -20.00 -0.0019995
-130.00 -20.00 0.001925
-125.00 -20.00 0.0005729
-120.00 -20.00 -0.0028152
-115.00 -20.00 -0.0045185
-110.00 -20.00 -0.0041565
-105.00 -20.00 -0.001965
-100.00 -20.00 0.0017107
-95.00 -20.00 0.0045544
-90.00 -20.00 0.0049998
-85.00 -20.00 0.0052618
-80.00 -20.00 0.0072604
-75.00 -20.00 0.0088285
-70.00 -20.00 0.0084582
-65.00 -20.00 0.0087917
-60.00 -20.00 0.0103044
-55.00 -20.00 0.0081438
-50.00 -20.00 0.0013741
-45.00 -20.00 -0.0024494
-40.00 -20.00 0.0009713
-35.00 -20.00 0.004955
-30.00 -20.00 0.0033914
-25.00 -20.00 0.0003927
-20.00 -20.00 0.0005237
-15.00 -20.00 7.63e-05
-10.00 -20.00 -0.0034522
-5.00 -20.00 -0.0042188
0.00 -20.00 0.0010901
5.00 -20.00 0.005928
10.00 -20.00 0.0049194
15.00 -20.00 0.0017851
20.00 -20.00 0.0005758
25.00 -20.00 -0.0002316
30.00 -20.00 -0.0007979
35.00 -20.00 0.0017658
40.00 -20.00 0.0051199
45.00 -20.00 0.0026795
50.00 -20.00 -0.0047868
55.00 -20.00 -0.008499
60.00 -20.00 -0.0043586
65.00 -20.00 0.0019828
70.00 -20.00 0.0038363
75.00 -20.00 0.0009406
80.00 -20.00 -0.0024278
85.00 -20.00 -0.002787
90.00 -20.00 -0.0004931
95.00 -20.00 0.001228
100.00 -20.00 0.0004681
105.00 -20.00 -0.0011577
110.00 -20.00 -0.0013652
115.00 -20.00 0.0001617
120.00 -20.00 0.0029929
125.00 -20.00 0.0066
130.00 -20.00 0.0091782
135.00 -20.00 0.0092093
140.00 -20.00 0.0078557
145.00 -20.00 0.0068387
150.00 -20.00 0.0060941
155.00 -20.00 0.0061468
160.00 -20.00 0.0085064
165.00 -20.00 0.0111587
170.00 -20.00 0.009809
175.00 -20.00 0.0059259
180.00 -20.00 0.0057301
-180.00 -15.00 0.0035442
-175.00 -15.00 0.0058949
-170.00 -15.00 0.0075752
-165.00 -15.00 0.0031897
-160.00 -15.00 -0.0008532
-155.00 -15.00 -0.0002286
-150.00 -15.00 -0.0003731
-145.00 -15.00 -0.0043453
-140.00 -15.00 -0.0063347
-135.00 -15.00 -0.00279
-130.00 -15.00 0.0012339
-125.00 -15.00 0.0012572
-120.00 -15.00 -0.000467
-115.00 -15.00 -0.0010157
-110.00 -15.00 -0.0010354
-105.00 -15.00 -0.0009763
-100.00 -15.00 0.0002008
-95.00 -15.00 0.0017355
-90.00 -15.00 0.0021596
-85.00 -15.00 0.003077
-80.00 -15.00 0.0065174
-75.00 -15.00 0.0103327
-70.00 -15.00 0.0115114
-65.00 -15.00 0.0110444
-60.00 -15.00 0.0102086
-55.00 -15.00 0.006758
-50.00 -15.00 0.0007737
-45.00 -15.00 -0.0018777
-40.00 -15.00 0.0014032
-35.00 -15.00 0.0045651
-30.00 -15.00 0.0029323
-25.00 -15.00 -0.000111
-20.00 -15.00 -0.0021416
-15.00 -15.00 -0.0062604
-10.00 -15.00 -0.0110128
-5.00 -15.00 -0.008741
0.00 -15.00 0.0003932
5.00 -15.00 0.0062992
10.00 -15.00 0.0049826
15.00 -15.00 0.0025828
20.00 -15.00 0.0017168
25.00 -15.00 -0.0009221
30.00 -15.00 -0.0034681
35.00 -15.00 -0.0011389
40.00 -15.00 0.0021737
45.00 -15.00 -0.0003511
50.00 -15.00 -0.0049891
55.00 -15.00 -0.0039928
60.00 -15.00 0.000109
65.00 -15.00 4.51e-05
70.00 -15.00 -0.0029118
75.00 -15.00 -0.0029613
80.00 -15.00 -0.0005839
85.00 -15.00 0.0001236
90.00 -15.00 -0.0008658
95.00 -15.00 -0.0009903
100.00 -15.00 0.000494
105.00 -15.00 0.0029382
110.00 -15.00 0.0055033
115.00 -15.00 0.0072777
120.00 -15.00 0.0082796
125.00 -15.00 0.008907
130.00 -15.00 0.008349
135.00 -15.00 0.0065748
140.00 -15.00 0.0057538
145.00 -15.00 0.0060307
150.00 -15.00 0.0047946
155.00 -15.00 0.0038181
160.00 -15.00 0.0086337
165.00 -15.00 0.0166008
170.00 -15.00 0.0171668
175.00 -15.00 0.0090238
180.00 -15.00 0.0035442
-180.00 -10.00 -0.0015297
-175.00 -10.00 0.0033993
-170.00 -10.00 0.0082764
-165.00 -10.00 0.0054966
-160.00 -10.00 0.0019779
-155.00 -10.00 0.003702
-150.00 -10.00 0.0048655
-145.00 -10.00 0.0004365
-140.00 -10.00 -0.00431
-135.00 -10.00 -0.0037091
-130.00 -10.00 -0.0002528
-125.00 -10.00 0.0017294
-120.00 -10.00 0.0022147
-115.00 -10.00 0.0020478
-110.00 -10.00 0.0004987
-105.00 -10.00 -0.0015363
-100.00 -10.00 -0.0015463
-95.00 -10.00 0.0002488
-90.00 -10.00 0.0013683
-85.00 -10.00 0.0020647
-80.00 -10.00 0.0049729
-75.00 -10.00 0.0097334
-70.00 -10.00 0.0127531
-65.00 -10.00 0.0123113
-60.00 -10.00 0.009684
-55.00 -10.00 0.006213
-50.00 -10.00 0.0033525
-45.00 -10.00 0.0032603
-40.00 -10.00 0.005251
-35.00 -10.00 0.0053544
-30.00 -10.00 0.0027102
-25.00 -10.00 0.0006084
-20.00 -10.00 -0.0008951
-15.00 -10.00 -0.0045815
-10.00 -10.00 -0.0072501
-5.00 -10.00 -0.0031034
0.00 -10.00 0.003932
5.00 -10.00 0.0051851
10.00 -10.00 0.002781
15.00 -10.00 0.0044295
20.00 -10.00 0.0070033
25.00 -10.00 0.0030133
30.00 -10.00 -0.0029454
35.00 -10.00 -0.0026613
40.00 -10.00 -0.0005355
45.00 -10.00 -0.0033449
50.00 -10.00 -0.0052433
55.00 -10.00 -0.0004045
60.00 -10.00 0.0030215
65.00 -10.00 -0.0019295
70.00 -10.00 -0.0066513
75.00 -10.00 -0.0025451
80.00 -10.00 0.0037221
85.00 -10.00 0.0031018
90.00 -10.00 -0.0010639
95.00 -10.00 -0.0009106
100.00 -10.00 0.0040819
105.00 -10.00 0.0093043
110.00 -10.00 0.0115729
115.00 -10.00 0.0110031
120.00 -10.00 0.0102429
125.00 -10.00 0.0108303
130.00 -10.00 0.0103643
135.00 -10.00 0.0075343
140.00 -10.00 0.0063125
145.00 -10.00 0.0085946
150.00 -10.00 0.0095591
155.00 -10.00 0.0077829
160.00 -10.00 0.0094668
165.00 -10.00 0.0146889
170.00 -10.00 0.0134225
175.00 -10.00 0.0038364
180.00 -10.00 -0.0015297
-180.00 -5.00 -0.0065569
-175.00 -5.00 -0.0004966
-170.00 -5.00 0.005572
-165.00 -5.00 0.0046651
-160.00 -5.00 0.0025467
-155.00 -5.00 0.0044962
-150.00 -5.00 0.0058523
-145.00 -5.00 0.0023241
-140.00 -5.00 -0.0020132
-135.00 -5.00 -0.0023009
-130.00 -5.00 0.0002193
-125.00 -5.00 0.0021996
-120.00 -5.00 0.0026938
-115.00 -5.00 0.0018422
-110.00 -5.00 -0.0002914
-105.00 -5.00 -0.0023589
-100.00 -5.00 -0.0023391
-95.00 -5.00 -0.0003842
-90.00 -5.00 0.0011932
-85.00 -5.00 0.0016069
-80.00 -5.00 0.0030494
-75.00 -5.00 0.0068659
-70.00 -5.00 0.01041
-65.00 -5.00 0.0102369
-60.00 -5.00 0.0069714
-55.00 -5.00 0.0044783
-50.00 -5.00 0.0050062
-45.00 -5.00 0.00677
-40.00 -5.00 0.0061205
-35.00 -5.00 0.0021451
-30.00 -5.00 -0.0013819
-25.00 -5.00 -0.0009942
-20.00 -5.00 0.0009724
-15.00 -5.00 0.0009847
-10.00 -5.00 0.0014608
-5.00 -5.00 0.0050038
0.00 -5.00 0.0062996
5.00 -5.00 0.0014566
10.00 -5.00 -0.0013446
15.00 -5.00 0.004847
20.00 -5.00 0.0107464
25.00 -5.00 0.0058867
30.00 -5.00 -0.0025009
35.00 -5.00 -0.0033789
40.00 -5.00 -0.0009647
45.00 -5.00 -0.0022201
50.00 -5.00 -0.0016545
55.00 -5.00 0.0042666
60.00 -5.00 0.0057704
65.00 -5.00 -0.0015745
70.00 -5.00 -0.0060277
75.00 -5.00 -0.0005089
80.00 -5.00 0.00518
85.00 -5.00 0.0031565
90.00 -5.00 -5.1e-06
95.00 -5.00 0.0030001
100.00 -5.00 0.0094694
105.00 -5.00 0.0137558
110.00 -5.00 0.0139128
115.00 -5.00 0.0113262
120.00 -5.00 0.0100926
125.00 -5.00 0.0126021
130.00 -5.00 0.0142455
135.00 -5.00 0.0105486
140.00 -5.00 0.0067249
145.00 -5.00 0.0090589
150.00 -5.00 0.0129621
155.00 -5.00 0.0119603
160.00 -5.00 0.0093691
165.00 -5.00 0.0087743
170.00 -5.00 0.0050591
175.00 -5.00 -0.0032214
180.00 -5.00 -0.0065569
-180.00 0.00 -0.0068303
-175.00 0.00 -0.0049434
-170.00 0.00 -0.0016254
-165.00 0.00 -0.0001201
-160.00 0.00 0.0022039
-155.00 0.00 0.0059455
-150.00 0.00 0.0067121
-145.00 0.00 0.0030964
-140.00 0.00 -0.0007011
-135.00 0.00 -0.0016894
-130.00 0.00 -0.0013394
-125.00 0.00 -0.0017174
-120.00 0.00 -0.002596
-115.00 0.00 -0.0026037
-110.00 0.00 -0.0013158
-105.00 0.00 0.0001563
-100.00 0.00 0.000727
-95.00 0.00 0.0008425
-90.00 0.00 0.0012619
-85.00 0.00 0.0017928
-80.00 0.00 0.0028905
-75.00 0.00 0.0057713
-70.00 0.00 0.0089214
-65.00 0.00 0.0084244
-60.00 0.00 0.0042129
-55.00 0.00 0.0015924
-50.00 0.00 0.0037007
-45.00 0.00 0.0064475
-40.00 0.00 0.00419
-35.00 0.00 -0.0021286
-30.00 0.00 -0.0060121
-25.00 0.00 -0.0041106
-20.00 0.00 -5.3e-05
-15.00 0.00 0.0022691
-10.00 0.00 0.004283
-5.00 0.00 0.0068168
0.00 0.00 0.0052273
5.00 0.00 -0.0012341
10.00 0.00 -0.0032062
15.00 0.00 0.0043422
20.00 0.00 0.0108612
25.00 0.00 0.0065082
30.00 0.00 -0.0014991
35.00 0.00 -0.002608
40.00 0.00 0.000318
45.00 0.00 0.0014852
50.00 0.00 0.0039296
55.00 0.00 0.0083488
60.00 0.00 0.0071161
65.00 0.00 -0.000325
70.00 0.00 -0.0037121
75.00 0.00 -0.0002054
80.00 0.00 0.001868
85.00 0.00 0.000303
90.00 0.00 0.0017001
95.00 0.00 0.0070315
100.00 0.00 0.0109955
105.00 0.00 0.0126299
110.00 0.00 0.0137036
115.00 0.00 0.0132213
120.00 0.00 0.012269
125.00 0.00 0.0142997
130.00 0.00 0.0162081
135.00 0.00 0.0119936
140.00 0.00 0.0056484
145.00 0.00 0.0056156
150.00 0.00 0.009409
155.00 0.00 0.0089433
160.00 0.00 0.0052697
165.00 0.00 0.0035659
170.00 0.00 0.001689
175.00 0.00 -0.0033318
180.00 0.00 -0.0068303
-180.00 5.00 -0.0027924
-175.00 5.00 -0.0053692
-170.00 5.00 -0.0057828
-165.00 5.00 -0.0033913
-160.00 5.00 0.0025135
-155.00 5.00 0.0082687
-150.00 5.00 0.008551
-145.00 5.00 0.0038309
-140.00 5.00 -0.0007989
-135.00 5.00 -0.0029567
-130.00 5.00 -0.0044555
-125.00 5.00 -0.0069088
-120.00 5.00 -0.008877
-115.00 5.00 -0.007229
-110.00 5.00 -0.0013666
-105.00 5.00 0.0044395
-100.00 5.00 0.0055867
-95.00 5.00 0.0031409
-90.00 5.00 0.0014656
-85.00 5.00 0.0019574
-80.00 5.00 0.0037652
-75.00 5.00 0.0071136
-70.00 5.00 0.0105329
-65.00 5.00 0.009421
-60.00 5.00 0.0030731
-55.00 5.00 -0.0018126
-50.00 5.00 -0.0001437
-45.00 5.00 0.0038739
-40.00 5.00 0.0032308
-35.00 5.00 -0.001743
-30.00 5.00 -0.0048178
-25.00 5.00 -0.0030823
-20.00 5.00 0.0002854
-15.00 5.00 0.0023435
-10.00 5.00 0.0043462
-5.00 5.00 0.0068508
0.00 5.00 0.0063128
5.00 5.00 0.0018923
10.00 5.00 4.02e-05
15.00 5.00 0.0048502
20.00 5.00 0.009794
25.00 5.00 0.0075543
30.00 5.00 0.0013566
35.00 5.00 -0.0018686
40.00 5.00 -0.0015826
45.00 5.00 0.0003707
50.00 5.00 0.0042163
55.00 5.00 0.0071691
60.00 5.00 0.0047305
65.00 5.00 -0.0002405
70.00 5.00 -0.001334
75.00 5.00 -0.0001066
80.00 5.00 -0.0011279
85.00 5.00 -0.000949
90.00 5.00 0.0042913
95.00 5.00 0.008719
100.00 5.00 0.0075743
105.00 5.00 0.0072007
110.00 5.00 0.012386
115.00 5.00 0.0168849
120.00 5.00 0.0160371
125.00 5.00 0.0142935
130.00 5.00 0.0137957
135.00 5.00 0.0107419
140.00 5.00 0.006194
145.00 5.00 0.0053605
150.00 5.00 0.0063523
155.00 5.00 0.0037718
160.00 5.00 6.06e-05
165.00 5.00 0.0005043
170.00 5.00 0.0025872
175.00 5.00 0.0011043
180.00 5.00 -0.0027924
-180.00 10.00 0.0005935
-175.00 10.00 -0.0009726
-170.00 10.00 -0.002614
-165.00 10.00 -0.0029707
-160.00 10.00 0.0003995
-155.00 10.00 0.0050921
-150.00 10.00 0.0056853
-145.00 10.00 0.0016215
-140.00 10.00 -0.0024886
-135.00 10.00 -0.0037448
-130.00 10.00 -0.0038668
-125.00 10.00 -0.0055439
-120.00 10.00 -0.0080226
-115.00 10.00 -0.0072249
-110.00 10.00 -0.0012702
-105.00 10.00 0.0054887
-100.00 10.00 0.0074395
-95.00 10.00 0.0051047
-90.00 10.00 0.0029741
-85.00 10.00 0.002701
-80.00 10.00 0.003821
-75.00 10.00 0.0070602
-70.00 10.00 0.0107928
-65.00 10.00 0.0093242
-60.00 10.00 0.0012355
-55.00 10.00 -0.0058854
-50.00 10.00 -0.0052309
-45.00 10.00 -7.2e-05
-40.00 10.00 0.0022653
-35.00 10.00 0.0008308
-30.00 10.00 0.0001166
-25.00 10.00 0.0022127
-20.00 10.00 0.0049474
-15.00 10.00 0.006578
-10.00 10.00 0.0080998
-5.00 10.00 0.0099526
0.00 10.00 0.0097787
5.00 10.00 0.006338
10.00 10.00 0.00319
15.00 10.00 0.0043088
20.00 10.00 0.0077288
25.00 10.00 0.0079147
30.00 10.00 0.0030162
35.00 10.00 -0.003638
40.00 10.00 -0.0072547
45.00 10.00 -0.0050379
50.00 10.00 0.0008818
55.00 10.00 0.0041914
60.00 10.00 0.0021662
65.00 10.00 -0.000304
70.00 10.00 0.0005372
75.00 10.00 0.0011232
80.00 10.00 -0.0004058
85.00 10.00 0.0012403
90.00 10.00 0.0070413
95.00 10.00 0.0088196
100.00 10.00 0.0042942
105.00 10.00 0.0033293
110.00 10.00 0.0108758
115.00 10.00 0.0179956
120.00 10.00 0.0171353
125.00 10.00 0.0123931
130.00 10.00 0.0094914
135.00 10.00 0.0085862
140.00 10.00 0.0093178
145.00 10.00 0.0112755
150.00 10.00 0.010256
155.00 10.00 0.0041694
160.00 10.00 -0.0011836
165.00 10.00 -0.0006554
170.00 10.00 0.0022107
175.00 10.00 0.0023525
180.00 10.00 0.0005935
-180.00 15.00 0.0002477
-175.00 15.00 0.0025575
-170.00 15.00 0.0017671
-165.00 15.00 -0.0028055
-160.00 15.00 -0.0056023
-155.00 15.00 -0.0041189
-150.00 15.00 -0.0024738
-145.00 15.00 -0.0037805
-140.00 15.00 -0.0054223
-135.00 15.00 -0.0040093
-130.00 15.00 -0.0008626
-125.00 15.00 -0.0001214
-120.00 15.00 -0.0027247
-115.00 15.00 -0.0046549
-110.00 15.00 -0.002297
-105.00 15.00 0.0026186
-100.00 15.00 0.0060428
-95.00 15.00 0.0070831
-90.00 15.00 0.0068985
-85.00 15.00 0.0054369
-80.00 15.00 0.0035167
-75.00 15.00 0.0039645
-70.00 15.00 0.0061173
-65.00 15.00 0.0043439
-60.00 15.00 -0.0031225
-55.00 15.00 -0.0095838
-50.00 15.00 -0.0090184
-45.00 15.00 -0.0041856
-40.00 15.00 -0.0009772
-35.00 15.00 2.02e-05
-30.00 15.00 0.0018414
-25.00 15.00 0.0051912
-20.00 15.00 0.0082264
-15.00 15.00 0.0098889
-10.00 15.00 0.0105037
-5.00 15.00 0.010015
0.00 15.00 0.0076119
5.00 15.00 0.0035194
10.00 15.00 0.0002135
15.00 15.00 0.0004022
20.00 15.00 0.0034183
25.00 15.00 0.0049184
30.00 15.00 0.0013266
35.00 15.00 -0.0055539
40.00 15.00 -0.0092939
45.00 15.00 -0.0055348
50.00 15.00 0.0021385
55.00 15.00 0.0057627
60.00 15.00 0.0031464
65.00 15.00 -7.8e-06
70.00 15.00 0.0004171
75.00 15.00 0.0019652
80.00 15.00 0.0027075
85.00 15.00 0.0050231
90.00 15.00 0.0085572
95.00 15.00 0.0085104
100.00 15.00 0.0049996
105.00 15.00 0.0047628
110.00 15.00 0.0099862
115.00 15.00 0.0146146
120.00 15.00 0.0141564
125.00 15.00 0.0106862
130.00 15.00 0.0076683
135.00 15.00 0.0072994
140.00 15.00 0.0109006
145.00 15.00 0.0153743
150.00 15.00 0.0139166
155.00 15.00 0.0059202
160.00 15.00 -0.0006455
165.00 15.00 -0.001203
170.00 15.00 -6.87e-05
175.00 15.00 -0.0005016
180.00 15.00 0.0002477
-180.00 20.00 -0.0022117
-175.00 20.00 0.0009431
-170.00 20.00 0.0010194
-165.00 20.00 -0.0043613
-160.00 20.00 -0.0093679
-155.00 20.00 -0.0092683
-150.00 20.00 -0.0069714
-145.00 20.00 -0.0066602
-140.00 20.00 -0.006964
-135.00 20.00 -0.0044654
-130.00 20.00 -0.0002266
-125.00 20.00 0.0012851
-120.00 20.00 -0.0013425
-115.00 20.00 -0.0043995
-110.00 20.00 -0.0039609
-105.00 20.00 -0.0001782
-100.00 20.00 0.0044958
-95.00 20.00 0.0083723
-90.00 20.00 0.0099378
-85.00 20.00 0.0077046
-80.00 20.00 0.0031982
-75.00 20.00 0.0004186
-70.00 20.00 -9.19e-05
-65.00 20.00 -0.0022529
-60.00 20.00 -0.0072315
-55.00 20.00 -0.0105355
-50.00 20.00 -0.0090554
-45.00 20.00 -0.0056251
-40.00 20.00 -0.0036757
-35.00 20.00 -0.0023602
-30.00 20.00 0.0002306
-25.00 20.00 0.0033263
-20.00 20.00 0.0053639
-15.00 20.00 0.0062123
-10.00 20.00 0.0058143
-5.00 20.00 0.0033915
0.00 20.00 -0.0006655
5.00 20.00 -0.0040877
10.00 20.00 -0.0048695
15.00 20.00 -0.0030827
20.00 20.00 -0.0004439
25.00 20.00 0.0009685
30.00 20.00 -5.67e-05
35.00 20.00 -0.0024367
40.00 20.00 -0.0027635
45.00 20.00 0.0012584
50.00 20.00 0.006896
55.00 20.00 0.0083801
60.00 20.00 0.0040319
65.00 20.00 -0.0011629
70.00 20.00 -0.0017093
75.00 20.00 0.0023078
80.00 20.00 0.0069164
85.00 20.00 0.0091939
90.00 20.00 0.0088786
95.00 20.00 0.0075892
100.00 20.00 0.0074644
105.00 20.00 0.0087695
110.00 20.00 0.0095574
115.00 20.00 0.0092337
120.00 20.00 0.0095525
125.00 20.00 0.0103379
130.00 20.00 0.0091835
135.00 20.00 0.0073604
140.00 20.00 0.0090428
145.00 20.00 0.0124027
150.00 20.00 0.0102438
155.00 20.00 0.0022362
160.00 20.00 -0.0033164
165.00 20.00 -0.002747
170.00 20.00 -0.0015086
175.00 20.00 -0.0026739
180.00 20.00 -0.0022117
-180.00 25.00 -0.0033315
-175.00 25.00 -0.0026741
-170.00 25.00 -0.0022534
-165.00 25.00 -0.0041626
-160.00 25.00 -0.0057672
-155.00 25.00 -0.0048658
-150.00 25.00 -0.0038057
-145.00 25.00 -0.0048099
-140.00 25.00 -0.0055896
-135.00 25.00 -0.003293
-130.00 25.00 0.0002075
-125.00 25.00 0.0006813
-120.00 25.00 -0.0022683
-115.00 25.00 -0.0046568
-110.00 25.00 -0.0034171
-105.00 25.00 0.0005768
-100.00 25.00 0.0049042
-95.00 25.00 0.008063
-90.00 25.00 0.0088541
-85.00 25.00 0.0064181
-80.00 25.00 0.0021896
-75.00 25.00 -0.0009815
-70.00 25.00 -0.0027012
-65.00 25.00 -0.0050114
-60.00 25.00 -0.0078947
-55.00 25.00 -0.0086139
-50.00 25.00 -0.0064238
-45.00 25.00 -0.0039235
-40.00 25.00 -0.0027007
-35.00 25.00 -0.0015523
-30.00 25.00 9.07e-05
-25.00 25.00 0.0008732
-20.00 25.00 0.0004841
-15.00 25.00 0.000242
-10.00 25.00 3.31e-05
-5.00 25.00 -0.0017868
0.00 25.00 -0.00471
5.00 25.00 -0.0057226
10.00 25.00 -0.0037114
15.00 25.00 -0.0012317
20.00 25.00 -0.0005079
25.00 25.00 -0.0002596
30.00 25.00 0.0017098
35.00 25.00 0.0048541
40.00 25.00 0.0070137
45.00 25.00 0.0076777
50.00 25.00 0.0075752
55.00 25.00 0.0060341
60.00 25.00 0.0019329
65.00 25.00 -0.0025785
70.00 25.00 -0.0026199
75.00 25.00 0.0033626
80.00 25.00 0.0102225
85.00 25.00 0.0115046
90.00 25.00 0.0075467
95.00 25.00 0.0050221
100.00 25.00 0.0075692
105.00 25.00 0.0107258
110.00 25.00 0.0093507
115.00 25.00 0.0062187
120.00 25.00 0.0073072
125.00 25.00 0.0112871
130.00 25.00 0.0117111
135.00 25.00 0.0083758
140.00 25.00 0.0071317
145.00 25.00 0.0082782
150.00 25.00 0.0054966
155.00 25.00 -0.0019697
160.00 25.00 -0.0065013
165.00 25.00 -0.0043962
170.00 25.00 -0.001277
175.00 25.00 -0.0018552
180.00 25.00 -0.0033315
-180.00 30.00 -0.0023128
-175.00 30.00 -0.0036352
-170.00 30.00 -0.0032165
-165.00 30.00 -0.0017446
-160.00 30.00 5.18e-05
-155.00 30.00 0.000783
-150.00 30.00 -0.0011828
-145.00 30.00 -0.0045823
-140.00 30.00 -0.0052399
-135.00 30.00 -0.0013789
-130.00 30.00 0.0032539
-125.00 30.00 0.0039123
-120.00 30.00 0.0009442
-115.00 30.00 -0.0010369
-110.00 30.00 0.0008555
-105.00 30.00 0.0050515
-100.00 30.00 0.008423
-95.00 30.00 0.0094177
-90.00 30.00 0.0080306
-85.00 30.00 0.0049817
-80.00 30.00 0.0017185
-75.00 30.00 -0.0005052
-70.00 30.00 -0.0021095
-65.00 30.00 -0.0042138
-60.00 30.00 -0.0062129
-55.00 30.00 -0.0063231
-50.00 30.00 -0.0044576
-45.00 30.00 -0.0023111
-40.00 30.00 -0.0007265
-35.00 30.00 0.0006177
-30.00 30.00 0.001226
-25.00 30.00 0.0002792
-20.00 30.00 -0.0010722
-15.00 30.00 -0.0008259
-10.00 30.00 0.0005211
-5.00 30.00 0.0007615
0.00 30.00 0.0001103
5.00 30.00 0.0010851
10.00 30.00 0.0036523
15.00 30.00 0.0042645
20.00 30.00 0.0015676
25.00 30.00 -0.0002779
30.00 30.00 0.0029606
35.00 30.00 0.008996
40.00 30.00 0.011568
45.00 30.00 0.0086903
50.00 30.00 0.00446
55.00 30.00 0.0024333
60.00 30.00 0.0014285
65.00 30.00 -0.000212
70.00 30.00 -0.0001949
75.00 30.00 0.0038963
80.00 30.00 0.0087335
85.00 30.00 0.0084658
90.00 30.00 0.0036408
95.00 30.00 0.0014577
100.00 30.00 0.0054114
105.00 30.00 0.0100918
110.00 30.00 0.0098986
115.00 30.00 0.0078042
120.00 30.00 0.0096263
125.00 30.00 0.013586
130.00 30.00 0.0132545
135.00 30.00 0.0087651
140.00 30.00 0.0064661
145.00 30.00 0.0076133
150.00 30.00 0.0062478
155.00 30.00 -5.8e-06
160.00 30.00 -0.0052684
165.00 30.00 -0.0046462
170.00 30.00 -0.0012757
175.00 30.00 -0.0004737
180.00 30.00 -0.0023128
-180.00 35.00 -0.0018882
-175.00 35.00 -0.0031114
-170.00 35.00 -0.0032866
-165.00 35.00 -0.0016936
-160.00 35.00 8.75e-05
-155.00 35.00 -0.0007236
-150.00 35.00 -0.0050646
-145.00 35.00 -0.0096931
-140.00 35.00 -0.0095854
-135.00 35.00 -0.0036345
-130.00 35.00 0.0035029
-125.00 35.00 0.0064792
-120.00 35.00 0.0050581
-115.00 35.00 0.0035406
-110.00 35.00 0.0053274
-105.00 35.00 0.0096786
-100.00 35.00 0.0134413
-95.00 35.00 0.0142297
-90.00 35.00 0.0116872
-85.00 35.00 0.0071075
-80.00 35.00 0.00252
-75.00 35.00 -0.0006418
-70.00 35.00 -0.0024398
-65.00 35.00 -0.003656
-60.00 35.00 -0.0043871
-55.00 35.00 -0.0041877
-50.00 35.00 -0.0032184
-45.00 35.00 -0.0021502
-40.00 35.00 -0.0012023
-35.00 35.00 -0.0003483
-30.00 35.00 -6e-06
-25.00 35.00 -0.0002272
-20.00 35.00 0.0002096
-15.00 35.00 0.0022844
-10.00 35.00 0.0048575
-5.00 35.00 0.0062158
0.00 35.00 0.0069675
5.00 35.00 0.0088484
10.00 35.00 0.010679
15.00 35.00 0.0087887
20.00 35.00 0.0028705
25.00 35.00 -0.0016096
30.00 35.00 0.0003163
35.00 35.00 0.006224
40.00 35.00 0.0090915
45.00 35.00 0.0063879
50.00 35.00 0.0026681
55.00 35.00 0.0024494
60.00 35.00 0.0043172
65.00 35.00 0.0044455
70.00 35.00 0.002872
75.00 35.00 0.0024698
80.00 35.00 0.0033044
85.00 35.00 0.002574
90.00 35.00 0.0002507
95.00 35.00 0.0002062
100.00 35.00 0.0041166
105.00 35.00 0.0083677
110.00 35.00 0.0097227
115.00 35.00 0.0103177
120.00 35.00 0.0131163
125.00 35.00 0.0155543
130.00 35.00 0.0130466
135.00 35.00 0.0071706
140.00 35.00 0.0043494
145.00 35.00 0.0062559
150.00 35.00 0.0072834
155.00 35.00 0.0031468
160.00 35.00 -0.0029743
165.00 35.00 -0.0054883
170.00 35.00 -0.0038259
175.00 35.00 -0.001792
180.00 35.00 -0.0018882
-180.00 40.00 -0.0031604
-175.00 40.00 -0.0039428
-170.00 40.00 -0.0053159
-165.00 40.00 -0.0054064
-160.00 40.00 -0.0046655
-155.00 40.00 -0.0055451
-150.00 40.00 -0.0093329
-145.00 40.00 -0.013686
-140.00 40.00 -0.0143641
-135.00 40.00 -0.0097497
-130.00 40.00 -0.0027993
-125.00 40.00 0.0020785
-120.00 40.00 0.0034752
-115.00 40.00 0.0037091
-110.00 40.00 0.0056777
-105.00 40.00 0.0098509
-100.00 40.00 0.0141416
-95.00 40.00 0.0158257
-90.00 40.00 0.0134774
-85.00 40.00 0.0078567
-80.00 40.00 0.0014562
-75.00 40.00 -0.0030842
-70.00 40.00 -0.0045703
-65.00 40.00 -0.0035756
-60.00 40.00 -0.0015842
-55.00 40.00 -5.5e-05
-50.00 40.00 0.0001271
-45.00 40.00 -0.0009764
-40.00 40.00 -0.0024186
-35.00 40.00 -0.0031297
-30.00 40.00 -0.0026054
-25.00 40.00 -0.0007851
-20.00 40.00 0.0021535
-15.00 40.00 0.0053962
-10.00 40.00 0.0076444
-5.00 40.00 0.0086462
0.00 40.00 0.0099321
5.00 40.00 0.0125353
10.00 40.00 0.0142961
15.00 40.00 0.0115746
20.00 40.00 0.0044205
25.00 40.00 -0.0019384
30.00 40.00 -0.0025572
35.00 40.00 0.0013999
40.00 40.00 0.0044
45.00 40.00 0.0036099
50.00 40.00 0.0017069
55.00 40.00 0.00214
60.00 40.00 0.0041961
65.00 40.00 0.0046674
70.00 40.00 0.0027488
75.00 40.00 0.0007201
80.00 40.00 0.0003003
85.00 40.00 0.0008569
90.00 40.00 0.0014819
95.00 40.00 0.0024668
100.00 40.00 0.0038641
105.00 40.00 0.0047618
110.00 40.00 0.0053264
115.00 40.00 0.0074965
120.00 40.00 0.0116244
125.00 40.00 0.0141787
130.00 40.00 0.0116378
135.00 40.00 0.0058506
140.00 40.00 0.0023792
145.00 40.00 0.0033011
150.00 40.00 0.0046245
155.00 40.00 0.0019563
160.00 40.00 -0.0037043
165.00 40.00 -0.0076245
170.00 40.00 -0.0072723
175.00 40.00 -0.0046384
180.00 40.00 -0.0031604
-180.00 45.00 -0.0019846
-175.00 45.00 -0.0035595
-170.00 45.00 -0.006339
-165.00 45.00 -0.0077435
-160.00 45.00 -0.0070362
-155.00 45.00 -0.0061485
-150.00 45.00 -0.0074065
-145.00 45.00 -0.0107097
-140.00 45.00 -0.0133829
-135.00 45.00 -0.0128535
-130.00 45.00 -0.0091032
-125.00 45.00 -0.0043444
-120.00 45.00 -0.0006758
-115.00 45.00 0.0015831
-110.00 45.00 0.0034764
-105.00 45.00 0.0058349
-100.00 45.00 0.0082061
-95.00 45.00 0.0090925
-90.00 45.00 0.0071978
-85.00 45.00 0.0027265
-80.00 45.00 -0.0023362
-75.00 45.00 -0.0053628
-70.00 45.00 -0.0048371
-65.00 45.00 -0.0013494
-60.00 45.00 0.0028509
-55.00 45.00 0.0052852
-50.00 45.00 0.004685
-45.00 45.00 0.0016407
-40.00 45.00 -0.0018717
-35.00 45.00 -0.0037517
-30.00 45.00 -0.0029537
-25.00 45.00 9.68e-05
-20.00 45.00 0.0038643
-15.00 45.00 0.0066005
-10.00 45.00 0.0075793
-5.00 45.00 0.0078896
0.00 45.00 0.0095045
5.00 45.00 0.0127958
10.00 45.00 0.0152093
15.00 45.00 0.0134887
20.00 45.00 0.0075965
25.00 45.00 0.0015083
30.00 45.00 -0.0007153
35.00 45.00 0.0008554
40.00 45.00 0.0026266
45.00 45.00 0.0019549
50.00 45.00 -0.0002314
55.00 45.00 -0.0014747
60.00 45.00 -0.0010834
65.00 45.00 -0.0003357
70.00 45.00 -0.0001384
75.00 45.00 0.0001234
80.00 45.00 0.0013096
85.00 45.00 0.0031291
90.00 45.00 0.004406
95.00 45.00 0.0041349
100.00 45.00 0.0021213
105.00 45.00 -0.0006295
110.00 45.00 -0.0018824
115.00 45.00 0.0003867
120.00 45.00 0.0055778
125.00 45.00 0.0101556
130.00 45.00 0.0109319
135.00 45.00 0.0084619
140.00 45.00 0.0060761
145.00 45.00 0.0055829
150.00 45.00 0.0052513
155.00 45.00 0.0026032
160.00 45.00 -0.001915
165.00 45.00 -0.0052035
170.00 45.00 -0.0051559
175.00 45.00 -0.0030426
180.00 45.00 -0.0019846
-180.00 50.00 0.0044158
-175.00 50.00 0.0014211
-170.00 50.00 -0.0024274
-165.00 50.00 -0.0046654
-160.00 50.00 -0.0042407
-155.00 50.00 -0.0026213
-150.00 50.00 -0.0024005
-145.00 50.00 -0.0047813
-140.00 50.00 -0.0084114
-135.00 50.00 -0.0106046
-130.00 50.00 -0.0096374
-125.00 50.00 -0.0059942
-120.00 50.00 -0.0016992
-115.00 50.00 0.0013463
-110.00 50.00 0.0025177
-105.00 50.00 0.0023749
-100.00 50.00 0.0017346
-95.00 50.00 0.0008892
-90.00 50.00 -0.0003584
-85.00 50.00 -0.0020102
-80.00 50.00 -0.0033542
-75.00 50.00 -0.0032594
-70.00 50.00 -0.0011094
-65.00 50.00 0.0024689
-60.00 50.00 0.0057738
-55.00 50.00 0.0070395
-50.00 50.00 0.005573
-45.00 50.00 0.0022318
-40.00 50.00 -0.0010832
-35.00 50.00 -0.0025813
-30.00 50.00 -0.0016357
-25.00 50.00 0.0009162
-20.00 50.00 0.003405
-15.00 50.00 0.0045404
-10.00 50.00 0.0044457
-5.00 50.00 0.0046377
0.00 50.00 0.0066503
5.00 50.00 0.0102829
10.00 50.00 0.0132923
15.00 50.00 0.0132769
20.00 50.00 0.0100916
25.00 50.00 0.0061457
30.00 50.00 0.0040372
35.00 50.00 0.0040311
40.00 50.00 0.0041411
45.00 50.00 0.0025509
50.00 50.00 -0.0004846
55.00 50.00 -0.003186
60.00 50.00 -0.0041758
65.00 50.00 -0.0034762
70.00 50.00 -0.0019029
75.00 50.00 -8.96e-05
80.00 50.00 0.0017016
85.00 50.00 0.0031618
90.00 50.00 0.0036976
95.00 50.00 0.0027155
100.00 50.00 0.0002324
105.00 50.00 -0.0026428
110.00 50.00 -0.003967
115.00 50.00 -0.002221
120.00 50.00 0.0022877
125.00 50.00 0.0074277
130.00 50.00 0.0109961
135.00 50.00 0.0124685
140.00 50.00 0.0128118
145.00 50.00 0.0127656
150.00 50.00 0.0119025
155.00 50.00 0.0096303
160.00 50.00 0.0066298
165.00 50.00 0.0046114
170.00 50.00 0.0044826
175.00 50.00 0.0051315
180.00 50.00 0.0044158
-180.00 55.00 0.0103774
-175.00 55.00 0.0071202
-170.00 55.00 0.0034606
-165.00 55.00 0.0010137
-160.00 55.00 0.0004816
-155.00 55.00 0.0009545
-150.00 55.00 0.0006596
-145.00 55.00 -0.0014648
-140.00 55.00 -0.0047774
-135.00 55.00 -0.0073979
-130.00 55.00 -0.0076935
-125.00 55.00 -0.0055183
-120.00 55.00 -0.0022435
-115.00 55.00 0.0003127
-110.00 55.00 0.0011178
-105.00 55.00 0.0004055
-100.00 55.00 -0.0007884
-95.00 55.00 -0.0014934
-90.00 55.00 -0.0013526
-85.00 55.00 -0.0005566
-80.00 55.00 0.0005632
-75.00 55.00 0.0018083
-70.00 55.00 0.0030487
-65.00 55.00 0.0040156
-60.00 55.00 0.0042782
-55.00 55.00 0.0035053
-50.00 55.00 0.0018034
-45.00 55.00 -0.0001954
-40.00 55.00 -0.0016369
-35.00 55.00 -0.0019725
-30.00 55.00 -0.0013378
-25.00 55.00 -0.0004749
-20.00 55.00 -0.0001865
-15.00 55.00 -0.000656
-10.00 55.00 -0.0011524
-5.00 55.00 -0.0004717
0.00 55.00 0.0020705
5.00 55.00 0.0058556
10.00 55.00 0.0091817
15.00 55.00 0.0104862
20.00 55.00 0.0095602
25.00 55.00 0.0076064
30.00 55.00 0.0060574
35.00 55.00 0.0053257
40.00 55.00 0.0046984
45.00 55.00 0.0033522
50.00 55.00 0.0013238
55.00 55.00 -0.0005338
60.00 55.00 -0.0014069
65.00 55.00 -0.0012084
70.00 55.00 -0.0004812
75.00 55.00 0.0002085
80.00 55.00 0.00071
85.00 55.00 0.0012108
90.00 55.00 0.0018474
95.00 55.00 0.0024576
100.00 55.00 0.0027331
105.00 55.00 0.0026169
110.00 55.00 0.0025068
115.00 55.00 0.0029867
120.00 55.00 0.0043234
125.00 55.00 0.006269
130.00 55.00 0.008368
135.00 55.00 0.010356
140.00 55.00 0.0121537
145.00 55.00 0.0135588
150.00 55.00 0.0141932
155.00 55.00 0.013914
160.00 55.00 0.0131608
165.00 55.00 0.0126411
170.00 55.00 0.0125361
175.00 55.00 0.0121203
180.00 55.00 0.0103774
-180.00 60.00 0.0091056
-175.00 60.00 0.0073234
-170.00 60.00 0.0054947
-165.00 60.00 0.0042657
-160.00 60.00 0.0038024
-155.00 60.00 0.003573
-150.00 60.00 0.0027093
-145.00 60.00 0.0007036
-140.00 60.00 -0.002125
-135.00 60.00 -0.0047924
-130.00 60.00 -0.0063193
-125.00 60.00 -0.0063819
-120.00 60.00 -0.0054511
-115.00 60.00 -0.0043595
-110.00 60.00 -0.0036752
-105.00 60.00 -0.0033634
-100.00 60.00 -0.002944
-95.00 60.00 -0.0019561
-90.00 60.00 -0.0003488
-85.00 60.00 0.0014666
-80.00 60.00 0.0028812
-75.00 60.00 0.0034357
-70.00 60.00 0.0030247
-65.00 60.00 0.0018839
-60.00 60.00 0.0004378
-55.00 60.00 -0.0008752
-50.00 60.00 -0.0017348
-45.00 60.00 -0.0020238
-40.00 60.00 -0.001871
-35.00 60.00 -0.0016253
-30.00 60.00 -0.0017236
-25.00 60.00 -0.0024546
-20.00 60.00 -0.0037142
-15.00 60.00 -0.0049174
-10.00 60.00 -0.0051988
-5.00 60.00 -0.0038797
0.00 60.00 -0.0009539
5.00 60.00 0.0027525
10.00 60.00 0.0059425
15.00 60.00 0.0075542
20.00 60.00 0.0073326
25.00 60.00 0.0058582
30.00 60.00 0.00405
35.00 60.00 0.002577
40.00 60.00 0.0016269
45.00 60.00 0.0010982
50.00 60.00 0.0008959
55.00 60.00 0.0010084
60.00 60.00 0.0013626
65.00 60.00 0.0017184
70.00 60.00 0.0018027
75.00 60.00 0.0015899
80.00 60.00 0.0014446
85.00 60.00 0.0019368
90.00 60.00 0.0034247
95.00 60.00 0.0057145
100.00 60.00 0.008068
105.00 60.00 0.0095701
110.00 60.00 0.0096125
115.00 60.00 0.008189
120.00 60.00 0.0058674
125.00 60.00 0.003516
130.00 60.00 0.0019582
135.00 60.00 0.0016826
140.00 60.00 0.0026869
145.00 60.00 0.0045208
150.00 60.00 0.0065414
155.00 60.00 0.0082505
160.00 60.00 0.0094751
165.00 60.00 0.0102559
170.00 60.00 0.0105772
175.00 60.00 0.0102495
180.00 60.00 0.0091056
-180.00 65.00 0.0035102
-175.00 65.00 0.0033925
-170.00 65.00 0.0036
-165.00 65.00 0.0041994
-160.00 65.00 0.0049944
-155.00 65.00 0.0055498
-150.00 65.00 0.0053774
-145.00 65.00 0.0041935
-140.00 65.00 0.0020862
-135.00 65.00 -0.000522
-130.00 65.00 -0.0030877
-125.00 65.00 -0.0051882
-120.00 65.00 -0.0066373
-115.00 65.00 -0.0074317
-110.00 65.00 -0.0076115
-105.00 65.00 -0.0071731
-100.00 65.00 -0.006103
-95.00 65.00 -0.004493
-90.00 65.00 -0.0026228
-85.00 65.00 -0.0009213
-80.00 65.00 0.0001913
-75.00 65.00 0.0004902
-70.00 65.00 5.2e-05
-65.00 65.00 -0.0007812
-60.00 65.00 -0.0015597
-55.00 65.00 -0.0019279
-50.00 65.00 -0.0017775
-45.00 65.00 -0.0012897
-40.00 65.00 -0.00085
-35.00 65.00 -0.0008688
-30.00 65.00 -0.0015752
-25.00 65.00 -0.002866
-20.00 65.00 -0.0042862
-15.00 65.00 -0.0051712
-10.00 65.00 -0.0049186
-5.00 65.00 -0.003281
0.00 65.00 -0.0005385
5.00 65.00 0.002558
10.00 65.00 0.0050732
15.00 65.00 0.0062726
20.00 65.00 0.0059126
25.00 65.00 0.004293
30.00 65.00 0.0020714
35.00 65.00 -3.15e-05
40.00 65.00 -0.0014768
45.00 65.00 -0.0020207
50.00 65.00 -0.0017095
55.00 65.00 -0.0008124
60.00 65.00 0.0002831
65.00 65.00 0.0012099
70.00 65.00 0.0017805
75.00 65.00 0.0020915
80.00 65.00 0.0024909
85.00 65.00 0.003381
90.00 65.00 0.0049425
95.00 65.00 0.0069406
100.00 65.00 0.0087472
105.00 65.00 0.0095931
110.00 65.00 0.0089276
115.00 65.00 0.0066988
120.00 65.00 0.0034127
125.00 65.00 -5.15e-05
130.00 65.00 -0.0027777
135.00 65.00 -0.0041444
140.00 65.00 -0.0040129
145.00 65.00 -0.002706
150.00 65.00 -0.0008121
155.00 65.00 0.0010738
160.00 65.00 0.002543
165.00 65.00 0.0034323
170.00 65.00 0.0037753
175.00 65.00 0.0037258
180.00 65.00 0.0035102
-180.00 70.00 0.0008048
-175.00 70.00 0.0009906
-170.00 70.00 0.0016978
-165.00 70.00 0.0028528
-160.00 70.00 0.0042165
-155.00 70.00 0.0054429
-150.00 70.00 0.0061787
-145.00 70.00 0.00617
-140.00 70.00 0.0053365
-135.00 70.00 0.0037855
-130.00 70.00 0.0017682
-125.00 70.00 -0.0003968
-120.00 70.00 -0.0023977
-115.00 70.00 -0.0039811
-110.00 70.00 -0.0049785
-105.00 70.00 -0.0053207
-100.00 70.00 -0.0050465
-95.00 70.00 -0.0043001
-90.00 70.00 -0.0033054
-85.00 70.00 -0.0023106
-80.00 70.00 -0.0015171
-75.00 70.00 -0.0010195
-70.00 70.00 -0.0007865
-65.00 70.00 -0.0006946
-60.00 70.00 -0.0006023
-55.00 70.00 -0.0004301
-50.00 70.00 -0.0002094
-45.00 70.00 -7.4e-05
-40.00 70.00 -0.0001952
-35.00 70.00 -0.0006848
-30.00 70.00 -0.0015098
-25.00 70.00 -0.0024596
-20.00 70.00 -0.0031893
-15.00 70.00 -0.0033323
-10.00 70.00 -0.0026421
-5.00 70.00 -0.0011084
0.00 70.00 0.0010064
5.00 70.00 0.003231
10.00 70.00 0.0050312
15.00 70.00 0.0059827
20.00 70.00 0.0059041
25.00 70.00 0.0049005
30.00 70.00 0.0033094
35.00 70.00 0.0015758
40.00 70.00 0.00011
45.00 70.00 -0.0008235
50.00 70.00 -0.0011555
55.00 70.00 -0.0009927
60.00 70.00 -0.000545
65.00 70.00 -2.71e-05
70.00 70.00 0.0004283
75.00 70.00 0.0008113
80.00 70.00 0.0012109
85.00 70.00 0.0017357
90.00 70.00 0.0024178
95.00 70.00 0.003152
100.00 70.00 0.0037106
105.00 70.00 0.0038337
110.00 70.00 0.003356
115.00 70.00 0.0023056
120.00 70.00 0.0009235
125.00 70.00 -0.0004133
130.00 70.00 -0.0013295
135.00 70.00 -0.0015922
140.00 70.00 -0.0011904
145.00 70.00 -0.0003262
150.00 70.00 0.0006734
155.00 70.00 0.0014827
160.00 70.00 0.0018876
165.00 70.00 0.0018454
170.00 70.00 0.0014832
175.00 70.00 0.0010438
180.00 70.00 0.0008048
-180.00 75.00 0.0008917
-175.00 75.00 0.0005364
-170.00 75.00 0.0005817
-165.00 75.00 0.0010082
-160.00 75.00 0.0017135
-155.00 75.00 0.0025375
-150.00 75.00 0.0032995
-145.00 75.00 0.0038397
-140.00 75.00 0.0040516
-135.00 75.00 0.0039022
-130.00 75.00 0.0034328
-125.00 75.00 0.0027428
-120.00 75.00 0.0019635
-115.00 75.00 0.001228
-110.00 75.00 0.000645
-105.00 75.00 0.0002799
-100.00 75.00 0.0001485
-95.00 75.00 0.000221
-90.00 75.00 0.0004352
-85.00 75.00 0.0007147
-80.00 75.00 0.0009877
-75.00 75.00 0.0012015
-70.00 75.00 0.0013266
-65.00 75.00 0.0013523
-60.00 75.00 0.0012766
-55.00 75.00 0.0010957
-50.00 75.00 0.0008011
-45.00 75.00 0.0003867
-40.00 75.00 -0.0001352
-35.00 75.00 -0.0007161
-30.00 75.00 -0.0012634
-25.00 75.00 -0.0016481
-20.00 75.00 -0.0017313
-15.00 75.00 -0.0014028
-10.00 75.00 -0.00062
-5.00 75.00 0.0005673
0.00 75.00 0.0020182
5.00 75.00 0.0035275
10.00 75.00 0.0048724
15.00 75.00 0.0058645
20.00 75.00 0.0063925
25.00 75.00 0.0064404
30.00 75.00 0.0060803
35.00 75.00 0.0054423
40.00 75.00 0.0046743
45.00 75.00 0.0039019
50.00 75.00 0.0032043
55.00 75.00 0.0026087
60.00 75.00 0.0021034
65.00 75.00 0.0016604
70.00 75.00 0.0012588
75.00 75.00 0.0008977
80.00 75.00 0.0005966
85.00 75.00 0.0003825
90.00 75.00 0.0002754
95.00 75.00 0.0002778
100.00 75.00 0.0003745
105.00 75.00 0.0005437
110.00 75.00 0.0007713
115.00 75.00 0.0010618
120.00 75.00 0.001436
125.00 75.00 0.0019159
130.00 75.00 0.0025032
135.00 75.00 0.0031601
140.00 75.00 0.0038028
145.00 75.00 0.0043149
150.00 75.00 0.004577
155.00 75.00 0.0045037
160.00 75.00 0.0040745
165.00 75.00 0.0033486
170.00 75.00 0.002458
175.00 75.00 0.0015791
180.00 75.00 0.0008917
-180.00 80.00 -0.0003099
-175.00 80.00 -0.0007849
-170.00 80.00 -0.0010876
-165.00 80.00 -0.0012031
-160.00 80.00 -0.0011403
-155.00 80.00 -0.0009279
-150.00 80.00 -0.000608
-145.00 80.00 -0.0002278
-140.00 80.00 0.0001687
-135.00 80.00 0.0005469
-130.00 80.00 0.0008852
-125.00 80.00 0.0011747
-120.00 80.00 0.0014173
-115.00 80.00 0.0016218
-110.00 80.00 0.0017994
-105.00 80.00 0.001959
-100.00 80.00 0.0021043
-95.00 80.00 0.002233
-90.00 80.00 0.0023373
-85.00 80.00 0.0024058
-80.00 80.00 0.0024259
-75.00 80.00 0.0023867
-70.00 80.00 0.0022812
-65.00 80.00 0.0021078
-60.00 80.00 0.0018715
-55.00 80.00 0.0015838
-50.00 80.00 0.001264
-45.00 80.00 0.0009388
-40.00 80.00 0.0006419
-35.00 80.00 0.0004119
-30.00 80.00 0.0002897
-25.00 80.00 0.0003127
-20.00 80.00 0.0005091
-15.00 80.00 0.0008917
-10.00 80.00 0.0014536
-5.00 80.00 0.0021666
0.00 80.00 0.0029827
5.00 80.00 0.00384
10.00 80.00 0.0046713
15.00 80.00 0.0054129
20.00 80.00 0.006013
25.00 80.00 0.0064369
30.00 80.00 0.0066691
35.00 80.00 0.0067117
40.00 80.00 0.0065809
45.00 80.00 0.006301
50.00 80.00 0.0059005
55.00 80.00 0.0054089
60.00 80.00 0.0048553
65.00 80.00 0.004268
70.00 80.00 0.0036756
75.00 80.00 0.0031065
80.00 80.00 0.0025891
85.00 80.00 0.0021501
90.00 80.00 0.0018123
95.00 80.00 0.0015925
100.00 80.00 0.0014999
105.00 80.00 0.0015343
110.00 80.00 0.0016858
115.00 80.00 0.0019344
120.00 80.00 0.0022504
125.00 80.00 0.0025954
130.00 80.00 0.0029241
135.00 80.00 0.0031881
140.00 80.00 0.0033407
145.00 80.00 0.003343
150.00 80.00 0.0031707
155.00 80.00 0.0028192
160.00 80.00 0.0023072
165.00 80.00 0.0016757
170.00 80.00 0.0009834
175.00 80.00 0.0002988
180.00 80.00 -0.0003099
-180.00 85.00 -0.0015666
-175.00 85.00 -0.001747
-170.00 85.00 -0.0018858
-165.00 85.00 -0.0019788
-160.00 85.00 -0.0020212
-155.00 85.00 -0.0020102
-150.00 85.00 -0.0019474
-145.00 85.00 -0.0018394
-140.00 85.00 -0.0016954
-135.00 85.00 -0.001523
-130.00 85.00 -0.0013277
-125.00 85.00 -0.0011144
-120.00 85.00 -0.0008898
-115.00 85.00 -0.000663
-110.00 85.00 -0.0004428
-105.00 85.00 -0.0002344
-100.00 85.00 -3.98e-05
-95.00 85.00 0.0001407
-90.00 85.00 0.0003048
-85.00 85.00 0.0004488
-80.00 85.00 0.0005696
-75.00 85.00 0.0006682
-70.00 85.00 0.0007491
-65.00 85.00 0.000818
-60.00 85.00 0.0008794
-55.00 85.00 0.0009363
-50.00 85.00 0.0009925
-45.00 85.00 0.001055
-40.00 85.00 0.0011328
-35.00 85.00 0.0012341
-30.00 85.00 0.0013636
-25.00 85.00 0.0015223
-20.00 85.00 0.0017091
-15.00 85.00 0.0019229
-10.00 85.00 0.0021622
-5.00 85.00 0.0024225
0.00 85.00 0.0026955
5.00 85.00 0.0029691
10.00 85.00 0.003231
15.00 85.00 0.0034704
20.00 85.00 0.0036795
25.00 85.00 0.0038514
30.00 85.00 0.0039792
35.00 85.00 0.0040569
40.00 85.00 0.0040804
45.00 85.00 0.00405
50.00 85.00 0.00397
55.00 85.00 0.0038468
60.00 85.00 0.0036866
65.00 85.00 0.0034951
70.00 85.00 0.0032785
75.00 85.00 0.0030446
80.00 85.00 0.0028026
85.00 85.00 0.0025618
90.00 85.00 0.0023286
95.00 85.00 0.0021062
100.00 85.00 0.0018951
105.00 85.00 0.0016955
110.00 85.00 0.0015076
115.00 85.00 0.0013304
120.00 85.00 0.0011604
125.00 85.00 0.0009906
130.00 85.00 0.0008131
135.00 85.00 0.0006218
140.00 85.00 0.0004141
145.00 85.00 0.00019
150.00 85.00 -4.93e-05
155.00 85.00 -0.0003029
160.00 85.00 -0.0005682
165.00 85.00 -0.0008386
170.00 85.00 -0.0011033
175.00 85.00 -0.0013496
180.00 85.00 -0.0015666
-180.00 90.00 0.0001513
-175.00 90.00 0.0001513
-170.00 90.00 0.0001513
-165.00 90.00 0.0001513
-160.00 90.00 0.0001513
-155.00 90.00 0.0001513
-150.00 90.00 0.0001513
-145.00 90.00 0.0001513
-140.00 90.00 0.0001513
-135.00 90.00 0.0001513
-130.00 90.00 0.0001513
-125.00 90.00 0.0001513
-120.00 90.00 0.0001513
-115.00 90.00 0.0001513
-110.00 90.00 0.0001513
-105.00 90.00 0.0001513
-100.00 90.00 0.0001513
-95.00 90.00 0.0001513
-90.00 90.00 0.0001513
-85.00 90.00 0.0001513
-80.00 90.00 0.0001513
-75.00 90.00 0.0001513
-70.00 90.00 0.0001513
-65.00 90.00 0.0001513
-60.00 90.00 0.0001513
-55.00 90.00 0.0001513
-50.00 90.00 0.0001513
-45.00 90.00 0.0001513
-40.00 90.00 0.0001513
-35.00 90.00 0.0001513
-30.00 90.00 0.0001513
-25.00 90.00 0.0001513
-20.00 90.00 0.0001513
-15.00 90.00 0.0001513
-10.00 90.00 0.0001513
-5.00 90.00 0.0001513
0.00 90.00 0.0001513
5.00 90.00 0.0001513
10.00 90.00 0.0001513
15.00 90.00 0.0001513
20.00 90.00 0.0001513
25.00 90.00 0.0001513
30.00 90.00 0.0001513
35.00 90.00 0.0001513
40.00 90.00 0.0001513
45.00 90.00 0.0001513
50.00 90.00 0.0001513
55.00 90.00 0.0001513
60.00 90.00 0.0001513
65.00 90.00 0.0001513
70.00 90.00 0.0001513
75.00 90.00 0.0001513
80.00 90.00 0.0001513
85.00 90.00 0.0001513
90.00 90.00 0.0001513
95.00 90.00 0.0001513
100.00 90.00 0.0001513
105.00 90.00 0.0001513
110.00 90.00 0.0001513
115.00 90.00 0.0001513
120.00 90.00 0.0001513
125.00 90.00 0.0001513
130.00 90.00 0.0001513
135.00 90.00 0.0001513
140.00 90.00 0.0001513
145.00 90.00 0.0001513
150.00 90.00 0.0001513
155.00 90.00 0.0001513
160.00 90.00 0.0001513
165.00 90.00 0.0001513
170.00 90.00 0.0001513
175.00 90.00 0.0001513
180.00 90.00 0.0001513
