-180.00 -90.00 0.0041998
-175.00 -90.00 0.0041998
-170.00 -90.00 0.0041999
-165.00 -90.00 0.0041999
-160.00 -90.00 0.0041999
-155.00 -90.00 0.0041998
-150.00 -90.00 0.0041997
-145.00 -90.00 0.0041996
-140.00 -90.00 0.0041995
-135.00 -90.00 0.0041994
-130.00 -90.00 0.0041993
-125.00 -90.00 0.0041991
-120.00 -90.00 0.004199
-115.00 -90.00 0.0041988
-110.00 -90.00 0.0041987
-105.00 -90.00 0.0041986
-100.00 -90.00 0.0041984
-95.00 -90.00 0.0041983
-90.00 -90.00 0.0041983
-85.00 -90.00 0.0041982
-80.00 -90.00 0.0041982
-75.00 -90.00 0.0041982
-70.00 -90.00 0.0041982
-65.00 -90.00 0.0041982
-60.00 -90.00 0.0041983
-55.00 -90.00 0.0041984
-50.00 -90.00 0.0041985
-45.00 -90.00 0.0041986
-40.00 -90.00 0.0041988
-35.00 -90.00 0.0041989
-30.00 -90.00 0.0041991
-25.00 -90.00 0.0041992
-20.00 -90.00 0.0041994
-15.00 -90.00 0.0041995
-10.00 -90.00 0.0041996
-5.00 -90.00 0.0041997
0.00 -90.00 0.0041998
5.00 -90.00 0.0041998
10.00 -90.00 0.0041999
15.00 -90.00 0.0041999
20.00 -90.00 0.0041999
25.00 -90.00 0.0041998
30.00 -90.00 0.0041997
35.00 -90.00 0.0041997
40.00 -90.00 0.0041995
45.00 -90.00 0.0041994
50.00 -90.00 0.0041993
55.00 -90.00 0.0041991
60.00 -90.00 0.004199
65.00 -90.00 0.0041988
70.00 -90.00 0.0041987
75.00 -90.00 0.0041986
80.00 -90.00 0.0041984
85.00 -90.00 0.0041983
90.00 -90.00 0.0041983
95.00 -90.00 0.0041982
100.00 -90.00 0.0041982
105.00 -90.00 0.0041982
110.00 -90.00 0.0041982
115.00 -90.00 0.0041982
120.00 -90.00 0.0041983
125.00 -90.00 0.0041984
130.00 -90.00 0.0041985
135.00 -90.00 0.0041986
140.00 -90.00 0.0041988
145.00 -90.00 0.0041989
150.00 -90.00 0.0041991
155.00 -90.00 0.0041992
160.00 -90.00 0.0041994
165.00 -90.00 0.0041995
170.00 -90.00 0.0041996
175.00 -90.00 0.0041997
180.00 -90.00 0.0041998
-180.00 -85.00 0.0042667
-175.00 -85.00 0.0044018
-170.00 -85.00 0.0045225
-165.00 -85.00 0.0046264
-160.00 -85.00 0.0047117
-155.00 -85.00 0.0047774
-150.00 -85.00 0.0048229
-145.00 -85.00 0.0048481
-140.00 -85.00 0.0048534
-135.00 -85.00 0.0048393
-130.00 -85.00 0.0048068
-125.00 -85.00 0.0047578
-120.00 -85.00 0.0046948
-115.00 -85.00 0.0046211
-110.00 -85.00 0.0045401
-105.00 -85.00 0.0044555
-100.00 -85.00 0.0043717
-95.00 -85.00 0.0042929
-90.00 -85.00 0.0042237
-85.00 -85.00 0.0041679
-80.00 -85.00 0.0041284
-75.00 -85.00 0.0041074
-70.00 -85.00 0.004106
-65.00 -85.00 0.0041248
-60.00 -85.00 0.0041633
-55.00 -85.00 0.0042198
-50.00 -85.00 0.0042918
-45.00 -85.00 0.004376
-40.00 -85.00 0.004469
-35.00 -85.00 0.0045671
-30.00 -85.00 0.0046667
-25.00 -85.00 0.0047638
-20.00 -85.00 0.0048548
-15.00 -85.00 0.0049362
-10.00 -85.00 0.0050054
-5.00 -85.00 0.0050601
0.00 -85.00 0.0050989
5.00 -85.00 0.0051206
10.00 -85.00 0.0051247
15.00 -85.00 0.0051112
20.00 -85.00 0.0050807
25.00 -85.00 0.0050344
30.00 -85.00 0.0049736
35.00 -85.00 0.0048995
40.00 -85.00 0.0048132
45.00 -85.00 0.0047157
50.00 -85.00 0.0046083
55.00 -85.00 0.0044918
60.00 -85.00 0.0043672
65.00 -85.00 0.0042352
70.00 -85.00 0.0040969
75.00 -85.00 0.0039537
80.00 -85.00 0.0038079
85.00 -85.00 0.0036621
90.00 -85.00 0.0035199
95.00 -85.00 0.0033849
100.00 -85.00 0.0032615
105.00 -85.00 0.003154
110.00 -85.00 0.0030669
115.00 -85.00 0.003004
120.00 -85.00 0.0029684
125.00 -85.00 0.002962
130.00 -85.00 0.0029856
135.00 -85.00 0.0030387
140.00 -85.00 0.0031195
145.00 -85.00 0.003225
150.00 -85.00 0.0033512
155.00 -85.00 0.0034934
160.00 -85.00 0.0036465
165.00 -85.00 0.0038053
170.00 -85.00 0.0039646
175.00 -85.00 0.0041198
180.00 -85.00 0.0042667
-180.00 -80.00 0.0061531
-175.00 -80.00 0.0063001
-170.00 -80.00 0.0063919
-165.00 -80.00 0.0064414
-160.00 -80.00 0.0064611
-155.00 -80.00 0.0064585
-150.00 -80.00 0.0064356
-145.00 -80.00 0.0063903
-140.00 -80.00 0.0063175
-135.00 -80.00 0.0062089
-130.00 -80.00 0.0060556
-125.00 -80.00 0.0058523
-120.00 -80.00 0.0056001
-115.00 -80.00 0.0053055
-110.00 -80.00 0.0049791
-105.00 -80.00 0.0046369
-100.00 -80.00 0.0042988
-95.00 -80.00 0.0039853
-90.00 -80.00 0.0037138
-85.00 -80.00 0.0034978
-80.00 -80.00 0.0033472
-75.00 -80.00 0.0032662
-70.00 -80.00 0.0032518
-65.00 -80.00 0.0032954
-60.00 -80.00 0.0033856
-55.00 -80.00 0.0035095
-50.00 -80.00 0.0036524
-45.00 -80.00 0.0038
-40.00 -80.00 0.0039411
-35.00 -80.00 0.0040677
-30.00 -80.00 0.004173
-25.00 -80.00 0.0042505
-20.00 -80.00 0.0042956
-15.00 -80.00 0.0043055
-10.00 -80.00 0.0042773
-5.00 -80.00 0.0042088
0.00 -80.00 0.0041003
5.00 -80.00 0.0039574
10.00 -80.00 0.003789
15.00 -80.00 0.0036059
20.00 -80.00 0.0034211
25.00 -80.00 0.0032499
30.00 -80.00 0.003107
35.00 -80.00 0.0030022
40.00 -80.00 0.002941
45.00 -80.00 0.0029248
50.00 -80.00 0.002951
55.00 -80.00 0.0030104
60.00 -80.00 0.0030887
65.00 -80.00 0.0031695
70.00 -80.00 0.003237
75.00 -80.00 0.0032754
80.00 -80.00 0.003271
85.00 -80.00 0.0032161
90.00 -80.00 0.003112
95.00 -80.00 0.002968
100.00 -80.00 0.0027995
105.00 -80.00 0.0026276
110.00 -80.00 0.0024789
115.00 -80.00 0.0023804
120.00 -80.00 0.0023545
125.00 -80.00 0.0024162
130.00 -80.00 0.0025738
135.00 -80.00 0.0028272
140.00 -80.00 0.0031657
145.00 -80.00 0.0035691
150.00 -80.00 0.0040124
155.00 -80.00 0.004469
160.00 -80.00 0.004912
165.00 -80.00 0.0053161
170.00 -80.00 0.0056626
175.00 -80.00 0.005942
180.00 -80.00 0.0061531
-180.00 -75.00 0.0069595
-175.00 -75.00 0.0066631
-170.00 -75.00 0.0062928
-165.00 -75.00 0.005917
-160.00 -75.00 0.0055955
-155.00 -75.00 0.0053669
-150.00 -75.00 0.0052413
-145.00 -75.00 0.0052006
-140.00 -75.00 0.0052052
-135.00 -75.00 0.0052029
-130.00 -75.00 0.005143
-125.00 -75.00 0.0049891
-120.00 -75.00 0.0047286
-115.00 -75.00 0.0043732
-110.00 -75.00 0.0039573
-105.00 -75.00 0.0035299
-100.00 -75.00 0.003144
-95.00 -75.00 0.0028467
-90.00 -75.00 0.0026735
-85.00 -75.00 0.0026442
-80.00 -75.00 0.0027602
-75.00 -75.00 0.0030043
-70.00 -75.00 0.0033434
-65.00 -75.00 0.0037318
-60.00 -75.00 0.0041157
-55.00 -75.00 0.0044424
-50.00 -75.00 0.0046702
-45.00 -75.00 0.004774
-40.00 -75.00 0.0047493
-35.00 -75.00 0.004611
-30.00 -75.00 0.0043861
-25.00 -75.00 0.0041028
-20.00 -75.00 0.0037814
-15.00 -75.00 0.0034304
-10.00 -75.00 0.0030464
-5.00 -75.00 0.0026196
0.00 -75.00 0.0021441
5.00 -75.00 0.0016257
10.00 -75.00 0.0010848
15.00 -75.00 0.0005552
20.00 -75.00 7.86e-05
25.00 -75.00 -0.0003032
30.00 -75.00 -0.0005563
35.00 -75.00 -0.0006595
40.00 -75.00 -0.0006049
45.00 -75.00 -0.000398
50.00 -75.00 -5.52e-05
55.00 -75.00 0.0003982
60.00 -75.00 0.0009302
65.00 -75.00 0.0015017
70.00 -75.00 0.0020676
75.00 -75.00 0.0025803
80.00 -75.00 0.0029941
85.00 -75.00 0.0032717
90.00 -75.00 0.0033931
95.00 -75.00 0.0033616
100.00 -75.00 0.0032048
105.00 -75.00 0.0029722
110.00 -75.00 0.0027279
115.00 -75.00 0.0025389
120.00 -75.00 0.0024639
125.00 -75.00 0.0025448
130.00 -75.00 0.0028014
135.00 -75.00 0.0032293
140.00 -75.00 0.0038008
145.00 -75.00 0.0044704
150.00 -75.00 0.005178
155.00 -75.00 0.0058555
160.00 -75.00 0.0064352
165.00 -75.00 0.0068597
170.00 -75.00 0.007091
175.00 -75.00 0.0071178
180.00 -75.00 0.0069595
-180.00 -70.00 0.0058748
-175.00 -70.00 0.0051737
-170.00 -70.00 0.0043876
-165.00 -70.00 0.0036454
-160.00 -70.00 0.0030551
-155.00 -70.00 0.0026845
-150.00 -70.00 0.0025517
-145.00 -70.00 0.0026222
-140.00 -70.00 0.002815
-135.00 -70.00 0.003019
-130.00 -70.00 0.003122
-125.00 -70.00 0.003046
-120.00 -70.00 0.0027741
-115.00 -70.00 0.0023558
-110.00 -70.00 0.0018895
-105.00 -70.00 0.0014883
-100.00 -70.00 0.0012471
-95.00 -70.00 0.0012227
-90.00 -70.00 0.0014329
-85.00 -70.00 0.0018657
-80.00 -70.00 0.0024901
-75.00 -70.00 0.0032601
-70.00 -70.00 0.0041115
-65.00 -70.00 0.0049588
-60.00 -70.00 0.0056995
-55.00 -70.00 0.0062302
-50.00 -70.00 0.0064724
-45.00 -70.00 0.0063973
-40.00 -70.00 0.0060394
-35.00 -70.00 0.0054899
-30.00 -70.00 0.0048687
-25.00 -70.00 0.0042847
-20.00 -70.00 0.0037991
-15.00 -70.00 0.0034084
-10.00 -70.00 0.0030543
-5.00 -70.00 0.0026582
0.00 -70.00 0.0021619
5.00 -70.00 0.0015569
10.00 -70.00 0.0008901
15.00 -70.00 0.000245
20.00 -70.00 -0.0002895
25.00 -70.00 -0.0006475
30.00 -70.00 -0.0008017
35.00 -70.00 -0.0007643
40.00 -70.00 -0.0005751
45.00 -70.00 -0.0002851
50.00 -70.00 5.89e-05
55.00 -70.00 0.0004249
60.00 -70.00 0.0007989
65.00 -70.00 0.0011778
70.00 -70.00 0.0015579
75.00 -70.00 0.0019222
80.00 -70.00 0.002236
85.00 -70.00 0.0024539
90.00 -70.00 0.0025366
95.00 -70.00 0.0024698
100.00 -70.00 0.0022762
105.00 -70.00 0.0020149
110.00 -70.00 0.0017674
115.00 -70.00 0.0016162
120.00 -70.00 0.0016231
125.00 -70.00 0.0018167
130.00 -70.00 0.0021915
135.00 -70.00 0.0027183
140.00 -70.00 0.0033571
145.00 -70.00 0.004066
150.00 -70.00 0.0047987
155.00 -70.00 0.0054965
160.00 -70.00 0.0060819
165.00 -70.00 0.0064668
170.00 -70.00 0.0065748
175.00 -70.00 0.0063695
180.00 -70.00 0.0058748
-180.00 -65.00 0.0050593
-175.00 -65.00 0.004564
-170.00 -65.00 0.0040224
-165.00 -65.00 0.0035136
-160.00 -65.00 0.0030669
-155.00 -65.00 0.0027017
-150.00 -65.00 0.0024625
-145.00 -65.00 0.0024009
-140.00 -65.00 0.0025149
-135.00 -65.00 0.0027053
-130.00 -65.00 0.0028013
-125.00 -65.00 0.0026542
-120.00 -65.00 0.0022326
-115.00 -65.00 0.0016508
-110.00 -65.00 0.0011081
-105.00 -65.00 0.0007847
-100.00 -65.00 0.0007616
-95.00 -65.00 0.0010099
-90.00 -65.00 0.0014413
-85.00 -65.00 0.0019744
-80.00 -65.00 0.0025721
-75.00 -65.00 0.0032325
-70.00 -65.00 0.0039494
-65.00 -65.00 0.0046747
-60.00 -65.00 0.0053082
-55.00 -65.00 0.005723
-50.00 -65.00 0.0058129
-45.00 -65.00 0.0055428
-40.00 -65.00 0.0049796
-35.00 -65.00 0.0042861
-30.00 -65.00 0.0036721
-25.00 -65.00 0.0033137
-20.00 -65.00 0.0032734
-15.00 -65.00 0.0034668
-10.00 -65.00 0.0037012
-5.00 -65.00 0.0037733
0.00 -65.00 0.0035711
5.00 -65.00 0.0031227
10.00 -65.00 0.0025652
15.00 -65.00 0.0020645
20.00 -65.00 0.0017372
25.00 -65.00 0.00162
30.00 -65.00 0.0016856
35.00 -65.00 0.0018769
40.00 -65.00 0.0021282
45.00 -65.00 0.0023677
50.00 -65.00 0.0025184
55.00 -65.00 0.0025136
60.00 -65.00 0.0023242
65.00 -65.00 0.0019759
70.00 -65.00 0.0015393
75.00 -65.00 0.0010957
80.00 -65.00 0.0007022
85.00 -65.00 0.0003778
90.00 -65.00 0.0001146
95.00 -65.00 -9.88e-05
100.00 -65.00 -0.0002589
105.00 -65.00 -0.0003399
110.00 -65.00 -0.0002972
115.00 -65.00 -8.1e-05
120.00 -65.00 0.0003393
125.00 -65.00 0.0009469
130.00 -65.00 0.0016662
135.00 -65.00 0.0023862
140.00 -65.00 0.0030142
145.00 -65.00 0.0035258
150.00 -65.00 0.0039689
155.00 -65.00 0.0044103
160.00 -65.00 0.0048626
165.00 -65.00 0.005252
170.00 -65.00 0.0054565
175.00 -65.00 0.0053892
180.00 -65.00 0.0050593
-180.00 -60.00 0.0043978
-175.00 -60.00 0.0043959
-170.00 -60.00 0.0046349
-165.00 -60.00 0.0049538
-160.00 -60.00 0.0050143
-155.00 -60.00 0.0045997
-150.00 -60.00 0.003838
-145.00 -60.00 0.0031254
-140.00 -60.00 0.0028051
-135.00 -60.00 0.0028875
-130.00 -60.00 0.0030607
-125.00 -60.00 0.0029746
-120.00 -60.00 0.002541
-115.00 -60.00 0.0019956
-110.00 -60.00 0.0016913
-105.00 -60.00 0.0018185
-100.00 -60.00 0.0022777
-95.00 -60.00 0.0027803
-90.00 -60.00 0.003067
-85.00 -60.00 0.0030698
-80.00 -60.00 0.0029175
-75.00 -60.00 0.0028102
-70.00 -60.00 0.0028741
-65.00 -60.00 0.0030947
-60.00 -60.00 0.0033541
-55.00 -60.00 0.0035169
-50.00 -60.00 0.0034972
-45.00 -60.00 0.0032778
-40.00 -60.00 0.0029093
-35.00 -60.00 0.0025106
-30.00 -60.00 0.0022545
-25.00 -60.00 0.0022983
-20.00 -60.00 0.0026745
-15.00 -60.00 0.0032228
-10.00 -60.00 0.0036508
-5.00 -60.00 0.0037138
0.00 -60.00 0.0033848
5.00 -60.00 0.0028713
10.00 -60.00 0.0024522
15.00 -60.00 0.0022635
20.00 -60.00 0.0022105
25.00 -60.00 0.0020789
30.00 -60.00 0.0017457
35.00 -60.00 0.0013079
40.00 -60.00 0.0010192
45.00 -60.00 0.0010905
50.00 -60.00 0.0015181
55.00 -60.00 0.0020734
60.00 -60.00 0.0024479
65.00 -60.00 0.0024329
70.00 -60.00 0.0020058
75.00 -60.00 0.0012958
80.00 -60.00 0.000493
85.00 -60.00 -0.00022
90.00 -60.00 -0.0007003
95.00 -60.00 -0.0008708
100.00 -60.00 -0.0007521
105.00 -60.00 -0.0004585
110.00 -60.00 -0.0001212
115.00 -60.00 0.0002223
120.00 -60.00 0.00067
125.00 -60.00 0.0013595
130.00 -60.00 0.0023009
135.00 -60.00 0.0032955
140.00 -60.00 0.0040419
145.00 -60.00 0.004359
150.00 -60.00 0.004329
155.00 -60.00 0.0042205
160.00 -60.00 0.0042544
165.00 -60.00 0.0044278
170.00 -60.00 0.0045626
175.00 -60.00 0.0045265
180.00 -60.00 0.0043978
-180.00 -55.00 0.0024104
-175.00 -55.00 0.0024573
-170.00 -55.00 0.0033226
-165.00 -55.00 0.0045353
-160.00 -55.00 0.0051144
-155.00 -55.00 0.0044166
-150.00 -55.00 0.0027545
-145.00 -55.00 0.0011672
-140.00 -55.00 0.0005382
-135.00 -55.00 0.0008839
-130.00 -55.00 0.0014626
-125.00 -55.00 0.0015523
-120.00 -55.00 0.0011271
-115.00 -55.00 0.000817
-110.00 -55.00 0.0012605
-105.00 -55.00 0.0024938
-100.00 -55.00 0.0039078
-95.00 -55.00 0.0047393
-90.00 -55.00 0.0046344
-85.00 -55.00 0.0038486
-80.00 -55.00 0.0029953
-75.00 -55.00 0.0025905
-70.00 -55.00 0.0027409
-65.00 -55.00 0.0031717
-60.00 -55.00 0.0035216
-55.00 -55.00 0.0036323
-50.00 -55.00 0.0035961
-45.00 -55.00 0.0035655
-40.00 -55.00 0.003561
-35.00 -55.00 0.0034841
-30.00 -55.00 0.0032881
-25.00 -55.00 0.0030681
-20.00 -55.00 0.0029339
-15.00 -55.00 0.0028125
-10.00 -55.00 0.0024541
-5.00 -55.00 0.0017031
0.00 -55.00 0.0007746
5.00 -55.00 0.0001973
10.00 -55.00 0.0003813
15.00 -55.00 0.0011703
20.00 -55.00 0.0018187
25.00 -55.00 0.0014954
30.00 -55.00 -5.99e-05
35.00 -55.00 -0.002261
40.00 -55.00 -0.0040134
45.00 -55.00 -0.0044137
50.00 -55.00 -0.0032885
55.00 -55.00 -0.0012142
60.00 -55.00 0.0009187
65.00 -55.00 0.0024209
70.00 -55.00 0.0030473
75.00 -55.00 0.0029179
80.00 -55.00 0.0023275
85.00 -55.00 0.0016422
90.00 -55.00 0.00126
95.00 -55.00 0.0014835
100.00 -55.00 0.0022896
105.00 -55.00 0.0032204
110.00 -55.00 0.0036303
115.00 -55.00 0.0031981
120.00 -55.00 0.0022667
125.00 -55.00 0.0016321
130.00 -55.00 0.0018942
135.00 -55.00 0.0029354
140.00 -55.00 0.0040191
145.00 -55.00 0.004431
150.00 -55.00 0.0040711
155.00 -55.00 0.0034521
160.00 -55.00 0.0031356
165.00 -55.00 0.0031869
170.00 -55.00 0.0032024
175.00 -55.00 0.0028649
180.00 -55.00 0.0024104
-180.00 -50.00 0.0010524
-175.00 -50.00 0.000413
-170.00 -50.00 0.0011171
-165.00 -50.00 0.0025964
-160.00 -50.00 0.003269
-155.00 -50.00 0.0020904
-150.00 -50.00 -0.0003478
-145.00 -50.00 -0.002311
-140.00 -50.00 -0.0025441
-135.00 -50.00 -0.0014085
-130.00 -50.00 -0.0004021
-125.00 -50.00 -0.000583
-120.00 -50.00 -0.0015178
-115.00 -50.00 -0.0017764
-110.00 -50.00 -0.0003835
-105.00 -50.00 0.0022406
-100.00 -50.00 0.004657
-95.00 -50.00 0.0056068
-90.00 -50.00 0.0049296
-85.00 -50.00 0.0035519
-80.00 -50.00 0.0027213
-75.00 -50.00 0.0031272
-70.00 -50.00 0.0045044
-65.00 -50.00 0.0059395
-60.00 -50.00 0.00662
-55.00 -50.00 0.0064306
-50.00 -50.00 0.0059002
-45.00 -50.00 0.0055807
-40.00 -50.00 0.0054972
-35.00 -50.00 0.0052249
-30.00 -50.00 0.0044485
-25.00 -50.00 0.0033295
-20.00 -50.00 0.0022693
-15.00 -50.00 0.0013921
-10.00 -50.00 0.0004113
-5.00 -50.00 -0.0009091
0.00 -50.00 -0.0022103
5.00 -50.00 -0.0026107
10.00 -50.00 -0.00149
15.00 -50.00 0.0007128
20.00 -50.00 0.0025292
25.00 -50.00 0.0024468
30.00 -50.00 7.23e-05
35.00 -50.00 -0.0034975
40.00 -50.00 -0.0063951
45.00 -50.00 -0.0072014
50.00 -50.00 -0.005747
55.00 -50.00 -0.0029915
60.00 -50.00 -0.0002177
65.00 -50.00 0.001753
70.00 -50.00 0.0027723
75.00 -50.00 0.0030533
80.00 -50.00 0.0028378
85.00 -50.00 0.0024124
90.00 -50.00 0.0022937
95.00 -50.00 0.0030949
100.00 -50.00 0.0049415
105.00 -50.00 0.0069905
110.00 -50.00 0.0077737
115.00 -50.00 0.0063491
120.00 -50.00 0.0032704
125.00 -50.00 0.000333
130.00 -50.00 -0.0008269
135.00 -50.00 -3.28e-05
140.00 -50.00 0.0014333
145.00 -50.00 0.0020945
150.00 -50.00 0.0015886
155.00 -50.00 0.0008136
160.00 -50.00 0.0008414
165.00 -50.00 0.0017304
170.00 -50.00 0.0024755
175.00 -50.00 0.0021588
180.00 -50.00 0.0010524
-180.00 -45.00 0.0024125
-175.00 -45.00 0.0006948
-170.00 -45.00 0.0005196
-165.00 -45.00 0.001482
-160.00 -45.00 0.0018049
-155.00 -45.00 0.0003556
-150.00 -45.00 -0.0020672
-145.00 -45.00 -0.0034903
-140.00 -45.00 -0.0027872
-135.00 -45.00 -0.0008848
-130.00 -45.00 0.000169
-125.00 -45.00 -0.0006305
-120.00 -45.00 -0.0021637
-115.00 -45.00 -0.0023602
-110.00 -45.00 -0.0003151
-105.00 -45.00 0.0028723
-100.00 -45.00 0.0051951
-95.00 -45.00 0.0054677
-90.00 -45.00 0.0041123
-85.00 -45.00 0.0026224
-80.00 -45.00 0.002403
-75.00 -45.00 0.0038561
-70.00 -45.00 0.0061877
-65.00 -45.00 0.0079941
-60.00 -45.00 0.0082748
-55.00 -45.00 0.0071542
-50.00 -45.00 0.0056528
-45.00 -45.00 0.0046536
-40.00 -45.00 0.0041002
-35.00 -45.00 0.0032873
-30.00 -45.00 0.0018582
-25.00 -45.00 0.0002991
-20.00 -45.00 -0.0006343
-15.00 -45.00 -0.0008302
-10.00 -45.00 -0.0009869
-5.00 -45.00 -0.0018187
0.00 -45.00 -0.0031427
5.00 -45.00 -0.0038569
10.00 -45.00 -0.0029661
15.00 -45.00 -0.0007037
20.00 -45.00 0.0014283
25.00 -45.00 0.0018446
30.00 -45.00 0.0001822
35.00 -45.00 -0.002462
40.00 -45.00 -0.0044543
45.00 -45.00 -0.0048067
50.00 -45.00 -0.0037024
55.00 -45.00 -0.0021158
60.00 -45.00 -0.0009539
65.00 -45.00 -0.0004407
70.00 -45.00 -0.0002123
75.00 -45.00 8.63e-05
80.00 -45.00 0.000402
85.00 -45.00 0.0005321
90.00 -45.00 0.0007177
95.00 -45.00 0.0017433
100.00 -45.00 0.0041327
105.00 -45.00 0.0071298
110.00 -45.00 0.0087759
115.00 -45.00 0.0074752
120.00 -45.00 0.0036617
125.00 -45.00 -0.0002989
130.00 -45.00 -0.002089
135.00 -45.00 -0.0013651
140.00 -45.00 0.0002185
145.00 -45.00 0.0007631
150.00 -45.00 -9.23e-05
155.00 -45.00 -0.0009702
160.00 -45.00 -0.0002819
165.00 -45.00 0.001977
170.00 -45.00 0.0040394
175.00 -45.00 0.0041437
180.00 -45.00 0.0024126
-180.00 -40.00 0.0037391
-175.00 -40.00 0.0014563
-170.00 -40.00 0.0006461
-165.00 -40.00 0.0009174
-160.00 -40.00 0.0008411
-155.00 -40.00 -0.0002452
-150.00 -40.00 -0.0016254
-145.00 -40.00 -0.0020252
-140.00 -40.00 -0.0009362
-135.00 -40.00 0.0007221
-130.00 -40.00 0.0014243
-125.00 -40.00 0.0007386
-120.00 -40.00 -7.71e-05
-115.00 -40.00 0.0005059
-110.00 -40.00 0.0025216
-105.00 -40.00 0.0044974
-100.00 -40.00 0.0050066
-95.00 -40.00 0.0039181
-90.00 -40.00 0.0022846
-85.00 -40.00 0.0013806
-80.00 -40.00 0.0018443
-75.00 -40.00 0.0033848
-70.00 -40.00 0.0050333
-65.00 -40.00 0.0057308
-60.00 -40.00 0.005005
-55.00 -40.00 0.0033388
-50.00 -40.00 0.0017728
-45.00 -40.00 0.0008979
-40.00 -40.00 0.0003001
-35.00 -40.00 -0.0007624
-30.00 -40.00 -0.0022408
-25.00 -40.00 -0.0032042
-20.00 -40.00 -0.0028915
-15.00 -40.00 -0.0015898
-10.00 -40.00 -0.0004253
-5.00 -40.00 -0.000427
0.00 -40.00 -0.0017086
5.00 -40.00 -0.0033668
10.00 -40.00 -0.0042569
15.00 -40.00 -0.0040397
20.00 -40.00 -0.0033924
25.00 -40.00 -0.003118
30.00 -40.00 -0.0032749
35.00 -40.00 -0.0033393
40.00 -40.00 -0.0029643
45.00 -40.00 -0.0023182
50.00 -40.00 -0.0018252
55.00 -40.00 -0.0017922
60.00 -40.00 -0.0021956
65.00 -40.00 -0.0026616
70.00 -40.00 -0.0027039
75.00 -40.00 -0.0021118
80.00 -40.00 -0.0011492
85.00 -40.00 -0.0003355
90.00 -40.00 9.44e-05
95.00 -40.00 0.0006148
100.00 -40.00 0.0020628
105.00 -40.00 0.0044839
110.00 -40.00 0.0064883
115.00 -40.00 0.0064112
120.00 -40.00 0.0042613
125.00 -40.00 0.0019452
130.00 -40.00 0.0012976
135.00 -40.00 0.0023043
140.00 -40.00 0.0034266
145.00 -40.00 0.0032647
150.00 -40.00 0.0018208
155.00 -40.00 0.000544
160.00 -40.00 0.0010899
165.00 -40.00 0.0035227
170.00 -40.00 0.0058373
175.00 -40.00 0.0058883
180.00 -40.00 0.0037391
-180.00 -35.00 0.0022465
-175.00 -35.00 0.0007292
-170.00 -35.00 0.0002977
-165.00 -35.00 1.64e-05
-160.00 -35.00 -0.0006766
-155.00 -35.00 -0.0011873
-150.00 -35.00 -0.0011009
-145.00 -35.00 -0.0008
-140.00 -35.00 -0.0006362
-135.00 -35.00 -0.000536
-130.00 -35.00 -0.0003329
-125.00 -35.00 0.0002596
-120.00 -35.00 0.0016197
-115.00 -35.00 0.0034706
-110.00 -35.00 0.0046351
-105.00 -35.00 0.0041857
-100.00 -35.00 0.0024915
-95.00 -35.00 0.0007577
-90.00 -35.00 -6.82e-05
-85.00 -35.00 0.0002336
-80.00 -35.00 0.0012214
-75.00 -35.00 0.0020569
-70.00 -35.00 0.0020468
-65.00 -35.00 0.001148
-60.00 -35.00 -7.46e-05
-55.00 -35.00 -0.0009072
-50.00 -35.00 -0.0009958
-45.00 -35.00 -0.0007218
-40.00 -35.00 -0.0009592
-35.00 -35.00 -0.002033
-30.00 -35.00 -0.0031007
-25.00 -35.00 -0.0030876
-20.00 -35.00 -0.0019834
-15.00 -35.00 -0.0006537
-10.00 -35.00 0.0002453
-5.00 -35.00 0.0004724
0.00 -35.00 -0.0002443
5.00 -35.00 -0.0019965
10.00 -35.00 -0.0042483
15.00 -35.00 -0.0062396
20.00 -35.00 -0.0075894
25.00 -35.00 -0.0080793
30.00 -35.00 -0.0073925
35.00 -35.00 -0.0056787
40.00 -35.00 -0.0039108
45.00 -35.00 -0.003043
50.00 -35.00 -0.003054
55.00 -35.00 -0.0031811
60.00 -35.00 -0.0028203
65.00 -35.00 -0.001967
70.00 -35.00 -0.0010165
75.00 -35.00 -0.0002619
80.00 -35.00 0.0004406
85.00 -35.00 0.0012952
90.00 -35.00 0.0019328
95.00 -35.00 0.0018399
100.00 -35.00 0.0014746
105.00 -35.00 0.0019335
110.00 -35.00 0.0032636
115.00 -35.00 0.0043096
120.00 -35.00 0.0045948
125.00 -35.00 0.0049939
130.00 -35.00 0.0060416
135.00 -35.00 0.0069503
140.00 -35.00 0.0068538
145.00 -35.00 0.0057905
150.00 -35.00 0.0041696
155.00 -35.00 0.0025669
160.00 -35.00 0.002053
165.00 -35.00 0.0031457
170.00 -35.00 0.0044679
175.00 -35.00 0.0041098
180.00 -35.00 0.0022465
-180.00 -30.00 -5.14e-05
-175.00 -30.00 -5.52e-05
-170.00 -30.00 0.0003609
-165.00 -30.00 -0.0007233
-160.00 -30.00 -0.0027738
-155.00 -30.00 -0.0033428
-150.00 -30.00 -0.0022439
-145.00 -30.00 -0.0017629
-140.00 -30.00 -0.0029359
-135.00 -30.00 -0.0043464
-130.00 -30.00 -0.0043155
-125.00 -30.00 -0.0023976
-120.00 -30.00 0.0006096
-115.00 -30.00 0.0028478
-110.00 -30.00 0.0026175
-105.00 -30.00 0.00033
-100.00 -30.00 -0.0018044
-95.00 -30.00 -0.0023271
-90.00 -30.00 -0.001522
-85.00 -30.00 -0.0001044
-80.00 -30.00 0.0013948
-75.00 -30.00 0.0020986
-70.00 -30.00 0.0013153
-65.00 -30.00 -0.0003159
-60.00 -30.00 -0.0013104
-55.00 -30.00 -0.0009239
-50.00 -30.00 0.0002605
-45.00 -30.00 0.0009636
-40.00 -30.00 0.0003062
-35.00 -30.00 -0.0011441
-30.00 -30.00 -0.0017232
-25.00 -30.00 -0.0008431
-20.00 -30.00 -2.22e-05
-15.00 -30.00 -0.0006112
-10.00 -30.00 -0.0016333
-5.00 -30.00 -0.0015
0.00 -30.00 -0.0007681
5.00 -30.00 -0.0013062
10.00 -30.00 -0.0035526
15.00 -30.00 -0.0062908
20.00 -30.00 -0.0083476
25.00 -30.00 -0.0090848
30.00 -30.00 -0.0081475
35.00 -30.00 -0.0061087
40.00 -30.00 -0.0045446
45.00 -30.00 -0.0043481
50.00 -30.00 -0.0046351
55.00 -30.00 -0.0039625
60.00 -30.00 -0.0019333
65.00 -30.00 0.0006144
70.00 -30.00 0.0023012
75.00 -30.00 0.0023259
80.00 -30.00 0.0015548
85.00 -30.00 0.0016942
90.00 -30.00 0.0027636
95.00 -30.00 0.0029227
100.00 -30.00 0.0016132
105.00 -30.00 0.0007322
110.00 -30.00 0.001577
115.00 -30.00 0.0030873
120.00 -30.00 0.0043043
125.00 -30.00 0.0057789
130.00 -30.00 0.0073105
135.00 -30.00 0.0073185
140.00 -30.00 0.0056755
145.00 -30.00 0.004146
150.00 -30.00 0.003217
155.00 -30.00 0.0017334
160.00 -30.00 4e-05
165.00 -30.00 -0.0001534
170.00 -30.00 0.0007784
175.00 -30.00 0.0007943
180.00 -30.00 -5.14e-05
-180.00 -25.00 -0.0014621
-175.00 -25.00 -0.0010196
-170.00 -25.00 -0.0002547
-165.00 -25.00 -0.0020459
-160.00 -25.00 -0.005284
-155.00 -25.00 -0.0061756
-150.00 -25.00 -0.0047416
-145.00 -25.00 -0.0042706
-140.00 -25.00 -0.0055638
-135.00 -25.00 -0.0064875
-130.00 -25.00 -0.0057696
-125.00 -25.00 -0.0037702
-120.00 -25.00 -0.0013596
-115.00 -25.00 -0.000192
-110.00 -25.00 -0.0016315
-105.00 -25.00 -0.0042191
-100.00 -25.00 -0.0049864
-95.00 -25.00 -0.003526
-90.00 -25.00 -0.0017437
-85.00 -25.00 -0.0002108
-80.00 -25.00 0.0017834
-75.00 -25.00 0.0034342
-70.00 -25.00 0.0031945
-65.00 -25.00 0.0016883
-60.00 -25.00 0.0010215
-55.00 -25.00 0.0017963
-50.00 -25.00 0.0026792
-45.00 -25.00 0.0022042
-40.00 -25.00 0.0001572
-35.00 -25.00 -0.0019139
-30.00 -25.00 -0.0018584
-25.00 -25.00 7.26e-05
-20.00 -25.00 0.0006846
-15.00 -25.00 -0.0017225
-10.00 -25.00 -0.0043556
-5.00 -25.00 -0.0040297
0.00 -25.00 -0.0020916
5.00 -25.00 -0.0021198
10.00 -25.00 -0.0046892
15.00 -25.00 -0.007526
20.00 -25.00 -0.0090638
25.00 -25.00 -0.0090602
30.00 -25.00 -0.0074358
35.00 -25.00 -0.0049295
40.00 -25.00 -0.003336
45.00 -25.00 -0.0033332
50.00 -25.00 -0.0035659
55.00 -25.00 -0.0027476
60.00 -25.00 -0.0009845
65.00 -25.00 0.0010481
70.00 -25.00 0.0023636
75.00 -25.00 0.0018327
80.00 -25.00 9.74e-05
85.00 -25.00 -0.0002832
90.00 -25.00 0.0013226
95.00 -25.00 0.0022372
100.00 -25.00 0.0011675
105.00 -25.00 0.0006548
110.00 -25.00 0.0022968
115.00 -25.00 0.0038851
120.00 -25.00 0.0039785
125.00 -25.00 0.0043821
130.00 -25.00 0.005528
135.00 -25.00 0.0049106
140.00 -25.00 0.0024101
145.00 -25.00 0.0012072
150.00 -25.00 0.0016031
155.00 -25.00 0.0003687
160.00 -25.00 -0.0025158
165.00 -25.00 -0.0033486
170.00 -25.00 -0.0016914
175.00 -25.00 -0.0008874
180.00 -25.00 -0.0014621
-180.00 -20.00 -0.0037424
-175.00 -20.00 -0.0044925
-170.00 -20.00 -0.0037846
-165.00 -20.00 -0.0050352
-160.00 -20.00 -0.0075498
-155.00 -20.00 -0.0078375
-150.00 -20.00 -0.0065215
-145.00 -20.00 -0.0063219
-140.00 -20.00 -0.0063353
-135.00 -20.00 -0.0046372
-130.00 -20.00 -0.0026169
-125.00 -20.00 -0.0019377
-120.00 -20.00 -0.001719
-115.00 -20.00 -0.0017658
-110.00 -20.00 -0.003393
-105.00 -20.00 -0.005453
-100.00 -20.00 -0.0051082
-95.00 -20.00 -0.002911
-90.00 -20.00 -0.0016376
-85.00 -20.00 -0.0010077
-80.00 -20.00 0.0009579
-75.00 -20.00 0.0030973
-70.00 -20.00 0.0029468
-65.00 -20.00 0.0014679
-60.00 -20.00 0.0013883
-55.00 -20.00 0.002727
-50.00 -20.00 0.0032894
-45.00 -20.00 0.0018078
-40.00 -20.00 -0.0011482
-35.00 -20.00 -0.0035149
-30.00 -20.00 -0.0029821
-25.00 -20.00 -0.0001844
-20.00 -20.00 0.0008289
-15.00 -20.00 -0.0018683
-10.00 -20.00 -0.0046892
-5.00 -20.00 -0.0041231
0.00 -20.00 -0.0024113
5.00 -20.00 -0.0035938
10.00 -20.00 -0.0072042
15.00 -20.00 -0.0100168
20.00 -20.00 -0.0109143
25.00 -20.00 -0.0103106
30.00 -20.00 -0.0078899
35.00 -20.00 -0.0041772
40.00 -20.00 -0.0014432
45.00 -20.00 -0.0007151
50.00 -20.00 -0.0006939
55.00 -20.00 -0.0006167
60.00 -20.00 -0.0008818
65.00 -20.00 -0.0008748
70.00 -20.00 8.47e-05
75.00 -20.00 0.0005551
80.00 -20.00 -0.0004429
85.00 -20.00 -0.0008082
90.00 -20.00 0.0007396
95.00 -20.00 0.0016892
100.00 -20.00 0.0007942
105.00 -20.00 0.0011529
110.00 -20.00 0.0039119
115.00 -20.00 0.0051109
120.00 -20.00 0.003181
125.00 -20.00 0.0022519
130.00 -20.00 0.0038765
135.00 -20.00 0.0039353
140.00 -20.00 0.0014609
145.00 -20.00 0.0009989
150.00 -20.00 0.0029762
155.00 -20.00 0.0020617
160.00 -20.00 -0.002236
165.00 -20.00 -0.004076
170.00 -20.00 -0.0022215
175.00 -20.00 -0.0017071
180.00 -20.00 -0.0037424
-180.00 -15.00 -0.006394
-175.00 -15.00 -0.0080828
-170.00 -15.00 -0.0072231
-165.00 -15.00 -0.007101
-160.00 -15.00 -0.0076299
-155.00 -15.00 -0.0067907
-150.00 -15.00 -0.0061273
-145.00 -15.00 -0.006717
-140.00 -15.00 -0.005273
-135.00 -15.00 -0.0008231
-130.00 -15.00 0.001843
-125.00 -15.00 0.0004058
-120.00 -15.00 -0.001322
-115.00 -15.00 -0.0012206
-110.00 -15.00 -0.0017488
-105.00 -15.00 -0.0032566
-100.00 -15.00 -0.0029922
-95.00 -15.00 -0.0012431
-90.00 -15.00 -0.0007014
-85.00 -15.00 -0.0008309
-80.00 -15.00 0.0002432
-75.00 -15.00 0.0008429
-70.00 -15.00 -0.0010393
-65.00 -15.00 -0.002959
-60.00 -15.00 -0.0017397
-55.00 -15.00 0.0013954
-50.00 -15.00 0.0031347
-45.00 -15.00 0.0022428
-40.00 -15.00 -0.0004669
-35.00 -15.00 -0.0030295
-30.00 -15.00 -0.0030376
-25.00 -15.00 -0.0006908
-20.00 -15.00 0.0003177
-15.00 -15.00 -0.0018734
-10.00 -15.00 -0.0040878
-5.00 -15.00 -0.0036199
0.00 -15.00 -0.0028667
5.00 -15.00 -0.0046772
10.00 -15.00 -0.0075011
15.00 -15.00 -0.0089309
20.00 -15.00 -0.0095509
25.00 -15.00 -0.0098488
30.00 -15.00 -0.0079768
35.00 -15.00 -0.0036895
40.00 -15.00 -3.57e-05
45.00 -15.00 0.0011815
50.00 -15.00 0.0012579
55.00 -15.00 0.0008757
60.00 -15.00 -0.0005412
65.00 -15.00 -0.0015986
70.00 -15.00 -0.0003749
75.00 -15.00 0.0015306
80.00 -15.00 0.0016216
85.00 -15.00 0.001182
90.00 -15.00 0.0020578
95.00 -15.00 0.0024181
100.00 -15.00 0.0011997
105.00 -15.00 0.0014918
110.00 -15.00 0.0039783
115.00 -15.00 0.0040369
120.00 -15.00 0.0007522
125.00 -15.00 -3.78e-05
130.00 -15.00 0.003202
135.00 -15.00 0.00425
140.00 -15.00 0.0014399
145.00 -15.00 0.0011389
150.00 -15.00 0.0045632
155.00 -15.00 0.0045331
160.00 -15.00 -0.0006696
165.00 -15.00 -0.0039485
170.00 -15.00 -0.0029027
175.00 -15.00 -0.0031467
180.00 -15.00 -0.006394
-180.00 -10.00 -0.0059496
-175.00 -10.00 -0.006588
-170.00 -10.00 -0.0054881
-165.00 -10.00 -0.0051515
-160.00 -10.00 -0.0051657
-155.00 -10.00 -0.0044576
-150.00 -10.00 -0.0049238
-145.00 -10.00 -0.0061216
-140.00 -10.00 -0.0036807
-135.00 -10.00 0.0018049
-130.00 -10.00 0.0035617
-125.00 -10.00 0.0001103
-120.00 -10.00 -0.0022913
-115.00 -10.00 -0.0009646
-110.00 -10.00 3.67e-05
-105.00 -10.00 -0.0009078
-100.00 -10.00 -0.0008203
-95.00 -10.00 0.0009002
-90.00 -10.00 0.0019506
-85.00 -10.00 0.0021179
-80.00 -10.00 0.0020418
-75.00 -10.00 0.000143
-70.00 -10.00 -0.0037617
-65.00 -10.00 -0.0058654
-60.00 -10.00 -0.0035904
-55.00 -10.00 0.0006725
-50.00 -10.00 0.0033915
-45.00 -10.00 0.0034413
-40.00 -10.00 0.0012597
-35.00 -10.00 -0.0016022
-30.00 -10.00 -0.0027373
-25.00 -10.00 -0.0019108
-20.00 -10.00 -0.0018718
-15.00 -10.00 -0.0037819
-10.00 -10.00 -0.0052614
-5.00 -10.00 -0.0049738
0.00 -10.00 -0.0047298
5.00 -10.00 -0.0052504
10.00 -10.00 -0.0048072
15.00 -10.00 -0.0036499
20.00 -10.00 -0.0044525
25.00 -10.00 -0.0068196
30.00 -10.00 -0.0067635
35.00 -10.00 -0.0031969
40.00 -10.00 0.000252
45.00 -10.00 0.0011707
50.00 -10.00 0.0010079
55.00 -10.00 0.0009364
60.00 -10.00 0.0003005
65.00 -10.00 -0.0002161
70.00 -10.00 0.0009839
75.00 -10.00 0.0027728
80.00 -10.00 0.0029726
85.00 -10.00 0.00254
90.00 -10.00 0.0031866
95.00 -10.00 0.0034113
100.00 -10.00 0.0019692
105.00 -10.00 0.0011764
110.00 -10.00 0.0017725
115.00 -10.00 0.0005006
120.00 -10.00 -0.0024171
125.00 -10.00 -0.0016433
130.00 -10.00 0.002762
135.00 -10.00 0.0035804
140.00 -10.00 -0.0002988
145.00 -10.00 -0.0011254
150.00 -10.00 0.0029042
155.00 -10.00 0.0037735
160.00 -10.00 -0.0013531
165.00 -10.00 -0.005354
170.00 -10.00 -0.0047138
175.00 -10.00 -0.004196
180.00 -10.00 -0.0059496
-180.00 -5.00 -0.0030408
-175.00 -5.00 -0.0018091
-170.00 -5.00 -0.0008585
-165.00 -5.00 -0.0017082
-160.00 -5.00 -0.0031471
-155.00 -5.00 -0.0039462
-150.00 -5.00 -0.00511
-145.00 -5.00 -0.0055195
-140.00 -5.00 -0.0022227
-135.00 -5.00 0.0024048
-130.00 -5.00 0.0023729
-125.00 -5.00 -0.0017155
-120.00 -5.00 -0.0034023
-115.00 -5.00 -0.0012931
-110.00 -5.00 0.0001322
-105.00 -5.00 -0.0004169
-100.00 -5.00 4.21e-05
-95.00 -5.00 0.0022931
-90.00 -5.00 0.0043683
-85.00 -5.00 0.0052733
-80.00 -5.00 0.0046027
-75.00 -5.00 0.0016981
-70.00 -5.00 -0.0019571
-65.00 -5.00 -0.0032489
-60.00 -5.00 -0.001593
-55.00 -5.00 0.0008389
-50.00 -5.00 0.0024412
-45.00 -5.00 0.0026392
-40.00 -5.00 0.0010673
-35.00 -5.00 -0.0011618
-30.00 -5.00 -0.0021067
-25.00 -5.00 -0.0022313
-20.00 -5.00 -0.0035375
-15.00 -5.00 -0.0055035
-10.00 -5.00 -0.0060707
-5.00 -5.00 -0.0056879
0.00 -5.00 -0.0058254
5.00 -5.00 -0.0052228
10.00 -5.00 -0.0024458
15.00 -5.00 -0.0001134
20.00 -5.00 -0.0015908
25.00 -5.00 -0.0051633
30.00 -5.00 -0.006123
35.00 -5.00 -0.0034881
40.00 -5.00 -0.0006195
45.00 -5.00 0.0001391
50.00 -5.00 -0.0001727
55.00 -5.00 -2.13e-05
60.00 -5.00 0.0005195
65.00 -5.00 0.0010486
70.00 -5.00 0.0017133
75.00 -5.00 0.0022973
80.00 -5.00 0.002488
85.00 -5.00 0.002963
90.00 -5.00 0.0040753
95.00 -5.00 0.0043525
100.00 -5.00 0.0027463
105.00 -5.00 0.0006205
110.00 -5.00 -0.0009482
115.00 -5.00 -0.0027067
120.00 -5.00 -0.0037267
125.00 -5.00 -0.0014616
130.00 -5.00 0.0022037
135.00 -5.00 0.0018994
140.00 -5.00 -0.0017222
145.00 -5.00 -0.0020969
150.00 -5.00 0.0013109
155.00 -5.00 0.0014449
160.00 -5.00 -0.0036369
165.00 -5.00 -0.0074394
170.00 -5.00 -0.0064313
175.00 -5.00 -0.0041629
180.00 -5.00 -0.0030408
-180.00 0.00 -0.0017064
-175.00 0.00 -0.0002147
-170.00 0.00 0.0001516
-165.00 0.00 -0.0013878
-160.00 0.00 -0.0038029
-155.00 0.00 -0.0056631
-150.00 0.00 -0.0062629
-145.00 0.00 -0.0045286
-140.00 0.00 -0.00062
-135.00 0.00 0.0019541
-130.00 0.00 0.0005453
-125.00 0.00 -0.0020271
-120.00 0.00 -0.0019338
-115.00 0.00 -0.0003934
-110.00 0.00 -0.0004144
-105.00 0.00 -0.0012211
-100.00 0.00 -0.0004046
-95.00 0.00 0.0019371
-90.00 0.00 0.0042406
-85.00 0.00 0.0053832
-80.00 0.00 0.0045487
-75.00 0.00 0.0022693
-70.00 0.00 0.0007698
-65.00 0.00 0.0007821
-60.00 0.00 0.0005613
-55.00 0.00 -0.0003432
-50.00 0.00 -0.0004099
-45.00 0.00 0.0001316
-40.00 0.00 -0.0001841
-35.00 0.00 -0.000472
-30.00 0.00 0.0003609
-25.00 0.00 0.0001411
-20.00 0.00 -0.0025902
-15.00 0.00 -0.0048
-10.00 0.00 -0.0041814
-5.00 0.00 -0.0032872
0.00 0.00 -0.0040658
5.00 0.00 -0.0041044
10.00 0.00 -0.0021675
15.00 0.00 -0.0013825
20.00 0.00 -0.0036337
25.00 0.00 -0.006208
30.00 0.00 -0.0062386
35.00 0.00 -0.0041363
40.00 0.00 -0.0017363
45.00 0.00 -0.0003373
50.00 0.00 -0.0003435
55.00 0.00 -0.0007433
60.00 0.00 -4.05e-05
65.00 0.00 0.0014715
70.00 0.00 0.0022822
75.00 0.00 0.0024376
80.00 0.00 0.0032999
85.00 0.00 0.0049035
90.00 0.00 0.0058215
95.00 0.00 0.0052106
100.00 0.00 0.0033609
105.00 0.00 0.0008656
110.00 0.00 -0.001524
115.00 0.00 -0.0026685
120.00 0.00 -0.0017643
125.00 0.00 0.0002972
130.00 0.00 0.001132
135.00 0.00 -0.0001359
140.00 0.00 -0.000908
145.00 0.00 0.001111
150.00 0.00 0.0031628
155.00 0.00 0.0008029
160.00 0.00 -0.0047294
165.00 0.00 -0.0078154
170.00 0.00 -0.0065057
175.00 0.00 -0.0037592
180.00 0.00 -0.0017064
-180.00 5.00 -0.0018284
-175.00 5.00 -0.0017716
-170.00 5.00 -0.0023046
-165.00 5.00 -0.0035483
-160.00 5.00 -0.0055416
-155.00 5.00 -0.0072238
-150.00 5.00 -0.0064271
-145.00 5.00 -0.0025766
-140.00 5.00 0.0010851
-135.00 5.00 0.0010956
-130.00 5.00 -0.0009171
-125.00 5.00 -0.0007775
-120.00 5.00 0.001214
-115.00 5.00 0.0011882
-110.00 5.00 -0.001255
-105.00 5.00 -0.0027143
-100.00 5.00 -0.0016775
-95.00 5.00 0.0006043
-90.00 5.00 0.0030566
-85.00 5.00 0.004487
-80.00 5.00 0.0034548
-75.00 5.00 0.0012701
-70.00 5.00 0.0008214
-65.00 5.00 0.0013067
-60.00 5.00 -0.0002071
-55.00 5.00 -0.0025539
-50.00 5.00 -0.0025156
-45.00 5.00 -0.0010288
-40.00 5.00 -0.0004511
-35.00 5.00 0.0004932
-30.00 5.00 0.0024218
-25.00 5.00 0.0017649
-20.00 5.00 -0.0022946
-15.00 5.00 -0.0045567
-10.00 5.00 -0.0026183
-5.00 5.00 -0.000747
0.00 5.00 -0.0014005
5.00 5.00 -0.0019339
10.00 5.00 -0.0017689
15.00 5.00 -0.0035272
20.00 5.00 -0.0064002
25.00 5.00 -0.0069645
30.00 5.00 -0.0055116
35.00 5.00 -0.0043359
40.00 5.00 -0.0028808
45.00 5.00 -0.0006004
50.00 5.00 0.000167
55.00 5.00 -0.0010305
60.00 5.00 -0.0008565
65.00 5.00 0.0017609
70.00 5.00 0.0039379
75.00 5.00 0.0046799
80.00 5.00 0.0058494
85.00 5.00 0.0071463
90.00 5.00 0.0064709
95.00 5.00 0.0044524
100.00 5.00 0.0031523
105.00 5.00 0.002234
110.00 5.00 0.000968
115.00 5.00 0.0009294
120.00 5.00 0.0025842
125.00 5.00 0.0028552
130.00 5.00 7.21e-05
135.00 5.00 -0.0021775
140.00 5.00 -0.0001395
145.00 5.00 0.0038832
150.00 5.00 0.0043228
155.00 5.00 -9.98e-05
160.00 5.00 -0.0050737
165.00 5.00 -0.0065433
170.00 5.00 -0.0048748
175.00 5.00 -0.0028063
180.00 5.00 -0.0018284
-180.00 10.00 -0.0007611
-175.00 10.00 -0.0016416
-170.00 10.00 -0.0031714
-165.00 10.00 -0.0045944
-160.00 10.00 -0.0062532
-155.00 10.00 -0.0073497
-150.00 10.00 -0.0052692
-145.00 10.00 -0.0003786
-140.00 10.00 0.002183
-135.00 10.00 -9.21e-05
-130.00 10.00 -0.0023045
-125.00 10.00 -4.58e-05
-120.00 10.00 0.0030304
-115.00 10.00 0.0016429
-110.00 10.00 -0.0024005
-105.00 10.00 -0.0041545
-100.00 10.00 -0.0029281
-95.00 10.00 -0.0003721
-90.00 10.00 0.0030948
-85.00 10.00 0.0057887
-80.00 10.00 0.0048748
-75.00 10.00 0.0015678
-70.00 10.00 -0.0001814
-65.00 10.00 -0.0004608
-60.00 10.00 -0.0018516
-55.00 10.00 -0.0030782
-50.00 10.00 -0.0018198
-45.00 10.00 -0.0002764
-40.00 10.00 -0.0006982
-35.00 10.00 -0.0007477
-30.00 10.00 0.0004558
-25.00 10.00 -0.0008652
-20.00 10.00 -0.0050228
-15.00 10.00 -0.0064895
-10.00 10.00 -0.0036155
-5.00 10.00 -0.0010368
0.00 10.00 -0.0005091
5.00 10.00 0.000326
10.00 10.00 0.0003671
15.00 10.00 -0.0030018
20.00 10.00 -0.0065571
25.00 10.00 -0.0060192
30.00 10.00 -0.0040496
35.00 10.00 -0.0044098
40.00 10.00 -0.0045023
45.00 10.00 -0.0018761
50.00 10.00 -0.0002135
55.00 10.00 -0.001701
60.00 10.00 -0.0020306
65.00 10.00 0.0014197
70.00 10.00 0.0050787
75.00 10.00 0.0063512
80.00 10.00 0.0067514
85.00 10.00 0.0064679
90.00 10.00 0.0040909
95.00 10.00 0.0015127
100.00 10.00 0.0016588
105.00 10.00 0.0032075
110.00 10.00 0.0037962
115.00 10.00 0.0046493
120.00 10.00 0.0063985
125.00 10.00 0.0056159
130.00 10.00 0.001088
135.00 10.00 -0.0021707
140.00 10.00 -0.0005135
145.00 10.00 0.0021873
150.00 10.00 0.0008284
155.00 10.00 -0.0033747
160.00 10.00 -0.0058728
165.00 10.00 -0.0052373
170.00 10.00 -0.0031791
175.00 10.00 -0.0013711
180.00 10.00 -0.0007611
-180.00 15.00 6.5e-05
-175.00 15.00 -0.0001823
-170.00 15.00 -0.002178
-165.00 15.00 -0.0044253
-160.00 15.00 -0.0062524
-155.00 15.00 -0.006641
-150.00 15.00 -0.0036769
-145.00 15.00 0.001108
-140.00 15.00 0.0023036
-135.00 15.00 -0.0012297
-130.00 15.00 -0.0033037
-125.00 15.00 -0.0001159
-120.00 15.00 0.0034392
-115.00 15.00 0.0022026
-110.00 15.00 -0.0013991
-105.00 15.00 -0.0029396
-100.00 15.00 -0.0024026
-95.00 15.00 -0.0006785
-90.00 15.00 0.0030758
-85.00 15.00 0.0070919
-80.00 15.00 0.0071703
-75.00 15.00 0.0034128
-70.00 15.00 0.0001074
-65.00 15.00 -0.0011945
-60.00 15.00 -0.0018751
-55.00 15.00 -0.0015367
-50.00 15.00 0.0002054
-45.00 15.00 0.0006286
-40.00 15.00 -0.001485
-35.00 15.00 -0.0030177
-30.00 15.00 -0.0027703
-25.00 15.00 -0.0038012
-20.00 15.00 -0.0063084
-15.00 15.00 -0.0063829
-10.00 15.00 -0.0037734
-5.00 15.00 -0.0020303
0.00 15.00 -0.0010062
5.00 15.00 0.0013773
10.00 15.00 0.0022271
15.00 15.00 -0.0014733
20.00 15.00 -0.0052476
25.00 15.00 -0.0042402
30.00 15.00 -0.0020896
35.00 15.00 -0.0033632
40.00 15.00 -0.0047085
45.00 15.00 -0.0024369
50.00 15.00 -0.0003463
55.00 15.00 -0.0018039
60.00 15.00 -0.0027988
65.00 15.00 0.0002496
70.00 15.00 0.0041878
75.00 15.00 0.0055271
80.00 15.00 0.0051388
85.00 15.00 0.0038716
90.00 15.00 0.001172
95.00 15.00 -0.0010651
100.00 15.00 -0.000268
105.00 15.00 0.0020469
110.00 15.00 0.003207
115.00 15.00 0.0042087
120.00 15.00 0.0062386
125.00 15.00 0.0067256
130.00 15.00 0.0040015
135.00 15.00 0.0010371
140.00 15.00 0.0001484
145.00 15.00 -0.000805
150.00 15.00 -0.0033975
155.00 15.00 -0.0052782
160.00 15.00 -0.0047427
165.00 15.00 -0.0034635
170.00 15.00 -0.0026415
175.00 15.00 -0.0013668
180.00 15.00 6.5e-05
-180.00 20.00 -0.001422
-175.00 20.00 -0.0008103
-170.00 20.00 -0.0025075
-165.00 20.00 -0.0049266
-160.00 20.00 -0.0063127
-155.00 20.00 -0.0055558
-150.00 20.00 -0.0020924
-145.00 20.00 0.0017904
-140.00 20.00 0.0018709
-135.00 20.00 -0.0016665
-130.00 20.00 -0.0031793
-125.00 20.00 9.03e-05
-120.00 20.00 0.0039152
-115.00 20.00 0.0043252
-110.00 20.00 0.0029097
-105.00 20.00 0.0019399
-100.00 20.00 0.0007101
-95.00 20.00 -0.0003927
-90.00 20.00 0.0012593
-85.00 20.00 0.005066
-80.00 20.00 0.0066678
-75.00 20.00 0.0045131
-70.00 20.00 0.0014867
-65.00 20.00 -0.0002187
-60.00 20.00 -0.0007059
-55.00 20.00 4.23e-05
-50.00 20.00 0.0014495
-45.00 20.00 0.0013116
-40.00 20.00 -0.0008036
-35.00 20.00 -0.0023687
-30.00 20.00 -0.0024836
-25.00 20.00 -0.0029852
-20.00 20.00 -0.0037847
-15.00 20.00 -0.0029387
-10.00 20.00 -0.0014388
-5.00 20.00 -0.00147
0.00 20.00 -0.0013678
5.00 20.00 0.0007548
10.00 20.00 0.0016225
15.00 20.00 -0.0014093
20.00 20.00 -0.0039226
25.00 20.00 -0.0017317
30.00 20.00 0.001255
35.00 20.00 0.0004105
40.00 20.00 -0.0011872
45.00 20.00 0.000454
50.00 20.00 0.0022983
55.00 20.00 0.0006698
60.00 20.00 -0.0014576
65.00 20.00 -0.0001969
70.00 20.00 0.0026463
75.00 20.00 0.0037951
80.00 20.00 0.0034269
85.00 20.00 0.0025284
90.00 20.00 0.0008375
95.00 20.00 -0.0007533
100.00 20.00 -0.0006464
105.00 20.00 0.0003189
110.00 20.00 0.0004335
115.00 20.00 0.0006079
120.00 20.00 0.002384
125.00 20.00 0.0045622
130.00 20.00 0.0051164
135.00 20.00 0.0039059
140.00 20.00 0.0013498
145.00 20.00 -0.0021831
150.00 20.00 -0.00447
155.00 20.00 -0.0031964
160.00 20.00 -0.0003095
165.00 20.00 3.19e-05
170.00 20.00 -0.0020764
175.00 20.00 -0.0028426
180.00 20.00 -0.001422
-180.00 25.00 -0.00224
-175.00 25.00 -0.001947
-170.00 25.00 -0.0034461
-165.00 25.00 -0.0054841
-160.00 25.00 -0.0060784
-155.00 25.00 -0.0044114
-150.00 25.00 -0.0009802
-145.00 25.00 0.0019784
-140.00 25.00 0.001883
-135.00 25.00 -0.0005556
-130.00 25.00 -0.0015183
-125.00 25.00 0.0006414
-120.00 25.00 0.0034876
-115.00 25.00 0.0049916
-110.00 25.00 0.0058181
-105.00 25.00 0.0059498
-100.00 25.00 0.0038051
-95.00 25.00 0.0003165
-90.00 25.00 -0.0007657
-85.00 25.00 0.0016931
-80.00 25.00 0.0045154
-75.00 25.00 0.0049806
-70.00 25.00 0.003637
-65.00 25.00 0.0020267
-60.00 25.00 0.0009794
-55.00 25.00 0.001041
-50.00 25.00 0.0019154
-45.00 25.00 0.0021773
-40.00 25.00 0.0012292
-35.00 25.00 -4.4e-05
-30.00 25.00 -0.0012887
-25.00 25.00 -0.0027408
-20.00 25.00 -0.003309
-15.00 25.00 -0.0019907
-10.00 25.00 -0.0004808
-5.00 25.00 -0.000619
0.00 25.00 -0.0009862
5.00 25.00 -0.0001019
10.00 25.00 1.11e-05
15.00 25.00 -0.0018875
20.00 25.00 -0.002401
25.00 25.00 0.0008386
30.00 25.00 0.0041772
35.00 25.00 0.0040387
40.00 25.00 0.0030535
45.00 25.00 0.0045581
50.00 25.00 0.0061533
55.00 25.00 0.0044211
60.00 25.00 0.0013258
65.00 25.00 0.0006296
70.00 25.00 0.0019584
75.00 25.00 0.0027542
80.00 25.00 0.0026122
85.00 25.00 0.002405
90.00 25.00 0.0021188
95.00 25.00 0.0017327
100.00 25.00 0.0017245
105.00 25.00 0.001713
110.00 25.00 0.000866
115.00 25.00 -0.0002105
120.00 25.00 -1.17e-05
125.00 25.00 0.0016955
130.00 25.00 0.0035042
135.00 25.00 0.003482
140.00 25.00 0.0005249
145.00 25.00 -0.0037524
150.00 25.00 -0.0051363
155.00 25.00 -0.0015701
160.00 25.00 0.0030991
165.00 25.00 0.0035564
170.00 25.00 0.000143
175.00 25.00 -0.0024065
180.00 25.00 -0.00224
-180.00 30.00 0.0002406
-175.00 30.00 -0.0005257
-170.00 30.00 -0.0024667
-165.00 30.00 -0.0046057
-160.00 30.00 -0.0052628
-155.00 30.00 -0.0037704
-150.00 30.00 -0.0007326
-145.00 30.00 0.0022166
-140.00 30.00 0.0034172
-135.00 30.00 0.0028348
-130.00 30.00 0.0019094
-125.00 30.00 0.001451
-120.00 30.00 0.001198
-115.00 30.00 0.0014987
-110.00 30.00 0.0030496
-105.00 30.00 0.0046226
-100.00 30.00 0.0038216
-95.00 30.00 0.0008683
-90.00 30.00 -0.000967
-85.00 30.00 0.0004218
-80.00 30.00 0.0035598
-75.00 30.00 0.0057835
-70.00 30.00 0.0060161
-65.00 30.00 0.0047605
-60.00 30.00 0.0031258
-55.00 30.00 0.0022138
-50.00 30.00 0.0022852
-45.00 30.00 0.0024683
-40.00 30.00 0.0017499
-35.00 30.00 -0.0002478
-30.00 30.00 -0.0033215
-25.00 30.00 -0.0063061
-20.00 30.00 -0.007135
-15.00 30.00 -0.0050202
-10.00 30.00 -0.0019352
-5.00 30.00 -0.0001729
0.00 30.00 0.0003644
5.00 30.00 0.0006248
10.00 30.00 0.0002458
15.00 30.00 -0.000714
20.00 30.00 -0.0003934
25.00 30.00 0.0017881
30.00 30.00 0.0033587
35.00 30.00 0.0028884
40.00 30.00 0.0027822
45.00 30.00 0.0049435
50.00 30.00 0.0068929
55.00 30.00 0.005645
60.00 30.00 0.0026052
65.00 30.00 0.0011721
70.00 30.00 0.0017696
75.00 30.00 0.0023675
80.00 30.00 0.0021526
85.00 30.00 0.0020251
90.00 30.00 0.0026228
95.00 30.00 0.0037423
100.00 30.00 0.0049191
105.00 30.00 0.0054919
110.00 30.00 0.0048413
115.00 30.00 0.0032578
120.00 30.00 0.0020552
125.00 30.00 0.0023272
130.00 30.00 0.0035225
135.00 30.00 0.0033767
140.00 30.00 9.59e-05
145.00 30.00 -0.0047087
150.00 30.00 -0.0065498
155.00 30.00 -0.0031451
160.00 30.00 0.002223
165.00 30.00 0.0045376
170.00 30.00 0.0030689
175.00 30.00 0.0010179
180.00 30.00 0.0002406
-180.00 35.00 0.0027905
-175.00 35.00 0.0014512
-170.00 35.00 -0.0005529
-165.00 35.00 -0.0026445
-160.00 35.00 -0.0036984
-155.00 35.00 -0.0029566
-150.00 35.00 -0.0004285
-145.00 35.00 0.0030092
-140.00 35.00 0.0059005
-135.00 35.00 0.0070022
-130.00 35.00 0.0058547
-125.00 35.00 0.0028502
-120.00 35.00 -0.0006232
-115.00 35.00 -0.002429
-110.00 35.00 -0.0013686
-105.00 35.00 0.0011737
-100.00 35.00 0.0024582
-95.00 35.00 0.0015786
-90.00 35.00 0.0003629
-85.00 35.00 0.0008619
-80.00 35.00 0.0030434
-75.00 35.00 0.005309
-70.00 35.00 0.0062997
-65.00 35.00 0.0057733
-60.00 35.00 0.0044089
-55.00 35.00 0.0031566
-50.00 35.00 0.002464
-45.00 35.00 0.00195
-40.00 35.00 0.0008265
-35.00 35.00 -0.0014364
-30.00 35.00 -0.0045593
-25.00 35.00 -0.0071444
-20.00 35.00 -0.0073985
-15.00 35.00 -0.0049544
-10.00 35.00 -0.0015818
-5.00 35.00 0.0006684
0.00 35.00 0.0014669
5.00 35.00 0.0016797
10.00 35.00 0.0018239
15.00 35.00 0.0019921
20.00 35.00 0.0022357
25.00 35.00 0.0020426
30.00 35.00 0.0006885
35.00 35.00 -0.0009534
40.00 35.00 -0.0006149
45.00 35.00 0.0020929
50.00 35.00 0.0043697
55.00 35.00 0.003793
60.00 35.00 0.0016163
65.00 35.00 0.0007386
70.00 35.00 0.0017125
75.00 35.00 0.0026952
80.00 35.00 0.0025253
85.00 35.00 0.001999
90.00 35.00 0.002318
95.00 35.00 0.0036221
100.00 35.00 0.0051486
105.00 35.00 0.0060377
110.00 35.00 0.0058894
115.00 35.00 0.0050709
120.00 35.00 0.004628
125.00 35.00 0.0054306
130.00 35.00 0.006924
135.00 35.00 0.0069623
140.00 35.00 0.0038229
145.00 35.00 -0.0012162
150.00 35.00 -0.0042998
155.00 35.00 -0.0029376
160.00 35.00 0.0011782
165.00 35.00 0.0043027
170.00 35.00 0.0048006
175.00 35.00 0.003861
180.00 35.00 0.0027905
-180.00 40.00 0.0025432
-175.00 40.00 0.0014932
-170.00 40.00 0.0007437
-165.00 40.00 1.31e-05
-160.00 40.00 -0.0005543
-155.00 40.00 -0.0004075
-150.00 40.00 0.0010068
-145.00 40.00 0.0036258
-140.00 40.00 0.0064385
-135.00 40.00 0.0078998
-130.00 40.00 0.0068933
-125.00 40.00 0.0036213
-120.00 40.00 -0.0001838
-115.00 40.00 -0.0021934
-110.00 40.00 -0.0012768
-105.00 40.00 0.0014158
-100.00 40.00 0.0035031
-95.00 40.00 0.0036473
-90.00 40.00 0.0025512
-85.00 40.00 0.0017837
-80.00 40.00 0.0021219
-75.00 40.00 0.0031617
-70.00 40.00 0.0040577
-65.00 40.00 0.0042834
-60.00 40.00 0.0038508
-55.00 40.00 0.0030952
-50.00 40.00 0.0023289
-45.00 40.00 0.0016423
-40.00 40.00 0.0009409
-35.00 40.00 0.0001195
-30.00 40.00 -0.0007048
-25.00 40.00 -0.0010832
-20.00 40.00 -0.0006162
-15.00 40.00 0.0003706
-10.00 40.00 0.0008767
-5.00 40.00 0.0003516
0.00 40.00 -0.0004622
5.00 40.00 -0.0002363
10.00 40.00 0.0014864
15.00 40.00 0.0037506
20.00 40.00 0.0048944
25.00 40.00 0.0037843
30.00 40.00 0.0009238
35.00 40.00 -0.0014992
40.00 40.00 -0.0014429
45.00 40.00 0.0006977
50.00 40.00 0.0023658
55.00 40.00 0.0018941
60.00 40.00 0.000474
65.00 40.00 0.0003846
70.00 40.00 0.0020254
75.00 40.00 0.0037122
80.00 40.00 0.004012
85.00 40.00 0.0032066
90.00 40.00 0.0024146
95.00 40.00 0.0021444
100.00 40.00 0.0020932
105.00 40.00 0.0019175
110.00 40.00 0.0017819
115.00 40.00 0.0022543
120.00 40.00 0.0038431
125.00 40.00 0.0064445
130.00 40.00 0.0089534
135.00 40.00 0.0096331
140.00 40.00 0.0075436
145.00 40.00 0.0038857
150.00 40.00 0.0013878
155.00 40.00 0.0017856
160.00 40.00 0.0041083
165.00 40.00 0.0058687
170.00 40.00 0.0056679
175.00 40.00 0.0041229
180.00 40.00 0.0025432
-180.00 45.00 0.0021169
-175.00 45.00 0.0017533
-170.00 45.00 0.0026662
-165.00 45.00 0.0036922
-160.00 45.00 0.0039296
-155.00 45.00 0.0033899
-150.00 45.00 0.0028242
-145.00 45.00 0.002934
-140.00 45.00 0.0036697
-135.00 45.00 0.0042366
-130.00 45.00 0.0038035
-125.00 45.00 0.0023188
-120.00 45.00 0.000734
-115.00 45.00 0.0003414
-110.00 45.00 0.0016756
-105.00 45.00 0.0039615
-100.00 45.00 0.0057214
-95.00 45.00 0.0059976
-90.00 45.00 0.0049987
-85.00 45.00 0.0036645
-80.00 45.00 0.0027905
-75.00 45.00 0.0025744
-70.00 45.00 0.0027559
-65.00 45.00 0.0029586
-60.00 45.00 0.0029078
-55.00 45.00 0.0025059
-50.00 45.00 0.0018604
-45.00 45.00 0.0012745
-40.00 45.00 0.0011292
-35.00 45.00 0.0016557
-30.00 45.00 0.0027427
-25.00 45.00 0.0038964
-20.00 45.00 0.0043486
-15.00 45.00 0.0033448
-10.00 45.00 0.0006943
-5.00 45.00 -0.0026952
0.00 45.00 -0.0049888
5.00 45.00 -0.0045775
10.00 45.00 -0.0014114
15.00 45.00 0.0027212
20.00 45.00 0.0053613
25.00 45.00 0.005164
30.00 45.00 0.002908
35.00 45.00 0.0007911
40.00 45.00 0.0004322
45.00 45.00 0.001425
50.00 45.00 0.0020388
55.00 45.00 0.0013601
60.00 45.00 0.0003555
65.00 45.00 0.0006119
70.00 45.00 0.0024091
75.00 45.00 0.0044602
80.00 45.00 0.005357
85.00 45.00 0.0047832
90.00 45.00 0.0033219
95.00 45.00 0.0016087
100.00 45.00 1.64e-05
105.00 45.00 -0.0010686
110.00 45.00 -0.0011131
115.00 45.00 0.0002227
120.00 45.00 0.0026573
125.00 45.00 0.0052456
130.00 45.00 0.0068046
135.00 45.00 0.0066143
140.00 45.00 0.0050382
145.00 45.00 0.0035146
150.00 45.00 0.0035686
155.00 45.00 0.0054405
160.00 45.00 0.007683
165.00 45.00 0.0083689
170.00 45.00 0.0068196
175.00 45.00 0.0041369
180.00 45.00 0.0021169
-180.00 50.00 0.0035566
-175.00 50.00 0.0037244
-170.00 50.00 0.0052345
-165.00 50.00 0.0067383
-160.00 50.00 0.0070061
-155.00 50.00 0.0057588
-150.00 50.00 0.0037108
-145.00 50.00 0.0019185
-140.00 50.00 0.0010176
-135.00 50.00 0.0009219
-130.00 50.00 0.0011149
-125.00 50.00 0.0011995
-120.00 50.00 0.0012225
-115.00 50.00 0.0015413
-110.00 50.00 0.0024022
-105.00 50.00 0.00365
-100.00 50.00 0.0048288
-95.00 50.00 0.0055369
-90.00 50.00 0.0056714
-85.00 50.00 0.0053823
-80.00 50.00 0.0048779
-75.00 50.00 0.0043037
-70.00 50.00 0.0037318
-65.00 50.00 0.0031662
-60.00 50.00 0.0025285
-55.00 50.00 0.0016972
-50.00 50.00 0.0006478
-45.00 50.00 -0.0004055
-40.00 50.00 -0.0010405
-35.00 50.00 -0.000887
-30.00 50.00 3.62e-05
-25.00 50.00 0.0011613
-20.00 50.00 0.0015641
-15.00 50.00 0.0004843
-10.00 50.00 -0.00207
-5.00 50.00 -0.0050622
0.00 50.00 -0.006862
5.00 50.00 -0.0062646
10.00 50.00 -0.0034062
15.00 50.00 0.0002031
20.00 50.00 0.0026822
25.00 50.00 0.0030982
30.00 50.00 0.0020401
35.00 50.00 0.0009477
40.00 50.00 0.0007824
45.00 50.00 0.0012834
50.00 50.00 0.0015114
55.00 50.00 0.0010498
60.00 50.00 0.0005267
65.00 50.00 0.0009141
70.00 50.00 0.0024552
75.00 50.00 0.0043907
80.00 50.00 0.0056433
85.00 50.00 0.0056222
90.00 50.00 0.0044439
95.00 50.00 0.0026757
100.00 50.00 0.0010548
105.00 50.00 0.0003072
110.00 50.00 0.0008797
115.00 50.00 0.0025895
120.00 50.00 0.0045248
125.00 50.00 0.0054673
130.00 50.00 0.0046681
135.00 50.00 0.0024566
140.00 50.00 0.0002015
145.00 50.00 -0.00047
150.00 50.00 0.0012192
155.00 50.00 0.0045281
160.00 50.00 0.0075816
165.00 50.00 0.0086587
170.00 50.00 0.0074288
175.00 50.00 0.0051292
180.00 50.00 0.0035566
-180.00 55.00 0.0042411
-175.00 55.00 0.0045045
-170.00 55.00 0.0055237
-165.00 55.00 0.0064231
-160.00 55.00 0.0064114
-155.00 55.00 0.0053451
-150.00 55.00 0.0037831
-145.00 55.00 0.0025522
-140.00 55.00 0.0021826
-135.00 55.00 0.0026097
-130.00 55.00 0.0032981
-125.00 55.00 0.0036413
-120.00 55.00 0.0033425
-115.00 55.00 0.0025496
-110.00 55.00 0.0017143
-105.00 55.00 0.0013098
-100.00 55.00 0.0015842
-95.00 55.00 0.0024565
-90.00 55.00 0.003569
-85.00 55.00 0.0044558
-80.00 55.00 0.0047559
-75.00 55.00 0.0043704
-70.00 55.00 0.0034737
-65.00 55.00 0.0023605
-60.00 55.00 0.0012383
-55.00 55.00 0.0001244
-50.00 55.00 -0.0010656
-45.00 55.00 -0.0023218
-40.00 55.00 -0.0034193
-35.00 55.00 -0.0040087
-30.00 55.00 -0.0038705
-25.00 55.00 -0.0031392
-20.00 55.00 -0.0022986
-15.00 55.00 -0.0019028
-10.00 55.00 -0.0021902
-5.00 55.00 -0.0028779
0.00 55.00 -0.0033313
5.00 55.00 -0.0030331
10.00 55.00 -0.0020009
15.00 55.00 -0.0007972
20.00 55.00 -8.78e-05
25.00 55.00 -0.0001054
30.00 55.00 -0.0004852
35.00 55.00 -0.0006314
40.00 55.00 -0.0002754
45.00 55.00 0.0003078
50.00 55.00 0.0006373
55.00 55.00 0.0005719
60.00 55.00 0.0005024
65.00 55.00 0.0009945
70.00 55.00 0.0022416
75.00 55.00 0.0038423
80.00 55.00 0.0050635
85.00 55.00 0.0053211
90.00 55.00 0.0045197
95.00 55.00 0.0031041
100.00 55.00 0.0018627
105.00 55.00 0.0015683
110.00 55.00 0.0025576
115.00 55.00 0.0044495
120.00 55.00 0.006237
125.00 55.00 0.0068131
130.00 55.00 0.0056688
135.00 55.00 0.0033016
140.00 55.00 0.0010038
145.00 55.00 0.0001003
150.00 55.00 0.0011108
155.00 55.00 0.0034079
160.00 55.00 0.0056389
165.00 55.00 0.0066363
170.00 55.00 0.00617
175.00 55.00 0.0050025
180.00 55.00 0.0042411
-180.00 60.00 0.0027033
-175.00 60.00 0.0028154
-170.00 60.00 0.0032793
-165.00 60.00 0.0037344
-160.00 60.00 0.0039147
-155.00 60.00 0.0038621
-150.00 60.00 0.0038984
-145.00 60.00 0.0043779
-140.00 60.00 0.0053978
-135.00 60.00 0.0066686
-130.00 60.00 0.0076327
-125.00 60.00 0.0077568
-120.00 60.00 0.0068245
-115.00 60.00 0.0050647
-110.00 60.00 0.0030524
-105.00 60.00 0.001441
-100.00 60.00 0.0006629
-95.00 60.00 0.0007469
-90.00 60.00 0.001337
-85.00 60.00 0.001898
-80.00 60.00 0.0019959
-75.00 60.00 0.0015018
-70.00 60.00 0.000609
-65.00 60.00 -0.0003326
-60.00 60.00 -0.0010475
-55.00 60.00 -0.0014785
-50.00 60.00 -0.0017592
-45.00 60.00 -0.0020527
-40.00 60.00 -0.0023877
-35.00 60.00 -0.0026149
-30.00 60.00 -0.0025124
-25.00 60.00 -0.0019601
-20.00 60.00 -0.0010501
-15.00 60.00 -5.38e-05
-10.00 60.00 0.0007312
-5.00 60.00 0.0011394
0.00 60.00 0.0011894
5.00 60.00 0.0010104
10.00 60.00 0.0007249
15.00 60.00 0.0003968
20.00 60.00 7.4e-05
25.00 60.00 -0.0001497
30.00 60.00 -0.0001534
35.00 60.00 0.0001034
40.00 60.00 0.0004918
45.00 60.00 0.0007645
50.00 60.00 0.0007489
55.00 60.00 0.0005266
60.00 60.00 0.000427
65.00 60.00 0.0008027
70.00 60.00 0.0017466
75.00 60.00 0.0029626
80.00 60.00 0.0038933
85.00 60.00 0.0040243
90.00 60.00 0.0031861
95.00 60.00 0.0016891
100.00 60.00 0.0002178
105.00 60.00 -0.0004783
110.00 60.00 4.1e-05
115.00 60.00 0.0016592
120.00 60.00 0.0037403
125.00 60.00 0.0054566
130.00 60.00 0.006231
135.00 60.00 0.006026
140.00 60.00 0.0052984
145.00 60.00 0.004656
150.00 60.00 0.0044551
155.00 60.00 0.0046099
160.00 60.00 0.0047331
165.00 60.00 0.0044799
170.00 60.00 0.0038306
175.00 60.00 0.0031033
180.00 60.00 0.0027033
-180.00 65.00 0.0018779
-175.00 65.00 0.0020962
-170.00 65.00 0.002493
-165.00 65.00 0.002939
-160.00 65.00 0.0033835
-155.00 65.00 0.0038912
-150.00 65.00 0.0045914
-145.00 65.00 0.005565
-140.00 65.00 0.0067393
-135.00 65.00 0.0078648
-130.00 65.00 0.0085984
-125.00 65.00 0.0086549
-120.00 65.00 0.0079469
-115.00 65.00 0.0066374
-110.00 65.00 0.0050757
-105.00 65.00 0.0036436
-100.00 65.00 0.0025925
-95.00 65.00 0.0019501
-90.00 65.00 0.0015436
-85.00 65.00 0.0011241
-80.00 65.00 0.000522
-75.00 65.00 -0.0002516
-70.00 65.00 -0.0010122
-65.00 65.00 -0.0015092
-60.00 65.00 -0.0015684
-55.00 65.00 -0.0011859
-50.00 65.00 -0.0005238
-45.00 65.00 0.0001822
-40.00 65.00 0.0007433
-35.00 65.00 0.0010942
-30.00 65.00 0.0012888
-25.00 65.00 0.0014301
-20.00 65.00 0.0015887
-15.00 65.00 0.0017608
-10.00 65.00 0.0018861
-5.00 65.00 0.0019032
0.00 65.00 0.0018
5.00 65.00 0.0016293
10.00 65.00 0.0014855
15.00 65.00 0.0014612
20.00 65.00 0.0016065
25.00 65.00 0.0019011
30.00 65.00 0.0022466
35.00 65.00 0.0024873
40.00 65.00 0.0024662
45.00 65.00 0.0021086
50.00 65.00 0.0014924
55.00 65.00 0.0008549
60.00 65.00 0.000505
65.00 65.00 0.0006694
70.00 65.00 0.0013493
75.00 65.00 0.0022761
80.00 65.00 0.0030036
85.00 65.00 0.0031038
90.00 65.00 0.0023754
95.00 65.00 0.000962
100.00 65.00 -0.0006813
105.00 65.00 -0.0019646
110.00 65.00 -0.0024047
115.00 65.00 -0.0018204
120.00 65.00 -0.0003893
125.00 65.00 0.0014534
130.00 65.00 0.0032119
135.00 65.00 0.0045183
140.00 65.00 0.0052217
145.00 65.00 0.0053617
150.00 65.00 0.0050729
155.00 65.00 0.0045001
160.00 65.00 0.0037698
165.00 65.00 0.003008
170.00 65.00 0.0023575
175.00 65.00 0.0019555
180.00 65.00 0.0018779
-180.00 70.00 0.0036637
-175.00 70.00 0.0043062
-170.00 70.00 0.0048927
-165.00 70.00 0.0053496
-160.00 70.00 0.0056554
-155.00 70.00 0.005844
-150.00 70.00 0.0059795
-145.00 70.00 0.0061164
-140.00 70.00 0.0062664
-135.00 70.00 0.0063885
-130.00 70.00 0.0064109
-125.00 70.00 0.0062702
-120.00 70.00 0.0059469
-115.00 70.00 0.0054787
-110.00 70.00 0.0049411
-105.00 70.00 0.0044094
-100.00 70.00 0.0039211
-95.00 70.00 0.0034605
-90.00 70.00 0.0029775
-85.00 70.00 0.0024279
-80.00 70.00 0.0018166
-75.00 70.00 0.0012156
-70.00 70.00 0.0007456
-65.00 70.00 0.0005274
-60.00 70.00 0.0006247
-55.00 70.00 0.0010084
-50.00 70.00 0.0015591
-45.00 70.00 0.0021071
-40.00 70.00 0.0024903
-35.00 70.00 0.0026043
-30.00 70.00 0.0024265
-25.00 70.00 0.0020082
-20.00 70.00 0.0014474
-15.00 70.00 0.0008576
-10.00 70.00 0.0003446
-5.00 70.00 -4.6e-06
0.00 70.00 -0.0001268
5.00 70.00 1.22e-05
10.00 70.00 0.0004096
15.00 70.00 0.0010155
20.00 70.00 0.0017307
25.00 70.00 0.0024166
30.00 70.00 0.0029229
35.00 70.00 0.0031291
40.00 70.00 0.0029876
45.00 70.00 0.0025546
50.00 70.00 0.0019885
55.00 70.00 0.0015099
60.00 70.00 0.0013283
65.00 70.00 0.0015597
70.00 70.00 0.002169
75.00 70.00 0.0029652
80.00 70.00 0.0036588
85.00 70.00 0.0039626
90.00 70.00 0.0036984
95.00 70.00 0.0028672
100.00 70.00 0.0016527
105.00 70.00 0.0003581
110.00 70.00 -0.0006982
115.00 70.00 -0.0012865
120.00 70.00 -0.0013295
125.00 70.00 -0.0009058
130.00 70.00 -0.0002009
135.00 70.00 0.0005694
140.00 70.00 0.0012293
145.00 70.00 0.0016859
150.00 70.00 0.0019366
155.00 70.00 0.00205
160.00 70.00 0.0021318
165.00 70.00 0.002288
170.00 70.00 0.0025921
175.00 70.00 0.003064
180.00 70.00 0.0036637
-180.00 75.00 0.0057569
-175.00 75.00 0.0065735
-170.00 75.00 0.0071838
-165.00 75.00 0.00754
-160.00 75.00 0.0076283
-155.00 75.00 0.0074694
-150.00 75.00 0.0071128
-145.00 75.00 0.0066239
-140.00 75.00 0.0060717
-135.00 75.00 0.0055176
-130.00 75.00 0.0050095
-125.00 75.00 0.00458
-120.00 75.00 0.0042466
-115.00 75.00 0.0040125
-110.00 75.00 0.0038677
-105.00 75.00 0.0037896
-100.00 75.00 0.0037463
-95.00 75.00 0.0037029
-90.00 75.00 0.0036306
-85.00 75.00 0.0035153
-80.00 75.00 0.0033631
-75.00 75.00 0.0031985
-70.00 75.00 0.0030544
-65.00 75.00 0.0029587
-60.00 75.00 0.0029201
-55.00 75.00 0.0029208
-50.00 75.00 0.0029183
-45.00 75.00 0.0028564
-40.00 75.00 0.0026833
-35.00 75.00 0.0023673
-30.00 75.00 0.0019095
-25.00 75.00 0.0013457
-20.00 75.00 0.0007407
-15.00 75.00 0.0001757
-10.00 75.00 -0.0002681
-5.00 75.00 -0.0005243
0.00 75.00 -0.0005535
5.00 75.00 -0.0003515
10.00 75.00 5.01e-05
15.00 75.00 0.0005876
20.00 75.00 0.0011762
25.00 75.00 0.0017266
30.00 75.00 0.0021637
35.00 75.00 0.0024456
40.00 75.00 0.0025759
45.00 75.00 0.0026044
50.00 75.00 0.0026154
55.00 75.00 0.0027034
60.00 75.00 0.0029428
65.00 75.00 0.0033611
70.00 75.00 0.0039238
75.00 75.00 0.0045381
80.00 75.00 0.0050745
85.00 75.00 0.0054009
90.00 75.00 0.0054186
95.00 75.00 0.0050891
100.00 75.00 0.0044434
105.00 75.00 0.0035725
110.00 75.00 0.0026023
115.00 75.00 0.001663
120.00 75.00 0.0008617
125.00 75.00 0.0002668
130.00 75.00 -9.38e-05
135.00 75.00 -0.0002233
140.00 75.00 -0.0001411
145.00 75.00 0.0001307
150.00 75.00 0.0005761
155.00 75.00 0.001184
160.00 75.00 0.0019426
165.00 75.00 0.0028298
170.00 75.00 0.0038049
175.00 75.00 0.0048065
180.00 75.00 0.0057569
-180.00 80.00 0.0057846
-175.00 80.00 0.0062677
-170.00 80.00 0.0066205
-165.00 80.00 0.0068217
-160.00 80.00 0.0068642
-155.00 80.00 0.006756
-150.00 80.00 0.0065179
-145.00 80.00 0.0061811
-140.00 80.00 0.0057821
-135.00 80.00 0.0053588
-130.00 80.00 0.0049465
-125.00 80.00 0.004574
-120.00 80.00 0.0042615
-115.00 80.00 0.0040192
-110.00 80.00 0.0038484
-105.00 80.00 0.0037421
-100.00 80.00 0.0036875
-95.00 80.00 0.0036689
-90.00 80.00 0.0036702
-85.00 80.00 0.0036773
-80.00 80.00 0.0036788
-75.00 80.00 0.0036667
-70.00 80.00 0.0036352
-65.00 80.00 0.0035796
-60.00 80.00 0.0034953
-55.00 80.00 0.0033773
-50.00 80.00 0.0032208
-45.00 80.00 0.003023
-40.00 80.00 0.0027843
-35.00 80.00 0.0025105
-30.00 80.00 0.0022136
-25.00 80.00 0.0019118
-20.00 80.00 0.0016274
-15.00 80.00 0.0013839
-10.00 80.00 0.0012029
-5.00 80.00 0.0011007
0.00 80.00 0.0010858
5.00 80.00 0.0011571
10.00 80.00 0.0013046
15.00 80.00 0.0015115
20.00 80.00 0.0017576
25.00 80.00 0.002023
30.00 80.00 0.0022916
35.00 80.00 0.0025547
40.00 80.00 0.0028118
45.00 80.00 0.0030689
50.00 80.00 0.0033357
55.00 80.00 0.0036209
60.00 80.00 0.0039273
65.00 80.00 0.0042482
70.00 80.00 0.0045657
75.00 80.00 0.0048521
80.00 80.00 0.0050742
85.00 80.00 0.0051997
90.00 80.00 0.0052031
95.00 80.00 0.0050716
100.00 80.00 0.0048085
105.00 80.00 0.0044332
110.00 80.00 0.0039794
115.00 80.00 0.0034899
120.00 80.00 0.0030119
125.00 80.00 0.002591
130.00 80.00 0.0022671
135.00 80.00 0.0020714
140.00 80.00 0.0020242
145.00 80.00 0.0021347
150.00 80.00 0.0023999
155.00 80.00 0.0028058
160.00 80.00 0.0033272
165.00 80.00 0.0039296
170.00 80.00 0.004571
175.00 80.00 0.0052049
180.00 80.00 0.0057846
-180.00 85.00 0.0044688
-175.00 85.00 0.0045674
-170.00 85.00 0.0046442
-165.00 85.00 0.0046953
-160.00 85.00 0.0047178
-155.00 85.00 0.0047102
-150.00 85.00 0.0046739
-145.00 85.00 0.0046131
-140.00 85.00 0.0045337
-135.00 85.00 0.0044409
-130.00 85.00 0.0043392
-125.00 85.00 0.0042325
-120.00 85.00 0.0041252
-115.00 85.00 0.0040219
-110.00 85.00 0.0039267
-105.00 85.00 0.0038412
-100.00 85.00 0.0037649
-95.00 85.00 0.0036963
-90.00 85.00 0.0036337
-85.00 85.00 0.0035764
-80.00 85.00 0.0035237
-75.00 85.00 0.0034735
-70.00 85.00 0.0034229
-65.00 85.00 0.0033691
-60.00 85.00 0.0033104
-55.00 85.00 0.0032473
-50.00 85.00 0.0031806
-45.00 85.00 0.0031115
-40.00 85.00 0.0030401
-35.00 85.00 0.0029673
-30.00 85.00 0.0028954
-25.00 85.00 0.002828
-20.00 85.00 0.0027695
-15.00 85.00 0.0027231
-10.00 85.00 0.0026904
-5.00 85.00 0.0026725
0.00 85.00 0.0026703
5.00 85.00 0.0026854
10.00 85.00 0.0027188
15.00 85.00 0.0027697
20.00 85.00 0.0028357
25.00 85.00 0.0029134
30.00 85.00 0.0030004
35.00 85.00 0.0030951
40.00 85.00 0.0031963
45.00 85.00 0.0033019
50.00 85.00 0.0034082
55.00 85.00 0.0035114
60.00 85.00 0.0036083
65.00 85.00 0.0036967
70.00 85.00 0.0037748
75.00 85.00 0.0038398
80.00 85.00 0.0038881
85.00 85.00 0.0039164
90.00 85.00 0.0039237
95.00 85.00 0.0039113
100.00 85.00 0.0038824
105.00 85.00 0.0038409
110.00 85.00 0.0037907
115.00 85.00 0.0037364
120.00 85.00 0.0036844
125.00 85.00 0.0036423
130.00 85.00 0.0036174
135.00 85.00 0.003615
140.00 85.00 0.0036376
145.00 85.00 0.0036854
150.00 85.00 0.0037573
155.00 85.00 0.0038518
160.00 85.00 0.0039655
165.00 85.00 0.0040924
170.00 85.00 0.0042244
175.00 85.00 0.0043525
180.00 85.00 0.0044688
-180.00 90.00 0.0034707
-175.00 90.00 0.0034707
-170.00 90.00 0.0034707
-165.00 90.00 0.0034707
-160.00 90.00 0.0034707
-155.00 90.00 0.0034707
-150.00 90.00 0.0034707
-145.00 90.00 0.0034707
-140.00 90.00 0.0034707
-135.00 90.00 0.0034707
-130.00 90.00 0.0034707
-125.00 90.00 0.0034707
-120.00 90.00 0.0034707
-115.00 90.00 0.0034707
-110.00 90.00 0.0034707
-105.00 90.00 0.0034707
-100.00 90.00 0.0034707
-95.00 90.00 0.0034707
-90.00 90.00 0.0034707
-85.00 90.00 0.0034707
-80.00 90.00 0.0034707
-75.00 90.00 0.0034707
-70.00 90.00 0.0034707
-65.00 90.00 0.0034707
-60.00 90.00 0.0034707
-55.00 90.00 0.0034707
-50.00 90.00 0.0034707
-45.00 90.00 0.0034707
-40.00 90.00 0.0034707
-35.00 90.00 0.0034707
-30.00 90.00 0.0034707
-25.00 90.00 0.0034707
-20.00 90.00 0.0034707
-15.00 90.00 0.0034707
-10.00 90.00 0.0034707
-5.00 90.00 0.0034707
0.00 90.00 0.0034707
5.00 90.00 0.0034707
10.00 90.00 0.0034707
15.00 90.00 0.0034707
20.00 90.00 0.0034707
25.00 90.00 0.0034707
30.00 90.00 0.0034707
35.00 90.00 0.0034707
40.00 90.00 0.0034707
45.00 90.00 0.0034707
50.00 90.00 0.0034707
55.00 90.00 0.0034707
60.00 90.00 0.0034707
65.00 90.00 0.0034707
70.00 90.00 0.0034707
75.00 90.00 0.0034707
80.00 90.00 0.0034707
85.00 90.00 0.0034707
90.00 90.00 0.0034707
95.00 90.00 0.0034707
100.00 90.00 0.0034707
105.00 90.00 0.0034707
110.00 90.00 0.0034707
115.00 90.00 0.0034707
120.00 90.00 0.0034707
125.00 90.00 0.0034707
130.00 90.00 0.0034707
135.00 90.00 0.0034707
140.00 90.00 0.0034707
145.00 90.00 0.0034707
150.00 90.00 0.0034707
155.00 90.00 0.0034707
160.00 90.00 0.0034707
165.00 90.00 0.0034707
170.00 90.00 0.0034707
175.00 90.00 0.0034707
180.00 90.00 0.0034707
