-180.00 -90.00 0.00125994
-175.00 -90.00 0.00125994
-170.00 -90.00 0.00125997
-165.00 -90.00 0.00125997
-160.00 -90.00 0.00125997
-155.00 -90.00 0.00125994
-150.00 -90.00 0.00125991
-145.00 -90.00 0.00125988
-140.00 -90.00 0.00125985
-135.00 -90.00 0.00125982
-130.00 -90.00 0.00125979
-125.00 -90.00 0.00125973
-120.00 -90.00 0.0012597
-115.00 -90.00 0.00125964
-110.00 -90.00 0.00125961
-105.00 -90.00 0.00125958
-100.00 -90.00 0.00125952
-95.00 -90.00 0.00125949
-90.00 -90.00 0.00125949
-85.00 -90.00 0.00125946
-80.00 -90.00 0.00125946
-75.00 -90.00 0.00125946
-70.00 -90.00 0.00125946
-65.00 -90.00 0.00125946
-60.00 -90.00 0.00125949
-55.00 -90.00 0.00125952
-50.00 -90.00 0.00125955
-45.00 -90.00 0.00125958
-40.00 -90.00 0.00125964
-35.00 -90.00 0.00125967
-30.00 -90.00 0.00125973
-25.00 -90.00 0.00125976
-20.00 -90.00 0.00125982
-15.00 -90.00 0.00125985
-10.00 -90.00 0.00125988
-5.00 -90.00 0.00125991
0.00 -90.00 0.00125994
5.00 -90.00 0.00125994
10.00 -90.00 0.00125997
15.00 -90.00 0.00125997
20.00 -90.00 0.00125997
25.00 -90.00 0.00125994
30.00 -90.00 0.00125991
35.00 -90.00 0.00125991
40.00 -90.00 0.00125985
45.00 -90.00 0.00125982
50.00 -90.00 0.00125979
55.00 -90.00 0.00125973
60.00 -90.00 0.0012597
65.00 -90.00 0.00125964
70.00 -90.00 0.00125961
75.00 -90.00 0.00125958
80.00 -90.00 0.00125952
85.00 -90.00 0.00125949
90.00 -90.00 0.00125949
95.00 -90.00 0.00125946
100.00 -90.00 0.00125946
105.00 -90.00 0.00125946
110.00 -90.00 0.00125946
115.00 -90.00 0.00125946
120.00 -90.00 0.00125949
125.00 -90.00 0.00125952
130.00 -90.00 0.00125955
135.00 -90.00 0.00125958
140.00 -90.00 0.00125964
145.00 -90.00 0.00125967
150.00 -90.00 0.00125973
155.00 -90.00 0.00125976
160.00 -90.00 0.00125982
165.00 -90.00 0.00125985
170.00 -90.00 0.00125988
175.00 -90.00 0.00125991
180.00 -90.00 0.00125994
-180.00 -85.00 0.00128001
-175.00 -85.00 0.00132054
-170.00 -85.00 0.00135675
-165.00 -85.00 0.00138792
-160.00 -85.00 0.00141351
-155.00 -85.00 0.00143322
-150.00 -85.00 0.00144687
-145.00 -85.00 0.00145443
-140.00 -85.00 0.00145602
-135.00 -85.00 0.00145179
-130.00 -85.00 0.00144204
-125.00 -85.00 0.00142734
-120.00 -85.00 0.00140844
-115.00 -85.00 0.00138633
-110.00 -85.00 0.00136203
-105.00 -85.00 0.00133665
-100.00 -85.00 0.00131151
-95.00 -85.00 0.00128787
-90.00 -85.00 0.00126711
-85.00 -85.00 0.00125037
-80.00 -85.00 0.00123852
-75.00 -85.00 0.00123222
-70.00 -85.00 0.0012318
-65.00 -85.00 0.00123744
-60.00 -85.00 0.00124899
-55.00 -85.00 0.00126594
-50.00 -85.00 0.00128754
-45.00 -85.00 0.0013128
-40.00 -85.00 0.0013407
-35.00 -85.00 0.00137013
-30.00 -85.00 0.00140001
-25.00 -85.00 0.00142914
-20.00 -85.00 0.00145644
-15.00 -85.00 0.00148086
-10.00 -85.00 0.00150162
-5.00 -85.00 0.00151803
0.00 -85.00 0.00152967
5.00 -85.00 0.00153618
10.00 -85.00 0.00153741
15.00 -85.00 0.00153336
20.00 -85.00 0.00152421
25.00 -85.00 0.00151032
30.00 -85.00 0.00149208
35.00 -85.00 0.00146985
40.00 -85.00 0.00144396
45.00 -85.00 0.00141471
50.00 -85.00 0.00138249
55.00 -85.00 0.00134754
60.00 -85.00 0.00131016
65.00 -85.00 0.00127056
70.00 -85.00 0.00122907
75.00 -85.00 0.00118611
80.00 -85.00 0.00114237
85.00 -85.00 0.00109863
90.00 -85.00 0.00105597
95.00 -85.00 0.00101547
100.00 -85.00 0.00097845
105.00 -85.00 0.0009462
110.00 -85.00 0.00092007
115.00 -85.00 0.0009012
120.00 -85.00 0.00089052
125.00 -85.00 0.0008886
130.00 -85.00 0.00089568
135.00 -85.00 0.00091161
140.00 -85.00 0.00093585
145.00 -85.00 0.0009675
150.00 -85.00 0.00100536
155.00 -85.00 0.00104802
160.00 -85.00 0.00109395
165.00 -85.00 0.00114159
170.00 -85.00 0.00118938
175.00 -85.00 0.00123594
180.00 -85.00 0.00128001
-180.00 -80.00 0.00184593
-175.00 -80.00 0.00189003
-170.00 -80.00 0.00191757
-165.00 -80.00 0.00193242
-160.00 -80.00 0.00193833
-155.00 -80.00 0.00193755
-150.00 -80.00 0.00193068
-145.00 -80.00 0.00191709
-140.00 -80.00 0.00189525
-135.00 -80.00 0.00186267
-130.00 -80.00 0.00181668
-125.00 -80.00 0.00175569
-120.00 -80.00 0.00168003
-115.00 -80.00 0.00159165
-110.00 -80.00 0.00149373
-105.00 -80.00 0.00139107
-100.00 -80.00 0.00128964
-95.00 -80.00 0.00119559
-90.00 -80.00 0.00111414
-85.00 -80.00 0.00104934
-80.00 -80.00 0.00100416
-75.00 -80.00 0.00097986
-70.00 -80.00 0.00097554
-65.00 -80.00 0.00098862
-60.00 -80.00 0.00101568
-55.00 -80.00 0.00105285
-50.00 -80.00 0.00109572
-45.00 -80.00 0.00114
-40.00 -80.00 0.00118233
-35.00 -80.00 0.00122031
-30.00 -80.00 0.0012519
-25.00 -80.00 0.00127515
-20.00 -80.00 0.00128868
-15.00 -80.00 0.00129165
-10.00 -80.00 0.00128319
-5.00 -80.00 0.00126264
0.00 -80.00 0.00123009
5.00 -80.00 0.00118722
10.00 -80.00 0.0011367
15.00 -80.00 0.00108177
20.00 -80.00 0.00102633
25.00 -80.00 0.00097497
30.00 -80.00 0.0009321
35.00 -80.00 0.00090066
40.00 -80.00 0.0008823
45.00 -80.00 0.00087744
50.00 -80.00 0.0008853
55.00 -80.00 0.00090312
60.00 -80.00 0.00092661
65.00 -80.00 0.00095085
70.00 -80.00 0.0009711
75.00 -80.00 0.00098262
80.00 -80.00 0.0009813
85.00 -80.00 0.00096483
90.00 -80.00 0.0009336
95.00 -80.00 0.0008904
100.00 -80.00 0.00083985
105.00 -80.00 0.00078828
110.00 -80.00 0.00074367
115.00 -80.00 0.00071412
120.00 -80.00 0.00070635
125.00 -80.00 0.00072486
130.00 -80.00 0.00077214
135.00 -80.00 0.00084816
140.00 -80.00 0.00094971
145.00 -80.00 0.00107073
150.00 -80.00 0.00120372
155.00 -80.00 0.0013407
160.00 -80.00 0.0014736
165.00 -80.00 0.00159483
170.00 -80.00 0.00169878
175.00 -80.00 0.0017826
180.00 -80.00 0.00184593
-180.00 -75.00 0.00208785
-175.00 -75.00 0.00199893
-170.00 -75.00 0.00188784
-165.00 -75.00 0.0017751
-160.00 -75.00 0.00167865
-155.00 -75.00 0.00161007
-150.00 -75.00 0.00157239
-145.00 -75.00 0.00156018
-140.00 -75.00 0.00156156
-135.00 -75.00 0.00156087
-130.00 -75.00 0.0015429
-125.00 -75.00 0.00149673
-120.00 -75.00 0.00141858
-115.00 -75.00 0.00131196
-110.00 -75.00 0.00118719
-105.00 -75.00 0.00105897
-100.00 -75.00 0.0009432
-95.00 -75.00 0.00085401
-90.00 -75.00 0.00080205
-85.00 -75.00 0.00079326
-80.00 -75.00 0.00082806
-75.00 -75.00 0.00090129
-70.00 -75.00 0.00100302
-65.00 -75.00 0.00111954
-60.00 -75.00 0.00123471
-55.00 -75.00 0.00133272
-50.00 -75.00 0.00140106
-45.00 -75.00 0.0014322
-40.00 -75.00 0.00142479
-35.00 -75.00 0.0013833
-30.00 -75.00 0.00131583
-25.00 -75.00 0.00123084
-20.00 -75.00 0.00113442
-15.00 -75.00 0.00102912
-10.00 -75.00 0.00091392
-5.00 -75.00 0.00078588
0.00 -75.00 0.00064323
5.00 -75.00 0.00048771
10.00 -75.00 0.00032544
15.00 -75.00 0.00016656
20.00 -75.00 2.358e-05
25.00 -75.00 -9.096e-05
30.00 -75.00 -0.00016689
35.00 -75.00 -0.00019785
40.00 -75.00 -0.00018147
45.00 -75.00 -0.0001194
50.00 -75.00 -1.656e-05
55.00 -75.00 0.00011946
60.00 -75.00 0.00027906
65.00 -75.00 0.00045051
70.00 -75.00 0.00062028
75.00 -75.00 0.00077409
80.00 -75.00 0.00089823
85.00 -75.00 0.00098151
90.00 -75.00 0.00101793
95.00 -75.00 0.00100848
100.00 -75.00 0.00096144
105.00 -75.00 0.00089166
110.00 -75.00 0.00081837
115.00 -75.00 0.00076167
120.00 -75.00 0.00073917
125.00 -75.00 0.00076344
130.00 -75.00 0.00084042
135.00 -75.00 0.00096879
140.00 -75.00 0.00114024
145.00 -75.00 0.00134112
150.00 -75.00 0.0015534
155.00 -75.00 0.00175665
160.00 -75.00 0.00193056
165.00 -75.00 0.00205791
170.00 -75.00 0.0021273
175.00 -75.00 0.00213534
180.00 -75.00 0.00208785
-180.00 -70.00 0.00176244
-175.00 -70.00 0.00155211
-170.00 -70.00 0.00131628
-165.00 -70.00 0.00109362
-160.00 -70.00 0.00091653
-155.00 -70.00 0.00080535
-150.00 -70.00 0.00076551
-145.00 -70.00 0.00078666
-140.00 -70.00 0.0008445
-135.00 -70.00 0.0009057
-130.00 -70.00 0.0009366
-125.00 -70.00 0.0009138
-120.00 -70.00 0.00083223
-115.00 -70.00 0.00070674
-110.00 -70.00 0.00056685
-105.00 -70.00 0.00044649
-100.00 -70.00 0.00037413
-95.00 -70.00 0.00036681
-90.00 -70.00 0.00042987
-85.00 -70.00 0.00055971
-80.00 -70.00 0.00074703
-75.00 -70.00 0.00097803
-70.00 -70.00 0.00123345
-65.00 -70.00 0.00148764
-60.00 -70.00 0.00170985
-55.00 -70.00 0.00186906
-50.00 -70.00 0.00194172
-45.00 -70.00 0.00191919
-40.00 -70.00 0.00181182
-35.00 -70.00 0.00164697
-30.00 -70.00 0.00146061
-25.00 -70.00 0.00128541
-20.00 -70.00 0.00113973
-15.00 -70.00 0.00102252
-10.00 -70.00 0.00091629
-5.00 -70.00 0.00079746
0.00 -70.00 0.00064857
5.00 -70.00 0.00046707
10.00 -70.00 0.00026703
15.00 -70.00 7.35e-05
20.00 -70.00 -8.685e-05
25.00 -70.00 -0.00019425
30.00 -70.00 -0.00024051
35.00 -70.00 -0.00022929
40.00 -70.00 -0.00017253
45.00 -70.00 -8.553e-05
50.00 -70.00 1.767e-05
55.00 -70.00 0.00012747
60.00 -70.00 0.00023967
65.00 -70.00 0.00035334
70.00 -70.00 0.00046737
75.00 -70.00 0.00057666
80.00 -70.00 0.0006708
85.00 -70.00 0.00073617
90.00 -70.00 0.00076098
95.00 -70.00 0.00074094
100.00 -70.00 0.00068286
105.00 -70.00 0.00060447
110.00 -70.00 0.00053022
115.00 -70.00 0.00048486
120.00 -70.00 0.00048693
125.00 -70.00 0.00054501
130.00 -70.00 0.00065745
135.00 -70.00 0.00081549
140.00 -70.00 0.00100713
145.00 -70.00 0.0012198
150.00 -70.00 0.00143961
155.00 -70.00 0.00164895
160.00 -70.00 0.00182457
165.00 -70.00 0.00194004
170.00 -70.00 0.00197244
175.00 -70.00 0.00191085
180.00 -70.00 0.00176244
-180.00 -65.00 0.00151779
-175.00 -65.00 0.0013692
-170.00 -65.00 0.00120672
-165.00 -65.00 0.00105408
-160.00 -65.00 0.00092007
-155.00 -65.00 0.00081051
-150.00 -65.00 0.00073875
-145.00 -65.00 0.00072027
-140.00 -65.00 0.00075447
-135.00 -65.00 0.00081159
-130.00 -65.00 0.00084039
-125.00 -65.00 0.00079626
-120.00 -65.00 0.00066978
-115.00 -65.00 0.00049524
-110.00 -65.00 0.00033243
-105.00 -65.00 0.00023541
-100.00 -65.00 0.00022848
-95.00 -65.00 0.00030297
-90.00 -65.00 0.00043239
-85.00 -65.00 0.00059232
-80.00 -65.00 0.00077163
-75.00 -65.00 0.00096975
-70.00 -65.00 0.00118482
-65.00 -65.00 0.00140241
-60.00 -65.00 0.00159246
-55.00 -65.00 0.0017169
-50.00 -65.00 0.00174387
-45.00 -65.00 0.00166284
-40.00 -65.00 0.00149388
-35.00 -65.00 0.00128583
-30.00 -65.00 0.00110163
-25.00 -65.00 0.00099411
-20.00 -65.00 0.00098202
-15.00 -65.00 0.00104004
-10.00 -65.00 0.00111036
-5.00 -65.00 0.00113199
0.00 -65.00 0.00107133
5.00 -65.00 0.00093681
10.00 -65.00 0.00076956
15.00 -65.00 0.00061935
20.00 -65.00 0.00052116
25.00 -65.00 0.000486
30.00 -65.00 0.00050568
35.00 -65.00 0.00056307
40.00 -65.00 0.00063846
45.00 -65.00 0.00071031
50.00 -65.00 0.00075552
55.00 -65.00 0.00075408
60.00 -65.00 0.00069726
65.00 -65.00 0.00059277
70.00 -65.00 0.00046179
75.00 -65.00 0.00032871
80.00 -65.00 0.00021066
85.00 -65.00 0.00011334
90.00 -65.00 3.438e-05
95.00 -65.00 -2.964e-05
100.00 -65.00 -7.767e-05
105.00 -65.00 -0.00010197
110.00 -65.00 -8.916e-05
115.00 -65.00 -2.43e-05
120.00 -65.00 0.00010179
125.00 -65.00 0.00028407
130.00 -65.00 0.00049986
135.00 -65.00 0.00071586
140.00 -65.00 0.00090426
145.00 -65.00 0.00105774
150.00 -65.00 0.00119067
155.00 -65.00 0.00132309
160.00 -65.00 0.00145878
165.00 -65.00 0.0015756
170.00 -65.00 0.00163695
175.00 -65.00 0.00161676
180.00 -65.00 0.00151779
-180.00 -60.00 0.00131934
-175.00 -60.00 0.00131877
-170.00 -60.00 0.00139047
-165.00 -60.00 0.00148614
-160.00 -60.00 0.00150429
-155.00 -60.00 0.00137991
-150.00 -60.00 0.0011514
-145.00 -60.00 0.00093762
-140.00 -60.00 0.00084153
-135.00 -60.00 0.00086625
-130.00 -60.00 0.00091821
-125.00 -60.00 0.00089238
-120.00 -60.00 0.0007623
-115.00 -60.00 0.00059868
-110.00 -60.00 0.00050739
-105.00 -60.00 0.00054555
-100.00 -60.00 0.00068331
-95.00 -60.00 0.00083409
-90.00 -60.00 0.0009201
-85.00 -60.00 0.00092094
-80.00 -60.00 0.00087525
-75.00 -60.00 0.00084306
-70.00 -60.00 0.00086223
-65.00 -60.00 0.00092841
-60.00 -60.00 0.00100623
-55.00 -60.00 0.00105507
-50.00 -60.00 0.00104916
-45.00 -60.00 0.00098334
-40.00 -60.00 0.00087279
-35.00 -60.00 0.00075318
-30.00 -60.00 0.00067635
-25.00 -60.00 0.00068949
-20.00 -60.00 0.00080235
-15.00 -60.00 0.00096684
-10.00 -60.00 0.00109524
-5.00 -60.00 0.00111414
0.00 -60.00 0.00101544
5.00 -60.00 0.00086139
10.00 -60.00 0.00073566
15.00 -60.00 0.00067905
20.00 -60.00 0.00066315
25.00 -60.00 0.00062367
30.00 -60.00 0.00052371
35.00 -60.00 0.00039237
40.00 -60.00 0.00030576
45.00 -60.00 0.00032715
50.00 -60.00 0.00045543
55.00 -60.00 0.00062202
60.00 -60.00 0.00073437
65.00 -60.00 0.00072987
70.00 -60.00 0.00060174
75.00 -60.00 0.00038874
80.00 -60.00 0.0001479
85.00 -60.00 -6.6e-05
90.00 -60.00 -0.00021009
95.00 -60.00 -0.00026124
100.00 -60.00 -0.00022563
105.00 -60.00 -0.00013755
110.00 -60.00 -3.636e-05
115.00 -60.00 6.669e-05
120.00 -60.00 0.000201
125.00 -60.00 0.00040785
130.00 -60.00 0.00069027
135.00 -60.00 0.00098865
140.00 -60.00 0.00121257
145.00 -60.00 0.0013077
150.00 -60.00 0.0012987
155.00 -60.00 0.00126615
160.00 -60.00 0.00127632
165.00 -60.00 0.00132834
170.00 -60.00 0.00136878
175.00 -60.00 0.00135795
180.00 -60.00 0.00131934
-180.00 -55.00 0.00072312
-175.00 -55.00 0.00073719
-170.00 -55.00 0.00099678
-165.00 -55.00 0.00136059
-160.00 -55.00 0.00153432
-155.00 -55.00 0.00132498
-150.00 -55.00 0.00082635
-145.00 -55.00 0.00035016
-140.00 -55.00 0.00016146
-135.00 -55.00 0.00026517
-130.00 -55.00 0.00043878
-125.00 -55.00 0.00046569
-120.00 -55.00 0.00033813
-115.00 -55.00 0.0002451
-110.00 -55.00 0.00037815
-105.00 -55.00 0.00074814
-100.00 -55.00 0.00117234
-95.00 -55.00 0.00142179
-90.00 -55.00 0.00139032
-85.00 -55.00 0.00115458
-80.00 -55.00 0.00089859
-75.00 -55.00 0.00077715
-70.00 -55.00 0.00082227
-65.00 -55.00 0.00095151
-60.00 -55.00 0.00105648
-55.00 -55.00 0.00108969
-50.00 -55.00 0.00107883
-45.00 -55.00 0.00106965
-40.00 -55.00 0.0010683
-35.00 -55.00 0.00104523
-30.00 -55.00 0.00098643
-25.00 -55.00 0.00092043
-20.00 -55.00 0.00088017
-15.00 -55.00 0.00084375
-10.00 -55.00 0.00073623
-5.00 -55.00 0.00051093
0.00 -55.00 0.00023238
5.00 -55.00 5.919e-05
10.00 -55.00 0.00011439
15.00 -55.00 0.00035109
20.00 -55.00 0.00054561
25.00 -55.00 0.00044862
30.00 -55.00 -1.797e-05
35.00 -55.00 -0.0006783
40.00 -55.00 -0.00120402
45.00 -55.00 -0.00132411
50.00 -55.00 -0.00098655
55.00 -55.00 -0.00036426
60.00 -55.00 0.00027561
65.00 -55.00 0.00072627
70.00 -55.00 0.00091419
75.00 -55.00 0.00087537
80.00 -55.00 0.00069825
85.00 -55.00 0.00049266
90.00 -55.00 0.000378
95.00 -55.00 0.00044505
100.00 -55.00 0.00068688
105.00 -55.00 0.00096612
110.00 -55.00 0.00108909
115.00 -55.00 0.00095943
120.00 -55.00 0.00068001
125.00 -55.00 0.00048963
130.00 -55.00 0.00056826
135.00 -55.00 0.00088062
140.00 -55.00 0.00120573
145.00 -55.00 0.0013293
150.00 -55.00 0.00122133
155.00 -55.00 0.00103563
160.00 -55.00 0.00094068
165.00 -55.00 0.00095607
170.00 -55.00 0.00096072
175.00 -55.00 0.00085947
180.00 -55.00 0.00072312
-180.00 -50.00 0.00031572
-175.00 -50.00 0.0001239
-170.00 -50.00 0.00033513
-165.00 -50.00 0.00077892
-160.00 -50.00 0.0009807
-155.00 -50.00 0.00062712
-150.00 -50.00 -0.00010434
-145.00 -50.00 -0.0006933
-140.00 -50.00 -0.00076323
-135.00 -50.00 -0.00042255
-130.00 -50.00 -0.00012063
-125.00 -50.00 -0.0001749
-120.00 -50.00 -0.00045534
-115.00 -50.00 -0.00053292
-110.00 -50.00 -0.00011505
-105.00 -50.00 0.00067218
-100.00 -50.00 0.0013971
-95.00 -50.00 0.00168204
-90.00 -50.00 0.00147888
-85.00 -50.00 0.00106557
-80.00 -50.00 0.00081639
-75.00 -50.00 0.00093816
-70.00 -50.00 0.00135132
-65.00 -50.00 0.00178185
-60.00 -50.00 0.001986
-55.00 -50.00 0.00192918
-50.00 -50.00 0.00177006
-45.00 -50.00 0.00167421
-40.00 -50.00 0.00164916
-35.00 -50.00 0.00156747
-30.00 -50.00 0.00133455
-25.00 -50.00 0.00099885
-20.00 -50.00 0.00068079
-15.00 -50.00 0.00041763
-10.00 -50.00 0.00012339
-5.00 -50.00 -0.00027273
0.00 -50.00 -0.00066309
5.00 -50.00 -0.00078321
10.00 -50.00 -0.000447
15.00 -50.00 0.00021384
20.00 -50.00 0.00075876
25.00 -50.00 0.00073404
30.00 -50.00 2.169e-05
35.00 -50.00 -0.00104925
40.00 -50.00 -0.00191853
45.00 -50.00 -0.00216042
50.00 -50.00 -0.0017241
55.00 -50.00 -0.00089745
60.00 -50.00 -6.531e-05
65.00 -50.00 0.0005259
70.00 -50.00 0.00083169
75.00 -50.00 0.00091599
80.00 -50.00 0.00085134
85.00 -50.00 0.00072372
90.00 -50.00 0.00068811
95.00 -50.00 0.00092847
100.00 -50.00 0.00148245
105.00 -50.00 0.00209715
110.00 -50.00 0.00233211
115.00 -50.00 0.00190473
120.00 -50.00 0.00098112
125.00 -50.00 9.99e-05
130.00 -50.00 -0.00024807
135.00 -50.00 -9.84e-06
140.00 -50.00 0.00042999
145.00 -50.00 0.00062835
150.00 -50.00 0.00047658
155.00 -50.00 0.00024408
160.00 -50.00 0.00025242
165.00 -50.00 0.00051912
170.00 -50.00 0.00074265
175.00 -50.00 0.00064764
180.00 -50.00 0.00031572
-180.00 -45.00 0.00072375
-175.00 -45.00 0.00020844
-170.00 -45.00 0.00015588
-165.00 -45.00 0.0004446
-160.00 -45.00 0.00054147
-155.00 -45.00 0.00010668
-150.00 -45.00 -0.00062016
-145.00 -45.00 -0.00104709
-140.00 -45.00 -0.00083616
-135.00 -45.00 -0.00026544
-130.00 -45.00 5.07e-05
-125.00 -45.00 -0.00018915
-120.00 -45.00 -0.00064911
-115.00 -45.00 -0.00070806
-110.00 -45.00 -9.453e-05
-105.00 -45.00 0.00086169
-100.00 -45.00 0.00155853
-95.00 -45.00 0.00164031
-90.00 -45.00 0.00123369
-85.00 -45.00 0.00078672
-80.00 -45.00 0.0007209
-75.00 -45.00 0.00115683
-70.00 -45.00 0.00185631
-65.00 -45.00 0.00239823
-60.00 -45.00 0.00248244
-55.00 -45.00 0.00214626
-50.00 -45.00 0.00169584
-45.00 -45.00 0.00139608
-40.00 -45.00 0.00123006
-35.00 -45.00 0.00098619
-30.00 -45.00 0.00055746
-25.00 -45.00 8.973e-05
-20.00 -45.00 -0.00019029
-15.00 -45.00 -0.00024906
-10.00 -45.00 -0.00029607
-5.00 -45.00 -0.00054561
0.00 -45.00 -0.00094281
5.00 -45.00 -0.00115707
10.00 -45.00 -0.00088983
15.00 -45.00 -0.00021111
20.00 -45.00 0.00042849
25.00 -45.00 0.00055338
30.00 -45.00 5.466e-05
35.00 -45.00 -0.0007386
40.00 -45.00 -0.00133629
45.00 -45.00 -0.00144201
50.00 -45.00 -0.00111072
55.00 -45.00 -0.00063474
60.00 -45.00 -0.00028617
65.00 -45.00 -0.00013221
70.00 -45.00 -6.369e-05
75.00 -45.00 2.589e-05
80.00 -45.00 0.0001206
85.00 -45.00 0.00015963
90.00 -45.00 0.00021531
95.00 -45.00 0.00052299
100.00 -45.00 0.00123981
105.00 -45.00 0.00213894
110.00 -45.00 0.00263277
115.00 -45.00 0.00224256
120.00 -45.00 0.00109851
125.00 -45.00 -8.967e-05
130.00 -45.00 -0.0006267
135.00 -45.00 -0.00040953
140.00 -45.00 6.555e-05
145.00 -45.00 0.00022893
150.00 -45.00 -2.769e-05
155.00 -45.00 -0.00029106
160.00 -45.00 -8.457e-05
165.00 -45.00 0.0005931
170.00 -45.00 0.00121182
175.00 -45.00 0.00124311
180.00 -45.00 0.00072378
-180.00 -40.00 0.00112173
-175.00 -40.00 0.00043689
-170.00 -40.00 0.00019383
-165.00 -40.00 0.00027522
-160.00 -40.00 0.00025233
-155.00 -40.00 -7.356e-05
-150.00 -40.00 -0.00048762
-145.00 -40.00 -0.00060756
-140.00 -40.00 -0.00028086
-135.00 -40.00 0.00021663
-130.00 -40.00 0.00042729
-125.00 -40.00 0.00022158
-120.00 -40.00 -2.313e-05
-115.00 -40.00 0.00015177
-110.00 -40.00 0.00075648
-105.00 -40.00 0.00134922
-100.00 -40.00 0.00150198
-95.00 -40.00 0.00117543
-90.00 -40.00 0.00068538
-85.00 -40.00 0.00041418
-80.00 -40.00 0.00055329
-75.00 -40.00 0.00101544
-70.00 -40.00 0.00150999
-65.00 -40.00 0.00171924
-60.00 -40.00 0.0015015
-55.00 -40.00 0.00100164
-50.00 -40.00 0.00053184
-45.00 -40.00 0.00026937
-40.00 -40.00 9.003e-05
-35.00 -40.00 -0.00022872
-30.00 -40.00 -0.00067224
-25.00 -40.00 -0.00096126
-20.00 -40.00 -0.00086745
-15.00 -40.00 -0.00047694
-10.00 -40.00 -0.00012759
-5.00 -40.00 -0.0001281
0.00 -40.00 -0.00051258
5.00 -40.00 -0.00101004
10.00 -40.00 -0.00127707
15.00 -40.00 -0.00121191
20.00 -40.00 -0.00101772
25.00 -40.00 -0.0009354
30.00 -40.00 -0.00098247
35.00 -40.00 -0.00100179
40.00 -40.00 -0.00088929
45.00 -40.00 -0.00069546
50.00 -40.00 -0.00054756
55.00 -40.00 -0.00053766
60.00 -40.00 -0.00065868
65.00 -40.00 -0.00079848
70.00 -40.00 -0.00081117
75.00 -40.00 -0.00063354
80.00 -40.00 -0.00034476
85.00 -40.00 -0.00010065
90.00 -40.00 2.832e-05
95.00 -40.00 0.00018444
100.00 -40.00 0.00061884
105.00 -40.00 0.00134517
110.00 -40.00 0.00194649
115.00 -40.00 0.00192336
120.00 -40.00 0.00127839
125.00 -40.00 0.00058356
130.00 -40.00 0.00038928
135.00 -40.00 0.00069129
140.00 -40.00 0.00102798
145.00 -40.00 0.00097941
150.00 -40.00 0.00054624
155.00 -40.00 0.0001632
160.00 -40.00 0.00032697
165.00 -40.00 0.00105681
170.00 -40.00 0.00175119
175.00 -40.00 0.00176649
180.00 -40.00 0.00112173
-180.00 -35.00 0.00067395
-175.00 -35.00 0.00021876
-170.00 -35.00 8.931e-05
-165.00 -35.00 4.92e-06
-160.00 -35.00 -0.00020298
-155.00 -35.00 -0.00035619
-150.00 -35.00 -0.00033027
-145.00 -35.00 -0.00024
-140.00 -35.00 -0.00019086
-135.00 -35.00 -0.0001608
-130.00 -35.00 -9.987e-05
-125.00 -35.00 7.788e-05
-120.00 -35.00 0.00048591
-115.00 -35.00 0.00104118
-110.00 -35.00 0.00139053
-105.00 -35.00 0.00125571
-100.00 -35.00 0.00074745
-95.00 -35.00 0.00022731
-90.00 -35.00 -2.046e-05
-85.00 -35.00 7.008e-05
-80.00 -35.00 0.00036642
-75.00 -35.00 0.00061707
-70.00 -35.00 0.00061404
-65.00 -35.00 0.0003444
-60.00 -35.00 -2.238e-05
-55.00 -35.00 -0.00027216
-50.00 -35.00 -0.00029874
-45.00 -35.00 -0.00021654
-40.00 -35.00 -0.00028776
-35.00 -35.00 -0.0006099
-30.00 -35.00 -0.00093021
-25.00 -35.00 -0.00092628
-20.00 -35.00 -0.00059502
-15.00 -35.00 -0.00019611
-10.00 -35.00 7.359e-05
-5.00 -35.00 0.00014172
0.00 -35.00 -7.329e-05
5.00 -35.00 -0.00059895
10.00 -35.00 -0.00127449
15.00 -35.00 -0.00187188
20.00 -35.00 -0.00227682
25.00 -35.00 -0.00242379
30.00 -35.00 -0.00221775
35.00 -35.00 -0.00170361
40.00 -35.00 -0.00117324
45.00 -35.00 -0.0009129
50.00 -35.00 -0.0009162
55.00 -35.00 -0.00095433
60.00 -35.00 -0.00084609
65.00 -35.00 -0.0005901
70.00 -35.00 -0.00030495
75.00 -35.00 -7.857e-05
80.00 -35.00 0.00013218
85.00 -35.00 0.00038856
90.00 -35.00 0.00057984
95.00 -35.00 0.00055197
100.00 -35.00 0.00044238
105.00 -35.00 0.00058005
110.00 -35.00 0.00097908
115.00 -35.00 0.00129288
120.00 -35.00 0.00137844
125.00 -35.00 0.00149817
130.00 -35.00 0.00181248
135.00 -35.00 0.00208509
140.00 -35.00 0.00205614
145.00 -35.00 0.00173715
150.00 -35.00 0.00125088
155.00 -35.00 0.00077007
160.00 -35.00 0.0006159
165.00 -35.00 0.00094371
170.00 -35.00 0.00134037
175.00 -35.00 0.00123294
180.00 -35.00 0.00067395
-180.00 -30.00 -1.542e-05
-175.00 -30.00 -1.656e-05
-170.00 -30.00 0.00010827
-165.00 -30.00 -0.00021699
-160.00 -30.00 -0.00083214
-155.00 -30.00 -0.00100284
-150.00 -30.00 -0.00067317
-145.00 -30.00 -0.00052887
-140.00 -30.00 -0.00088077
-135.00 -30.00 -0.00130392
-130.00 -30.00 -0.00129465
-125.00 -30.00 -0.00071928
-120.00 -30.00 0.00018288
-115.00 -30.00 0.00085434
-110.00 -30.00 0.00078525
-105.00 -30.00 9.9e-05
-100.00 -30.00 -0.00054132
-95.00 -30.00 -0.00069813
-90.00 -30.00 -0.0004566
-85.00 -30.00 -3.132e-05
-80.00 -30.00 0.00041844
-75.00 -30.00 0.00062958
-70.00 -30.00 0.00039459
-65.00 -30.00 -9.477e-05
-60.00 -30.00 -0.00039312
-55.00 -30.00 -0.00027717
-50.00 -30.00 7.815e-05
-45.00 -30.00 0.00028908
-40.00 -30.00 9.186e-05
-35.00 -30.00 -0.00034323
-30.00 -30.00 -0.00051696
-25.00 -30.00 -0.00025293
-20.00 -30.00 -6.66e-06
-15.00 -30.00 -0.00018336
-10.00 -30.00 -0.00048999
-5.00 -30.00 -0.00045
0.00 -30.00 -0.00023043
5.00 -30.00 -0.00039186
10.00 -30.00 -0.00106578
15.00 -30.00 -0.00188724
20.00 -30.00 -0.00250428
25.00 -30.00 -0.00272544
30.00 -30.00 -0.00244425
35.00 -30.00 -0.00183261
40.00 -30.00 -0.00136338
45.00 -30.00 -0.00130443
50.00 -30.00 -0.00139053
55.00 -30.00 -0.00118875
60.00 -30.00 -0.00057999
65.00 -30.00 0.00018432
70.00 -30.00 0.00069036
75.00 -30.00 0.00069777
80.00 -30.00 0.00046644
85.00 -30.00 0.00050826
90.00 -30.00 0.00082908
95.00 -30.00 0.00087681
100.00 -30.00 0.00048396
105.00 -30.00 0.00021966
110.00 -30.00 0.0004731
115.00 -30.00 0.00092619
120.00 -30.00 0.00129129
125.00 -30.00 0.00173367
130.00 -30.00 0.00219315
135.00 -30.00 0.00219555
140.00 -30.00 0.00170265
145.00 -30.00 0.0012438
150.00 -30.00 0.0009651
155.00 -30.00 0.00052002
160.00 -30.00 1.2e-05
165.00 -30.00 -4.602e-05
170.00 -30.00 0.00023352
175.00 -30.00 0.00023829
180.00 -30.00 -1.542e-05
-180.00 -25.00 -0.00043863
-175.00 -25.00 -0.00030588
-170.00 -25.00 -7.641e-05
-165.00 -25.00 -0.00061377
-160.00 -25.00 -0.0015852
-155.00 -25.00 -0.00185268
-150.00 -25.00 -0.00142248
-145.00 -25.00 -0.00128118
-140.00 -25.00 -0.00166914
-135.00 -25.00 -0.00194625
-130.00 -25.00 -0.00173088
-125.00 -25.00 -0.00113106
-120.00 -25.00 -0.00040788
-115.00 -25.00 -5.76e-05
-110.00 -25.00 -0.00048945
-105.00 -25.00 -0.00126573
-100.00 -25.00 -0.00149592
-95.00 -25.00 -0.0010578
-90.00 -25.00 -0.00052311
-85.00 -25.00 -6.324e-05
-80.00 -25.00 0.00053502
-75.00 -25.00 0.00103026
-70.00 -25.00 0.00095835
-65.00 -25.00 0.00050649
-60.00 -25.00 0.00030645
-55.00 -25.00 0.00053889
-50.00 -25.00 0.00080376
-45.00 -25.00 0.00066126
-40.00 -25.00 4.716e-05
-35.00 -25.00 -0.00057417
-30.00 -25.00 -0.00055752
-25.00 -25.00 2.178e-05
-20.00 -25.00 0.00020538
-15.00 -25.00 -0.00051675
-10.00 -25.00 -0.00130668
-5.00 -25.00 -0.00120891
0.00 -25.00 -0.00062748
5.00 -25.00 -0.00063594
10.00 -25.00 -0.00140676
15.00 -25.00 -0.0022578
20.00 -25.00 -0.00271914
25.00 -25.00 -0.00271806
30.00 -25.00 -0.00223074
35.00 -25.00 -0.00147885
40.00 -25.00 -0.0010008
45.00 -25.00 -0.00099996
50.00 -25.00 -0.00106977
55.00 -25.00 -0.00082428
60.00 -25.00 -0.00029535
65.00 -25.00 0.00031443
70.00 -25.00 0.00070908
75.00 -25.00 0.00054981
80.00 -25.00 2.922e-05
85.00 -25.00 -8.496e-05
90.00 -25.00 0.00039678
95.00 -25.00 0.00067116
100.00 -25.00 0.00035025
105.00 -25.00 0.00019644
110.00 -25.00 0.00068904
115.00 -25.00 0.00116553
120.00 -25.00 0.00119355
125.00 -25.00 0.00131463
130.00 -25.00 0.0016584
135.00 -25.00 0.00147318
140.00 -25.00 0.00072303
145.00 -25.00 0.00036216
150.00 -25.00 0.00048093
155.00 -25.00 0.00011061
160.00 -25.00 -0.00075474
165.00 -25.00 -0.00100458
170.00 -25.00 -0.00050742
175.00 -25.00 -0.00026622
180.00 -25.00 -0.00043863
-180.00 -20.00 -0.00112272
-175.00 -20.00 -0.00134775
-170.00 -20.00 -0.00113538
-165.00 -20.00 -0.00151056
-160.00 -20.00 -0.00226494
-155.00 -20.00 -0.00235125
-150.00 -20.00 -0.00195645
-145.00 -20.00 -0.00189657
-140.00 -20.00 -0.00190059
-135.00 -20.00 -0.00139116
-130.00 -20.00 -0.00078507
-125.00 -20.00 -0.00058131
-120.00 -20.00 -0.0005157
-115.00 -20.00 -0.00052974
-110.00 -20.00 -0.0010179
-105.00 -20.00 -0.0016359
-100.00 -20.00 -0.00153246
-95.00 -20.00 -0.0008733
-90.00 -20.00 -0.00049128
-85.00 -20.00 -0.00030231
-80.00 -20.00 0.00028737
-75.00 -20.00 0.00092919
-70.00 -20.00 0.00088404
-65.00 -20.00 0.00044037
-60.00 -20.00 0.00041649
-55.00 -20.00 0.0008181
-50.00 -20.00 0.00098682
-45.00 -20.00 0.00054234
-40.00 -20.00 -0.00034446
-35.00 -20.00 -0.00105447
-30.00 -20.00 -0.00089463
-25.00 -20.00 -5.532e-05
-20.00 -20.00 0.00024867
-15.00 -20.00 -0.00056049
-10.00 -20.00 -0.00140676
-5.00 -20.00 -0.00123693
0.00 -20.00 -0.00072339
5.00 -20.00 -0.00107814
10.00 -20.00 -0.00216126
15.00 -20.00 -0.00300504
20.00 -20.00 -0.00327429
25.00 -20.00 -0.00309318
30.00 -20.00 -0.00236697
35.00 -20.00 -0.00125316
40.00 -20.00 -0.00043296
45.00 -20.00 -0.00021453
50.00 -20.00 -0.00020817
55.00 -20.00 -0.00018501
60.00 -20.00 -0.00026454
65.00 -20.00 -0.00026244
70.00 -20.00 2.541e-05
75.00 -20.00 0.00016653
80.00 -20.00 -0.00013287
85.00 -20.00 -0.00024246
90.00 -20.00 0.00022188
95.00 -20.00 0.00050676
100.00 -20.00 0.00023826
105.00 -20.00 0.00034587
110.00 -20.00 0.00117357
115.00 -20.00 0.00153327
120.00 -20.00 0.0009543
125.00 -20.00 0.00067557
130.00 -20.00 0.00116295
135.00 -20.00 0.00118059
140.00 -20.00 0.00043827
145.00 -20.00 0.00029967
150.00 -20.00 0.00089286
155.00 -20.00 0.00061851
160.00 -20.00 -0.0006708
165.00 -20.00 -0.0012228
170.00 -20.00 -0.00066645
175.00 -20.00 -0.00051213
180.00 -20.00 -0.00112272
-180.00 -15.00 -0.0019182
-175.00 -15.00 -0.00242484
-170.00 -15.00 -0.00216693
-165.00 -15.00 -0.0021303
-160.00 -15.00 -0.00228897
-155.00 -15.00 -0.00203721
-150.00 -15.00 -0.00183819
-145.00 -15.00 -0.0020151
-140.00 -15.00 -0.0015819
-135.00 -15.00 -0.00024693
-130.00 -15.00 0.0005529
-125.00 -15.00 0.00012174
-120.00 -15.00 -0.0003966
-115.00 -15.00 -0.00036618
-110.00 -15.00 -0.00052464
-105.00 -15.00 -0.00097698
-100.00 -15.00 -0.00089766
-95.00 -15.00 -0.00037293
-90.00 -15.00 -0.00021042
-85.00 -15.00 -0.00024927
-80.00 -15.00 7.296e-05
-75.00 -15.00 0.00025287
-70.00 -15.00 -0.00031179
-65.00 -15.00 -0.0008877
-60.00 -15.00 -0.00052191
-55.00 -15.00 0.00041862
-50.00 -15.00 0.00094041
-45.00 -15.00 0.00067284
-40.00 -15.00 -0.00014007
-35.00 -15.00 -0.00090885
-30.00 -15.00 -0.00091128
-25.00 -15.00 -0.00020724
-20.00 -15.00 9.531e-05
-15.00 -15.00 -0.00056202
-10.00 -15.00 -0.00122634
-5.00 -15.00 -0.00108597
0.00 -15.00 -0.00086001
5.00 -15.00 -0.00140316
10.00 -15.00 -0.00225033
15.00 -15.00 -0.00267927
20.00 -15.00 -0.00286527
25.00 -15.00 -0.00295464
30.00 -15.00 -0.00239304
35.00 -15.00 -0.00110685
40.00 -15.00 -1.071e-05
45.00 -15.00 0.00035445
50.00 -15.00 0.00037737
55.00 -15.00 0.00026271
60.00 -15.00 -0.00016236
65.00 -15.00 -0.00047958
70.00 -15.00 -0.00011247
75.00 -15.00 0.00045918
80.00 -15.00 0.00048648
85.00 -15.00 0.0003546
90.00 -15.00 0.00061734
95.00 -15.00 0.00072543
100.00 -15.00 0.00035991
105.00 -15.00 0.00044754
110.00 -15.00 0.00119349
115.00 -15.00 0.00121107
120.00 -15.00 0.00022566
125.00 -15.00 -1.134e-05
130.00 -15.00 0.0009606
135.00 -15.00 0.001275
140.00 -15.00 0.00043197
145.00 -15.00 0.00034167
150.00 -15.00 0.00136896
155.00 -15.00 0.00135993
160.00 -15.00 -0.00020088
165.00 -15.00 -0.00118455
170.00 -15.00 -0.00087081
175.00 -15.00 -0.00094401
180.00 -15.00 -0.0019182
-180.00 -10.00 -0.00178488
-175.00 -10.00 -0.0019764
-170.00 -10.00 -0.00164643
-165.00 -10.00 -0.00154545
-160.00 -10.00 -0.00154971
-155.00 -10.00 -0.00133728
-150.00 -10.00 -0.00147714
-145.00 -10.00 -0.00183648
-140.00 -10.00 -0.00110421
-135.00 -10.00 0.00054147
-130.00 -10.00 0.00106851
-125.00 -10.00 3.309e-05
-120.00 -10.00 -0.00068739
-115.00 -10.00 -0.00028938
-110.00 -10.00 1.101e-05
-105.00 -10.00 -0.00027234
-100.00 -10.00 -0.00024609
-95.00 -10.00 0.00027006
-90.00 -10.00 0.00058518
-85.00 -10.00 0.00063537
-80.00 -10.00 0.00061254
-75.00 -10.00 4.29e-05
-70.00 -10.00 -0.00112851
-65.00 -10.00 -0.00175962
-60.00 -10.00 -0.00107712
-55.00 -10.00 0.00020175
-50.00 -10.00 0.00101745
-45.00 -10.00 0.00103239
-40.00 -10.00 0.00037791
-35.00 -10.00 -0.00048066
-30.00 -10.00 -0.00082119
-25.00 -10.00 -0.00057324
-20.00 -10.00 -0.00056154
-15.00 -10.00 -0.00113457
-10.00 -10.00 -0.00157842
-5.00 -10.00 -0.00149214
0.00 -10.00 -0.00141894
5.00 -10.00 -0.00157512
10.00 -10.00 -0.00144216
15.00 -10.00 -0.00109497
20.00 -10.00 -0.00133575
25.00 -10.00 -0.00204588
30.00 -10.00 -0.00202905
35.00 -10.00 -0.00095907
40.00 -10.00 7.56e-05
45.00 -10.00 0.00035121
50.00 -10.00 0.00030237
55.00 -10.00 0.00028092
60.00 -10.00 9.015e-05
65.00 -10.00 -6.483e-05
70.00 -10.00 0.00029517
75.00 -10.00 0.00083184
80.00 -10.00 0.00089178
85.00 -10.00 0.000762
90.00 -10.00 0.00095598
95.00 -10.00 0.00102339
100.00 -10.00 0.00059076
105.00 -10.00 0.00035292
110.00 -10.00 0.00053175
115.00 -10.00 0.00015018
120.00 -10.00 -0.00072513
125.00 -10.00 -0.00049299
130.00 -10.00 0.0008286
135.00 -10.00 0.00107412
140.00 -10.00 -8.964e-05
145.00 -10.00 -0.00033762
150.00 -10.00 0.00087126
155.00 -10.00 0.00113205
160.00 -10.00 -0.00040593
165.00 -10.00 -0.0016062
170.00 -10.00 -0.00141414
175.00 -10.00 -0.0012588
180.00 -10.00 -0.00178488
-180.00 -5.00 -0.00091224
-175.00 -5.00 -0.00054273
-170.00 -5.00 -0.00025755
-165.00 -5.00 -0.00051246
-160.00 -5.00 -0.00094413
-155.00 -5.00 -0.00118386
-150.00 -5.00 -0.001533
-145.00 -5.00 -0.00165585
-140.00 -5.00 -0.00066681
-135.00 -5.00 0.00072144
-130.00 -5.00 0.00071187
-125.00 -5.00 -0.00051465
-120.00 -5.00 -0.00102069
-115.00 -5.00 -0.00038793
-110.00 -5.00 3.966e-05
-105.00 -5.00 -0.00012507
-100.00 -5.00 1.263e-05
-95.00 -5.00 0.00068793
-90.00 -5.00 0.00131049
-85.00 -5.00 0.00158199
-80.00 -5.00 0.00138081
-75.00 -5.00 0.00050943
-70.00 -5.00 -0.00058713
-65.00 -5.00 -0.00097467
-60.00 -5.00 -0.0004779
-55.00 -5.00 0.00025167
-50.00 -5.00 0.00073236
-45.00 -5.00 0.00079176
-40.00 -5.00 0.00032019
-35.00 -5.00 -0.00034854
-30.00 -5.00 -0.00063201
-25.00 -5.00 -0.00066939
-20.00 -5.00 -0.00106125
-15.00 -5.00 -0.00165105
-10.00 -5.00 -0.00182121
-5.00 -5.00 -0.00170637
0.00 -5.00 -0.00174762
5.00 -5.00 -0.00156684
10.00 -5.00 -0.00073374
15.00 -5.00 -3.402e-05
20.00 -5.00 -0.00047724
25.00 -5.00 -0.00154899
30.00 -5.00 -0.0018369
35.00 -5.00 -0.00104643
40.00 -5.00 -0.00018585
45.00 -5.00 4.173e-05
50.00 -5.00 -5.181e-05
55.00 -5.00 -6.39e-06
60.00 -5.00 0.00015585
65.00 -5.00 0.00031458
70.00 -5.00 0.00051399
75.00 -5.00 0.00068919
80.00 -5.00 0.0007464
85.00 -5.00 0.0008889
90.00 -5.00 0.00122259
95.00 -5.00 0.00130575
100.00 -5.00 0.00082389
105.00 -5.00 0.00018615
110.00 -5.00 -0.00028446
115.00 -5.00 -0.00081201
120.00 -5.00 -0.00111801
125.00 -5.00 -0.00043848
130.00 -5.00 0.00066111
135.00 -5.00 0.00056982
140.00 -5.00 -0.00051666
145.00 -5.00 -0.00062907
150.00 -5.00 0.00039327
155.00 -5.00 0.00043347
160.00 -5.00 -0.00109107
165.00 -5.00 -0.00223182
170.00 -5.00 -0.00192939
175.00 -5.00 -0.00124887
180.00 -5.00 -0.00091224
-180.00 0.00 -0.00051192
-175.00 0.00 -6.441e-05
-170.00 0.00 4.548e-05
-165.00 0.00 -0.00041634
-160.00 0.00 -0.00114087
-155.00 0.00 -0.00169893
-150.00 0.00 -0.00187887
-145.00 0.00 -0.00135858
-140.00 0.00 -0.000186
-135.00 0.00 0.00058623
-130.00 0.00 0.00016359
-125.00 0.00 -0.00060813
-120.00 0.00 -0.00058014
-115.00 0.00 -0.00011802
-110.00 0.00 -0.00012432
-105.00 0.00 -0.00036633
-100.00 0.00 -0.00012138
-95.00 0.00 0.00058113
-90.00 0.00 0.00127218
-85.00 0.00 0.00161496
-80.00 0.00 0.00136461
-75.00 0.00 0.00068079
-70.00 0.00 0.00023094
-65.00 0.00 0.00023463
-60.00 0.00 0.00016839
-55.00 0.00 -0.00010296
-50.00 0.00 -0.00012297
-45.00 0.00 3.948e-05
-40.00 0.00 -5.523e-05
-35.00 0.00 -0.0001416
-30.00 0.00 0.00010827
-25.00 0.00 4.233e-05
-20.00 0.00 -0.00077706
-15.00 0.00 -0.00144
-10.00 0.00 -0.00125442
-5.00 0.00 -0.00098616
0.00 0.00 -0.00121974
5.00 0.00 -0.00123132
10.00 0.00 -0.00065025
15.00 0.00 -0.00041475
20.00 0.00 -0.00109011
25.00 0.00 -0.0018624
30.00 0.00 -0.00187158
35.00 0.00 -0.00124089
40.00 0.00 -0.00052089
45.00 0.00 -0.00010119
50.00 0.00 -0.00010305
55.00 0.00 -0.00022299
60.00 0.00 -1.215e-05
65.00 0.00 0.00044145
70.00 0.00 0.00068466
75.00 0.00 0.00073128
80.00 0.00 0.00098997
85.00 0.00 0.00147105
90.00 0.00 0.00174645
95.00 0.00 0.00156318
100.00 0.00 0.00100827
105.00 0.00 0.00025968
110.00 0.00 -0.0004572
115.00 0.00 -0.00080055
120.00 0.00 -0.00052929
125.00 0.00 8.916e-05
130.00 0.00 0.0003396
135.00 0.00 -4.077e-05
140.00 0.00 -0.0002724
145.00 0.00 0.0003333
150.00 0.00 0.00094884
155.00 0.00 0.00024087
160.00 0.00 -0.00141882
165.00 0.00 -0.00234462
170.00 0.00 -0.00195171
175.00 0.00 -0.00112776
180.00 0.00 -0.00051192
-180.00 5.00 -0.00054852
-175.00 5.00 -0.00053148
-170.00 5.00 -0.00069138
-165.00 5.00 -0.00106449
-160.00 5.00 -0.00166248
-155.00 5.00 -0.00216714
-150.00 5.00 -0.00192813
-145.00 5.00 -0.00077298
-140.00 5.00 0.00032553
-135.00 5.00 0.00032868
-130.00 5.00 -0.00027513
-125.00 5.00 -0.00023325
-120.00 5.00 0.0003642
-115.00 5.00 0.00035646
-110.00 5.00 -0.0003765
-105.00 5.00 -0.00081429
-100.00 5.00 -0.00050325
-95.00 5.00 0.00018129
-90.00 5.00 0.00091698
-85.00 5.00 0.0013461
-80.00 5.00 0.00103644
-75.00 5.00 0.00038103
-70.00 5.00 0.00024642
-65.00 5.00 0.00039201
-60.00 5.00 -6.213e-05
-55.00 5.00 -0.00076617
-50.00 5.00 -0.00075468
-45.00 5.00 -0.00030864
-40.00 5.00 -0.00013533
-35.00 5.00 0.00014796
-30.00 5.00 0.00072654
-25.00 5.00 0.00052947
-20.00 5.00 -0.00068838
-15.00 5.00 -0.00136701
-10.00 5.00 -0.00078549
-5.00 5.00 -0.0002241
0.00 5.00 -0.00042015
5.00 5.00 -0.00058017
10.00 5.00 -0.00053067
15.00 5.00 -0.00105816
20.00 5.00 -0.00192006
25.00 5.00 -0.00208935
30.00 5.00 -0.00165348
35.00 5.00 -0.00130077
40.00 5.00 -0.00086424
45.00 5.00 -0.00018012
50.00 5.00 5.01e-05
55.00 5.00 -0.00030915
60.00 5.00 -0.00025695
65.00 5.00 0.00052827
70.00 5.00 0.00118137
75.00 5.00 0.00140397
80.00 5.00 0.00175482
85.00 5.00 0.00214389
90.00 5.00 0.00194127
95.00 5.00 0.00133572
100.00 5.00 0.00094569
105.00 5.00 0.0006702
110.00 5.00 0.0002904
115.00 5.00 0.00027882
120.00 5.00 0.00077526
125.00 5.00 0.00085656
130.00 5.00 2.163e-05
135.00 5.00 -0.00065325
140.00 5.00 -4.185e-05
145.00 5.00 0.00116496
150.00 5.00 0.00129684
155.00 5.00 -2.994e-05
160.00 5.00 -0.00152211
165.00 5.00 -0.00196299
170.00 5.00 -0.00146244
175.00 5.00 -0.00084189
180.00 5.00 -0.00054852
-180.00 10.00 -0.00022833
-175.00 10.00 -0.00049248
-170.00 10.00 -0.00095142
-165.00 10.00 -0.00137832
-160.00 10.00 -0.00187596
-155.00 10.00 -0.00220491
-150.00 10.00 -0.00158076
-145.00 10.00 -0.00011358
-140.00 10.00 0.0006549
-135.00 10.00 -2.763e-05
-130.00 10.00 -0.00069135
-125.00 10.00 -1.374e-05
-120.00 10.00 0.00090912
-115.00 10.00 0.00049287
-110.00 10.00 -0.00072015
-105.00 10.00 -0.00124635
-100.00 10.00 -0.00087843
-95.00 10.00 -0.00011163
-90.00 10.00 0.00092844
-85.00 10.00 0.00173661
-80.00 10.00 0.00146244
-75.00 10.00 0.00047034
-70.00 10.00 -5.442e-05
-65.00 10.00 -0.00013824
-60.00 10.00 -0.00055548
-55.00 10.00 -0.00092346
-50.00 10.00 -0.00054594
-45.00 10.00 -8.292e-05
-40.00 10.00 -0.00020946
-35.00 10.00 -0.00022431
-30.00 10.00 0.00013674
-25.00 10.00 -0.00025956
-20.00 10.00 -0.00150684
-15.00 10.00 -0.00194685
-10.00 10.00 -0.00108465
-5.00 10.00 -0.00031104
0.00 10.00 -0.00015273
5.00 10.00 9.78e-05
10.00 10.00 0.00011013
15.00 10.00 -0.00090054
20.00 10.00 -0.00196713
25.00 10.00 -0.00180576
30.00 10.00 -0.00121488
35.00 10.00 -0.00132294
40.00 10.00 -0.00135069
45.00 10.00 -0.00056283
50.00 10.00 -6.405e-05
55.00 10.00 -0.0005103
60.00 10.00 -0.00060918
65.00 10.00 0.00042591
70.00 10.00 0.00152361
75.00 10.00 0.00190536
80.00 10.00 0.00202542
85.00 10.00 0.00194037
90.00 10.00 0.00122727
95.00 10.00 0.00045381
100.00 10.00 0.00049764
105.00 10.00 0.00096225
110.00 10.00 0.00113886
115.00 10.00 0.00139479
120.00 10.00 0.00191955
125.00 10.00 0.00168477
130.00 10.00 0.0003264
135.00 10.00 -0.00065121
140.00 10.00 -0.00015405
145.00 10.00 0.00065619
150.00 10.00 0.00024852
155.00 10.00 -0.00101241
160.00 10.00 -0.00176184
165.00 10.00 -0.00157119
170.00 10.00 -0.00095373
175.00 10.00 -0.00041133
180.00 10.00 -0.00022833
-180.00 15.00 1.95e-05
-175.00 15.00 -5.469e-05
-170.00 15.00 -0.0006534
-165.00 15.00 -0.00132759
-160.00 15.00 -0.00187572
-155.00 15.00 -0.0019923
-150.00 15.00 -0.00110307
-145.00 15.00 0.0003324
-140.00 15.00 0.00069108
-135.00 15.00 -0.00036891
-130.00 15.00 -0.00099111
-125.00 15.00 -3.477e-05
-120.00 15.00 0.00103176
-115.00 15.00 0.00066078
-110.00 15.00 -0.00041973
-105.00 15.00 -0.00088188
-100.00 15.00 -0.00072078
-95.00 15.00 -0.00020355
-90.00 15.00 0.00092274
-85.00 15.00 0.00212757
-80.00 15.00 0.00215109
-75.00 15.00 0.00102384
-70.00 15.00 3.222e-05
-65.00 15.00 -0.00035835
-60.00 15.00 -0.00056253
-55.00 15.00 -0.00046101
-50.00 15.00 6.162e-05
-45.00 15.00 0.00018858
-40.00 15.00 -0.0004455
-35.00 15.00 -0.00090531
-30.00 15.00 -0.00083109
-25.00 15.00 -0.00114036
-20.00 15.00 -0.00189252
-15.00 15.00 -0.00191487
-10.00 15.00 -0.00113202
-5.00 15.00 -0.00060909
0.00 15.00 -0.00030186
5.00 15.00 0.00041319
10.00 15.00 0.00066813
15.00 15.00 -0.00044199
20.00 15.00 -0.00157428
25.00 15.00 -0.00127206
30.00 15.00 -0.00062688
35.00 15.00 -0.00100896
40.00 15.00 -0.00141255
45.00 15.00 -0.00073107
50.00 15.00 -0.00010389
55.00 15.00 -0.00054117
60.00 15.00 -0.00083964
65.00 15.00 7.488e-05
70.00 15.00 0.00125634
75.00 15.00 0.00165813
80.00 15.00 0.00154164
85.00 15.00 0.00116148
90.00 15.00 0.0003516
95.00 15.00 -0.00031953
100.00 15.00 -8.04e-05
105.00 15.00 0.00061407
110.00 15.00 0.0009621
115.00 15.00 0.00126261
120.00 15.00 0.00187158
125.00 15.00 0.00201768
130.00 15.00 0.00120045
135.00 15.00 0.00031113
140.00 15.00 4.452e-05
145.00 15.00 -0.0002415
150.00 15.00 -0.00101925
155.00 15.00 -0.00158346
160.00 15.00 -0.00142281
165.00 15.00 -0.00103905
170.00 15.00 -0.00079245
175.00 15.00 -0.00041004
180.00 15.00 1.95e-05
-180.00 20.00 -0.0004266
-175.00 20.00 -0.00024309
-170.00 20.00 -0.00075225
-165.00 20.00 -0.00147798
-160.00 20.00 -0.00189381
-155.00 20.00 -0.00166674
-150.00 20.00 -0.00062772
-145.00 20.00 0.00053712
-140.00 20.00 0.00056127
-135.00 20.00 -0.00049995
-130.00 20.00 -0.00095379
-125.00 20.00 2.709e-05
-120.00 20.00 0.00117456
-115.00 20.00 0.00129756
-110.00 20.00 0.00087291
-105.00 20.00 0.00058197
-100.00 20.00 0.00021303
-95.00 20.00 -0.00011781
-90.00 20.00 0.00037779
-85.00 20.00 0.0015198
-80.00 20.00 0.00200034
-75.00 20.00 0.00135393
-70.00 20.00 0.00044601
-65.00 20.00 -6.561e-05
-60.00 20.00 -0.00021177
-55.00 20.00 1.269e-05
-50.00 20.00 0.00043485
-45.00 20.00 0.00039348
-40.00 20.00 -0.00024108
-35.00 20.00 -0.00071061
-30.00 20.00 -0.00074508
-25.00 20.00 -0.00089556
-20.00 20.00 -0.00113541
-15.00 20.00 -0.00088161
-10.00 20.00 -0.00043164
-5.00 20.00 -0.000441
0.00 20.00 -0.00041034
5.00 20.00 0.00022644
10.00 20.00 0.00048675
15.00 20.00 -0.00042279
20.00 20.00 -0.00117678
25.00 20.00 -0.00051951
30.00 20.00 0.0003765
35.00 20.00 0.00012315
40.00 20.00 -0.00035616
45.00 20.00 0.0001362
50.00 20.00 0.00068949
55.00 20.00 0.00020094
60.00 20.00 -0.00043728
65.00 20.00 -5.907e-05
70.00 20.00 0.00079389
75.00 20.00 0.00113853
80.00 20.00 0.00102807
85.00 20.00 0.00075852
90.00 20.00 0.00025125
95.00 20.00 -0.00022599
100.00 20.00 -0.00019392
105.00 20.00 9.567e-05
110.00 20.00 0.00013005
115.00 20.00 0.00018237
120.00 20.00 0.0007152
125.00 20.00 0.00136866
130.00 20.00 0.00153492
135.00 20.00 0.00117177
140.00 20.00 0.00040494
145.00 20.00 -0.00065493
150.00 20.00 -0.001341
155.00 20.00 -0.00095892
160.00 20.00 -9.285e-05
165.00 20.00 9.57e-06
170.00 20.00 -0.00062292
175.00 20.00 -0.00085278
180.00 20.00 -0.0004266
-180.00 25.00 -0.000672
-175.00 25.00 -0.0005841
-170.00 25.00 -0.00103383
-165.00 25.00 -0.00164523
-160.00 25.00 -0.00182352
-155.00 25.00 -0.00132342
-150.00 25.00 -0.00029406
-145.00 25.00 0.00059352
-140.00 25.00 0.0005649
-135.00 25.00 -0.00016668
-130.00 25.00 -0.00045549
-125.00 25.00 0.00019242
-120.00 25.00 0.00104628
-115.00 25.00 0.00149748
-110.00 25.00 0.00174543
-105.00 25.00 0.00178494
-100.00 25.00 0.00114153
-95.00 25.00 9.495e-05
-90.00 25.00 -0.00022971
-85.00 25.00 0.00050793
-80.00 25.00 0.00135462
-75.00 25.00 0.00149418
-70.00 25.00 0.0010911
-65.00 25.00 0.00060801
-60.00 25.00 0.00029382
-55.00 25.00 0.0003123
-50.00 25.00 0.00057462
-45.00 25.00 0.00065319
-40.00 25.00 0.00036876
-35.00 25.00 -1.32e-05
-30.00 25.00 -0.00038661
-25.00 25.00 -0.00082224
-20.00 25.00 -0.0009927
-15.00 25.00 -0.00059721
-10.00 25.00 -0.00014424
-5.00 25.00 -0.0001857
0.00 25.00 -0.00029586
5.00 25.00 -3.057e-05
10.00 25.00 3.33e-06
15.00 25.00 -0.00056625
20.00 25.00 -0.0007203
25.00 25.00 0.00025158
30.00 25.00 0.00125316
35.00 25.00 0.00121161
40.00 25.00 0.00091605
45.00 25.00 0.00136743
50.00 25.00 0.00184599
55.00 25.00 0.00132633
60.00 25.00 0.00039774
65.00 25.00 0.00018888
70.00 25.00 0.00058752
75.00 25.00 0.00082626
80.00 25.00 0.00078366
85.00 25.00 0.0007215
90.00 25.00 0.00063564
95.00 25.00 0.00051981
100.00 25.00 0.00051735
105.00 25.00 0.0005139
110.00 25.00 0.0002598
115.00 25.00 -6.315e-05
120.00 25.00 -3.51e-06
125.00 25.00 0.00050865
130.00 25.00 0.00105126
135.00 25.00 0.0010446
140.00 25.00 0.00015747
145.00 25.00 -0.00112572
150.00 25.00 -0.00154089
155.00 25.00 -0.00047103
160.00 25.00 0.00092973
165.00 25.00 0.00106692
170.00 25.00 4.29e-05
175.00 25.00 -0.00072195
180.00 25.00 -0.000672
-180.00 30.00 7.218e-05
-175.00 30.00 -0.00015771
-170.00 30.00 -0.00074001
-165.00 30.00 -0.00138171
-160.00 30.00 -0.00157884
-155.00 30.00 -0.00113112
-150.00 30.00 -0.00021978
-145.00 30.00 0.00066498
-140.00 30.00 0.00102516
-135.00 30.00 0.00085044
-130.00 30.00 0.00057282
-125.00 30.00 0.0004353
-120.00 30.00 0.0003594
-115.00 30.00 0.00044961
-110.00 30.00 0.00091488
-105.00 30.00 0.00138678
-100.00 30.00 0.00114648
-95.00 30.00 0.00026049
-90.00 30.00 -0.0002901
-85.00 30.00 0.00012654
-80.00 30.00 0.00106794
-75.00 30.00 0.00173505
-70.00 30.00 0.00180483
-65.00 30.00 0.00142815
-60.00 30.00 0.00093774
-55.00 30.00 0.00066414
-50.00 30.00 0.00068556
-45.00 30.00 0.00074049
-40.00 30.00 0.00052497
-35.00 30.00 -7.434e-05
-30.00 30.00 -0.00099645
-25.00 30.00 -0.00189183
-20.00 30.00 -0.0021405
-15.00 30.00 -0.00150606
-10.00 30.00 -0.00058056
-5.00 30.00 -5.187e-05
0.00 30.00 0.00010932
5.00 30.00 0.00018744
10.00 30.00 7.374e-05
15.00 30.00 -0.0002142
20.00 30.00 -0.00011802
25.00 30.00 0.00053643
30.00 30.00 0.00100761
35.00 30.00 0.00086652
40.00 30.00 0.00083466
45.00 30.00 0.00148305
50.00 30.00 0.00206787
55.00 30.00 0.0016935
60.00 30.00 0.00078156
65.00 30.00 0.00035163
70.00 30.00 0.00053088
75.00 30.00 0.00071025
80.00 30.00 0.00064578
85.00 30.00 0.00060753
90.00 30.00 0.00078684
95.00 30.00 0.00112269
100.00 30.00 0.00147573
105.00 30.00 0.00164757
110.00 30.00 0.00145239
115.00 30.00 0.00097734
120.00 30.00 0.00061656
125.00 30.00 0.00069816
130.00 30.00 0.00105675
135.00 30.00 0.00101301
140.00 30.00 2.877e-05
145.00 30.00 -0.00141261
150.00 30.00 -0.00196494
155.00 30.00 -0.00094353
160.00 30.00 0.0006669
165.00 30.00 0.00136128
170.00 30.00 0.00092067
175.00 30.00 0.00030537
180.00 30.00 7.218e-05
-180.00 35.00 0.00083715
-175.00 35.00 0.00043536
-170.00 35.00 -0.00016587
-165.00 35.00 -0.00079335
-160.00 35.00 -0.00110952
-155.00 35.00 -0.00088698
-150.00 35.00 -0.00012855
-145.00 35.00 0.00090276
-140.00 35.00 0.00177015
-135.00 35.00 0.00210066
-130.00 35.00 0.00175641
-125.00 35.00 0.00085506
-120.00 35.00 -0.00018696
-115.00 35.00 -0.0007287
-110.00 35.00 -0.00041058
-105.00 35.00 0.00035211
-100.00 35.00 0.00073746
-95.00 35.00 0.00047358
-90.00 35.00 0.00010887
-85.00 35.00 0.00025857
-80.00 35.00 0.00091302
-75.00 35.00 0.0015927
-70.00 35.00 0.00188991
-65.00 35.00 0.00173199
-60.00 35.00 0.00132267
-55.00 35.00 0.00094698
-50.00 35.00 0.0007392
-45.00 35.00 0.000585
-40.00 35.00 0.00024795
-35.00 35.00 -0.00043092
-30.00 35.00 -0.00136779
-25.00 35.00 -0.00214332
-20.00 35.00 -0.00221955
-15.00 35.00 -0.00148632
-10.00 35.00 -0.00047454
-5.00 35.00 0.00020052
0.00 35.00 0.00044007
5.00 35.00 0.00050391
10.00 35.00 0.00054717
15.00 35.00 0.00059763
20.00 35.00 0.00067071
25.00 35.00 0.00061278
30.00 35.00 0.00020655
35.00 35.00 -0.00028602
40.00 35.00 -0.00018447
45.00 35.00 0.00062787
50.00 35.00 0.00131091
55.00 35.00 0.0011379
60.00 35.00 0.00048489
65.00 35.00 0.00022158
70.00 35.00 0.00051375
75.00 35.00 0.00080856
80.00 35.00 0.00075759
85.00 35.00 0.0005997
90.00 35.00 0.0006954
95.00 35.00 0.00108663
100.00 35.00 0.00154458
105.00 35.00 0.00181131
110.00 35.00 0.00176682
115.00 35.00 0.00152127
120.00 35.00 0.0013884
125.00 35.00 0.00162918
130.00 35.00 0.0020772
135.00 35.00 0.00208869
140.00 35.00 0.00114687
145.00 35.00 -0.00036486
150.00 35.00 -0.00128994
155.00 35.00 -0.00088128
160.00 35.00 0.00035346
165.00 35.00 0.00129081
170.00 35.00 0.00144018
175.00 35.00 0.0011583
180.00 35.00 0.00083715
-180.00 40.00 0.00076296
-175.00 40.00 0.00044796
-170.00 40.00 0.00022311
-165.00 40.00 3.93e-06
-160.00 40.00 -0.00016629
-155.00 40.00 -0.00012225
-150.00 40.00 0.00030204
-145.00 40.00 0.00108774
-140.00 40.00 0.00193155
-135.00 40.00 0.00236994
-130.00 40.00 0.00206799
-125.00 40.00 0.00108639
-120.00 40.00 -5.514e-05
-115.00 40.00 -0.00065802
-110.00 40.00 -0.00038304
-105.00 40.00 0.00042474
-100.00 40.00 0.00105093
-95.00 40.00 0.00109419
-90.00 40.00 0.00076536
-85.00 40.00 0.00053511
-80.00 40.00 0.00063657
-75.00 40.00 0.00094851
-70.00 40.00 0.00121731
-65.00 40.00 0.00128502
-60.00 40.00 0.00115524
-55.00 40.00 0.00092856
-50.00 40.00 0.00069867
-45.00 40.00 0.00049269
-40.00 40.00 0.00028227
-35.00 40.00 3.585e-05
-30.00 40.00 -0.00021144
-25.00 40.00 -0.00032496
-20.00 40.00 -0.00018486
-15.00 40.00 0.00011118
-10.00 40.00 0.00026301
-5.00 40.00 0.00010548
0.00 40.00 -0.00013866
5.00 40.00 -7.089e-05
10.00 40.00 0.00044592
15.00 40.00 0.00112518
20.00 40.00 0.00146832
25.00 40.00 0.00113529
30.00 40.00 0.00027714
35.00 40.00 -0.00044976
40.00 40.00 -0.00043287
45.00 40.00 0.00020931
50.00 40.00 0.00070974
55.00 40.00 0.00056823
60.00 40.00 0.0001422
65.00 40.00 0.00011538
70.00 40.00 0.00060762
75.00 40.00 0.00111366
80.00 40.00 0.0012036
85.00 40.00 0.00096198
90.00 40.00 0.00072438
95.00 40.00 0.00064332
100.00 40.00 0.00062796
105.00 40.00 0.00057525
110.00 40.00 0.00053457
115.00 40.00 0.00067629
120.00 40.00 0.00115293
125.00 40.00 0.00193335
130.00 40.00 0.00268602
135.00 40.00 0.00288993
140.00 40.00 0.00226308
145.00 40.00 0.00116571
150.00 40.00 0.00041634
155.00 40.00 0.00053568
160.00 40.00 0.00123249
165.00 40.00 0.00176061
170.00 40.00 0.00170037
175.00 40.00 0.00123687
180.00 40.00 0.00076296
-180.00 45.00 0.00063507
-175.00 45.00 0.00052599
-170.00 45.00 0.00079986
-165.00 45.00 0.00110766
-160.00 45.00 0.00117888
-155.00 45.00 0.00101697
-150.00 45.00 0.00084726
-145.00 45.00 0.0008802
-140.00 45.00 0.00110091
-135.00 45.00 0.00127098
-130.00 45.00 0.00114105
-125.00 45.00 0.00069564
-120.00 45.00 0.0002202
-115.00 45.00 0.00010242
-110.00 45.00 0.00050268
-105.00 45.00 0.00118845
-100.00 45.00 0.00171642
-95.00 45.00 0.00179928
-90.00 45.00 0.00149961
-85.00 45.00 0.00109935
-80.00 45.00 0.00083715
-75.00 45.00 0.00077232
-70.00 45.00 0.00082677
-65.00 45.00 0.00088758
-60.00 45.00 0.00087234
-55.00 45.00 0.00075177
-50.00 45.00 0.00055812
-45.00 45.00 0.00038235
-40.00 45.00 0.00033876
-35.00 45.00 0.00049671
-30.00 45.00 0.00082281
-25.00 45.00 0.00116892
-20.00 45.00 0.00130458
-15.00 45.00 0.00100344
-10.00 45.00 0.00020829
-5.00 45.00 -0.00080856
0.00 45.00 -0.00149664
5.00 45.00 -0.00137325
10.00 45.00 -0.00042342
15.00 45.00 0.00081636
20.00 45.00 0.00160839
25.00 45.00 0.0015492
30.00 45.00 0.0008724
35.00 45.00 0.00023733
40.00 45.00 0.00012966
45.00 45.00 0.0004275
50.00 45.00 0.00061164
55.00 45.00 0.00040803
60.00 45.00 0.00010665
65.00 45.00 0.00018357
70.00 45.00 0.00072273
75.00 45.00 0.00133806
80.00 45.00 0.0016071
85.00 45.00 0.00143496
90.00 45.00 0.00099657
95.00 45.00 0.00048261
100.00 45.00 4.92e-06
105.00 45.00 -0.00032058
110.00 45.00 -0.00033393
115.00 45.00 6.681e-05
120.00 45.00 0.00079719
125.00 45.00 0.00157368
130.00 45.00 0.00204138
135.00 45.00 0.00198429
140.00 45.00 0.00151146
145.00 45.00 0.00105438
150.00 45.00 0.00107058
155.00 45.00 0.00163215
160.00 45.00 0.0023049
165.00 45.00 0.00251067
170.00 45.00 0.00204588
175.00 45.00 0.00124107
180.00 45.00 0.00063507
-180.00 50.00 0.00106698
-175.00 50.00 0.00111732
-170.00 50.00 0.00157035
-165.00 50.00 0.00202149
-160.00 50.00 0.00210183
-155.00 50.00 0.00172764
-150.00 50.00 0.00111324
-145.00 50.00 0.00057555
-140.00 50.00 0.00030528
-135.00 50.00 0.00027657
-130.00 50.00 0.00033447
-125.00 50.00 0.00035985
-120.00 50.00 0.00036675
-115.00 50.00 0.00046239
-110.00 50.00 0.00072066
-105.00 50.00 0.001095
-100.00 50.00 0.00144864
-95.00 50.00 0.00166107
-90.00 50.00 0.00170142
-85.00 50.00 0.00161469
-80.00 50.00 0.00146337
-75.00 50.00 0.00129111
-70.00 50.00 0.00111954
-65.00 50.00 0.00094986
-60.00 50.00 0.00075855
-55.00 50.00 0.00050916
-50.00 50.00 0.00019434
-45.00 50.00 -0.00012165
-40.00 50.00 -0.00031215
-35.00 50.00 -0.0002661
-30.00 50.00 1.086e-05
-25.00 50.00 0.00034839
-20.00 50.00 0.00046923
-15.00 50.00 0.00014529
-10.00 50.00 -0.000621
-5.00 50.00 -0.00151866
0.00 50.00 -0.0020586
5.00 50.00 -0.00187938
10.00 50.00 -0.00102186
15.00 50.00 6.093e-05
20.00 50.00 0.00080466
25.00 50.00 0.00092946
30.00 50.00 0.00061203
35.00 50.00 0.00028431
40.00 50.00 0.00023472
45.00 50.00 0.00038502
50.00 50.00 0.00045342
55.00 50.00 0.00031494
60.00 50.00 0.00015801
65.00 50.00 0.00027423
70.00 50.00 0.00073656
75.00 50.00 0.00131721
80.00 50.00 0.00169299
85.00 50.00 0.00168666
90.00 50.00 0.00133317
95.00 50.00 0.00080271
100.00 50.00 0.00031644
105.00 50.00 9.216e-05
110.00 50.00 0.00026391
115.00 50.00 0.00077685
120.00 50.00 0.00135744
125.00 50.00 0.00164019
130.00 50.00 0.00140043
135.00 50.00 0.00073698
140.00 50.00 6.045e-05
145.00 50.00 -0.000141
150.00 50.00 0.00036576
155.00 50.00 0.00135843
160.00 50.00 0.00227448
165.00 50.00 0.00259761
170.00 50.00 0.00222864
175.00 50.00 0.00153876
180.00 50.00 0.00106698
-180.00 55.00 0.00127233
-175.00 55.00 0.00135135
-170.00 55.00 0.00165711
-165.00 55.00 0.00192693
-160.00 55.00 0.00192342
-155.00 55.00 0.00160353
-150.00 55.00 0.00113493
-145.00 55.00 0.00076566
-140.00 55.00 0.00065478
-135.00 55.00 0.00078291
-130.00 55.00 0.00098943
-125.00 55.00 0.00109239
-120.00 55.00 0.00100275
-115.00 55.00 0.00076488
-110.00 55.00 0.00051429
-105.00 55.00 0.00039294
-100.00 55.00 0.00047526
-95.00 55.00 0.00073695
-90.00 55.00 0.0010707
-85.00 55.00 0.00133674
-80.00 55.00 0.00142677
-75.00 55.00 0.00131112
-70.00 55.00 0.00104211
-65.00 55.00 0.00070815
-60.00 55.00 0.00037149
-55.00 55.00 3.732e-05
-50.00 55.00 -0.00031968
-45.00 55.00 -0.00069654
-40.00 55.00 -0.00102579
-35.00 55.00 -0.00120261
-30.00 55.00 -0.00116115
-25.00 55.00 -0.00094176
-20.00 55.00 -0.00068958
-15.00 55.00 -0.00057084
-10.00 55.00 -0.00065706
-5.00 55.00 -0.00086337
0.00 55.00 -0.00099939
5.00 55.00 -0.00090993
10.00 55.00 -0.00060027
15.00 55.00 -0.00023916
20.00 55.00 -2.634e-05
25.00 55.00 -3.162e-05
30.00 55.00 -0.00014556
35.00 55.00 -0.00018942
40.00 55.00 -8.262e-05
45.00 55.00 9.234e-05
50.00 55.00 0.00019119
55.00 55.00 0.00017157
60.00 55.00 0.00015072
65.00 55.00 0.00029835
70.00 55.00 0.00067248
75.00 55.00 0.00115269
80.00 55.00 0.00151905
85.00 55.00 0.00159633
90.00 55.00 0.00135591
95.00 55.00 0.00093123
100.00 55.00 0.00055881
105.00 55.00 0.00047049
110.00 55.00 0.00076728
115.00 55.00 0.00133485
120.00 55.00 0.0018711
125.00 55.00 0.00204393
130.00 55.00 0.00170064
135.00 55.00 0.00099048
140.00 55.00 0.00030114
145.00 55.00 3.009e-05
150.00 55.00 0.00033324
155.00 55.00 0.00102237
160.00 55.00 0.00169167
165.00 55.00 0.00199089
170.00 55.00 0.001851
175.00 55.00 0.00150075
180.00 55.00 0.00127233
-180.00 60.00 0.00081099
-175.00 60.00 0.00084462
-170.00 60.00 0.00098379
-165.00 60.00 0.00112032
-160.00 60.00 0.00117441
-155.00 60.00 0.00115863
-150.00 60.00 0.00116952
-145.00 60.00 0.00131337
-140.00 60.00 0.00161934
-135.00 60.00 0.00200058
-130.00 60.00 0.00228981
-125.00 60.00 0.00232704
-120.00 60.00 0.00204735
-115.00 60.00 0.00151941
-110.00 60.00 0.00091572
-105.00 60.00 0.0004323
-100.00 60.00 0.00019887
-95.00 60.00 0.00022407
-90.00 60.00 0.0004011
-85.00 60.00 0.0005694
-80.00 60.00 0.00059877
-75.00 60.00 0.00045054
-70.00 60.00 0.0001827
-65.00 60.00 -9.978e-05
-60.00 60.00 -0.00031425
-55.00 60.00 -0.00044355
-50.00 60.00 -0.00052776
-45.00 60.00 -0.00061581
-40.00 60.00 -0.00071631
-35.00 60.00 -0.00078447
-30.00 60.00 -0.00075372
-25.00 60.00 -0.00058803
-20.00 60.00 -0.00031503
-15.00 60.00 -1.614e-05
-10.00 60.00 0.00021936
-5.00 60.00 0.00034182
0.00 60.00 0.00035682
5.00 60.00 0.00030312
10.00 60.00 0.00021747
15.00 60.00 0.00011904
20.00 60.00 2.22e-05
25.00 60.00 -4.491e-05
30.00 60.00 -4.602e-05
35.00 60.00 3.102e-05
40.00 60.00 0.00014754
45.00 60.00 0.00022935
50.00 60.00 0.00022467
55.00 60.00 0.00015798
60.00 60.00 0.0001281
65.00 60.00 0.00024081
70.00 60.00 0.00052398
75.00 60.00 0.00088878
80.00 60.00 0.00116799
85.00 60.00 0.00120729
90.00 60.00 0.00095583
95.00 60.00 0.00050673
100.00 60.00 6.534e-05
105.00 60.00 -0.00014349
110.00 60.00 1.23e-05
115.00 60.00 0.00049776
120.00 60.00 0.00112209
125.00 60.00 0.00163698
130.00 60.00 0.0018693
135.00 60.00 0.0018078
140.00 60.00 0.00158952
145.00 60.00 0.0013968
150.00 60.00 0.00133653
155.00 60.00 0.00138297
160.00 60.00 0.00141993
165.00 60.00 0.00134397
170.00 60.00 0.00114918
175.00 60.00 0.00093099
180.00 60.00 0.00081099
-180.00 65.00 0.00056337
-175.00 65.00 0.00062886
-170.00 65.00 0.0007479
-165.00 65.00 0.0008817
-160.00 65.00 0.00101505
-155.00 65.00 0.00116736
-150.00 65.00 0.00137742
-145.00 65.00 0.0016695
-140.00 65.00 0.00202179
-135.00 65.00 0.00235944
-130.00 65.00 0.00257952
-125.00 65.00 0.00259647
-120.00 65.00 0.00238407
-115.00 65.00 0.00199122
-110.00 65.00 0.00152271
-105.00 65.00 0.00109308
-100.00 65.00 0.00077775
-95.00 65.00 0.00058503
-90.00 65.00 0.00046308
-85.00 65.00 0.00033723
-80.00 65.00 0.0001566
-75.00 65.00 -7.548e-05
-70.00 65.00 -0.00030366
-65.00 65.00 -0.00045276
-60.00 65.00 -0.00047052
-55.00 65.00 -0.00035577
-50.00 65.00 -0.00015714
-45.00 65.00 5.466e-05
-40.00 65.00 0.00022299
-35.00 65.00 0.00032826
-30.00 65.00 0.00038664
-25.00 65.00 0.00042903
-20.00 65.00 0.00047661
-15.00 65.00 0.00052824
-10.00 65.00 0.00056583
-5.00 65.00 0.00057096
0.00 65.00 0.00054
5.00 65.00 0.00048879
10.00 65.00 0.00044565
15.00 65.00 0.00043836
20.00 65.00 0.00048195
25.00 65.00 0.00057033
30.00 65.00 0.00067398
35.00 65.00 0.00074619
40.00 65.00 0.00073986
45.00 65.00 0.00063258
50.00 65.00 0.00044772
55.00 65.00 0.00025647
60.00 65.00 0.0001515
65.00 65.00 0.00020082
70.00 65.00 0.00040479
75.00 65.00 0.00068283
80.00 65.00 0.00090108
85.00 65.00 0.00093114
90.00 65.00 0.00071262
95.00 65.00 0.0002886
100.00 65.00 -0.00020439
105.00 65.00 -0.00058938
110.00 65.00 -0.00072141
115.00 65.00 -0.00054612
120.00 65.00 -0.00011679
125.00 65.00 0.00043602
130.00 65.00 0.00096357
135.00 65.00 0.00135549
140.00 65.00 0.00156651
145.00 65.00 0.00160851
150.00 65.00 0.00152187
155.00 65.00 0.00135003
160.00 65.00 0.00113094
165.00 65.00 0.0009024
170.00 65.00 0.00070725
175.00 65.00 0.00058665
180.00 65.00 0.00056337
-180.00 70.00 0.00109911
-175.00 70.00 0.00129186
-170.00 70.00 0.00146781
-165.00 70.00 0.00160488
-160.00 70.00 0.00169662
-155.00 70.00 0.0017532
-150.00 70.00 0.00179385
-145.00 70.00 0.00183492
-140.00 70.00 0.00187992
-135.00 70.00 0.00191655
-130.00 70.00 0.00192327
-125.00 70.00 0.00188106
-120.00 70.00 0.00178407
-115.00 70.00 0.00164361
-110.00 70.00 0.00148233
-105.00 70.00 0.00132282
-100.00 70.00 0.00117633
-95.00 70.00 0.00103815
-90.00 70.00 0.00089325
-85.00 70.00 0.00072837
-80.00 70.00 0.00054498
-75.00 70.00 0.00036468
-70.00 70.00 0.00022368
-65.00 70.00 0.00015822
-60.00 70.00 0.00018741
-55.00 70.00 0.00030252
-50.00 70.00 0.00046773
-45.00 70.00 0.00063213
-40.00 70.00 0.00074709
-35.00 70.00 0.00078129
-30.00 70.00 0.00072795
-25.00 70.00 0.00060246
-20.00 70.00 0.00043422
-15.00 70.00 0.00025728
-10.00 70.00 0.00010338
-5.00 70.00 -1.38e-06
0.00 70.00 -3.804e-05
5.00 70.00 3.66e-06
10.00 70.00 0.00012288
15.00 70.00 0.00030465
20.00 70.00 0.00051921
25.00 70.00 0.00072498
30.00 70.00 0.00087687
35.00 70.00 0.00093873
40.00 70.00 0.00089628
45.00 70.00 0.00076638
50.00 70.00 0.00059655
55.00 70.00 0.00045297
60.00 70.00 0.00039849
65.00 70.00 0.00046791
70.00 70.00 0.0006507
75.00 70.00 0.00088956
80.00 70.00 0.00109764
85.00 70.00 0.00118878
90.00 70.00 0.00110952
95.00 70.00 0.00086016
100.00 70.00 0.00049581
105.00 70.00 0.00010743
110.00 70.00 -0.00020946
115.00 70.00 -0.00038595
120.00 70.00 -0.00039885
125.00 70.00 -0.00027174
130.00 70.00 -6.027e-05
135.00 70.00 0.00017082
140.00 70.00 0.00036879
145.00 70.00 0.00050577
150.00 70.00 0.00058098
155.00 70.00 0.000615
160.00 70.00 0.00063954
165.00 70.00 0.0006864
170.00 70.00 0.00077763
175.00 70.00 0.0009192
180.00 70.00 0.00109911
-180.00 75.00 0.00172707
-175.00 75.00 0.00197205
-170.00 75.00 0.00215514
-165.00 75.00 0.002262
-160.00 75.00 0.00228849
-155.00 75.00 0.00224082
-150.00 75.00 0.00213384
-145.00 75.00 0.00198717
-140.00 75.00 0.00182151
-135.00 75.00 0.00165528
-130.00 75.00 0.00150285
-125.00 75.00 0.001374
-120.00 75.00 0.00127398
-115.00 75.00 0.00120375
-110.00 75.00 0.00116031
-105.00 75.00 0.00113688
-100.00 75.00 0.00112389
-95.00 75.00 0.00111087
-90.00 75.00 0.00108918
-85.00 75.00 0.00105459
-80.00 75.00 0.00100893
-75.00 75.00 0.00095955
-70.00 75.00 0.00091632
-65.00 75.00 0.00088761
-60.00 75.00 0.00087603
-55.00 75.00 0.00087624
-50.00 75.00 0.00087549
-45.00 75.00 0.00085692
-40.00 75.00 0.00080499
-35.00 75.00 0.00071019
-30.00 75.00 0.00057285
-25.00 75.00 0.00040371
-20.00 75.00 0.00022221
-15.00 75.00 5.271e-05
-10.00 75.00 -8.043e-05
-5.00 75.00 -0.00015729
0.00 75.00 -0.00016605
5.00 75.00 -0.00010545
10.00 75.00 1.503e-05
15.00 75.00 0.00017628
20.00 75.00 0.00035286
25.00 75.00 0.00051798
30.00 75.00 0.00064911
35.00 75.00 0.00073368
40.00 75.00 0.00077277
45.00 75.00 0.00078132
50.00 75.00 0.00078462
55.00 75.00 0.00081102
60.00 75.00 0.00088284
65.00 75.00 0.00100833
70.00 75.00 0.00117714
75.00 75.00 0.00136143
80.00 75.00 0.00152235
85.00 75.00 0.00162027
90.00 75.00 0.00162558
95.00 75.00 0.00152673
100.00 75.00 0.00133302
105.00 75.00 0.00107175
110.00 75.00 0.00078069
115.00 75.00 0.0004989
120.00 75.00 0.00025851
125.00 75.00 8.004e-05
130.00 75.00 -2.814e-05
135.00 75.00 -6.699e-05
140.00 75.00 -4.233e-05
145.00 75.00 3.921e-05
150.00 75.00 0.00017283
155.00 75.00 0.0003552
160.00 75.00 0.00058278
165.00 75.00 0.00084894
170.00 75.00 0.00114147
175.00 75.00 0.00144195
180.00 75.00 0.00172707
-180.00 80.00 0.00173538
-175.00 80.00 0.00188031
-170.00 80.00 0.00198615
-165.00 80.00 0.00204651
-160.00 80.00 0.00205926
-155.00 80.00 0.0020268
-150.00 80.00 0.00195537
-145.00 80.00 0.00185433
-140.00 80.00 0.00173463
-135.00 80.00 0.00160764
-130.00 80.00 0.00148395
-125.00 80.00 0.0013722
-120.00 80.00 0.00127845
-115.00 80.00 0.00120576
-110.00 80.00 0.00115452
-105.00 80.00 0.00112263
-100.00 80.00 0.00110625
-95.00 80.00 0.00110067
-90.00 80.00 0.00110106
-85.00 80.00 0.00110319
-80.00 80.00 0.00110364
-75.00 80.00 0.00110001
-70.00 80.00 0.00109056
-65.00 80.00 0.00107388
-60.00 80.00 0.00104859
-55.00 80.00 0.00101319
-50.00 80.00 0.00096624
-45.00 80.00 0.0009069
-40.00 80.00 0.00083529
-35.00 80.00 0.00075315
-30.00 80.00 0.00066408
-25.00 80.00 0.00057354
-20.00 80.00 0.00048822
-15.00 80.00 0.00041517
-10.00 80.00 0.00036087
-5.00 80.00 0.00033021
0.00 80.00 0.00032574
5.00 80.00 0.00034713
10.00 80.00 0.00039138
15.00 80.00 0.00045345
20.00 80.00 0.00052728
25.00 80.00 0.0006069
30.00 80.00 0.00068748
35.00 80.00 0.00076641
40.00 80.00 0.00084354
45.00 80.00 0.00092067
50.00 80.00 0.00100071
55.00 80.00 0.00108627
60.00 80.00 0.00117819
65.00 80.00 0.00127446
70.00 80.00 0.00136971
75.00 80.00 0.00145563
80.00 80.00 0.00152226
85.00 80.00 0.00155991
90.00 80.00 0.00156093
95.00 80.00 0.00152148
100.00 80.00 0.00144255
105.00 80.00 0.00132996
110.00 80.00 0.00119382
115.00 80.00 0.00104697
120.00 80.00 0.00090357
125.00 80.00 0.0007773
130.00 80.00 0.00068013
135.00 80.00 0.00062142
140.00 80.00 0.00060726
145.00 80.00 0.00064041
150.00 80.00 0.00071997
155.00 80.00 0.00084174
160.00 80.00 0.00099816
165.00 80.00 0.00117888
170.00 80.00 0.0013713
175.00 80.00 0.00156147
180.00 80.00 0.00173538
-180.00 85.00 0.00134064
-175.00 85.00 0.00137022
-170.00 85.00 0.00139326
-165.00 85.00 0.00140859
-160.00 85.00 0.00141534
-155.00 85.00 0.00141306
-150.00 85.00 0.00140217
-145.00 85.00 0.00138393
-140.00 85.00 0.00136011
-135.00 85.00 0.00133227
-130.00 85.00 0.00130176
-125.00 85.00 0.00126975
-120.00 85.00 0.00123756
-115.00 85.00 0.00120657
-110.00 85.00 0.00117801
-105.00 85.00 0.00115236
-100.00 85.00 0.00112947
-95.00 85.00 0.00110889
-90.00 85.00 0.00109011
-85.00 85.00 0.00107292
-80.00 85.00 0.00105711
-75.00 85.00 0.00104205
-70.00 85.00 0.00102687
-65.00 85.00 0.00101073
-60.00 85.00 0.00099312
-55.00 85.00 0.00097419
-50.00 85.00 0.00095418
-45.00 85.00 0.00093345
-40.00 85.00 0.00091203
-35.00 85.00 0.00089019
-30.00 85.00 0.00086862
-25.00 85.00 0.0008484
-20.00 85.00 0.00083085
-15.00 85.00 0.00081693
-10.00 85.00 0.00080712
-5.00 85.00 0.00080175
0.00 85.00 0.00080109
5.00 85.00 0.00080562
10.00 85.00 0.00081564
15.00 85.00 0.00083091
20.00 85.00 0.00085071
25.00 85.00 0.00087402
30.00 85.00 0.00090012
35.00 85.00 0.00092853
40.00 85.00 0.00095889
45.00 85.00 0.00099057
50.00 85.00 0.00102246
55.00 85.00 0.00105342
60.00 85.00 0.00108249
65.00 85.00 0.00110901
70.00 85.00 0.00113244
75.00 85.00 0.00115194
80.00 85.00 0.00116643
85.00 85.00 0.00117492
90.00 85.00 0.00117711
95.00 85.00 0.00117339
100.00 85.00 0.00116472
105.00 85.00 0.00115227
110.00 85.00 0.00113721
115.00 85.00 0.00112092
120.00 85.00 0.00110532
125.00 85.00 0.00109269
130.00 85.00 0.00108522
135.00 85.00 0.0010845
140.00 85.00 0.00109128
145.00 85.00 0.00110562
150.00 85.00 0.00112719
155.00 85.00 0.00115554
160.00 85.00 0.00118965
165.00 85.00 0.00122772
170.00 85.00 0.00126732
175.00 85.00 0.00130575
180.00 85.00 0.00134064
-180.00 90.00 0.00104121
-175.00 90.00 0.00104121
-170.00 90.00 0.00104121
-165.00 90.00 0.00104121
-160.00 90.00 0.00104121
-155.00 90.00 0.00104121
-150.00 90.00 0.00104121
-145.00 90.00 0.00104121
-140.00 90.00 0.00104121
-135.00 90.00 0.00104121
-130.00 90.00 0.00104121
-125.00 90.00 0.00104121
-120.00 90.00 0.00104121
-115.00 90.00 0.00104121
-110.00 90.00 0.00104121
-105.00 90.00 0.00104121
-100.00 90.00 0.00104121
-95.00 90.00 0.00104121
-90.00 90.00 0.00104121
-85.00 90.00 0.00104121
-80.00 90.00 0.00104121
-75.00 90.00 0.00104121
-70.00 90.00 0.00104121
-65.00 90.00 0.00104121
-60.00 90.00 0.00104121
-55.00 90.00 0.00104121
-50.00 90.00 0.00104121
-45.00 90.00 0.00104121
-40.00 90.00 0.00104121
-35.00 90.00 0.00104121
-30.00 90.00 0.00104121
-25.00 90.00 0.00104121
-20.00 90.00 0.00104121
-15.00 90.00 0.00104121
-10.00 90.00 0.00104121
-5.00 90.00 0.00104121
0.00 90.00 0.00104121
5.00 90.00 0.00104121
10.00 90.00 0.00104121
15.00 90.00 0.00104121
20.00 90.00 0.00104121
25.00 90.00 0.00104121
30.00 90.00 0.00104121
35.00 90.00 0.00104121
40.00 90.00 0.00104121
45.00 90.00 0.00104121
50.00 90.00 0.00104121
55.00 90.00 0.00104121
60.00 90.00 0.00104121
65.00 90.00 0.00104121
70.00 90.00 0.00104121
75.00 90.00 0.00104121
80.00 90.00 0.00104121
85.00 90.00 0.00104121
90.00 90.00 0.00104121
95.00 90.00 0.00104121
100.00 90.00 0.00104121
105.00 90.00 0.00104121
110.00 90.00 0.00104121
115.00 90.00 0.00104121
120.00 90.00 0.00104121
125.00 90.00 0.00104121
130.00 90.00 0.00104121
135.00 90.00 0.00104121
140.00 90.00 0.00104121
145.00 90.00 0.00104121
150.00 90.00 0.00104121
155.00 90.00 0.00104121
160.00 90.00 0.00104121
165.00 90.00 0.00104121
170.00 90.00 0.00104121
175.00 90.00 0.00104121
180.00 90.00 0.00104121
