-180.00 -90.00 -0.0003932
-175.00 -90.00 -0.0003929
-170.00 -90.00 -0.0003927
-165.00 -90.00 -0.0003924
-160.00 -90.00 -0.0003922
-155.00 -90.00 -0.0003919
-150.00 -90.00 -0.0003917
-145.00 -90.00 -0.0003916
-140.00 -90.00 -0.0003914
-135.00 -90.00 -0.0003914
-130.00 -90.00 -0.0003913
-125.00 -90.00 -0.0003913
-120.00 -90.00 -0.0003914
-115.00 -90.00 -0.0003915
-110.00 -90.00 -0.0003917
-105.00 -90.00 -0.0003918
-100.00 -90.00 -0.0003921
-95.00 -90.00 -0.0003923
-90.00 -90.00 -0.0003926
-85.00 -90.00 -0.0003928
-80.00 -90.00 -0.0003931
-75.00 -90.00 -0.0003934
-70.00 -90.00 -0.0003936
-65.00 -90.00 -0.0003938
-60.00 -90.00 -0.000394
-55.00 -90.00 -0.0003942
-50.00 -90.00 -0.0003943
-45.00 -90.00 -0.0003944
-40.00 -90.00 -0.0003944
-35.00 -90.00 -0.0003944
-30.00 -90.00 -0.0003944
-25.00 -90.00 -0.0003942
-20.00 -90.00 -0.0003941
-15.00 -90.00 -0.0003939
-10.00 -90.00 -0.0003937
-5.00 -90.00 -0.0003935
0.00 -90.00 -0.0003932
5.00 -90.00 -0.0003929
10.00 -90.00 -0.0003927
15.00 -90.00 -0.0003924
20.00 -90.00 -0.0003921
25.00 -90.00 -0.0003919
30.00 -90.00 -0.0003917
35.00 -90.00 -0.0003916
40.00 -90.00 -0.0003914
45.00 -90.00 -0.0003914
50.00 -90.00 -0.0003913
55.00 -90.00 -0.0003913
60.00 -90.00 -0.0003914
65.00 -90.00 -0.0003915
70.00 -90.00 -0.0003916
75.00 -90.00 -0.0003918
80.00 -90.00 -0.0003921
85.00 -90.00 -0.0003923
90.00 -90.00 -0.0003926
95.00 -90.00 -0.0003928
100.00 -90.00 -0.0003931
105.00 -90.00 -0.0003934
110.00 -90.00 -0.0003936
115.00 -90.00 -0.0003938
120.00 -90.00 -0.000394
125.00 -90.00 -0.0003942
130.00 -90.00 -0.0003943
135.00 -90.00 -0.0003944
140.00 -90.00 -0.0003944
145.00 -90.00 -0.0003944
150.00 -90.00 -0.0003944
155.00 -90.00 -0.0003943
160.00 -90.00 -0.0003941
165.00 -90.00 -0.0003939
170.00 -90.00 -0.0003937
175.00 -90.00 -0.0003935
180.00 -90.00 -0.0003932
-180.00 -85.00 -0.0036722
-175.00 -85.00 -0.0036969
-170.00 -85.00 -0.0036893
-165.00 -85.00 -0.0036485
-160.00 -85.00 -0.0035743
-155.00 -85.00 -0.0034675
-150.00 -85.00 -0.0033295
-145.00 -85.00 -0.0031619
-140.00 -85.00 -0.0029668
-135.00 -85.00 -0.002747
-130.00 -85.00 -0.0025061
-125.00 -85.00 -0.0022486
-120.00 -85.00 -0.0019793
-115.00 -85.00 -0.0017032
-110.00 -85.00 -0.0014254
-105.00 -85.00 -0.0011513
-100.00 -85.00 -0.0008867
-95.00 -85.00 -0.0006367
-90.00 -85.00 -0.0004059
-85.00 -85.00 -0.0001981
-80.00 -85.00 -1.61e-05
-75.00 -85.00 0.0001384
-70.00 -85.00 0.0002648
-65.00 -85.00 0.0003637
-60.00 -85.00 0.0004369
-55.00 -85.00 0.0004872
-50.00 -85.00 0.0005184
-45.00 -85.00 0.0005349
-40.00 -85.00 0.0005418
-35.00 -85.00 0.000544
-30.00 -85.00 0.0005463
-25.00 -85.00 0.0005525
-20.00 -85.00 0.0005659
-15.00 -85.00 0.0005892
-10.00 -85.00 0.000624
-5.00 -85.00 0.0006706
0.00 -85.00 0.0007276
5.00 -85.00 0.0007928
10.00 -85.00 0.0008633
15.00 -85.00 0.000936
20.00 -85.00 0.0010073
25.00 -85.00 0.0010727
30.00 -85.00 0.0011277
35.00 -85.00 0.0011676
40.00 -85.00 0.0011886
45.00 -85.00 0.0011877
50.00 -85.00 0.0011621
55.00 -85.00 0.0011093
60.00 -85.00 0.0010273
65.00 -85.00 0.0009151
70.00 -85.00 0.0007734
75.00 -85.00 0.0006038
80.00 -85.00 0.0004089
85.00 -85.00 0.0001914
90.00 -85.00 -4.52e-05
95.00 -85.00 -0.0002966
100.00 -85.00 -0.0005577
105.00 -85.00 -0.0008237
110.00 -85.00 -0.0010906
115.00 -85.00 -0.0013549
120.00 -85.00 -0.0016142
125.00 -85.00 -0.0018661
130.00 -85.00 -0.0021087
135.00 -85.00 -0.0023402
140.00 -85.00 -0.0025596
145.00 -85.00 -0.0027656
150.00 -85.00 -0.0029572
155.00 -85.00 -0.0031324
160.00 -85.00 -0.0032886
165.00 -85.00 -0.0034231
170.00 -85.00 -0.0035334
175.00 -85.00 -0.0036171
180.00 -85.00 -0.0036722
-180.00 -80.00 -0.0067219
-175.00 -80.00 -0.0069601
-170.00 -80.00 -0.0071125
-165.00 -80.00 -0.0071784
-160.00 -80.00 -0.0071681
-155.00 -80.00 -0.0070918
-150.00 -80.00 -0.0069499
-145.00 -80.00 -0.0067391
-140.00 -80.00 -0.006462
-135.00 -80.00 -0.0061226
-130.00 -80.00 -0.0057183
-125.00 -80.00 -0.0052451
-120.00 -80.00 -0.0047108
-115.00 -80.00 -0.0041331
-110.00 -80.00 -0.0035286
-105.00 -80.00 -0.0029106
-100.00 -80.00 -0.0022988
-95.00 -80.00 -0.0017189
-90.00 -80.00 -0.0011904
-85.00 -80.00 -0.0007221
-80.00 -80.00 -0.0003222
-75.00 -80.00 -4.8e-06
-70.00 -80.00 0.0002191
-65.00 -80.00 0.0003498
-60.00 -80.00 0.0003922
-55.00 -80.00 0.0003481
-50.00 -80.00 0.000224
-45.00 -80.00 4.11e-05
-40.00 -80.00 -0.0001691
-35.00 -80.00 -0.0003793
-30.00 -80.00 -0.0005667
-25.00 -80.00 -0.0007048
-20.00 -80.00 -0.0007677
-15.00 -80.00 -0.0007441
-10.00 -80.00 -0.0006396
-5.00 -80.00 -0.000465
0.00 -80.00 -0.0002301
5.00 -80.00 4.83e-05
10.00 -80.00 0.0003441
15.00 -80.00 0.000635
20.00 -80.00 0.0009113
25.00 -80.00 0.001169
30.00 -80.00 0.0014
35.00 -80.00 0.0015981
40.00 -80.00 0.0017663
45.00 -80.00 0.0019101
50.00 -80.00 0.0020239
55.00 -80.00 0.0020935
60.00 -80.00 0.0021072
65.00 -80.00 0.0020571
70.00 -80.00 0.0019301
75.00 -80.00 0.0017112
80.00 -80.00 0.0013977
85.00 -80.00 0.001005
90.00 -80.00 0.0005555
95.00 -80.00 7.11e-05
100.00 -80.00 -0.0004211
105.00 -80.00 -0.0008886
110.00 -80.00 -0.0013075
115.00 -80.00 -0.0016741
120.00 -80.00 -0.001999
125.00 -80.00 -0.0022962
130.00 -80.00 -0.002584
135.00 -80.00 -0.0028896
140.00 -80.00 -0.0032386
145.00 -80.00 -0.0036406
150.00 -80.00 -0.0040885
155.00 -80.00 -0.0045697
160.00 -80.00 -0.0050689
165.00 -80.00 -0.005561
170.00 -80.00 -0.0060144
175.00 -80.00 -0.0064048
180.00 -80.00 -0.0067219
-180.00 -75.00 -0.0079953
-175.00 -75.00 -0.0084141
-170.00 -75.00 -0.0086692
-165.00 -75.00 -0.0088066
-160.00 -75.00 -0.0088748
-155.00 -75.00 -0.0089147
-150.00 -75.00 -0.0089498
-145.00 -75.00 -0.0089821
-140.00 -75.00 -0.0089927
-135.00 -75.00 -0.0089424
-130.00 -75.00 -0.0087809
-125.00 -75.00 -0.0084634
-120.00 -75.00 -0.0079671
-115.00 -75.00 -0.0073006
-110.00 -75.00 -0.0065045
-105.00 -75.00 -0.005643
-100.00 -75.00 -0.0047822
-95.00 -75.00 -0.0039698
-90.00 -75.00 -0.003226
-85.00 -75.00 -0.0025486
-80.00 -75.00 -0.0019244
-75.00 -75.00 -0.0013478
-70.00 -75.00 -0.0008366
-65.00 -75.00 -0.0004311
-60.00 -75.00 -0.0001805
-55.00 -75.00 -0.0001252
-50.00 -75.00 -0.0002807
-45.00 -75.00 -0.0006239
-40.00 -75.00 -0.0010917
-35.00 -75.00 -0.0015947
-30.00 -75.00 -0.002035
-25.00 -75.00 -0.0023228
-20.00 -75.00 -0.0023967
-15.00 -75.00 -0.0022385
-10.00 -75.00 -0.0018752
-5.00 -75.00 -0.0013696
0.00 -75.00 -0.0008068
5.00 -75.00 -0.0002758
10.00 -75.00 0.0001526
15.00 -75.00 0.0004391
20.00 -75.00 0.0005756
25.00 -75.00 0.0005818
30.00 -75.00 0.000501
35.00 -75.00 0.0003902
40.00 -75.00 0.0003084
45.00 -75.00 0.000311
50.00 -75.00 0.0004403
55.00 -75.00 0.0007107
60.00 -75.00 0.001098
65.00 -75.00 0.0015406
70.00 -75.00 0.0019487
75.00 -75.00 0.0022223
80.00 -75.00 0.0022799
85.00 -75.00 0.0020876
90.00 -75.00 0.0016723
95.00 -75.00 0.0011159
100.00 -75.00 0.0005369
105.00 -75.00 5.71e-05
110.00 -75.00 -0.0002367
115.00 -75.00 -0.0003201
120.00 -75.00 -0.0002362
125.00 -75.00 -8.47e-05
130.00 -75.00 3.7e-06
135.00 -75.00 -9.55e-05
140.00 -75.00 -0.0004663
145.00 -75.00 -0.0011357
150.00 -75.00 -0.0020707
155.00 -75.00 -0.0031882
160.00 -75.00 -0.0043775
165.00 -75.00 -0.0055274
170.00 -75.00 -0.006547
175.00 -75.00 -0.007377
180.00 -75.00 -0.0079952
-180.00 -70.00 -0.0077412
-175.00 -70.00 -0.008003
-170.00 -70.00 -0.0080818
-165.00 -70.00 -0.0080595
-160.00 -70.00 -0.0080059
-155.00 -70.00 -0.007982
-150.00 -70.00 -0.0080452
-145.00 -70.00 -0.008243
-140.00 -70.00 -0.0085883
-135.00 -70.00 -0.0090275
-130.00 -70.00 -0.0094293
-125.00 -70.00 -0.0096148
-120.00 -70.00 -0.0094291
-115.00 -70.00 -0.0088205
-110.00 -70.00 -0.0078814
-105.00 -70.00 -0.0068164
-100.00 -70.00 -0.0058482
-95.00 -70.00 -0.0051081
-90.00 -70.00 -0.004574
-85.00 -70.00 -0.0040923
-80.00 -70.00 -0.003473
-75.00 -70.00 -0.0026043
-70.00 -70.00 -0.001524
-65.00 -70.00 -0.0004128
-60.00 -70.00 0.0004826
-55.00 -70.00 0.0009505
-50.00 -70.00 0.0008898
-45.00 -70.00 0.0003337
-40.00 -70.00 -0.0005752
-35.00 -70.00 -0.0016318
-30.00 -70.00 -0.0026149
-25.00 -70.00 -0.0033246
-20.00 -70.00 -0.0036161
-15.00 -70.00 -0.003433
-10.00 -70.00 -0.0028319
-5.00 -70.00 -0.0019777
0.00 -70.00 -0.0010985
5.00 -70.00 -0.0004125
10.00 -70.00 -5.7e-05
15.00 -70.00 -5.77e-05
20.00 -70.00 -0.0003496
25.00 -70.00 -0.0008298
30.00 -70.00 -0.0014057
35.00 -70.00 -0.0020081
40.00 -70.00 -0.0025686
45.00 -70.00 -0.0029892
50.00 -70.00 -0.0031372
55.00 -70.00 -0.0028808
60.00 -70.00 -0.0021527
65.00 -70.00 -0.0010058
70.00 -70.00 0.000372
75.00 -70.00 0.0017022
80.00 -70.00 0.0027042
85.00 -70.00 0.0031926
90.00 -70.00 0.0031454
95.00 -70.00 0.0027108
100.00 -70.00 0.0021526
105.00 -70.00 0.0017526
110.00 -70.00 0.0017094
115.00 -70.00 0.0020681
120.00 -70.00 0.0027061
125.00 -70.00 0.0033773
130.00 -70.00 0.0037948
135.00 -70.00 0.0037236
140.00 -70.00 0.0030494
145.00 -70.00 0.0018041
150.00 -70.00 0.0001438
155.00 -70.00 -0.0017059
160.00 -70.00 -0.0035139
165.00 -70.00 -0.005095
170.00 -70.00 -0.0063381
175.00 -70.00 -0.00721
180.00 -70.00 -0.0077412
-180.00 -65.00 -0.0076766
-175.00 -65.00 -0.0077437
-170.00 -65.00 -0.0077046
-165.00 -65.00 -0.0076156
-160.00 -65.00 -0.0074619
-155.00 -65.00 -0.0071864
-150.00 -65.00 -0.006789
-145.00 -65.00 -0.0064121
-140.00 -65.00 -0.0063071
-135.00 -65.00 -0.0066658
-130.00 -65.00 -0.0074245
-125.00 -65.00 -0.0082095
-120.00 -65.00 -0.0085081
-115.00 -65.00 -0.0079813
-110.00 -65.00 -0.0067088
-105.00 -65.00 -0.0051809
-100.00 -65.00 -0.0040155
-95.00 -65.00 -0.0035738
-90.00 -65.00 -0.0037253
-85.00 -65.00 -0.0039207
-80.00 -65.00 -0.0035301
-75.00 -65.00 -0.0022273
-70.00 -65.00 -0.0001835
-65.00 -65.00 0.002033
-60.00 -65.00 0.0037641
-55.00 -65.00 0.0045736
-50.00 -65.00 0.0043853
-45.00 -65.00 0.0034084
-40.00 -65.00 0.0019482
-35.00 -65.00 0.0002552
-30.00 -65.00 -0.0014956
-25.00 -65.00 -0.0031277
-20.00 -65.00 -0.0044007
-15.00 -65.00 -0.0050629
-10.00 -65.00 -0.0050016
-5.00 -65.00 -0.0043708
0.00 -65.00 -0.0035635
5.00 -65.00 -0.0030119
10.00 -65.00 -0.00294
15.00 -65.00 -0.0032483
20.00 -65.00 -0.0036197
25.00 -65.00 -0.0037663
30.00 -65.00 -0.0036358
35.00 -65.00 -0.0034281
40.00 -65.00 -0.0034206
45.00 -65.00 -0.0037373
50.00 -65.00 -0.0042267
55.00 -65.00 -0.004527
60.00 -65.00 -0.0042714
65.00 -65.00 -0.0033011
70.00 -65.00 -0.0017623
75.00 -65.00 -4.11e-05
80.00 -65.00 0.0014196
85.00 -65.00 0.0023189
90.00 -65.00 0.0026155
95.00 -65.00 0.0025145
100.00 -65.00 0.0023469
105.00 -65.00 0.0024077
110.00 -65.00 0.0028295
115.00 -65.00 0.0035354
120.00 -65.00 0.0042769
125.00 -65.00 0.0047308
130.00 -65.00 0.0046173
135.00 -65.00 0.003802
140.00 -65.00 0.0023442
145.00 -65.00 0.0004704
150.00 -65.00 -0.0015174
155.00 -65.00 -0.0033539
160.00 -65.00 -0.0048827
165.00 -65.00 -0.0060569
170.00 -65.00 -0.0068907
175.00 -65.00 -0.007416
180.00 -65.00 -0.0076766
-180.00 -60.00 -0.0098763
-175.00 -60.00 -0.0097008
-170.00 -60.00 -0.0093236
-165.00 -60.00 -0.0091168
-160.00 -60.00 -0.0091572
-155.00 -60.00 -0.0090748
-150.00 -60.00 -0.0083654
-145.00 -60.00 -0.0069297
-140.00 -60.00 -0.0053237
-135.00 -60.00 -0.0044229
-130.00 -60.00 -0.004727
-125.00 -60.00 -0.005882
-120.00 -60.00 -0.0068544
-115.00 -60.00 -0.0066649
-110.00 -60.00 -0.005132
-105.00 -60.00 -0.0030455
-100.00 -60.00 -0.0016117
-95.00 -60.00 -0.0015644
-90.00 -60.00 -0.0025922
-85.00 -60.00 -0.0035126
-80.00 -60.00 -0.0030694
-75.00 -60.00 -0.0007825
-70.00 -60.00 0.0027375
-65.00 -60.00 0.0061892
-60.00 -60.00 0.0083755
-55.00 -60.00 0.008845
-50.00 -60.00 0.0079933
-45.00 -60.00 0.006624
-40.00 -60.00 0.0053195
-35.00 -60.00 0.0040723
-30.00 -60.00 0.0024325
-25.00 -60.00 4.41e-05
-20.00 -60.00 -0.0028746
-15.00 -60.00 -0.0055315
-10.00 -60.00 -0.0070913
-5.00 -60.00 -0.0073178
0.00 -60.00 -0.0067735
5.00 -60.00 -0.0063742
10.00 -60.00 -0.0066508
15.00 -60.00 -0.0073347
20.00 -60.00 -0.0076065
25.00 -60.00 -0.0067854
30.00 -60.00 -0.0048901
35.00 -60.00 -0.002648
40.00 -60.00 -0.0009968
45.00 -60.00 -0.0004865
50.00 -60.00 -0.0009968
55.00 -60.00 -0.0019011
60.00 -60.00 -0.0025012
65.00 -60.00 -0.0024299
70.00 -60.00 -0.001794
75.00 -60.00 -0.0010167
80.00 -60.00 -0.0005122
85.00 -60.00 -0.0004081
90.00 -60.00 -0.0004818
95.00 -60.00 -0.0003314
100.00 -60.00 0.0003424
105.00 -60.00 0.0015323
110.00 -60.00 0.0029147
115.00 -60.00 0.0040163
120.00 -60.00 0.0044312
125.00 -60.00 0.0039611
130.00 -60.00 0.0026405
135.00 -60.00 0.0006936
140.00 -60.00 -0.0015266
145.00 -60.00 -0.0036232
150.00 -60.00 -0.00529
155.00 -60.00 -0.0064514
160.00 -60.00 -0.0072867
165.00 -60.00 -0.008064
170.00 -60.00 -0.0088864
175.00 -60.00 -0.0095823
180.00 -60.00 -0.0098763
-180.00 -55.00 -0.013191
-175.00 -55.00 -0.0121883
-170.00 -55.00 -0.0102905
-165.00 -55.00 -0.0090182
-160.00 -55.00 -0.0092788
-155.00 -55.00 -0.0104515
-150.00 -55.00 -0.0108689
-145.00 -55.00 -0.0093333
-140.00 -55.00 -0.0062711
-135.00 -55.00 -0.003444
-130.00 -55.00 -0.0024872
-125.00 -55.00 -0.0035827
-120.00 -55.00 -0.0053797
-115.00 -55.00 -0.0061517
-110.00 -55.00 -0.0051889
-105.00 -55.00 -0.0033107
-100.00 -55.00 -0.0021183
-95.00 -55.00 -0.0025981
-90.00 -55.00 -0.0042009
-85.00 -55.00 -0.0051609
-80.00 -55.00 -0.003818
-75.00 -55.00 0.0001067
-70.00 -55.00 0.005259
-65.00 -55.00 0.0095405
-60.00 -55.00 0.0114203
-55.00 -55.00 0.0107739
-50.00 -55.00 0.0088043
-45.00 -55.00 0.0071753
-40.00 -55.00 0.006887
-35.00 -55.00 0.0075754
-30.00 -55.00 0.0077573
-25.00 -55.00 0.005973
-20.00 -55.00 0.0020428
-15.00 -55.00 -0.0026052
-10.00 -55.00 -0.005936
-5.00 -55.00 -0.006876
0.00 -55.00 -0.0060967
5.00 -55.00 -0.0053063
10.00 -55.00 -0.0057008
15.00 -55.00 -0.0069821
20.00 -55.00 -0.007766
25.00 -55.00 -0.0068844
30.00 -55.00 -0.004365
35.00 -55.00 -0.00133
40.00 -55.00 0.0009109
45.00 -55.00 0.0017248
50.00 -55.00 0.0013857
55.00 -55.00 0.0006939
60.00 -55.00 0.0003806
65.00 -55.00 0.0006774
70.00 -55.00 0.0012376
75.00 -55.00 0.0014147
80.00 -55.00 0.000747
85.00 -55.00 -0.000644
90.00 -55.00 -0.0020294
95.00 -55.00 -0.0024913
100.00 -55.00 -0.0015255
105.00 -55.00 0.0005965
110.00 -55.00 0.002974
115.00 -55.00 0.004623
120.00 -55.00 0.0050125
125.00 -55.00 0.0042114
130.00 -55.00 0.002622
135.00 -55.00 0.0006328
140.00 -55.00 -0.0014857
145.00 -55.00 -0.0034671
150.00 -55.00 -0.0050347
155.00 -55.00 -0.0061344
160.00 -55.00 -0.0071346
165.00 -55.00 -0.0085885
170.00 -55.00 -0.0106137
175.00 -55.00 -0.0125108
180.00 -55.00 -0.013191
-180.00 -50.00 -0.0125043
-175.00 -50.00 -0.0111219
-170.00 -50.00 -0.0075879
-165.00 -50.00 -0.00462
-160.00 -50.00 -0.004564
-155.00 -50.00 -0.0071488
-150.00 -50.00 -0.0096674
-145.00 -50.00 -0.0094902
-140.00 -50.00 -0.0064261
-135.00 -50.00 -0.0027145
-130.00 -50.00 -0.0009165
-125.00 -50.00 -0.0018588
-120.00 -50.00 -0.0043148
-115.00 -50.00 -0.0063134
-110.00 -50.00 -0.006765
-105.00 -50.00 -0.0061619
-100.00 -50.00 -0.0059133
-95.00 -50.00 -0.0068664
-90.00 -50.00 -0.0082749
-85.00 -50.00 -0.0082366
-80.00 -50.00 -0.0053196
-75.00 -50.00 0.0001071
-70.00 -50.00 0.0060408
-65.00 -50.00 0.0102176
-60.00 -50.00 0.0114175
-55.00 -50.00 0.0098896
-50.00 -50.00 0.0070509
-45.00 -50.00 0.0048334
-40.00 -50.00 0.0047371
-35.00 -50.00 0.0067911
-30.00 -50.00 0.0092214
-25.00 -50.00 0.0095478
-20.00 -50.00 0.0065933
-15.00 -50.00 0.0016776
-10.00 -50.00 -0.0023265
-5.00 -50.00 -0.0034103
0.00 -50.00 -0.0020687
5.00 -50.00 -0.0005819
10.00 -50.00 -0.0007406
15.00 -50.00 -0.0023405
20.00 -50.00 -0.0037816
25.00 -50.00 -0.0038219
30.00 -50.00 -0.0025849
35.00 -50.00 -0.0010905
40.00 -50.00 -0.0001949
45.00 -50.00 -6e-05
50.00 -50.00 -0.0003238
55.00 -50.00 -0.0004462
60.00 -50.00 6.98e-05
65.00 -50.00 0.001439
70.00 -50.00 0.0032893
75.00 -50.00 0.0046399
80.00 -50.00 0.0044579
85.00 -50.00 0.0024963
90.00 -50.00 -0.0003232
95.00 -50.00 -0.0024066
100.00 -50.00 -0.0025358
105.00 -50.00 -0.0006673
110.00 -50.00 0.0021158
115.00 -50.00 0.0044453
120.00 -50.00 0.0056195
125.00 -50.00 0.0058661
130.00 -50.00 0.0057325
135.00 -50.00 0.0053028
140.00 -50.00 0.0041484
145.00 -50.00 0.002058
150.00 -50.00 -0.0004172
155.00 -50.00 -0.0024215
160.00 -50.00 -0.0038078
165.00 -50.00 -0.0054064
170.00 -50.00 -0.007991
175.00 -50.00 -0.0109812
180.00 -50.00 -0.0125043
-180.00 -45.00 -0.0056439
-175.00 -45.00 -0.0063392
-170.00 -45.00 -0.0039697
-165.00 -45.00 -0.0006727
-160.00 -45.00 0.000314
-155.00 -45.00 -0.0019478
-150.00 -45.00 -0.0051526
-145.00 -45.00 -0.0063158
-140.00 -45.00 -0.004798
-135.00 -45.00 -0.0025123
-130.00 -45.00 -0.0016582
-125.00 -45.00 -0.0028427
-120.00 -45.00 -0.0051446
-115.00 -45.00 -0.0072481
-110.00 -45.00 -0.0083728
-105.00 -45.00 -0.0086622
-100.00 -45.00 -0.0089436
-95.00 -45.00 -0.0097474
-90.00 -45.00 -0.0103296
-85.00 -45.00 -0.0090392
-80.00 -45.00 -0.0050288
-75.00 -45.00 0.0006085
-70.00 -45.00 0.0057044
-65.00 -45.00 0.0087844
-60.00 -45.00 0.0096497
-55.00 -45.00 0.0086075
-50.00 -45.00 0.0060119
-45.00 -45.00 0.0028187
-40.00 -45.00 0.0008368
-35.00 -45.00 0.0015156
-30.00 -45.00 0.0042936
-25.00 -45.00 0.0066161
-20.00 -45.00 0.0061064
-15.00 -45.00 0.0028684
-10.00 -45.00 -0.0005517
-5.00 -45.00 -0.0016618
0.00 -45.00 -0.0003617
5.00 -45.00 0.0013706
10.00 -45.00 0.0018494
15.00 -45.00 0.0012008
20.00 -45.00 0.0005194
25.00 -45.00 0.0002572
30.00 -45.00 2.03e-05
35.00 -45.00 -0.0004151
40.00 -45.00 -0.0006828
45.00 -45.00 -0.0005661
50.00 -45.00 -0.0005519
55.00 -45.00 -0.0011633
60.00 -45.00 -0.0019447
65.00 -45.00 -0.001654
70.00 -45.00 0.0003081
75.00 -45.00 0.0028885
80.00 -45.00 0.0040852
85.00 -45.00 0.002713
90.00 -45.00 -0.0005412
95.00 -45.00 -0.0036607
100.00 -45.00 -0.0047588
105.00 -45.00 -0.0032546
110.00 -45.00 -8.32e-05
115.00 -45.00 0.0030999
120.00 -45.00 0.0052004
125.00 -45.00 0.0063919
130.00 -45.00 0.0074493
135.00 -45.00 0.0083689
140.00 -45.00 0.0080272
145.00 -45.00 0.0055489
150.00 -45.00 0.0017984
155.00 -45.00 -0.0010303
160.00 -45.00 -0.0015467
165.00 -45.00 -0.0006745
170.00 -45.00 -0.0007266
175.00 -45.00 -0.0028679
180.00 -45.00 -0.0056439
-180.00 -40.00 0.0024828
-175.00 -40.00 -0.0015302
-170.00 -40.00 -0.0032377
-165.00 -40.00 -0.0019305
-160.00 -40.00 -0.0002532
-155.00 -40.00 -0.0006989
-150.00 -40.00 -0.0027415
-145.00 -40.00 -0.004206
-140.00 -40.00 -0.0043844
-135.00 -40.00 -0.0044515
-130.00 -40.00 -0.0053449
-125.00 -40.00 -0.0066814
-120.00 -40.00 -0.0077384
-115.00 -40.00 -0.0082792
-110.00 -40.00 -0.0082081
-105.00 -40.00 -0.0074612
-100.00 -40.00 -0.0065553
-95.00 -40.00 -0.0062654
-90.00 -40.00 -0.0062595
-85.00 -40.00 -0.0049556
-80.00 -40.00 -0.0014755
-75.00 -40.00 0.0029461
-70.00 -40.00 0.0063365
-65.00 -40.00 0.0081781
-60.00 -40.00 0.0092077
-55.00 -40.00 0.0094484
-50.00 -40.00 0.0078299
-45.00 -40.00 0.0040713
-40.00 -40.00 -6.27e-05
-35.00 -40.00 -0.0020821
-30.00 -40.00 -0.0011331
-25.00 -40.00 0.0011959
-20.00 -40.00 0.0023553
-15.00 -40.00 0.001187
-10.00 -40.00 -0.0010875
-5.00 -40.00 -0.0023254
0.00 -40.00 -0.0017434
5.00 -40.00 -0.000252
10.00 -40.00 0.0012575
15.00 -40.00 0.0028466
20.00 -40.00 0.0044255
25.00 -40.00 0.0049714
30.00 -40.00 0.0038886
35.00 -40.00 0.0024203
40.00 -40.00 0.0024216
45.00 -40.00 0.0038009
50.00 -40.00 0.0042601
55.00 -40.00 0.002
60.00 -40.00 -0.0019353
65.00 -40.00 -0.0046167
70.00 -40.00 -0.004383
75.00 -40.00 -0.0025127
80.00 -40.00 -0.0016339
85.00 -40.00 -0.0029557
90.00 -40.00 -0.0054204
95.00 -40.00 -0.007117
100.00 -40.00 -0.0068119
105.00 -40.00 -0.0043283
110.00 -40.00 -0.0004481
115.00 -40.00 0.0032422
120.00 -40.00 0.0052549
125.00 -40.00 0.0055632
130.00 -40.00 0.0055602
135.00 -40.00 0.0061245
140.00 -40.00 0.0062274
145.00 -40.00 0.004214
150.00 -40.00 0.0002832
155.00 -40.00 -0.0030309
160.00 -40.00 -0.0030951
165.00 -40.00 0.0002301
170.00 -40.00 0.0041637
175.00 -40.00 0.0052424
180.00 -40.00 0.0024828
-180.00 -35.00 0.0074331
-175.00 -35.00 0.0024228
-170.00 -35.00 -0.0031633
-165.00 -35.00 -0.0049065
-160.00 -35.00 -0.0036749
-155.00 -35.00 -0.0032666
-150.00 -35.00 -0.0048934
-145.00 -35.00 -0.0066051
-140.00 -35.00 -0.0071098
-135.00 -35.00 -0.0072665
-130.00 -35.00 -0.0078902
-125.00 -35.00 -0.0084825
-120.00 -35.00 -0.0084792
-115.00 -35.00 -0.0079072
-110.00 -35.00 -0.0064506
-105.00 -35.00 -0.0035659
-100.00 -35.00 -6.58e-05
-95.00 -35.00 0.0020042
-90.00 -35.00 0.0019588
-85.00 -35.00 0.0016597
-80.00 -35.00 0.0030872
-75.00 -35.00 0.0058761
-70.00 -35.00 0.0084399
-65.00 -35.00 0.0103434
-60.00 -35.00 0.0119171
-55.00 -35.00 0.01244
-50.00 -35.00 0.0107089
-45.00 -35.00 0.0071074
-40.00 -35.00 0.0034695
-35.00 -35.00 0.001108
-30.00 -35.00 0.0002141
-25.00 -35.00 0.0005754
-20.00 -35.00 0.0015088
-15.00 -35.00 0.0017506
-10.00 -35.00 0.0007573
-5.00 -35.00 -0.0004529
0.00 -35.00 -0.0006514
5.00 -35.00 0.0003544
10.00 -35.00 0.0024641
15.00 -35.00 0.0056916
20.00 -35.00 0.0088583
25.00 -35.00 0.0096794
30.00 -35.00 0.0076483
35.00 -35.00 0.005406
40.00 -35.00 0.0055862
45.00 -35.00 0.0072334
50.00 -35.00 0.0069476
55.00 -35.00 0.0032156
60.00 -35.00 -0.0017245
65.00 -35.00 -0.0045457
70.00 -35.00 -0.0045599
75.00 -35.00 -0.0041484
80.00 -35.00 -0.0055516
85.00 -35.00 -0.008051
90.00 -35.00 -0.0090691
95.00 -35.00 -0.0074657
100.00 -35.00 -0.0044252
105.00 -35.00 -0.0012762
110.00 -35.00 0.0018156
115.00 -35.00 0.0045337
120.00 -35.00 0.0056186
125.00 -35.00 0.0046289
130.00 -35.00 0.0032559
135.00 -35.00 0.0034252
140.00 -35.00 0.0047123
145.00 -35.00 0.0048482
150.00 -35.00 0.0024576
155.00 -35.00 -0.0014296
160.00 -35.00 -0.0040772
165.00 -35.00 -0.0029084
170.00 -35.00 0.0020903
175.00 -35.00 0.0071377
180.00 -35.00 0.0074331
-180.00 -30.00 0.0116305
-175.00 -30.00 0.0074487
-170.00 -30.00 -0.0009184
-165.00 -30.00 -0.0054945
-160.00 -30.00 -0.0051215
-155.00 -30.00 -0.0050428
-150.00 -30.00 -0.0079082
-145.00 -30.00 -0.0106672
-140.00 -30.00 -0.0102442
-135.00 -30.00 -0.007657
-130.00 -30.00 -0.0056248
-125.00 -30.00 -0.0053016
-120.00 -30.00 -0.0062368
-115.00 -30.00 -0.0071861
-110.00 -30.00 -0.006217
-105.00 -30.00 -0.0020159
-100.00 -30.00 0.003925
-95.00 -30.00 0.007903
-90.00 -30.00 0.0078829
-85.00 -30.00 0.0057464
-80.00 -30.00 0.0047852
-75.00 -30.00 0.0062285
-70.00 -30.00 0.0093211
-65.00 -30.00 0.0130023
-60.00 -30.00 0.0156171
-55.00 -30.00 0.0149289
-50.00 -30.00 0.0110505
-45.00 -30.00 0.0075976
-40.00 -30.00 0.0071668
-35.00 -30.00 0.0077182
-30.00 -30.00 0.0064233
-25.00 -30.00 0.0045127
-20.00 -30.00 0.0046621
-15.00 -30.00 0.0060865
-10.00 -30.00 0.0061859
-5.00 -30.00 0.0049636
0.00 -30.00 0.0042743
5.00 -30.00 0.0046775
10.00 -30.00 0.0058764
15.00 -30.00 0.0080021
20.00 -30.00 0.0101191
25.00 -30.00 0.0100329
30.00 -30.00 0.0076145
35.00 -30.00 0.0056342
40.00 -30.00 0.00554
45.00 -30.00 0.0051284
50.00 -30.00 0.0021646
55.00 -30.00 -0.0019866
60.00 -30.00 -0.0040862
65.00 -30.00 -0.0030337
70.00 -30.00 -0.0010246
75.00 -30.00 -0.0011892
80.00 -30.00 -0.004221
85.00 -30.00 -0.0072417
90.00 -30.00 -0.0067961
95.00 -30.00 -0.0030628
100.00 -30.00 0.0004042
105.00 -30.00 0.0013565
110.00 -30.00 0.0011632
115.00 -30.00 0.0017303
120.00 -30.00 0.0025904
125.00 -30.00 0.0026577
130.00 -30.00 0.0028049
135.00 -30.00 0.004571
140.00 -30.00 0.0075432
145.00 -30.00 0.0097357
150.00 -30.00 0.0095212
155.00 -30.00 0.0062164
160.00 -30.00 0.0007858
165.00 -30.00 -0.0028225
170.00 -30.00 -0.0001758
175.00 -30.00 0.0073001
180.00 -30.00 0.0116305
-180.00 -25.00 0.0172923
-175.00 -25.00 0.0118151
-170.00 -25.00 0.0002485
-165.00 -25.00 -0.006344
-160.00 -25.00 -0.0053166
-155.00 -25.00 -0.0040219
-150.00 -25.00 -0.0072598
-145.00 -25.00 -0.0111426
-140.00 -25.00 -0.010403
-135.00 -25.00 -0.0056974
-130.00 -25.00 -0.001715
-125.00 -25.00 -0.0016308
-120.00 -25.00 -0.0048862
-115.00 -25.00 -0.0083169
-110.00 -25.00 -0.0084386
-105.00 -25.00 -0.0039262
-100.00 -25.00 0.0030222
-95.00 -25.00 0.0080949
-90.00 -25.00 0.0085695
-85.00 -25.00 0.00578
-80.00 -25.00 0.0034353
-75.00 -25.00 0.0040427
-70.00 -25.00 0.0077776
-65.00 -25.00 0.0131067
-60.00 -25.00 0.0165106
-55.00 -25.00 0.014249
-50.00 -25.00 0.0077848
-45.00 -25.00 0.0042303
-40.00 -25.00 0.0071288
-35.00 -25.00 0.010913
-30.00 -25.00 0.0096873
-25.00 -25.00 0.0063273
-20.00 -25.00 0.0064168
-15.00 -25.00 0.0086569
-10.00 -25.00 0.0086402
-5.00 -25.00 0.0071015
0.00 -25.00 0.0072367
5.00 -25.00 0.0082981
10.00 -25.00 0.0079307
15.00 -25.00 0.0066557
20.00 -25.00 0.0056036
25.00 -25.00 0.0042417
30.00 -25.00 0.0031463
35.00 -25.00 0.0039628
40.00 -25.00 0.0049488
45.00 -25.00 0.0021655
50.00 -25.00 -0.0036869
55.00 -25.00 -0.0070929
60.00 -25.00 -0.0053009
65.00 -25.00 -0.0013871
70.00 -25.00 0.000635
75.00 -25.00 -0.0001369
80.00 -25.00 -0.002235
85.00 -25.00 -0.0035024
90.00 -25.00 -0.0024506
95.00 -25.00 -7.86e-05
100.00 -25.00 0.00063
105.00 -25.00 -0.0014871
110.00 -25.00 -0.0040271
115.00 -25.00 -0.0043323
120.00 -25.00 -0.002537
125.00 -25.00 4.04e-05
130.00 -25.00 0.0032159
135.00 -25.00 0.0068286
140.00 -25.00 0.0095401
145.00 -25.00 0.0107737
150.00 -25.00 0.0115801
155.00 -25.00 0.0116712
160.00 -25.00 0.0089763
165.00 -25.00 0.0049237
170.00 -25.00 0.0055494
175.00 -25.00 0.0124684
180.00 -25.00 0.0172923
-180.00 -20.00 0.0193155
-175.00 -20.00 0.011035
-170.00 -20.00 -0.002157
-165.00 -20.00 -0.0085191
-160.00 -20.00 -0.0052542
-155.00 -20.00 -0.001188
-150.00 -20.00 -0.0029909
-145.00 -20.00 -0.00729
-140.00 -20.00 -0.0078114
-135.00 -20.00 -0.0040017
-130.00 -20.00 -0.0004864
-125.00 -20.00 -0.0011959
-120.00 -20.00 -0.0054897
-115.00 -20.00 -0.0092121
-110.00 -20.00 -0.0089142
-105.00 -20.00 -0.0045582
-100.00 -20.00 0.0013724
-95.00 -20.00 0.0057847
-90.00 -20.00 0.0065568
-85.00 -20.00 0.0044213
-80.00 -20.00 0.0027609
-75.00 -20.00 0.0040697
-70.00 -20.00 0.0078736
-65.00 -20.00 0.012163
-60.00 -20.00 0.0140485
-55.00 -20.00 0.0105622
-50.00 -20.00 0.0035108
-45.00 -20.00 0.0005048
-40.00 -20.00 0.0049386
-35.00 -20.00 0.009657
-30.00 -20.00 0.0079606
-25.00 -20.00 0.0041378
-20.00 -20.00 0.0043781
-15.00 -20.00 0.0056494
-10.00 -20.00 0.0035111
-5.00 -20.00 0.0019944
0.00 -20.00 0.005557
5.00 -20.00 0.009828
10.00 -20.00 0.0091487
15.00 -20.00 0.0050935
20.00 -20.00 0.0013484
25.00 -20.00 -0.0012728
30.00 -20.00 -0.0012721
35.00 -20.00 0.0026435
40.00 -20.00 0.0057172
45.00 -20.00 0.0020154
50.00 -20.00 -0.0050068
55.00 -20.00 -0.006631
60.00 -20.00 -0.0023024
65.00 -20.00 0.0006679
70.00 -20.00 -0.0007771
75.00 -20.00 -0.0026054
80.00 -20.00 -0.0019231
85.00 -20.00 -0.0005443
90.00 -20.00 -0.0006242
95.00 -20.00 -0.0019773
100.00 -20.00 -0.0036617
105.00 -20.00 -0.0050021
110.00 -20.00 -0.0052715
115.00 -20.00 -0.0041515
120.00 -20.00 -0.0020427
125.00 -20.00 0.0008163
130.00 -20.00 0.00434
135.00 -20.00 0.0071124
140.00 -20.00 0.0070618
145.00 -20.00 0.0051635
150.00 -20.00 0.0057942
155.00 -20.00 0.0105794
160.00 -20.00 0.0150152
165.00 -20.00 0.0154269
170.00 -20.00 0.0153204
175.00 -20.00 0.0183679
180.00 -20.00 0.0193155
-180.00 -15.00 0.012846
-175.00 -15.00 0.005267
-170.00 -15.00 -0.0038412
-165.00 -15.00 -0.0068285
-160.00 -15.00 -0.002516
-155.00 -15.00 0.0017413
-150.00 -15.00 0.0006464
-145.00 -15.00 -0.0032066
-140.00 -15.00 -0.0047245
-135.00 -15.00 -0.0026869
-130.00 -15.00 -0.0001915
-125.00 -15.00 -0.0007819
-120.00 -15.00 -0.0041995
-115.00 -15.00 -0.0066456
-110.00 -15.00 -0.0057664
-105.00 -15.00 -0.00282
-100.00 -15.00 0.0004566
-95.00 -15.00 0.0031989
-90.00 -15.00 0.0040798
-85.00 -15.00 0.0033123
-80.00 -15.00 0.004289
-75.00 -15.00 0.0085534
-70.00 -15.00 0.0124596
-65.00 -15.00 0.0127178
-60.00 -15.00 0.0102114
-55.00 -15.00 0.0061565
-50.00 -15.00 0.0014923
-45.00 -15.00 0.0001039
-40.00 -15.00 0.003972
-35.00 -15.00 0.0074628
-30.00 -15.00 0.0057104
-25.00 -15.00 0.00301
-20.00 -15.00 0.0033214
-15.00 -15.00 0.0019489
-10.00 -15.00 -0.0030572
-5.00 -15.00 -0.0035211
0.00 -15.00 0.0043592
5.00 -15.00 0.0115239
10.00 -15.00 0.010903
15.00 -15.00 0.0067376
20.00 -15.00 0.0032935
25.00 -15.00 -0.0006016
30.00 -15.00 -0.0027968
35.00 -15.00 0.000655
40.00 -15.00 0.0046948
45.00 -15.00 0.001359
50.00 -15.00 -0.005321
55.00 -15.00 -0.0053959
60.00 -15.00 -0.0001642
65.00 -15.00 0.0010943
70.00 -15.00 -0.0025584
75.00 -15.00 -0.0038248
80.00 -15.00 -0.0005778
85.00 -15.00 0.001677
90.00 -15.00 -0.0005741
95.00 -15.00 -0.0042571
100.00 -15.00 -0.0047518
105.00 -15.00 -0.0014283
110.00 -15.00 0.0025636
115.00 -15.00 0.0044786
120.00 -15.00 0.00475
125.00 -15.00 0.0053471
130.00 -15.00 0.0066046
135.00 -15.00 0.0068619
140.00 -15.00 0.0049214
145.00 -15.00 0.0025464
150.00 -15.00 0.0040047
155.00 -15.00 0.0111499
160.00 -15.00 0.0193127
165.00 -15.00 0.0220348
170.00 -15.00 0.0194743
175.00 -15.00 0.0163866
180.00 -15.00 0.012846
-180.00 -10.00 0.0026178
-175.00 -10.00 -0.0005115
-170.00 -10.00 -0.0018855
-165.00 -10.00 -0.0008132
-160.00 -10.00 0.0015709
-155.00 -10.00 0.0021295
-150.00 -10.00 0.0001338
-145.00 -10.00 -0.0021064
-140.00 -10.00 -0.0025192
-135.00 -10.00 -0.0008347
-130.00 -10.00 0.0012989
-125.00 -10.00 0.0012532
-120.00 -10.00 -0.0012394
-115.00 -10.00 -0.0033464
-110.00 -10.00 -0.0036432
-105.00 -10.00 -0.0033998
-100.00 -10.00 -0.0025237
-95.00 -10.00 -0.0001429
-90.00 -10.00 0.0017052
-85.00 -10.00 0.0021194
-80.00 -10.00 0.0053641
-75.00 -10.00 0.0126932
-70.00 -10.00 0.016659
-65.00 -10.00 0.0122619
-60.00 -10.00 0.0053948
-55.00 -10.00 0.002641
-50.00 -10.00 0.0026661
-45.00 -10.00 0.0029942
-40.00 -10.00 0.0042338
-35.00 -10.00 0.0052116
-30.00 -10.00 0.0045164
-25.00 -10.00 0.0047796
-20.00 -10.00 0.006098
-15.00 -10.00 0.0031369
-10.00 -10.00 -0.0026855
-5.00 -10.00 -0.0013577
0.00 -10.00 0.0076939
5.00 -10.00 0.0125962
10.00 -10.00 0.0096842
15.00 -10.00 0.0075642
20.00 -10.00 0.0077452
25.00 -10.00 0.0030531
30.00 -10.00 -0.004068
35.00 -10.00 -0.0040013
40.00 -10.00 0.0008075
45.00 -10.00 0
50.00 -10.00 -0.0052672
55.00 -10.00 -0.0060067
60.00 -10.00 -0.0026909
65.00 -10.00 -0.0022159
70.00 -10.00 -0.0039319
75.00 -10.00 -0.0024142
80.00 -10.00 0.0014274
85.00 -10.00 0.0022088
90.00 -10.00 -0.0008527
95.00 -10.00 -0.0029306
100.00 -10.00 0.0001594
105.00 -10.00 0.00699
110.00 -10.00 0.0117999
115.00 -10.00 0.0113591
120.00 -10.00 0.0087666
125.00 -10.00 0.0079931
130.00 -10.00 0.0082628
135.00 -10.00 0.0074963
140.00 -10.00 0.0069098
145.00 -10.00 0.0085876
150.00 -10.00 0.0126167
155.00 -10.00 0.0181517
160.00 -10.00 0.0229712
165.00 -10.00 0.0229103
170.00 -10.00 0.0165802
175.00 -10.00 0.0083266
180.00 -10.00 0.0026178
-180.00 -5.00 -0.0028332
-175.00 -5.00 -0.0031027
-170.00 -5.00 -0.0002362
-165.00 -5.00 0.0021611
-160.00 -5.00 0.0019279
-155.00 -5.00 -0.000499
-150.00 -5.00 -0.0025013
-145.00 -5.00 -0.0024903
-140.00 -5.00 -0.0013702
-135.00 -5.00 -8.77e-05
-130.00 -5.00 0.0009992
-125.00 -5.00 0.0006918
-120.00 -5.00 -0.0013202
-115.00 -5.00 -0.0032774
-110.00 -5.00 -0.0046134
-105.00 -5.00 -0.0060304
-100.00 -5.00 -0.0056167
-95.00 -5.00 -0.0018554
-90.00 -5.00 0.0013558
-85.00 -5.00 0.0015861
-80.00 -5.00 0.0043317
-75.00 -5.00 0.0119453
-70.00 -5.00 0.0151819
-65.00 -5.00 0.0080381
-60.00 -5.00 -0.0001763
-55.00 -5.00 0.0003551
-50.00 -5.00 0.0053414
-45.00 -5.00 0.006521
-40.00 -5.00 0.0039322
-35.00 -5.00 0.0014605
-30.00 -5.00 0.0012751
-25.00 -5.00 0.0043044
-20.00 -5.00 0.0075823
-15.00 -5.00 0.006003
-10.00 -5.00 0.0027187
-5.00 -5.00 0.0060324
0.00 -5.00 0.012487
5.00 -5.00 0.0109139
10.00 -5.00 0.004294
15.00 -5.00 0.0050273
20.00 -5.00 0.009838
25.00 -5.00 0.0049862
30.00 -5.00 -0.0065822
35.00 -5.00 -0.009368
40.00 -5.00 -0.0022733
45.00 -5.00 0.0022553
50.00 -5.00 0.0001261
55.00 -5.00 -0.0030606
60.00 -5.00 -0.0051027
65.00 -5.00 -0.0065686
70.00 -5.00 -0.0052739
75.00 -5.00 -0.0012324
80.00 -5.00 0.0010347
85.00 -5.00 -0.000145
90.00 -5.00 -0.0013206
95.00 -5.00 0.0005485
100.00 -5.00 0.0057709
105.00 -5.00 0.0121891
110.00 -5.00 0.0150571
115.00 -5.00 0.012026
120.00 -5.00 0.0078093
125.00 -5.00 0.007361
130.00 -5.00 0.0084782
135.00 -5.00 0.0083407
140.00 -5.00 0.0102035
145.00 -5.00 0.016089
150.00 -5.00 0.0212499
155.00 -5.00 0.0220652
160.00 -5.00 0.0206425
165.00 -5.00 0.0179419
170.00 -5.00 0.0116449
175.00 -5.00 0.0029368
180.00 -5.00 -0.0028332
-180.00 0.00 -0.0022741
-175.00 0.00 -0.0031201
-170.00 0.00 -0.0012763
-165.00 0.00 0.0002012
-160.00 0.00 -8.92e-05
-155.00 0.00 -0.0013276
-150.00 0.00 -0.0017292
-145.00 0.00 -0.0010416
-140.00 0.00 -0.0007853
-135.00 0.00 -0.0014224
-130.00 0.00 -0.0020736
-125.00 0.00 -0.0027808
-120.00 0.00 -0.0037329
-115.00 0.00 -0.0041279
-110.00 0.00 -0.0043274
-105.00 0.00 -0.0050648
-100.00 0.00 -0.0040131
-95.00 0.00 0.0002272
-90.00 0.00 0.0030625
-85.00 0.00 0.0017781
-80.00 0.00 0.0025957
-75.00 0.00 0.008835
-70.00 0.00 0.0114404
-65.00 0.00 0.0041846
-60.00 0.00 -0.0032649
-55.00 0.00 -0.0006903
-50.00 0.00 0.0065102
-45.00 0.00 0.0079175
-40.00 0.00 0.0030239
-35.00 0.00 -0.0022831
-30.00 0.00 -0.0037932
-25.00 0.00 -0.0005079
-20.00 0.00 0.0041785
-15.00 0.00 0.0056359
-10.00 0.00 0.0062968
-5.00 0.00 0.0111397
0.00 0.00 0.0146138
5.00 0.00 0.0085689
10.00 0.00 0.0008072
15.00 0.00 0.0041604
20.00 0.00 0.0116389
25.00 0.00 0.0068857
30.00 0.00 -0.0066147
35.00 0.00 -0.0112706
40.00 0.00 -0.0035061
45.00 0.00 0.0051331
50.00 0.00 0.0070892
55.00 0.00 0.0029852
60.00 0.00 -0.0040549
65.00 0.00 -0.0083191
70.00 0.00 -0.0056497
75.00 0.00 -0.0008679
80.00 0.00 -0.000715
85.00 0.00 -0.0025193
90.00 0.00 -0.0005371
95.00 0.00 0.0038497
100.00 0.00 0.0076706
105.00 0.00 0.0120166
110.00 0.00 0.0156456
115.00 0.00 0.0144952
120.00 0.00 0.0103965
125.00 0.00 0.008728
130.00 0.00 0.0091309
135.00 0.00 0.0094729
140.00 0.00 0.0126521
145.00 0.00 0.0189964
150.00 0.00 0.021205
155.00 0.00 0.0160055
160.00 0.00 0.0102549
165.00 0.00 0.0087606
170.00 0.00 0.007306
175.00 0.00 0.0024484
180.00 0.00 -0.0022741
-180.00 5.00 -0.0008956
-175.00 5.00 -0.0021925
-170.00 5.00 -0.0015735
-165.00 5.00 -0.0003346
-160.00 5.00 0.0012675
-155.00 5.00 0.002652
-150.00 5.00 0.0029411
-145.00 5.00 0.0017789
-140.00 5.00 -0.0004952
-135.00 5.00 -0.0026439
-130.00 5.00 -0.003605
-125.00 5.00 -0.00389
-120.00 5.00 -0.0040916
-115.00 5.00 -0.003555
-110.00 5.00 -0.0024343
-105.00 5.00 -0.0017533
-100.00 5.00 -0.000612
-95.00 5.00 0.0016498
-90.00 5.00 0.0021017
-85.00 5.00 -4.96e-05
-80.00 5.00 0.0009883
-75.00 5.00 0.0074689
-70.00 5.00 0.0109086
-65.00 5.00 0.0052675
-60.00 5.00 -0.0017919
-55.00 5.00 -0.0011504
-50.00 5.00 0.0040556
-45.00 5.00 0.0057294
-40.00 5.00 0.0023241
-35.00 5.00 -0.0026615
-30.00 5.00 -0.0054001
-25.00 5.00 -0.0033122
-20.00 5.00 0.0018984
-15.00 5.00 0.0057754
-10.00 5.00 0.0085815
-5.00 5.00 0.0128972
0.00 5.00 0.0142729
5.00 5.00 0.0080012
10.00 5.00 0.0021772
15.00 5.00 0.0066027
20.00 5.00 0.0137671
25.00 5.00 0.0098015
30.00 5.00 -0.0023731
35.00 5.00 -0.0088158
40.00 5.00 -0.0053927
45.00 5.00 0.0016241
50.00 5.00 0.0062373
55.00 5.00 0.004641
60.00 5.00 -0.0027454
65.00 5.00 -0.0078037
70.00 5.00 -0.0047424
75.00 5.00 -0.0002153
80.00 5.00 -0.001251
85.00 5.00 -0.002502
90.00 5.00 0.0017084
95.00 5.00 0.0059968
100.00 5.00 0.0065285
105.00 5.00 0.009469
110.00 5.00 0.0170372
115.00 5.00 0.0211602
120.00 5.00 0.0176943
125.00 5.00 0.0122541
130.00 5.00 0.0097154
135.00 5.00 0.0106399
140.00 5.00 0.0153003
145.00 5.00 0.020338
150.00 5.00 0.018188
155.00 5.00 0.0086372
160.00 5.00 0.0016321
165.00 5.00 0.0023835
170.00 5.00 0.0046098
175.00 5.00 0.0026436
180.00 5.00 -0.0008956
-180.00 10.00 -0.001705
-175.00 10.00 -0.0015623
-170.00 10.00 0.0001955
-165.00 10.00 0.0017832
-160.00 10.00 0.0036198
-155.00 10.00 0.005157
-150.00 10.00 0.0046727
-145.00 10.00 0.0019364
-140.00 10.00 -0.0012788
-135.00 10.00 -0.0029599
-130.00 10.00 -0.0028839
-125.00 10.00 -0.002885
-120.00 10.00 -0.0040853
-115.00 10.00 -0.0049483
-110.00 10.00 -0.0039211
-105.00 10.00 -0.0019651
-100.00 10.00 -0.0007462
-95.00 10.00 -0.0009835
-90.00 10.00 -0.002785
-85.00 10.00 -0.0040659
-80.00 10.00 -0.0007476
-75.00 10.00 0.0066672
-70.00 10.00 0.0107614
-65.00 10.00 0.0069601
-60.00 10.00 0.0003446
-55.00 10.00 -0.0022935
-50.00 10.00 -0.0009243
-45.00 10.00 0.0009322
-40.00 10.00 0.0012821
-35.00 10.00 -0.0003217
-30.00 10.00 -0.0020289
-25.00 10.00 -4.83e-05
-20.00 10.00 0.0057257
-15.00 10.00 0.010706
-10.00 10.00 0.0128782
-5.00 10.00 0.01379
0.00 10.00 0.0121193
5.00 10.00 0.0064746
10.00 10.00 0.0026526
15.00 10.00 0.0061655
20.00 10.00 0.011276
25.00 10.00 0.0091693
30.00 10.00 0.0013066
35.00 10.00 -0.0051207
40.00 10.00 -0.0070746
45.00 10.00 -0.0044024
50.00 10.00 0.0012358
55.00 10.00 0.0034589
60.00 10.00 -0.0013965
65.00 10.00 -0.0059916
70.00 10.00 -0.0034086
75.00 10.00 0.0004536
80.00 10.00 -0.0009471
85.00 10.00 -0.001896
90.00 10.00 0.0027786
95.00 10.00 0.0064872
100.00 10.00 0.0051994
105.00 10.00 0.0069671
110.00 10.00 0.0159505
115.00 10.00 0.0227919
120.00 10.00 0.0197994
125.00 10.00 0.0119739
130.00 10.00 0.0078539
135.00 10.00 0.0103673
140.00 10.00 0.017206
145.00 10.00 0.0218398
150.00 10.00 0.0178336
155.00 10.00 0.0080264
160.00 10.00 0.0024505
165.00 10.00 0.0038484
170.00 10.00 0.0049166
175.00 10.00 0.0016141
180.00 10.00 -0.001705
-180.00 15.00 -0.0029111
-175.00 15.00 -0.00127
-170.00 15.00 0.0011869
-165.00 15.00 0.0010889
-160.00 15.00 -0.0001356
-155.00 15.00 -0.0005364
-150.00 15.00 -0.000653
-145.00 15.00 -0.0016609
-140.00 15.00 -0.0032849
-135.00 15.00 -0.004201
-130.00 15.00 -0.0040775
-125.00 15.00 -0.0045283
-120.00 15.00 -0.0066391
-115.00 15.00 -0.0083023
-110.00 15.00 -0.006668
-105.00 15.00 -0.0026978
-100.00 15.00 -0.0004129
-95.00 15.00 -0.0018758
-90.00 15.00 -0.0048872
-85.00 15.00 -0.0053874
-80.00 15.00 -0.0016285
-75.00 15.00 0.0035162
-70.00 15.00 0.0052863
-65.00 15.00 0.0025458
-60.00 15.00 -0.0015502
-55.00 15.00 -0.0042184
-50.00 15.00 -0.0049447
-45.00 15.00 -0.0036237
-40.00 15.00 -0.0010607
-35.00 15.00 0.0003406
-30.00 15.00 0.0004447
-25.00 15.00 0.0027977
-20.00 15.00 0.0085722
-15.00 15.00 0.0136395
-10.00 15.00 0.0144659
-5.00 15.00 0.0116278
0.00 15.00 0.0065552
5.00 15.00 0.0010058
10.00 15.00 -0.0011939
15.00 15.00 0.001483
20.00 15.00 0.0046005
25.00 15.00 0.0038728
30.00 15.00 0.0004449
35.00 15.00 -0.0032247
40.00 15.00 -0.005721
45.00 15.00 -0.0039496
50.00 15.00 0.0026481
55.00 15.00 0.0066994
60.00 15.00 0.0025481
65.00 15.00 -0.0031282
70.00 15.00 -0.002105
75.00 15.00 0.0015225
80.00 15.00 0.0008317
85.00 15.00 -0.000484
90.00 15.00 0.0029432
95.00 15.00 0.0067662
100.00 15.00 0.0064526
105.00 15.00 0.0068846
110.00 15.00 0.0121967
115.00 15.00 0.0168558
120.00 15.00 0.0149936
125.00 15.00 0.0095949
130.00 15.00 0.0073321
135.00 15.00 0.0108536
140.00 15.00 0.0173798
145.00 15.00 0.0205246
150.00 15.00 0.0160328
155.00 15.00 0.0082334
160.00 15.00 0.0052092
165.00 15.00 0.0068071
170.00 15.00 0.0057167
175.00 15.00 0.000396
180.00 15.00 -0.0029111
-180.00 20.00 -0.0019687
-175.00 20.00 0.0005012
-170.00 20.00 0.0017205
-165.00 20.00 -0.0018222
-160.00 20.00 -0.0070222
-155.00 20.00 -0.008979
-150.00 20.00 -0.0070945
-145.00 20.00 -0.0047351
-140.00 20.00 -0.0045923
-135.00 20.00 -0.0059072
-130.00 20.00 -0.0065553
-125.00 20.00 -0.0065252
-120.00 20.00 -0.0070753
-115.00 20.00 -0.0070826
-110.00 20.00 -0.0038723
-105.00 20.00 0.0017315
-100.00 20.00 0.0049228
-95.00 20.00 0.0030168
-90.00 20.00 -0.0009065
-85.00 20.00 -0.0023412
-80.00 20.00 -0.0012142
-75.00 20.00 -0.0010433
-70.00 20.00 -0.003277
-65.00 20.00 -0.0054954
-60.00 20.00 -0.0057801
-55.00 20.00 -0.0055482
-50.00 20.00 -0.0061131
-45.00 20.00 -0.0058576
-40.00 20.00 -0.0037055
-35.00 20.00 -0.001891
-30.00 20.00 -0.0018902
-25.00 20.00 -0.001148
-20.00 20.00 0.0026312
-15.00 20.00 0.0071329
-10.00 20.00 0.0082511
-5.00 20.00 0.0047317
0.00 20.00 -0.001157
5.00 20.00 -0.0052656
10.00 20.00 -0.0045659
15.00 20.00 -0.0007342
20.00 20.00 0.001383
25.00 20.00 0.0001619
30.00 20.00 -0.0017777
35.00 20.00 -0.0028178
40.00 20.00 -0.0027465
45.00 20.00 0.0005594
50.00 20.00 0.0070701
55.00 20.00 0.0100022
60.00 20.00 0.0045833
65.00 20.00 -0.0024009
70.00 20.00 -0.001876
75.00 20.00 0.003647
80.00 20.00 0.0058905
85.00 20.00 0.0046999
90.00 20.00 0.0055033
95.00 20.00 0.0084633
100.00 20.00 0.0099136
105.00 20.00 0.0099429
110.00 20.00 0.0109593
115.00 20.00 0.0126698
120.00 20.00 0.0134988
125.00 20.00 0.0136906
130.00 20.00 0.0144994
135.00 20.00 0.0165219
140.00 20.00 0.0186184
145.00 20.00 0.0174165
150.00 20.00 0.0109937
155.00 20.00 0.0035666
160.00 20.00 0.0012598
165.00 20.00 0.0030819
170.00 20.00 0.0027646
175.00 20.00 -0.0006703
180.00 20.00 -0.0019687
-180.00 25.00 0.000805
-175.00 25.00 0.0040681
-170.00 25.00 0.0042798
-165.00 25.00 -0.000772
-160.00 25.00 -0.007137
-155.00 25.00 -0.0092943
-150.00 25.00 -0.0067857
-145.00 25.00 -0.0041115
-140.00 25.00 -0.0046167
-135.00 25.00 -0.0065476
-130.00 25.00 -0.0062668
-125.00 25.00 -0.0037319
-120.00 25.00 -0.0019544
-115.00 25.00 -0.0015293
-110.00 25.00 0.0004245
-105.00 25.00 0.0048392
-100.00 25.00 0.008046
-95.00 25.00 0.0068081
-90.00 25.00 0.0029693
-85.00 25.00 0.0002412
-80.00 25.00 -0.0013218
-75.00 25.00 -0.0041688
-70.00 25.00 -0.0079147
-65.00 25.00 -0.0092398
-60.00 25.00 -0.0073046
-55.00 25.00 -0.0053024
-50.00 25.00 -0.0053223
-45.00 25.00 -0.0054059
-40.00 25.00 -0.0038187
-35.00 25.00 -0.00268
-30.00 25.00 -0.0042983
-25.00 25.00 -0.0066383
-20.00 25.00 -0.0058444
-15.00 25.00 -0.0018776
-10.00 25.00 0.0010802
-5.00 25.00 -0.0003717
0.00 25.00 -0.0046876
5.00 25.00 -0.0066861
10.00 25.00 -0.003507
15.00 25.00 0.0015421
20.00 25.00 0.0031711
25.00 25.00 0.0010486
30.00 25.00 -0.0009852
35.00 25.00 -0.0011907
40.00 25.00 -0.0004566
45.00 25.00 0.0016477
50.00 25.00 0.0051055
55.00 25.00 0.0057276
60.00 25.00 0.0004896
65.00 25.00 -0.0052366
70.00 25.00 -0.003537
75.00 25.00 0.0044745
80.00 25.00 0.0104154
85.00 25.00 0.0105376
90.00 25.00 0.0088039
95.00 25.00 0.0090736
100.00 25.00 0.0105671
105.00 25.00 0.0113058
110.00 25.00 0.0117032
115.00 25.00 0.013735
120.00 25.00 0.0180777
125.00 25.00 0.022672
130.00 25.00 0.0246396
135.00 25.00 0.0234845
140.00 25.00 0.0205463
145.00 25.00 0.015652
150.00 25.00 0.0079189
155.00 25.00 -0.0001212
160.00 25.00 -0.0039509
165.00 25.00 -0.0032429
170.00 25.00 -0.001842
175.00 25.00 -0.001218
180.00 25.00 0.000805
-180.00 30.00 0.0020513
-175.00 30.00 0.0051017
-170.00 30.00 0.0056082
-165.00 30.00 0.0028028
-160.00 30.00 -0.000551
-155.00 30.00 -0.0015468
-150.00 30.00 -0.0011454
-145.00 30.00 -0.0027029
-140.00 30.00 -0.0066135
-135.00 30.00 -0.0087131
-130.00 30.00 -0.0055647
-125.00 30.00 0.0002022
-120.00 30.00 0.0025933
-115.00 30.00 3.65e-05
-110.00 30.00 -0.0026878
-105.00 30.00 -0.0012192
-100.00 30.00 0.0027582
-95.00 30.00 0.0046263
-90.00 30.00 0.0030072
-85.00 30.00 6.54e-05
-80.00 30.00 -0.0026223
-75.00 30.00 -0.0051914
-70.00 30.00 -0.0070811
-65.00 30.00 -0.00684
-60.00 30.00 -0.004843
-55.00 30.00 -0.0034033
-50.00 30.00 -0.003239
-45.00 30.00 -0.0024165
-40.00 30.00 -0.0001644
-35.00 30.00 0.0008241
-30.00 30.00 -0.0018458
-25.00 30.00 -0.0059201
-20.00 30.00 -0.0066013
-15.00 30.00 -0.0026365
-10.00 30.00 0.0018816
-5.00 30.00 0.0024683
0.00 30.00 -0.0002875
5.00 30.00 -0.0017095
10.00 30.00 0.0006278
15.00 30.00 0.0037248
20.00 30.00 0.0038006
25.00 30.00 0.0018039
30.00 30.00 0.0012258
35.00 30.00 0.0022767
40.00 30.00 0.0024248
45.00 30.00 0.001475
50.00 30.00 0.0012631
55.00 30.00 0.001014
60.00 30.00 -0.0016596
65.00 30.00 -0.005083
70.00 30.00 -0.0042088
75.00 30.00 0.002002
80.00 30.00 0.0083875
85.00 30.00 0.0101664
90.00 30.00 0.0081966
95.00 30.00 0.0062758
100.00 30.00 0.0061139
105.00 30.00 0.0070109
110.00 30.00 0.0089163
115.00 30.00 0.0132062
120.00 30.00 0.0197856
125.00 30.00 0.0251964
130.00 30.00 0.0256836
135.00 30.00 0.0215997
140.00 30.00 0.0164633
145.00 30.00 0.0119736
150.00 30.00 0.0069114
155.00 30.00 0.0010757
160.00 30.00 -0.0031763
165.00 30.00 -0.0042489
170.00 30.00 -0.0031394
175.00 30.00 -0.0010283
180.00 30.00 0.0020513
-180.00 35.00 -0.0009711
-175.00 35.00 -9e-06
-170.00 35.00 0.0004443
-165.00 35.00 0.0009821
-160.00 35.00 0.0023717
-155.00 35.00 0.0036114
-150.00 35.00 0.0017142
-145.00 35.00 -0.0048338
-140.00 35.00 -0.012503
-135.00 35.00 -0.0147014
-130.00 35.00 -0.0088346
-125.00 35.00 -0.000314
-120.00 35.00 0.0025908
-115.00 35.00 -0.0020939
-110.00 35.00 -0.0080325
-105.00 35.00 -0.0082595
-100.00 35.00 -0.0028353
-95.00 35.00 0.0024439
-90.00 35.00 0.0031646
-85.00 35.00 4.5e-06
-80.00 35.00 -0.0036899
-75.00 35.00 -0.0055036
-70.00 35.00 -0.0049321
-65.00 35.00 -0.0028286
-60.00 35.00 -0.0007874
-55.00 35.00 9.16e-05
-50.00 35.00 0.0004902
-45.00 35.00 0.0019317
-40.00 35.00 0.0040902
-35.00 35.00 0.0044086
-30.00 35.00 0.001494
-25.00 35.00 -0.0021595
-20.00 35.00 -0.0024523
-15.00 35.00 0.0014915
-10.00 35.00 0.0062129
-5.00 35.00 0.0080668
0.00 35.00 0.0072517
5.00 35.00 0.0065159
10.00 35.00 0.0066465
15.00 35.00 0.0055076
20.00 35.00 0.0021924
25.00 35.00 -0.000375
30.00 35.00 0.0007842
35.00 35.00 0.0040518
40.00 35.00 0.0053782
45.00 35.00 0.0041732
50.00 35.00 0.003524
55.00 35.00 0.0046092
60.00 35.00 0.0046952
65.00 35.00 0.0018858
70.00 35.00 -0.0013248
75.00 35.00 -0.0013069
80.00 35.00 0.0018805
85.00 35.00 0.0049433
90.00 35.00 0.0055015
95.00 35.00 0.0040202
100.00 35.00 0.0022811
105.00 35.00 0.0017961
110.00 35.00 0.0038014
115.00 35.00 0.0088899
120.00 35.00 0.015378
125.00 35.00 0.0192142
130.00 35.00 0.0174392
135.00 35.00 0.011622
140.00 35.00 0.0062619
145.00 35.00 0.0037575
150.00 35.00 0.0026087
155.00 35.00 0.0006823
160.00 35.00 -0.0017993
165.00 35.00 -0.0032931
170.00 35.00 -0.003239
175.00 35.00 -0.0022267
180.00 35.00 -0.0009711
-180.00 40.00 -0.0055252
-175.00 40.00 -0.0066895
-170.00 40.00 -0.0076431
-165.00 40.00 -0.0063598
-160.00 40.00 -0.002722
-155.00 40.00 0.0001533
-150.00 40.00 -0.0019739
-145.00 40.00 -0.0098346
-140.00 40.00 -0.0182645
-135.00 40.00 -0.019936
-130.00 40.00 -0.012592
-125.00 40.00 -0.0020388
-120.00 40.00 0.0032631
-115.00 40.00 0.0006637
-110.00 40.00 -0.0045482
-105.00 40.00 -0.0055523
-100.00 40.00 -0.0012756
-95.00 40.00 0.0034416
-90.00 40.00 0.0038186
-85.00 40.00 -0.0001593
-80.00 40.00 -0.0046708
-75.00 40.00 -0.0061595
-70.00 40.00 -0.0040089
-65.00 40.00 -0.0001629
-60.00 40.00 0.0029636
-55.00 40.00 0.0043406
-50.00 40.00 0.0046212
-45.00 40.00 0.0047592
-40.00 40.00 0.0045222
-35.00 40.00 0.0028699
-30.00 40.00 -0.0001149
-25.00 40.00 -0.0024287
-20.00 40.00 -0.0019663
-15.00 40.00 0.0011753
-10.00 40.00 0.0049738
-5.00 40.00 0.0079826
0.00 40.00 0.0105306
5.00 40.00 0.0128833
10.00 40.00 0.0132906
15.00 40.00 0.0095972
20.00 40.00 0.0029336
25.00 40.00 -0.0020392
30.00 40.00 -0.0018757
35.00 40.00 0.0017823
40.00 40.00 0.0046744
45.00 40.00 0.0054087
50.00 40.00 0.006243
55.00 40.00 0.0084406
60.00 40.00 0.0095019
65.00 40.00 0.0065185
70.00 40.00 0.0007204
75.00 40.00 -0.0032828
80.00 40.00 -0.0024936
85.00 40.00 0.0015849
90.00 40.00 0.0050158
95.00 40.00 0.0052953
100.00 40.00 0.0030429
105.00 40.00 0.0009603
110.00 40.00 0.0017059
115.00 40.00 0.0059349
120.00 40.00 0.0113965
125.00 40.00 0.0142297
130.00 40.00 0.0121802
135.00 40.00 0.006758
140.00 40.00 0.0016324
145.00 40.00 -0.0011093
150.00 40.00 -0.0024127
155.00 40.00 -0.0040478
160.00 40.00 -0.0060834
165.00 40.00 -0.0071809
170.00 40.00 -0.0066971
175.00 40.00 -0.0056356
180.00 40.00 -0.0055252
-180.00 45.00 -0.0049337
-175.00 45.00 -0.0063138
-170.00 45.00 -0.0089739
-165.00 45.00 -0.0100158
-160.00 45.00 -0.008364
-155.00 45.00 -0.0063396
-150.00 45.00 -0.0076107
-145.00 45.00 -0.0130344
-140.00 45.00 -0.0186976
-135.00 45.00 -0.0189007
-130.00 45.00 -0.0116845
-125.00 45.00 -0.0012086
-120.00 45.00 0.0058674
-115.00 45.00 0.0064298
-110.00 45.00 0.0031053
-105.00 45.00 0.0006521
-100.00 45.00 0.0009357
-95.00 45.00 0.001859
-90.00 45.00 0.0006317
-85.00 45.00 -0.0028428
-80.00 45.00 -0.0059529
-75.00 45.00 -0.006066
-70.00 45.00 -0.0028139
-65.00 45.00 0.0019309
-60.00 45.00 0.0057636
-55.00 45.00 0.0073397
-50.00 45.00 0.0066996
-45.00 45.00 0.0045562
-40.00 45.00 0.0016023
-35.00 45.00 -0.0014891
-30.00 45.00 -0.0038069
-25.00 45.00 -0.0045066
-20.00 45.00 -0.0035369
-15.00 45.00 -0.0016735
-10.00 45.00 0.0005492
-5.00 45.00 0.0036616
0.00 45.00 0.0083067
5.00 45.00 0.0132809
10.00 45.00 0.0153527
15.00 45.00 0.0120987
20.00 45.00 0.0049965
25.00 45.00 -0.0012252
30.00 45.00 -0.0029187
35.00 45.00 -0.0007467
40.00 45.00 0.0018995
45.00 45.00 0.0030099
50.00 45.00 0.0033468
55.00 45.00 0.003944
60.00 45.00 0.0038571
65.00 45.00 0.0015017
70.00 45.00 -0.002475
75.00 45.00 -0.0050355
80.00 45.00 -0.0038043
85.00 45.00 0.0003471
90.00 45.00 0.004122
95.00 45.00 0.0049202
100.00 45.00 0.003003
105.00 45.00 0.0009851
110.00 45.00 0.0015454
115.00 45.00 0.0053287
120.00 45.00 0.0104897
125.00 45.00 0.0141358
130.00 45.00 0.0145342
135.00 45.00 0.0121479
140.00 45.00 0.0085579
145.00 45.00 0.0046067
150.00 45.00 6.4e-06
155.00 45.00 -0.0052421
160.00 45.00 -0.0096801
165.00 45.00 -0.0112716
170.00 45.00 -0.0095277
175.00 45.00 -0.0064322
180.00 45.00 -0.0049337
-180.00 50.00 0.0024575
-175.00 50.00 0.0020036
-170.00 50.00 -0.0013246
-165.00 50.00 -0.0049034
-160.00 50.00 -0.0067275
-155.00 50.00 -0.0071767
-150.00 50.00 -0.008211
-145.00 50.00 -0.0108048
-140.00 50.00 -0.0133548
-135.00 50.00 -0.0129354
-130.00 50.00 -0.0082898
-125.00 50.00 -0.0014598
-120.00 50.00 0.0037455
-115.00 50.00 0.0049423
-110.00 50.00 0.0028465
-105.00 50.00 -3.7e-06
-100.00 50.00 -0.0017997
-95.00 50.00 -0.002618
-90.00 50.00 -0.0034103
-85.00 50.00 -0.004397
-80.00 50.00 -0.0046772
-75.00 50.00 -0.0032171
-70.00 50.00 2.2e-05
-65.00 50.00 0.0039034
-60.00 50.00 0.0068514
-55.00 50.00 0.0077428
-50.00 50.00 0.0063513
-45.00 50.00 0.0033071
-40.00 50.00 -0.0001945
-35.00 50.00 -0.0028278
-30.00 50.00 -0.0037262
-25.00 50.00 -0.0029996
-20.00 50.00 -0.0016528
-15.00 50.00 -0.0006769
-10.00 50.00 -1.1e-06
-5.00 50.00 0.0014908
0.00 50.00 0.0045539
5.00 50.00 0.0081356
10.00 50.00 0.0097364
15.00 50.00 0.0076864
20.00 50.00 0.0031039
25.00 50.00 -0.0007798
30.00 50.00 -0.0015067
35.00 50.00 0.0004724
40.00 50.00 0.0026054
45.00 50.00 0.0028746
50.00 50.00 0.0013061
55.00 50.00 -0.000881
60.00 50.00 -0.002863
65.00 50.00 -0.0045305
70.00 50.00 -0.0056631
75.00 50.00 -0.0055892
80.00 50.00 -0.0039825
85.00 50.00 -0.0016594
90.00 50.00 -0.0001365
95.00 50.00 -0.0002595
100.00 50.00 -0.00134
105.00 50.00 -0.0016675
110.00 50.00 0.0001245
115.00 50.00 0.004056
120.00 50.00 0.0089054
125.00 50.00 0.0131718
130.00 50.00 0.0159752
135.00 50.00 0.0171261
140.00 50.00 0.0164831
145.00 50.00 0.013548
150.00 50.00 0.008048
155.00 50.00 0.0010294
160.00 50.00 -0.0049328
165.00 50.00 -0.0071671
170.00 50.00 -0.005009
175.00 50.00 -0.0006232
180.00 50.00 0.0024575
-180.00 55.00 0.0093592
-175.00 55.00 0.0093405
-170.00 55.00 0.0067024
-165.00 55.00 0.0030601
-160.00 55.00 0.0001626
-155.00 55.00 -0.0014453
-150.00 55.00 -0.0024731
-145.00 55.00 -0.0037752
-140.00 55.00 -0.0053018
-135.00 55.00 -0.006169
-130.00 55.00 -0.0056901
-125.00 55.00 -0.0042148
-120.00 55.00 -0.0028809
-115.00 55.00 -0.0025672
-110.00 55.00 -0.0031458
-105.00 55.00 -0.0037394
-100.00 55.00 -0.0036126
-95.00 55.00 -0.0027597
-90.00 55.00 -0.0017023
-85.00 55.00 -0.0008545
-80.00 55.00 -0.0001427
-75.00 55.00 0.0008248
-70.00 55.00 0.0023004
-65.00 55.00 0.0040839
-60.00 55.00 0.0055622
-55.00 55.00 0.0060277
-50.00 55.00 0.0050818
-45.00 55.00 0.0029281
-40.00 55.00 0.0003796
-35.00 55.00 -0.001513
-30.00 55.00 -0.0020694
-25.00 55.00 -0.0014116
-20.00 55.00 -0.0003216
-15.00 55.00 0.0004389
-10.00 55.00 0.0007585
-5.00 55.00 0.0011174
0.00 55.00 0.001851
5.00 55.00 0.0025274
10.00 55.00 0.0022312
15.00 55.00 0.0006096
20.00 55.00 -0.0014169
25.00 55.00 -0.0021982
30.00 55.00 -0.0007975
35.00 55.00 0.0020511
40.00 55.00 0.0044532
45.00 55.00 0.0048574
50.00 55.00 0.0031477
55.00 55.00 0.0004636
60.00 55.00 -0.0018289
65.00 55.00 -0.0029891
70.00 55.00 -0.0030521
75.00 55.00 -0.0025199
80.00 55.00 -0.0020171
85.00 55.00 -0.00202
90.00 55.00 -0.0026025
95.00 55.00 -0.0033077
100.00 55.00 -0.0033604
105.00 55.00 -0.0021804
110.00 55.00 0.0001917
115.00 55.00 0.003145
120.00 55.00 0.0059969
125.00 55.00 0.0084809
130.00 55.00 0.0107479
135.00 55.00 0.0128605
140.00 55.00 0.0142921
145.00 55.00 0.0140484
150.00 55.00 0.0115061
155.00 55.00 0.0073087
160.00 55.00 0.0033951
165.00 55.00 0.0018622
170.00 55.00 0.0034266
175.00 55.00 0.0067595
180.00 55.00 0.0093592
-180.00 60.00 0.0084647
-175.00 60.00 0.008146
-170.00 60.00 0.0068205
-165.00 60.00 0.005192
-160.00 60.00 0.0040469
-155.00 60.00 0.0036315
-150.00 60.00 0.0035089
-145.00 60.00 0.0029672
-140.00 60.00 0.0015897
-135.00 60.00 -0.0004802
-130.00 60.00 -0.0027148
-125.00 60.00 -0.0045659
-120.00 60.00 -0.005685
-115.00 60.00 -0.0059113
-110.00 60.00 -0.0051945
-105.00 60.00 -0.003627
-100.00 60.00 -0.001548
-95.00 60.00 0.0004612
-90.00 60.00 0.0017978
-85.00 60.00 0.0021614
-80.00 60.00 0.0017441
-75.00 60.00 0.0011319
-70.00 60.00 0.0009626
-65.00 60.00 0.0015431
-60.00 60.00 0.0026491
-55.00 60.00 0.003625
-50.00 60.00 0.0037389
-45.00 60.00 0.0026023
-40.00 60.00 0.0004083
-35.00 60.00 -0.0021595
-30.00 60.00 -0.0042896
-25.00 60.00 -0.0054315
-20.00 60.00 -0.0054646
-15.00 60.00 -0.0045944
-10.00 60.00 -0.0031534
-5.00 60.00 -0.0015106
0.00 60.00 -0.0001069
5.00 60.00 0.000571
10.00 60.00 0.0002224
15.00 60.00 -0.0009595
20.00 60.00 -0.0022413
25.00 60.00 -0.002749
30.00 60.00 -0.00208
35.00 60.00 -0.0006256
40.00 60.00 0.0007055
45.00 60.00 0.0011588
50.00 60.00 0.0006562
55.00 60.00 -0.0002243
60.00 60.00 -0.0007391
65.00 60.00 -0.0005147
70.00 60.00 0.0002542
75.00 60.00 0.0010198
80.00 60.00 0.0013022
85.00 60.00 0.0010221
90.00 60.00 0.0005508
95.00 60.00 0.0004545
100.00 60.00 0.0010911
105.00 60.00 0.0023265
110.00 60.00 0.0035866
115.00 60.00 0.004249
120.00 60.00 0.0041122
125.00 60.00 0.0035837
130.00 60.00 0.0034072
135.00 60.00 0.0040979
140.00 60.00 0.0055144
145.00 60.00 0.0069278
150.00 60.00 0.0075697
155.00 60.00 0.0072432
160.00 60.00 0.0064907
165.00 60.00 0.0061576
170.00 60.00 0.0066899
175.00 60.00 0.0077477
180.00 60.00 0.0084647
-180.00 65.00 0.0022482
-175.00 65.00 0.0014288
-170.00 65.00 0.0009071
-165.00 65.00 0.0009404
-160.00 65.00 0.0016287
-155.00 65.00 0.0027702
-150.00 65.00 0.0038767
-145.00 65.00 0.0043749
-140.00 65.00 0.0038828
-135.00 65.00 0.0023973
-130.00 65.00 0.0002974
-125.00 65.00 -0.0018213
-120.00 65.00 -0.0033796
-115.00 65.00 -0.0040147
-110.00 65.00 -0.0036878
-105.00 65.00 -0.0026838
-100.00 65.00 -0.0015062
-95.00 65.00 -0.0006879
-90.00 65.00 -0.0005706
-85.00 65.00 -0.0011425
-80.00 65.00 -0.0020202
-75.00 65.00 -0.0026126
-70.00 65.00 -0.0024086
-65.00 65.00 -0.0012605
-60.00 65.00 0.0004815
-55.00 65.00 0.0020673
-50.00 65.00 0.0026484
-45.00 65.00 0.0016506
-40.00 65.00 -0.0009545
-35.00 65.00 -0.0046049
-30.00 65.00 -0.0083419
-25.00 65.00 -0.0111451
-20.00 65.00 -0.0122618
-15.00 65.00 -0.0114189
-10.00 65.00 -0.0088722
-5.00 65.00 -0.0053112
0.00 65.00 -0.0016554
5.00 65.00 0.0012139
10.00 65.00 0.0027154
15.00 65.00 0.0027278
20.00 65.00 0.0015676
25.00 65.00 -0.0002121
30.00 65.00 -0.0020882
35.00 65.00 -0.0037409
40.00 65.00 -0.005048
45.00 65.00 -0.0059502
50.00 65.00 -0.0063325
55.00 65.00 -0.0060317
60.00 65.00 -0.004963
65.00 65.00 -0.0032478
70.00 65.00 -0.0012231
75.00 65.00 0.0006964
80.00 65.00 0.002216
85.00 65.00 0.0032868
90.00 65.00 0.0040703
95.00 65.00 0.0047618
100.00 65.00 0.0053932
105.00 65.00 0.005756
110.00 65.00 0.0055166
115.00 65.00 0.0044657
120.00 65.00 0.0027393
125.00 65.00 0.000849
130.00 65.00 -0.0005269
135.00 65.00 -0.0008812
140.00 65.00 -0.0001385
145.00 65.00 0.0013222
150.00 65.00 0.0028903
155.00 65.00 0.0040386
160.00 65.00 0.0045303
165.00 65.00 0.0044179
170.00 65.00 0.0038898
175.00 65.00 0.0031223
180.00 65.00 0.0022482
-180.00 70.00 -0.0007881
-175.00 70.00 -0.001862
-170.00 70.00 -0.0023721
-165.00 70.00 -0.0021954
-160.00 70.00 -0.0013876
-155.00 70.00 -0.000183
-150.00 70.00 0.0010644
-145.00 70.00 0.0019862
-140.00 70.00 0.0023167
-135.00 70.00 0.0019751
-130.00 70.00 0.0010788
-125.00 70.00 -0.0001174
-120.00 70.00 -0.0013256
-115.00 70.00 -0.0023304
-110.00 70.00 -0.003052
-105.00 70.00 -0.0035445
-100.00 70.00 -0.0039354
-95.00 70.00 -0.0043318
-90.00 70.00 -0.0047379
-85.00 70.00 -0.0050218
-80.00 70.00 -0.0049556
-75.00 70.00 -0.0043215
-70.00 70.00 -0.003045
-65.00 70.00 -0.0012944
-60.00 70.00 0.000505
-55.00 70.00 0.0017694
-50.00 70.00 0.001941
-45.00 70.00 0.0006963
-40.00 70.00 -0.0019044
-35.00 70.00 -0.0053889
-30.00 70.00 -0.0089817
-25.00 70.00 -0.011816
-20.00 70.00 -0.0131767
-15.00 70.00 -0.0126977
-10.00 70.00 -0.010456
-5.00 70.00 -0.0069406
0.00 70.00 -0.0029124
5.00 70.00 0.0008001
10.00 70.00 0.0035057
15.00 70.00 0.0047986
20.00 70.00 0.0046132
25.00 70.00 0.0031837
30.00 70.00 0.0009417
35.00 70.00 -0.0016034
40.00 70.00 -0.0039647
45.00 70.00 -0.005745
50.00 70.00 -0.0066796
55.00 70.00 -0.0066623
60.00 70.00 -0.0057553
65.00 70.00 -0.0041707
70.00 70.00 -0.002216
75.00 70.00 -0.0002126
80.00 70.00 0.0015814
85.00 70.00 0.0030144
90.00 70.00 0.0040305
95.00 70.00 0.0046221
100.00 70.00 0.0047799
105.00 70.00 0.0044817
110.00 70.00 0.0037287
115.00 70.00 0.0026071
120.00 70.00 0.0013257
125.00 70.00 0.0001914
130.00 70.00 -0.0004832
135.00 70.00 -0.0005003
140.00 70.00 0.0001339
145.00 70.00 0.0011981
150.00 70.00 0.0023304
155.00 70.00 0.0031537
160.00 70.00 0.0033963
165.00 70.00 0.0029636
170.00 70.00 0.0019486
175.00 70.00 0.0005911
180.00 70.00 -0.0007881
-180.00 75.00 0.0022352
-175.00 75.00 0.0014151
-170.00 75.00 0.000849
-165.00 75.00 0.0006076
-160.00 75.00 0.000682
-155.00 75.00 0.0009886
-150.00 75.00 0.001394
-145.00 75.00 0.001749
-140.00 75.00 0.0019257
-135.00 75.00 0.0018455
-130.00 75.00 0.0014911
-125.00 75.00 0.0009011
-120.00 75.00 0.0001503
-115.00 75.00 -0.0006732
-110.00 75.00 -0.0014867
-105.00 75.00 -0.0022207
-100.00 75.00 -0.002816
-95.00 75.00 -0.0032155
-90.00 75.00 -0.0033616
-85.00 75.00 -0.0032045
-80.00 75.00 -0.0027238
-75.00 75.00 -0.0019556
-70.00 75.00 -0.0010135
-65.00 75.00 -9.06e-05
-60.00 75.00 0.000567
-55.00 75.00 0.0007122
-50.00 75.00 0.0001648
-45.00 75.00 -0.0011269
-40.00 75.00 -0.0030493
-35.00 75.00 -0.0053271
-30.00 75.00 -0.0075723
-25.00 75.00 -0.0093656
-20.00 75.00 -0.0103519
-15.00 75.00 -0.0103225
-10.00 75.00 -0.0092631
-5.00 75.00 -0.0073538
0.00 75.00 -0.004924
5.00 75.00 -0.0023753
10.00 75.00 -9.48e-05
15.00 75.00 0.0016214
20.00 75.00 0.0026154
25.00 75.00 0.0028807
30.00 75.00 0.0025426
35.00 75.00 0.0018167
40.00 75.00 0.0009551
45.00 75.00 0.0001942
50.00 75.00 -0.0002877
55.00 75.00 -0.0003963
60.00 75.00 -0.0001266
65.00 75.00 0.0004488
70.00 75.00 0.0012069
75.00 75.00 0.0020066
80.00 75.00 0.002719
85.00 75.00 0.0032482
90.00 75.00 0.0035401
95.00 75.00 0.0035823
100.00 75.00 0.0033992
105.00 75.00 0.0030463
110.00 75.00 0.0026048
115.00 75.00 0.002176
120.00 75.00 0.0018683
125.00 75.00 0.001778
130.00 75.00 0.0019646
135.00 75.00 0.002429
140.00 75.00 0.0031031
145.00 75.00 0.0038578
150.00 75.00 0.0045293
155.00 75.00 0.0049592
160.00 75.00 0.0050345
165.00 75.00 0.0047174
170.00 75.00 0.0040559
175.00 75.00 0.0031728
180.00 75.00 0.0022352
-180.00 80.00 0.0055106
-175.00 80.00 0.005202
-170.00 80.00 0.0048983
-165.00 80.00 0.0046227
-160.00 80.00 0.0043841
-155.00 80.00 0.0041767
-150.00 80.00 0.0039834
-145.00 80.00 0.0037805
-140.00 80.00 0.0035437
-135.00 80.00 0.0032544
-130.00 80.00 0.0029032
-125.00 80.00 0.0024913
-120.00 80.00 0.0020302
-115.00 80.00 0.0015396
-110.00 80.00 0.0010449
-105.00 80.00 0.0005732
-100.00 80.00 0.0001487
-95.00 80.00 -0.0002113
-90.00 80.00 -0.0004997
-85.00 80.00 -0.0007231
-80.00 80.00 -0.0009036
-75.00 80.00 -0.0010794
-70.00 80.00 -0.0013006
-65.00 80.00 -0.0016227
-60.00 80.00 -0.0020959
-55.00 80.00 -0.0027548
-50.00 80.00 -0.0036074
-45.00 80.00 -0.004627
-40.00 80.00 -0.0057511
-35.00 80.00 -0.0068863
-30.00 80.00 -0.0079216
-25.00 80.00 -0.0087447
-20.00 80.00 -0.0092603
-15.00 80.00 -0.0094059
-10.00 80.00 -0.0091626
-5.00 80.00 -0.0085567
0.00 80.00 -0.0076543
5.00 80.00 -0.0065486
10.00 80.00 -0.0053435
15.00 80.00 -0.0041372
20.00 80.00 -0.0030085
25.00 80.00 -0.0020087
30.00 80.00 -0.0011597
35.00 80.00 -0.0004566
40.00 80.00 0.0001239
45.00 80.00 0.0006135
50.00 80.00 0.0010433
55.00 80.00 0.0014359
60.00 80.00 0.0018028
65.00 80.00 0.0021435
70.00 80.00 0.0024487
75.00 80.00 0.0027043
80.00 80.00 0.0028981
85.00 80.00 0.0030243
90.00 80.00 0.0030865
95.00 80.00 0.003098
100.00 80.00 0.0030813
105.00 80.00 0.0030659
110.00 80.00 0.0030838
115.00 80.00 0.0031645
120.00 80.00 0.0033296
125.00 80.00 0.0035888
130.00 80.00 0.0039374
135.00 80.00 0.0043549
140.00 80.00 0.0048065
145.00 80.00 0.0052481
150.00 80.00 0.005633
155.00 80.00 0.0059203
160.00 80.00 0.0060815
165.00 80.00 0.0061054
170.00 80.00 0.0059998
175.00 80.00 0.0057896
180.00 80.00 0.0055106
-180.00 85.00 0.0030996
-175.00 85.00 0.0030471
-170.00 85.00 0.0029568
-165.00 85.00 0.0028306
-160.00 85.00 0.0026735
-155.00 85.00 0.0024904
-150.00 85.00 0.0022825
-145.00 85.00 0.0020475
-140.00 85.00 0.0017833
-135.00 85.00 0.0014907
-130.00 85.00 0.0011744
-125.00 85.00 0.0008388
-120.00 85.00 0.0004849
-115.00 85.00 0.0001105
-110.00 85.00 -0.0002862
-105.00 85.00 -0.0007035
-100.00 85.00 -0.0011364
-95.00 85.00 -0.0015807
-90.00 85.00 -0.0020364
-85.00 85.00 -0.0025069
-80.00 85.00 -0.0029951
-75.00 85.00 -0.0034999
-70.00 85.00 -0.004016
-65.00 85.00 -0.0045376
-60.00 85.00 -0.0050609
-55.00 85.00 -0.0055832
-50.00 85.00 -0.0060985
-45.00 85.00 -0.0065948
-40.00 85.00 -0.0070551
-35.00 85.00 -0.0074625
-30.00 85.00 -0.0078038
-25.00 85.00 -0.0080698
-20.00 85.00 -0.0082527
-15.00 85.00 -0.0083438
-10.00 85.00 -0.0083357
-5.00 85.00 -0.0082262
0.00 85.00 -0.0080208
5.00 85.00 -0.0077314
10.00 85.00 -0.0073714
15.00 85.00 -0.006953
20.00 85.00 -0.0064863
25.00 85.00 -0.0059826
30.00 85.00 -0.005456
35.00 85.00 -0.0049217
40.00 85.00 -0.0043926
45.00 85.00 -0.0038764
50.00 85.00 -0.0033767
55.00 85.00 -0.0028962
60.00 85.00 -0.0024391
65.00 85.00 -0.0020107
70.00 85.00 -0.0016143
75.00 85.00 -0.0012485
80.00 85.00 -0.0009086
85.00 85.00 -0.0005891
90.00 85.00 -0.000287
95.00 85.00 -1e-06
100.00 85.00 0.0002704
105.00 85.00 0.0005315
110.00 85.00 0.0007883
115.00 85.00 0.0010456
120.00 85.00 0.001304
125.00 85.00 0.0015598
130.00 85.00 0.0018079
135.00 85.00 0.002045
140.00 85.00 0.0022694
145.00 85.00 0.0024791
150.00 85.00 0.0026686
155.00 85.00 0.0028303
160.00 85.00 0.0029571
165.00 85.00 0.003046
170.00 85.00 0.0030982
175.00 85.00 0.0031159
180.00 85.00 0.0030996
-180.00 90.00 -0.003477
-175.00 90.00 -0.003477
-170.00 90.00 -0.003477
-165.00 90.00 -0.003477
-160.00 90.00 -0.003477
-155.00 90.00 -0.003477
-150.00 90.00 -0.003477
-145.00 90.00 -0.003477
-140.00 90.00 -0.003477
-135.00 90.00 -0.003477
-130.00 90.00 -0.003477
-125.00 90.00 -0.003477
-120.00 90.00 -0.003477
-115.00 90.00 -0.003477
-110.00 90.00 -0.003477
-105.00 90.00 -0.003477
-100.00 90.00 -0.003477
-95.00 90.00 -0.003477
-90.00 90.00 -0.003477
-85.00 90.00 -0.003477
-80.00 90.00 -0.003477
-75.00 90.00 -0.003477
-70.00 90.00 -0.003477
-65.00 90.00 -0.003477
-60.00 90.00 -0.003477
-55.00 90.00 -0.003477
-50.00 90.00 -0.003477
-45.00 90.00 -0.003477
-40.00 90.00 -0.003477
-35.00 90.00 -0.003477
-30.00 90.00 -0.003477
-25.00 90.00 -0.003477
-20.00 90.00 -0.003477
-15.00 90.00 -0.003477
-10.00 90.00 -0.003477
-5.00 90.00 -0.003477
0.00 90.00 -0.003477
5.00 90.00 -0.003477
10.00 90.00 -0.003477
15.00 90.00 -0.003477
20.00 90.00 -0.003477
25.00 90.00 -0.003477
30.00 90.00 -0.003477
35.00 90.00 -0.003477
40.00 90.00 -0.003477
45.00 90.00 -0.003477
50.00 90.00 -0.003477
55.00 90.00 -0.003477
60.00 90.00 -0.003477
65.00 90.00 -0.003477
70.00 90.00 -0.003477
75.00 90.00 -0.003477
80.00 90.00 -0.003477
85.00 90.00 -0.003477
90.00 90.00 -0.003477
95.00 90.00 -0.003477
100.00 90.00 -0.003477
105.00 90.00 -0.003477
110.00 90.00 -0.003477
115.00 90.00 -0.003477
120.00 90.00 -0.003477
125.00 90.00 -0.003477
130.00 90.00 -0.003477
135.00 90.00 -0.003477
140.00 90.00 -0.003477
145.00 90.00 -0.003477
150.00 90.00 -0.003477
155.00 90.00 -0.003477
160.00 90.00 -0.003477
165.00 90.00 -0.003477
170.00 90.00 -0.003477
175.00 90.00 -0.003477
180.00 90.00 -0.003477
