-180.00 -90.00 -0.0018172
-175.00 -90.00 -0.0018171
-170.00 -90.00 -0.001817
-165.00 -90.00 -0.0018169
-160.00 -90.00 -0.0018169
-155.00 -90.00 -0.0018169
-150.00 -90.00 -0.0018169
-145.00 -90.00 -0.001817
-140.00 -90.00 -0.001817
-135.00 -90.00 -0.0018171
-130.00 -90.00 -0.0018172
-125.00 -90.00 -0.0018174
-120.00 -90.00 -0.0018175
-115.00 -90.00 -0.0018177
-110.00 -90.00 -0.0018178
-105.00 -90.00 -0.001818
-100.00 -90.00 -0.0018181
-95.00 -90.00 -0.0018183
-90.00 -90.00 -0.0018184
-85.00 -90.00 -0.0018185
-80.00 -90.00 -0.0018186
-75.00 -90.00 -0.0018186
-70.00 -90.00 -0.0018187
-65.00 -90.00 -0.0018187
-60.00 -90.00 -0.0018187
-55.00 -90.00 -0.0018186
-50.00 -90.00 -0.0018185
-45.00 -90.00 -0.0018185
-40.00 -90.00 -0.0018183
-35.00 -90.00 -0.0018182
-30.00 -90.00 -0.0018181
-25.00 -90.00 -0.0018179
-20.00 -90.00 -0.0018178
-15.00 -90.00 -0.0018176
-10.00 -90.00 -0.0018175
-5.00 -90.00 -0.0018173
0.00 -90.00 -0.0018172
5.00 -90.00 -0.0018171
10.00 -90.00 -0.001817
15.00 -90.00 -0.0018169
20.00 -90.00 -0.0018169
25.00 -90.00 -0.0018169
30.00 -90.00 -0.0018169
35.00 -90.00 -0.001817
40.00 -90.00 -0.001817
45.00 -90.00 -0.0018171
50.00 -90.00 -0.0018172
55.00 -90.00 -0.0018174
60.00 -90.00 -0.0018175
65.00 -90.00 -0.0018177
70.00 -90.00 -0.0018178
75.00 -90.00 -0.001818
80.00 -90.00 -0.0018181
85.00 -90.00 -0.0018183
90.00 -90.00 -0.0018184
95.00 -90.00 -0.0018185
100.00 -90.00 -0.0018186
105.00 -90.00 -0.0018186
110.00 -90.00 -0.0018187
115.00 -90.00 -0.0018187
120.00 -90.00 -0.0018187
125.00 -90.00 -0.0018186
130.00 -90.00 -0.0018186
135.00 -90.00 -0.0018185
140.00 -90.00 -0.0018183
145.00 -90.00 -0.0018182
150.00 -90.00 -0.0018181
155.00 -90.00 -0.0018179
160.00 -90.00 -0.0018178
165.00 -90.00 -0.0018176
170.00 -90.00 -0.0018175
175.00 -90.00 -0.0018173
180.00 -90.00 -0.0018172
-180.00 -85.00 -0.0042433
-175.00 -85.00 -0.0040268
-170.00 -85.00 -0.0038184
-165.00 -85.00 -0.0036256
-160.00 -85.00 -0.0034538
-155.00 -85.00 -0.0033068
-150.00 -85.00 -0.003186
-145.00 -85.00 -0.0030907
-140.00 -85.00 -0.0030184
-135.00 -85.00 -0.0029654
-130.00 -85.00 -0.0029274
-125.00 -85.00 -0.0028997
-120.00 -85.00 -0.0028786
-115.00 -85.00 -0.0028607
-110.00 -85.00 -0.0028439
-105.00 -85.00 -0.0028276
-100.00 -85.00 -0.0028122
-95.00 -85.00 -0.0027993
-90.00 -85.00 -0.0027908
-85.00 -85.00 -0.0027882
-80.00 -85.00 -0.0027926
-75.00 -85.00 -0.0028044
-70.00 -85.00 -0.0028232
-65.00 -85.00 -0.0028477
-60.00 -85.00 -0.0028752
-55.00 -85.00 -0.0029016
-50.00 -85.00 -0.0029227
-45.00 -85.00 -0.0029341
-40.00 -85.00 -0.0029322
-35.00 -85.00 -0.0029137
-30.00 -85.00 -0.0028755
-25.00 -85.00 -0.0028154
-20.00 -85.00 -0.0027328
-15.00 -85.00 -0.0026291
-10.00 -85.00 -0.0025068
-5.00 -85.00 -0.0023695
0.00 -85.00 -0.0022215
5.00 -85.00 -0.0020684
10.00 -85.00 -0.0019171
15.00 -85.00 -0.0017754
20.00 -85.00 -0.001651
25.00 -85.00 -0.0015512
30.00 -85.00 -0.0014823
35.00 -85.00 -0.0014504
40.00 -85.00 -0.0014603
45.00 -85.00 -0.0015151
50.00 -85.00 -0.0016157
55.00 -85.00 -0.001761
60.00 -85.00 -0.0019477
65.00 -85.00 -0.0021712
70.00 -85.00 -0.0024256
75.00 -85.00 -0.0027034
80.00 -85.00 -0.0029965
85.00 -85.00 -0.0032969
90.00 -85.00 -0.0035966
95.00 -85.00 -0.0038886
100.00 -85.00 -0.0041664
105.00 -85.00 -0.0044241
110.00 -85.00 -0.004657
115.00 -85.00 -0.0048611
120.00 -85.00 -0.0050332
125.00 -85.00 -0.0051704
130.00 -85.00 -0.00527
135.00 -85.00 -0.00533
140.00 -85.00 -0.0053493
145.00 -85.00 -0.0053276
150.00 -85.00 -0.0052654
155.00 -85.00 -0.0051643
160.00 -85.00 -0.0050276
165.00 -85.00 -0.00486
170.00 -85.00 -0.0046682
175.00 -85.00 -0.0044599
180.00 -85.00 -0.0042433
-180.00 -80.00 -0.0071341
-175.00 -80.00 -0.0066701
-170.00 -80.00 -0.006268
-165.00 -80.00 -0.005987
-160.00 -80.00 -0.0058641
-155.00 -80.00 -0.0059072
-150.00 -80.00 -0.0061045
-145.00 -80.00 -0.0064287
-140.00 -80.00 -0.006832
-135.00 -80.00 -0.0072483
-130.00 -80.00 -0.0076125
-125.00 -80.00 -0.0078752
-120.00 -80.00 -0.0080007
-115.00 -80.00 -0.0079626
-110.00 -80.00 -0.007754
-105.00 -80.00 -0.0073954
-100.00 -80.00 -0.0069257
-95.00 -80.00 -0.0063867
-90.00 -80.00 -0.0058209
-85.00 -80.00 -0.0052769
-80.00 -80.00 -0.0048009
-75.00 -80.00 -0.0044208
-70.00 -80.00 -0.004144
-65.00 -80.00 -0.0039699
-60.00 -80.00 -0.0038934
-55.00 -80.00 -0.0038971
-50.00 -80.00 -0.0039516
-45.00 -80.00 -0.0040302
-40.00 -80.00 -0.0041173
-35.00 -80.00 -0.0041991
-30.00 -80.00 -0.0042563
-25.00 -80.00 -0.0042721
-20.00 -80.00 -0.0042407
-15.00 -80.00 -0.0041594
-10.00 -80.00 -0.0040185
-5.00 -80.00 -0.0038077
0.00 -80.00 -0.0035277
5.00 -80.00 -0.0031882
10.00 -80.00 -0.0027963
15.00 -80.00 -0.0023587
20.00 -80.00 -0.0018941
25.00 -80.00 -0.001434
30.00 -80.00 -0.0010095
35.00 -80.00 -0.0006467
40.00 -80.00 -0.0003758
45.00 -80.00 -0.0002319
50.00 -80.00 -0.0002405
55.00 -80.00 -0.0004071
60.00 -80.00 -0.0007234
65.00 -80.00 -0.0011761
70.00 -80.00 -0.0017399
75.00 -80.00 -0.0023718
80.00 -80.00 -0.0030222
85.00 -80.00 -0.003653
90.00 -80.00 -0.0042382
95.00 -80.00 -0.004757
100.00 -80.00 -0.0051979
105.00 -80.00 -0.0055696
110.00 -80.00 -0.0058975
115.00 -80.00 -0.0062072
120.00 -80.00 -0.0065152
125.00 -80.00 -0.0068354
130.00 -80.00 -0.0071782
135.00 -80.00 -0.007538
140.00 -80.00 -0.007887
145.00 -80.00 -0.0081885
150.00 -80.00 -0.0084103
155.00 -80.00 -0.0085231
160.00 -80.00 -0.0084988
165.00 -80.00 -0.0083232
170.00 -80.00 -0.0080106
175.00 -80.00 -0.0075985
180.00 -80.00 -0.0071341
-180.00 -75.00 -0.0078178
-175.00 -75.00 -0.0070098
-170.00 -75.00 -0.0063185
-165.00 -75.00 -0.0059299
-160.00 -75.00 -0.0059737
-155.00 -75.00 -0.0064962
-150.00 -75.00 -0.0074511
-145.00 -75.00 -0.0087114
-140.00 -75.00 -0.0100985
-135.00 -75.00 -0.0114194
-130.00 -75.00 -0.0124998
-125.00 -75.00 -0.0132071
-120.00 -75.00 -0.0134612
-115.00 -75.00 -0.0132341
-110.00 -75.00 -0.0125423
-105.00 -75.00 -0.0114411
-100.00 -75.00 -0.0100199
-95.00 -75.00 -0.0083959
-90.00 -75.00 -0.0067035
-85.00 -75.00 -0.0050795
-80.00 -75.00 -0.0036427
-75.00 -75.00 -0.0024735
-70.00 -75.00 -0.0016009
-65.00 -75.00 -0.0010045
-60.00 -75.00 -0.0006281
-55.00 -75.00 -0.0004024
-50.00 -75.00 -0.0002701
-45.00 -75.00 -0.0002033
-40.00 -75.00 -0.0002065
-35.00 -75.00 -0.000306
-30.00 -75.00 -0.0005321
-25.00 -75.00 -0.0009002
-20.00 -75.00 -0.0013989
-15.00 -75.00 -0.0019886
-10.00 -75.00 -0.0026115
-5.00 -75.00 -0.0032037
0.00 -75.00 -0.0037056
5.00 -75.00 -0.0040683
10.00 -75.00 -0.0042532
15.00 -75.00 -0.0042299
20.00 -75.00 -0.0039783
25.00 -75.00 -0.0034951
30.00 -75.00 -0.0028037
35.00 -75.00 -0.0019614
40.00 -75.00 -0.0010605
45.00 -75.00 -0.0002191
50.00 -75.00 0.0004386
55.00 -75.00 0.0008072
60.00 -75.00 0.000822
65.00 -75.00 0.0004762
70.00 -75.00 -0.0001742
75.00 -75.00 -0.0010183
80.00 -75.00 -0.0019114
85.00 -75.00 -0.0027042
90.00 -75.00 -0.0032734
95.00 -75.00 -0.0035499
100.00 -75.00 -0.0035327
105.00 -75.00 -0.0032876
110.00 -75.00 -0.0029303
115.00 -75.00 -0.0026013
120.00 -75.00 -0.0024352
125.00 -75.00 -0.0025348
130.00 -75.00 -0.0029543
135.00 -75.00 -0.0036912
140.00 -75.00 -0.0046864
145.00 -75.00 -0.0058326
150.00 -75.00 -0.0069892
155.00 -75.00 -0.0080029
160.00 -75.00 -0.0087325
165.00 -75.00 -0.0090768
170.00 -75.00 -0.0089988
175.00 -75.00 -0.0085399
180.00 -75.00 -0.0078178
-180.00 -70.00 -0.007568
-175.00 -70.00 -0.0062606
-170.00 -70.00 -0.0049576
-165.00 -70.00 -0.0040507
-160.00 -70.00 -0.0038296
-155.00 -70.00 -0.0043994
-150.00 -70.00 -0.0056538
-145.00 -70.00 -0.0073164
-140.00 -70.00 -0.0090367
-135.00 -70.00 -0.0105022
-130.00 -70.00 -0.0115225
-125.00 -70.00 -0.0120507
-120.00 -70.00 -0.0121397
-115.00 -70.00 -0.0118669
-110.00 -70.00 -0.011271
-105.00 -70.00 -0.0103379
-100.00 -70.00 -0.0090388
-95.00 -70.00 -0.0073918
-90.00 -70.00 -0.0055072
-85.00 -70.00 -0.0035837
-80.00 -70.00 -0.0018535
-75.00 -70.00 -0.0004996
-70.00 -70.00 0.0004135
-65.00 -70.00 0.0009611
-60.00 -70.00 0.0013195
-55.00 -70.00 0.0016816
-50.00 -70.00 0.002166
-45.00 -70.00 0.0027587
-40.00 -70.00 0.0033146
-35.00 -70.00 0.0036188
-30.00 -70.00 0.0034788
-25.00 -70.00 0.0028076
-20.00 -70.00 0.001659
-15.00 -70.00 0.0002023
-10.00 -70.00 -0.0013497
-5.00 -70.00 -0.0028216
0.00 -70.00 -0.0041239
5.00 -70.00 -0.0052467
10.00 -70.00 -0.0062081
15.00 -70.00 -0.006991
20.00 -70.00 -0.00751
25.00 -70.00 -0.0076303
30.00 -70.00 -0.0072292
35.00 -70.00 -0.006267
40.00 -70.00 -0.004829
45.00 -70.00 -0.0031215
50.00 -70.00 -0.0014266
55.00 -70.00 -3.8e-05
60.00 -70.00 0.0008029
65.00 -70.00 0.0009581
70.00 -70.00 0.000428
75.00 -70.00 -0.0006368
80.00 -70.00 -0.001958
85.00 -70.00 -0.0031896
90.00 -70.00 -0.0040082
95.00 -70.00 -0.0042035
100.00 -70.00 -0.0037368
105.00 -70.00 -0.0027427
110.00 -70.00 -0.0014768
115.00 -70.00 -0.0002329
120.00 -70.00 0.0007343
125.00 -70.00 0.0012535
130.00 -70.00 0.0012421
135.00 -70.00 0.000687
140.00 -70.00 -0.0003749
145.00 -70.00 -0.0018606
150.00 -70.00 -0.0036282
155.00 -70.00 -0.005467
160.00 -70.00 -0.00711
165.00 -70.00 -0.0082811
170.00 -70.00 -0.0087681
175.00 -70.00 -0.0084957
180.00 -70.00 -0.007568
-180.00 -65.00 -0.008303
-175.00 -65.00 -0.0068254
-170.00 -65.00 -0.0049436
-165.00 -65.00 -0.0032668
-160.00 -65.00 -0.0023196
-155.00 -65.00 -0.0023486
-150.00 -65.00 -0.0032189
-145.00 -65.00 -0.0044661
-140.00 -65.00 -0.0055073
-135.00 -65.00 -0.0059247
-130.00 -65.00 -0.0056729
-125.00 -65.00 -0.0050832
-120.00 -65.00 -0.0046546
-115.00 -65.00 -0.0047504
-110.00 -65.00 -0.0053834
-105.00 -65.00 -0.0062084
-100.00 -65.00 -0.0067174
-95.00 -65.00 -0.0065133
-90.00 -65.00 -0.005513
-85.00 -65.00 -0.0039822
-80.00 -65.00 -0.0023986
-75.00 -65.00 -0.0012232
-70.00 -65.00 -0.0006905
-65.00 -65.00 -0.000718
-60.00 -65.00 -0.0009717
-55.00 -65.00 -0.0010507
-50.00 -65.00 -0.0007003
-45.00 -65.00 5.25e-05
-40.00 -65.00 0.0009027
-35.00 -65.00 0.0014095
-30.00 -65.00 0.0012075
-25.00 -65.00 0.0001893
-20.00 -65.00 -0.0014281
-15.00 -65.00 -0.0031902
-10.00 -65.00 -0.0046101
-5.00 -65.00 -0.0053975
0.00 -65.00 -0.005595
5.00 -65.00 -0.0055408
10.00 -65.00 -0.005669
15.00 -65.00 -0.0062526
20.00 -65.00 -0.0072413
25.00 -65.00 -0.0082896
30.00 -65.00 -0.0089499
35.00 -65.00 -0.0089008
40.00 -65.00 -0.0080721
45.00 -65.00 -0.0066224
50.00 -65.00 -0.0048331
55.00 -65.00 -0.0030207
60.00 -65.00 -0.0015075
65.00 -65.00 -0.0006072
70.00 -65.00 -0.0005576
75.00 -65.00 -0.0013995
80.00 -65.00 -0.0028804
85.00 -65.00 -0.0044862
90.00 -65.00 -0.0056224
95.00 -65.00 -0.005866
100.00 -65.00 -0.0051467
105.00 -65.00 -0.0037557
110.00 -65.00 -0.0021827
115.00 -65.00 -0.000875
120.00 -65.00 -5.36e-05
125.00 -65.00 0.0003232
130.00 -65.00 0.0004423
135.00 -65.00 0.0004501
140.00 -65.00 0.0003197
145.00 -65.00 -0.0001437
150.00 -65.00 -0.0011628
155.00 -65.00 -0.0028041
160.00 -65.00 -0.0048647
165.00 -65.00 -0.0068996
170.00 -65.00 -0.0083785
175.00 -65.00 -0.0088899
180.00 -65.00 -0.008303
-180.00 -60.00 -0.0096049
-175.00 -60.00 -0.0085284
-170.00 -60.00 -0.0064259
-165.00 -60.00 -0.0040619
-160.00 -60.00 -0.0022696
-155.00 -60.00 -0.0016255
-150.00 -60.00 -0.0021545
-145.00 -60.00 -0.0032557
-140.00 -60.00 -0.0039907
-135.00 -60.00 -0.0036468
-130.00 -60.00 -0.0022323
-125.00 -60.00 -0.0005292
-120.00 -60.00 0.0003799
-115.00 -60.00 -0.0002036
-110.00 -60.00 -0.0021689
-105.00 -60.00 -0.0046866
-100.00 -60.00 -0.0066905
-95.00 -60.00 -0.0074088
-90.00 -60.00 -0.0066624
-85.00 -60.00 -0.0048563
-80.00 -60.00 -0.0027389
-75.00 -60.00 -0.0010612
-70.00 -60.00 -0.0002713
-65.00 -60.00 -0.0003695
-60.00 -60.00 -0.0009876
-55.00 -60.00 -0.0016359
-50.00 -60.00 -0.0019758
-45.00 -60.00 -0.0019746
-40.00 -60.00 -0.0018871
-35.00 -60.00 -0.0020984
-30.00 -60.00 -0.0029126
-25.00 -60.00 -0.0043757
-20.00 -60.00 -0.0061965
-15.00 -60.00 -0.0078075
-10.00 -60.00 -0.0085706
-5.00 -60.00 -0.008077
0.00 -60.00 -0.0064143
5.00 -60.00 -0.0042231
10.00 -60.00 -0.0024351
15.00 -60.00 -0.0017906
20.00 -60.00 -0.0024385
25.00 -60.00 -0.003911
30.00 -60.00 -0.0054944
35.00 -60.00 -0.0066854
40.00 -60.00 -0.0073667
45.00 -60.00 -0.0076123
50.00 -60.00 -0.0073937
55.00 -60.00 -0.0065387
60.00 -60.00 -0.0050021
65.00 -60.00 -0.0031514
70.00 -60.00 -0.001712
75.00 -60.00 -0.001329
80.00 -60.00 -0.0020805
85.00 -60.00 -0.0033517
90.00 -60.00 -0.0041923
95.00 -60.00 -0.0039023
100.00 -60.00 -0.0024477
105.00 -60.00 -0.0004637
110.00 -60.00 0.0011205
115.00 -60.00 0.001603
120.00 -60.00 0.0008938
125.00 -60.00 -0.00044
130.00 -60.00 -0.0015078
135.00 -60.00 -0.0016319
140.00 -60.00 -0.000772
145.00 -60.00 0.0004355
150.00 -60.00 0.0010503
155.00 -60.00 0.0003709
160.00 -60.00 -0.001686
165.00 -60.00 -0.0045651
170.00 -60.00 -0.0073599
175.00 -60.00 -0.0092092
180.00 -60.00 -0.0096049
-180.00 -55.00 -0.0104257
-175.00 -55.00 -0.0099873
-170.00 -55.00 -0.0080395
-165.00 -55.00 -0.0053389
-160.00 -55.00 -0.0029175
-155.00 -55.00 -0.00174
-150.00 -55.00 -0.0022058
-145.00 -55.00 -0.0037804
-140.00 -55.00 -0.0051895
-135.00 -55.00 -0.0052626
-130.00 -55.00 -0.0038595
-125.00 -55.00 -0.0020485
-120.00 -55.00 -0.001291
-115.00 -55.00 -0.0023086
-110.00 -55.00 -0.0046084
-105.00 -55.00 -0.0069725
-100.00 -55.00 -0.0083282
-95.00 -55.00 -0.0082381
-90.00 -55.00 -0.0068323
-85.00 -55.00 -0.0045412
-80.00 -55.00 -0.0019326
-75.00 -55.00 0.0004007
-70.00 -55.00 0.0020303
-65.00 -55.00 0.0028595
-60.00 -55.00 0.0030765
-55.00 -55.00 0.0029169
-50.00 -55.00 0.0024755
-45.00 -55.00 0.001727
-40.00 -55.00 0.0006731
-35.00 -55.00 -0.0005675
-30.00 -55.00 -0.0018169
-25.00 -55.00 -0.0029781
-20.00 -55.00 -0.0041025
-15.00 -55.00 -0.0052656
-10.00 -55.00 -0.0063149
-5.00 -55.00 -0.0067721
0.00 -55.00 -0.0061295
5.00 -55.00 -0.0043792
10.00 -55.00 -0.0022432
15.00 -55.00 -0.0007505
20.00 -55.00 -0.0004715
25.00 -55.00 -0.0011547
30.00 -55.00 -0.0021409
35.00 -55.00 -0.0030975
40.00 -55.00 -0.0042512
45.00 -55.00 -0.005852
50.00 -55.00 -0.0074922
55.00 -55.00 -0.0081312
60.00 -55.00 -0.0069475
65.00 -55.00 -0.0042143
70.00 -55.00 -0.0012825
75.00 -55.00 0.0004028
80.00 -55.00 0.0003861
85.00 -55.00 -0.0005385
90.00 -55.00 -0.0010229
95.00 -55.00 -0.0001412
100.00 -55.00 0.0020756
105.00 -55.00 0.0047392
110.00 -55.00 0.0065922
115.00 -55.00 0.0066126
120.00 -55.00 0.0045684
125.00 -55.00 0.0012847
130.00 -55.00 -0.0016642
135.00 -55.00 -0.0028275
140.00 -55.00 -0.0017942
145.00 -55.00 0.0005327
150.00 -55.00 0.002523
155.00 -55.00 0.0028095
160.00 -55.00 0.0009804
165.00 -55.00 -0.002375
170.00 -55.00 -0.0061066
175.00 -55.00 -0.0090518
180.00 -55.00 -0.0104257
-180.00 -50.00 -0.0095971
-175.00 -50.00 -0.0097718
-170.00 -50.00 -0.0084509
-165.00 -50.00 -0.0063121
-160.00 -50.00 -0.0042069
-155.00 -50.00 -0.0030073
-150.00 -50.00 -0.0032957
-145.00 -50.00 -0.0048317
-140.00 -50.00 -0.0064207
-135.00 -50.00 -0.0067669
-130.00 -50.00 -0.0057459
-125.00 -50.00 -0.0046775
-120.00 -50.00 -0.0050519
-115.00 -50.00 -0.0069704
-110.00 -50.00 -0.009041
-105.00 -50.00 -0.0098228
-100.00 -50.00 -0.0091181
-95.00 -50.00 -0.0077295
-90.00 -50.00 -0.0062745
-85.00 -50.00 -0.0046531
-80.00 -50.00 -0.0026253
-75.00 -50.00 -0.0004299
-70.00 -50.00 0.0014393
-65.00 -50.00 0.0028295
-60.00 -50.00 0.0039685
-55.00 -50.00 0.004957
-50.00 -50.00 0.0054889
-45.00 -50.00 0.0051658
-40.00 -50.00 0.0039864
-35.00 -50.00 0.0024982
-30.00 -50.00 0.0015042
-25.00 -50.00 0.0014843
-20.00 -50.00 0.0020587
-15.00 -50.00 0.0020317
-10.00 -50.00 0.0003158
-5.00 -50.00 -0.0029054
0.00 -50.00 -0.0060312
5.00 -50.00 -0.0073327
10.00 -50.00 -0.0064749
15.00 -50.00 -0.0046676
20.00 -50.00 -0.0033332
25.00 -50.00 -0.0028298
30.00 -50.00 -0.0025903
35.00 -50.00 -0.0022892
40.00 -50.00 -0.0024697
45.00 -50.00 -0.0038137
50.00 -50.00 -0.0059519
55.00 -50.00 -0.0073461
60.00 -50.00 -0.0065926
65.00 -50.00 -0.0038353
70.00 -50.00 -0.0007505
75.00 -50.00 0.0009267
80.00 -50.00 0.0008199
85.00 -50.00 -7.75e-05
90.00 -50.00 -0.0005299
95.00 -50.00 3.14e-05
100.00 -50.00 0.0015332
105.00 -50.00 0.0036355
110.00 -50.00 0.005703
115.00 -50.00 0.0066415
120.00 -50.00 0.0053935
125.00 -50.00 0.0020015
130.00 -50.00 -0.0019403
135.00 -50.00 -0.0042543
140.00 -50.00 -0.0038269
145.00 -50.00 -0.0013793
150.00 -50.00 0.0012529
155.00 -50.00 0.0024524
160.00 -50.00 0.0015887
165.00 -50.00 -0.0010287
170.00 -50.00 -0.0045043
175.00 -50.00 -0.0076934
180.00 -50.00 -0.0095971
-180.00 -45.00 -0.0056634
-175.00 -45.00 -0.0065618
-170.00 -45.00 -0.0062804
-165.00 -45.00 -0.0057799
-160.00 -45.00 -0.0054562
-155.00 -45.00 -0.0052198
-150.00 -45.00 -0.0051902
-145.00 -45.00 -0.005562
-140.00 -45.00 -0.0059097
-135.00 -45.00 -0.0054591
-130.00 -45.00 -0.0043995
-125.00 -45.00 -0.0042741
-120.00 -45.00 -0.0063102
-115.00 -45.00 -0.0095247
-110.00 -45.00 -0.0113237
-105.00 -45.00 -0.0102995
-100.00 -45.00 -0.0077973
-95.00 -45.00 -0.0061443
-90.00 -45.00 -0.0058166
-85.00 -45.00 -0.0052506
-80.00 -45.00 -0.0033223
-75.00 -45.00 -0.0009298
-70.00 -45.00 0.0003347
-65.00 -45.00 0.0002673
-60.00 -45.00 5.71e-05
-55.00 -45.00 0.0006364
-50.00 -45.00 0.0017802
-45.00 -45.00 0.002686
-40.00 -45.00 0.0027947
-35.00 -45.00 0.0020998
-30.00 -45.00 0.0012514
-25.00 -45.00 0.0013166
-20.00 -45.00 0.002693
-15.00 -45.00 0.0040498
-10.00 -45.00 0.0031046
-5.00 -45.00 -0.000907
0.00 -45.00 -0.0058684
5.00 -45.00 -0.0085341
10.00 -45.00 -0.0076613
15.00 -45.00 -0.0049925
20.00 -45.00 -0.0031487
25.00 -45.00 -0.003051
30.00 -45.00 -0.0036556
35.00 -45.00 -0.0037875
40.00 -45.00 -0.0036089
45.00 -45.00 -0.0041235
50.00 -45.00 -0.005604
55.00 -45.00 -0.0069783
60.00 -45.00 -0.0069322
65.00 -45.00 -0.005397
70.00 -45.00 -0.0036071
75.00 -45.00 -0.0026617
80.00 -45.00 -0.002419
85.00 -45.00 -0.0021052
90.00 -45.00 -0.0016559
95.00 -45.00 -0.001753
100.00 -45.00 -0.0024335
105.00 -45.00 -0.002431
110.00 -45.00 -0.0006173
115.00 -45.00 0.0021362
120.00 -45.00 0.0033449
125.00 -45.00 0.0014792
130.00 -45.00 -0.0022777
135.00 -45.00 -0.0051908
140.00 -45.00 -0.0055994
145.00 -45.00 -0.0039782
150.00 -45.00 -0.0017111
155.00 -45.00 0.0003181
160.00 -45.00 0.0016514
165.00 -45.00 0.001623
170.00 -45.00 -0.0002311
175.00 -45.00 -0.0032044
180.00 -45.00 -0.0056634
-180.00 -40.00 -0.0003077
-175.00 -40.00 -0.0021563
-170.00 -40.00 -0.0026773
-165.00 -40.00 -0.0037285
-160.00 -40.00 -0.0054636
-155.00 -40.00 -0.0064506
-150.00 -40.00 -0.0060189
-145.00 -40.00 -0.0049826
-140.00 -40.00 -0.0041129
-135.00 -40.00 -0.0032735
-130.00 -40.00 -0.0025768
-125.00 -40.00 -0.003251
-120.00 -40.00 -0.0061032
-115.00 -40.00 -0.0094537
-110.00 -40.00 -0.0101469
-105.00 -40.00 -0.0073104
-100.00 -40.00 -0.0039194
-95.00 -40.00 -0.0032833
-90.00 -40.00 -0.0046864
-85.00 -40.00 -0.0043501
-80.00 -40.00 -0.0007078
-75.00 -40.00 0.0033045
-70.00 -40.00 0.0040131
-65.00 -40.00 0.0013424
-60.00 -40.00 -0.0018598
-55.00 -40.00 -0.0034291
-50.00 -40.00 -0.0032046
-45.00 -40.00 -0.001783
-40.00 -40.00 3.27e-05
-35.00 -40.00 0.0008638
-30.00 -40.00 -0.0002146
-25.00 -40.00 -0.0020189
-20.00 -40.00 -0.0022591
-15.00 -40.00 -0.0007213
-10.00 -40.00 2.78e-05
-5.00 -40.00 -0.0019553
0.00 -40.00 -0.0050207
5.00 -40.00 -0.0056692
10.00 -40.00 -0.0028159
15.00 -40.00 0.0009049
20.00 -40.00 0.0021271
25.00 -40.00 0.0001073
30.00 -40.00 -0.0031668
35.00 -40.00 -0.0054495
40.00 -40.00 -0.0062212
45.00 -40.00 -0.0065048
50.00 -40.00 -0.0073212
55.00 -40.00 -0.0085732
60.00 -40.00 -0.0093621
65.00 -40.00 -0.0091537
70.00 -40.00 -0.0082587
75.00 -40.00 -0.0070403
80.00 -40.00 -0.0052151
85.00 -40.00 -0.0026552
90.00 -40.00 -0.0005901
95.00 -40.00 -0.0008139
100.00 -40.00 -0.0032046
105.00 -40.00 -0.0050198
110.00 -40.00 -0.0037202
115.00 -40.00 -0.0001436
120.00 -40.00 0.0022245
125.00 -40.00 0.0012424
130.00 -40.00 -0.0016267
135.00 -40.00 -0.003508
140.00 -40.00 -0.0035902
145.00 -40.00 -0.0032276
150.00 -40.00 -0.0029998
155.00 -40.00 -0.0014732
160.00 -40.00 0.0022289
165.00 -40.00 0.005977
170.00 -40.00 0.0065052
175.00 -40.00 0.0034244
180.00 -40.00 -0.0003076
-180.00 -35.00 0.001587
-175.00 -35.00 -0.0010923
-170.00 -35.00 -0.0015765
-165.00 -35.00 -0.0026609
-160.00 -35.00 -0.0046948
-155.00 -35.00 -0.0056473
-150.00 -35.00 -0.0046988
-145.00 -35.00 -0.0033247
-140.00 -35.00 -0.0029572
-135.00 -35.00 -0.0033652
-130.00 -35.00 -0.0038149
-125.00 -35.00 -0.0046039
-120.00 -35.00 -0.0062946
-115.00 -35.00 -0.0077509
-110.00 -35.00 -0.0065781
-105.00 -35.00 -0.0025601
-100.00 -35.00 0.0007124
-95.00 -35.00 -0.0001412
-90.00 -35.00 -0.0032036
-85.00 -35.00 -0.0030548
-80.00 -35.00 0.0019242
-75.00 -35.00 0.0070771
-70.00 -35.00 0.0075742
-65.00 -35.00 0.0040782
-60.00 -35.00 0.0003748
-55.00 -35.00 -0.001848
-50.00 -35.00 -0.0030147
-45.00 -35.00 -0.002707
-40.00 -35.00 -0.0003775
-35.00 -35.00 0.0019458
-30.00 -35.00 0.0012799
-25.00 -35.00 -0.0019228
-20.00 -35.00 -0.0040537
-15.00 -35.00 -0.0034916
-10.00 -35.00 -0.0026343
-5.00 -35.00 -0.0037173
0.00 -35.00 -0.0051038
5.00 -35.00 -0.0036727
10.00 -35.00 0.0005178
15.00 -35.00 0.0039967
20.00 -35.00 0.003895
25.00 -35.00 0.0006385
30.00 -35.00 -0.0033025
35.00 -35.00 -0.0060129
40.00 -35.00 -0.0071803
45.00 -35.00 -0.0076041
50.00 -35.00 -0.0082847
55.00 -35.00 -0.0095044
60.00 -35.00 -0.0104241
65.00 -35.00 -0.0099342
70.00 -35.00 -0.0079823
75.00 -35.00 -0.0055101
80.00 -35.00 -0.00313
85.00 -35.00 -0.0008338
90.00 -35.00 0.0008381
95.00 -35.00 0.0007018
100.00 -35.00 -0.0011782
105.00 -35.00 -0.0026679
110.00 -35.00 -0.0019458
115.00 -35.00 -7.62e-05
120.00 -35.00 0.0002741
125.00 -35.00 -0.0013833
130.00 -35.00 -0.0024193
135.00 -35.00 -0.0007409
140.00 -35.00 0.0017955
145.00 -35.00 0.0014562
150.00 -35.00 -0.0018506
155.00 -35.00 -0.003348
160.00 -35.00 0.0006956
165.00 -35.00 0.0073902
170.00 -35.00 0.0101799
175.00 -35.00 0.00684
180.00 -35.00 0.0015871
-180.00 -30.00 -0.0007724
-175.00 -30.00 -0.0035832
-170.00 -30.00 -0.0035548
-165.00 -30.00 -0.0034653
-160.00 -30.00 -0.0039494
-155.00 -30.00 -0.003825
-150.00 -30.00 -0.003205
-145.00 -30.00 -0.0034269
-140.00 -30.00 -0.0048423
-135.00 -30.00 -0.0063943
-130.00 -30.00 -0.0069681
-125.00 -30.00 -0.0064546
-120.00 -30.00 -0.0056502
-115.00 -30.00 -0.0049946
-110.00 -30.00 -0.003621
-105.00 -30.00 -0.0009283
-100.00 -30.00 0.0011437
-95.00 -30.00 3.7e-06
-90.00 -30.00 -0.0029954
-85.00 -30.00 -0.0032274
-80.00 -30.00 0.0006432
-75.00 -30.00 0.0044088
-70.00 -30.00 0.004575
-65.00 -30.00 0.0030288
-60.00 -30.00 0.0027541
-55.00 -30.00 0.0027635
-50.00 -30.00 0.00105
-45.00 -30.00 -0.0006563
-40.00 -30.00 0.0004321
-35.00 -30.00 0.0029032
-30.00 -30.00 0.0031274
-25.00 -30.00 0.0011595
-20.00 -30.00 0.0001709
-15.00 -30.00 0.0006009
-10.00 -30.00 -0.0005923
-5.00 -30.00 -0.0043066
0.00 -30.00 -0.0069599
5.00 -30.00 -0.0054401
10.00 -30.00 -0.0015549
15.00 -30.00 0.0005013
20.00 -30.00 -0.0006398
25.00 -30.00 -0.00287
30.00 -30.00 -0.0041341
35.00 -30.00 -0.0045049
40.00 -30.00 -0.0049104
45.00 -30.00 -0.0056644
50.00 -30.00 -0.006712
55.00 -30.00 -0.0078435
60.00 -30.00 -0.0079995
65.00 -30.00 -0.0057901
70.00 -30.00 -0.0016954
75.00 -30.00 0.0015043
80.00 -30.00 0.0017078
85.00 -30.00 -8.1e-05
90.00 -30.00 -0.0013954
95.00 -30.00 -0.0013079
100.00 -30.00 -0.000605
105.00 -30.00 -7.41e-05
110.00 -30.00 -0.0001192
115.00 -30.00 -0.0013425
120.00 -30.00 -0.0038327
125.00 -30.00 -0.0058413
130.00 -30.00 -0.0045909
135.00 -30.00 0.0004875
140.00 -30.00 0.0055974
145.00 -30.00 0.0053882
150.00 -30.00 -0.0006652
155.00 -30.00 -0.006089
160.00 -30.00 -0.0043228
165.00 -30.00 0.0028497
170.00 -30.00 0.007249
175.00 -30.00 0.0046745
180.00 -30.00 -0.0007723
-180.00 -25.00 -0.0022489
-175.00 -25.00 -0.0046172
-170.00 -25.00 -0.004562
-165.00 -25.00 -0.0036849
-160.00 -25.00 -0.0026798
-155.00 -25.00 -0.0022837
-150.00 -25.00 -0.0039618
-145.00 -25.00 -0.0073585
-140.00 -25.00 -0.009895
-135.00 -25.00 -0.0099876
-130.00 -25.00 -0.0082092
-125.00 -25.00 -0.0054868
-120.00 -25.00 -0.0028348
-115.00 -25.00 -0.0019329
-110.00 -25.00 -0.0031759
-105.00 -25.00 -0.0044433
-100.00 -25.00 -0.0041601
-95.00 -25.00 -0.0035169
-90.00 -25.00 -0.0035111
-85.00 -25.00 -0.0027443
-80.00 -25.00 -0.0005682
-75.00 -25.00 0.000988
-70.00 -25.00 0.0010411
-65.00 -25.00 0.001901
-60.00 -25.00 0.0044914
-55.00 -25.00 0.0056822
-50.00 -25.00 0.0034188
-45.00 -25.00 0.0006297
-40.00 -25.00 0.0004889
-35.00 -25.00 0.0015489
-30.00 -25.00 0.0014358
-25.00 -25.00 0.0016749
-20.00 -25.00 0.0041887
-15.00 -25.00 0.0059789
-10.00 -25.00 0.002651
-5.00 -25.00 -0.0041857
0.00 -25.00 -0.0080751
5.00 -25.00 -0.0061803
10.00 -25.00 -0.0024704
15.00 -25.00 -0.0017329
20.00 -25.00 -0.0037254
25.00 -25.00 -0.0048946
30.00 -25.00 -0.0037368
35.00 -25.00 -0.0021596
40.00 -25.00 -0.0021701
45.00 -25.00 -0.0034659
50.00 -25.00 -0.0047899
55.00 -25.00 -0.005623
60.00 -25.00 -0.0052967
65.00 -25.00 -0.0024606
70.00 -25.00 0.0023983
75.00 -25.00 0.0054985
80.00 -25.00 0.0035751
85.00 -25.00 -0.0016216
90.00 -25.00 -0.0050752
95.00 -25.00 -0.0042625
100.00 -25.00 -0.0012107
105.00 -25.00 0.0006249
110.00 -25.00 -0.0002268
115.00 -25.00 -0.0026795
120.00 -25.00 -0.0046161
125.00 -25.00 -0.0046761
130.00 -25.00 -0.0027034
135.00 -25.00 0.000841
140.00 -25.00 0.0043354
145.00 -25.00 0.0043505
150.00 -25.00 -0.0010754
155.00 -25.00 -0.0078732
160.00 -25.00 -0.0089294
165.00 -25.00 -0.0032933
170.00 -25.00 0.0020561
175.00 -25.00 0.001619
180.00 -25.00 -0.0022489
-180.00 -20.00 -0.0007773
-175.00 -20.00 -0.003013
-170.00 -20.00 -0.0035636
-165.00 -20.00 -0.0027584
-160.00 -20.00 -0.0013519
-155.00 -20.00 -0.0018502
-150.00 -20.00 -0.0064412
-145.00 -20.00 -0.0123395
-140.00 -20.00 -0.0140965
-135.00 -20.00 -0.0107591
-130.00 -20.00 -0.0059792
-125.00 -20.00 -0.0021161
-120.00 -20.00 0.0005848
-115.00 -20.00 0.0006889
-110.00 -20.00 -0.0028975
-105.00 -20.00 -0.0073493
-100.00 -20.00 -0.0086215
-95.00 -20.00 -0.0064703
-90.00 -20.00 -0.0033872
-85.00 -20.00 -0.0006587
-80.00 -20.00 0.0016224
-75.00 -20.00 0.0031528
-70.00 -20.00 0.0043848
-65.00 -20.00 0.0062071
-60.00 -20.00 0.0072708
-55.00 -20.00 0.0051143
-50.00 -20.00 0.0009205
-45.00 -20.00 -0.0011763
-40.00 -20.00 -0.0005377
-35.00 -20.00 -0.000714
-30.00 -20.00 -0.002365
-25.00 -20.00 -0.0013778
-20.00 -20.00 0.0033441
-15.00 -20.00 0.0060284
-10.00 -20.00 0.0020637
-5.00 -20.00 -0.0045601
0.00 -20.00 -0.0064311
5.00 -20.00 -0.0025033
10.00 -20.00 0.0015273
15.00 -20.00 0.0011376
20.00 -20.00 -0.0023044
25.00 -20.00 -0.0045922
30.00 -20.00 -0.0040277
35.00 -20.00 -0.0026357
40.00 -20.00 -0.0026962
45.00 -20.00 -0.0037257
50.00 -20.00 -0.0041003
55.00 -20.00 -0.004082
60.00 -20.00 -0.0046018
65.00 -20.00 -0.004305
70.00 -20.00 -0.0014945
75.00 -20.00 0.0017025
80.00 -20.00 0.0012815
85.00 -20.00 -0.002592
90.00 -20.00 -0.0053947
95.00 -20.00 -0.0043722
100.00 -20.00 -0.0015949
105.00 -20.00 -0.0004685
110.00 -20.00 -0.0014928
115.00 -20.00 -0.002128
120.00 -20.00 -0.0002271
125.00 -20.00 0.0027939
130.00 -20.00 0.003524
135.00 -20.00 0.0016827
140.00 -20.00 0.0005193
145.00 -20.00 0.0006453
150.00 -20.00 -0.0016673
155.00 -20.00 -0.0070555
160.00 -20.00 -0.0096985
165.00 -20.00 -0.0058107
170.00 -20.00 -6.7e-06
175.00 -20.00 0.001547
180.00 -20.00 -0.0007773
-180.00 -15.00 -0.0009523
-175.00 -15.00 -0.0033172
-170.00 -15.00 -0.0039594
-165.00 -15.00 -0.0030564
-160.00 -15.00 -0.0016962
-155.00 -15.00 -0.002762
-150.00 -15.00 -0.0079719
-145.00 -15.00 -0.013375
-140.00 -15.00 -0.0132393
-135.00 -15.00 -0.0079552
-130.00 -15.00 -0.0026766
-125.00 -15.00 0.000244
-120.00 -15.00 0.001888
-115.00 -15.00 0.0020524
-110.00 -15.00 -0.0004164
-105.00 -15.00 -0.0041256
-100.00 -15.00 -0.0063056
-95.00 -15.00 -0.0060852
-90.00 -15.00 -0.0040982
-85.00 -15.00 -0.0008885
-80.00 -15.00 0.0027883
-75.00 -15.00 0.0062102
-70.00 -15.00 0.0094348
-65.00 -15.00 0.0115146
-60.00 -15.00 0.0094931
-55.00 -15.00 0.0027635
-50.00 -15.00 -0.0036111
-45.00 -15.00 -0.004624
-40.00 -15.00 -0.0024809
-35.00 -15.00 -0.0027047
-30.00 -15.00 -0.0049224
-25.00 -15.00 -0.0040166
-20.00 -15.00 0.0002789
-15.00 -15.00 0.0020684
-10.00 -15.00 -0.0013152
-5.00 -15.00 -0.0049228
0.00 -15.00 -0.0035036
5.00 -15.00 0.0015133
10.00 -15.00 0.0047129
15.00 -15.00 0.0031201
20.00 -15.00 -0.0017323
25.00 -15.00 -0.0060189
30.00 -15.00 -0.0071529
35.00 -15.00 -0.0060681
40.00 -15.00 -0.0052854
45.00 -15.00 -0.0048439
50.00 -15.00 -0.0031233
55.00 -15.00 -0.0015398
60.00 -15.00 -0.0034244
65.00 -15.00 -0.0075219
70.00 -15.00 -0.008413
75.00 -15.00 -0.0047716
80.00 -15.00 -0.0014216
85.00 -15.00 -0.0017263
90.00 -15.00 -0.0034369
95.00 -15.00 -0.0035584
100.00 -15.00 -0.0025219
105.00 -15.00 -0.0019974
110.00 -15.00 -0.001825
115.00 -15.00 -0.0003506
120.00 -15.00 0.003161
125.00 -15.00 0.006518
130.00 -15.00 0.0062016
135.00 -15.00 0.0024812
140.00 -15.00 2.21e-05
145.00 -15.00 0.000544
150.00 -15.00 -0.0005194
155.00 -15.00 -0.005671
160.00 -15.00 -0.009422
165.00 -15.00 -0.0065803
170.00 -15.00 -0.000825
175.00 -15.00 0.0011801
180.00 -15.00 -0.0009523
-180.00 -10.00 -0.0047886
-175.00 -10.00 -0.006171
-170.00 -10.00 -0.0057181
-165.00 -10.00 -0.00424
-160.00 -10.00 -0.0030779
-155.00 -10.00 -0.0039577
-150.00 -10.00 -0.0071786
-145.00 -10.00 -0.0097323
-140.00 -10.00 -0.008648
-135.00 -10.00 -0.0050929
-130.00 -10.00 -0.0021199
-125.00 -10.00 -0.0005447
-120.00 -10.00 0.0003856
-115.00 -10.00 0.0009502
-110.00 -10.00 0.0012887
-105.00 -10.00 0.0010982
-100.00 -10.00 -0.0010228
-95.00 -10.00 -0.0048507
-90.00 -10.00 -0.0066537
-85.00 -10.00 -0.0036707
-80.00 -10.00 0.0018319
-75.00 -10.00 0.0063983
-70.00 -10.00 0.0097072
-65.00 -10.00 0.0115378
-60.00 -10.00 0.0091722
-55.00 -10.00 0.002343
-50.00 -10.00 -0.0036943
-45.00 -10.00 -0.0047471
-40.00 -10.00 -0.003414
-35.00 -10.00 -0.0038924
-30.00 -10.00 -0.00507
-25.00 -10.00 -0.0036453
-20.00 -10.00 -0.0008107
-15.00 -10.00 -0.0004689
-10.00 -10.00 -0.0026653
-5.00 -10.00 -0.0036666
0.00 -10.00 -0.0016806
5.00 -10.00 0.0013455
10.00 -10.00 0.0027756
15.00 -10.00 0.0011673
20.00 -10.00 -0.0033648
25.00 -10.00 -0.0081378
30.00 -10.00 -0.0095393
35.00 -10.00 -0.0076687
40.00 -10.00 -0.0059502
45.00 -10.00 -0.0049243
50.00 -10.00 -0.0019617
55.00 -10.00 0.0014634
60.00 -10.00 -0.0001922
65.00 -10.00 -0.0066484
70.00 -10.00 -0.0100997
75.00 -10.00 -0.006707
80.00 -10.00 -0.0019481
85.00 -10.00 -0.0013366
90.00 -10.00 -0.0032081
95.00 -10.00 -0.0035883
100.00 -10.00 -0.0018058
105.00 -10.00 0.0009323
110.00 -10.00 0.0035994
115.00 -10.00 0.0049447
120.00 -10.00 0.0043773
125.00 -10.00 0.0030074
130.00 -10.00 0.0021669
135.00 -10.00 0.0023917
140.00 -10.00 0.0037315
145.00 -10.00 0.0043622
150.00 -10.00 0.0007726
155.00 -10.00 -0.0067319
160.00 -10.00 -0.0117766
165.00 -10.00 -0.00987
170.00 -10.00 -0.0049186
175.00 -10.00 -0.0031473
180.00 -10.00 -0.0047885
-180.00 -5.00 -0.0066919
-175.00 -5.00 -0.006048
-170.00 -5.00 -0.0049597
-165.00 -5.00 -0.0036855
-160.00 -5.00 -0.003265
-155.00 -5.00 -0.004276
-150.00 -5.00 -0.0055712
-145.00 -5.00 -0.0057724
-140.00 -5.00 -0.0055669
-135.00 -5.00 -0.0058977
-130.00 -5.00 -0.0054248
-125.00 -5.00 -0.0033574
-120.00 -5.00 -0.0019984
-115.00 -5.00 -0.0023057
-110.00 -5.00 -0.0013184
-105.00 -5.00 0.0013475
-100.00 -5.00 0.0006338
-95.00 -5.00 -0.0047782
-90.00 -5.00 -0.0076039
-85.00 -5.00 -0.002533
-80.00 -5.00 0.0054628
-75.00 -5.00 0.0093096
-70.00 -5.00 0.0092025
-65.00 -5.00 0.0084858
-60.00 -5.00 0.0071256
-55.00 -5.00 0.0042841
-50.00 -5.00 0.0016171
-45.00 -5.00 0.0001619
-40.00 -5.00 -0.0014131
-35.00 -5.00 -0.0032774
-30.00 -5.00 -0.0034837
-25.00 -5.00 -0.0017865
-20.00 -5.00 -0.0004791
-15.00 -5.00 -0.0006865
-10.00 -5.00 -0.0012458
-5.00 -5.00 -0.001519
0.00 -5.00 -0.002032
5.00 -5.00 -0.0022675
10.00 -5.00 -0.0013121
15.00 -5.00 -0.0008111
20.00 -5.00 -0.0032756
25.00 -5.00 -0.0070603
30.00 -5.00 -0.0078192
35.00 -5.00 -0.0056559
40.00 -5.00 -0.0048841
45.00 -5.00 -0.0056354
50.00 -5.00 -0.0032972
55.00 -5.00 0.0017581
60.00 -5.00 0.0028322
65.00 -5.00 -0.0016499
70.00 -5.00 -0.0047742
75.00 -5.00 -0.0028274
80.00 -5.00 -0.0007936
85.00 -5.00 -0.0024084
90.00 -5.00 -0.003935
95.00 -5.00 -0.0014173
100.00 -5.00 0.0039356
105.00 -5.00 0.0097675
110.00 -5.00 0.0145876
115.00 -5.00 0.0151809
120.00 -5.00 0.0092807
125.00 -5.00 0.0010297
130.00 -5.00 -0.0023728
135.00 -5.00 0.0006211
140.00 -5.00 0.0047514
145.00 -5.00 0.0044511
150.00 -5.00 -0.0012934
155.00 -5.00 -0.0089809
160.00 -5.00 -0.013687
165.00 -5.00 -0.0133254
170.00 -5.00 -0.0102084
175.00 -5.00 -0.0077115
180.00 -5.00 -0.0066919
-180.00 0.00 -0.0023719
-175.00 0.00 -0.0012099
-170.00 0.00 -0.0020317
-165.00 0.00 -0.0022311
-160.00 0.00 -0.0024883
-155.00 0.00 -0.0041648
-150.00 0.00 -0.0054355
-145.00 0.00 -0.0051403
-140.00 0.00 -0.0061113
-135.00 0.00 -0.0091536
-130.00 0.00 -0.0095586
-125.00 0.00 -0.0055954
-120.00 0.00 -0.0030224
-115.00 0.00 -0.0047852
-110.00 0.00 -0.005318
-105.00 0.00 -0.0017855
-100.00 0.00 -0.000335
-95.00 0.00 -0.0037747
-90.00 0.00 -0.0042638
-85.00 0.00 0.0037216
-80.00 0.00 0.0133883
-75.00 0.00 0.0158653
-70.00 0.00 0.0117026
-65.00 0.00 0.0067455
-60.00 0.00 0.004132
-55.00 0.00 0.0039691
-50.00 0.00 0.0048191
-45.00 0.00 0.0039379
-40.00 0.00 0.0005085
-35.00 0.00 -0.0023548
-30.00 0.00 -0.0023553
-25.00 0.00 -0.0015683
-20.00 0.00 -0.0019833
-15.00 0.00 -0.0020248
-10.00 0.00 -0.0008807
-5.00 0.00 -0.0012884
0.00 0.00 -0.0043489
5.00 0.00 -0.0062488
10.00 0.00 -0.0040923
15.00 0.00 -0.0010713
20.00 0.00 -0.0015642
25.00 0.00 -0.0041918
30.00 0.00 -0.0047278
35.00 0.00 -0.0037455
40.00 0.00 -0.0051488
45.00 0.00 -0.0078418
50.00 0.00 -0.0062598
55.00 0.00 -0.0001259
60.00 0.00 0.0042078
65.00 0.00 0.0039577
70.00 0.00 0.0030672
75.00 0.00 0.0032207
80.00 0.00 0.0011332
85.00 0.00 -0.0026918
90.00 0.00 -0.0023161
95.00 0.00 0.003771
100.00 0.00 0.0104371
105.00 0.00 0.0151272
110.00 0.00 0.0195964
115.00 0.00 0.0216974
120.00 0.00 0.016097
125.00 0.00 0.0047842
130.00 0.00 -0.0029394
135.00 0.00 -0.0029955
140.00 0.00 -0.0009177
145.00 0.00 -0.0021909
150.00 0.00 -0.0055871
155.00 0.00 -0.0080502
160.00 0.00 -0.0097517
165.00 0.00 -0.0112801
170.00 0.00 -0.0106164
175.00 0.00 -0.0066242
180.00 0.00 -0.0023719
-180.00 5.00 0.0035097
-175.00 5.00 0.0026249
-170.00 5.00 -0.0012448
-165.00 5.00 -0.0023141
-160.00 5.00 -0.0020047
-155.00 5.00 -0.0042115
-150.00 5.00 -0.0068818
-145.00 5.00 -0.0070839
-140.00 5.00 -0.0077187
-135.00 5.00 -0.0106284
-130.00 5.00 -0.0108291
-125.00 5.00 -0.0059569
-120.00 5.00 -0.0024501
-115.00 5.00 -0.0042685
-110.00 5.00 -0.0055862
-105.00 5.00 -0.0022913
-100.00 5.00 0.0004184
-95.00 5.00 -0.0007685
-90.00 5.00 7.78e-05
-85.00 5.00 0.0072177
-80.00 5.00 0.0151219
-75.00 5.00 0.0169003
-70.00 5.00 0.0125822
-65.00 5.00 0.0060912
-60.00 5.00 0.0010459
-55.00 5.00 -5.59e-05
-50.00 5.00 0.0016643
-45.00 5.00 0.0015895
-40.00 5.00 -0.0016476
-35.00 5.00 -0.0039922
-30.00 5.00 -0.0035304
-25.00 5.00 -0.0034754
-20.00 5.00 -0.0049376
-15.00 5.00 -0.0046582
-10.00 5.00 -0.002484
-5.00 5.00 -0.0028885
0.00 5.00 -0.0065595
5.00 5.00 -0.0081876
10.00 5.00 -0.0050855
15.00 5.00 -0.001307
20.00 5.00 -0.0008039
25.00 5.00 -0.0021306
30.00 5.00 -0.0026371
35.00 5.00 -0.0033607
40.00 5.00 -0.0060838
45.00 5.00 -0.0084036
50.00 5.00 -0.0062519
55.00 5.00 -0.0003201
60.00 5.00 0.0046766
65.00 5.00 0.0068202
70.00 5.00 0.0077929
75.00 5.00 0.007231
80.00 5.00 0.0033054
85.00 5.00 -0.000735
90.00 5.00 0.0010042
95.00 5.00 0.0070167
100.00 5.00 0.0098686
105.00 5.00 0.0087854
110.00 5.00 0.0104391
115.00 5.00 0.0154854
120.00 5.00 0.0156392
125.00 5.00 0.007452
130.00 5.00 -0.001666
135.00 5.00 -0.005223
140.00 5.00 -0.0057424
145.00 5.00 -0.0068467
150.00 5.00 -0.0065578
155.00 5.00 -0.0036968
160.00 5.00 -0.0025919
165.00 5.00 -0.0052828
170.00 5.00 -0.0062496
175.00 5.00 -0.0015251
180.00 5.00 0.0035097
-180.00 10.00 0.0035605
-175.00 10.00 0.0009888
-170.00 10.00 -0.0030253
-165.00 10.00 -0.0026151
-160.00 10.00 -0.0010068
-155.00 10.00 -0.0037351
-150.00 10.00 -0.0081019
-145.00 10.00 -0.0090014
-140.00 10.00 -0.0083524
-135.00 10.00 -0.0094525
-130.00 10.00 -0.0092827
-125.00 10.00 -0.0052121
-120.00 10.00 -0.0016292
-115.00 10.00 -0.0020235
-110.00 10.00 -0.0025614
-105.00 10.00 -9.14e-05
-100.00 10.00 0.0020412
-95.00 10.00 0.0014877
-90.00 10.00 0.0016049
-85.00 10.00 0.0046866
-80.00 10.00 0.0082195
-75.00 10.00 0.0098026
-70.00 10.00 0.0091047
-65.00 10.00 0.0056093
-60.00 10.00 0.000449
-55.00 10.00 -0.0023989
-50.00 10.00 -0.0018998
-45.00 10.00 -0.0021553
-40.00 10.00 -0.0048778
-35.00 10.00 -0.0063757
-30.00 10.00 -0.0051515
-25.00 10.00 -0.0045397
-20.00 10.00 -0.0053856
-15.00 10.00 -0.0045773
-10.00 10.00 -0.0024511
-5.00 10.00 -0.0031051
0.00 10.00 -0.0063392
5.00 10.00 -0.007267
10.00 10.00 -0.004406
15.00 10.00 -0.0012219
20.00 10.00 0.0001526
25.00 10.00 0.0006862
30.00 10.00 0.0004682
35.00 10.00 -0.0017304
40.00 10.00 -0.0048689
45.00 10.00 -0.0056211
50.00 10.00 -0.002664
55.00 10.00 0.0015202
60.00 10.00 0.0041267
65.00 10.00 0.0054436
70.00 10.00 0.0069058
75.00 10.00 0.0073672
80.00 10.00 0.0050191
85.00 10.00 0.0022279
90.00 10.00 0.0030194
95.00 10.00 0.005482
100.00 10.00 0.0036063
105.00 10.00 -0.001918
110.00 10.00 -0.0029888
115.00 10.00 0.0028849
120.00 10.00 0.0075948
125.00 10.00 0.0049052
130.00 10.00 -0.0005753
135.00 10.00 -0.0023211
140.00 10.00 -0.001687
145.00 10.00 -0.0024608
150.00 10.00 -0.0030997
155.00 10.00 -0.001459
160.00 10.00 -0.0006399
165.00 10.00 -0.0028328
170.00 10.00 -0.0035802
175.00 10.00 0.000321
180.00 10.00 0.0035605
-180.00 15.00 -0.002054
-175.00 15.00 -0.0033083
-170.00 15.00 -0.0037546
-165.00 15.00 -0.0010021
-160.00 15.00 0.0007962
-155.00 15.00 -0.0025195
-150.00 15.00 -0.0075821
-145.00 15.00 -0.009204
-140.00 15.00 -0.0084443
-135.00 15.00 -0.0084538
-130.00 15.00 -0.0078792
-125.00 15.00 -0.004756
-120.00 15.00 -0.0014807
-115.00 15.00 -0.0004601
-110.00 15.00 -0.0001087
-105.00 15.00 0.0009968
-100.00 15.00 0.0015194
-95.00 15.00 0.0011918
-90.00 15.00 0.0016301
-85.00 15.00 0.0026263
-80.00 15.00 0.0029527
-75.00 15.00 0.0036314
-70.00 15.00 0.0052723
-65.00 15.00 0.0051793
-60.00 15.00 0.0020626
-55.00 15.00 -0.0007395
-50.00 15.00 -0.0011212
-45.00 15.00 -0.0017474
-40.00 15.00 -0.0041058
-35.00 15.00 -0.0054391
-30.00 15.00 -0.0044848
-25.00 15.00 -0.003572
-20.00 15.00 -0.0032733
-15.00 15.00 -0.0018165
-10.00 15.00 -0.0003496
-5.00 15.00 -0.0018439
0.00 15.00 -0.0049873
5.00 15.00 -0.0056046
10.00 15.00 -0.0031615
15.00 15.00 -0.0003089
20.00 15.00 0.0020213
25.00 15.00 0.0040083
30.00 15.00 0.0039829
35.00 15.00 0.00085
40.00 15.00 -0.0026163
45.00 15.00 -0.0027651
50.00 15.00 0.0001078
55.00 15.00 0.002595
60.00 15.00 0.0028133
65.00 15.00 0.0022869
70.00 15.00 0.0032699
75.00 15.00 0.005345
80.00 15.00 0.0059974
85.00 15.00 0.0045871
90.00 15.00 0.0032382
95.00 15.00 0.0025387
100.00 15.00 -2.94e-05
105.00 15.00 -0.0047086
110.00 15.00 -0.0068023
115.00 15.00 -0.0035129
120.00 15.00 0.0008496
125.00 15.00 0.0015248
130.00 15.00 0.000825
135.00 15.00 0.0030422
140.00 15.00 0.0059814
145.00 15.00 0.0045393
150.00 15.00 -0.0004567
155.00 15.00 -0.0039981
160.00 15.00 -0.0048633
165.00 15.00 -0.0052123
170.00 15.00 -0.0049672
175.00 15.00 -0.0031726
180.00 15.00 -0.002054
-180.00 20.00 -0.0059991
-175.00 20.00 -0.0046541
-170.00 20.00 -0.0019662
-165.00 20.00 0.0008727
-160.00 20.00 0.0013514
-155.00 20.00 -0.0013426
-150.00 20.00 -0.0047105
-145.00 20.00 -0.0065351
-140.00 20.00 -0.0075334
-135.00 20.00 -0.0083986
-130.00 20.00 -0.0076822
-125.00 20.00 -0.0048548
-120.00 20.00 -0.0019314
-115.00 20.00 -0.0003153
-110.00 20.00 0.0005114
-105.00 20.00 0.0006082
-100.00 20.00 -0.0002008
-95.00 20.00 -0.0001466
-90.00 20.00 0.002185
-85.00 20.00 0.0045678
-80.00 20.00 0.0043766
-75.00 20.00 0.0029754
-70.00 20.00 0.0027343
-65.00 20.00 0.002689
-60.00 20.00 0.001251
-55.00 20.00 -0.0002575
-50.00 20.00 -0.0004522
-45.00 20.00 -0.0005998
-40.00 20.00 -0.0017075
-35.00 20.00 -0.0027318
-30.00 20.00 -0.0032734
-25.00 20.00 -0.0039791
-20.00 20.00 -0.0039353
-15.00 20.00 -0.002125
-10.00 20.00 -0.0007877
-5.00 20.00 -0.0025455
0.00 20.00 -0.0054677
5.00 20.00 -0.0056722
10.00 20.00 -0.0030682
15.00 20.00 -0.0002527
20.00 20.00 0.0019398
25.00 20.00 0.0037202
30.00 20.00 0.0037173
35.00 20.00 0.0010012
40.00 20.00 -0.0021331
45.00 20.00 -0.0024963
50.00 20.00 3.03e-05
55.00 20.00 0.0026678
60.00 20.00 0.003099
65.00 20.00 0.0018855
70.00 20.00 0.0017144
75.00 20.00 0.0038797
80.00 20.00 0.006045
85.00 20.00 0.0053128
90.00 20.00 0.002678
95.00 20.00 0.0012814
100.00 20.00 0.0010706
105.00 20.00 -0.0005222
110.00 20.00 -0.0030911
115.00 20.00 -0.0034377
120.00 20.00 -0.0011871
125.00 20.00 0.0009197
130.00 20.00 0.0023429
135.00 20.00 0.004851
140.00 20.00 0.0071154
145.00 20.00 0.0051262
150.00 20.00 -0.0009814
155.00 20.00 -0.0059744
160.00 20.00 -0.0067065
165.00 20.00 -0.005507
170.00 20.00 -0.0053499
175.00 20.00 -0.0060129
180.00 20.00 -0.0059991
-180.00 25.00 -0.0037787
-175.00 25.00 -0.0016491
-170.00 25.00 0.0004536
-165.00 25.00 0.0007411
-160.00 25.00 -0.000106
-155.00 25.00 -0.000496
-150.00 25.00 -0.0004925
-145.00 25.00 -0.0017755
-140.00 25.00 -0.0047639
-135.00 25.00 -0.0071521
-130.00 25.00 -0.0067547
-125.00 25.00 -0.0045088
-120.00 25.00 -0.0026186
-115.00 25.00 -0.001278
-110.00 25.00 0.0001207
-105.00 25.00 0.0004752
-100.00 25.00 -0.0008324
-95.00 25.00 -0.0011587
-90.00 25.00 0.0019105
-85.00 25.00 0.0058898
-80.00 25.00 0.0063075
-75.00 25.00 0.0029255
-70.00 25.00 -0.0006837
-65.00 25.00 -0.0023919
-60.00 25.00 -0.0029391
-55.00 25.00 -0.0033005
-50.00 25.00 -0.0034681
-45.00 25.00 -0.0031927
-40.00 25.00 -0.0025206
-35.00 25.00 -0.0023035
-30.00 25.00 -0.0039275
-25.00 25.00 -0.0069751
-20.00 25.00 -0.0084309
-15.00 25.00 -0.0066585
-10.00 25.00 -0.0043929
-5.00 25.00 -0.0047493
0.00 25.00 -0.0063158
5.00 25.00 -0.0057019
10.00 25.00 -0.0029558
15.00 25.00 -0.0007712
20.00 25.00 9.7e-06
25.00 25.00 0.0005591
30.00 25.00 0.0009353
35.00 25.00 -1.68e-05
40.00 25.00 -0.0020046
45.00 25.00 -0.002786
50.00 25.00 -0.0007264
55.00 25.00 0.002952
60.00 25.00 0.0050827
65.00 25.00 0.0041928
70.00 25.00 0.002563
75.00 25.00 0.0030282
80.00 25.00 0.0045147
85.00 25.00 0.0038099
90.00 25.00 0.0013065
95.00 25.00 0.0006112
100.00 25.00 0.0020243
105.00 25.00 0.0015627
110.00 25.00 -0.0019817
115.00 25.00 -0.0042457
120.00 25.00 -0.0020429
125.00 25.00 0.0018303
130.00 25.00 0.0034155
135.00 25.00 0.002941
140.00 25.00 0.0022924
145.00 25.00 0.0010969
150.00 25.00 -0.0012432
155.00 25.00 -0.0028438
160.00 25.00 -0.0021317
165.00 25.00 -0.0009438
170.00 25.00 -0.0017556
175.00 25.00 -0.0036475
180.00 25.00 -0.0037787
-180.00 30.00 0.0005832
-175.00 30.00 0.0016493
-170.00 30.00 0.0012985
-165.00 30.00 -0.0007078
-160.00 30.00 -0.0018483
-155.00 30.00 -0.0005424
-150.00 30.00 0.0010926
-145.00 30.00 -5e-07
-140.00 30.00 -0.0032983
-135.00 30.00 -0.0053104
-130.00 30.00 -0.0045875
-125.00 30.00 -0.0033484
-120.00 30.00 -0.0033122
-115.00 30.00 -0.0029922
-110.00 30.00 -0.0010996
-105.00 30.00 0.0003403
-100.00 30.00 -0.0006319
-95.00 30.00 -0.0017598
-90.00 30.00 0.0003582
-85.00 30.00 0.0043821
-80.00 30.00 0.0053826
-75.00 30.00 0.0015933
-70.00 30.00 -0.003428
-65.00 30.00 -0.0057688
-60.00 30.00 -0.0055443
-55.00 30.00 -0.0053616
-50.00 30.00 -0.0062135
-45.00 30.00 -0.0064462
-40.00 30.00 -0.0047182
-35.00 30.00 -0.0027622
-30.00 30.00 -0.0036492
-25.00 30.00 -0.0072529
-20.00 30.00 -0.0096416
-15.00 30.00 -0.0081931
-10.00 30.00 -0.0050689
-5.00 30.00 -0.0036472
0.00 30.00 -0.0036922
5.00 30.00 -0.0027574
10.00 30.00 -0.0006683
15.00 30.00 0.0005594
20.00 30.00 0.0004485
25.00 30.00 0.0006765
30.00 30.00 0.0018912
35.00 30.00 0.0023762
40.00 30.00 0.0007876
45.00 30.00 -0.0012768
50.00 30.00 -0.0008991
55.00 30.00 0.0021951
60.00 30.00 0.0048217
65.00 30.00 0.0043899
70.00 30.00 0.0023674
75.00 30.00 0.0017576
80.00 30.00 0.0023434
85.00 30.00 0.0015745
90.00 30.00 -0.0003993
95.00 30.00 -0.0007422
100.00 30.00 0.0005385
105.00 30.00 -0.0002389
110.00 30.00 -0.0039397
115.00 30.00 -0.005866
120.00 30.00 -0.002523
125.00 30.00 0.0026449
130.00 30.00 0.0039586
135.00 30.00 0.001145
140.00 30.00 -0.0014984
145.00 30.00 -0.0015238
150.00 30.00 -0.0001315
155.00 30.00 0.0011762
160.00 30.00 0.0021317
165.00 30.00 0.0023361
170.00 30.00 0.00137
175.00 30.00 0.0002825
180.00 30.00 0.0005832
-180.00 35.00 0.0012085
-175.00 35.00 0.0013024
-170.00 35.00 0.0001988
-165.00 35.00 -0.0015355
-160.00 35.00 -0.0023841
-155.00 35.00 -0.0022072
-150.00 35.00 -0.0028104
-145.00 35.00 -0.0051343
-140.00 35.00 -0.0071719
-135.00 35.00 -0.0064839
-130.00 35.00 -0.004022
-125.00 35.00 -0.0030704
-120.00 35.00 -0.0043528
-115.00 35.00 -0.0048975
-110.00 35.00 -0.0027782
-105.00 35.00 -0.0002772
-100.00 35.00 -0.0001991
-95.00 35.00 -0.0011888
-90.00 35.00 0.0002044
-85.00 35.00 0.0037824
-80.00 35.00 0.0053538
-75.00 35.00 0.0024801
-70.00 35.00 -0.0022126
-65.00 35.00 -0.0046994
-60.00 35.00 -0.0045791
-55.00 35.00 -0.0045921
-50.00 35.00 -0.0060146
-45.00 35.00 -0.0067461
-40.00 35.00 -0.0046629
-35.00 35.00 -0.0012626
-30.00 35.00 -0.0001099
-25.00 35.00 -0.0020261
-20.00 35.00 -0.0039283
-15.00 35.00 -0.0030787
-10.00 35.00 -0.0005287
-5.00 35.00 0.0010023
0.00 35.00 0.001032
5.00 35.00 0.0011747
10.00 35.00 0.0021448
15.00 35.00 0.0031219
20.00 35.00 0.0038333
25.00 35.00 0.0051213
30.00 35.00 0.006896
35.00 35.00 0.0072217
40.00 35.00 0.0046749
45.00 35.00 0.0007848
50.00 35.00 -0.0013127
55.00 35.00 -0.0006179
60.00 35.00 0.0007348
65.00 35.00 0.0007471
70.00 35.00 0.0002713
75.00 35.00 0.001008
80.00 35.00 0.0021427
85.00 35.00 0.0014448
90.00 35.00 -0.0008153
95.00 35.00 -0.0020042
100.00 35.00 -0.0014689
105.00 35.00 -0.0015713
110.00 35.00 -0.0032314
115.00 35.00 -0.003646
120.00 35.00 -0.0007007
125.00 35.00 0.0029116
130.00 35.00 0.0029684
135.00 35.00 -0.0003977
140.00 35.00 -0.0030893
145.00 35.00 -0.0026057
150.00 35.00 -0.0004355
155.00 35.00 0.0009696
160.00 35.00 0.0010891
165.00 35.00 0.0007352
170.00 35.00 0.0005232
175.00 35.00 0.000702
180.00 35.00 0.0012085
-180.00 40.00 -0.000943
-175.00 40.00 -0.0009428
-170.00 40.00 -0.0005577
-165.00 40.00 -0.0001186
-160.00 40.00 -0.0005445
-155.00 40.00 -0.0029208
-150.00 40.00 -0.0072609
-145.00 40.00 -0.0114713
-140.00 40.00 -0.0125691
-135.00 40.00 -0.0098617
-130.00 40.00 -0.0062642
-125.00 40.00 -0.0051949
-120.00 40.00 -0.006437
-115.00 40.00 -0.0066018
-110.00 40.00 -0.0038551
-105.00 40.00 -0.0003506
-100.00 40.00 0.0010637
-95.00 40.00 0.0009296
-90.00 40.00 0.0020251
-85.00 40.00 0.004844
-80.00 40.00 0.0065193
-75.00 40.00 0.0047118
-70.00 40.00 0.0007499
-65.00 40.00 -0.0022811
-60.00 40.00 -0.0034288
-55.00 40.00 -0.0042612
-50.00 40.00 -0.0056974
-45.00 40.00 -0.0062332
-40.00 40.00 -0.0041602
-35.00 40.00 -0.0004385
-30.00 40.00 0.0020848
-25.00 40.00 0.0021256
-20.00 40.00 0.0012695
-15.00 40.00 0.0014952
-10.00 40.00 0.0026405
-5.00 40.00 0.0031993
0.00 40.00 0.0027503
5.00 40.00 0.0023876
10.00 40.00 0.0030624
15.00 40.00 0.0046334
20.00 40.00 0.0065559
25.00 40.00 0.008426
30.00 40.00 0.0094837
35.00 40.00 0.008535
40.00 40.00 0.0052204
45.00 40.00 0.0009769
50.00 40.00 -0.0021113
55.00 40.00 -0.0033714
60.00 40.00 -0.0036676
65.00 40.00 -0.0034553
70.00 40.00 -0.0019292
75.00 40.00 0.0011001
80.00 40.00 0.0035718
85.00 40.00 0.0030307
90.00 40.00 -0.0001246
95.00 40.00 -0.0028397
100.00 40.00 -0.0030492
105.00 40.00 -0.0016022
110.00 40.00 -0.0001503
115.00 40.00 0.0010933
120.00 40.00 0.0023398
125.00 40.00 0.0025202
130.00 40.00 0.0004902
135.00 40.00 -0.0026602
140.00 40.00 -0.0043135
145.00 40.00 -0.0034015
150.00 40.00 -0.0014363
155.00 40.00 -0.0003063
160.00 40.00 -0.0002648
165.00 40.00 -0.0004947
170.00 40.00 -0.0005901
175.00 40.00 -0.0007283
180.00 40.00 -0.000943
-180.00 45.00 -0.0015126
-175.00 45.00 -0.001224
-170.00 45.00 0.0008649
-165.00 45.00 0.0033188
-160.00 45.00 0.003751
-155.00 45.00 0.0007429
-150.00 45.00 -0.0046387
-145.00 45.00 -0.0093175
-140.00 45.00 -0.0107288
-135.00 45.00 -0.0091999
-130.00 45.00 -0.0075156
-125.00 45.00 -0.0077402
-120.00 45.00 -0.008808
-115.00 45.00 -0.0079131
-110.00 45.00 -0.0041315
-105.00 45.00 0.0002921
-100.00 45.00 0.0026315
-95.00 45.00 0.0027731
-90.00 45.00 0.002763
-85.00 45.00 0.0037491
-80.00 45.00 0.004576
-75.00 45.00 0.0036342
-70.00 45.00 0.0010723
-65.00 45.00 -0.0015827
-60.00 45.00 -0.0034395
-55.00 45.00 -0.004884
-50.00 45.00 -0.006228
-45.00 45.00 -0.0067107
-40.00 45.00 -0.0054755
-35.00 45.00 -0.003063
-30.00 45.00 -0.0011327
-25.00 45.00 -0.0006689
-20.00 45.00 -0.0010653
-15.00 45.00 -0.0011709
-10.00 45.00 -0.000681
-5.00 45.00 -6.02e-05
0.00 45.00 0.0005237
5.00 45.00 0.0015398
10.00 45.00 0.0033402
15.00 45.00 0.0055181
20.00 45.00 0.0071778
25.00 45.00 0.0075894
30.00 45.00 0.0065093
35.00 45.00 0.0042035
40.00 45.00 0.0013961
45.00 45.00 -0.0010643
50.00 45.00 -0.0028389
55.00 45.00 -0.0042766
60.00 45.00 -0.0055761
65.00 45.00 -0.0058979
70.00 45.00 -0.0040189
75.00 45.00 -0.0002447
80.00 45.00 0.0029294
85.00 45.00 0.0029125
90.00 45.00 -0.0002078
95.00 45.00 -0.0035799
100.00 45.00 -0.0043864
105.00 45.00 -0.0022654
110.00 45.00 0.0010176
115.00 45.00 0.0034606
120.00 45.00 0.0039624
125.00 45.00 0.0023992
130.00 45.00 -0.0003852
135.00 45.00 -0.0027413
140.00 45.00 -0.0032156
145.00 45.00 -0.0017524
150.00 45.00 0.0003833
155.00 45.00 0.0019279
160.00 45.00 0.0025137
165.00 45.00 0.0022855
170.00 45.00 0.0012904
175.00 45.00 -0.0002727
180.00 45.00 -0.0015126
-180.00 50.00 -0.0015452
-175.00 50.00 -0.0012925
-170.00 50.00 0.0010148
-165.00 50.00 0.0040077
-160.00 50.00 0.0056605
-155.00 50.00 0.0048786
-150.00 50.00 0.0023629
-145.00 50.00 -0.0001491
-140.00 50.00 -0.0016131
-135.00 50.00 -0.0026232
-130.00 50.00 -0.0044683
-125.00 50.00 -0.0072295
-120.00 50.00 -0.0091279
-115.00 50.00 -0.0081335
-110.00 50.00 -0.0042229
-105.00 50.00 0.0002825
-100.00 50.00 0.0027877
-95.00 50.00 0.0026551
-90.00 50.00 0.0012733
-85.00 50.00 0.0002408
-80.00 50.00 -8.34e-05
-75.00 50.00 -0.0003133
-70.00 50.00 -0.0009356
-65.00 50.00 -0.0018914
-60.00 50.00 -0.0030025
-55.00 50.00 -0.004261
-50.00 50.00 -0.0055402
-45.00 50.00 -0.0063724
-40.00 50.00 -0.0063628
-35.00 50.00 -0.0057585
-30.00 50.00 -0.0053238
-25.00 50.00 -0.0055684
-20.00 50.00 -0.0062402
-15.00 50.00 -0.0066229
-10.00 50.00 -0.0061629
-5.00 50.00 -0.0047041
0.00 50.00 -0.0023225
5.00 50.00 0.0007306
10.00 50.00 0.0038356
15.00 50.00 0.0059831
20.00 50.00 0.0062405
25.00 50.00 0.0044174
30.00 50.00 0.0013366
35.00 50.00 -0.0015808
40.00 50.00 -0.0031934
45.00 50.00 -0.0034093
50.00 50.00 -0.0032284
55.00 50.00 -0.0038388
60.00 50.00 -0.0053748
65.00 50.00 -0.0065475
70.00 50.00 -0.0057939
75.00 50.00 -0.0030125
80.00 50.00 -3.15e-05
85.00 50.00 0.0009257
90.00 50.00 -0.0006703
95.00 50.00 -0.0031617
100.00 50.00 -0.0042566
105.00 50.00 -0.0029672
110.00 50.00 -0.0001533
115.00 50.00 0.002454
120.00 50.00 0.0035754
125.00 50.00 0.0030631
130.00 50.00 0.0017666
135.00 50.00 0.0008642
140.00 50.00 0.0010753
145.00 50.00 0.002269
150.00 50.00 0.0037374
155.00 50.00 0.0047866
160.00 50.00 0.005022
165.00 50.00 0.0042399
170.00 50.00 0.0024276
175.00 50.00 0.0001023
180.00 50.00 -0.0015452
-180.00 55.00 -0.0046095
-175.00 55.00 -0.0052636
-170.00 55.00 -0.0043997
-165.00 55.00 -0.0024316
-160.00 55.00 -0.0001363
-155.00 55.00 0.0019121
-150.00 55.00 0.0035551
-145.00 55.00 0.0047043
-140.00 55.00 0.0048977
-135.00 55.00 0.0034266
-130.00 55.00 0.0001234
-125.00 55.00 -0.0039491
-120.00 55.00 -0.0068161
-115.00 55.00 -0.0069276
-110.00 55.00 -0.0044108
-105.00 55.00 -0.0010371
-100.00 55.00 0.0011321
-95.00 55.00 0.0012107
-90.00 55.00 -0.00017
-85.00 55.00 -0.0017174
-80.00 55.00 -0.0025558
-75.00 55.00 -0.0026306
-70.00 55.00 -0.0024019
-65.00 55.00 -0.002364
-60.00 55.00 -0.0027765
-55.00 55.00 -0.0035948
-50.00 55.00 -0.0045026
-45.00 55.00 -0.0050819
-40.00 55.00 -0.0051177
-35.00 55.00 -0.0048153
-30.00 55.00 -0.0046789
-25.00 55.00 -0.005105
-20.00 55.00 -0.0060363
-15.00 55.00 -0.0069538
-10.00 55.00 -0.0071642
-5.00 55.00 -0.0061503
0.00 55.00 -0.0038331
5.00 55.00 -0.0007046
10.00 55.00 0.0022331
15.00 55.00 0.0038237
20.00 55.00 0.0033496
25.00 55.00 0.0010367
30.00 55.00 -0.0019396
35.00 55.00 -0.0040823
40.00 55.00 -0.0045024
45.00 55.00 -0.003511
50.00 55.00 -0.0023753
55.00 55.00 -0.0023222
60.00 55.00 -0.0035177
65.00 55.00 -0.0048934
70.00 55.00 -0.0050487
75.00 55.00 -0.0034957
80.00 55.00 -0.0011275
85.00 55.00 0.0005264
90.00 55.00 0.0005674
95.00 55.00 -0.0006234
100.00 55.00 -0.00184
105.00 55.00 -0.0020596
110.00 55.00 -0.0010955
115.00 55.00 0.0005127
120.00 55.00 0.0020653
125.00 55.00 0.0031787
130.00 55.00 0.003872
135.00 55.00 0.0043418
140.00 55.00 0.0046985
145.00 55.00 0.0048829
150.00 55.00 0.0047668
155.00 55.00 0.0042581
160.00 55.00 0.0032837
165.00 55.00 0.0017449
170.00 55.00 -0.0003653
175.00 55.00 -0.0027219
180.00 55.00 -0.0046094
-180.00 60.00 -0.0078828
-175.00 60.00 -0.0098753
-170.00 60.00 -0.0108746
-165.00 60.00 -0.0105081
-160.00 60.00 -0.0086546
-155.00 60.00 -0.005515
-150.00 60.00 -0.0016743
-145.00 60.00 0.0019076
-140.00 60.00 0.0041145
-135.00 60.00 0.0041468
-130.00 60.00 0.0020329
-125.00 60.00 -0.0012186
-120.00 60.00 -0.004067
-115.00 60.00 -0.0052852
-110.00 60.00 -0.0046374
-105.00 60.00 -0.0028974
-100.00 60.00 -0.0012256
-95.00 60.00 -0.0004081
-90.00 60.00 -0.0005106
-85.00 60.00 -0.001094
-80.00 60.00 -0.0016927
-75.00 60.00 -0.0021428
-70.00 60.00 -0.0025757
-65.00 60.00 -0.0031866
-60.00 60.00 -0.0039989
-55.00 60.00 -0.0047793
-50.00 60.00 -0.0051407
-45.00 60.00 -0.0047717
-40.00 60.00 -0.003667
-35.00 60.00 -0.0022089
-30.00 60.00 -0.0010197
-25.00 60.00 -0.0006482
-20.00 60.00 -0.0012676
-15.00 60.00 -0.0025667
-10.00 60.00 -0.0038916
-5.00 60.00 -0.0045645
0.00 60.00 -0.0042226
5.00 60.00 -0.0030161
10.00 60.00 -0.0015531
15.00 60.00 -0.0005871
20.00 60.00 -0.0005874
25.00 60.00 -0.0014414
30.00 60.00 -0.0025041
35.00 60.00 -0.0030083
40.00 60.00 -0.0025895
45.00 60.00 -0.0015564
50.00 60.00 -0.0006817
55.00 60.00 -0.0006258
60.00 60.00 -0.0014132
65.00 60.00 -0.0023747
70.00 60.00 -0.0026284
75.00 60.00 -0.001742
80.00 60.00 -6.05e-05
85.00 60.00 0.0015421
90.00 60.00 0.0022706
95.00 60.00 0.0019027
100.00 60.00 0.0008469
105.00 60.00 -0.0001883
110.00 60.00 -0.0006117
115.00 60.00 -0.0001877
120.00 60.00 0.0009644
125.00 60.00 0.0025048
130.00 60.00 0.0040188
135.00 60.00 0.0051273
140.00 60.00 0.0055717
145.00 60.00 0.005274
150.00 60.00 0.0043367
155.00 60.00 0.0029548
160.00 60.00 0.0012796
165.00 60.00 -0.0006613
170.00 60.00 -0.0029073
175.00 60.00 -0.0054047
180.00 60.00 -0.0078828
-180.00 65.00 -0.0059523
-175.00 65.00 -0.0082157
-170.00 65.00 -0.0097913
-165.00 65.00 -0.0101927
-160.00 65.00 -0.0091335
-155.00 65.00 -0.0066965
-150.00 65.00 -0.0034016
-145.00 65.00 -0.0001075
-140.00 65.00 0.002257
-135.00 65.00 0.0030472
-130.00 65.00 0.0021814
-125.00 65.00 0.0001823
-120.00 65.00 -0.0020637
-115.00 65.00 -0.0037114
-110.00 65.00 -0.0043059
-105.00 65.00 -0.0038935
-100.00 65.00 -0.0028768
-95.00 65.00 -0.0017469
-90.00 65.00 -0.0008739
-85.00 65.00 -0.000446
-80.00 65.00 -0.0005225
-75.00 65.00 -0.0011002
-70.00 65.00 -0.0021208
-65.00 65.00 -0.003426
-60.00 65.00 -0.004723
-55.00 65.00 -0.0056214
-50.00 65.00 -0.0057556
-45.00 65.00 -0.0049478
-40.00 65.00 -0.0033276
-35.00 65.00 -0.0013339
-30.00 65.00 0.0004227
-25.00 65.00 0.0013881
-20.00 65.00 0.0012826
-15.00 65.00 0.0002077
-10.00 65.00 -0.0014101
-5.00 65.00 -0.0030079
0.00 65.00 -0.004121
5.00 65.00 -0.0045523
10.00 65.00 -0.0044015
15.00 65.00 -0.0039494
20.00 65.00 -0.0034718
25.00 65.00 -0.0030948
30.00 65.00 -0.0027789
35.00 65.00 -0.0024293
40.00 65.00 -0.0020431
45.00 65.00 -0.0017696
50.00 65.00 -0.001824
55.00 65.00 -0.002305
60.00 65.00 -0.0030542
65.00 65.00 -0.0036811
70.00 65.00 -0.0037629
75.00 65.00 -0.0030968
80.00 65.00 -0.0018369
85.00 65.00 -0.0004207
90.00 65.00 0.0006661
95.00 65.00 0.0011396
100.00 65.00 0.0010392
105.00 65.00 0.0006735
110.00 65.00 0.0004472
115.00 65.00 0.0006707
120.00 65.00 0.0014398
125.00 65.00 0.0026168
130.00 65.00 0.0039016
135.00 65.00 0.0049525
140.00 65.00 0.0055083
145.00 65.00 0.0054621
150.00 65.00 0.0048591
155.00 65.00 0.0038237
160.00 65.00 0.0024611
165.00 65.00 0.0007988
170.00 65.00 -0.0011901
175.00 65.00 -0.0034932
180.00 65.00 -0.0059523
-180.00 70.00 -0.0010441
-175.00 70.00 -0.0020457
-170.00 70.00 -0.0026305
-165.00 70.00 -0.0025876
-160.00 70.00 -0.0018249
-155.00 70.00 -0.0004393
-150.00 70.00 0.00127
-145.00 70.00 0.0028663
-140.00 70.00 0.0039043
-135.00 70.00 0.00408
-130.00 70.00 0.0033398
-125.00 70.00 0.0019011
-120.00 70.00 0.000172
-115.00 70.00 -0.0013939
-110.00 70.00 -0.0024459
-105.00 70.00 -0.0028298
-100.00 70.00 -0.0026013
-95.00 70.00 -0.0019732
-90.00 70.00 -0.0012319
-85.00 70.00 -0.0006559
-80.00 70.00 -0.0004542
-75.00 70.00 -0.000726
-70.00 70.00 -0.0014395
-65.00 70.00 -0.0024345
-60.00 70.00 -0.0034548
-55.00 70.00 -0.0042142
-50.00 70.00 -0.0044825
-45.00 70.00 -0.004166
-40.00 70.00 -0.0033517
-35.00 70.00 -0.0022905
-30.00 70.00 -0.0013212
-25.00 70.00 -0.0007603
-20.00 70.00 -0.0007972
-15.00 70.00 -0.001436
-10.00 70.00 -0.0025055
-5.00 70.00 -0.0037288
0.00 70.00 -0.0048249
5.00 70.00 -0.0055974
10.00 70.00 -0.005981
15.00 70.00 -0.0060342
20.00 70.00 -0.0058918
25.00 70.00 -0.005709
30.00 70.00 -0.0056192
35.00 70.00 -0.0057178
40.00 70.00 -0.00606
45.00 70.00 -0.0066554
50.00 70.00 -0.0074527
55.00 70.00 -0.008323
60.00 70.00 -0.0090663
65.00 70.00 -0.0094548
70.00 70.00 -0.0093067
75.00 70.00 -0.0085581
80.00 70.00 -0.0072953
85.00 70.00 -0.0057266
90.00 70.00 -0.004106
95.00 70.00 -0.0026419
100.00 70.00 -0.0014355
105.00 70.00 -0.0004703
110.00 70.00 0.0003482
115.00 70.00 0.0011283
120.00 70.00 0.0019335
125.00 70.00 0.0027541
130.00 70.00 0.003516
135.00 70.00 0.0041171
140.00 70.00 0.0044712
145.00 70.00 0.0045378
150.00 70.00 0.0043245
155.00 70.00 0.0038667
160.00 70.00 0.0031983
165.00 70.00 0.002338
170.00 70.00 0.0013014
175.00 70.00 0.0001358
180.00 70.00 -0.0010441
-180.00 75.00 0.0005445
-175.00 75.00 0.0008552
-170.00 75.00 0.001343
-165.00 75.00 0.0020064
-160.00 75.00 0.0028031
-155.00 75.00 0.0036432
-150.00 75.00 0.0043979
-145.00 75.00 0.0049245
-140.00 75.00 0.0051015
-135.00 75.00 0.0048637
-130.00 75.00 0.004225
-125.00 75.00 0.0032803
-120.00 75.00 0.0021846
-115.00 75.00 0.0011152
-110.00 75.00 0.0002288
-105.00 75.00 -0.0003755
-100.00 75.00 -0.0006744
-95.00 75.00 -0.0007188
-90.00 75.00 -0.0006137
-85.00 75.00 -0.0004857
-80.00 75.00 -0.0004499
-75.00 75.00 -0.0005813
-70.00 75.00 -0.0009001
-65.00 75.00 -0.001371
-60.00 75.00 -0.0019178
-55.00 75.00 -0.0024481
-50.00 75.00 -0.0028822
-45.00 75.00 -0.003178
-40.00 75.00 -0.0033434
-35.00 75.00 -0.0034337
-30.00 75.00 -0.0035327
-25.00 75.00 -0.0037249
-20.00 75.00 -0.0040675
-15.00 75.00 -0.0045732
-10.00 75.00 -0.0052085
-5.00 75.00 -0.0059074
0.00 75.00 -0.0065961
5.00 75.00 -0.0072167
10.00 75.00 -0.0077442
15.00 75.00 -0.0081911
20.00 75.00 -0.0085992
25.00 75.00 -0.0090241
30.00 75.00 -0.009517
35.00 75.00 -0.0101077
40.00 75.00 -0.0107929
45.00 75.00 -0.0115303
50.00 75.00 -0.0122408
55.00 75.00 -0.0128181
60.00 75.00 -0.013147
65.00 75.00 -0.0131265
70.00 75.00 -0.0126927
75.00 75.00 -0.0118358
80.00 75.00 -0.0106041
85.00 75.00 -0.0090956
90.00 75.00 -0.0074371
95.00 75.00 -0.0057597
100.00 75.00 -0.0041757
105.00 75.00 -0.0027653
110.00 75.00 -0.001573
115.00 75.00 -0.000614
120.00 75.00 0.0001162
125.00 75.00 0.0006324
130.00 75.00 0.0009546
135.00 75.00 0.0011068
140.00 75.00 0.0011188
145.00 75.00 0.001027
150.00 75.00 0.0008722
155.00 75.00 0.0006948
160.00 75.00 0.0005305
165.00 75.00 0.0004081
170.00 75.00 0.0003519
175.00 75.00 0.0003874
180.00 75.00 0.0005445
-180.00 80.00 -0.0009717
-175.00 80.00 -0.0004384
-170.00 80.00 0.0001502
-165.00 80.00 0.0007616
-160.00 80.00 0.0013574
-155.00 80.00 0.0018965
-150.00 80.00 0.002339
-145.00 80.00 0.0026518
-140.00 80.00 0.0028139
-135.00 80.00 0.0028199
-130.00 80.00 0.0026815
-125.00 80.00 0.002426
-120.00 80.00 0.0020915
-115.00 80.00 0.0017205
-110.00 80.00 0.0013524
-105.00 80.00 0.0010165
-100.00 80.00 0.0007282
-95.00 80.00 0.000488
-90.00 80.00 0.0002836
-85.00 80.00 9.4e-05
-80.00 80.00 -0.0001042
-75.00 80.00 -0.0003316
-70.00 80.00 -0.0006016
-65.00 80.00 -0.0009191
-60.00 80.00 -0.0012809
-55.00 80.00 -0.0016782
-50.00 80.00 -0.0021
-45.00 80.00 -0.0025364
-40.00 80.00 -0.002981
-35.00 80.00 -0.0034313
-30.00 80.00 -0.003888
-25.00 80.00 -0.0043532
-20.00 80.00 -0.0048282
-15.00 80.00 -0.0053119
-10.00 80.00 -0.0058009
-5.00 80.00 -0.0062894
0.00 80.00 -0.0067718
5.00 80.00 -0.0072437
10.00 80.00 -0.0077031
15.00 80.00 -0.0081507
20.00 80.00 -0.0085883
25.00 80.00 -0.0090163
30.00 80.00 -0.0094313
35.00 80.00 -0.0098232
40.00 80.00 -0.0101745
45.00 80.00 -0.0104602
50.00 80.00 -0.0106498
55.00 80.00 -0.0107119
60.00 80.00 -0.0106185
65.00 80.00 -0.0103506
70.00 80.00 -0.0099022
75.00 80.00 -0.009283
80.00 80.00 -0.0085187
85.00 80.00 -0.0076488
90.00 80.00 -0.0067219
95.00 80.00 -0.0057905
100.00 80.00 -0.004905
105.00 80.00 -0.0041088
110.00 80.00 -0.0034343
115.00 80.00 -0.0029008
120.00 80.00 -0.0025143
125.00 80.00 -0.0022676
130.00 80.00 -0.0021428
135.00 80.00 -0.0021129
140.00 80.00 -0.0021447
145.00 80.00 -0.0022024
150.00 80.00 -0.0022502
155.00 80.00 -0.0022554
160.00 80.00 -0.0021909
165.00 80.00 -0.0020369
170.00 80.00 -0.0017823
175.00 80.00 -0.0014249
180.00 80.00 -0.0009717
-180.00 85.00 -0.0014015
-175.00 85.00 -0.0011914
-170.00 85.00 -0.0009734
-165.00 85.00 -0.0007538
-160.00 85.00 -0.0005379
-155.00 85.00 -0.0003317
-150.00 85.00 -0.0001417
-145.00 85.00 2.53e-05
-140.00 85.00 0.000164
-135.00 85.00 0.0002719
-130.00 85.00 0.0003493
-125.00 85.00 0.0003976
-120.00 85.00 0.0004178
-115.00 85.00 0.0004104
-110.00 85.00 0.0003767
-105.00 85.00 0.0003195
-100.00 85.00 0.0002424
-95.00 85.00 0.0001484
-90.00 85.00 3.84e-05
-85.00 85.00 -8.84e-05
-80.00 85.00 -0.0002328
-75.00 85.00 -0.0003945
-70.00 85.00 -0.0005716
-65.00 85.00 -0.0007628
-60.00 85.00 -0.0009679
-55.00 85.00 -0.0011873
-50.00 85.00 -0.0014209
-45.00 85.00 -0.0016666
-40.00 85.00 -0.0019207
-35.00 85.00 -0.0021799
-30.00 85.00 -0.0024422
-25.00 85.00 -0.0027066
-20.00 85.00 -0.0029716
-15.00 85.00 -0.0032344
-10.00 85.00 -0.0034909
-5.00 85.00 -0.0037378
0.00 85.00 -0.0039728
5.00 85.00 -0.0041949
10.00 85.00 -0.0044027
15.00 85.00 -0.0045932
20.00 85.00 -0.0047625
25.00 85.00 -0.0049068
30.00 85.00 -0.0050235
35.00 85.00 -0.0051113
40.00 85.00 -0.0051684
45.00 85.00 -0.0051924
50.00 85.00 -0.0051801
55.00 85.00 -0.0051298
60.00 85.00 -0.0050419
65.00 85.00 -0.0049192
70.00 85.00 -0.0047658
75.00 85.00 -0.0045861
80.00 85.00 -0.0043845
85.00 85.00 -0.004167
90.00 85.00 -0.0039413
95.00 85.00 -0.0037163
100.00 85.00 -0.0035001
105.00 85.00 -0.0032989
110.00 85.00 -0.0031162
115.00 85.00 -0.0029538
120.00 85.00 -0.0028129
125.00 85.00 -0.0026934
130.00 85.00 -0.0025934
135.00 85.00 -0.0025078
140.00 85.00 -0.0024295
145.00 85.00 -0.0023508
150.00 85.00 -0.0022654
155.00 85.00 -0.0021685
160.00 85.00 -0.0020562
165.00 85.00 -0.0019251
170.00 85.00 -0.0017722
175.00 85.00 -0.0015968
180.00 85.00 -0.0014015
-180.00 90.00 -0.001476
-175.00 90.00 -0.001476
-170.00 90.00 -0.001476
-165.00 90.00 -0.001476
-160.00 90.00 -0.001476
-155.00 90.00 -0.001476
-150.00 90.00 -0.001476
-145.00 90.00 -0.001476
-140.00 90.00 -0.001476
-135.00 90.00 -0.001476
-130.00 90.00 -0.001476
-125.00 90.00 -0.001476
-120.00 90.00 -0.001476
-115.00 90.00 -0.001476
-110.00 90.00 -0.001476
-105.00 90.00 -0.001476
-100.00 90.00 -0.001476
-95.00 90.00 -0.001476
-90.00 90.00 -0.001476
-85.00 90.00 -0.001476
-80.00 90.00 -0.001476
-75.00 90.00 -0.001476
-70.00 90.00 -0.001476
-65.00 90.00 -0.001476
-60.00 90.00 -0.001476
-55.00 90.00 -0.001476
-50.00 90.00 -0.001476
-45.00 90.00 -0.001476
-40.00 90.00 -0.001476
-35.00 90.00 -0.001476
-30.00 90.00 -0.001476
-25.00 90.00 -0.001476
-20.00 90.00 -0.001476
-15.00 90.00 -0.001476
-10.00 90.00 -0.001476
-5.00 90.00 -0.001476
0.00 90.00 -0.001476
5.00 90.00 -0.001476
10.00 90.00 -0.001476
15.00 90.00 -0.001476
20.00 90.00 -0.001476
25.00 90.00 -0.001476
30.00 90.00 -0.001476
35.00 90.00 -0.001476
40.00 90.00 -0.001476
45.00 90.00 -0.001476
50.00 90.00 -0.001476
55.00 90.00 -0.001476
60.00 90.00 -0.001476
65.00 90.00 -0.001476
70.00 90.00 -0.001476
75.00 90.00 -0.001476
80.00 90.00 -0.001476
85.00 90.00 -0.001476
90.00 90.00 -0.001476
95.00 90.00 -0.001476
100.00 90.00 -0.001476
105.00 90.00 -0.001476
110.00 90.00 -0.001476
115.00 90.00 -0.001476
120.00 90.00 -0.001476
125.00 90.00 -0.001476
130.00 90.00 -0.001476
135.00 90.00 -0.001476
140.00 90.00 -0.001476
145.00 90.00 -0.001476
150.00 90.00 -0.001476
155.00 90.00 -0.001476
160.00 90.00 -0.001476
165.00 90.00 -0.001476
170.00 90.00 -0.001476
175.00 90.00 -0.001476
180.00 90.00 -0.001476
