-180.00 -90.00 0.004116
-175.00 -90.00 0.0041161
-170.00 -90.00 0.0041161
-165.00 -90.00 0.0041161
-160.00 -90.00 0.004116
-155.00 -90.00 0.004116
-150.00 -90.00 0.0041158
-145.00 -90.00 0.0041157
-140.00 -90.00 0.0041155
-135.00 -90.00 0.0041153
-130.00 -90.00 0.0041151
-125.00 -90.00 0.0041149
-120.00 -90.00 0.0041147
-115.00 -90.00 0.0041144
-110.00 -90.00 0.0041142
-105.00 -90.00 0.004114
-100.00 -90.00 0.0041139
-95.00 -90.00 0.0041137
-90.00 -90.00 0.0041136
-85.00 -90.00 0.0041136
-80.00 -90.00 0.0041135
-75.00 -90.00 0.0041135
-70.00 -90.00 0.0041136
-65.00 -90.00 0.0041137
-60.00 -90.00 0.0041138
-55.00 -90.00 0.0041139
-50.00 -90.00 0.0041141
-45.00 -90.00 0.0041143
-40.00 -90.00 0.0041145
-35.00 -90.00 0.0041147
-30.00 -90.00 0.004115
-25.00 -90.00 0.0041152
-20.00 -90.00 0.0041154
-15.00 -90.00 0.0041156
-10.00 -90.00 0.0041158
-5.00 -90.00 0.0041159
0.00 -90.00 0.004116
5.00 -90.00 0.0041161
10.00 -90.00 0.0041161
15.00 -90.00 0.0041161
20.00 -90.00 0.004116
25.00 -90.00 0.004116
30.00 -90.00 0.0041158
35.00 -90.00 0.0041157
40.00 -90.00 0.0041155
45.00 -90.00 0.0041153
50.00 -90.00 0.0041151
55.00 -90.00 0.0041149
60.00 -90.00 0.0041147
65.00 -90.00 0.0041145
70.00 -90.00 0.0041143
75.00 -90.00 0.0041141
80.00 -90.00 0.0041139
85.00 -90.00 0.0041138
90.00 -90.00 0.0041137
95.00 -90.00 0.0041136
100.00 -90.00 0.0041136
105.00 -90.00 0.0041136
110.00 -90.00 0.0041136
115.00 -90.00 0.0041137
120.00 -90.00 0.0041138
125.00 -90.00 0.004114
130.00 -90.00 0.0041141
135.00 -90.00 0.0041143
140.00 -90.00 0.0041145
145.00 -90.00 0.0041148
150.00 -90.00 0.004115
155.00 -90.00 0.0041152
160.00 -90.00 0.0041154
165.00 -90.00 0.0041156
170.00 -90.00 0.0041158
175.00 -90.00 0.0041159
180.00 -90.00 0.004116
-180.00 -85.00 0.0039139
-175.00 -85.00 0.0037637
-170.00 -85.00 0.0036046
-165.00 -85.00 0.0034368
-160.00 -85.00 0.0032615
-155.00 -85.00 0.0030806
-150.00 -85.00 0.0028967
-145.00 -85.00 0.0027129
-140.00 -85.00 0.0025329
-135.00 -85.00 0.0023601
-130.00 -85.00 0.0021979
-125.00 -85.00 0.0020489
-120.00 -85.00 0.0019152
-115.00 -85.00 0.0017988
-110.00 -85.00 0.0017005
-105.00 -85.00 0.0016209
-100.00 -85.00 0.0015597
-95.00 -85.00 0.0015167
-90.00 -85.00 0.0014916
-85.00 -85.00 0.0014845
-80.00 -85.00 0.0014959
-75.00 -85.00 0.001526
-70.00 -85.00 0.0015754
-65.00 -85.00 0.0016448
-60.00 -85.00 0.0017351
-55.00 -85.00 0.001847
-50.00 -85.00 0.0019812
-45.00 -85.00 0.0021374
-40.00 -85.00 0.0023151
-35.00 -85.00 0.0025133
-30.00 -85.00 0.0027307
-25.00 -85.00 0.0029654
-20.00 -85.00 0.0032154
-15.00 -85.00 0.003478
-10.00 -85.00 0.0037504
-5.00 -85.00 0.0040294
0.00 -85.00 0.0043114
5.00 -85.00 0.0045931
10.00 -85.00 0.0048709
15.00 -85.00 0.005141
20.00 -85.00 0.0053994
25.00 -85.00 0.005642
30.00 -85.00 0.0058651
35.00 -85.00 0.0060655
40.00 -85.00 0.0062402
45.00 -85.00 0.0063868
50.00 -85.00 0.0065031
55.00 -85.00 0.0065876
60.00 -85.00 0.0066399
65.00 -85.00 0.0066604
70.00 -85.00 0.0066503
75.00 -85.00 0.0066115
80.00 -85.00 0.0065461
85.00 -85.00 0.0064572
90.00 -85.00 0.0063486
95.00 -85.00 0.0062242
100.00 -85.00 0.0060881
105.00 -85.00 0.0059439
110.00 -85.00 0.005795
115.00 -85.00 0.0056445
120.00 -85.00 0.0054952
125.00 -85.00 0.0053492
130.00 -85.00 0.0052075
135.00 -85.00 0.0050708
140.00 -85.00 0.0049389
145.00 -85.00 0.0048113
150.00 -85.00 0.004687
155.00 -85.00 0.0045647
160.00 -85.00 0.0044424
165.00 -85.00 0.0043181
170.00 -85.00 0.0041897
175.00 -85.00 0.0040555
180.00 -85.00 0.0039139
-180.00 -80.00 0.0046153
-175.00 -80.00 0.0045242
-170.00 -80.00 0.0043648
-165.00 -80.00 0.0041287
-160.00 -80.00 0.0038144
-155.00 -80.00 0.0034306
-150.00 -80.00 0.0029958
-145.00 -80.00 0.0025342
-140.00 -80.00 0.0020726
-135.00 -80.00 0.0016384
-130.00 -80.00 0.001257
-125.00 -80.00 0.0009461
-120.00 -80.00 0.0007126
-115.00 -80.00 0.0005539
-110.00 -80.00 0.0004605
-105.00 -80.00 0.0004164
-100.00 -80.00 0.0004008
-95.00 -80.00 0.0003933
-90.00 -80.00 0.0003796
-85.00 -80.00 0.0003522
-80.00 -80.00 0.0003097
-75.00 -80.00 0.0002576
-70.00 -80.00 0.0002082
-65.00 -80.00 0.0001787
-60.00 -80.00 0.0001848
-55.00 -80.00 0.0002386
-50.00 -80.00 0.0003484
-45.00 -80.00 0.0005186
-40.00 -80.00 0.0007474
-35.00 -80.00 0.0010269
-30.00 -80.00 0.001347
-25.00 -80.00 0.0016997
-20.00 -80.00 0.0020777
-15.00 -80.00 0.0024748
-10.00 -80.00 0.0028865
-5.00 -80.00 0.0033121
0.00 -80.00 0.0037515
5.00 -80.00 0.004202
10.00 -80.00 0.0046574
15.00 -80.00 0.0051103
20.00 -80.00 0.0055524
25.00 -80.00 0.0059725
30.00 -80.00 0.0063575
35.00 -80.00 0.0066961
40.00 -80.00 0.0069805
45.00 -80.00 0.0072036
50.00 -80.00 0.0073591
55.00 -80.00 0.0074428
60.00 -80.00 0.0074543
65.00 -80.00 0.0073956
70.00 -80.00 0.0072696
75.00 -80.00 0.0070821
80.00 -80.00 0.006844
85.00 -80.00 0.0065696
90.00 -80.00 0.0062741
95.00 -80.00 0.005973
100.00 -80.00 0.005682
105.00 -80.00 0.005416
110.00 -80.00 0.0051844
115.00 -80.00 0.0049911
120.00 -80.00 0.0048369
125.00 -80.00 0.0047203
130.00 -80.00 0.0046372
135.00 -80.00 0.0045814
140.00 -80.00 0.004548
145.00 -80.00 0.0045346
150.00 -80.00 0.0045396
155.00 -80.00 0.0045593
160.00 -80.00 0.0045887
165.00 -80.00 0.0046212
170.00 -80.00 0.0046469
175.00 -80.00 0.0046508
180.00 -80.00 0.0046153
-180.00 -75.00 0.0050747
-175.00 -75.00 0.0051954
-170.00 -75.00 0.0051868
-165.00 -75.00 0.005002
-160.00 -75.00 0.004617
-155.00 -75.00 0.0040378
-150.00 -75.00 0.0033006
-145.00 -75.00 0.0024674
-140.00 -75.00 0.0016175
-135.00 -75.00 0.0008344
-130.00 -75.00 0.0001928
-125.00 -75.00 -0.0002534
-120.00 -75.00 -0.00048
-115.00 -75.00 -0.0004962
-110.00 -75.00 -0.0003431
-105.00 -75.00 -8.62e-05
-100.00 -75.00 0.0001976
-95.00 -75.00 0.0004348
-90.00 -75.00 0.000569
-85.00 -75.00 0.0005708
-80.00 -75.00 0.0004429
-75.00 -75.00 0.0002169
-70.00 -75.00 -5.54e-05
-65.00 -75.00 -0.0003129
-60.00 -75.00 -0.0004979
-55.00 -75.00 -0.0005666
-50.00 -75.00 -0.0004971
-45.00 -75.00 -0.0002915
-40.00 -75.00 2.62e-05
-35.00 -75.00 0.0004169
-30.00 -75.00 0.000836
-25.00 -75.00 0.001245
-20.00 -75.00 0.0016211
-15.00 -75.00 0.0019611
-10.00 -75.00 0.0022801
-5.00 -75.00 0.0026047
0.00 -75.00 0.0029621
5.00 -75.00 0.003369
10.00 -75.00 0.0038253
15.00 -75.00 0.004313
20.00 -75.00 0.0048013
25.00 -75.00 0.005255
30.00 -75.00 0.0056435
35.00 -75.00 0.0059473
40.00 -75.00 0.0061596
45.00 -75.00 0.006283
50.00 -75.00 0.0063252
55.00 -75.00 0.0062937
60.00 -75.00 0.0061919
65.00 -75.00 0.0060201
70.00 -75.00 0.0057781
75.00 -75.00 0.0054703
80.00 -75.00 0.0051089
85.00 -75.00 0.0047178
90.00 -75.00 0.0043307
95.00 -75.00 0.0039872
100.00 -75.00 0.0037251
105.00 -75.00 0.003572
110.00 -75.00 0.003538
115.00 -75.00 0.0036121
120.00 -75.00 0.0037635
125.00 -75.00 0.0039496
130.00 -75.00 0.0041269
135.00 -75.00 0.0042612
140.00 -75.00 0.0043371
145.00 -75.00 0.0043611
150.00 -75.00 0.004358
155.00 -75.00 0.0043626
160.00 -75.00 0.0044081
165.00 -75.00 0.0045148
170.00 -75.00 0.0046819
175.00 -75.00 0.004884
180.00 -75.00 0.0050747
-180.00 -70.00 0.0038155
-175.00 -70.00 0.004155
-170.00 -70.00 0.0043779
-165.00 -70.00 0.0044013
-160.00 -70.00 0.0041727
-155.00 -70.00 0.0036784
-150.00 -70.00 0.0029462
-145.00 -70.00 0.0020433
-140.00 -70.00 0.0010671
-135.00 -70.00 0.000131
-130.00 -70.00 -0.0006528
-125.00 -70.00 -0.0011913
-120.00 -70.00 -0.0014267
-115.00 -70.00 -0.0013495
-110.00 -70.00 -0.0010044
-105.00 -70.00 -0.0004856
-100.00 -70.00 8.07e-05
-95.00 -70.00 0.0005654
-90.00 -70.00 0.0008679
-85.00 -70.00 0.0009399
-80.00 -70.00 0.0007923
-75.00 -70.00 0.0004846
-70.00 -70.00 0.0001043
-65.00 -70.00 -0.0002563
-60.00 -70.00 -0.000517
-55.00 -70.00 -0.0006202
-50.00 -70.00 -0.0005366
-45.00 -70.00 -0.0002684
-40.00 -70.00 0.00015
-35.00 -70.00 0.000656
-30.00 -70.00 0.0011709
-25.00 -70.00 0.0016197
-20.00 -70.00 0.0019541
-15.00 -70.00 0.0021707
-10.00 -70.00 0.0023129
-5.00 -70.00 0.0024559
0.00 -70.00 0.0026754
5.00 -70.00 0.0030165
10.00 -70.00 0.0034726
15.00 -70.00 0.0039871
20.00 -70.00 0.004474
25.00 -70.00 0.0048503
30.00 -70.00 0.0050644
35.00 -70.00 0.0051098
40.00 -70.00 0.0050194
45.00 -70.00 0.0048458
50.00 -70.00 0.0046376
55.00 -70.00 0.0044224
60.00 -70.00 0.004202
65.00 -70.00 0.003961
70.00 -70.00 0.0036803
75.00 -70.00 0.0033511
80.00 -70.00 0.0029828
85.00 -70.00 0.0026062
90.00 -70.00 0.0022713
95.00 -70.00 0.0020397
100.00 -70.00 0.0019722
105.00 -70.00 0.0021101
110.00 -70.00 0.0024563
115.00 -70.00 0.0029638
120.00 -70.00 0.0035401
125.00 -70.00 0.0040681
130.00 -70.00 0.0044385
135.00 -70.00 0.0045803
140.00 -70.00 0.0044812
145.00 -70.00 0.0041893
150.00 -70.00 0.0037978
155.00 -70.00 0.0034193
160.00 -70.00 0.0031557
165.00 -70.00 0.003073
170.00 -70.00 0.0031864
175.00 -70.00 0.0034597
180.00 -70.00 0.0038155
-180.00 -65.00 0.0023163
-175.00 -65.00 0.0025955
-170.00 -65.00 0.0027925
-165.00 -65.00 0.0028977
-160.00 -65.00 0.0028927
-155.00 -65.00 0.0027431
-150.00 -65.00 0.0024142
-145.00 -65.00 0.0018968
-140.00 -65.00 0.0012246
-135.00 -65.00 0.0004723
-130.00 -65.00 -0.0002583
-125.00 -65.00 -0.0008534
-120.00 -65.00 -0.0012036
-115.00 -65.00 -0.0012292
-110.00 -65.00 -0.0009143
-105.00 -65.00 -0.0003334
-100.00 -65.00 0.0003563
-95.00 -65.00 0.0009658
-90.00 -65.00 0.0013478
-85.00 -65.00 0.0014507
-80.00 -65.00 0.0013216
-75.00 -65.00 0.001063
-70.00 -65.00 0.0007761
-65.00 -65.00 0.0005251
-60.00 -65.00 0.0003364
-55.00 -65.00 0.0002202
-50.00 -65.00 0.0001938
-45.00 -65.00 0.0002881
-40.00 -65.00 0.0005347
-35.00 -65.00 0.0009382
-30.00 -65.00 0.001454
-25.00 -65.00 0.0019891
-20.00 -65.00 0.0024357
-15.00 -65.00 0.0027254
-10.00 -65.00 0.0028692
-5.00 -65.00 0.0029554
0.00 -65.00 0.0030998
5.00 -65.00 0.0033777
10.00 -65.00 0.0037776
15.00 -65.00 0.0042048
20.00 -65.00 0.0045282
25.00 -65.00 0.0046439
30.00 -65.00 0.0045204
35.00 -65.00 0.0042059
40.00 -65.00 0.0037975
45.00 -65.00 0.0033905
50.00 -65.00 0.0030357
55.00 -65.00 0.0027255
60.00 -65.00 0.0024158
65.00 -65.00 0.002068
70.00 -65.00 0.0016821
75.00 -65.00 0.0013008
80.00 -65.00 0.0009837
85.00 -65.00 0.0007767
90.00 -65.00 0.0007003
95.00 -65.00 0.0007634
100.00 -65.00 0.0009804
105.00 -65.00 0.0013685
110.00 -65.00 0.0019178
115.00 -65.00 0.002559
120.00 -65.00 0.0031615
125.00 -65.00 0.0035735
130.00 -65.00 0.0036836
135.00 -65.00 0.003468
140.00 -65.00 0.0029983
145.00 -65.00 0.0024108
150.00 -65.00 0.0018594
155.00 -65.00 0.0014702
160.00 -65.00 0.001313
165.00 -65.00 0.0013891
170.00 -65.00 0.0016411
175.00 -65.00 0.0019791
180.00 -65.00 0.0023163
-180.00 -60.00 0.0028193
-175.00 -60.00 0.0026543
-170.00 -60.00 0.0024057
-165.00 -60.00 0.0022634
-160.00 -60.00 0.002282
-155.00 -60.00 0.002348
-150.00 -60.00 0.0022721
-145.00 -60.00 0.0019279
-140.00 -60.00 0.0013266
-135.00 -60.00 0.0005855
-130.00 -60.00 -0.0001493
-125.00 -60.00 -0.0007452
-120.00 -60.00 -0.0010716
-115.00 -60.00 -0.0009953
-110.00 -60.00 -0.0004391
-105.00 -60.00 0.0005231
-100.00 -60.00 0.0016332
-95.00 -60.00 0.0025424
-90.00 -60.00 0.002987
-85.00 -60.00 0.0029186
-80.00 -60.00 0.0024953
-75.00 -60.00 0.0019544
-70.00 -60.00 0.0014772
-65.00 -60.00 0.0011329
-60.00 -60.00 0.0009066
-55.00 -60.00 0.0007551
-50.00 -60.00 0.0006497
-45.00 -60.00 0.0006039
-40.00 -60.00 0.0006839
-35.00 -60.00 0.0009821
-30.00 -60.00 0.0015436
-25.00 -60.00 0.0022913
-20.00 -60.00 0.0030276
-15.00 -60.00 0.0035382
-10.00 -60.00 0.0037282
-5.00 -60.00 0.0036781
0.00 -60.00 0.0035737
5.00 -60.00 0.0035686
10.00 -60.00 0.0036873
15.00 -60.00 0.0038303
20.00 -60.00 0.0038574
25.00 -60.00 0.0036799
30.00 -60.00 0.003306
35.00 -60.00 0.0028261
40.00 -60.00 0.0023558
45.00 -60.00 0.0019679
50.00 -60.00 0.0016469
55.00 -60.00 0.0012949
60.00 -60.00 0.0008001
65.00 -60.00 0.0001351
70.00 -60.00 -0.0005827
75.00 -60.00 -0.0011299
80.00 -60.00 -0.0013069
85.00 -60.00 -0.0010693
90.00 -60.00 -0.0005538
95.00 -60.00 2.71e-05
100.00 -60.00 0.0005334
105.00 -60.00 0.0009583
110.00 -60.00 0.001355
115.00 -60.00 0.001713
120.00 -60.00 0.0019136
125.00 -60.00 0.0018126
130.00 -60.00 0.0013724
135.00 -60.00 0.0007202
140.00 -60.00 9e-05
145.00 -60.00 -0.0002953
150.00 -60.00 -0.0003093
155.00 -60.00 5.83e-05
160.00 -60.00 0.000721
165.00 -60.00 0.0015182
170.00 -60.00 0.0022434
175.00 -60.00 0.0027063
180.00 -60.00 0.0028193
-180.00 -55.00 0.003937
-175.00 -55.00 0.0032541
-170.00 -55.00 0.0025022
-165.00 -55.00 0.0021032
-160.00 -55.00 0.0021322
-155.00 -55.00 0.0022427
-150.00 -55.00 0.0019555
-145.00 -55.00 0.0010634
-140.00 -55.00 -0.0002117
-135.00 -55.00 -0.0014235
-130.00 -55.00 -0.0022367
-125.00 -55.00 -0.0025673
-120.00 -55.00 -0.0024491
-115.00 -55.00 -0.0018464
-110.00 -55.00 -0.0006637
-105.00 -55.00 0.0010469
-100.00 -55.00 0.0029292
-95.00 -55.00 0.0044341
-90.00 -55.00 0.0051349
-85.00 -55.00 0.0049665
-80.00 -55.00 0.004184
-75.00 -55.00 0.0031272
-70.00 -55.00 0.0020469
-65.00 -55.00 0.0011176
-60.00 -55.00 0.0005091
-55.00 -55.00 0.0003448
-50.00 -55.00 0.0005812
-45.00 -55.00 0.0010058
-40.00 -55.00 0.0014241
-35.00 -55.00 0.0018442
-30.00 -55.00 0.0024205
-25.00 -55.00 0.003196
-20.00 -55.00 0.0039363
-15.00 -55.00 0.0042713
-10.00 -55.00 0.0040141
-5.00 -55.00 0.0033345
0.00 -55.00 0.0026248
5.00 -55.00 0.0022071
10.00 -55.00 0.0021491
15.00 -55.00 0.0022989
20.00 -55.00 0.0024417
25.00 -55.00 0.0024282
30.00 -55.00 0.0022112
35.00 -55.00 0.0018226
40.00 -55.00 0.0013357
45.00 -55.00 0.0008224
50.00 -55.00 0.0003008
55.00 -55.00 -0.0002969
60.00 -55.00 -0.0010781
65.00 -55.00 -0.0020544
70.00 -55.00 -0.0030129
75.00 -55.00 -0.0035504
80.00 -55.00 -0.0033235
85.00 -55.00 -0.0023429
90.00 -55.00 -0.0010369
95.00 -55.00 2.69e-05
100.00 -55.00 0.0005467
105.00 -55.00 0.0006515
110.00 -55.00 0.000677
115.00 -55.00 0.0007936
120.00 -55.00 0.0008652
125.00 -55.00 0.0006577
130.00 -55.00 0.0001433
135.00 -55.00 -0.0004256
140.00 -55.00 -0.0007196
145.00 -55.00 -0.0005722
150.00 -55.00 -2.8e-05
155.00 -55.00 0.0007855
160.00 -55.00 0.0017665
165.00 -55.00 0.002805
170.00 -55.00 0.0036888
175.00 -55.00 0.0041261
180.00 -55.00 0.003937
-180.00 -50.00 0.0028701
-175.00 -50.00 0.0018362
-170.00 -50.00 0.0007661
-165.00 -50.00 0.0003344
-160.00 -50.00 0.0006213
-155.00 -50.00 0.0009494
-150.00 -50.00 0.0004718
-145.00 -50.00 -0.0010291
-140.00 -50.00 -0.0029184
-135.00 -50.00 -0.0042627
-130.00 -50.00 -0.0045806
-125.00 -50.00 -0.0040751
-120.00 -50.00 -0.0032279
-115.00 -50.00 -0.0022678
-110.00 -50.00 -0.0010546
-105.00 -50.00 0.0005856
-100.00 -50.00 0.0025034
-95.00 -50.00 0.0042493
-90.00 -50.00 0.0054288
-85.00 -50.00 0.0059629
-80.00 -50.00 0.0059643
-75.00 -50.00 0.0054454
-70.00 -50.00 0.0043179
-65.00 -50.00 0.0027504
-60.00 -50.00 0.0013788
-55.00 -50.00 0.0009293
-50.00 -50.00 0.0015472
-45.00 -50.00 0.0026099
-40.00 -50.00 0.0033263
-35.00 -50.00 0.0034841
-30.00 -50.00 0.0035036
-25.00 -50.00 0.0037707
-20.00 -50.00 0.004076
-15.00 -50.00 0.0038174
-10.00 -50.00 0.00269
-5.00 -50.00 0.0010622
0.00 -50.00 -0.0003216
5.00 -50.00 -0.0009176
10.00 -50.00 -0.0006747
15.00 -50.00 8.44e-05
20.00 -50.00 0.0009328
25.00 -50.00 0.001517
30.00 -50.00 0.0016204
35.00 -50.00 0.0011827
40.00 -50.00 0.0003074
45.00 -50.00 -0.0007728
50.00 -50.00 -0.0018028
55.00 -50.00 -0.0026553
60.00 -50.00 -0.0033985
65.00 -50.00 -0.004162
70.00 -50.00 -0.0048666
75.00 -50.00 -0.0051081
80.00 -50.00 -0.0044274
85.00 -50.00 -0.0028091
90.00 -50.00 -0.0008967
95.00 -50.00 0.0004143
100.00 -50.00 0.0007067
105.00 -50.00 0.0003714
110.00 -50.00 0.000166
115.00 -50.00 0.0004637
120.00 -50.00 0.000995
125.00 -50.00 0.0013002
130.00 -50.00 0.001297
135.00 -50.00 0.0013093
140.00 -50.00 0.0016094
145.00 -50.00 0.0020836
150.00 -50.00 0.0023995
155.00 -50.00 0.002425
160.00 -50.00 0.0023866
165.00 -50.00 0.0025931
170.00 -50.00 0.0030296
175.00 -50.00 0.0032737
180.00 -50.00 0.0028701
-180.00 -45.00 0.0004402
-175.00 -45.00 -0.0009615
-170.00 -45.00 -0.0023507
-165.00 -45.00 -0.0027978
-160.00 -45.00 -0.0021967
-155.00 -45.00 -0.0014921
-150.00 -45.00 -0.0017628
-145.00 -45.00 -0.0030956
-140.00 -45.00 -0.0044801
-135.00 -45.00 -0.004803
-130.00 -45.00 -0.003831
-125.00 -45.00 -0.00224
-120.00 -45.00 -0.0008857
-115.00 -45.00 -0.0001525
-110.00 -45.00 0.0001376
-105.00 -45.00 0.0004039
-100.00 -45.00 0.0009632
-95.00 -45.00 0.0019273
-90.00 -45.00 0.0033268
-85.00 -45.00 0.0051684
-80.00 -45.00 0.0071874
-75.00 -45.00 0.0085982
-70.00 -45.00 0.0084592
-65.00 -45.00 0.0066222
-60.00 -45.00 0.0042307
-55.00 -45.00 0.0028942
-50.00 -45.00 0.0031818
-45.00 -45.00 0.0041052
-40.00 -45.00 0.004265
-35.00 -45.00 0.0033668
-30.00 -45.00 0.0023544
-25.00 -45.00 0.0020977
-20.00 -45.00 0.0022986
-15.00 -45.00 0.0018869
-10.00 -45.00 0.0002901
-5.00 -45.00 -0.0019579
0.00 -45.00 -0.0037819
5.00 -45.00 -0.0044534
10.00 -45.00 -0.0039211
15.00 -45.00 -0.0026167
20.00 -45.00 -0.0011808
25.00 -45.00 -0.0002457
30.00 -45.00 -0.0001979
35.00 -45.00 -0.0010149
40.00 -45.00 -0.0023313
45.00 -45.00 -0.0036642
50.00 -45.00 -0.0046264
55.00 -45.00 -0.0050778
60.00 -45.00 -0.0051986
65.00 -45.00 -0.0053566
70.00 -45.00 -0.0057308
75.00 -45.00 -0.0059921
80.00 -45.00 -0.0054803
85.00 -45.00 -0.003873
90.00 -45.00 -0.0017062
95.00 -45.00 -5.48e-05
100.00 -45.00 0.0004552
105.00 -45.00 0.0002528
110.00 -45.00 0.0002964
115.00 -45.00 0.0010027
120.00 -45.00 0.0019174
125.00 -45.00 0.002453
130.00 -45.00 0.0026473
135.00 -45.00 0.0029725
140.00 -45.00 0.0035677
145.00 -45.00 0.0039704
150.00 -45.00 0.0036549
155.00 -45.00 0.0026576
160.00 -45.00 0.0015814
165.00 -45.00 0.0010331
170.00 -45.00 0.0010623
175.00 -45.00 0.0010921
180.00 -45.00 0.0004402
-180.00 -40.00 -0.0007357
-175.00 -40.00 -0.0025002
-170.00 -40.00 -0.0040372
-165.00 -40.00 -0.0044049
-160.00 -40.00 -0.003639
-155.00 -40.00 -0.0028659
-150.00 -40.00 -0.0030371
-145.00 -40.00 -0.0037655
-140.00 -40.00 -0.0037975
-135.00 -40.00 -0.0025092
-130.00 -40.00 -0.0004953
-125.00 -40.00 0.0012883
-120.00 -40.00 0.0024237
-115.00 -40.00 0.0029151
-110.00 -40.00 0.0027214
-105.00 -40.00 0.0018714
-100.00 -40.00 0.0008412
-95.00 -40.00 0.00044
-90.00 -40.00 0.0013235
-85.00 -40.00 0.0036502
-80.00 -40.00 0.0068681
-75.00 -40.00 0.0096057
-70.00 -40.00 0.010237
-65.00 -40.00 0.0082324
-60.00 -40.00 0.0049742
-55.00 -40.00 0.0026939
-50.00 -40.00 0.0023411
-45.00 -40.00 0.0027793
-40.00 -40.00 0.0023057
-35.00 -40.00 0.0006827
-30.00 -40.00 -0.0007435
-25.00 -40.00 -0.0008511
-20.00 -40.00 -0.0001535
-15.00 -40.00 -0.000151
-10.00 -40.00 -0.0016361
-5.00 -40.00 -0.0040379
0.00 -40.00 -0.0062217
5.00 -40.00 -0.0074028
10.00 -40.00 -0.0073167
15.00 -40.00 -0.0061364
20.00 -40.00 -0.004553
25.00 -40.00 -0.0035625
30.00 -40.00 -0.0037456
35.00 -40.00 -0.0047946
40.00 -40.00 -0.0058837
45.00 -40.00 -0.0063964
50.00 -40.00 -0.0062339
55.00 -40.00 -0.0056709
60.00 -40.00 -0.0051514
65.00 -40.00 -0.0051137
70.00 -40.00 -0.00571
75.00 -40.00 -0.0065387
80.00 -40.00 -0.0067493
85.00 -40.00 -0.0056742
90.00 -40.00 -0.0035363
95.00 -40.00 -0.0013998
100.00 -40.00 -0.0001651
105.00 -40.00 0.0003235
110.00 -40.00 0.0008857
115.00 -40.00 0.0018156
120.00 -40.00 0.0025618
125.00 -40.00 0.0026786
130.00 -40.00 0.0025395
135.00 -40.00 0.002743
140.00 -40.00 0.0031975
145.00 -40.00 0.0032715
150.00 -40.00 0.0026792
155.00 -40.00 0.0017981
160.00 -40.00 0.0011543
165.00 -40.00 0.0009096
170.00 -40.00 0.0008179
175.00 -40.00 0.0004071
180.00 -40.00 -0.0007357
-180.00 -35.00 -0.001053
-175.00 -35.00 -0.0024857
-170.00 -35.00 -0.0035039
-165.00 -35.00 -0.0034733
-160.00 -35.00 -0.0027074
-155.00 -35.00 -0.0024483
-150.00 -35.00 -0.0032065
-145.00 -35.00 -0.0037293
-140.00 -35.00 -0.002503
-135.00 -35.00 6.91e-05
-130.00 -35.00 0.0020703
-125.00 -35.00 0.002598
-120.00 -35.00 0.0026759
-115.00 -35.00 0.0033236
-110.00 -35.00 0.0039415
-105.00 -35.00 0.0034035
-100.00 -35.00 0.0018871
-95.00 -35.00 0.0007097
-90.00 -35.00 0.0008674
-85.00 -35.00 0.0024415
-80.00 -35.00 0.0048682
-75.00 -35.00 0.0069731
-70.00 -35.00 0.00723
-65.00 -35.00 0.0050287
-60.00 -35.00 0.0016776
-55.00 -35.00 -0.0006023
-50.00 -35.00 -0.0008527
-45.00 -35.00 -0.0001393
-40.00 -35.00 -8.1e-05
-35.00 -35.00 -0.0010284
-30.00 -35.00 -0.0019552
-25.00 -35.00 -0.0019552
-20.00 -35.00 -0.001421
-15.00 -35.00 -0.0015487
-10.00 -35.00 -0.0029834
-5.00 -35.00 -0.0053566
0.00 -35.00 -0.0079159
5.00 -35.00 -0.0099689
10.00 -35.00 -0.0107843
15.00 -35.00 -0.0099276
20.00 -35.00 -0.0080242
25.00 -35.00 -0.0065417
30.00 -35.00 -0.0063779
35.00 -35.00 -0.0070276
40.00 -35.00 -0.0073564
45.00 -35.00 -0.0067831
50.00 -35.00 -0.0055475
55.00 -35.00 -0.0042919
60.00 -35.00 -0.0036483
65.00 -35.00 -0.0039178
70.00 -35.00 -0.0048666
75.00 -35.00 -0.0058541
80.00 -35.00 -0.0061731
85.00 -35.00 -0.0053743
90.00 -35.00 -0.0036066
95.00 -35.00 -0.0016962
100.00 -35.00 -0.0004561
105.00 -35.00 0.0001904
110.00 -35.00 0.000924
115.00 -35.00 0.0018537
120.00 -35.00 0.0023531
125.00 -35.00 0.0022243
130.00 -35.00 0.0021411
135.00 -35.00 0.0025136
140.00 -35.00 0.0027481
145.00 -35.00 0.0022519
150.00 -35.00 0.0014926
155.00 -35.00 0.0013192
160.00 -35.00 0.001694
165.00 -35.00 0.0018298
170.00 -35.00 0.0012881
175.00 -35.00 0.0002548
180.00 -35.00 -0.001053
-180.00 -30.00 -0.0023347
-175.00 -30.00 -0.0023759
-170.00 -30.00 -0.0026294
-165.00 -30.00 -0.0025569
-160.00 -30.00 -0.0022474
-155.00 -30.00 -0.0028107
-150.00 -30.00 -0.0044413
-145.00 -30.00 -0.0051646
-140.00 -30.00 -0.0031163
-135.00 -30.00 0.0004152
-130.00 -30.00 0.0021665
-125.00 -30.00 0.0012107
-120.00 -30.00 1.33e-05
-115.00 -30.00 0.0006008
-110.00 -30.00 0.0018393
-105.00 -30.00 0.0017235
-100.00 -30.00 0.0004603
-95.00 -30.00 -0.0003198
-90.00 -30.00 1.71e-05
-85.00 -30.00 0.0010445
-80.00 -30.00 0.0024351
-75.00 -30.00 0.0036659
-70.00 -30.00 0.0035519
-65.00 -30.00 0.0015645
-60.00 -30.00 -0.0009912
-55.00 -30.00 -0.0022428
-50.00 -30.00 -0.001731
-45.00 -30.00 -0.0004339
-40.00 -30.00 0.0005348
-35.00 -30.00 0.0006237
-30.00 -30.00 -0.0001529
-25.00 -30.00 -0.0013222
-20.00 -30.00 -0.0023815
-15.00 -30.00 -0.0033592
-10.00 -30.00 -0.0047243
-5.00 -30.00 -0.0068051
0.00 -30.00 -0.0094678
5.00 -30.00 -0.0120157
10.00 -30.00 -0.0132585
15.00 -30.00 -0.0123516
20.00 -30.00 -0.0098991
25.00 -30.00 -0.0075826
30.00 -30.00 -0.0064387
35.00 -30.00 -0.0061188
40.00 -30.00 -0.0058415
45.00 -30.00 -0.0052145
50.00 -30.00 -0.004129
55.00 -30.00 -0.0028026
60.00 -30.00 -0.0019693
65.00 -30.00 -0.0021759
70.00 -30.00 -0.0029198
75.00 -30.00 -0.0031798
80.00 -30.00 -0.0025973
85.00 -30.00 -0.0015656
90.00 -30.00 -0.0005828
95.00 -30.00 -3.96e-05
100.00 -30.00 -6.14e-05
105.00 -30.00 -0.0001175
110.00 -30.00 0.0005026
115.00 -30.00 0.0015449
120.00 -30.00 0.0020712
125.00 -30.00 0.0020653
130.00 -30.00 0.002476
135.00 -30.00 0.0033421
140.00 -30.00 0.0033809
145.00 -30.00 0.0020711
150.00 -30.00 0.0006922
155.00 -30.00 0.0004053
160.00 -30.00 0.0005446
165.00 -30.00 -0.0001275
170.00 -30.00 -0.0014393
175.00 -30.00 -0.0022632
180.00 -30.00 -0.0023347
-180.00 -25.00 -0.0038562
-175.00 -25.00 -0.0024864
-170.00 -25.00 -0.0028275
-165.00 -25.00 -0.0038387
-160.00 -25.00 -0.0045598
-155.00 -25.00 -0.0055665
-150.00 -25.00 -0.0073227
-145.00 -25.00 -0.0081393
-140.00 -25.00 -0.0059324
-135.00 -25.00 -0.0018712
-130.00 -25.00 0.0003217
-125.00 -25.00 -0.0006844
-120.00 -25.00 -0.002295
-115.00 -25.00 -0.002388
-110.00 -25.00 -0.0022096
-105.00 -25.00 -0.0032727
-100.00 -25.00 -0.0043902
-95.00 -25.00 -0.003954
-90.00 -25.00 -0.0025524
-85.00 -25.00 -0.001208
-80.00 -25.00 0.000487
-75.00 -25.00 0.0024726
-70.00 -25.00 0.0030011
-65.00 -25.00 0.0013807
-60.00 -25.00 -0.0003481
-55.00 -25.00 -0.0002875
-50.00 -25.00 0.0009147
-45.00 -25.00 0.0019121
-40.00 -25.00 0.002553
-35.00 -25.00 0.0026305
-30.00 -25.00 0.0011312
-25.00 -25.00 -0.0018642
-20.00 -25.00 -0.0045154
-15.00 -25.00 -0.0056496
-10.00 -25.00 -0.0062788
-5.00 -25.00 -0.0078877
0.00 -25.00 -0.0104812
5.00 -25.00 -0.012811
10.00 -25.00 -0.0136098
15.00 -25.00 -0.0124671
20.00 -25.00 -0.0100923
25.00 -25.00 -0.0076118
30.00 -25.00 -0.0055316
35.00 -25.00 -0.0039125
40.00 -25.00 -0.0031218
45.00 -25.00 -0.0031995
50.00 -25.00 -0.0030016
55.00 -25.00 -0.0015725
60.00 -25.00 0.000129
65.00 -25.00 0.0005691
70.00 -25.00 0.0001049
75.00 -25.00 0.0003389
80.00 -25.00 0.0015887
85.00 -25.00 0.0026702
90.00 -25.00 0.0026833
95.00 -25.00 0.001728
100.00 -25.00 0.0005028
105.00 -25.00 5.68e-05
110.00 -25.00 0.0009917
115.00 -25.00 0.0023889
120.00 -25.00 0.0027856
125.00 -25.00 0.0023924
130.00 -25.00 0.0026296
135.00 -25.00 0.0034006
140.00 -25.00 0.0030009
145.00 -25.00 0.0010294
150.00 -25.00 -0.0009053
155.00 -25.00 -0.0019336
160.00 -25.00 -0.0031496
165.00 -25.00 -0.0052179
170.00 -25.00 -0.0066927
175.00 -25.00 -0.005995
180.00 -25.00 -0.0038562
-180.00 -20.00 -0.0041901
-175.00 -20.00 -0.0029232
-170.00 -20.00 -0.0040987
-165.00 -20.00 -0.0063383
-160.00 -20.00 -0.0078059
-155.00 -20.00 -0.0083183
-150.00 -20.00 -0.008998
-145.00 -20.00 -0.0096499
-140.00 -20.00 -0.008432
-135.00 -20.00 -0.0051641
-130.00 -20.00 -0.002501
-125.00 -20.00 -0.0022082
-120.00 -20.00 -0.0029758
-115.00 -20.00 -0.0036363
-110.00 -20.00 -0.0052115
-105.00 -20.00 -0.0076889
-100.00 -20.00 -0.0085151
-95.00 -20.00 -0.0067046
-90.00 -20.00 -0.0046075
-85.00 -20.00 -0.0033858
-80.00 -20.00 -0.0011365
-75.00 -20.00 0.0022313
-70.00 -20.00 0.0032832
-65.00 -20.00 0.0009426
-60.00 -20.00 -0.0009297
-55.00 -20.00 0.0003267
-50.00 -20.00 0.0023226
-45.00 -20.00 0.0025186
-40.00 -20.00 0.0020077
-35.00 -20.00 0.0017934
-30.00 -20.00 0.0001789
-25.00 -20.00 -0.0033714
-20.00 -20.00 -0.0060995
-15.00 -20.00 -0.006281
-10.00 -20.00 -0.0060736
-5.00 -20.00 -0.007886
0.00 -20.00 -0.0108551
5.00 -20.00 -0.0126357
10.00 -20.00 -0.012449
15.00 -20.00 -0.0111129
20.00 -20.00 -0.0094704
25.00 -20.00 -0.0075497
30.00 -20.00 -0.0049262
35.00 -20.00 -0.001995
40.00 -20.00 -0.0003324
45.00 -20.00 -0.00059
50.00 -20.00 -0.0009042
55.00 -20.00 0.0006255
60.00 -20.00 0.0028771
65.00 -20.00 0.0035232
70.00 -20.00 0.0027959
75.00 -20.00 0.0027509
80.00 -20.00 0.003752
85.00 -20.00 0.004282
90.00 -20.00 0.0034929
95.00 -20.00 0.0019496
100.00 -20.00 0.0006667
105.00 -20.00 0.000634
110.00 -20.00 0.0020828
115.00 -20.00 0.0035952
120.00 -20.00 0.0035343
125.00 -20.00 0.0024282
130.00 -20.00 0.0019368
135.00 -20.00 0.0018716
140.00 -20.00 0.0007496
145.00 -20.00 -0.001245
150.00 -20.00 -0.0026725
155.00 -20.00 -0.0037156
160.00 -20.00 -0.0057576
165.00 -20.00 -0.0083229
170.00 -20.00 -0.0090831
175.00 -20.00 -0.007095
180.00 -20.00 -0.0041901
-180.00 -15.00 -0.0044485
-175.00 -15.00 -0.0048489
-170.00 -15.00 -0.0062322
-165.00 -15.00 -0.0081333
-160.00 -15.00 -0.0092745
-155.00 -15.00 -0.0087202
-150.00 -15.00 -0.0077666
-145.00 -15.00 -0.0080316
-140.00 -15.00 -0.00847
-135.00 -15.00 -0.0072133
-130.00 -15.00 -0.0049572
-125.00 -15.00 -0.0035256
-120.00 -15.00 -0.0030813
-115.00 -15.00 -0.0035217
-110.00 -15.00 -0.005693
-105.00 -15.00 -0.0084952
-100.00 -15.00 -0.0086153
-95.00 -15.00 -0.0058157
-90.00 -15.00 -0.0038354
-85.00 -15.00 -0.0036625
-80.00 -15.00 -0.0018886
-75.00 -15.00 0.001663
-70.00 -15.00 0.0019241
-65.00 -15.00 -0.002368
-60.00 -15.00 -0.0052077
-55.00 -15.00 -0.0029199
-50.00 -15.00 0.0002506
-45.00 -15.00 0.0001969
-40.00 -15.00 -0.0008662
-35.00 -15.00 -0.000426
-30.00 -15.00 -0.0006652
-25.00 -15.00 -0.0031715
-20.00 -15.00 -0.005107
-15.00 -15.00 -0.0046362
-10.00 -15.00 -0.0046234
-5.00 -15.00 -0.0075066
0.00 -15.00 -0.0111208
5.00 -15.00 -0.012358
10.00 -15.00 -0.0113226
15.00 -15.00 -0.0098675
20.00 -15.00 -0.0086622
25.00 -15.00 -0.0070107
30.00 -15.00 -0.0041832
35.00 -15.00 -0.0006142
40.00 -15.00 0.0019714
45.00 -15.00 0.0025153
50.00 -15.00 0.002333
55.00 -15.00 0.0031328
60.00 -15.00 0.0042177
65.00 -15.00 0.0040193
70.00 -15.00 0.003198
75.00 -15.00 0.0034368
80.00 -15.00 0.0043596
85.00 -15.00 0.0043248
90.00 -15.00 0.0031227
95.00 -15.00 0.0017791
100.00 -15.00 0.0009758
105.00 -15.00 0.0010406
110.00 -15.00 0.0019593
115.00 -15.00 0.0027433
120.00 -15.00 0.0024714
125.00 -15.00 0.0017558
130.00 -15.00 0.0013307
135.00 -15.00 0.0003542
140.00 -15.00 -0.0016647
145.00 -15.00 -0.0031123
150.00 -15.00 -0.002997
155.00 -15.00 -0.0031697
160.00 -15.00 -0.0051351
165.00 -15.00 -0.0071117
170.00 -15.00 -0.0069133
175.00 -15.00 -0.0053384
180.00 -15.00 -0.0044485
-180.00 -10.00 -0.0060098
-175.00 -10.00 -0.0080349
-170.00 -10.00 -0.008538
-165.00 -10.00 -0.0088257
-160.00 -10.00 -0.0092606
-155.00 -10.00 -0.0081988
-150.00 -10.00 -0.0061402
-145.00 -10.00 -0.0057375
-140.00 -10.00 -0.0069666
-135.00 -10.00 -0.0071023
-130.00 -10.00 -0.0054569
-125.00 -10.00 -0.0037628
-120.00 -10.00 -0.0028118
-115.00 -10.00 -0.0026784
-110.00 -10.00 -0.0041816
-105.00 -10.00 -0.0064259
-100.00 -10.00 -0.0061371
-95.00 -10.00 -0.0029138
-90.00 -10.00 -0.0007136
-85.00 -10.00 -0.0009697
-80.00 -10.00 -0.0002322
-75.00 -10.00 0.0020311
-70.00 -10.00 0.0008601
-65.00 -10.00 -0.0047681
-60.00 -10.00 -0.0081368
-55.00 -10.00 -0.0053426
-50.00 -10.00 -0.0015258
-45.00 -10.00 -0.0015765
-40.00 -10.00 -0.0027746
-35.00 -10.00 -0.0017262
-30.00 -10.00 -0.0007156
-25.00 -10.00 -0.0021082
-20.00 -10.00 -0.0035685
-15.00 -10.00 -0.003365
-10.00 -10.00 -0.0041191
-5.00 -10.00 -0.0075391
0.00 -10.00 -0.0108889
5.00 -10.00 -0.0115387
10.00 -10.00 -0.0104739
15.00 -10.00 -0.0094424
20.00 -10.00 -0.0083584
25.00 -10.00 -0.0065807
30.00 -10.00 -0.0040461
35.00 -10.00 -0.0009299
40.00 -10.00 0.0021106
45.00 -10.00 0.0039965
50.00 -10.00 0.0044391
55.00 -10.00 0.0039811
60.00 -10.00 0.002891
65.00 -10.00 0.0016238
70.00 -10.00 0.0015455
75.00 -10.00 0.003154
80.00 -10.00 0.004725
85.00 -10.00 0.0046436
90.00 -10.00 0.0035974
95.00 -10.00 0.0029043
100.00 -10.00 0.0025084
105.00 -10.00 0.0018747
110.00 -10.00 0.0011034
115.00 -10.00 0.000528
120.00 -10.00 0.0005627
125.00 -10.00 0.0013857
130.00 -10.00 0.0016568
135.00 -10.00 -0.0004292
140.00 -10.00 -0.0035975
145.00 -10.00 -0.0043015
150.00 -10.00 -0.0024788
155.00 -10.00 -0.0021246
160.00 -10.00 -0.0044921
165.00 -10.00 -0.0059932
170.00 -10.00 -0.0048671
175.00 -10.00 -0.0041987
180.00 -10.00 -0.0060098
-180.00 -5.00 -0.0075131
-175.00 -5.00 -0.009843
-170.00 -5.00 -0.0095033
-165.00 -5.00 -0.0087734
-160.00 -5.00 -0.0091689
-155.00 -5.00 -0.0085926
-150.00 -5.00 -0.0064671
-145.00 -5.00 -0.0054194
-140.00 -5.00 -0.0060773
-135.00 -5.00 -0.0058336
-130.00 -5.00 -0.0038096
-125.00 -5.00 -0.0019629
-120.00 -5.00 -0.0011909
-115.00 -5.00 -0.0009849
-110.00 -5.00 -0.0018775
-105.00 -5.00 -0.0037057
-100.00 -5.00 -0.0035557
-95.00 -5.00 2.23e-05
-90.00 -5.00 0.0036692
-85.00 -5.00 0.0043325
-80.00 -5.00 0.0036991
-75.00 -5.00 0.0033943
-70.00 -5.00 0.0011241
-65.00 -5.00 -0.0036686
-60.00 -5.00 -0.0062457
-55.00 -5.00 -0.0038616
-50.00 -5.00 -0.0007754
-45.00 -5.00 -0.0011165
-40.00 -5.00 -0.0027096
-35.00 -5.00 -0.0024825
-30.00 -5.00 -0.001926
-25.00 -5.00 -0.00294
-20.00 -5.00 -0.003998
-15.00 -5.00 -0.0040532
-10.00 -5.00 -0.0049922
-5.00 -5.00 -0.0074982
0.00 -5.00 -0.0092948
5.00 -5.00 -0.0092609
10.00 -5.00 -0.0089399
15.00 -5.00 -0.0091121
20.00 -5.00 -0.0087423
25.00 -5.00 -0.0074552
30.00 -5.00 -0.0057941
35.00 -5.00 -0.0035146
40.00 -5.00 -0.0002689
45.00 -5.00 0.0028097
50.00 -5.00 0.0040796
55.00 -5.00 0.003157
60.00 -5.00 0.001036
65.00 -5.00 -0.000497
70.00 -5.00 0.0001207
75.00 -5.00 0.0024737
80.00 -5.00 0.0042853
85.00 -5.00 0.004388
90.00 -5.00 0.0040562
95.00 -5.00 0.0044428
100.00 -5.00 0.0046917
105.00 -5.00 0.0035979
110.00 -5.00 0.0014944
115.00 -5.00 -5.55e-05
120.00 -5.00 0.0003583
125.00 -5.00 0.0021659
130.00 -5.00 0.0022187
135.00 -5.00 -0.0015097
140.00 -5.00 -0.0057242
145.00 -5.00 -0.0055552
150.00 -5.00 -0.0024759
155.00 -5.00 -0.0025712
160.00 -5.00 -0.0065068
165.00 -5.00 -0.0084901
170.00 -5.00 -0.0064363
175.00 -5.00 -0.0051867
180.00 -5.00 -0.0075131
-180.00 0.00 -0.0070971
-175.00 0.00 -0.008817
-170.00 0.00 -0.0085512
-165.00 0.00 -0.007977
-160.00 0.00 -0.0086192
-155.00 0.00 -0.008692
-150.00 0.00 -0.007247
-145.00 0.00 -0.0062069
-140.00 0.00 -0.006132
-135.00 0.00 -0.0047899
-130.00 0.00 -0.0015735
-125.00 0.00 0.0010768
-120.00 0.00 0.0016717
-115.00 0.00 0.0010493
-110.00 0.00 -0.0002844
-105.00 0.00 -0.001952
-100.00 0.00 -0.0014831
-95.00 0.00 0.002981
-90.00 0.00 0.0084157
-85.00 0.00 0.0099233
-80.00 0.00 0.0071334
-75.00 0.00 0.0034499
-70.00 0.00 0.0005903
-65.00 0.00 -0.0017542
-60.00 0.00 -0.0027858
-55.00 0.00 -0.0016741
-50.00 0.00 -0.0001749
-45.00 0.00 -0.0004303
-40.00 0.00 -0.0018376
-35.00 0.00 -0.0028277
-30.00 0.00 -0.0034829
-25.00 0.00 -0.00425
-20.00 0.00 -0.0046533
-15.00 0.00 -0.0048374
-10.00 0.00 -0.0057207
-5.00 0.00 -0.0068493
0.00 0.00 -0.0068707
5.00 0.00 -0.0062123
10.00 0.00 -0.0064886
15.00 0.00 -0.0076943
20.00 0.00 -0.0085429
25.00 0.00 -0.0086215
30.00 0.00 -0.0079677
35.00 0.00 -0.0059349
40.00 0.00 -0.0024983
45.00 0.00 0.0007073
50.00 0.00 0.0020721
55.00 0.00 0.0015406
60.00 0.00 8.14e-05
65.00 0.00 -0.0009997
70.00 0.00 -0.0005631
75.00 0.00 0.0011187
80.00 0.00 0.0023973
85.00 0.00 0.0026152
90.00 0.00 0.0030137
95.00 0.00 0.0043292
100.00 0.00 0.0052709
105.00 0.00 0.0044205
110.00 0.00 0.0022775
115.00 0.00 0.0007812
120.00 0.00 0.0013071
125.00 0.00 0.0026985
130.00 0.00 0.0016238
135.00 0.00 -0.0030647
140.00 0.00 -0.0071531
145.00 0.00 -0.0061418
150.00 0.00 -0.0027177
155.00 0.00 -0.003518
160.00 0.00 -0.0086386
165.00 0.00 -0.0113174
170.00 0.00 -0.0088402
175.00 0.00 -0.0061977
180.00 0.00 -0.0070971
-180.00 5.00 -0.0054627
-175.00 5.00 -0.0067645
-170.00 5.00 -0.0070413
-165.00 5.00 -0.0067095
-160.00 5.00 -0.0069436
-155.00 5.00 -0.0071261
-150.00 5.00 -0.0066052
-145.00 5.00 -0.0062303
-140.00 5.00 -0.006081
-135.00 5.00 -0.0043042
-130.00 5.00 -0.0002796
-125.00 5.00 0.0033956
-120.00 5.00 0.0040278
-115.00 5.00 0.0019743
-110.00 5.00 -0.0006048
-105.00 5.00 -0.0018401
-100.00 5.00 -8.17e-05
-95.00 5.00 0.0051788
-90.00 5.00 0.0108788
-85.00 5.00 0.012016
-80.00 5.00 0.0075478
-75.00 5.00 0.0019826
-70.00 5.00 -0.000426
-65.00 5.00 -0.0002739
-60.00 5.00 -0.0002832
-55.00 5.00 -0.0009362
-50.00 5.00 -0.0010217
-45.00 5.00 -0.0005021
-40.00 5.00 -0.0005611
-35.00 5.00 -0.0015888
-30.00 5.00 -0.0027036
-25.00 5.00 -0.0032167
-20.00 5.00 -0.0036299
-15.00 5.00 -0.0046898
-10.00 5.00 -0.0058929
-5.00 5.00 -0.0059456
0.00 5.00 -0.0047875
5.00 5.00 -0.0038901
10.00 5.00 -0.0042425
15.00 5.00 -0.0054473
20.00 5.00 -0.0069335
25.00 5.00 -0.0082707
30.00 5.00 -0.0082945
35.00 5.00 -0.0060991
40.00 5.00 -0.0029236
45.00 5.00 -0.000974
50.00 5.00 -0.0006811
55.00 5.00 -0.0010324
60.00 5.00 -0.001635
65.00 5.00 -0.0023497
70.00 5.00 -0.0022067
75.00 5.00 -0.0008385
80.00 5.00 0.0004333
85.00 5.00 0.0007426
90.00 5.00 0.0011748
95.00 5.00 0.0025445
100.00 5.00 0.003603
105.00 5.00 0.0030009
110.00 5.00 0.0014411
115.00 5.00 0.0006248
120.00 5.00 0.0010193
125.00 5.00 0.0012606
130.00 5.00 -0.0004686
135.00 5.00 -0.0039863
140.00 5.00 -0.0063256
145.00 5.00 -0.0052219
150.00 5.00 -0.0030259
155.00 5.00 -0.0040564
160.00 5.00 -0.0080268
165.00 5.00 -0.0100855
170.00 5.00 -0.0080921
175.00 5.00 -0.005477
180.00 5.00 -0.0054627
-180.00 10.00 -0.0045347
-175.00 10.00 -0.005878
-170.00 10.00 -0.0064494
-165.00 10.00 -0.0058434
-160.00 10.00 -0.0052128
-155.00 10.00 -0.0052722
-150.00 10.00 -0.0055429
-145.00 10.00 -0.0056181
-140.00 10.00 -0.0053432
-135.00 10.00 -0.003732
-130.00 10.00 -3.49e-05
-125.00 10.00 0.0038152
-120.00 10.00 0.0044483
-115.00 10.00 0.0014764
-110.00 10.00 -0.001653
-105.00 10.00 -0.0017585
-100.00 10.00 0.0012649
-95.00 10.00 0.005631
-90.00 10.00 0.0090266
-85.00 10.00 0.0090818
-80.00 10.00 0.0055143
-75.00 10.00 0.0016807
-70.00 10.00 0.0010578
-65.00 10.00 0.002577
-60.00 10.00 0.0025235
-55.00 10.00 0.0003857
-50.00 10.00 -0.0008419
-45.00 10.00 9.34e-05
-40.00 10.00 0.0010226
-35.00 10.00 0.0003333
-30.00 10.00 -0.0009494
-25.00 10.00 -0.0019385
-20.00 10.00 -0.0034891
-15.00 10.00 -0.0056879
-10.00 10.00 -0.0065755
-5.00 10.00 -0.0051184
0.00 10.00 -0.0031869
5.00 10.00 -0.00282
10.00 10.00 -0.0035838
15.00 10.00 -0.0043549
20.00 10.00 -0.005466
25.00 10.00 -0.0070107
30.00 10.00 -0.0072932
35.00 10.00 -0.0053866
40.00 10.00 -0.0032045
45.00 10.00 -0.0027221
50.00 10.00 -0.003248
55.00 10.00 -0.0035405
60.00 10.00 -0.0040648
65.00 10.00 -0.0049251
70.00 10.00 -0.0044009
75.00 10.00 -0.00197
80.00 10.00 1.72e-05
85.00 10.00 1.21e-05
90.00 10.00 -0.0002437
95.00 10.00 0.0008853
100.00 10.00 0.0020034
105.00 10.00 0.0014634
110.00 10.00 0.0003201
115.00 10.00 0.0001582
120.00 10.00 0.0002642
125.00 10.00 -0.0008224
130.00 10.00 -0.0026675
135.00 10.00 -0.003749
140.00 10.00 -0.0037312
145.00 10.00 -0.003549
150.00 10.00 -0.003997
155.00 10.00 -0.0050611
160.00 10.00 -0.0060485
165.00 10.00 -0.0060564
170.00 10.00 -0.0049799
175.00 10.00 -0.0040583
180.00 10.00 -0.0045347
-180.00 15.00 -0.0047058
-175.00 15.00 -0.0060461
-170.00 15.00 -0.0066489
-165.00 15.00 -0.0057744
-160.00 15.00 -0.0046262
-155.00 15.00 -0.0046811
-150.00 15.00 -0.0052552
-145.00 15.00 -0.0048976
-140.00 15.00 -0.0037156
-135.00 15.00 -0.0021896
-130.00 15.00 0.0002102
-125.00 15.00 0.0029244
-120.00 15.00 0.0034408
-115.00 15.00 0.0011823
-110.00 15.00 -0.0004627
-105.00 15.00 0.0012492
-100.00 15.00 0.0044623
-95.00 15.00 0.0059482
-90.00 15.00 0.0054951
-85.00 15.00 0.0046708
-80.00 15.00 0.0040313
-75.00 15.00 0.0037899
-70.00 15.00 0.0045478
-65.00 15.00 0.0055228
-60.00 15.00 0.004754
-55.00 15.00 0.0024335
-50.00 15.00 0.0011493
-45.00 15.00 0.0017499
-40.00 15.00 0.0020595
-35.00 15.00 0.0006189
-30.00 15.00 -0.0015422
-25.00 15.00 -0.0036607
-20.00 15.00 -0.0062483
-15.00 15.00 -0.0083855
-10.00 15.00 -0.0076957
-5.00 15.00 -0.0044324
0.00 15.00 -0.0021862
5.00 15.00 -0.0029727
10.00 15.00 -0.0047816
15.00 15.00 -0.0054409
20.00 15.00 -0.0055866
25.00 15.00 -0.0061328
30.00 15.00 -0.0061216
35.00 15.00 -0.0050379
40.00 15.00 -0.0042493
45.00 15.00 -0.0043827
50.00 15.00 -0.0042387
55.00 15.00 -0.003696
60.00 15.00 -0.0042728
65.00 15.00 -0.0054638
70.00 15.00 -0.0044723
75.00 15.00 -0.001221
80.00 15.00 0.0006075
85.00 15.00 -0.0005021
90.00 15.00 -0.001323
95.00 15.00 0.0004389
100.00 15.00 0.0023508
105.00 15.00 0.0019541
110.00 15.00 0.0009587
115.00 15.00 0.0013998
120.00 15.00 0.0015236
125.00 15.00 -0.000652
130.00 15.00 -0.0029646
135.00 15.00 -0.0024871
140.00 15.00 -0.0007847
145.00 15.00 -0.0014994
150.00 15.00 -0.0043727
155.00 15.00 -0.005857
160.00 15.00 -0.0047139
165.00 15.00 -0.0031546
170.00 15.00 -0.0029106
175.00 15.00 -0.0036034
180.00 15.00 -0.0047058
-180.00 20.00 -0.0048067
-175.00 20.00 -0.0058232
-170.00 20.00 -0.0064321
-165.00 20.00 -0.0056758
-160.00 20.00 -0.0045095
-155.00 20.00 -0.0045169
-150.00 20.00 -0.0048492
-145.00 20.00 -0.0036052
-140.00 20.00 -0.0012676
-135.00 20.00 0.0003499
-130.00 20.00 0.001214
-125.00 20.00 0.0021079
-120.00 20.00 0.0024176
-115.00 20.00 0.0019893
-110.00 20.00 0.0029177
-105.00 20.00 0.0061087
-100.00 20.00 0.0084635
-95.00 20.00 0.0070743
-90.00 20.00 0.003981
-85.00 20.00 0.003207
-80.00 20.00 0.0050731
-75.00 20.00 0.0067492
-70.00 20.00 0.0066492
-65.00 20.00 0.0053414
-60.00 20.00 0.0036726
-55.00 20.00 0.0024083
-50.00 20.00 0.0023133
-45.00 20.00 0.0028344
-40.00 20.00 0.0021649
-35.00 20.00 -0.0003079
-30.00 20.00 -0.0033425
-25.00 20.00 -0.0060662
-20.00 20.00 -0.008509
-15.00 20.00 -0.0096421
-10.00 20.00 -0.0079035
-5.00 20.00 -0.0044265
0.00 20.00 -0.0027273
5.00 20.00 -0.0041403
10.00 20.00 -0.0062628
15.00 20.00 -0.0067627
20.00 20.00 -0.0059767
25.00 20.00 -0.0049896
30.00 20.00 -0.004027
35.00 20.00 -0.0035644
40.00 20.00 -0.0042138
45.00 20.00 -0.0048799
50.00 20.00 -0.0039011
55.00 20.00 -0.002274
60.00 20.00 -0.0023961
65.00 20.00 -0.0035375
70.00 20.00 -0.0026705
75.00 20.00 -0.000132
80.00 20.00 0.0003674
85.00 20.00 -0.0016297
90.00 20.00 -0.0019445
95.00 20.00 0.0011446
100.00 20.00 0.0037482
105.00 20.00 0.0030228
110.00 20.00 0.0018061
115.00 20.00 0.0029965
120.00 20.00 0.0041221
125.00 20.00 0.0020994
130.00 20.00 -0.0006331
135.00 20.00 -7.1e-05
140.00 20.00 0.002219
145.00 20.00 0.0015691
150.00 20.00 -0.0020252
155.00 20.00 -0.0041868
160.00 20.00 -0.0032979
165.00 20.00 -0.0021455
170.00 20.00 -0.0026875
175.00 20.00 -0.0038793
180.00 20.00 -0.0048067
-180.00 25.00 -0.003931
-175.00 25.00 -0.0044214
-170.00 25.00 -0.0048684
-165.00 25.00 -0.0043265
-160.00 25.00 -0.0034063
-155.00 25.00 -0.0034067
-150.00 25.00 -0.0035238
-145.00 25.00 -0.0019372
-140.00 25.00 0.0007938
-135.00 25.00 0.0023538
-130.00 25.00 0.0021635
-125.00 25.00 0.001597
-120.00 25.00 0.0015544
-115.00 25.00 0.0023037
-110.00 25.00 0.0044459
-105.00 25.00 0.0073931
-100.00 25.00 0.008422
-95.00 25.00 0.0061391
-90.00 25.00 0.0034242
-85.00 25.00 0.0039352
-80.00 25.00 0.0069232
-75.00 25.00 0.0084184
-70.00 25.00 0.0065796
-65.00 25.00 0.003229
-60.00 25.00 0.0008442
-55.00 25.00 0.000324
-50.00 25.00 0.0011862
-45.00 25.00 0.0021286
-40.00 25.00 0.0017184
-35.00 25.00 -0.0003312
-30.00 25.00 -0.0029727
-25.00 25.00 -0.0052742
-20.00 25.00 -0.0070469
-15.00 25.00 -0.0078918
-10.00 25.00 -0.0072055
-5.00 25.00 -0.0055725
0.00 25.00 -0.0046178
5.00 25.00 -0.0049771
10.00 25.00 -0.0057009
15.00 25.00 -0.0057909
20.00 25.00 -0.0049771
25.00 25.00 -0.0032349
30.00 25.00 -0.0012008
35.00 25.00 -0.0006013
40.00 25.00 -0.0022402
45.00 25.00 -0.0040944
50.00 25.00 -0.0037437
55.00 25.00 -0.0020407
60.00 25.00 -0.0015838
65.00 25.00 -0.0022831
70.00 25.00 -0.0019367
75.00 25.00 -0.0007473
80.00 25.00 -0.0010319
85.00 25.00 -0.0022321
90.00 25.00 -0.0009481
95.00 25.00 0.0029133
100.00 25.00 0.0048956
105.00 25.00 0.0029946
110.00 25.00 0.0011914
115.00 25.00 0.0029606
120.00 25.00 0.005623
125.00 25.00 0.0051661
130.00 25.00 0.0030089
135.00 25.00 0.0031204
140.00 25.00 0.0049986
145.00 25.00 0.004749
150.00 25.00 0.0017611
155.00 25.00 -0.0007258
160.00 25.00 -0.0012
165.00 25.00 -0.0014524
170.00 25.00 -0.0025965
175.00 25.00 -0.0035825
180.00 25.00 -0.003931
-180.00 30.00 -0.0025801
-175.00 30.00 -0.0024147
-170.00 30.00 -0.0022534
-165.00 30.00 -0.0016744
-160.00 30.00 -0.0011773
-155.00 30.00 -0.0015393
-150.00 30.00 -0.001944
-145.00 30.00 -0.0008797
-140.00 30.00 0.001225
-135.00 30.00 0.0023152
-130.00 30.00 0.0016147
-125.00 30.00 0.0004086
-120.00 30.00 6.75e-05
-115.00 30.00 0.0008842
-110.00 30.00 0.0025026
-105.00 30.00 0.0039677
-100.00 30.00 0.0039334
-95.00 30.00 0.0024009
-90.00 30.00 0.0015602
-85.00 30.00 0.0032289
-80.00 30.00 0.0060908
-75.00 30.00 0.007147
-70.00 30.00 0.005371
-65.00 30.00 0.0023886
-60.00 30.00 8.65e-05
-55.00 30.00 -0.0008935
-50.00 30.00 -0.0006868
-45.00 30.00 0.0002109
-40.00 30.00 0.0008681
-35.00 30.00 0.0004831
-30.00 30.00 -0.0008747
-25.00 30.00 -0.0025943
-20.00 30.00 -0.0043268
-15.00 30.00 -0.005962
-10.00 30.00 -0.0071122
-5.00 30.00 -0.0071688
0.00 30.00 -0.0059184
5.00 30.00 -0.004018
10.00 30.00 -0.0027582
15.00 30.00 -0.0028616
20.00 30.00 -0.003319
25.00 30.00 -0.0023081
30.00 30.00 0.0001312
35.00 30.00 0.0015093
40.00 30.00 0.0001288
45.00 30.00 -0.0022967
50.00 30.00 -0.0029639
55.00 30.00 -0.0018618
60.00 30.00 -0.0011757
65.00 30.00 -0.0016268
70.00 30.00 -0.0019813
75.00 30.00 -0.0017729
80.00 30.00 -0.0016285
85.00 30.00 -0.0009045
90.00 30.00 0.0017989
95.00 30.00 0.0051967
100.00 30.00 0.005775
105.00 30.00 0.0030215
110.00 30.00 0.0009938
115.00 30.00 0.0027
120.00 30.00 0.0058497
125.00 30.00 0.0067313
130.00 30.00 0.0056955
135.00 30.00 0.0055522
140.00 30.00 0.0064393
145.00 30.00 0.0059748
150.00 30.00 0.0036086
155.00 30.00 0.0013217
160.00 30.00 0.0001856
165.00 30.00 -0.0007338
170.00 30.00 -0.0019415
175.00 30.00 -0.0026475
180.00 30.00 -0.0025801
-180.00 35.00 -0.0018972
-175.00 35.00 -0.0010663
-170.00 35.00 -4.81e-05
-165.00 35.00 0.00079
-160.00 35.00 0.0009013
-155.00 35.00 0.0001275
-150.00 35.00 -0.0005929
-145.00 35.00 -0.0001928
-140.00 35.00 0.0008782
-135.00 35.00 0.0010776
-130.00 35.00 -0.0001116
-125.00 35.00 -0.0015033
-120.00 35.00 -0.0017531
-115.00 35.00 -0.0007176
-110.00 35.00 0.0007814
-105.00 35.00 0.0017825
-100.00 35.00 0.0017602
-95.00 35.00 0.0010502
-90.00 35.00 0.0006811
-85.00 35.00 0.0012792
-80.00 35.00 0.002325
-75.00 35.00 0.0029153
-70.00 35.00 0.0028253
-65.00 35.00 0.0022667
-60.00 35.00 0.0011852
-55.00 35.00 -0.0003482
-50.00 35.00 -0.0014636
-45.00 35.00 -0.0012153
-40.00 35.00 7.19e-05
-35.00 35.00 0.0009582
-30.00 35.00 0.0004254
-25.00 35.00 -0.001342
-20.00 35.00 -0.0036577
-15.00 35.00 -0.0060247
-10.00 35.00 -0.007809
-5.00 35.00 -0.0079119
0.00 35.00 -0.0056678
5.00 35.00 -0.0021778
10.00 35.00 5.3e-05
15.00 35.00 -0.0004151
20.00 35.00 -0.0021123
25.00 35.00 -0.0022314
30.00 35.00 -0.0001229
35.00 35.00 0.0019041
40.00 35.00 0.0017685
45.00 35.00 0.0003511
50.00 35.00 -7e-05
55.00 35.00 0.0008801
60.00 35.00 0.0015403
65.00 35.00 0.00092
70.00 35.00 -0.0001443
75.00 35.00 -0.0005051
80.00 35.00 0.0001761
85.00 35.00 0.0019244
90.00 35.00 0.0044502
95.00 35.00 0.0063339
100.00 35.00 0.0059228
105.00 35.00 0.0037525
110.00 35.00 0.0025237
115.00 35.00 0.0037389
120.00 35.00 0.0058005
125.00 35.00 0.006543
130.00 35.00 0.0061701
135.00 35.00 0.0061352
140.00 35.00 0.006342
145.00 35.00 0.005448
150.00 35.00 0.0033507
155.00 35.00 0.0014165
160.00 35.00 0.0003503
165.00 35.00 -0.0004774
170.00 35.00 -0.0014836
175.00 35.00 -0.0021171
180.00 35.00 -0.0018972
-180.00 40.00 -0.0017696
-175.00 40.00 -0.0006485
-170.00 40.00 0.0008167
-165.00 40.00 0.0017986
-160.00 40.00 0.0018244
-155.00 40.00 0.0011989
-150.00 40.00 0.0008185
-145.00 40.00 0.0011609
-140.00 40.00 0.0015306
-135.00 40.00 0.0007993
-130.00 40.00 -0.0010764
-125.00 40.00 -0.0027497
-120.00 40.00 -0.0028104
-115.00 40.00 -0.0010694
-110.00 40.00 0.0015097
-105.00 40.00 0.0037234
-100.00 40.00 0.0047928
-95.00 40.00 0.0044891
-90.00 40.00 0.0030256
-85.00 40.00 0.0009773
-80.00 40.00 -0.0007597
-75.00 40.00 -0.0012454
-70.00 40.00 -0.0002203
-65.00 40.00 0.0013299
-60.00 40.00 0.0018275
-55.00 40.00 0.000743
-50.00 40.00 -0.0006986
-45.00 40.00 -0.0008915
-40.00 40.00 0.00025
-35.00 40.00 0.0012288
-30.00 40.00 0.0006848
-25.00 40.00 -0.0013578
-20.00 40.00 -0.0039503
-15.00 40.00 -0.0062241
-10.00 40.00 -0.0075344
-5.00 40.00 -0.0071772
0.00 40.00 -0.0048738
5.00 40.00 -0.0016747
10.00 40.00 0.0003957
15.00 40.00 0.000255
20.00 40.00 -0.0009416
25.00 40.00 -0.0010794
30.00 40.00 0.0004009
35.00 40.00 0.0020005
40.00 40.00 0.0023279
45.00 40.00 0.0018907
50.00 40.00 0.0020867
55.00 40.00 0.0030699
60.00 40.00 0.0036331
65.00 40.00 0.0030596
70.00 40.00 0.0021224
75.00 40.00 0.0020272
80.00 40.00 0.0030549
85.00 40.00 0.0045174
90.00 40.00 0.0055112
95.00 40.00 0.0054785
100.00 40.00 0.0045605
105.00 40.00 0.0036795
110.00 40.00 0.0037891
115.00 40.00 0.0047635
120.00 40.00 0.0055159
125.00 40.00 0.0054683
130.00 40.00 0.0052627
135.00 40.00 0.0055656
140.00 40.00 0.0058465
145.00 40.00 0.005113
150.00 40.00 0.003425
155.00 40.00 0.0017955
160.00 40.00 0.0007573
165.00 40.00 -0.0001059
170.00 40.00 -0.0011437
175.00 40.00 -0.001918
180.00 40.00 -0.0017696
-180.00 45.00 -0.0007977
-175.00 45.00 5.48e-05
-170.00 45.00 0.0012254
-165.00 45.00 0.001982
-160.00 45.00 0.0020862
-155.00 45.00 0.0019846
-150.00 45.00 0.0022811
-145.00 45.00 0.0029318
-140.00 45.00 0.0030704
-135.00 45.00 0.0018531
-130.00 45.00 -0.0004884
-125.00 45.00 -0.0025955
-120.00 45.00 -0.0030488
-115.00 45.00 -0.0014402
-110.00 45.00 0.0014988
-105.00 45.00 0.0045219
-100.00 45.00 0.0064818
-95.00 45.00 0.0066227
-90.00 45.00 0.0047938
-85.00 45.00 0.0017036
-80.00 45.00 -0.0011438
-75.00 45.00 -0.0022252
-70.00 45.00 -0.0011507
-65.00 45.00 0.0008949
-60.00 45.00 0.0021379
-55.00 45.00 0.0018392
-50.00 45.00 0.0008471
-45.00 45.00 0.0004456
-40.00 45.00 0.0008583
-35.00 45.00 0.0011301
-30.00 45.00 0.0003485
-25.00 45.00 -0.0013953
-20.00 45.00 -0.0032997
-15.00 45.00 -0.0047034
-10.00 45.00 -0.0053629
-5.00 45.00 -0.0051636
0.00 45.00 -0.004066
5.00 45.00 -0.0024324
10.00 45.00 -0.0010045
15.00 45.00 -0.0002341
20.00 45.00 0.0001879
25.00 45.00 0.0008119
30.00 45.00 0.0015387
35.00 45.00 0.0016632
40.00 45.00 0.0008978
45.00 45.00 -7e-05
50.00 45.00 -0.0003563
55.00 45.00 6.28e-05
60.00 45.00 0.0005042
65.00 45.00 0.0006886
70.00 45.00 0.0011935
75.00 45.00 0.0026067
80.00 45.00 0.0045473
85.00 45.00 0.0058462
90.00 45.00 0.0056696
95.00 45.00 0.0043365
100.00 45.00 0.0030548
105.00 45.00 0.0028789
110.00 45.00 0.0038201
115.00 45.00 0.0049165
120.00 45.00 0.005251
125.00 45.00 0.0048864
130.00 45.00 0.0046402
135.00 45.00 0.0049624
140.00 45.00 0.0053595
145.00 45.00 0.0050868
150.00 45.00 0.0040961
155.00 45.00 0.0029573
160.00 45.00 0.0020213
165.00 45.00 0.0011057
170.00 45.00 5.59e-05
175.00 45.00 -0.0007665
180.00 45.00 -0.0007977
-180.00 50.00 0.0011347
-175.00 50.00 0.0015441
-170.00 50.00 0.002157
-165.00 50.00 0.0025691
-160.00 50.00 0.0027128
-155.00 50.00 0.0029005
-150.00 50.00 0.0034039
-145.00 50.00 0.0039915
-140.00 50.00 0.0039652
-135.00 50.00 0.0027661
-130.00 50.00 0.0005885
-125.00 50.00 -0.0016257
-120.00 50.00 -0.0028279
-115.00 50.00 -0.0025413
-110.00 50.00 -0.0010478
-105.00 50.00 0.0008918
-100.00 50.00 0.0024234
-95.00 50.00 0.0028927
-90.00 50.00 0.0021011
-85.00 50.00 0.0005073
-80.00 50.00 -0.0008829
-75.00 50.00 -0.0011086
-70.00 50.00 7.3e-06
-65.00 50.00 0.0016585
-60.00 50.00 0.002705
-55.00 50.00 0.0026156
-50.00 50.00 0.0017741
-45.00 50.00 0.0008904
-40.00 50.00 0.0002415
-35.00 50.00 -0.0004165
-30.00 50.00 -0.0013046
-25.00 50.00 -0.002223
-20.00 50.00 -0.002776
-15.00 50.00 -0.0028469
-10.00 50.00 -0.0026908
-5.00 50.00 -0.0025857
0.00 50.00 -0.0025279
5.00 50.00 -0.0023019
10.00 50.00 -0.0017394
15.00 50.00 -0.0008601
20.00 50.00 0.0001238
25.00 50.00 0.0008183
30.00 50.00 0.0007506
35.00 50.00 -0.000312
40.00 50.00 -0.0020477
45.00 50.00 -0.0037032
50.00 50.00 -0.0046546
55.00 50.00 -0.0048043
60.00 50.00 -0.0043433
65.00 50.00 -0.0032369
70.00 50.00 -0.0012001
75.00 50.00 0.0017097
80.00 50.00 0.0046407
85.00 50.00 0.0063514
90.00 50.00 0.0062106
95.00 50.00 0.0048014
100.00 50.00 0.0034813
105.00 50.00 0.0032752
110.00 50.00 0.004115
115.00 50.00 0.0050874
120.00 50.00 0.0053797
125.00 50.00 0.0049651
130.00 50.00 0.0044115
135.00 50.00 0.0041615
140.00 50.00 0.0041408
145.00 50.00 0.0040355
150.00 50.00 0.0037386
155.00 50.00 0.0033758
160.00 50.00 0.0030021
165.00 50.00 0.0024986
170.00 50.00 0.0018302
175.00 50.00 0.0012549
180.00 50.00 0.0011347
-180.00 55.00 0.002139
-175.00 55.00 0.0023444
-170.00 55.00 0.0027607
-165.00 55.00 0.0031651
-160.00 55.00 0.0034497
-155.00 55.00 0.0036702
-150.00 55.00 0.0038852
-145.00 55.00 0.003974
-140.00 55.00 0.0036543
-135.00 55.00 0.0027197
-130.00 55.00 0.0012705
-125.00 55.00 -0.000294
-120.00 55.00 -0.0015194
-115.00 55.00 -0.002156
-110.00 55.00 -0.0022399
-105.00 55.00 -0.0019988
-100.00 55.00 -0.0017083
-95.00 55.00 -0.0015766
-90.00 55.00 -0.0016485
-85.00 55.00 -0.001746
-80.00 55.00 -0.0015351
-75.00 55.00 -0.0007604
-70.00 55.00 0.0004958
-65.00 55.00 0.0017774
-60.00 55.00 0.0025243
-55.00 55.00 0.0024327
-50.00 55.00 0.0015879
-45.00 55.00 0.0002968
-40.00 55.00 -0.0011462
-35.00 55.00 -0.0025084
-30.00 55.00 -0.003521
-25.00 55.00 -0.0038773
-20.00 55.00 -0.0034308
-15.00 55.00 -0.0023953
-10.00 55.00 -0.0012837
-5.00 55.00 -0.0005858
0.00 55.00 -0.0004596
5.00 55.00 -0.0006942
10.00 55.00 -0.0009403
15.00 55.00 -0.0009967
20.00 55.00 -0.0009447
25.00 55.00 -0.0010639
30.00 55.00 -0.0016019
35.00 55.00 -0.0025569
40.00 55.00 -0.0036407
45.00 55.00 -0.0044677
50.00 55.00 -0.0048018
55.00 55.00 -0.0046143
60.00 55.00 -0.0039047
65.00 55.00 -0.0025391
70.00 55.00 -0.0003809
75.00 55.00 0.0023614
80.00 55.00 0.0049799
85.00 55.00 0.0066006
90.00 55.00 0.006798
95.00 55.00 0.0059396
100.00 55.00 0.0049087
105.00 55.00 0.0044291
110.00 55.00 0.0045759
115.00 55.00 0.0048654
120.00 55.00 0.0047709
125.00 55.00 0.0041628
130.00 55.00 0.0033217
135.00 55.00 0.0026293
140.00 55.00 0.002292
145.00 55.00 0.0023027
150.00 55.00 0.0025444
155.00 55.00 0.0028563
160.00 55.00 0.0030489
165.00 55.00 0.0029726
170.00 55.00 0.0026424
175.00 55.00 0.0022743
180.00 55.00 0.002139
-180.00 60.00 0.0014394
-175.00 60.00 0.0016364
-170.00 60.00 0.002174
-165.00 60.00 0.002838
-160.00 60.00 0.003393
-155.00 60.00 0.003687
-150.00 60.00 0.0036762
-145.00 60.00 0.0033914
-140.00 60.00 0.0029043
-135.00 60.00 0.0023161
-130.00 60.00 0.0017474
-125.00 60.00 0.0013
-120.00 60.00 0.001004
-115.00 60.00 0.000798
-110.00 60.00 0.0005686
-105.00 60.00 0.0002208
-100.00 60.00 -0.0002677
-95.00 60.00 -0.0008325
-90.00 60.00 -0.0013403
-85.00 60.00 -0.0016214
-80.00 60.00 -0.001524
-75.00 60.00 -0.0009893
-70.00 60.00 -0.0001147
-65.00 60.00 0.0008476
-60.00 60.00 0.0015744
-55.00 60.00 0.0017918
-50.00 60.00 0.0013636
-45.00 60.00 0.0003208
-40.00 60.00 -0.0011418
-35.00 60.00 -0.0026831
-30.00 60.00 -0.0038734
-25.00 60.00 -0.004328
-20.00 60.00 -0.0038837
-15.00 60.00 -0.0027074
-10.00 60.00 -0.0012397
-5.00 60.00 1.17e-05
0.00 60.00 0.0006986
5.00 60.00 0.000741
10.00 60.00 0.0002796
15.00 60.00 -0.0004576
20.00 60.00 -0.0012651
25.00 60.00 -0.0019909
30.00 60.00 -0.0025094
35.00 60.00 -0.0027036
40.00 60.00 -0.0024988
45.00 60.00 -0.0019219
50.00 60.00 -0.0011107
55.00 60.00 -0.0002281
60.00 60.00 0.0006643
65.00 60.00 0.0016469
70.00 60.00 0.0028312
75.00 60.00 0.004176
80.00 60.00 0.0054098
85.00 60.00 0.0061644
90.00 60.00 0.006228
95.00 60.00 0.0057033
100.00 60.00 0.0049299
105.00 60.00 0.0042352
110.00 60.00 0.0037284
115.00 60.00 0.0032961
120.00 60.00 0.0027754
125.00 60.00 0.0021357
130.00 60.00 0.0015222
135.00 60.00 0.0011514
140.00 60.00 0.0011637
145.00 60.00 0.0015373
150.00 60.00 0.0020952
155.00 60.00 0.002582
160.00 60.00 0.0027736
165.00 60.00 0.002584
170.00 60.00 0.0021219
175.00 60.00 0.001648
180.00 60.00 0.0014394
-180.00 65.00 0.0008744
-175.00 65.00 0.0011234
-170.00 65.00 0.0017348
-165.00 65.00 0.002503
-160.00 65.00 0.0031726
-155.00 65.00 0.0035444
-150.00 65.00 0.0035484
-145.00 65.00 0.0032606
-140.00 65.00 0.0028625
-135.00 65.00 0.0025656
-130.00 65.00 0.0025279
-125.00 65.00 0.0027923
-120.00 65.00 0.0032675
-115.00 65.00 0.0037627
-110.00 65.00 0.0040593
-105.00 65.00 0.0039915
-100.00 65.00 0.003504
-95.00 65.00 0.0026682
-90.00 65.00 0.0016599
-85.00 65.00 0.0007085
-80.00 65.00 3.33e-05
-75.00 65.00 -0.00022
-70.00 65.00 -2.69e-05
-65.00 65.00 0.0004998
-60.00 65.00 0.001135
-55.00 65.00 0.0016036
-50.00 65.00 0.0016638
-45.00 65.00 0.0011895
-40.00 65.00 0.0002266
-35.00 65.00 -0.001001
-30.00 65.00 -0.0021502
-25.00 65.00 -0.0028747
-20.00 65.00 -0.0029547
-15.00 65.00 -0.0023845
-10.00 65.00 -0.0013727
-5.00 65.00 -0.0002561
0.00 65.00 0.0006291
5.00 65.00 0.0010583
10.00 65.00 0.0009743
15.00 65.00 0.0004797
20.00 65.00 -0.0002114
25.00 65.00 -0.000841
30.00 65.00 -0.0011781
35.00 65.00 -0.0010819
40.00 65.00 -0.0005437
45.00 65.00 0.0003137
50.00 65.00 0.001288
55.00 65.00 0.0021861
60.00 65.00 0.0029029
65.00 65.00 0.003444
70.00 65.00 0.0038782
75.00 65.00 0.0042554
80.00 65.00 0.004553
85.00 65.00 0.0046895
90.00 65.00 0.004587
95.00 65.00 0.0042309
100.00 65.00 0.0036802
105.00 65.00 0.0030286
110.00 65.00 0.0023584
115.00 65.00 0.0017264
120.00 65.00 0.0011836
125.00 65.00 0.0007998
130.00 65.00 0.0006572
135.00 65.00 0.0008099
140.00 65.00 0.0012347
145.00 65.00 0.0018092
150.00 65.00 0.0023382
155.00 65.00 0.0026231
160.00 65.00 0.0025461
165.00 65.00 0.0021311
170.00 65.00 0.0015482
175.00 65.00 0.0010519
180.00 65.00 0.0008744
-180.00 70.00 0.0017302
-175.00 70.00 0.0021712
-170.00 70.00 0.0028087
-165.00 70.00 0.0035069
-160.00 70.00 0.0041056
-155.00 70.00 0.0044781
-150.00 70.00 0.0045774
-145.00 70.00 0.0044507
-140.00 70.00 0.0042188
-135.00 70.00 0.0040287
-130.00 70.00 0.0039972
-125.00 70.00 0.0041678
-120.00 70.00 0.0044929
-115.00 70.00 0.0048511
-110.00 70.00 0.0050877
-105.00 70.00 0.0050676
-100.00 70.00 0.0047204
-95.00 70.00 0.0040641
-90.00 70.00 0.0032024
-85.00 70.00 0.0022968
-80.00 70.00 0.0015212
-75.00 70.00 0.0010138
-70.00 70.00 0.0008371
-65.00 70.00 0.0009582
-60.00 70.00 0.0012565
-55.00 70.00 0.0015582
-50.00 70.00 0.0016893
-45.00 70.00 0.0015322
-40.00 70.00 0.0010672
-35.00 70.00 0.0003842
-30.00 70.00 -0.0003436
-25.00 70.00 -0.0009155
-20.00 70.00 -0.0011707
-15.00 70.00 -0.0010412
-10.00 70.00 -0.0005719
-5.00 70.00 9.86e-05
0.00 70.00 0.0007866
5.00 70.00 0.0013232
10.00 70.00 0.0016024
15.00 70.00 0.0016066
20.00 70.00 0.0014012
25.00 70.00 0.0011057
30.00 70.00 0.00085
35.00 70.00 0.0007322
40.00 70.00 0.0007913
45.00 70.00 0.0010047
50.00 70.00 0.0013093
55.00 70.00 0.0016349
60.00 70.00 0.001934
65.00 70.00 0.0021932
70.00 70.00 0.0024225
75.00 70.00 0.0026326
80.00 70.00 0.0028156
85.00 70.00 0.0029401
90.00 70.00 0.0029631
95.00 70.00 0.0028494
100.00 70.00 0.0025888
105.00 70.00 0.0022032
110.00 70.00 0.0017445
115.00 70.00 0.0012861
120.00 70.00 0.0009094
125.00 70.00 0.0006867
130.00 70.00 0.0006618
135.00 70.00 0.0008327
140.00 70.00 0.0011457
145.00 70.00 0.0015046
150.00 70.00 0.0017997
155.00 70.00 0.0019456
160.00 70.00 0.0019162
165.00 70.00 0.0017613
170.00 70.00 0.0015932
175.00 70.00 0.0015477
180.00 70.00 0.0017302
-180.00 75.00 0.0026451
-175.00 75.00 0.0033412
-170.00 75.00 0.0040656
-165.00 75.00 0.0047522
-160.00 75.00 0.0053328
-155.00 75.00 0.0057551
-150.00 75.00 0.0059961
-145.00 75.00 0.0060672
-140.00 75.00 0.0060085
-135.00 75.00 0.005874
-130.00 75.00 0.0057141
-125.00 75.00 0.00556
-120.00 75.00 0.0054158
-115.00 75.00 0.0052601
-110.00 75.00 0.0050571
-105.00 75.00 0.0047718
-100.00 75.00 0.0043855
-95.00 75.00 0.0039054
-90.00 75.00 0.003367
-85.00 75.00 0.0028262
-80.00 75.00 0.002345
-75.00 75.00 0.0019748
-70.00 75.00 0.001742
-65.00 75.00 0.00164
-60.00 75.00 0.0016317
-55.00 75.00 0.00166
-50.00 75.00 0.0016662
-45.00 75.00 0.001608
-40.00 75.00 0.0014734
-35.00 75.00 0.0012858
-30.00 75.00 0.0010965
-25.00 75.00 0.0009695
-20.00 75.00 0.0009608
-15.00 75.00 0.0011006
-10.00 75.00 0.0013833
-5.00 75.00 0.0017681
0.00 75.00 0.0021895
5.00 75.00 0.0025748
10.00 75.00 0.0028618
15.00 75.00 0.0030121
20.00 75.00 0.003017
25.00 75.00 0.0028949
30.00 75.00 0.0026823
35.00 75.00 0.0024225
40.00 75.00 0.0021557
45.00 75.00 0.0019126
50.00 75.00 0.0017133
55.00 75.00 0.0015687
60.00 75.00 0.0014829
65.00 75.00 0.0014547
70.00 75.00 0.0014769
75.00 75.00 0.0015343
80.00 75.00 0.0016038
85.00 75.00 0.0016553
90.00 75.00 0.0016572
95.00 75.00 0.0015837
100.00 75.00 0.0014219
105.00 75.00 0.0011766
110.00 75.00 0.0008712
115.00 75.00 0.0005435
120.00 75.00 0.0002379
125.00 75.00 -4.4e-06
130.00 75.00 -0.0001537
135.00 75.00 -0.0001978
140.00 75.00 -0.0001417
145.00 75.00 -2.9e-06
150.00 75.00 0.000197
155.00 75.00 0.0004431
160.00 75.00 0.0007333
165.00 75.00 0.0010802
170.00 75.00 0.0015049
175.00 75.00 0.0020256
180.00 75.00 0.0026451
-180.00 80.00 0.0023598
-175.00 80.00 0.0030423
-170.00 80.00 0.0037065
-165.00 80.00 0.0043245
-160.00 80.00 0.0048709
-155.00 80.00 0.0053257
-150.00 80.00 0.0056763
-145.00 80.00 0.0059188
-140.00 80.00 0.0060569
-135.00 80.00 0.0060995
-130.00 80.00 0.0060591
-125.00 80.00 0.0059489
-120.00 80.00 0.0057811
-115.00 80.00 0.0055658
-110.00 80.00 0.0053118
-105.00 80.00 0.0050276
-100.00 80.00 0.0047227
-95.00 80.00 0.0044083
-90.00 80.00 0.0040971
-85.00 80.00 0.0038025
-80.00 80.00 0.0035374
-75.00 80.00 0.0033118
-70.00 80.00 0.0031313
-65.00 80.00 0.0029964
-60.00 80.00 0.0029036
-55.00 80.00 0.0028466
-50.00 80.00 0.0028183
-45.00 80.00 0.002813
-40.00 80.00 0.0028282
-35.00 80.00 0.0028652
-30.00 80.00 0.0029277
-25.00 80.00 0.0030202
-20.00 80.00 0.0031449
-15.00 80.00 0.0033
-10.00 80.00 0.003478
-5.00 80.00 0.003665
0.00 80.00 0.0038431
5.00 80.00 0.0039923
10.00 80.00 0.0040938
15.00 80.00 0.0041327
20.00 80.00 0.0041005
25.00 80.00 0.0039959
30.00 80.00 0.0038244
35.00 80.00 0.0035967
40.00 80.00 0.0033274
45.00 80.00 0.0030326
50.00 80.00 0.0027277
55.00 80.00 0.0024253
60.00 80.00 0.0021348
65.00 80.00 0.0018613
70.00 80.00 0.0016058
75.00 80.00 0.0013647
80.00 80.00 0.0011318
85.00 80.00 0.000899
90.00 80.00 0.0006594
95.00 80.00 0.000408
100.00 80.00 0.0001434
105.00 80.00 -0.0001306
110.00 80.00 -0.0004046
115.00 80.00 -0.000665
120.00 80.00 -0.0008953
125.00 80.00 -0.0010781
130.00 80.00 -0.001197
135.00 80.00 -0.0012377
140.00 80.00 -0.0011899
145.00 80.00 -0.0010475
150.00 80.00 -0.000808
155.00 80.00 -0.0004724
160.00 80.00 -4.52e-05
165.00 80.00 0.0004658
170.00 80.00 0.0010485
175.00 80.00 0.0016868
180.00 80.00 0.0023598
-180.00 85.00 0.0019964
-175.00 85.00 0.0023266
-170.00 85.00 0.0026541
-165.00 85.00 0.0029712
-160.00 85.00 0.0032706
-155.00 85.00 0.0035465
-150.00 85.00 0.0037945
-145.00 85.00 0.004011
-140.00 85.00 0.0041935
-135.00 85.00 0.0043404
-130.00 85.00 0.0044521
-125.00 85.00 0.0045301
-120.00 85.00 0.0045776
-115.00 85.00 0.0045978
-110.00 85.00 0.0045943
-105.00 85.00 0.0045708
-100.00 85.00 0.0045314
-95.00 85.00 0.0044806
-90.00 85.00 0.0044233
-85.00 85.00 0.0043633
-80.00 85.00 0.004304
-75.00 85.00 0.0042475
-70.00 85.00 0.0041961
-65.00 85.00 0.0041517
-60.00 85.00 0.0041159
-55.00 85.00 0.0040895
-50.00 85.00 0.0040722
-45.00 85.00 0.0040628
-40.00 85.00 0.0040604
-35.00 85.00 0.004064
-30.00 85.00 0.0040723
-25.00 85.00 0.0040836
-20.00 85.00 0.004095
-15.00 85.00 0.0041032
-10.00 85.00 0.0041048
-5.00 85.00 0.0040969
0.00 85.00 0.0040769
5.00 85.00 0.0040418
10.00 85.00 0.0039885
15.00 85.00 0.0039143
20.00 85.00 0.0038177
25.00 85.00 0.0036984
30.00 85.00 0.0035572
35.00 85.00 0.0033953
40.00 85.00 0.0032142
45.00 85.00 0.0030158
50.00 85.00 0.0028027
55.00 85.00 0.0025783
60.00 85.00 0.0023462
65.00 85.00 0.0021098
70.00 85.00 0.0018716
75.00 85.00 0.001634
80.00 85.00 0.0014
85.00 85.00 0.0011727
90.00 85.00 0.0009557
95.00 85.00 0.0007522
100.00 85.00 0.0005652
105.00 85.00 0.0003981
110.00 85.00 0.0002544
115.00 85.00 0.0001385
120.00 85.00 5.47e-05
125.00 85.00 6.4e-06
130.00 85.00 -3.4e-06
135.00 85.00 2.72e-05
140.00 85.00 9.95e-05
145.00 85.00 0.0002143
150.00 85.00 0.0003713
155.00 85.00 0.0005685
160.00 85.00 0.0008025
165.00 85.00 0.0010682
170.00 85.00 0.0013601
175.00 85.00 0.0016718
180.00 85.00 0.0019964
-180.00 90.00 0.0028808
-175.00 90.00 0.0028808
-170.00 90.00 0.0028808
-165.00 90.00 0.0028808
-160.00 90.00 0.0028808
-155.00 90.00 0.0028808
-150.00 90.00 0.0028808
-145.00 90.00 0.0028808
-140.00 90.00 0.0028808
-135.00 90.00 0.0028808
-130.00 90.00 0.0028808
-125.00 90.00 0.0028808
-120.00 90.00 0.0028808
-115.00 90.00 0.0028808
-110.00 90.00 0.0028808
-105.00 90.00 0.0028808
-100.00 90.00 0.0028808
-95.00 90.00 0.0028808
-90.00 90.00 0.0028808
-85.00 90.00 0.0028808
-80.00 90.00 0.0028808
-75.00 90.00 0.0028808
-70.00 90.00 0.0028808
-65.00 90.00 0.0028808
-60.00 90.00 0.0028808
-55.00 90.00 0.0028808
-50.00 90.00 0.0028808
-45.00 90.00 0.0028808
-40.00 90.00 0.0028808
-35.00 90.00 0.0028808
-30.00 90.00 0.0028808
-25.00 90.00 0.0028808
-20.00 90.00 0.0028808
-15.00 90.00 0.0028808
-10.00 90.00 0.0028808
-5.00 90.00 0.0028808
0.00 90.00 0.0028808
5.00 90.00 0.0028808
10.00 90.00 0.0028808
15.00 90.00 0.0028808
20.00 90.00 0.0028808
25.00 90.00 0.0028808
30.00 90.00 0.0028808
35.00 90.00 0.0028808
40.00 90.00 0.0028808
45.00 90.00 0.0028808
50.00 90.00 0.0028808
55.00 90.00 0.0028808
60.00 90.00 0.0028808
65.00 90.00 0.0028808
70.00 90.00 0.0028808
75.00 90.00 0.0028808
80.00 90.00 0.0028808
85.00 90.00 0.0028808
90.00 90.00 0.0028808
95.00 90.00 0.0028808
100.00 90.00 0.0028808
105.00 90.00 0.0028808
110.00 90.00 0.0028808
115.00 90.00 0.0028808
120.00 90.00 0.0028808
125.00 90.00 0.0028808
130.00 90.00 0.0028808
135.00 90.00 0.0028808
140.00 90.00 0.0028808
145.00 90.00 0.0028808
150.00 90.00 0.0028808
155.00 90.00 0.0028808
160.00 90.00 0.0028808
165.00 90.00 0.0028808
170.00 90.00 0.0028808
175.00 90.00 0.0028808
180.00 90.00 0.0028808
