-180.00 -90.00 -0.00057735
-175.00 -90.00 -0.00057732
-170.00 -90.00 -0.00057729
-165.00 -90.00 -0.00057726
-160.00 -90.00 -0.00057726
-155.00 -90.00 -0.00057723
-150.00 -90.00 -0.00057723
-145.00 -90.00 -0.00057726
-140.00 -90.00 -0.00057726
-135.00 -90.00 -0.00057729
-130.00 -90.00 -0.00057732
-125.00 -90.00 -0.00057735
-120.00 -90.00 -0.00057741
-115.00 -90.00 -0.00057744
-110.00 -90.00 -0.0005775
-105.00 -90.00 -0.00057753
-100.00 -90.00 -0.00057759
-95.00 -90.00 -0.00057762
-90.00 -90.00 -0.00057768
-85.00 -90.00 -0.00057771
-80.00 -90.00 -0.00057774
-75.00 -90.00 -0.00057777
-70.00 -90.00 -0.00057777
-65.00 -90.00 -0.00057777
-60.00 -90.00 -0.0005778
-55.00 -90.00 -0.00057777
-50.00 -90.00 -0.00057777
-45.00 -90.00 -0.00057774
-40.00 -90.00 -0.00057771
-35.00 -90.00 -0.00057768
-30.00 -90.00 -0.00057762
-25.00 -90.00 -0.00057759
-20.00 -90.00 -0.00057753
-15.00 -90.00 -0.0005775
-10.00 -90.00 -0.00057744
-5.00 -90.00 -0.00057741
0.00 -90.00 -0.00057735
5.00 -90.00 -0.00057732
10.00 -90.00 -0.00057729
15.00 -90.00 -0.00057726
20.00 -90.00 -0.00057726
25.00 -90.00 -0.00057723
30.00 -90.00 -0.00057723
35.00 -90.00 -0.00057726
40.00 -90.00 -0.00057726
45.00 -90.00 -0.00057729
50.00 -90.00 -0.00057732
55.00 -90.00 -0.00057735
60.00 -90.00 -0.00057741
65.00 -90.00 -0.00057744
70.00 -90.00 -0.0005775
75.00 -90.00 -0.00057753
80.00 -90.00 -0.00057759
85.00 -90.00 -0.00057762
90.00 -90.00 -0.00057768
95.00 -90.00 -0.00057771
100.00 -90.00 -0.00057774
105.00 -90.00 -0.00057777
110.00 -90.00 -0.00057777
115.00 -90.00 -0.0005778
120.00 -90.00 -0.0005778
125.00 -90.00 -0.00057777
130.00 -90.00 -0.00057777
135.00 -90.00 -0.00057774
140.00 -90.00 -0.00057771
145.00 -90.00 -0.00057768
150.00 -90.00 -0.00057762
155.00 -90.00 -0.00057759
160.00 -90.00 -0.00057753
165.00 -90.00 -0.0005775
170.00 -90.00 -0.00057744
175.00 -90.00 -0.00057741
180.00 -90.00 -0.00057735
-180.00 -85.00 -0.00121221
-175.00 -85.00 -0.00113766
-170.00 -85.00 -0.00106041
-165.00 -85.00 -0.00098241
-160.00 -85.00 -0.00090567
-155.00 -85.00 -0.00083196
-150.00 -85.00 -0.00076278
-145.00 -85.00 -0.00069924
-140.00 -85.00 -0.00064233
-135.00 -85.00 -0.00059274
-130.00 -85.00 -0.00055095
-125.00 -85.00 -0.00051711
-120.00 -85.00 -0.00049116
-115.00 -85.00 -0.00047298
-110.00 -85.00 -0.00046248
-105.00 -85.00 -0.00045942
-100.00 -85.00 -0.00046356
-95.00 -85.00 -0.00047451
-90.00 -85.00 -0.00049173
-85.00 -85.00 -0.00051477
-80.00 -85.00 -0.00054291
-75.00 -85.00 -0.00057537
-70.00 -85.00 -0.00061113
-65.00 -85.00 -0.00064908
-60.00 -85.00 -0.00068811
-55.00 -85.00 -0.00072702
-50.00 -85.00 -0.00076464
-45.00 -85.00 -0.00079977
-40.00 -85.00 -0.00083148
-35.00 -85.00 -0.00085896
-30.00 -85.00 -0.00088173
-25.00 -85.00 -0.00089934
-20.00 -85.00 -0.00091173
-15.00 -85.00 -0.00091911
-10.00 -85.00 -0.00092205
-5.00 -85.00 -0.0009213
0.00 -85.00 -0.00091782
5.00 -85.00 -0.00091266
10.00 -85.00 -0.00090699
15.00 -85.00 -0.00090225
20.00 -85.00 -0.00089982
25.00 -85.00 -0.00090096
30.00 -85.00 -0.00090669
35.00 -85.00 -0.00091785
40.00 -85.00 -0.0009351
45.00 -85.00 -0.0009588
50.00 -85.00 -0.00098895
55.00 -85.00 -0.00102501
60.00 -85.00 -0.00106611
65.00 -85.00 -0.00111108
70.00 -85.00 -0.00115878
75.00 -85.00 -0.00120783
80.00 -85.00 -0.00125682
85.00 -85.00 -0.0013044
90.00 -85.00 -0.00134946
95.00 -85.00 -0.00139119
100.00 -85.00 -0.00142908
105.00 -85.00 -0.00146271
110.00 -85.00 -0.00149172
115.00 -85.00 -0.00151596
120.00 -85.00 -0.00153522
125.00 -85.00 -0.00154926
130.00 -85.00 -0.00155757
135.00 -85.00 -0.00155952
140.00 -85.00 -0.00155439
145.00 -85.00 -0.00154152
150.00 -85.00 -0.00152034
155.00 -85.00 -0.00149031
160.00 -85.00 -0.00145113
165.00 -85.00 -0.00140292
170.00 -85.00 -0.00134628
175.00 -85.00 -0.00128226
180.00 -85.00 -0.00121221
-180.00 -80.00 -0.00254892
-175.00 -80.00 -0.00244482
-170.00 -80.00 -0.00233085
-165.00 -80.00 -0.00222096
-160.00 -80.00 -0.00212541
-155.00 -80.00 -0.0020481
-150.00 -80.00 -0.00199014
-145.00 -80.00 -0.00195186
-140.00 -80.00 -0.00193008
-135.00 -80.00 -0.00191667
-130.00 -80.00 -0.00190302
-125.00 -80.00 -0.00188406
-120.00 -80.00 -0.00185694
-115.00 -80.00 -0.0018177
-110.00 -80.00 -0.00176367
-105.00 -80.00 -0.00169713
-100.00 -80.00 -0.00162369
-95.00 -80.00 -0.00154755
-90.00 -80.00 -0.00147135
-85.00 -80.00 -0.00139965
-80.00 -80.00 -0.00133845
-75.00 -80.00 -0.00129066
-70.00 -80.00 -0.00125496
-65.00 -80.00 -0.00123
-60.00 -80.00 -0.00121638
-55.00 -80.00 -0.00121311
-50.00 -80.00 -0.00121593
-45.00 -80.00 -0.00122058
-40.00 -80.00 -0.0012261
-35.00 -80.00 -0.00123168
-30.00 -80.00 -0.00123357
-25.00 -80.00 -0.00122733
-20.00 -80.00 -0.00121182
-15.00 -80.00 -0.00118785
-10.00 -80.00 -0.00115425
-5.00 -80.00 -0.00110892
0.00 -80.00 -0.00105288
5.00 -80.00 -0.00099009
10.00 -80.00 -0.00092289
15.00 -80.00 -0.00085149
20.00 -80.00 -0.00077811
25.00 -80.00 -0.0007086
30.00 -80.00 -0.00064869
35.00 -80.00 -0.00060189
40.00 -80.00 -0.0005727
45.00 -80.00 -0.00056835
50.00 -80.00 -0.00059466
55.00 -80.00 -0.00065172
60.00 -80.00 -0.00073563
65.00 -80.00 -0.00084201
70.00 -80.00 -0.00096447
75.00 -80.00 -0.00109206
80.00 -80.00 -0.00121224
85.00 -80.00 -0.00131688
90.00 -80.00 -0.00140337
95.00 -80.00 -0.00147114
100.00 -80.00 -0.00152163
105.00 -80.00 -0.00156153
110.00 -80.00 -0.00160236
115.00 -80.00 -0.00165459
120.00 -80.00 -0.00172404
125.00 -80.00 -0.00181431
130.00 -80.00 -0.00192777
135.00 -80.00 -0.00206217
140.00 -80.00 -0.00220794
145.00 -80.00 -0.00235212
150.00 -80.00 -0.00248334
155.00 -80.00 -0.00259131
160.00 -80.00 -0.00266502
165.00 -80.00 -0.00269583
170.00 -80.00 -0.00268263
175.00 -80.00 -0.00263106
180.00 -80.00 -0.00254892
-180.00 -75.00 -0.00298815
-175.00 -75.00 -0.002841
-170.00 -75.00 -0.00270129
-165.00 -75.00 -0.00260703
-160.00 -75.00 -0.0025836
-155.00 -75.00 -0.00263916
-150.00 -75.00 -0.00276411
-145.00 -75.00 -0.00293502
-140.00 -75.00 -0.00312156
-135.00 -75.00 -0.00329283
-130.00 -75.00 -0.00342261
-125.00 -75.00 -0.00349257
-120.00 -75.00 -0.00349266
-115.00 -75.00 -0.00341955
-110.00 -75.00 -0.00327531
-105.00 -75.00 -0.00306702
-100.00 -75.00 -0.00280659
-95.00 -75.00 -0.00250977
-90.00 -75.00 -0.00219519
-85.00 -75.00 -0.00188199
-80.00 -75.00 -0.00158637
-75.00 -75.00 -0.00131883
-70.00 -75.00 -0.00108366
-65.00 -75.00 -0.00088041
-60.00 -75.00 -0.00070605
-55.00 -75.00 -0.00055854
-50.00 -75.00 -0.00043923
-45.00 -75.00 -0.00035253
-40.00 -75.00 -0.00030381
-35.00 -75.00 -0.00029643
-30.00 -75.00 -0.00032916
-25.00 -75.00 -0.0003945
-20.00 -75.00 -0.00048009
-15.00 -75.00 -0.00057246
-10.00 -75.00 -0.00066033
-5.00 -75.00 -0.00073665
0.00 -75.00 -0.00079887
5.00 -75.00 -0.00084642
10.00 -75.00 -0.00087687
15.00 -75.00 -0.00088326
20.00 -75.00 -0.00085524
25.00 -75.00 -0.00078267
30.00 -75.00 -0.00066096
35.00 -75.00 -0.00049653
40.00 -75.00 -0.00030933
45.00 -75.00 -0.00013023
50.00 -75.00 5.85e-06
55.00 -75.00 6.876e-05
60.00 -75.00 4.164e-05
65.00 -75.00 -7.299e-05
70.00 -75.00 -0.00025245
75.00 -75.00 -0.00045948
80.00 -75.00 -0.00065091
85.00 -75.00 -0.00078834
90.00 -75.00 -0.00084798
95.00 -75.00 -0.00082647
100.00 -75.00 -0.00074058
105.00 -75.00 -0.00062244
110.00 -75.00 -0.00051189
115.00 -75.00 -0.00044796
120.00 -75.00 -0.00046134
125.00 -75.00 -0.00057021
130.00 -75.00 -0.00077889
135.00 -75.00 -0.00107778
140.00 -75.00 -0.0014448
145.00 -75.00 -0.00184803
150.00 -75.00 -0.00224934
155.00 -75.00 -0.00260868
160.00 -75.00 -0.00289011
165.00 -75.00 -0.00306855
170.00 -75.00 -0.00313515
175.00 -75.00 -0.00309936
180.00 -75.00 -0.00298815
-180.00 -70.00 -0.00237747
-175.00 -70.00 -0.00208794
-170.00 -70.00 -0.00182964
-165.00 -70.00 -0.0016875
-160.00 -70.00 -0.00171267
-155.00 -70.00 -0.00190917
-150.00 -70.00 -0.00223506
-145.00 -70.00 -0.00261786
-140.00 -70.00 -0.00297966
-135.00 -70.00 -0.00326118
-130.00 -70.00 -0.00343569
-125.00 -70.00 -0.00350676
-120.00 -70.00 -0.00349338
-115.00 -70.00 -0.00341193
-110.00 -70.00 -0.00326544
-105.00 -70.00 -0.00304581
-100.00 -70.00 -0.0027456
-95.00 -70.00 -0.00237132
-90.00 -70.00 -0.0019488
-85.00 -70.00 -0.00151746
-80.00 -70.00 -0.00111609
-75.00 -70.00 -0.00076869
-70.00 -70.00 -0.00047715
-65.00 -70.00 -0.00022515
-60.00 -70.00 9.39e-06
-55.00 -70.00 0.0002391
-50.00 -70.00 0.00045639
-45.00 -70.00 0.00063207
-40.00 -70.00 0.00072507
-35.00 -70.00 0.00069915
-30.00 -70.00 0.00054054
-25.00 -70.00 0.00026796
-20.00 -70.00 -7.062e-05
-15.00 -70.00 -0.00041454
-10.00 -70.00 -0.00071346
-5.00 -70.00 -0.0009462
0.00 -70.00 -0.00112509
5.00 -70.00 -0.0012828
10.00 -70.00 -0.00144798
15.00 -70.00 -0.00162258
20.00 -70.00 -0.00177348
25.00 -70.00 -0.0018432
30.00 -70.00 -0.00177546
35.00 -70.00 -0.00154257
40.00 -70.00 -0.00116241
45.00 -70.00 -0.00069822
50.00 -70.00 -0.00024234
55.00 -70.00 0.00010953
60.00 -70.00 0.00028533
65.00 -70.00 0.00025749
70.00 -70.00 5.235e-05
75.00 -70.00 -0.00025605
80.00 -70.00 -0.00056724
85.00 -70.00 -0.00078501
90.00 -70.00 -0.00084717
95.00 -70.00 -0.00074256
100.00 -70.00 -0.00050949
105.00 -70.00 -0.00021738
110.00 -70.00 5.886e-05
115.00 -70.00 0.00026022
120.00 -70.00 0.00035325
125.00 -70.00 0.00032736
130.00 -70.00 0.00018471
135.00 -70.00 -6.867e-05
140.00 -70.00 -0.00042486
145.00 -70.00 -0.00086811
150.00 -70.00 -0.0013656
155.00 -70.00 -0.00186291
160.00 -70.00 -0.00229002
165.00 -70.00 -0.00257868
170.00 -70.00 -0.0026841
175.00 -70.00 -0.00260277
180.00 -70.00 -0.00237747
-180.00 -65.00 -0.00217974
-175.00 -65.00 -0.00176682
-170.00 -65.00 -0.00132831
-165.00 -65.00 -0.00101514
-160.00 -65.00 -0.00093441
-155.00 -65.00 -0.00111084
-150.00 -65.00 -0.00147285
-145.00 -65.00 -0.00187818
-140.00 -65.00 -0.00217641
-135.00 -65.00 -0.00228024
-130.00 -65.00 -0.00220494
-125.00 -65.00 -0.00205122
-120.00 -65.00 -0.00194019
-115.00 -65.00 -0.00194001
-110.00 -65.00 -0.00202887
-105.00 -65.00 -0.00211302
-100.00 -65.00 -0.00208563
-95.00 -65.00 -0.00188817
-90.00 -65.00 -0.00154005
-85.00 -65.00 -0.00112395
-80.00 -65.00 -0.00074025
-75.00 -65.00 -0.00045921
-70.00 -65.00 -0.00029463
-65.00 -65.00 -0.00020871
-60.00 -65.00 -0.00014001
-55.00 -65.00 -3.819e-05
-50.00 -65.00 0.00010896
-45.00 -65.00 0.00026496
-40.00 -65.00 0.00035427
-35.00 -65.00 0.0002913
-30.00 -65.00 2.13e-05
-25.00 -65.00 -0.00044346
-20.00 -65.00 -0.00101268
-15.00 -65.00 -0.00154542
-10.00 -65.00 -0.00190878
-5.00 -65.00 -0.00204084
0.00 -65.00 -0.00198273
5.00 -65.00 -0.00185808
10.00 -65.00 -0.0018069
15.00 -65.00 -0.0019098
20.00 -65.00 -0.00214572
25.00 -65.00 -0.00240693
30.00 -65.00 -0.00255834
35.00 -65.00 -0.00250314
40.00 -65.00 -0.0022185
45.00 -65.00 -0.00175248
50.00 -65.00 -0.00119913
55.00 -65.00 -0.00067311
60.00 -65.00 -0.00028857
65.00 -65.00 -0.00013305
70.00 -65.00 -0.00023376
75.00 -65.00 -0.00053223
80.00 -65.00 -0.00089388
85.00 -65.00 -0.00116007
90.00 -65.00 -0.00121968
95.00 -65.00 -0.00105777
100.00 -65.00 -0.00075246
105.00 -65.00 -0.00042531
110.00 -65.00 -0.00017742
115.00 -65.00 -4.677e-05
120.00 -65.00 -5.52e-06
125.00 -65.00 8.16e-06
130.00 -65.00 4.203e-05
135.00 -65.00 9.159e-05
140.00 -65.00 9.3e-05
145.00 -65.00 -4.521e-05
150.00 -65.00 -0.00038568
155.00 -65.00 -0.00091305
160.00 -65.00 -0.00152376
165.00 -65.00 -0.00206259
170.00 -65.00 -0.00238617
175.00 -65.00 -0.00241941
180.00 -65.00 -0.00217974
-180.00 -60.00 -0.00282642
-175.00 -60.00 -0.0024426
-170.00 -60.00 -0.00185763
-165.00 -60.00 -0.00127398
-160.00 -60.00 -0.00090441
-155.00 -60.00 -0.00088311
-150.00 -60.00 -0.00117642
-145.00 -60.00 -0.00157407
-140.00 -60.00 -0.00179973
-135.00 -60.00 -0.00168423
-130.00 -60.00 -0.0012807
-125.00 -60.00 -0.00083331
-120.00 -60.00 -0.00061887
-115.00 -60.00 -0.00077283
-110.00 -60.00 -0.00121461
-105.00 -60.00 -0.00170832
-100.00 -60.00 -0.00200277
-95.00 -60.00 -0.0019587
-90.00 -60.00 -0.00159735
-85.00 -60.00 -0.00106317
-80.00 -60.00 -0.00053712
-75.00 -60.00 -0.00015462
-70.00 -60.00 3.288e-05
-65.00 -60.00 4.65e-05
-60.00 -60.00 -5.595e-05
-55.00 -60.00 -0.00020859
-50.00 -60.00 -0.00035076
-45.00 -60.00 -0.00044067
-40.00 -60.00 -0.00048021
-35.00 -60.00 -0.0005328
-30.00 -60.00 -0.00070155
-25.00 -60.00 -0.00106251
-20.00 -60.00 -0.00159162
-15.00 -60.00 -0.00214356
-10.00 -60.00 -0.00251139
-5.00 -60.00 -0.00254004
0.00 -60.00 -0.00222549
5.00 -60.00 -0.00173106
10.00 -60.00 -0.00130137
15.00 -60.00 -0.00112383
20.00 -60.00 -0.00123168
25.00 -60.00 -0.00151533
30.00 -60.00 -0.00182346
35.00 -60.00 -0.00206112
40.00 -60.00 -0.00220455
45.00 -60.00 -0.00224094
50.00 -60.00 -0.00212169
55.00 -60.00 -0.00179835
60.00 -60.00 -0.00131151
65.00 -60.00 -0.00082662
70.00 -60.00 -0.00054828
75.00 -60.00 -0.00056826
80.00 -60.00 -0.00078216
85.00 -60.00 -0.00095829
90.00 -60.00 -0.00090552
95.00 -60.00 -0.00060075
100.00 -60.00 -0.00018306
105.00 -60.00 0.00015726
110.00 -60.00 0.00029481
115.00 -60.00 0.00022047
120.00 -60.00 2.892e-05
125.00 -60.00 -0.00012771
130.00 -60.00 -0.00010815
135.00 -60.00 0.00013542
140.00 -60.00 0.00049869
145.00 -60.00 0.00074967
150.00 -60.00 0.00065004
155.00 -60.00 0.0001032
160.00 -60.00 -0.00077784
165.00 -60.00 -0.00173154
170.00 -60.00 -0.00248433
175.00 -60.00 -0.00286284
180.00 -60.00 -0.00282642
-180.00 -55.00 -0.00312516
-175.00 -55.00 -0.00295545
-170.00 -55.00 -0.00239715
-165.00 -55.00 -0.0016089
-160.00 -55.00 -0.00091926
-155.00 -55.00 -0.00066729
-150.00 -55.00 -0.0009516
-145.00 -55.00 -0.00151896
-140.00 -55.00 -0.00192789
-135.00 -55.00 -0.00187587
-130.00 -55.00 -0.0014208
-125.00 -55.00 -0.00091713
-120.00 -55.00 -0.00073539
-115.00 -55.00 -0.0010044
-110.00 -55.00 -0.0015624
-105.00 -55.00 -0.00210405
-100.00 -55.00 -0.00237009
-95.00 -55.00 -0.00225126
-90.00 -55.00 -0.00178923
-85.00 -55.00 -0.0011229
-80.00 -55.00 -0.00041793
-75.00 -55.00 0.00019791
-70.00 -55.00 0.00066078
-65.00 -55.00 0.00093915
-60.00 -55.00 0.00098838
-55.00 -55.00 0.00076743
-50.00 -55.00 0.00032034
-45.00 -55.00 -0.00017859
-40.00 -55.00 -0.00050451
-35.00 -55.00 -0.00054162
-30.00 -55.00 -0.00037677
-25.00 -55.00 -0.00023733
-20.00 -55.00 -0.00032709
-15.00 -55.00 -0.00068664
-10.00 -55.00 -0.00116697
-5.00 -55.00 -0.00152373
0.00 -55.00 -0.0015774
5.00 -55.00 -0.00133875
10.00 -55.00 -0.00099942
15.00 -55.00 -0.00077721
20.00 -55.00 -0.00074601
25.00 -55.00 -0.0008178
30.00 -55.00 -0.00089742
35.00 -55.00 -0.0010326
40.00 -55.00 -0.00136698
45.00 -55.00 -0.0019206
50.00 -55.00 -0.00244368
55.00 -55.00 -0.00255267
60.00 -55.00 -0.00206562
65.00 -55.00 -0.00121128
70.00 -55.00 -0.00047301
75.00 -55.00 -0.00018924
80.00 -55.00 -0.00028875
85.00 -55.00 -0.00040812
90.00 -55.00 -0.00024831
95.00 -55.00 0.00019443
100.00 -55.00 0.00070842
105.00 -55.00 0.00109485
110.00 -55.00 0.001275
115.00 -55.00 0.00122712
120.00 -55.00 0.00093309
125.00 -55.00 0.00045432
130.00 -55.00 1.506e-05
135.00 -55.00 -9.744e-05
140.00 -55.00 0.00021192
145.00 -55.00 0.00069606
150.00 -55.00 0.00091467
155.00 -55.00 0.00056799
160.00 -55.00 -0.00029328
165.00 -55.00 -0.00135273
170.00 -55.00 -0.00227952
175.00 -55.00 -0.00289065
180.00 -55.00 -0.00312516
-180.00 -50.00 -0.00237591
-175.00 -50.00 -0.00260418
-170.00 -50.00 -0.00236925
-165.00 -50.00 -0.00168375
-160.00 -50.00 -0.00093027
-155.00 -50.00 -0.00061023
-150.00 -50.00 -0.00092292
-145.00 -50.00 -0.00158652
-140.00 -50.00 -0.00209127
-135.00 -50.00 -0.00214896
-130.00 -50.00 -0.00191025
-125.00 -50.00 -0.00175965
-120.00 -50.00 -0.00192189
-115.00 -50.00 -0.0022803
-110.00 -50.00 -0.00255216
-105.00 -50.00 -0.00258108
-100.00 -50.00 -0.0024195
-95.00 -50.00 -0.00216711
-90.00 -50.00 -0.00182181
-85.00 -50.00 -0.00133011
-80.00 -50.00 -0.00071709
-75.00 -50.00 -8.22e-05
-70.00 -50.00 0.00051345
-65.00 -50.00 0.00105627
-60.00 -50.00 0.00145203
-55.00 -50.00 0.00149448
-50.00 -50.00 0.00106938
-45.00 -50.00 0.00037128
-40.00 -50.00 -0.00017469
-35.00 -50.00 -0.00024342
-30.00 -50.00 0.00015252
-25.00 -50.00 0.00071961
-20.00 -50.00 0.00110076
-15.00 -50.00 0.00104931
-10.00 -50.00 0.00052449
-5.00 -50.00 -0.0002712
0.00 -50.00 -0.00098469
5.00 -50.00 -0.00135717
10.00 -50.00 -0.001419
15.00 -50.00 -0.00139764
20.00 -50.00 -0.00141783
25.00 -50.00 -0.0013596
30.00 -50.00 -0.00107223
35.00 -50.00 -0.00068757
40.00 -50.00 -0.00060615
45.00 -50.00 -0.001092
50.00 -50.00 -0.00189963
55.00 -50.00 -0.00239295
60.00 -50.00 -0.00211449
65.00 -50.00 -0.00124296
70.00 -50.00 -0.00043488
75.00 -50.00 -0.00018561
80.00 -50.00 -0.00038472
85.00 -50.00 -0.00053616
90.00 -50.00 -0.00034722
95.00 -50.00 2.274e-05
100.00 -50.00 0.00030084
105.00 -50.00 0.00051108
110.00 -50.00 0.00087582
115.00 -50.00 0.00135024
120.00 -50.00 0.00147483
125.00 -50.00 0.00084732
130.00 -50.00 -0.00031767
135.00 -50.00 -0.0012606
140.00 -50.00 -0.00137049
145.00 -50.00 -0.00075093
150.00 -50.00 -6.276e-05
155.00 -50.00 0.00012699
160.00 -50.00 -0.00022983
165.00 -50.00 -0.00082176
170.00 -50.00 -0.00139524
175.00 -50.00 -0.0019155
180.00 -50.00 -0.00237591
-180.00 -45.00 -0.00120819
-175.00 -45.00 -0.00191673
-170.00 -45.00 -0.00215106
-165.00 -45.00 -0.00185169
-160.00 -45.00 -0.00140844
-155.00 -45.00 -0.00126675
-150.00 -45.00 -0.00149676
-145.00 -45.00 -0.00176871
-140.00 -45.00 -0.00175488
-135.00 -45.00 -0.00152895
-130.00 -45.00 -0.001521
-125.00 -45.00 -0.00204312
-120.00 -45.00 -0.00287781
-115.00 -45.00 -0.00340728
-110.00 -45.00 -0.00321057
-105.00 -45.00 -0.00250653
-100.00 -45.00 -0.00191778
-95.00 -45.00 -0.00178494
-90.00 -45.00 -0.00183144
-85.00 -45.00 -0.00158247
-80.00 -45.00 -0.00098148
-75.00 -45.00 -0.00039585
-70.00 -45.00 -6.687e-05
-65.00 -45.00 0.0001659
-60.00 -45.00 0.00049242
-55.00 -45.00 0.000741
-50.00 -45.00 0.00060531
-45.00 -45.00 0.00014259
-40.00 -45.00 -0.00022638
-35.00 -45.00 -0.00020853
-30.00 -45.00 9.546e-05
-25.00 -45.00 0.00043395
-20.00 -45.00 0.00066588
-15.00 -45.00 0.00068511
-10.00 -45.00 0.00033117
-5.00 -45.00 -0.00039324
0.00 -45.00 -0.00113016
5.00 -45.00 -0.00144666
10.00 -45.00 -0.00132432
15.00 -45.00 -0.00118005
20.00 -45.00 -0.00133323
25.00 -45.00 -0.00159696
30.00 -45.00 -0.00152226
35.00 -45.00 -0.00099057
40.00 -45.00 -0.00043506
45.00 -45.00 -0.00042381
50.00 -45.00 -0.00105258
55.00 -45.00 -0.0018027
60.00 -45.00 -0.00204495
65.00 -45.00 -0.00167913
70.00 -45.00 -0.00119532
75.00 -45.00 -0.00106287
80.00 -45.00 -0.00118626
85.00 -45.00 -0.00113499
90.00 -45.00 -0.00083529
95.00 -45.00 -0.00072138
100.00 -45.00 -0.00104967
105.00 -45.00 -0.00132909
110.00 -45.00 -0.00080781
115.00 -45.00 0.00046332
120.00 -45.00 0.0014004
125.00 -45.00 0.00096108
130.00 -45.00 -0.00067377
135.00 -45.00 -0.00222357
140.00 -45.00 -0.0025953
145.00 -45.00 -0.00184968
150.00 -45.00 -0.00086367
155.00 -45.00 -0.00029811
160.00 -45.00 -0.00012642
165.00 -45.00 -6.036e-05
170.00 -45.00 -9.78e-05
175.00 -45.00 -0.00047418
180.00 -45.00 -0.00120819
-180.00 -40.00 -0.00036975
-175.00 -40.00 -0.00141888
-170.00 -40.00 -0.00189282
-165.00 -40.00 -0.00189666
-160.00 -40.00 -0.00185823
-155.00 -40.00 -0.00196734
-150.00 -40.00 -0.00198135
-145.00 -40.00 -0.0015597
-140.00 -40.00 -0.00075204
-135.00 -40.00 -0.00011526
-130.00 -40.00 -0.00028674
-125.00 -40.00 -0.00136752
-120.00 -40.00 -0.00269208
-115.00 -40.00 -0.00328506
-110.00 -40.00 -0.00271902
-105.00 -40.00 -0.00159111
-100.00 -40.00 -0.00098976
-95.00 -40.00 -0.0013263
-90.00 -40.00 -0.00183852
-85.00 -40.00 -0.00150894
-80.00 -40.00 -0.00035991
-75.00 -40.00 0.00056898
-70.00 -40.00 0.00055554
-65.00 -40.00 6.57e-06
-60.00 -40.00 -0.00029934
-55.00 -40.00 -0.00027912
-50.00 -40.00 -0.00036258
-45.00 -40.00 -0.0005814
-40.00 -40.00 -0.00051423
-35.00 -40.00 -9.606e-05
-30.00 -40.00 0.00016032
-25.00 -40.00 -8.337e-05
-20.00 -40.00 -0.00053601
-15.00 -40.00 -0.00082956
-10.00 -40.00 -0.00107124
-5.00 -40.00 -0.00146445
0.00 -40.00 -0.00171435
5.00 -40.00 -0.00132141
10.00 -40.00 -0.00038922
15.00 -40.00 0.00030444
20.00 -40.00 0.00014796
25.00 -40.00 -0.00065211
30.00 -40.00 -0.00135462
35.00 -40.00 -0.00144165
40.00 -40.00 -0.00103113
45.00 -40.00 -0.00069711
50.00 -40.00 -0.00094755
55.00 -40.00 -0.00174921
60.00 -40.00 -0.00252213
65.00 -40.00 -0.00270975
70.00 -40.00 -0.00233667
75.00 -40.00 -0.00184446
80.00 -40.00 -0.00145623
85.00 -40.00 -0.00104487
90.00 -40.00 -0.00067485
95.00 -40.00 -0.00079851
100.00 -40.00 -0.0015486
105.00 -40.00 -0.00214698
110.00 -40.00 -0.00159462
115.00 -40.00 -1.56e-06
120.00 -40.00 0.00125286
125.00 -40.00 0.000975
130.00 -40.00 -0.00048801
135.00 -40.00 -0.00168015
140.00 -40.00 -0.00168606
145.00 -40.00 -0.00094032
150.00 -40.00 -0.0003582
155.00 -40.00 -0.00013962
160.00 -40.00 0.00019158
165.00 -40.00 0.00081048
170.00 -40.00 0.00118125
175.00 -40.00 0.00073671
180.00 -40.00 -0.00036975
-180.00 -35.00 -2.751e-05
-175.00 -35.00 -0.00117735
-170.00 -35.00 -0.00159138
-165.00 -35.00 -0.00160239
-160.00 -35.00 -0.00166035
-155.00 -35.00 -0.00176361
-150.00 -35.00 -0.0015687
-145.00 -35.00 -0.00089892
-140.00 -35.00 -6.267e-05
-135.00 -35.00 0.0003534
-130.00 -35.00 -1.32e-06
-125.00 -35.00 -0.00093474
-120.00 -35.00 -0.00183513
-115.00 -35.00 -0.0020535
-110.00 -35.00 -0.0013758
-105.00 -35.00 -0.00036549
-100.00 -35.00 -4.689e-05
-95.00 -35.00 -0.00080274
-90.00 -35.00 -0.00165606
-85.00 -35.00 -0.00123261
-80.00 -35.00 0.00045855
-75.00 -35.00 0.00186603
-70.00 -35.00 0.00181125
-65.00 -35.00 0.00085263
-60.00 -35.00 0.00020637
-55.00 -35.00 3.195e-05
-50.00 -35.00 -0.00030807
-45.00 -35.00 -0.00077772
-40.00 -35.00 -0.00063516
-35.00 -35.00 0.00017838
-30.00 -35.00 0.00072483
-25.00 -35.00 0.00040554
-20.00 -35.00 -0.00029769
-15.00 -35.00 -0.00078237
-10.00 -35.00 -0.00119442
-5.00 -35.00 -0.00178581
0.00 -35.00 -0.00207663
5.00 -35.00 -0.00141828
10.00 -35.00 -8.709e-05
15.00 -35.00 0.00086646
20.00 -35.00 0.00078582
25.00 -35.00 -6.36e-05
30.00 -35.00 -0.00104055
35.00 -35.00 -0.00169743
40.00 -35.00 -0.00184317
45.00 -35.00 -0.00159483
50.00 -35.00 -0.00147762
55.00 -35.00 -0.00197568
60.00 -35.00 -0.00279864
65.00 -35.00 -0.0030438
70.00 -35.00 -0.00230649
75.00 -35.00 -0.00119631
80.00 -35.00 -0.00050451
85.00 -35.00 -0.00032427
90.00 -35.00 -0.00034017
95.00 -35.00 -0.00051066
100.00 -35.00 -0.00090732
105.00 -35.00 -0.00116583
110.00 -35.00 -0.00077016
115.00 -35.00 9.174e-05
120.00 -35.00 0.00052953
125.00 -35.00 7.071e-05
130.00 -35.00 -0.00061224
135.00 -35.00 -0.00052116
140.00 -35.00 0.00029976
145.00 -35.00 0.00077457
150.00 -35.00 0.00029607
155.00 -35.00 -0.00034995
160.00 -35.00 -2.172e-05
165.00 -35.00 0.00117213
170.00 -35.00 0.00193326
175.00 -35.00 0.00137364
180.00 -35.00 -2.748e-05
-180.00 -30.00 -2.805e-05
-175.00 -30.00 -0.00116805
-170.00 -30.00 -0.00160107
-165.00 -30.00 -0.00154536
-160.00 -30.00 -0.00131835
-155.00 -30.00 -0.0010716
-150.00 -30.00 -0.00086625
-145.00 -30.00 -0.00078267
-140.00 -30.00 -0.00093786
-135.00 -30.00 -0.00132474
-130.00 -30.00 -0.00166245
-125.00 -30.00 -0.00164145
-120.00 -30.00 -0.00132192
-115.00 -30.00 -0.00098559
-110.00 -30.00 -0.00064362
-105.00 -30.00 -0.00017256
-100.00 -30.00 9.426e-05
-95.00 -30.00 -0.00035289
-90.00 -30.00 -0.00113325
-85.00 -30.00 -0.00105282
-80.00 -30.00 0.00024588
-75.00 -30.00 0.00153828
-70.00 -30.00 0.00165804
-65.00 -30.00 0.00110097
-60.00 -30.00 0.0010113
-55.00 -30.00 0.00127698
-50.00 -30.00 0.00093897
-45.00 -30.00 7.119e-05
-40.00 -30.00 -0.00021834
-35.00 -30.00 0.00039846
-30.00 -30.00 0.00104166
-25.00 -30.00 0.00114327
-20.00 -30.00 0.00108447
-15.00 -30.00 0.00102462
-10.00 -30.00 0.00037557
-5.00 -30.00 -0.00097827
0.00 -30.00 -0.0019896
5.00 -30.00 -0.00175335
10.00 -30.00 -0.0007893
15.00 -30.00 -0.0002622
20.00 -30.00 -0.00044874
25.00 -30.00 -0.00077325
30.00 -30.00 -0.00098319
35.00 -30.00 -0.00135243
40.00 -30.00 -0.00181926
45.00 -30.00 -0.00189441
50.00 -30.00 -0.00160164
55.00 -30.00 -0.0015951
60.00 -30.00 -0.00197781
65.00 -30.00 -0.00188295
70.00 -30.00 -0.00080646
75.00 -30.00 0.00039699
80.00 -30.00 0.00057507
85.00 -30.00 -0.00019824
90.00 -30.00 -0.0008718
95.00 -30.00 -0.00081825
100.00 -30.00 -0.00032781
105.00 -30.00 5.475e-05
110.00 -30.00 7.284e-05
115.00 -30.00 -0.00030084
120.00 -30.00 -0.00094515
125.00 -30.00 -0.00144156
130.00 -30.00 -0.00117294
135.00 -30.00 2.253e-05
140.00 -30.00 0.00128553
145.00 -30.00 0.00132576
150.00 -30.00 -3.75e-05
155.00 -30.00 -0.00132669
160.00 -30.00 -0.00100944
165.00 -30.00 0.00060066
170.00 -30.00 0.00174057
175.00 -30.00 0.00133311
180.00 -30.00 -2.805e-05
-180.00 -25.00 -4.182e-05
-175.00 -25.00 -0.0012171
-170.00 -25.00 -0.00195468
-165.00 -25.00 -0.0019356
-160.00 -25.00 -0.00129906
-155.00 -25.00 -0.00074184
-150.00 -25.00 -0.00092694
-145.00 -25.00 -0.00182298
-140.00 -25.00 -0.0028716
-135.00 -25.00 -0.0034977
-130.00 -25.00 -0.00329004
-125.00 -25.00 -0.0022356
-120.00 -25.00 -0.00104982
-115.00 -25.00 -0.0006663
-110.00 -25.00 -0.00106542
-105.00 -25.00 -0.00124125
-100.00 -25.00 -0.00068679
-95.00 -25.00 -0.00014613
-90.00 -25.00 -0.00032976
-85.00 -25.00 -0.00069735
-80.00 -25.00 -0.00038445
-75.00 -25.00 0.00035523
-70.00 -25.00 0.00072006
-65.00 -25.00 0.000819
-60.00 -25.00 0.00130032
-55.00 -25.00 0.00191295
-50.00 -25.00 0.00180858
-45.00 -25.00 0.00106791
-40.00 -25.00 0.00058401
-35.00 -25.00 0.00059526
-30.00 -25.00 0.00066177
-25.00 -25.00 0.00087687
-20.00 -25.00 0.00162915
-15.00 -25.00 0.00225942
-10.00 -25.00 0.00152025
-5.00 -25.00 -0.00042261
0.00 -25.00 -0.00184245
5.00 -25.00 -0.00171642
10.00 -25.00 -0.0009834
15.00 -25.00 -0.00097494
20.00 -25.00 -0.00154797
25.00 -25.00 -0.00163209
30.00 -25.00 -0.00105102
35.00 -25.00 -0.00071634
40.00 -25.00 -0.00107928
45.00 -25.00 -0.00148128
50.00 -25.00 -0.0013698
55.00 -25.00 -0.00112596
60.00 -25.00 -0.00108405
65.00 -25.00 -0.00072525
70.00 -25.00 0.00027501
75.00 -25.00 0.00103326
80.00 -25.00 0.00053121
85.00 -25.00 -0.00083139
90.00 -25.00 -0.00168063
95.00 -25.00 -0.00134541
100.00 -25.00 -0.00042522
105.00 -25.00 7.296e-05
110.00 -25.00 -0.0002859
115.00 -25.00 -0.00109887
120.00 -25.00 -0.00160374
125.00 -25.00 -0.00140817
130.00 -25.00 -0.00066762
135.00 -25.00 0.00028728
140.00 -25.00 0.00101436
145.00 -25.00 0.00084282
150.00 -25.00 -0.000435
155.00 -25.00 -0.00176802
160.00 -25.00 -0.00173478
165.00 -25.00 -0.0003489
170.00 -25.00 0.00091647
175.00 -25.00 0.00094446
180.00 -25.00 -4.182e-05
-180.00 -20.00 8.661e-05
-175.00 -20.00 -0.00115659
-170.00 -20.00 -0.00210246
-165.00 -20.00 -0.00197352
-160.00 -20.00 -0.00106329
-155.00 -20.00 -0.00073269
-150.00 -20.00 -0.00176706
-145.00 -20.00 -0.00333252
-140.00 -20.00 -0.00410649
-135.00 -20.00 -0.00371583
-130.00 -20.00 -0.00259767
-125.00 -20.00 -0.00129156
-120.00 -20.00 -0.00041376
-115.00 -20.00 -0.00053199
-110.00 -20.00 -0.00139737
-105.00 -20.00 -0.00186564
-100.00 -20.00 -0.0012246
-95.00 -20.00 -0.00017784
-90.00 -20.00 0.00014304
-85.00 -20.00 -0.00022446
-80.00 -20.00 -0.00026697
-75.00 -20.00 0.00044421
-70.00 -20.00 0.00131205
-65.00 -20.00 0.00175545
-60.00 -20.00 0.00175146
-55.00 -20.00 0.00138786
-50.00 -20.00 0.00080748
-45.00 -20.00 0.00046347
-40.00 -20.00 0.00052791
-35.00 -20.00 0.00042042
-30.00 -20.00 -0.0001164
-25.00 -20.00 -0.00017463
-20.00 -20.00 0.00084942
-15.00 -20.00 0.00174306
-10.00 -20.00 0.00096321
-5.00 -20.00 -0.00094008
0.00 -20.00 -0.00192111
5.00 -20.00 -0.00119142
10.00 -20.00 -7.026e-05
15.00 -20.00 -6.705e-05
20.00 -20.00 -0.00107136
25.00 -20.00 -0.00178392
30.00 -20.00 -0.00149805
35.00 -20.00 -0.00088476
40.00 -20.00 -0.00086274
45.00 -20.00 -0.00131418
50.00 -20.00 -0.00155787
55.00 -20.00 -0.00151662
60.00 -20.00 -0.00147927
65.00 -20.00 -0.00123723
70.00 -20.00 -0.00054774
75.00 -20.00 1.017e-05
80.00 -20.00 -0.00027936
85.00 -20.00 -0.0011157
90.00 -20.00 -0.00158847
95.00 -20.00 -0.0013713
100.00 -20.00 -0.00091236
105.00 -20.00 -0.0007731
110.00 -20.00 -0.00104307
115.00 -20.00 -0.00116889
120.00 -20.00 -0.00055959
125.00 -20.00 0.00044082
130.00 -20.00 0.00086367
135.00 -20.00 0.00060069
140.00 -20.00 0.00047295
145.00 -20.00 0.00058272
150.00 -20.00 7.047e-05
155.00 -20.00 -0.00108999
160.00 -20.00 -0.00163236
165.00 -20.00 -0.00086838
170.00 -20.00 0.00031911
175.00 -20.00 0.00073863
180.00 -20.00 8.661e-05
-180.00 -15.00 -0.00012909
-175.00 -15.00 -0.00122784
-170.00 -15.00 -0.0018147
-165.00 -15.00 -0.00125478
-160.00 -15.00 -0.00036393
-155.00 -15.00 -0.00078714
-150.00 -15.00 -0.00270237
-145.00 -15.00 -0.00428814
-140.00 -15.00 -0.00401172
-135.00 -15.00 -0.00232224
-130.00 -15.00 -0.00067365
-125.00 -15.00 8.37e-05
-120.00 -15.00 -1.608e-05
-115.00 -15.00 -0.00053661
-110.00 -15.00 -0.00098688
-105.00 -15.00 -0.00105864
-100.00 -15.00 -0.00079386
-95.00 -15.00 -0.00050934
-90.00 -15.00 -0.00045804
-85.00 -15.00 -0.00043884
-80.00 -15.00 0.00013821
-75.00 -15.00 0.00152325
-70.00 -15.00 0.00306855
-65.00 -15.00 0.00367485
-60.00 -15.00 0.00274023
-55.00 -15.00 0.00069648
-50.00 -15.00 -0.00114408
-45.00 -15.00 -0.0015897
-40.00 -15.00 -0.0008874
-35.00 -15.00 -0.00046824
-30.00 -15.00 -0.0008523
-25.00 -15.00 -0.00089712
-20.00 -15.00 4.986e-05
-15.00 -15.00 0.00072171
-10.00 -15.00 -8.967e-05
-5.00 -15.00 -0.00148689
0.00 -15.00 -0.00174339
5.00 -15.00 -0.00059553
10.00 -15.00 0.0007287
15.00 -15.00 0.00096312
20.00 -15.00 -0.00017646
25.00 -15.00 -0.00174489
30.00 -15.00 -0.00238566
35.00 -15.00 -0.00188961
40.00 -15.00 -0.00134934
45.00 -15.00 -0.00144654
50.00 -15.00 -0.00172689
55.00 -15.00 -0.00186051
60.00 -15.00 -0.00215427
65.00 -15.00 -0.0024969
70.00 -15.00 -0.00225333
75.00 -15.00 -0.00144309
80.00 -15.00 -0.00081795
85.00 -15.00 -0.00077253
90.00 -15.00 -0.00106248
95.00 -15.00 -0.00132333
100.00 -15.00 -0.00129309
105.00 -15.00 -0.00092757
110.00 -15.00 -0.00045498
115.00 -15.00 7.773e-05
120.00 -15.00 0.0008661
125.00 -15.00 0.00153267
130.00 -15.00 0.00130953
135.00 -15.00 0.00053439
140.00 -15.00 0.00044574
145.00 -15.00 0.00098427
150.00 -15.00 0.00067974
155.00 -15.00 -0.00074535
160.00 -15.00 -0.00168675
165.00 -15.00 -0.00112443
170.00 -15.00 3.846e-05
175.00 -15.00 0.00048045
180.00 -15.00 -0.00012909
-180.00 -10.00 -0.00106602
-175.00 -10.00 -0.00151461
-170.00 -10.00 -0.00136833
-165.00 -10.00 -0.00050862
-160.00 -10.00 -1.158e-05
-155.00 -10.00 -0.00109692
-150.00 -10.00 -0.00311433
-145.00 -10.00 -0.00407397
-140.00 -10.00 -0.00317739
-135.00 -10.00 -0.00144132
-130.00 -10.00 -0.0001605
-125.00 -10.00 6.957e-05
-120.00 -10.00 -0.00057759
-115.00 -10.00 -0.00118026
-110.00 -10.00 -0.00090168
-105.00 -10.00 -0.00019119
-100.00 -10.00 -0.00020949
-95.00 -10.00 -0.00104523
-90.00 -10.00 -0.00159261
-85.00 -10.00 -0.00105753
-80.00 -10.00 0.0004029
-75.00 -10.00 0.00224505
-70.00 -10.00 0.00383652
-65.00 -10.00 0.00438033
-60.00 -10.00 0.00328017
-55.00 -10.00 0.00084555
-50.00 -10.00 -0.00153033
-45.00 -10.00 -0.00240222
-40.00 -10.00 -0.00180624
-35.00 -10.00 -0.00113358
-30.00 -10.00 -0.00107316
-25.00 -10.00 -0.00082845
-20.00 -10.00 -3.93e-06
-15.00 -10.00 0.00037491
-10.00 -10.00 -0.00030342
-5.00 -10.00 -0.00106959
0.00 -10.00 -0.0009663
5.00 -10.00 -0.00024696
10.00 -10.00 0.00046533
15.00 -10.00 0.0006732
20.00 -10.00 -0.00018618
25.00 -10.00 -0.00185625
30.00 -10.00 -0.00286647
35.00 -10.00 -0.00245835
40.00 -10.00 -0.00168873
45.00 -10.00 -0.00144969
50.00 -10.00 -0.00122469
55.00 -10.00 -0.00084291
60.00 -10.00 -0.00122391
65.00 -10.00 -0.00237105
70.00 -10.00 -0.0028302
75.00 -10.00 -0.00196359
80.00 -10.00 -0.00088713
85.00 -10.00 -0.00069597
90.00 -10.00 -0.00119829
95.00 -10.00 -0.00147879
100.00 -10.00 -0.00081168
105.00 -10.00 0.00070158
110.00 -10.00 0.00204339
115.00 -10.00 0.00232692
120.00 -10.00 0.00173892
125.00 -10.00 0.00093036
130.00 -10.00 0.00028647
135.00 -10.00 0.00025632
140.00 -10.00 0.00102225
145.00 -10.00 0.00147882
150.00 -10.00 0.00030639
155.00 -10.00 -0.00175212
160.00 -10.00 -0.00262257
165.00 -10.00 -0.00183534
170.00 -10.00 -0.00082086
175.00 -10.00 -0.00062931
180.00 -10.00 -0.00106602
-180.00 -5.00 -0.00181719
-175.00 -5.00 -0.00134184
-170.00 -5.00 -0.00090882
-165.00 -5.00 -0.0004458
-160.00 -5.00 -0.00053799
-155.00 -5.00 -0.00162378
-150.00 -5.00 -0.00268572
-145.00 -5.00 -0.00261705
-140.00 -5.00 -0.00195258
-135.00 -5.00 -0.00156165
-130.00 -5.00 -0.00119649
-125.00 -5.00 -0.00078216
-120.00 -5.00 -0.00106329
-115.00 -5.00 -0.00177951
-110.00 -5.00 -0.00155493
-105.00 -5.00 -0.0004557
-100.00 -5.00 -0.00018873
-95.00 -5.00 -0.00116268
-90.00 -5.00 -0.00168915
-85.00 -5.00 -0.0005544
-80.00 -5.00 0.00149685
-75.00 -5.00 0.0030825
-70.00 -5.00 0.0036219
-65.00 -5.00 0.00330663
-60.00 -5.00 0.0024582
-55.00 -5.00 0.00123402
-50.00 -5.00 -8.451e-05
-45.00 -5.00 -0.00089298
-40.00 -5.00 -0.00092046
-35.00 -5.00 -0.00071427
-30.00 -5.00 -0.00071925
-25.00 -5.00 -0.00055554
-20.00 -5.00 -4.506e-05
-15.00 -5.00 0.00014583
-10.00 -5.00 -0.00024816
-5.00 -5.00 -0.0005613
0.00 -5.00 -0.00051693
5.00 -5.00 -0.0005256
10.00 -5.00 -0.00055734
15.00 -5.00 -0.00043224
20.00 -5.00 -0.00075033
25.00 -5.00 -0.00176112
30.00 -5.00 -0.00241401
35.00 -5.00 -0.00216726
40.00 -5.00 -0.00194775
45.00 -5.00 -0.00194391
50.00 -5.00 -0.00098718
55.00 -5.00 0.00065157
60.00 -5.00 0.00089688
65.00 -5.00 -0.00059418
70.00 -5.00 -0.00165798
75.00 -5.00 -0.00122469
80.00 -5.00 -0.00068937
85.00 -5.00 -0.00109629
90.00 -5.00 -0.00155877
95.00 -5.00 -0.00090003
100.00 -5.00 0.00095088
105.00 -5.00 0.00319707
110.00 -5.00 0.00467877
115.00 -5.00 0.00449928
120.00 -5.00 0.00281649
125.00 -5.00 0.0007821
130.00 -5.00 -0.00032688
135.00 -5.00 5.484e-05
140.00 -5.00 0.00111651
145.00 -5.00 0.00105129
150.00 -5.00 -0.0008175
155.00 -5.00 -0.00286086
160.00 -5.00 -0.00335568
165.00 -5.00 -0.00276081
170.00 -5.00 -0.00236607
175.00 -5.00 -0.00221112
180.00 -5.00 -0.00181719
-180.00 0.00 -0.0011238
-175.00 0.00 -0.00034323
-170.00 0.00 -0.00055944
-165.00 0.00 -0.00091071
-160.00 0.00 -0.00129459
-155.00 0.00 -0.00188793
-150.00 0.00 -0.00184251
-145.00 0.00 -0.00095397
-140.00 0.00 -0.00076449
-135.00 0.00 -0.00176823
-130.00 0.00 -0.00211017
-125.00 0.00 -0.00102906
-120.00 0.00 -0.00042477
-115.00 0.00 -0.00125625
-110.00 0.00 -0.00180273
-105.00 0.00 -0.0010239
-100.00 0.00 -0.00031155
-95.00 0.00 -0.00059472
-90.00 0.00 -0.00059487
-85.00 0.00 0.00092058
-80.00 0.00 0.00317163
-75.00 0.00 0.00438555
-70.00 0.00 0.00373383
-65.00 0.00 0.00203535
-60.00 0.00 0.00082227
-55.00 0.00 0.00064485
-50.00 0.00 0.00070965
-45.00 0.00 0.00036807
-40.00 0.00 -7.467e-05
-35.00 0.00 -0.00032223
-30.00 0.00 -0.00056343
-25.00 0.00 -0.00077136
-20.00 0.00 -0.00073467
-15.00 0.00 -0.00066999
-10.00 0.00 -0.0008343
-5.00 0.00 -0.00106263
0.00 0.00 -0.00128397
5.00 0.00 -0.00156942
10.00 0.00 -0.00156831
15.00 0.00 -0.00110337
20.00 0.00 -0.00085413
25.00 0.00 -0.00118947
30.00 0.00 -0.00148155
35.00 0.00 -0.00166728
40.00 0.00 -0.00245274
45.00 0.00 -0.0030522
50.00 0.00 -0.00163767
55.00 0.00 0.00109605
60.00 0.00 0.00223674
65.00 0.00 0.0011919
70.00 0.00 0.00025338
75.00 0.00 0.00031059
80.00 0.00 -9.747e-05
85.00 0.00 -0.00118911
90.00 0.00 -0.00114939
95.00 0.00 0.00068337
100.00 0.00 0.00284403
105.00 0.00 0.00415629
110.00 0.00 0.00481227
115.00 0.00 0.00496968
120.00 0.00 0.00408327
125.00 0.00 0.0020601
130.00 0.00 6.432e-05
135.00 0.00 -0.00061263
140.00 0.00 -0.00028215
145.00 0.00 -0.00046737
150.00 0.00 -0.00158469
155.00 0.00 -0.00245571
160.00 0.00 -0.00256005
165.00 0.00 -0.00275208
170.00 0.00 -0.00311226
175.00 0.00 -0.00253848
180.00 0.00 -0.0011238
-180.00 5.00 0.00042072
-175.00 5.00 0.00046278
-170.00 5.00 -0.00068049
-165.00 5.00 -0.00129834
-160.00 5.00 -0.00138912
-155.00 5.00 -0.00172248
-150.00 5.00 -0.00162726
-145.00 5.00 -0.00075438
-140.00 5.00 -0.00068325
-135.00 5.00 -0.00197373
-130.00 5.00 -0.0024774
-125.00 5.00 -0.00106329
-120.00 5.00 0.00018801
-115.00 5.00 -0.00034548
-110.00 5.00 -0.00126078
-105.00 5.00 -0.00101979
-100.00 5.00 -0.000327
-95.00 5.00 -0.00015846
-90.00 5.00 8.901e-05
-85.00 5.00 0.00134778
-80.00 5.00 0.00328137
-75.00 5.00 0.00447504
-70.00 5.00 0.00375537
-65.00 5.00 0.00155967
-60.00 5.00 -0.00021828
-55.00 5.00 -0.00045666
-50.00 5.00 -0.00010617
-45.00 5.00 -0.00037116
-40.00 5.00 -0.00092739
-35.00 5.00 -0.00105321
-30.00 5.00 -0.0010128
-25.00 5.00 -0.00121911
-20.00 5.00 -0.00139101
-15.00 5.00 -0.00131625
-10.00 5.00 -0.00133743
-5.00 5.00 -0.00171594
0.00 5.00 -0.00223773
5.00 5.00 -0.00240753
10.00 5.00 -0.00182238
15.00 5.00 -0.00076152
20.00 5.00 -0.0001056
25.00 5.00 -0.00014784
30.00 5.00 -0.0004035
35.00 5.00 -0.00096501
40.00 5.00 -0.00223971
45.00 5.00 -0.00305553
50.00 5.00 -0.00168108
55.00 5.00 0.00095172
60.00 5.00 0.00214911
65.00 5.00 0.00164781
70.00 5.00 0.00143433
75.00 5.00 0.00167256
80.00 5.00 0.0007764
85.00 5.00 -0.00070623
90.00 5.00 -0.0003858
95.00 5.00 0.00174147
100.00 5.00 0.00305784
105.00 5.00 0.00255882
110.00 5.00 0.00214092
115.00 5.00 0.00311145
120.00 5.00 0.00398751
125.00 5.00 0.00286794
130.00 5.00 0.00034362
135.00 5.00 -0.0014097
140.00 5.00 -0.00161883
145.00 5.00 -0.00132924
150.00 5.00 -0.0012105
155.00 5.00 -0.00097845
160.00 5.00 -0.00092439
165.00 5.00 -0.00162621
170.00 5.00 -0.00213732
175.00 5.00 -0.00112245
180.00 5.00 0.00042072
-180.00 10.00 0.00072387
-175.00 10.00 -3.297e-05
-170.00 10.00 -0.00117813
-165.00 10.00 -0.00115587
-160.00 10.00 -0.00078021
-155.00 10.00 -0.00144066
-150.00 10.00 -0.00230277
-145.00 10.00 -0.00216138
-140.00 10.00 -0.00191907
-135.00 10.00 -0.00251919
-130.00 10.00 -0.00277998
-125.00 10.00 -0.00168948
-120.00 10.00 -0.00046257
-115.00 10.00 -0.00037212
-110.00 10.00 -0.0007983
-105.00 10.00 -0.00079596
-100.00 10.00 -0.00054726
-95.00 10.00 -0.00040977
-90.00 10.00 -0.00014013
-85.00 10.00 0.0005694
-80.00 10.00 0.00169035
-75.00 10.00 0.00271986
-70.00 10.00 0.00271089
-65.00 10.00 0.00136221
-60.00 10.00 -0.00014298
-55.00 10.00 -0.00064713
-50.00 10.00 -0.00068832
-45.00 10.00 -0.0012396
-40.00 10.00 -0.00188172
-35.00 10.00 -0.0017928
-30.00 10.00 -0.00133728
-25.00 10.00 -0.00121332
-20.00 10.00 -0.00119871
-15.00 10.00 -0.00090894
-10.00 10.00 -0.00073845
-5.00 10.00 -0.00116385
0.00 10.00 -0.00184494
5.00 10.00 -0.00195369
10.00 10.00 -0.00111234
15.00 10.00 0.00013881
20.00 10.00 0.00089622
25.00 10.00 0.00093282
30.00 10.00 0.00065052
35.00 10.00 6.984e-05
40.00 10.00 -0.00090876
45.00 10.00 -0.0013488
50.00 10.00 -0.00027177
55.00 10.00 0.00129144
60.00 10.00 0.00154767
65.00 10.00 0.00094893
70.00 10.00 0.00123882
75.00 10.00 0.00201213
80.00 10.00 0.00143412
85.00 10.00 -4.026e-05
90.00 10.00 -0.00012642
95.00 10.00 0.00122775
100.00 10.00 0.00160482
105.00 10.00 0.00023739
110.00 10.00 -0.00066237
115.00 10.00 0.00048657
120.00 10.00 0.00211812
125.00 10.00 0.00195141
130.00 10.00 0.00030099
135.00 10.00 -0.00073515
140.00 10.00 -0.00046749
145.00 10.00 -5.517e-05
150.00 10.00 -0.0001611
155.00 10.00 -0.00029124
160.00 10.00 -0.00036705
165.00 10.00 -0.00074514
170.00 10.00 -0.00082596
175.00 10.00 3.618e-05
180.00 10.00 0.00072387
-180.00 15.00 -0.00074766
-175.00 15.00 -0.00114861
-170.00 15.00 -0.00122385
-165.00 15.00 -0.00053163
-160.00 15.00 -0.00019626
-155.00 15.00 -0.00125019
-150.00 15.00 -0.00273579
-145.00 15.00 -0.00324492
-140.00 15.00 -0.00302559
-135.00 15.00 -0.00293397
-130.00 15.00 -0.00277764
-125.00 15.00 -0.0021189
-120.00 15.00 -0.00131934
-115.00 15.00 -0.00080466
-110.00 15.00 -0.00052755
-105.00 15.00 -0.00050388
-100.00 15.00 -0.00070845
-95.00 15.00 -0.00063615
-90.00 15.00 -1.704e-05
-85.00 15.00 0.00063858
-80.00 15.00 0.00096501
-75.00 15.00 0.00120084
-70.00 15.00 0.00127935
-65.00 15.00 0.00079227
-60.00 15.00 5.526e-05
-55.00 15.00 -0.00022959
-50.00 15.00 -0.00026829
-45.00 15.00 -0.00071256
-40.00 15.00 -0.00132486
-35.00 15.00 -0.00145788
-30.00 15.00 -0.0012384
-25.00 15.00 -0.00108798
-20.00 15.00 -0.00082704
-15.00 15.00 -0.00025602
-10.00 15.00 0.00014031
-5.00 15.00 -0.00011619
0.00 15.00 -0.00068664
5.00 15.00 -0.00083325
10.00 15.00 -0.00029601
15.00 15.00 0.00051219
20.00 15.00 0.00103482
25.00 15.00 0.00112542
30.00 15.00 0.00093024
35.00 15.00 0.00044703
40.00 15.00 -0.00018789
45.00 15.00 -0.00023352
50.00 15.00 0.00072891
55.00 15.00 0.00164772
60.00 15.00 0.00127623
65.00 15.00 0.0003228
70.00 15.00 0.00047532
75.00 15.00 0.00154401
80.00 15.00 0.00173892
85.00 15.00 0.00070212
90.00 15.00 -2.871e-05
95.00 15.00 0.00023157
100.00 15.00 0.00030708
105.00 15.00 -0.00055992
110.00 15.00 -0.0013164
115.00 15.00 -0.00087792
120.00 15.00 0.00012573
125.00 15.00 0.00053058
130.00 15.00 0.00056916
135.00 15.00 0.00119079
140.00 15.00 0.00201606
145.00 15.00 0.00168687
150.00 15.00 0.00017769
155.00 15.00 -0.00101385
160.00 15.00 -0.00113484
165.00 15.00 -0.00088914
170.00 15.00 -0.00080379
175.00 15.00 -0.00070398
180.00 15.00 -0.00074766
-180.00 20.00 -0.00190509
-175.00 20.00 -0.00116157
-170.00 20.00 -0.00037542
-165.00 20.00 -7.89e-06
-160.00 20.00 -0.00025743
-155.00 20.00 -0.00102372
-150.00 20.00 -0.00188568
-145.00 20.00 -0.00251052
-140.00 20.00 -0.00284277
-135.00 20.00 -0.00278292
-130.00 20.00 -0.00226935
-125.00 20.00 -0.0016341
-120.00 20.00 -0.00116598
-115.00 20.00 -0.00063957
-110.00 20.00 -2.502e-05
-105.00 20.00 7.353e-05
-100.00 20.00 -0.00040854
-95.00 20.00 -0.00040857
-90.00 20.00 0.00064233
-85.00 20.00 0.00172932
-80.00 20.00 0.00177
-75.00 20.00 0.00105651
-70.00 20.00 0.00036342
-65.00 20.00 -0.00016293
-60.00 20.00 -0.00054
-55.00 20.00 -0.00052785
-50.00 20.00 -0.00021318
-45.00 20.00 -0.00010998
-40.00 20.00 -0.0004371
-35.00 20.00 -0.00096633
-30.00 20.00 -0.00146049
-25.00 20.00 -0.00169086
-20.00 20.00 -0.00138762
-15.00 20.00 -0.00068535
-10.00 20.00 -0.00018819
-5.00 20.00 -0.00021954
0.00 20.00 -0.0004437
5.00 20.00 -0.00044541
10.00 20.00 -0.00023868
15.00 20.00 -3.534e-05
20.00 20.00 0.00012336
25.00 20.00 0.00028404
30.00 20.00 0.0002748
35.00 20.00 -0.00020661
40.00 20.00 -0.00096555
45.00 20.00 -0.0010944
50.00 20.00 -4.479e-05
55.00 20.00 0.00127938
60.00 20.00 0.00147525
65.00 20.00 0.00065307
70.00 20.00 0.00031092
75.00 20.00 0.00105063
80.00 20.00 0.00173034
85.00 20.00 0.0013248
90.00 20.00 0.00039894
95.00 20.00 2.037e-05
100.00 20.00 0.00015387
105.00 20.00 1.665e-05
110.00 20.00 -0.0005334
115.00 20.00 -0.00086664
120.00 20.00 -0.00060153
125.00 20.00 7.599e-05
130.00 20.00 0.00100431
135.00 20.00 0.00203391
140.00 20.00 0.00241779
145.00 20.00 0.00136509
150.00 20.00 -0.00052632
155.00 20.00 -0.00160149
160.00 20.00 -0.00132813
165.00 20.00 -0.00091695
170.00 20.00 -0.00133002
175.00 20.00 -0.00197334
180.00 20.00 -0.00190509
-180.00 25.00 -0.00104355
-175.00 25.00 0.00020193
-170.00 25.00 0.00062361
-165.00 25.00 -0.00010248
-160.00 25.00 -0.00081057
-155.00 25.00 -0.00065502
-150.00 25.00 -0.00031062
-145.00 25.00 -0.00085152
-140.00 25.00 -0.00200259
-135.00 25.00 -0.00244596
-130.00 25.00 -0.00177471
-125.00 25.00 -0.00099315
-120.00 25.00 -0.00078141
-115.00 25.00 -0.0005652
-110.00 25.00 4.5e-05
-105.00 25.00 0.00029424
-100.00 25.00 -0.00023022
-95.00 25.00 -0.0004683
-90.00 25.00 0.00050649
-85.00 25.00 0.00181617
-80.00 25.00 0.00196446
-75.00 25.00 0.00086514
-70.00 25.00 -0.00039387
-65.00 25.00 -0.00110403
-60.00 25.00 -0.00130497
-55.00 25.00 -0.00114849
-50.00 25.00 -0.00073149
-45.00 25.00 -0.00034506
-40.00 25.00 -0.00038499
-35.00 25.00 -0.00100029
-30.00 25.00 -0.00189354
-25.00 25.00 -0.00246327
-20.00 25.00 -0.0023286
-15.00 25.00 -0.00176331
-10.00 25.00 -0.0013488
-5.00 25.00 -0.00122088
0.00 25.00 -0.00104562
5.00 25.00 -0.00070194
10.00 25.00 -0.00048543
15.00 25.00 -0.00054246
20.00 25.00 -0.00055455
25.00 25.00 -0.00024186
30.00 25.00 5.925e-05
35.00 25.00 -0.0003051
40.00 25.00 -0.00131151
45.00 25.00 -0.001893
50.00 25.00 -0.00106446
55.00 25.00 0.0006699
60.00 25.00 0.00171783
65.00 25.00 0.00137205
70.00 25.00 0.00062868
75.00 25.00 0.00064557
80.00 25.00 0.00116367
85.00 25.00 0.00117699
90.00 25.00 0.00058551
95.00 25.00 0.00020385
100.00 25.00 0.00032232
105.00 25.00 0.00028851
110.00 25.00 -0.00027165
115.00 25.00 -0.00070878
120.00 25.00 -0.00031524
125.00 25.00 0.00061716
130.00 25.00 0.00125034
135.00 25.00 0.00119286
140.00 25.00 0.00056583
145.00 25.00 -0.00033834
150.00 25.00 -0.00096777
155.00 25.00 -0.00075567
160.00 25.00 -2.499e-05
165.00 25.00 7.197e-05
170.00 25.00 -0.00084327
175.00 25.00 -0.00159366
180.00 25.00 -0.00104355
-180.00 30.00 0.00057615
-175.00 30.00 0.00125973
-170.00 30.00 0.00073128
-165.00 30.00 -0.00063309
-160.00 30.00 -0.00119778
-155.00 30.00 -0.00038133
-150.00 30.00 0.00038355
-145.00 30.00 -0.00033738
-140.00 30.00 -0.001854
-135.00 30.00 -0.00234279
-130.00 30.00 -0.00149691
-125.00 30.00 -0.00077928
-120.00 30.00 -0.00102249
-115.00 30.00 -0.00132729
-110.00 30.00 -0.00087531
-105.00 30.00 -0.00035172
-100.00 30.00 -0.00057213
-95.00 30.00 -0.00089559
-90.00 30.00 -0.00028344
-85.00 30.00 0.00083847
-80.00 30.00 0.00108174
-75.00 30.00 8.469e-05
-70.00 30.00 -0.00111207
-65.00 30.00 -0.00154983
-60.00 30.00 -0.00131367
-55.00 30.00 -0.00096774
-50.00 30.00 -0.00074292
-45.00 30.00 -0.00056295
-40.00 30.00 -0.00049389
-35.00 30.00 -0.00077799
-30.00 30.00 -0.001419
-25.00 30.00 -0.00200676
-20.00 30.00 -0.00214905
-15.00 30.00 -0.00192879
-10.00 30.00 -0.00168465
-5.00 30.00 -0.00147006
0.00 30.00 -0.00107607
5.00 30.00 -0.00053493
10.00 30.00 -0.00018678
15.00 30.00 -0.00014178
20.00 30.00 -2.331e-05
25.00 30.00 0.00050256
30.00 30.00 0.00110451
35.00 30.00 0.0010233
40.00 30.00 5.82e-05
45.00 30.00 -0.00092148
50.00 30.00 -0.00082083
55.00 30.00 0.00033372
60.00 30.00 0.0013365
65.00 30.00 0.00127161
70.00 30.00 0.00056541
75.00 30.00 0.00020202
80.00 30.00 0.00035496
85.00 30.00 0.0004335
90.00 30.00 0.00020169
95.00 30.00 2.43e-05
100.00 30.00 -5.01e-06
105.00 30.00 -0.00030426
110.00 30.00 -0.00086058
115.00 30.00 -0.00085518
120.00 30.00 0.00016806
125.00 30.00 0.00134451
130.00 30.00 0.00142563
135.00 30.00 0.00033972
140.00 30.00 -0.00082875
145.00 30.00 -0.0011544
150.00 30.00 -0.00058749
155.00 30.00 0.00034998
160.00 30.00 0.00097251
165.00 30.00 0.0007965
170.00 30.00 0.00010254
175.00 30.00 -0.00012345
180.00 30.00 0.00057615
-180.00 35.00 0.00070236
-175.00 35.00 0.00070212
-170.00 35.00 -2.985e-05
-165.00 35.00 -0.00087723
-160.00 35.00 -0.00095514
-155.00 35.00 -0.00043503
-150.00 35.00 -0.00051624
-145.00 35.00 -0.00170847
-140.00 35.00 -0.00285096
-135.00 35.00 -0.00258867
-130.00 35.00 -0.00133914
-125.00 35.00 -0.00076326
-120.00 35.00 -0.00141648
-115.00 35.00 -0.00208629
-110.00 35.00 -0.00172311
-105.00 35.00 -0.00088032
-100.00 35.00 -0.00056178
-95.00 35.00 -0.00058395
-90.00 35.00 -0.00010086
-85.00 35.00 0.00077175
-80.00 35.00 0.00097428
-75.00 35.00 8.622e-05
-70.00 35.00 -0.00102762
-65.00 35.00 -0.00137895
-60.00 35.00 -0.00101667
-55.00 35.00 -0.00067755
-50.00 35.00 -0.00070245
-45.00 35.00 -0.00076296
-40.00 35.00 -0.00053871
-35.00 35.00 -0.00022419
-30.00 35.00 -0.0002127
-25.00 35.00 -0.00053775
-20.00 35.00 -0.00087246
-15.00 35.00 -0.00096954
-10.00 35.00 -0.00085395
-5.00 35.00 -0.00061488
0.00 35.00 -0.00026166
5.00 35.00 0.00015888
10.00 35.00 0.00051507
15.00 35.00 0.00078009
20.00 35.00 0.00112821
25.00 35.00 0.00167595
30.00 35.00 0.00216873
35.00 35.00 0.00211248
40.00 35.00 0.00133527
45.00 35.00 0.00032277
50.00 35.00 -0.0002034
55.00 35.00 -5.946e-05
60.00 35.00 0.00025695
65.00 35.00 0.00026958
70.00 35.00 9.474e-05
75.00 35.00 9.879e-05
80.00 35.00 0.00025671
85.00 35.00 0.00023712
90.00 35.00 -2.13e-05
95.00 35.00 -0.00028059
100.00 35.00 -0.00051021
105.00 35.00 -0.00088359
110.00 35.00 -0.00116286
115.00 35.00 -0.00070302
120.00 35.00 0.00055164
125.00 35.00 0.00157485
130.00 35.00 0.00132756
135.00 35.00 6.003e-05
140.00 35.00 -0.00099144
145.00 35.00 -0.00105498
150.00 35.00 -0.00046275
155.00 35.00 5.316e-05
160.00 35.00 0.00016677
165.00 35.00 3.042e-05
170.00 35.00 -1.608e-05
175.00 35.00 0.00026691
180.00 35.00 0.00070236
-180.00 40.00 -0.00057129
-175.00 40.00 -0.00063717
-170.00 40.00 -0.00058233
-165.00 40.00 -0.00027987
-160.00 40.00 7.02e-06
-155.00 40.00 -0.00035859
-150.00 40.00 -0.00171687
-145.00 40.00 -0.00338361
-140.00 40.00 -0.00402771
-135.00 40.00 -0.00312165
-130.00 40.00 -0.00171
-125.00 40.00 -0.00125034
-120.00 40.00 -0.00185673
-115.00 40.00 -0.00228483
-110.00 40.00 -0.00165645
-105.00 40.00 -0.00049782
-100.00 40.00 0.00022935
-95.00 40.00 0.00047826
-90.00 40.00 0.00087867
-85.00 40.00 0.00150636
-80.00 40.00 0.00165801
-75.00 40.00 0.00090711
-70.00 40.00 -0.00022707
-65.00 40.00 -0.00094812
-60.00 40.00 -0.00113346
-55.00 40.00 -0.00124959
-50.00 40.00 -0.00151398
-45.00 40.00 -0.00156819
-40.00 40.00 -0.0010536
-35.00 40.00 -0.00020205
-30.00 40.00 0.00037137
-25.00 40.00 0.00035214
-20.00 40.00 9.9e-07
-15.00 40.00 -0.00022767
-10.00 40.00 -0.00015234
-5.00 40.00 0.00010278
0.00 40.00 0.00038823
5.00 40.00 0.00070266
10.00 40.00 0.001113
15.00 40.00 0.00160266
20.00 40.00 0.00203169
25.00 40.00 0.00221667
30.00 40.00 0.00203784
35.00 40.00 0.00150942
40.00 40.00 0.00079104
45.00 40.00 0.00011523
50.00 40.00 -0.00035997
55.00 40.00 -0.00064218
60.00 40.00 -0.00079932
65.00 40.00 -0.00077286
70.00 40.00 -0.00042147
75.00 40.00 0.00018312
80.00 40.00 0.00064683
85.00 40.00 0.00060561
90.00 40.00 0.00012312
95.00 40.00 -0.0004233
100.00 40.00 -0.00077535
105.00 40.00 -0.00088749
110.00 40.00 -0.00066018
115.00 40.00 3.501e-05
120.00 40.00 0.00092541
125.00 40.00 0.00129726
130.00 40.00 0.00072222
135.00 40.00 -0.00034809
140.00 40.00 -0.00104118
145.00 40.00 -0.00103344
150.00 40.00 -0.00075714
155.00 40.00 -0.00069612
160.00 40.00 -0.00083355
165.00 40.00 -0.00087942
170.00 40.00 -0.00074313
175.00 40.00 -0.00059025
180.00 40.00 -0.00057129
-180.00 45.00 -0.00147213
-175.00 45.00 -0.00126009
-170.00 45.00 -0.0003447
-165.00 45.00 0.00080103
-160.00 45.00 0.00128103
-155.00 45.00 0.00046482
-150.00 45.00 -0.00136881
-145.00 45.00 -0.00310311
-140.00 45.00 -0.00369891
-135.00 45.00 -0.00315888
-130.00 45.00 -0.0024651
-125.00 45.00 -0.00243894
-120.00 45.00 -0.00280488
-115.00 45.00 -0.00260631
-110.00 45.00 -0.00145431
-105.00 45.00 -1.725e-05
-100.00 45.00 0.0008202
-95.00 45.00 0.00095151
-90.00 45.00 0.00093831
-85.00 45.00 0.00112092
-80.00 45.00 0.00122796
-75.00 45.00 0.0008844
-70.00 45.00 0.00015855
-65.00 45.00 -0.00058602
-60.00 45.00 -0.00116991
-55.00 45.00 -0.00166122
-50.00 45.00 -0.00201993
-45.00 45.00 -0.00196578
-40.00 45.00 -0.0013362
-35.00 45.00 -0.00043644
-30.00 45.00 0.00015231
-25.00 45.00 0.00012495
-20.00 45.00 -0.00028296
-15.00 45.00 -0.00059286
-10.00 45.00 -0.00054594
-5.00 45.00 -0.00021834
0.00 45.00 0.00023343
5.00 45.00 0.00079311
10.00 45.00 0.00149496
15.00 45.00 0.00218652
20.00 45.00 0.00250047
25.00 45.00 0.00213828
30.00 45.00 0.00118515
35.00 45.00 0.00010572
40.00 45.00 -0.00061197
45.00 45.00 -0.00083817
50.00 45.00 -0.00084945
55.00 45.00 -0.00099918
60.00 45.00 -0.00132819
65.00 45.00 -0.00150819
70.00 45.00 -0.00120018
75.00 45.00 -0.00047109
80.00 45.00 0.00019272
85.00 45.00 0.00032316
90.00 45.00 -0.00010245
95.00 45.00 -0.00068259
100.00 45.00 -0.00096576
105.00 45.00 -0.00074574
110.00 45.00 -9.501e-05
115.00 45.00 0.0006939
120.00 45.00 0.00117939
125.00 45.00 0.00100326
130.00 45.00 0.00023658
135.00 45.00 -0.00057678
140.00 45.00 -0.00088269
145.00 45.00 -0.00062502
150.00 45.00 -0.0002064
155.00 45.00 6e-08
160.00 45.00 -5.496e-05
165.00 45.00 -0.00027108
170.00 45.00 -0.00063495
175.00 45.00 -0.00112338
180.00 45.00 -0.00147213
-180.00 50.00 -0.00160581
-175.00 50.00 -0.00133497
-170.00 50.00 -0.00027471
-165.00 50.00 0.0009834
-160.00 50.00 0.00163974
-155.00 50.00 0.00128694
-150.00 50.00 0.00022392
-145.00 50.00 -0.00084153
-140.00 50.00 -0.00145245
-135.00 50.00 -0.00177282
-130.00 50.00 -0.00226404
-125.00 50.00 -0.00300615
-120.00 50.00 -0.00345351
-115.00 50.00 -0.00297075
-110.00 50.00 -0.00158088
-105.00 50.00 -5.889e-05
-100.00 50.00 0.00076119
-95.00 50.00 0.00069969
-90.00 50.00 0.00023025
-85.00 50.00 -0.00010896
-80.00 50.00 -0.0001737
-75.00 50.00 -0.0001464
-70.00 50.00 -0.00021477
-65.00 50.00 -0.00042183
-60.00 50.00 -0.00072633
-55.00 50.00 -0.00104667
-50.00 50.00 -0.00122868
-45.00 50.00 -0.00110061
-40.00 50.00 -0.00066411
-35.00 50.00 -0.00019968
-30.00 50.00 -8.487e-05
-25.00 50.00 -0.00045963
-20.00 50.00 -0.00108732
-15.00 50.00 -0.00155718
-10.00 50.00 -0.00160107
-5.00 50.00 -0.00120777
0.00 50.00 -0.00049485
5.00 50.00 0.00042555
10.00 50.00 0.00140493
15.00 50.00 0.00214605
20.00 50.00 0.00226599
25.00 50.00 0.00158175
30.00 50.00 0.00035691
35.00 50.00 -0.00079515
40.00 50.00 -0.00134421
45.00 50.00 -0.00124923
50.00 50.00 -0.00095754
55.00 50.00 -0.00098103
60.00 50.00 -0.00143175
65.00 50.00 -0.00194256
70.00 50.00 -0.00203547
75.00 50.00 -0.00157854
80.00 50.00 -0.00090072
85.00 50.00 -0.00048129
90.00 50.00 -0.00053361
95.00 50.00 -0.00086013
100.00 50.00 -0.00105444
105.00 50.00 -0.00082689
110.00 50.00 -0.0002025
115.00 50.00 0.00050328
120.00 50.00 0.00089301
125.00 50.00 0.00076839
130.00 50.00 0.00029847
135.00 50.00 -9.123e-05
140.00 50.00 -5.526e-05
145.00 50.00 0.00040551
150.00 50.00 0.00098811
155.00 50.00 0.00134826
160.00 50.00 0.00128961
165.00 50.00 0.00077235
170.00 50.00 -0.00010728
175.00 50.00 -0.00105906
180.00 50.00 -0.00160581
-180.00 55.00 -0.00191859
-175.00 55.00 -0.00194454
-170.00 55.00 -0.00141927
-165.00 55.00 -0.00062235
-160.00 55.00 9.579e-05
-155.00 55.00 0.00055146
-150.00 55.00 0.00078414
-145.00 55.00 0.00088056
-140.00 55.00 0.00076725
-135.00 55.00 0.00023373
-130.00 55.00 -0.00078666
-125.00 55.00 -0.0019644
-120.00 55.00 -0.00267522
-115.00 55.00 -0.0024504
-110.00 55.00 -0.00138483
-105.00 55.00 -0.00010374
-100.00 55.00 0.00070146
-95.00 55.00 0.00075099
-90.00 55.00 0.00027102
-85.00 55.00 -0.00029667
-80.00 55.00 -0.00064515
-75.00 55.00 -0.00073287
-70.00 55.00 -0.00068628
-65.00 55.00 -0.00064242
-60.00 55.00 -0.00065529
-55.00 55.00 -0.00068187
-50.00 55.00 -0.00062781
-45.00 55.00 -0.00043878
-40.00 55.00 -0.00018774
-35.00 55.00 -7.053e-05
-30.00 55.00 -0.00027573
-25.00 55.00 -0.00082131
-20.00 55.00 -0.00150645
-15.00 55.00 -0.00202788
-10.00 55.00 -0.00215619
-5.00 55.00 -0.00182916
0.00 55.00 -0.00112905
5.00 55.00 -0.00022695
10.00 55.00 0.00063594
15.00 55.00 0.0011685
20.00 55.00 0.00113301
25.00 55.00 0.0005145
30.00 55.00 -0.0003933
35.00 55.00 -0.00112371
40.00 55.00 -0.00134577
45.00 55.00 -0.00110769
50.00 55.00 -0.00079329
55.00 55.00 -0.00080343
60.00 55.00 -0.00122241
65.00 55.00 -0.00175212
70.00 55.00 -0.00196614
75.00 55.00 -0.00166161
80.00 55.00 -0.00101343
85.00 55.00 -0.00042111
90.00 55.00 -0.00019902
95.00 55.00 -0.00036612
100.00 55.00 -0.00067554
105.00 55.00 -0.00082434
110.00 55.00 -0.00066762
115.00 55.00 -0.00029082
120.00 55.00 9.009e-05
125.00 55.00 0.00030951
130.00 55.00 0.00037224
135.00 55.00 0.00042231
140.00 55.00 0.00059853
145.00 55.00 0.00090708
150.00 55.00 0.00121125
155.00 55.00 0.00131982
160.00 55.00 0.00108648
165.00 55.00 0.00047205
170.00 55.00 -0.00041856
175.00 55.00 -0.00132792
180.00 55.00 -0.00191859
-180.00 60.00 -0.00227307
-175.00 60.00 -0.00269799
-170.00 60.00 -0.00284706
-165.00 60.00 -0.00267564
-160.00 60.00 -0.00217713
-155.00 60.00 -0.00138657
-150.00 60.00 -0.00041898
-145.00 60.00 0.00049359
-140.00 60.00 0.001041
-135.00 60.00 0.00098214
-130.00 60.00 0.00032493
-125.00 60.00 -0.00061014
-120.00 60.00 -0.00133434
-115.00 60.00 -0.00147381
-110.00 60.00 -0.00099318
-105.00 60.00 -0.00019464
-100.00 60.00 0.00049791
-95.00 60.00 0.00079692
-90.00 60.00 0.00067053
-85.00 60.00 0.00027768
-80.00 60.00 -0.00018495
-75.00 60.00 -0.0005949
-70.00 60.00 -0.00091908
-65.00 60.00 -0.00116328
-60.00 60.00 -0.00131976
-55.00 60.00 -0.00135375
-50.00 60.00 -0.00123372
-45.00 60.00 -0.00097851
-40.00 60.00 -0.00068175
-35.00 60.00 -0.00048393
-30.00 60.00 -0.00049851
-25.00 60.00 -0.00073953
-20.00 60.00 -0.00110412
-15.00 60.00 -0.00142464
-10.00 60.00 -0.00155271
-5.00 60.00 -0.00142251
0.00 60.00 -0.00106842
5.00 60.00 -0.00060756
10.00 60.00 -0.00020448
15.00 60.00 -1.86e-05
20.00 60.00 -0.00013323
25.00 60.00 -0.00049506
30.00 60.00 -0.00091827
35.00 60.00 -0.00118095
40.00 60.00 -0.00116808
45.00 60.00 -0.00095577
50.00 60.00 -0.0007587
55.00 60.00 -0.00076554
60.00 60.00 -0.00098535
65.00 60.00 -0.00122907
70.00 60.00 -0.0012474
75.00 60.00 -0.00092082
80.00 60.00 -0.00035766
85.00 60.00 0.00017127
90.00 60.00 0.00040854
95.00 60.00 0.00026868
100.00 60.00 -0.0001236
105.00 60.00 -0.00052539
110.00 60.00 -0.00072291
115.00 60.00 -0.00063672
120.00 60.00 -0.00033111
125.00 60.00 5.571e-05
130.00 60.00 0.00039861
135.00 60.00 0.0006333
140.00 60.00 0.00075027
145.00 60.00 0.00076098
150.00 60.00 0.0006693
155.00 60.00 0.00046251
160.00 60.00 0.00011913
165.00 60.00 -0.00037269
170.00 60.00 -0.00099108
175.00 60.00 -0.00166311
180.00 60.00 -0.00227307
-180.00 65.00 -0.0017142
-175.00 65.00 -0.00229344
-170.00 65.00 -0.00274851
-165.00 65.00 -0.00294138
-160.00 65.00 -0.00276633
-155.00 65.00 -0.00220671
-150.00 65.00 -0.00137202
-145.00 65.00 -0.00048726
-140.00 65.00 0.00017931
-135.00 65.00 0.00042768
-130.00 65.00 0.00022281
-125.00 65.00 -0.00028293
-120.00 65.00 -0.00082329
-115.00 65.00 -0.00114957
-110.00 65.00 -0.00114501
-105.00 65.00 -0.00085929
-100.00 65.00 -0.00045528
-95.00 65.00 -0.00011298
-90.00 65.00 4.788e-05
-85.00 65.00 -6.57e-06
-80.00 65.00 -0.00024366
-75.00 65.00 -0.00059745
-70.00 65.00 -0.00099228
-65.00 65.00 -0.00135135
-60.00 65.00 -0.0016014
-55.00 65.00 -0.00168423
-50.00 65.00 -0.00157551
-45.00 65.00 -0.00130116
-40.00 65.00 -0.00093681
-35.00 65.00 -0.00058527
-30.00 65.00 -0.00033837
-25.00 65.00 -0.00024231
-20.00 65.00 -0.00028476
-15.00 65.00 -0.00040854
-10.00 65.00 -0.0005433
-5.00 65.00 -0.0006372
0.00 65.00 -0.00067545
5.00 65.00 -0.00068076
10.00 65.00 -0.00069756
15.00 65.00 -0.00076653
20.00 65.00 -0.00089883
25.00 65.00 -0.00106455
30.00 65.00 -0.00120579
35.00 65.00 -0.00127257
40.00 65.00 -0.00125967
45.00 65.00 -0.00121668
50.00 65.00 -0.00121623
55.00 65.00 -0.00129837
60.00 65.00 -0.00142986
65.00 65.00 -0.00151323
70.00 65.00 -0.00144513
75.00 65.00 -0.00118758
80.00 65.00 -0.00080247
85.00 65.00 -0.00042363
90.00 65.00 -0.00018288
95.00 65.00 -0.00013611
100.00 65.00 -0.00023403
105.00 65.00 -0.00035271
110.00 65.00 -0.00036189
115.00 65.00 -0.00019095
120.00 65.00 0.00014211
125.00 65.00 0.00054696
130.00 65.00 0.00090732
135.00 65.00 0.00113013
140.00 65.00 0.00117513
145.00 65.00 0.00105672
150.00 65.00 0.00082329
155.00 65.00 0.00052626
160.00 65.00 0.00019416
165.00 65.00 -0.00017697
170.00 65.00 -0.00061215
175.00 65.00 -0.00113022
180.00 65.00 -0.0017142
-180.00 70.00 -0.00069255
-175.00 70.00 -0.00104709
-170.00 70.00 -0.00132426
-165.00 70.00 -0.00145164
-160.00 70.00 -0.00137811
-155.00 70.00 -0.0011022
-150.00 70.00 -0.00068574
-145.00 70.00 -0.00024309
-140.00 70.00 9.393e-05
-135.00 70.00 0.00022308
-130.00 70.00 0.00011028
-125.00 70.00 -0.0001983
-120.00 70.00 -0.00059664
-115.00 70.00 -0.00096177
-110.00 70.00 -0.00119913
-105.00 70.00 -0.00127038
-100.00 70.00 -0.00119577
-95.00 70.00 -0.00103509
-90.00 70.00 -0.00085986
-85.00 70.00 -0.00072936
-80.00 70.00 -0.00067638
-75.00 70.00 -0.00070332
-70.00 70.00 -0.00078621
-65.00 70.00 -0.00088377
-60.00 70.00 -0.00094983
-55.00 70.00 -0.00094719
-50.00 70.00 -0.00085971
-45.00 70.00 -0.00069876
-40.00 70.00 -0.000501
-35.00 70.00 -0.0003177
-30.00 70.00 -0.00019869
-25.00 70.00 -0.00017772
-20.00 70.00 -0.00026364
-15.00 70.00 -0.00044085
-10.00 70.00 -0.00067719
-5.00 70.00 -0.00093537
0.00 70.00 -0.00118329
5.00 70.00 -0.0014001
10.00 70.00 -0.00157683
15.00 70.00 -0.00171321
20.00 70.00 -0.00181341
25.00 70.00 -0.00188349
30.00 70.00 -0.00193242
35.00 70.00 -0.00197439
40.00 70.00 -0.00202914
45.00 70.00 -0.0021165
50.00 70.00 -0.00224547
55.00 70.00 -0.00240378
60.00 70.00 -0.00255516
65.00 70.00 -0.00264954
70.00 70.00 -0.0026424
75.00 70.00 -0.00251436
80.00 70.00 -0.00227925
85.00 70.00 -0.00197586
90.00 70.00 -0.00164754
95.00 70.00 -0.00132141
100.00 70.00 -0.00099858
105.00 70.00 -0.00066042
110.00 70.00 -0.00028671
115.00 70.00 0.0001251
120.00 70.00 0.00054993
125.00 70.00 0.00093954
130.00 70.00 0.00123897
135.00 70.00 0.00140676
140.00 70.00 0.00142926
145.00 70.00 0.00132345
150.00 70.00 0.00112686
155.00 70.00 0.0008802
160.00 70.00 0.0006111
165.00 70.00 0.00032643
170.00 70.00 1.743e-05
175.00 70.00 -0.00032508
180.00 70.00 -0.00069255
-180.00 75.00 -0.00044079
-175.00 75.00 -0.00043743
-170.00 75.00 -0.00037809
-165.00 75.00 -0.00025608
-160.00 75.00 -7.434e-05
-155.00 75.00 0.00014985
-150.00 75.00 0.00038463
-145.00 75.00 0.0005886
-140.00 75.00 0.00072042
-135.00 75.00 0.00075006
-130.00 75.00 0.0006678
-125.00 75.00 0.00048765
-120.00 75.00 0.00024381
-115.00 75.00 -1.848e-05
-110.00 75.00 -0.00025494
-105.00 75.00 -0.0004326
-100.00 75.00 -0.0005361
-95.00 75.00 -0.00056817
-90.00 75.00 -0.00054549
-85.00 75.00 -0.00049152
-80.00 75.00 -0.00042954
-75.00 75.00 -0.00037752
-70.00 75.00 -0.00034572
-65.00 75.00 -0.00033726
-60.00 75.00 -0.00035079
-55.00 75.00 -0.00038397
-50.00 75.00 -0.00043662
-45.00 75.00 -0.0005124
-40.00 75.00 -0.00061866
-35.00 75.00 -0.00076416
-30.00 75.00 -0.0009558
-25.00 75.00 -0.00119508
-20.00 75.00 -0.0014757
-15.00 75.00 -0.00178344
-10.00 75.00 -0.00209793
-5.00 75.00 -0.00239631
0.00 75.00 -0.00265746
5.00 75.00 -0.00286572
10.00 75.00 -0.00301311
15.00 75.00 -0.00310011
20.00 75.00 -0.00313512
25.00 75.00 -0.00313269
30.00 75.00 -0.00311103
35.00 75.00 -0.0030888
40.00 75.00 -0.00308154
45.00 75.00 -0.0030978
50.00 75.00 -0.00313662
55.00 75.00 -0.00318669
60.00 75.00 -0.00322851
65.00 75.00 -0.00323865
70.00 75.00 -0.00319536
75.00 75.00 -0.0030834
80.00 75.00 -0.00289692
85.00 75.00 -0.00263928
90.00 75.00 -0.0023211
95.00 75.00 -0.00195711
100.00 75.00 -0.00156399
105.00 75.00 -0.00115935
110.00 75.00 -0.000762
115.00 75.00 -0.0003924
120.00 75.00 -7.206e-05
125.00 75.00 0.00017901
130.00 75.00 0.0003459
135.00 75.00 0.00042258
140.00 75.00 0.0004143
145.00 75.00 0.00033681
150.00 75.00 0.00021297
155.00 75.00 6.729e-05
160.00 75.00 -7.905e-05
165.00 75.00 -0.00021105
170.00 75.00 -0.00031959
175.00 75.00 -0.00039843
180.00 75.00 -0.00044079
-180.00 80.00 -0.00074364
-175.00 80.00 -0.00058173
-170.00 80.00 -0.00039111
-165.00 80.00 -0.00018003
-160.00 80.00 4.074e-05
-155.00 80.00 0.00025848
-150.00 80.00 0.00045957
-145.00 80.00 0.00063102
-140.00 80.00 0.000762
-135.00 80.00 0.00084555
-130.00 80.00 0.00087951
-125.00 80.00 0.00086679
-120.00 80.00 0.00081474
-115.00 80.00 0.00073371
-110.00 80.00 0.00063507
-105.00 80.00 0.00052926
-100.00 80.00 0.00042417
-95.00 80.00 0.00032427
-90.00 80.00 0.00023028
-85.00 80.00 0.00013971
-80.00 80.00 4.788e-05
-75.00 80.00 -5.109e-05
-70.00 80.00 -0.00016317
-65.00 80.00 -0.00029373
-60.00 80.00 -0.00044694
-55.00 80.00 -0.00062538
-50.00 80.00 -0.00083016
-45.00 80.00 -0.00106065
-40.00 80.00 -0.00131445
-35.00 80.00 -0.00158721
-30.00 80.00 -0.00187275
-25.00 80.00 -0.00216303
-20.00 80.00 -0.0024486
-15.00 80.00 -0.0027192
-10.00 80.00 -0.00296454
-5.00 80.00 -0.00317526
0.00 80.00 -0.00334401
5.00 80.00 -0.00346617
10.00 80.00 -0.00354048
15.00 80.00 -0.00356895
20.00 80.00 -0.00355677
25.00 80.00 -0.00351135
30.00 80.00 -0.0034413
35.00 80.00 -0.00335532
40.00 80.00 -0.00326073
45.00 80.00 -0.00316284
50.00 80.00 -0.00306414
55.00 80.00 -0.00296448
60.00 80.00 -0.00286143
65.00 80.00 -0.00275124
70.00 80.00 -0.00262986
75.00 80.00 -0.00249411
80.00 80.00 -0.00234258
85.00 80.00 -0.00217611
90.00 80.00 -0.00199791
95.00 80.00 -0.00181329
100.00 80.00 -0.0016293
105.00 80.00 -0.00145398
110.00 80.00 -0.00129537
115.00 80.00 -0.00116082
120.00 80.00 -0.001056
125.00 80.00 -0.00098418
130.00 80.00 -0.00094542
135.00 80.00 -0.00093642
140.00 80.00 -0.00095061
145.00 80.00 -0.00097884
150.00 80.00 -0.00101028
155.00 80.00 -0.0010338
160.00 80.00 -0.00103896
165.00 80.00 -0.00101718
170.00 80.00 -0.00096243
175.00 80.00 -0.00087138
180.00 80.00 -0.00074364
-180.00 85.00 -0.00075189
-175.00 85.00 -0.00065553
-170.00 85.00 -0.00055428
-165.00 85.00 -0.00045063
-160.00 85.00 -0.00034698
-155.00 85.00 -0.00024594
-150.00 85.00 -0.00015048
-145.00 85.00 -6.387e-05
-140.00 85.00 1.095e-05
-135.00 85.00 7.191e-05
-130.00 85.00 0.00011796
-125.00 85.00 0.0001485
-120.00 85.00 0.00016296
-115.00 85.00 0.00016086
-110.00 85.00 0.00014211
-105.00 85.00 0.0001074
-100.00 85.00 5.802e-05
-95.00 85.00 -4.77e-06
-90.00 85.00 -8.01e-05
-85.00 85.00 -0.00016773
-80.00 85.00 -0.0002673
-75.00 85.00 -0.00037803
-70.00 85.00 -0.0004986
-65.00 85.00 -0.00062769
-60.00 85.00 -0.00076443
-55.00 85.00 -0.00090804
-50.00 85.00 -0.00105744
-45.00 85.00 -0.00121062
-40.00 85.00 -0.00136488
-35.00 85.00 -0.00151734
-30.00 85.00 -0.00166551
-25.00 85.00 -0.00180711
-20.00 85.00 -0.00193983
-15.00 85.00 -0.00206094
-10.00 85.00 -0.00216759
-5.00 85.00 -0.00225753
0.00 85.00 -0.0023295
5.00 85.00 -0.00238323
10.00 85.00 -0.00241893
15.00 85.00 -0.00243681
20.00 85.00 -0.00243744
25.00 85.00 -0.00242178
30.00 85.00 -0.00239181
35.00 85.00 -0.0023499
40.00 85.00 -0.00229848
45.00 85.00 -0.00223944
50.00 85.00 -0.00217422
55.00 85.00 -0.00210429
60.00 85.00 -0.00203127
65.00 85.00 -0.00195705
70.00 85.00 -0.00188313
75.00 85.00 -0.0018105
80.00 85.00 -0.0017397
85.00 85.00 -0.00167139
90.00 85.00 -0.00160644
95.00 85.00 -0.00154602
100.00 85.00 -0.00149097
105.00 85.00 -0.00144165
110.00 85.00 -0.00139782
115.00 85.00 -0.00135891
120.00 85.00 -0.00132447
125.00 85.00 -0.00129387
130.00 85.00 -0.00126621
135.00 85.00 -0.00123972
140.00 85.00 -0.00121215
145.00 85.00 -0.00118119
150.00 85.00 -0.00114486
155.00 85.00 -0.00110172
160.00 85.00 -0.00105066
165.00 85.00 -0.00099063
170.00 85.00 -0.00092079
175.00 85.00 -0.00084093
180.00 85.00 -0.00075189
-180.00 90.00 -0.00104736
-175.00 90.00 -0.00104736
-170.00 90.00 -0.00104736
-165.00 90.00 -0.00104736
-160.00 90.00 -0.00104736
-155.00 90.00 -0.00104736
-150.00 90.00 -0.00104736
-145.00 90.00 -0.00104736
-140.00 90.00 -0.00104736
-135.00 90.00 -0.00104736
-130.00 90.00 -0.00104736
-125.00 90.00 -0.00104736
-120.00 90.00 -0.00104736
-115.00 90.00 -0.00104736
-110.00 90.00 -0.00104736
-105.00 90.00 -0.00104736
-100.00 90.00 -0.00104736
-95.00 90.00 -0.00104736
-90.00 90.00 -0.00104736
-85.00 90.00 -0.00104736
-80.00 90.00 -0.00104736
-75.00 90.00 -0.00104736
-70.00 90.00 -0.00104736
-65.00 90.00 -0.00104736
-60.00 90.00 -0.00104736
-55.00 90.00 -0.00104736
-50.00 90.00 -0.00104736
-45.00 90.00 -0.00104736
-40.00 90.00 -0.00104736
-35.00 90.00 -0.00104736
-30.00 90.00 -0.00104736
-25.00 90.00 -0.00104736
-20.00 90.00 -0.00104736
-15.00 90.00 -0.00104736
-10.00 90.00 -0.00104736
-5.00 90.00 -0.00104736
0.00 90.00 -0.00104736
5.00 90.00 -0.00104736
10.00 90.00 -0.00104736
15.00 90.00 -0.00104736
20.00 90.00 -0.00104736
25.00 90.00 -0.00104736
30.00 90.00 -0.00104736
35.00 90.00 -0.00104736
40.00 90.00 -0.00104736
45.00 90.00 -0.00104736
50.00 90.00 -0.00104736
55.00 90.00 -0.00104736
60.00 90.00 -0.00104736
65.00 90.00 -0.00104736
70.00 90.00 -0.00104736
75.00 90.00 -0.00104736
80.00 90.00 -0.00104736
85.00 90.00 -0.00104736
90.00 90.00 -0.00104736
95.00 90.00 -0.00104736
100.00 90.00 -0.00104736
105.00 90.00 -0.00104736
110.00 90.00 -0.00104736
115.00 90.00 -0.00104736
120.00 90.00 -0.00104736
125.00 90.00 -0.00104736
130.00 90.00 -0.00104736
135.00 90.00 -0.00104736
140.00 90.00 -0.00104736
145.00 90.00 -0.00104736
150.00 90.00 -0.00104736
155.00 90.00 -0.00104736
160.00 90.00 -0.00104736
165.00 90.00 -0.00104736
170.00 90.00 -0.00104736
175.00 90.00 -0.00104736
180.00 90.00 -0.00104736
