-180.00 -90.00 -0.00011796
-175.00 -90.00 -0.00011787
-170.00 -90.00 -0.00011781
-165.00 -90.00 -0.00011772
-160.00 -90.00 -0.00011766
-155.00 -90.00 -0.00011757
-150.00 -90.00 -0.00011751
-145.00 -90.00 -0.00011748
-140.00 -90.00 -0.00011742
-135.00 -90.00 -0.00011742
-130.00 -90.00 -0.00011739
-125.00 -90.00 -0.00011739
-120.00 -90.00 -0.00011742
-115.00 -90.00 -0.00011745
-110.00 -90.00 -0.00011751
-105.00 -90.00 -0.00011754
-100.00 -90.00 -0.00011763
-95.00 -90.00 -0.00011769
-90.00 -90.00 -0.00011778
-85.00 -90.00 -0.00011784
-80.00 -90.00 -0.00011793
-75.00 -90.00 -0.00011802
-70.00 -90.00 -0.00011808
-65.00 -90.00 -0.00011814
-60.00 -90.00 -0.0001182
-55.00 -90.00 -0.00011826
-50.00 -90.00 -0.00011829
-45.00 -90.00 -0.00011832
-40.00 -90.00 -0.00011832
-35.00 -90.00 -0.00011832
-30.00 -90.00 -0.00011832
-25.00 -90.00 -0.00011826
-20.00 -90.00 -0.00011823
-15.00 -90.00 -0.00011817
-10.00 -90.00 -0.00011811
-5.00 -90.00 -0.00011805
0.00 -90.00 -0.00011796
5.00 -90.00 -0.00011787
10.00 -90.00 -0.00011781
15.00 -90.00 -0.00011772
20.00 -90.00 -0.00011763
25.00 -90.00 -0.00011757
30.00 -90.00 -0.00011751
35.00 -90.00 -0.00011748
40.00 -90.00 -0.00011742
45.00 -90.00 -0.00011742
50.00 -90.00 -0.00011739
55.00 -90.00 -0.00011739
60.00 -90.00 -0.00011742
65.00 -90.00 -0.00011745
70.00 -90.00 -0.00011748
75.00 -90.00 -0.00011754
80.00 -90.00 -0.00011763
85.00 -90.00 -0.00011769
90.00 -90.00 -0.00011778
95.00 -90.00 -0.00011784
100.00 -90.00 -0.00011793
105.00 -90.00 -0.00011802
110.00 -90.00 -0.00011808
115.00 -90.00 -0.00011814
120.00 -90.00 -0.0001182
125.00 -90.00 -0.00011826
130.00 -90.00 -0.00011829
135.00 -90.00 -0.00011832
140.00 -90.00 -0.00011832
145.00 -90.00 -0.00011832
150.00 -90.00 -0.00011832
155.00 -90.00 -0.00011829
160.00 -90.00 -0.00011823
165.00 -90.00 -0.00011817
170.00 -90.00 -0.00011811
175.00 -90.00 -0.00011805
180.00 -90.00 -0.00011796
-180.00 -85.00 -0.00110166
-175.00 -85.00 -0.00110907
-170.00 -85.00 -0.00110679
-165.00 -85.00 -0.00109455
-160.00 -85.00 -0.00107229
-155.00 -85.00 -0.00104025
-150.00 -85.00 -0.00099885
-145.00 -85.00 -0.00094857
-140.00 -85.00 -0.00089004
-135.00 -85.00 -0.0008241
-130.00 -85.00 -0.00075183
-125.00 -85.00 -0.00067458
-120.00 -85.00 -0.00059379
-115.00 -85.00 -0.00051096
-110.00 -85.00 -0.00042762
-105.00 -85.00 -0.00034539
-100.00 -85.00 -0.00026601
-95.00 -85.00 -0.00019101
-90.00 -85.00 -0.00012177
-85.00 -85.00 -5.943e-05
-80.00 -85.00 -4.83e-06
-75.00 -85.00 4.152e-05
-70.00 -85.00 7.944e-05
-65.00 -85.00 0.00010911
-60.00 -85.00 0.00013107
-55.00 -85.00 0.00014616
-50.00 -85.00 0.00015552
-45.00 -85.00 0.00016047
-40.00 -85.00 0.00016254
-35.00 -85.00 0.0001632
-30.00 -85.00 0.00016389
-25.00 -85.00 0.00016575
-20.00 -85.00 0.00016977
-15.00 -85.00 0.00017676
-10.00 -85.00 0.0001872
-5.00 -85.00 0.00020118
0.00 -85.00 0.00021828
5.00 -85.00 0.00023784
10.00 -85.00 0.00025899
15.00 -85.00 0.0002808
20.00 -85.00 0.00030219
25.00 -85.00 0.00032181
30.00 -85.00 0.00033831
35.00 -85.00 0.00035028
40.00 -85.00 0.00035658
45.00 -85.00 0.00035631
50.00 -85.00 0.00034863
55.00 -85.00 0.00033279
60.00 -85.00 0.00030819
65.00 -85.00 0.00027453
70.00 -85.00 0.00023202
75.00 -85.00 0.00018114
80.00 -85.00 0.00012267
85.00 -85.00 5.742e-05
90.00 -85.00 -1.356e-05
95.00 -85.00 -8.898e-05
100.00 -85.00 -0.00016731
105.00 -85.00 -0.00024711
110.00 -85.00 -0.00032718
115.00 -85.00 -0.00040647
120.00 -85.00 -0.00048426
125.00 -85.00 -0.00055983
130.00 -85.00 -0.00063261
135.00 -85.00 -0.00070206
140.00 -85.00 -0.00076788
145.00 -85.00 -0.00082968
150.00 -85.00 -0.00088716
155.00 -85.00 -0.00093972
160.00 -85.00 -0.00098658
165.00 -85.00 -0.00102693
170.00 -85.00 -0.00106002
175.00 -85.00 -0.00108513
180.00 -85.00 -0.00110166
-180.00 -80.00 -0.00201657
-175.00 -80.00 -0.00208803
-170.00 -80.00 -0.00213375
-165.00 -80.00 -0.00215352
-160.00 -80.00 -0.00215043
-155.00 -80.00 -0.00212754
-150.00 -80.00 -0.00208497
-145.00 -80.00 -0.00202173
-140.00 -80.00 -0.0019386
-135.00 -80.00 -0.00183678
-130.00 -80.00 -0.00171549
-125.00 -80.00 -0.00157353
-120.00 -80.00 -0.00141324
-115.00 -80.00 -0.00123993
-110.00 -80.00 -0.00105858
-105.00 -80.00 -0.00087318
-100.00 -80.00 -0.00068964
-95.00 -80.00 -0.00051567
-90.00 -80.00 -0.00035712
-85.00 -80.00 -0.00021663
-80.00 -80.00 -9.666e-05
-75.00 -80.00 -1.44e-06
-70.00 -80.00 6.573e-05
-65.00 -80.00 0.00010494
-60.00 -80.00 0.00011766
-55.00 -80.00 0.00010443
-50.00 -80.00 6.72e-05
-45.00 -80.00 1.233e-05
-40.00 -80.00 -5.073e-05
-35.00 -80.00 -0.00011379
-30.00 -80.00 -0.00017001
-25.00 -80.00 -0.00021144
-20.00 -80.00 -0.00023031
-15.00 -80.00 -0.00022323
-10.00 -80.00 -0.00019188
-5.00 -80.00 -0.0001395
0.00 -80.00 -6.903e-05
5.00 -80.00 1.449e-05
10.00 -80.00 0.00010323
15.00 -80.00 0.0001905
20.00 -80.00 0.00027339
25.00 -80.00 0.0003507
30.00 -80.00 0.00042
35.00 -80.00 0.00047943
40.00 -80.00 0.00052989
45.00 -80.00 0.00057303
50.00 -80.00 0.00060717
55.00 -80.00 0.00062805
60.00 -80.00 0.00063216
65.00 -80.00 0.00061713
70.00 -80.00 0.00057903
75.00 -80.00 0.00051336
80.00 -80.00 0.00041931
85.00 -80.00 0.0003015
90.00 -80.00 0.00016665
95.00 -80.00 2.133e-05
100.00 -80.00 -0.00012633
105.00 -80.00 -0.00026658
110.00 -80.00 -0.00039225
115.00 -80.00 -0.00050223
120.00 -80.00 -0.0005997
125.00 -80.00 -0.00068886
130.00 -80.00 -0.0007752
135.00 -80.00 -0.00086688
140.00 -80.00 -0.00097158
145.00 -80.00 -0.00109218
150.00 -80.00 -0.00122655
155.00 -80.00 -0.00137091
160.00 -80.00 -0.00152067
165.00 -80.00 -0.0016683
170.00 -80.00 -0.00180432
175.00 -80.00 -0.00192144
180.00 -80.00 -0.00201657
-180.00 -75.00 -0.00239859
-175.00 -75.00 -0.00252423
-170.00 -75.00 -0.00260076
-165.00 -75.00 -0.00264198
-160.00 -75.00 -0.00266244
-155.00 -75.00 -0.00267441
-150.00 -75.00 -0.00268494
-145.00 -75.00 -0.00269463
-140.00 -75.00 -0.00269781
-135.00 -75.00 -0.00268272
-130.00 -75.00 -0.00263427
-125.00 -75.00 -0.00253902
-120.00 -75.00 -0.00239013
-115.00 -75.00 -0.00219018
-110.00 -75.00 -0.00195135
-105.00 -75.00 -0.0016929
-100.00 -75.00 -0.00143466
-95.00 -75.00 -0.00119094
-90.00 -75.00 -0.0009678
-85.00 -75.00 -0.00076458
-80.00 -75.00 -0.00057732
-75.00 -75.00 -0.00040434
-70.00 -75.00 -0.00025098
-65.00 -75.00 -0.00012933
-60.00 -75.00 -5.415e-05
-55.00 -75.00 -3.756e-05
-50.00 -75.00 -8.421e-05
-45.00 -75.00 -0.00018717
-40.00 -75.00 -0.00032751
-35.00 -75.00 -0.00047841
-30.00 -75.00 -0.0006105
-25.00 -75.00 -0.00069684
-20.00 -75.00 -0.00071901
-15.00 -75.00 -0.00067155
-10.00 -75.00 -0.00056256
-5.00 -75.00 -0.00041088
0.00 -75.00 -0.00024204
5.00 -75.00 -8.274e-05
10.00 -75.00 4.578e-05
15.00 -75.00 0.00013173
20.00 -75.00 0.00017268
25.00 -75.00 0.00017454
30.00 -75.00 0.0001503
35.00 -75.00 0.00011706
40.00 -75.00 9.252e-05
45.00 -75.00 9.33e-05
50.00 -75.00 0.00013209
55.00 -75.00 0.00021321
60.00 -75.00 0.0003294
65.00 -75.00 0.00046218
70.00 -75.00 0.00058461
75.00 -75.00 0.00066669
80.00 -75.00 0.00068397
85.00 -75.00 0.00062628
90.00 -75.00 0.00050169
95.00 -75.00 0.00033477
100.00 -75.00 0.00016107
105.00 -75.00 1.713e-05
110.00 -75.00 -7.101e-05
115.00 -75.00 -9.603e-05
120.00 -75.00 -7.086e-05
125.00 -75.00 -2.541e-05
130.00 -75.00 1.11e-06
135.00 -75.00 -2.865e-05
140.00 -75.00 -0.00013989
145.00 -75.00 -0.00034071
150.00 -75.00 -0.00062121
155.00 -75.00 -0.00095646
160.00 -75.00 -0.00131325
165.00 -75.00 -0.00165822
170.00 -75.00 -0.0019641
175.00 -75.00 -0.0022131
180.00 -75.00 -0.00239856
-180.00 -70.00 -0.00232236
-175.00 -70.00 -0.0024009
-170.00 -70.00 -0.00242454
-165.00 -70.00 -0.00241785
-160.00 -70.00 -0.00240177
-155.00 -70.00 -0.0023946
-150.00 -70.00 -0.00241356
-145.00 -70.00 -0.0024729
-140.00 -70.00 -0.00257649
-135.00 -70.00 -0.00270825
-130.00 -70.00 -0.00282879
-125.00 -70.00 -0.00288444
-120.00 -70.00 -0.00282873
-115.00 -70.00 -0.00264615
-110.00 -70.00 -0.00236442
-105.00 -70.00 -0.00204492
-100.00 -70.00 -0.00175446
-95.00 -70.00 -0.00153243
-90.00 -70.00 -0.0013722
-85.00 -70.00 -0.00122769
-80.00 -70.00 -0.0010419
-75.00 -70.00 -0.00078129
-70.00 -70.00 -0.0004572
-65.00 -70.00 -0.00012384
-60.00 -70.00 0.00014478
-55.00 -70.00 0.00028515
-50.00 -70.00 0.00026694
-45.00 -70.00 0.00010011
-40.00 -70.00 -0.00017256
-35.00 -70.00 -0.00048954
-30.00 -70.00 -0.00078447
-25.00 -70.00 -0.00099738
-20.00 -70.00 -0.00108483
-15.00 -70.00 -0.0010299
-10.00 -70.00 -0.00084957
-5.00 -70.00 -0.00059331
0.00 -70.00 -0.00032955
5.00 -70.00 -0.00012375
10.00 -70.00 -1.71e-05
15.00 -70.00 -1.731e-05
20.00 -70.00 -0.00010488
25.00 -70.00 -0.00024894
30.00 -70.00 -0.00042171
35.00 -70.00 -0.00060243
40.00 -70.00 -0.00077058
45.00 -70.00 -0.00089676
50.00 -70.00 -0.00094116
55.00 -70.00 -0.00086424
60.00 -70.00 -0.00064581
65.00 -70.00 -0.00030174
70.00 -70.00 0.0001116
75.00 -70.00 0.00051066
80.00 -70.00 0.00081126
85.00 -70.00 0.00095778
90.00 -70.00 0.00094362
95.00 -70.00 0.00081324
100.00 -70.00 0.00064578
105.00 -70.00 0.00052578
110.00 -70.00 0.00051282
115.00 -70.00 0.00062043
120.00 -70.00 0.00081183
125.00 -70.00 0.00101319
130.00 -70.00 0.00113844
135.00 -70.00 0.00111708
140.00 -70.00 0.00091482
145.00 -70.00 0.00054123
150.00 -70.00 4.314e-05
155.00 -70.00 -0.00051177
160.00 -70.00 -0.00105417
165.00 -70.00 -0.0015285
170.00 -70.00 -0.00190143
175.00 -70.00 -0.002163
180.00 -70.00 -0.00232236
-180.00 -65.00 -0.00230298
-175.00 -65.00 -0.00232311
-170.00 -65.00 -0.00231138
-165.00 -65.00 -0.00228468
-160.00 -65.00 -0.00223857
-155.00 -65.00 -0.00215592
-150.00 -65.00 -0.0020367
-145.00 -65.00 -0.00192363
-140.00 -65.00 -0.00189213
-135.00 -65.00 -0.00199974
-130.00 -65.00 -0.00222735
-125.00 -65.00 -0.00246285
-120.00 -65.00 -0.00255243
-115.00 -65.00 -0.00239439
-110.00 -65.00 -0.00201264
-105.00 -65.00 -0.00155427
-100.00 -65.00 -0.00120465
-95.00 -65.00 -0.00107214
-90.00 -65.00 -0.00111759
-85.00 -65.00 -0.00117621
-80.00 -65.00 -0.00105903
-75.00 -65.00 -0.00066819
-70.00 -65.00 -5.505e-05
-65.00 -65.00 0.0006099
-60.00 -65.00 0.00112923
-55.00 -65.00 0.00137208
-50.00 -65.00 0.00131559
-45.00 -65.00 0.00102252
-40.00 -65.00 0.00058446
-35.00 -65.00 7.656e-05
-30.00 -65.00 -0.00044868
-25.00 -65.00 -0.00093831
-20.00 -65.00 -0.00132021
-15.00 -65.00 -0.00151887
-10.00 -65.00 -0.00150048
-5.00 -65.00 -0.00131124
0.00 -65.00 -0.00106905
5.00 -65.00 -0.00090357
10.00 -65.00 -0.000882
15.00 -65.00 -0.00097449
20.00 -65.00 -0.00108591
25.00 -65.00 -0.00112989
30.00 -65.00 -0.00109074
35.00 -65.00 -0.00102843
40.00 -65.00 -0.00102618
45.00 -65.00 -0.00112119
50.00 -65.00 -0.00126801
55.00 -65.00 -0.0013581
60.00 -65.00 -0.00128142
65.00 -65.00 -0.00099033
70.00 -65.00 -0.00052869
75.00 -65.00 -1.233e-05
80.00 -65.00 0.00042588
85.00 -65.00 0.00069567
90.00 -65.00 0.00078465
95.00 -65.00 0.00075435
100.00 -65.00 0.00070407
105.00 -65.00 0.00072231
110.00 -65.00 0.00084885
115.00 -65.00 0.00106062
120.00 -65.00 0.00128307
125.00 -65.00 0.00141924
130.00 -65.00 0.00138519
135.00 -65.00 0.0011406
140.00 -65.00 0.00070326
145.00 -65.00 0.00014112
150.00 -65.00 -0.00045522
155.00 -65.00 -0.00100617
160.00 -65.00 -0.00146481
165.00 -65.00 -0.00181707
170.00 -65.00 -0.00206721
175.00 -65.00 -0.0022248
180.00 -65.00 -0.00230298
-180.00 -60.00 -0.00296289
-175.00 -60.00 -0.00291024
-170.00 -60.00 -0.00279708
-165.00 -60.00 -0.00273504
-160.00 -60.00 -0.00274716
-155.00 -60.00 -0.00272244
-150.00 -60.00 -0.00250962
-145.00 -60.00 -0.00207891
-140.00 -60.00 -0.00159711
-135.00 -60.00 -0.00132687
-130.00 -60.00 -0.0014181
-125.00 -60.00 -0.0017646
-120.00 -60.00 -0.00205632
-115.00 -60.00 -0.00199947
-110.00 -60.00 -0.0015396
-105.00 -60.00 -0.00091365
-100.00 -60.00 -0.00048351
-95.00 -60.00 -0.00046932
-90.00 -60.00 -0.00077766
-85.00 -60.00 -0.00105378
-80.00 -60.00 -0.00092082
-75.00 -60.00 -0.00023475
-70.00 -60.00 0.00082125
-65.00 -60.00 0.00185676
-60.00 -60.00 0.00251265
-55.00 -60.00 0.0026535
-50.00 -60.00 0.00239799
-45.00 -60.00 0.0019872
-40.00 -60.00 0.00159585
-35.00 -60.00 0.00122169
-30.00 -60.00 0.00072975
-25.00 -60.00 1.323e-05
-20.00 -60.00 -0.00086238
-15.00 -60.00 -0.00165945
-10.00 -60.00 -0.00212739
-5.00 -60.00 -0.00219534
0.00 -60.00 -0.00203205
5.00 -60.00 -0.00191226
10.00 -60.00 -0.00199524
15.00 -60.00 -0.00220041
20.00 -60.00 -0.00228195
25.00 -60.00 -0.00203562
30.00 -60.00 -0.00146703
35.00 -60.00 -0.0007944
40.00 -60.00 -0.00029904
45.00 -60.00 -0.00014595
50.00 -60.00 -0.00029904
55.00 -60.00 -0.00057033
60.00 -60.00 -0.00075036
65.00 -60.00 -0.00072897
70.00 -60.00 -0.0005382
75.00 -60.00 -0.00030501
80.00 -60.00 -0.00015366
85.00 -60.00 -0.00012243
90.00 -60.00 -0.00014454
95.00 -60.00 -9.942e-05
100.00 -60.00 0.00010272
105.00 -60.00 0.00045969
110.00 -60.00 0.00087441
115.00 -60.00 0.00120489
120.00 -60.00 0.00132936
125.00 -60.00 0.00118833
130.00 -60.00 0.00079215
135.00 -60.00 0.00020808
140.00 -60.00 -0.00045798
145.00 -60.00 -0.00108696
150.00 -60.00 -0.001587
155.00 -60.00 -0.00193542
160.00 -60.00 -0.00218601
165.00 -60.00 -0.0024192
170.00 -60.00 -0.00266592
175.00 -60.00 -0.00287469
180.00 -60.00 -0.00296289
-180.00 -55.00 -0.0039573
-175.00 -55.00 -0.00365649
-170.00 -55.00 -0.00308715
-165.00 -55.00 -0.00270546
-160.00 -55.00 -0.00278364
-155.00 -55.00 -0.00313545
-150.00 -55.00 -0.00326067
-145.00 -55.00 -0.00279999
-140.00 -55.00 -0.00188133
-135.00 -55.00 -0.0010332
-130.00 -55.00 -0.00074616
-125.00 -55.00 -0.00107481
-120.00 -55.00 -0.00161391
-115.00 -55.00 -0.00184551
-110.00 -55.00 -0.00155667
-105.00 -55.00 -0.00099321
-100.00 -55.00 -0.00063549
-95.00 -55.00 -0.00077943
-90.00 -55.00 -0.00126027
-85.00 -55.00 -0.00154827
-80.00 -55.00 -0.0011454
-75.00 -55.00 3.201e-05
-70.00 -55.00 0.0015777
-65.00 -55.00 0.00286215
-60.00 -55.00 0.00342609
-55.00 -55.00 0.00323217
-50.00 -55.00 0.00264129
-45.00 -55.00 0.00215259
-40.00 -55.00 0.0020661
-35.00 -55.00 0.00227262
-30.00 -55.00 0.00232719
-25.00 -55.00 0.0017919
-20.00 -55.00 0.00061284
-15.00 -55.00 -0.00078156
-10.00 -55.00 -0.0017808
-5.00 -55.00 -0.0020628
0.00 -55.00 -0.00182901
5.00 -55.00 -0.00159189
10.00 -55.00 -0.00171024
15.00 -55.00 -0.00209463
20.00 -55.00 -0.0023298
25.00 -55.00 -0.00206532
30.00 -55.00 -0.0013095
35.00 -55.00 -0.000399
40.00 -55.00 0.00027327
45.00 -55.00 0.00051744
50.00 -55.00 0.00041571
55.00 -55.00 0.00020817
60.00 -55.00 0.00011418
65.00 -55.00 0.00020322
70.00 -55.00 0.00037128
75.00 -55.00 0.00042441
80.00 -55.00 0.0002241
85.00 -55.00 -0.0001932
90.00 -55.00 -0.00060882
95.00 -55.00 -0.00074739
100.00 -55.00 -0.00045765
105.00 -55.00 0.00017895
110.00 -55.00 0.0008922
115.00 -55.00 0.0013869
120.00 -55.00 0.00150375
125.00 -55.00 0.00126342
130.00 -55.00 0.0007866
135.00 -55.00 0.00018984
140.00 -55.00 -0.00044571
145.00 -55.00 -0.00104013
150.00 -55.00 -0.00151041
155.00 -55.00 -0.00184032
160.00 -55.00 -0.00214038
165.00 -55.00 -0.00257655
170.00 -55.00 -0.00318411
175.00 -55.00 -0.00375324
180.00 -55.00 -0.0039573
-180.00 -50.00 -0.00375129
-175.00 -50.00 -0.00333657
-170.00 -50.00 -0.00227637
-165.00 -50.00 -0.001386
-160.00 -50.00 -0.0013692
-155.00 -50.00 -0.00214464
-150.00 -50.00 -0.00290022
-145.00 -50.00 -0.00284706
-140.00 -50.00 -0.00192783
-135.00 -50.00 -0.00081435
-130.00 -50.00 -0.00027495
-125.00 -50.00 -0.00055764
-120.00 -50.00 -0.00129444
-115.00 -50.00 -0.00189402
-110.00 -50.00 -0.0020295
-105.00 -50.00 -0.00184857
-100.00 -50.00 -0.00177399
-95.00 -50.00 -0.00205992
-90.00 -50.00 -0.00248247
-85.00 -50.00 -0.00247098
-80.00 -50.00 -0.00159588
-75.00 -50.00 3.213e-05
-70.00 -50.00 0.00181224
-65.00 -50.00 0.00306528
-60.00 -50.00 0.00342525
-55.00 -50.00 0.00296688
-50.00 -50.00 0.00211527
-45.00 -50.00 0.00145002
-40.00 -50.00 0.00142113
-35.00 -50.00 0.00203733
-30.00 -50.00 0.00276642
-25.00 -50.00 0.00286434
-20.00 -50.00 0.00197799
-15.00 -50.00 0.00050328
-10.00 -50.00 -0.00069795
-5.00 -50.00 -0.00102309
0.00 -50.00 -0.00062061
5.00 -50.00 -0.00017457
10.00 -50.00 -0.00022218
15.00 -50.00 -0.00070215
20.00 -50.00 -0.00113448
25.00 -50.00 -0.00114657
30.00 -50.00 -0.00077547
35.00 -50.00 -0.00032715
40.00 -50.00 -5.847e-05
45.00 -50.00 -1.8e-05
50.00 -50.00 -9.714e-05
55.00 -50.00 -0.00013386
60.00 -50.00 2.094e-05
65.00 -50.00 0.0004317
70.00 -50.00 0.00098679
75.00 -50.00 0.00139197
80.00 -50.00 0.00133737
85.00 -50.00 0.00074889
90.00 -50.00 -9.696e-05
95.00 -50.00 -0.00072198
100.00 -50.00 -0.00076074
105.00 -50.00 -0.00020019
110.00 -50.00 0.00063474
115.00 -50.00 0.00133359
120.00 -50.00 0.00168585
125.00 -50.00 0.00175983
130.00 -50.00 0.00171975
135.00 -50.00 0.00159084
140.00 -50.00 0.00124452
145.00 -50.00 0.0006174
150.00 -50.00 -0.00012516
155.00 -50.00 -0.00072645
160.00 -50.00 -0.00114234
165.00 -50.00 -0.00162192
170.00 -50.00 -0.0023973
175.00 -50.00 -0.00329436
180.00 -50.00 -0.00375129
-180.00 -45.00 -0.00169317
-175.00 -45.00 -0.00190176
-170.00 -45.00 -0.00119091
-165.00 -45.00 -0.00020181
-160.00 -45.00 9.42e-05
-155.00 -45.00 -0.00058434
-150.00 -45.00 -0.00154578
-145.00 -45.00 -0.00189474
-140.00 -45.00 -0.0014394
-135.00 -45.00 -0.00075369
-130.00 -45.00 -0.00049746
-125.00 -45.00 -0.00085281
-120.00 -45.00 -0.00154338
-115.00 -45.00 -0.00217443
-110.00 -45.00 -0.00251184
-105.00 -45.00 -0.00259866
-100.00 -45.00 -0.00268308
-95.00 -45.00 -0.00292422
-90.00 -45.00 -0.00309888
-85.00 -45.00 -0.00271176
-80.00 -45.00 -0.00150864
-75.00 -45.00 0.00018255
-70.00 -45.00 0.00171132
-65.00 -45.00 0.00263532
-60.00 -45.00 0.00289491
-55.00 -45.00 0.00258225
-50.00 -45.00 0.00180357
-45.00 -45.00 0.00084561
-40.00 -45.00 0.00025104
-35.00 -45.00 0.00045468
-30.00 -45.00 0.00128808
-25.00 -45.00 0.00198483
-20.00 -45.00 0.00183192
-15.00 -45.00 0.00086052
-10.00 -45.00 -0.00016551
-5.00 -45.00 -0.00049854
0.00 -45.00 -0.00010851
5.00 -45.00 0.00041118
10.00 -45.00 0.00055482
15.00 -45.00 0.00036024
20.00 -45.00 0.00015582
25.00 -45.00 7.716e-05
30.00 -45.00 6.09e-06
35.00 -45.00 -0.00012453
40.00 -45.00 -0.00020484
45.00 -45.00 -0.00016983
50.00 -45.00 -0.00016557
55.00 -45.00 -0.00034899
60.00 -45.00 -0.00058341
65.00 -45.00 -0.0004962
70.00 -45.00 9.243e-05
75.00 -45.00 0.00086655
80.00 -45.00 0.00122556
85.00 -45.00 0.0008139
90.00 -45.00 -0.00016236
95.00 -45.00 -0.00109821
100.00 -45.00 -0.00142764
105.00 -45.00 -0.00097638
110.00 -45.00 -2.496e-05
115.00 -45.00 0.00092997
120.00 -45.00 0.00156012
125.00 -45.00 0.00191757
130.00 -45.00 0.00223479
135.00 -45.00 0.00251067
140.00 -45.00 0.00240816
145.00 -45.00 0.00166467
150.00 -45.00 0.00053952
155.00 -45.00 -0.00030909
160.00 -45.00 -0.00046401
165.00 -45.00 -0.00020235
170.00 -45.00 -0.00021798
175.00 -45.00 -0.00086037
180.00 -45.00 -0.00169317
-180.00 -40.00 0.00074484
-175.00 -40.00 -0.00045906
-170.00 -40.00 -0.00097131
-165.00 -40.00 -0.00057915
-160.00 -40.00 -7.596e-05
-155.00 -40.00 -0.00020967
-150.00 -40.00 -0.00082245
-145.00 -40.00 -0.0012618
-140.00 -40.00 -0.00131532
-135.00 -40.00 -0.00133545
-130.00 -40.00 -0.00160347
-125.00 -40.00 -0.00200442
-120.00 -40.00 -0.00232152
-115.00 -40.00 -0.00248376
-110.00 -40.00 -0.00246243
-105.00 -40.00 -0.00223836
-100.00 -40.00 -0.00196659
-95.00 -40.00 -0.00187962
-90.00 -40.00 -0.00187785
-85.00 -40.00 -0.00148668
-80.00 -40.00 -0.00044265
-75.00 -40.00 0.00088383
-70.00 -40.00 0.00190095
-65.00 -40.00 0.00245343
-60.00 -40.00 0.00276231
-55.00 -40.00 0.00283452
-50.00 -40.00 0.00234897
-45.00 -40.00 0.00122139
-40.00 -40.00 -1.881e-05
-35.00 -40.00 -0.00062463
-30.00 -40.00 -0.00033993
-25.00 -40.00 0.00035877
-20.00 -40.00 0.00070659
-15.00 -40.00 0.0003561
-10.00 -40.00 -0.00032625
-5.00 -40.00 -0.00069762
0.00 -40.00 -0.00052302
5.00 -40.00 -7.56e-05
10.00 -40.00 0.00037725
15.00 -40.00 0.00085398
20.00 -40.00 0.00132765
25.00 -40.00 0.00149142
30.00 -40.00 0.00116658
35.00 -40.00 0.00072609
40.00 -40.00 0.00072648
45.00 -40.00 0.00114027
50.00 -40.00 0.00127803
55.00 -40.00 0.0006
60.00 -40.00 -0.00058059
65.00 -40.00 -0.00138501
70.00 -40.00 -0.0013149
75.00 -40.00 -0.00075381
80.00 -40.00 -0.00049017
85.00 -40.00 -0.00088671
90.00 -40.00 -0.00162612
95.00 -40.00 -0.0021351
100.00 -40.00 -0.00204357
105.00 -40.00 -0.00129849
110.00 -40.00 -0.00013443
115.00 -40.00 0.00097266
120.00 -40.00 0.00157647
125.00 -40.00 0.00166896
130.00 -40.00 0.00166806
135.00 -40.00 0.00183735
140.00 -40.00 0.00186822
145.00 -40.00 0.0012642
150.00 -40.00 8.496e-05
155.00 -40.00 -0.00090927
160.00 -40.00 -0.00092853
165.00 -40.00 6.903e-05
170.00 -40.00 0.00124911
175.00 -40.00 0.00157272
180.00 -40.00 0.00074484
-180.00 -35.00 0.00222993
-175.00 -35.00 0.00072684
-170.00 -35.00 -0.00094899
-165.00 -35.00 -0.00147195
-160.00 -35.00 -0.00110247
-155.00 -35.00 -0.00097998
-150.00 -35.00 -0.00146802
-145.00 -35.00 -0.00198153
-140.00 -35.00 -0.00213294
-135.00 -35.00 -0.00217995
-130.00 -35.00 -0.00236706
-125.00 -35.00 -0.00254475
-120.00 -35.00 -0.00254376
-115.00 -35.00 -0.00237216
-110.00 -35.00 -0.00193518
-105.00 -35.00 -0.00106977
-100.00 -35.00 -1.974e-05
-95.00 -35.00 0.00060126
-90.00 -35.00 0.00058764
-85.00 -35.00 0.00049791
-80.00 -35.00 0.00092616
-75.00 -35.00 0.00176283
-70.00 -35.00 0.00253197
-65.00 -35.00 0.00310302
-60.00 -35.00 0.00357513
-55.00 -35.00 0.003732
-50.00 -35.00 0.00321267
-45.00 -35.00 0.00213222
-40.00 -35.00 0.00104085
-35.00 -35.00 0.0003324
-30.00 -35.00 6.423e-05
-25.00 -35.00 0.00017262
-20.00 -35.00 0.00045264
-15.00 -35.00 0.00052518
-10.00 -35.00 0.00022719
-5.00 -35.00 -0.00013587
0.00 -35.00 -0.00019542
5.00 -35.00 0.00010632
10.00 -35.00 0.00073923
15.00 -35.00 0.00170748
20.00 -35.00 0.00265749
25.00 -35.00 0.00290382
30.00 -35.00 0.00229449
35.00 -35.00 0.0016218
40.00 -35.00 0.00167586
45.00 -35.00 0.00217002
50.00 -35.00 0.00208428
55.00 -35.00 0.00096468
60.00 -35.00 -0.00051735
65.00 -35.00 -0.00136371
70.00 -35.00 -0.00136797
75.00 -35.00 -0.00124452
80.00 -35.00 -0.00166548
85.00 -35.00 -0.0024153
90.00 -35.00 -0.00272073
95.00 -35.00 -0.00223971
100.00 -35.00 -0.00132756
105.00 -35.00 -0.00038286
110.00 -35.00 0.00054468
115.00 -35.00 0.00136011
120.00 -35.00 0.00168558
125.00 -35.00 0.00138867
130.00 -35.00 0.00097677
135.00 -35.00 0.00102756
140.00 -35.00 0.00141369
145.00 -35.00 0.00145446
150.00 -35.00 0.00073728
155.00 -35.00 -0.00042888
160.00 -35.00 -0.00122316
165.00 -35.00 -0.00087252
170.00 -35.00 0.00062709
175.00 -35.00 0.00214131
180.00 -35.00 0.00222993
-180.00 -30.00 0.00348915
-175.00 -30.00 0.00223461
-170.00 -30.00 -0.00027552
-165.00 -30.00 -0.00164835
-160.00 -30.00 -0.00153645
-155.00 -30.00 -0.00151284
-150.00 -30.00 -0.00237246
-145.00 -30.00 -0.00320016
-140.00 -30.00 -0.00307326
-135.00 -30.00 -0.0022971
-130.00 -30.00 -0.00168744
-125.00 -30.00 -0.00159048
-120.00 -30.00 -0.00187104
-115.00 -30.00 -0.00215583
-110.00 -30.00 -0.0018651
-105.00 -30.00 -0.00060477
-100.00 -30.00 0.0011775
-95.00 -30.00 0.0023709
-90.00 -30.00 0.00236487
-85.00 -30.00 0.00172392
-80.00 -30.00 0.00143556
-75.00 -30.00 0.00186855
-70.00 -30.00 0.00279633
-65.00 -30.00 0.00390069
-60.00 -30.00 0.00468513
-55.00 -30.00 0.00447867
-50.00 -30.00 0.00331515
-45.00 -30.00 0.00227928
-40.00 -30.00 0.00215004
-35.00 -30.00 0.00231546
-30.00 -30.00 0.00192699
-25.00 -30.00 0.00135381
-20.00 -30.00 0.00139863
-15.00 -30.00 0.00182595
-10.00 -30.00 0.00185577
-5.00 -30.00 0.00148908
0.00 -30.00 0.00128229
5.00 -30.00 0.00140325
10.00 -30.00 0.00176292
15.00 -30.00 0.00240063
20.00 -30.00 0.00303573
25.00 -30.00 0.00300987
30.00 -30.00 0.00228435
35.00 -30.00 0.00169026
40.00 -30.00 0.001662
45.00 -30.00 0.00153852
50.00 -30.00 0.00064938
55.00 -30.00 -0.00059598
60.00 -30.00 -0.00122586
65.00 -30.00 -0.00091011
70.00 -30.00 -0.00030738
75.00 -30.00 -0.00035676
80.00 -30.00 -0.0012663
85.00 -30.00 -0.00217251
90.00 -30.00 -0.00203883
95.00 -30.00 -0.00091884
100.00 -30.00 0.00012126
105.00 -30.00 0.00040695
110.00 -30.00 0.00034896
115.00 -30.00 0.00051909
120.00 -30.00 0.00077712
125.00 -30.00 0.00079731
130.00 -30.00 0.00084147
135.00 -30.00 0.0013713
140.00 -30.00 0.00226296
145.00 -30.00 0.00292071
150.00 -30.00 0.00285636
155.00 -30.00 0.00186492
160.00 -30.00 0.00023574
165.00 -30.00 -0.00084675
170.00 -30.00 -5.274e-05
175.00 -30.00 0.00219003
180.00 -30.00 0.00348915
-180.00 -25.00 0.00518769
-175.00 -25.00 0.00354453
-170.00 -25.00 7.455e-05
-165.00 -25.00 -0.0019032
-160.00 -25.00 -0.00159498
-155.00 -25.00 -0.00120657
-150.00 -25.00 -0.00217794
-145.00 -25.00 -0.00334278
-140.00 -25.00 -0.0031209
-135.00 -25.00 -0.00170922
-130.00 -25.00 -0.0005145
-125.00 -25.00 -0.00048924
-120.00 -25.00 -0.00146586
-115.00 -25.00 -0.00249507
-110.00 -25.00 -0.00253158
-105.00 -25.00 -0.00117786
-100.00 -25.00 0.00090666
-95.00 -25.00 0.00242847
-90.00 -25.00 0.00257085
-85.00 -25.00 0.001734
-80.00 -25.00 0.00103059
-75.00 -25.00 0.00121281
-70.00 -25.00 0.00233328
-65.00 -25.00 0.00393201
-60.00 -25.00 0.00495318
-55.00 -25.00 0.0042747
-50.00 -25.00 0.00233544
-45.00 -25.00 0.00126909
-40.00 -25.00 0.00213864
-35.00 -25.00 0.0032739
-30.00 -25.00 0.00290619
-25.00 -25.00 0.00189819
-20.00 -25.00 0.00192504
-15.00 -25.00 0.00259707
-10.00 -25.00 0.00259206
-5.00 -25.00 0.00213045
0.00 -25.00 0.00217101
5.00 -25.00 0.00248943
10.00 -25.00 0.00237921
15.00 -25.00 0.00199671
20.00 -25.00 0.00168108
25.00 -25.00 0.00127251
30.00 -25.00 0.00094389
35.00 -25.00 0.00118884
40.00 -25.00 0.00148464
45.00 -25.00 0.00064965
50.00 -25.00 -0.00110607
55.00 -25.00 -0.00212787
60.00 -25.00 -0.00159027
65.00 -25.00 -0.00041613
70.00 -25.00 0.0001905
75.00 -25.00 -4.107e-05
80.00 -25.00 -0.0006705
85.00 -25.00 -0.00105072
90.00 -25.00 -0.00073518
95.00 -25.00 -2.358e-05
100.00 -25.00 0.000189
105.00 -25.00 -0.00044613
110.00 -25.00 -0.00120813
115.00 -25.00 -0.00129969
120.00 -25.00 -0.0007611
125.00 -25.00 1.212e-05
130.00 -25.00 0.00096477
135.00 -25.00 0.00204858
140.00 -25.00 0.00286203
145.00 -25.00 0.00323211
150.00 -25.00 0.00347403
155.00 -25.00 0.00350136
160.00 -25.00 0.00269289
165.00 -25.00 0.00147711
170.00 -25.00 0.00166482
175.00 -25.00 0.00374052
180.00 -25.00 0.00518769
-180.00 -20.00 0.00579465
-175.00 -20.00 0.0033105
-170.00 -20.00 -0.0006471
-165.00 -20.00 -0.00255573
-160.00 -20.00 -0.00157626
-155.00 -20.00 -0.0003564
-150.00 -20.00 -0.00089727
-145.00 -20.00 -0.002187
-140.00 -20.00 -0.00234342
-135.00 -20.00 -0.00120051
-130.00 -20.00 -0.00014592
-125.00 -20.00 -0.00035877
-120.00 -20.00 -0.00164691
-115.00 -20.00 -0.00276363
-110.00 -20.00 -0.00267426
-105.00 -20.00 -0.00136746
-100.00 -20.00 0.00041172
-95.00 -20.00 0.00173541
-90.00 -20.00 0.00196704
-85.00 -20.00 0.00132639
-80.00 -20.00 0.00082827
-75.00 -20.00 0.00122091
-70.00 -20.00 0.00236208
-65.00 -20.00 0.0036489
-60.00 -20.00 0.00421455
-55.00 -20.00 0.00316866
-50.00 -20.00 0.00105324
-45.00 -20.00 0.00015144
-40.00 -20.00 0.00148158
-35.00 -20.00 0.0028971
-30.00 -20.00 0.00238818
-25.00 -20.00 0.00124134
-20.00 -20.00 0.00131343
-15.00 -20.00 0.00169482
-10.00 -20.00 0.00105333
-5.00 -20.00 0.00059832
0.00 -20.00 0.0016671
5.00 -20.00 0.0029484
10.00 -20.00 0.00274461
15.00 -20.00 0.00152805
20.00 -20.00 0.00040452
25.00 -20.00 -0.00038184
30.00 -20.00 -0.00038163
35.00 -20.00 0.00079305
40.00 -20.00 0.00171516
45.00 -20.00 0.00060462
50.00 -20.00 -0.00150204
55.00 -20.00 -0.0019893
60.00 -20.00 -0.00069072
65.00 -20.00 0.00020037
70.00 -20.00 -0.00023313
75.00 -20.00 -0.00078162
80.00 -20.00 -0.00057693
85.00 -20.00 -0.00016329
90.00 -20.00 -0.00018726
95.00 -20.00 -0.00059319
100.00 -20.00 -0.00109851
105.00 -20.00 -0.00150063
110.00 -20.00 -0.00158145
115.00 -20.00 -0.00124545
120.00 -20.00 -0.00061281
125.00 -20.00 0.00024489
130.00 -20.00 0.001302
135.00 -20.00 0.00213372
140.00 -20.00 0.00211854
145.00 -20.00 0.00154905
150.00 -20.00 0.00173826
155.00 -20.00 0.00317382
160.00 -20.00 0.00450456
165.00 -20.00 0.00462807
170.00 -20.00 0.00459612
175.00 -20.00 0.00551037
180.00 -20.00 0.00579465
-180.00 -15.00 0.0038538
-175.00 -15.00 0.0015801
-170.00 -15.00 -0.00115236
-165.00 -15.00 -0.00204855
-160.00 -15.00 -0.0007548
-155.00 -15.00 0.00052239
-150.00 -15.00 0.00019392
-145.00 -15.00 -0.00096198
-140.00 -15.00 -0.00141735
-135.00 -15.00 -0.00080607
-130.00 -15.00 -5.745e-05
-125.00 -15.00 -0.00023457
-120.00 -15.00 -0.00125985
-115.00 -15.00 -0.00199368
-110.00 -15.00 -0.00172992
-105.00 -15.00 -0.000846
-100.00 -15.00 0.00013698
-95.00 -15.00 0.00095967
-90.00 -15.00 0.00122394
-85.00 -15.00 0.00099369
-80.00 -15.00 0.0012867
-75.00 -15.00 0.00256602
-70.00 -15.00 0.00373788
-65.00 -15.00 0.00381534
-60.00 -15.00 0.00306342
-55.00 -15.00 0.00184695
-50.00 -15.00 0.00044769
-45.00 -15.00 3.117e-05
-40.00 -15.00 0.0011916
-35.00 -15.00 0.00223884
-30.00 -15.00 0.00171312
-25.00 -15.00 0.000903
-20.00 -15.00 0.00099642
-15.00 -15.00 0.00058467
-10.00 -15.00 -0.00091716
-5.00 -15.00 -0.00105633
0.00 -15.00 0.00130776
5.00 -15.00 0.00345717
10.00 -15.00 0.0032709
15.00 -15.00 0.00202128
20.00 -15.00 0.00098805
25.00 -15.00 -0.00018048
30.00 -15.00 -0.00083904
35.00 -15.00 0.0001965
40.00 -15.00 0.00140844
45.00 -15.00 0.0004077
50.00 -15.00 -0.0015963
55.00 -15.00 -0.00161877
60.00 -15.00 -4.926e-05
65.00 -15.00 0.00032829
70.00 -15.00 -0.00076752
75.00 -15.00 -0.00114744
80.00 -15.00 -0.00017334
85.00 -15.00 0.0005031
90.00 -15.00 -0.00017223
95.00 -15.00 -0.00127713
100.00 -15.00 -0.00142554
105.00 -15.00 -0.00042849
110.00 -15.00 0.00076908
115.00 -15.00 0.00134358
120.00 -15.00 0.001425
125.00 -15.00 0.00160413
130.00 -15.00 0.00198138
135.00 -15.00 0.00205857
140.00 -15.00 0.00147642
145.00 -15.00 0.00076392
150.00 -15.00 0.00120141
155.00 -15.00 0.00334497
160.00 -15.00 0.00579381
165.00 -15.00 0.00661044
170.00 -15.00 0.00584229
175.00 -15.00 0.00491598
180.00 -15.00 0.0038538
-180.00 -10.00 0.00078534
-175.00 -10.00 -0.00015345
-170.00 -10.00 -0.00056565
-165.00 -10.00 -0.00024396
-160.00 -10.00 0.00047127
-155.00 -10.00 0.00063885
-150.00 -10.00 4.014e-05
-145.00 -10.00 -0.00063192
-140.00 -10.00 -0.00075576
-135.00 -10.00 -0.00025041
-130.00 -10.00 0.00038967
-125.00 -10.00 0.00037596
-120.00 -10.00 -0.00037182
-115.00 -10.00 -0.00100392
-110.00 -10.00 -0.00109296
-105.00 -10.00 -0.00101994
-100.00 -10.00 -0.00075711
-95.00 -10.00 -4.287e-05
-90.00 -10.00 0.00051156
-85.00 -10.00 0.00063582
-80.00 -10.00 0.00160923
-75.00 -10.00 0.00380796
-70.00 -10.00 0.0049977
-65.00 -10.00 0.00367857
-60.00 -10.00 0.00161844
-55.00 -10.00 0.0007923
-50.00 -10.00 0.00079983
-45.00 -10.00 0.00089826
-40.00 -10.00 0.00127014
-35.00 -10.00 0.00156348
-30.00 -10.00 0.00135492
-25.00 -10.00 0.00143388
-20.00 -10.00 0.0018294
-15.00 -10.00 0.00094107
-10.00 -10.00 -0.00080565
-5.00 -10.00 -0.00040731
0.00 -10.00 0.00230817
5.00 -10.00 0.00377886
10.00 -10.00 0.00290526
15.00 -10.00 0.00226926
20.00 -10.00 0.00232356
25.00 -10.00 0.00091593
30.00 -10.00 -0.0012204
35.00 -10.00 -0.00120039
40.00 -10.00 0.00024225
45.00 -10.00 0
50.00 -10.00 -0.00158016
55.00 -10.00 -0.00180201
60.00 -10.00 -0.00080727
65.00 -10.00 -0.00066477
70.00 -10.00 -0.00117957
75.00 -10.00 -0.00072426
80.00 -10.00 0.00042822
85.00 -10.00 0.00066264
90.00 -10.00 -0.00025581
95.00 -10.00 -0.00087918
100.00 -10.00 4.782e-05
105.00 -10.00 0.002097
110.00 -10.00 0.00353997
115.00 -10.00 0.00340773
120.00 -10.00 0.00262998
125.00 -10.00 0.00239793
130.00 -10.00 0.00247884
135.00 -10.00 0.00224889
140.00 -10.00 0.00207294
145.00 -10.00 0.00257628
150.00 -10.00 0.00378501
155.00 -10.00 0.00544551
160.00 -10.00 0.00689136
165.00 -10.00 0.00687309
170.00 -10.00 0.00497406
175.00 -10.00 0.00249798
180.00 -10.00 0.00078534
-180.00 -5.00 -0.00084996
-175.00 -5.00 -0.00093081
-170.00 -5.00 -7.086e-05
-165.00 -5.00 0.00064833
-160.00 -5.00 0.00057837
-155.00 -5.00 -0.0001497
-150.00 -5.00 -0.00075039
-145.00 -5.00 -0.00074709
-140.00 -5.00 -0.00041106
-135.00 -5.00 -2.631e-05
-130.00 -5.00 0.00029976
-125.00 -5.00 0.00020754
-120.00 -5.00 -0.00039606
-115.00 -5.00 -0.00098322
-110.00 -5.00 -0.00138402
-105.00 -5.00 -0.00180912
-100.00 -5.00 -0.00168501
-95.00 -5.00 -0.00055662
-90.00 -5.00 0.00040674
-85.00 -5.00 0.00047583
-80.00 -5.00 0.00129951
-75.00 -5.00 0.00358359
-70.00 -5.00 0.00455457
-65.00 -5.00 0.00241143
-60.00 -5.00 -5.289e-05
-55.00 -5.00 0.00010653
-50.00 -5.00 0.00160242
-45.00 -5.00 0.0019563
-40.00 -5.00 0.00117966
-35.00 -5.00 0.00043815
-30.00 -5.00 0.00038253
-25.00 -5.00 0.00129132
-20.00 -5.00 0.00227469
-15.00 -5.00 0.0018009
-10.00 -5.00 0.00081561
-5.00 -5.00 0.00180972
0.00 -5.00 0.0037461
5.00 -5.00 0.00327417
10.00 -5.00 0.0012882
15.00 -5.00 0.00150819
20.00 -5.00 0.0029514
25.00 -5.00 0.00149586
30.00 -5.00 -0.00197466
35.00 -5.00 -0.0028104
40.00 -5.00 -0.00068199
45.00 -5.00 0.00067659
50.00 -5.00 3.783e-05
55.00 -5.00 -0.00091818
60.00 -5.00 -0.00153081
65.00 -5.00 -0.00197058
70.00 -5.00 -0.00158217
75.00 -5.00 -0.00036972
80.00 -5.00 0.00031041
85.00 -5.00 -4.35e-05
90.00 -5.00 -0.00039618
95.00 -5.00 0.00016455
100.00 -5.00 0.00173127
105.00 -5.00 0.00365673
110.00 -5.00 0.00451713
115.00 -5.00 0.0036078
120.00 -5.00 0.00234279
125.00 -5.00 0.0022083
130.00 -5.00 0.00254346
135.00 -5.00 0.00250221
140.00 -5.00 0.00306105
145.00 -5.00 0.0048267
150.00 -5.00 0.00637497
155.00 -5.00 0.00661956
160.00 -5.00 0.00619275
165.00 -5.00 0.00538257
170.00 -5.00 0.00349347
175.00 -5.00 0.00088104
180.00 -5.00 -0.00084996
-180.00 0.00 -0.00068223
-175.00 0.00 -0.00093603
-170.00 0.00 -0.00038289
-165.00 0.00 6.036e-05
-160.00 0.00 -2.676e-05
-155.00 0.00 -0.00039828
-150.00 0.00 -0.00051876
-145.00 0.00 -0.00031248
-140.00 0.00 -0.00023559
-135.00 0.00 -0.00042672
-130.00 0.00 -0.00062208
-125.00 0.00 -0.00083424
-120.00 0.00 -0.00111987
-115.00 0.00 -0.00123837
-110.00 0.00 -0.00129822
-105.00 0.00 -0.00151944
-100.00 0.00 -0.00120393
-95.00 0.00 6.816e-05
-90.00 0.00 0.00091875
-85.00 0.00 0.00053343
-80.00 0.00 0.00077871
-75.00 0.00 0.0026505
-70.00 0.00 0.00343212
-65.00 0.00 0.00125538
-60.00 0.00 -0.00097947
-55.00 0.00 -0.00020709
-50.00 0.00 0.00195306
-45.00 0.00 0.00237525
-40.00 0.00 0.00090717
-35.00 0.00 -0.00068493
-30.00 0.00 -0.00113796
-25.00 0.00 -0.00015237
-20.00 0.00 0.00125355
-15.00 0.00 0.00169077
-10.00 0.00 0.00188904
-5.00 0.00 0.00334191
0.00 0.00 0.00438414
5.00 0.00 0.00257067
10.00 0.00 0.00024216
15.00 0.00 0.00124812
20.00 0.00 0.00349167
25.00 0.00 0.00206571
30.00 0.00 -0.00198441
35.00 0.00 -0.00338118
40.00 0.00 -0.00105183
45.00 0.00 0.00153993
50.00 0.00 0.00212676
55.00 0.00 0.00089556
60.00 0.00 -0.00121647
65.00 0.00 -0.00249573
70.00 0.00 -0.00169491
75.00 0.00 -0.00026037
80.00 0.00 -0.0002145
85.00 0.00 -0.00075579
90.00 0.00 -0.00016113
95.00 0.00 0.00115491
100.00 0.00 0.00230118
105.00 0.00 0.00360498
110.00 0.00 0.00469368
115.00 0.00 0.00434856
120.00 0.00 0.00311895
125.00 0.00 0.0026184
130.00 0.00 0.00273927
135.00 0.00 0.00284187
140.00 0.00 0.00379563
145.00 0.00 0.00569892
150.00 0.00 0.0063615
155.00 0.00 0.00480165
160.00 0.00 0.00307647
165.00 0.00 0.00262818
170.00 0.00 0.0021918
175.00 0.00 0.00073452
180.00 0.00 -0.00068223
-180.00 5.00 -0.00026868
-175.00 5.00 -0.00065775
-170.00 5.00 -0.00047205
-165.00 5.00 -0.00010038
-160.00 5.00 0.00038025
-155.00 5.00 0.0007956
-150.00 5.00 0.00088233
-145.00 5.00 0.00053367
-140.00 5.00 -0.00014856
-135.00 5.00 -0.00079317
-130.00 5.00 -0.0010815
-125.00 5.00 -0.001167
-120.00 5.00 -0.00122748
-115.00 5.00 -0.0010665
-110.00 5.00 -0.00073029
-105.00 5.00 -0.00052599
-100.00 5.00 -0.0001836
-95.00 5.00 0.00049494
-90.00 5.00 0.00063051
-85.00 5.00 -1.488e-05
-80.00 5.00 0.00029649
-75.00 5.00 0.00224067
-70.00 5.00 0.00327258
-65.00 5.00 0.00158025
-60.00 5.00 -0.00053757
-55.00 5.00 -0.00034512
-50.00 5.00 0.00121668
-45.00 5.00 0.00171882
-40.00 5.00 0.00069723
-35.00 5.00 -0.00079845
-30.00 5.00 -0.00162003
-25.00 5.00 -0.00099366
-20.00 5.00 0.00056952
-15.00 5.00 0.00173262
-10.00 5.00 0.00257445
-5.00 5.00 0.00386916
0.00 5.00 0.00428187
5.00 5.00 0.00240036
10.00 5.00 0.00065316
15.00 5.00 0.00198081
20.00 5.00 0.00413013
25.00 5.00 0.00294045
30.00 5.00 -0.00071193
35.00 5.00 -0.00264474
40.00 5.00 -0.00161781
45.00 5.00 0.00048723
50.00 5.00 0.00187119
55.00 5.00 0.0013923
60.00 5.00 -0.00082362
65.00 5.00 -0.00234111
70.00 5.00 -0.00142272
75.00 5.00 -6.459e-05
80.00 5.00 -0.0003753
85.00 5.00 -0.0007506
90.00 5.00 0.00051252
95.00 5.00 0.00179904
100.00 5.00 0.00195855
105.00 5.00 0.0028407
110.00 5.00 0.00511116
115.00 5.00 0.00634806
120.00 5.00 0.00530829
125.00 5.00 0.00367623
130.00 5.00 0.00291462
135.00 5.00 0.00319197
140.00 5.00 0.00459009
145.00 5.00 0.0061014
150.00 5.00 0.0054564
155.00 5.00 0.00259116
160.00 5.00 0.00048963
165.00 5.00 0.00071505
170.00 5.00 0.00138294
175.00 5.00 0.00079308
180.00 5.00 -0.00026868
-180.00 10.00 -0.0005115
-175.00 10.00 -0.00046869
-170.00 10.00 5.865e-05
-165.00 10.00 0.00053496
-160.00 10.00 0.00108594
-155.00 10.00 0.0015471
-150.00 10.00 0.00140181
-145.00 10.00 0.00058092
-140.00 10.00 -0.00038364
-135.00 10.00 -0.00088797
-130.00 10.00 -0.00086517
-125.00 10.00 -0.0008655
-120.00 10.00 -0.00122559
-115.00 10.00 -0.00148449
-110.00 10.00 -0.00117633
-105.00 10.00 -0.00058953
-100.00 10.00 -0.00022386
-95.00 10.00 -0.00029505
-90.00 10.00 -0.0008355
-85.00 10.00 -0.00121977
-80.00 10.00 -0.00022428
-75.00 10.00 0.00200016
-70.00 10.00 0.00322842
-65.00 10.00 0.00208803
-60.00 10.00 0.00010338
-55.00 10.00 -0.00068805
-50.00 10.00 -0.00027729
-45.00 10.00 0.00027966
-40.00 10.00 0.00038463
-35.00 10.00 -9.651e-05
-30.00 10.00 -0.00060867
-25.00 10.00 -1.449e-05
-20.00 10.00 0.00171771
-15.00 10.00 0.0032118
-10.00 10.00 0.00386346
-5.00 10.00 0.004137
0.00 10.00 0.00363579
5.00 10.00 0.00194238
10.00 10.00 0.00079578
15.00 10.00 0.00184965
20.00 10.00 0.0033828
25.00 10.00 0.00275079
30.00 10.00 0.00039198
35.00 10.00 -0.00153621
40.00 10.00 -0.00212238
45.00 10.00 -0.00132072
50.00 10.00 0.00037074
55.00 10.00 0.00103767
60.00 10.00 -0.00041895
65.00 10.00 -0.00179748
70.00 10.00 -0.00102258
75.00 10.00 0.00013608
80.00 10.00 -0.00028413
85.00 10.00 -0.0005688
90.00 10.00 0.00083358
95.00 10.00 0.00194616
100.00 10.00 0.00155982
105.00 10.00 0.00209013
110.00 10.00 0.00478515
115.00 10.00 0.00683757
120.00 10.00 0.00593982
125.00 10.00 0.00359217
130.00 10.00 0.00235617
135.00 10.00 0.00311019
140.00 10.00 0.0051618
145.00 10.00 0.00655194
150.00 10.00 0.00535008
155.00 10.00 0.00240792
160.00 10.00 0.00073515
165.00 10.00 0.00115452
170.00 10.00 0.00147498
175.00 10.00 0.00048423
180.00 10.00 -0.0005115
-180.00 15.00 -0.00087333
-175.00 15.00 -0.000381
-170.00 15.00 0.00035607
-165.00 15.00 0.00032667
-160.00 15.00 -4.068e-05
-155.00 15.00 -0.00016092
-150.00 15.00 -0.0001959
-145.00 15.00 -0.00049827
-140.00 15.00 -0.00098547
-135.00 15.00 -0.0012603
-130.00 15.00 -0.00122325
-125.00 15.00 -0.00135849
-120.00 15.00 -0.00199173
-115.00 15.00 -0.00249069
-110.00 15.00 -0.0020004
-105.00 15.00 -0.00080934
-100.00 15.00 -0.00012387
-95.00 15.00 -0.00056274
-90.00 15.00 -0.00146616
-85.00 15.00 -0.00161622
-80.00 15.00 -0.00048855
-75.00 15.00 0.00105486
-70.00 15.00 0.00158589
-65.00 15.00 0.00076374
-60.00 15.00 -0.00046506
-55.00 15.00 -0.00126552
-50.00 15.00 -0.00148341
-45.00 15.00 -0.00108711
-40.00 15.00 -0.00031821
-35.00 15.00 0.00010218
-30.00 15.00 0.00013341
-25.00 15.00 0.00083931
-20.00 15.00 0.00257166
-15.00 15.00 0.00409185
-10.00 15.00 0.00433977
-5.00 15.00 0.00348834
0.00 15.00 0.00196656
5.00 15.00 0.00030174
10.00 15.00 -0.00035817
15.00 15.00 0.0004449
20.00 15.00 0.00138015
25.00 15.00 0.00116184
30.00 15.00 0.00013347
35.00 15.00 -0.00096741
40.00 15.00 -0.0017163
45.00 15.00 -0.00118488
50.00 15.00 0.00079443
55.00 15.00 0.00200982
60.00 15.00 0.00076443
65.00 15.00 -0.00093846
70.00 15.00 -0.0006315
75.00 15.00 0.00045675
80.00 15.00 0.00024951
85.00 15.00 -0.0001452
90.00 15.00 0.00088296
95.00 15.00 0.00202986
100.00 15.00 0.00193578
105.00 15.00 0.00206538
110.00 15.00 0.00365901
115.00 15.00 0.00505674
120.00 15.00 0.00449808
125.00 15.00 0.00287847
130.00 15.00 0.00219963
135.00 15.00 0.00325608
140.00 15.00 0.00521394
145.00 15.00 0.00615738
150.00 15.00 0.00480984
155.00 15.00 0.00247002
160.00 15.00 0.00156276
165.00 15.00 0.00204213
170.00 15.00 0.00171501
175.00 15.00 0.0001188
180.00 15.00 -0.00087333
-180.00 20.00 -0.00059061
-175.00 20.00 0.00015036
-170.00 20.00 0.00051615
-165.00 20.00 -0.00054666
-160.00 20.00 -0.00210666
-155.00 20.00 -0.0026937
-150.00 20.00 -0.00212835
-145.00 20.00 -0.00142053
-140.00 20.00 -0.00137769
-135.00 20.00 -0.00177216
-130.00 20.00 -0.00196659
-125.00 20.00 -0.00195756
-120.00 20.00 -0.00212259
-115.00 20.00 -0.00212478
-110.00 20.00 -0.00116169
-105.00 20.00 0.00051945
-100.00 20.00 0.00147684
-95.00 20.00 0.00090504
-90.00 20.00 -0.00027195
-85.00 20.00 -0.00070236
-80.00 20.00 -0.00036426
-75.00 20.00 -0.00031299
-70.00 20.00 -0.0009831
-65.00 20.00 -0.00164862
-60.00 20.00 -0.00173403
-55.00 20.00 -0.00166446
-50.00 20.00 -0.00183393
-45.00 20.00 -0.00175728
-40.00 20.00 -0.00111165
-35.00 20.00 -0.0005673
-30.00 20.00 -0.00056706
-25.00 20.00 -0.0003444
-20.00 20.00 0.00078936
-15.00 20.00 0.00213987
-10.00 20.00 0.00247533
-5.00 20.00 0.00141951
0.00 20.00 -0.0003471
5.00 20.00 -0.00157968
10.00 20.00 -0.00136977
15.00 20.00 -0.00022026
20.00 20.00 0.0004149
25.00 20.00 4.857e-05
30.00 20.00 -0.00053331
35.00 20.00 -0.00084534
40.00 20.00 -0.00082395
45.00 20.00 0.00016782
50.00 20.00 0.00212103
55.00 20.00 0.00300066
60.00 20.00 0.00137499
65.00 20.00 -0.00072027
70.00 20.00 -0.0005628
75.00 20.00 0.0010941
80.00 20.00 0.00176715
85.00 20.00 0.00140997
90.00 20.00 0.00165099
95.00 20.00 0.00253899
100.00 20.00 0.00297408
105.00 20.00 0.00298287
110.00 20.00 0.00328779
115.00 20.00 0.00380094
120.00 20.00 0.00404964
125.00 20.00 0.00410718
130.00 20.00 0.00434982
135.00 20.00 0.00495657
140.00 20.00 0.00558552
145.00 20.00 0.00522495
150.00 20.00 0.00329811
155.00 20.00 0.00106998
160.00 20.00 0.00037794
165.00 20.00 0.00092457
170.00 20.00 0.00082938
175.00 20.00 -0.00020109
180.00 20.00 -0.00059061
-180.00 25.00 0.0002415
-175.00 25.00 0.00122043
-170.00 25.00 0.00128394
-165.00 25.00 -0.0002316
-160.00 25.00 -0.0021411
-155.00 25.00 -0.00278829
-150.00 25.00 -0.00203571
-145.00 25.00 -0.00123345
-140.00 25.00 -0.00138501
-135.00 25.00 -0.00196428
-130.00 25.00 -0.00188004
-125.00 25.00 -0.00111957
-120.00 25.00 -0.00058632
-115.00 25.00 -0.00045879
-110.00 25.00 0.00012735
-105.00 25.00 0.00145176
-100.00 25.00 0.0024138
-95.00 25.00 0.00204243
-90.00 25.00 0.00089079
-85.00 25.00 7.236e-05
-80.00 25.00 -0.00039654
-75.00 25.00 -0.00125064
-70.00 25.00 -0.00237441
-65.00 25.00 -0.00277194
-60.00 25.00 -0.00219138
-55.00 25.00 -0.00159072
-50.00 25.00 -0.00159669
-45.00 25.00 -0.00162177
-40.00 25.00 -0.00114561
-35.00 25.00 -0.000804
-30.00 25.00 -0.00128949
-25.00 25.00 -0.00199149
-20.00 25.00 -0.00175332
-15.00 25.00 -0.00056328
-10.00 25.00 0.00032406
-5.00 25.00 -0.00011151
0.00 25.00 -0.00140628
5.00 25.00 -0.00200583
10.00 25.00 -0.0010521
15.00 25.00 0.00046263
20.00 25.00 0.00095133
25.00 25.00 0.00031458
30.00 25.00 -0.00029556
35.00 25.00 -0.00035721
40.00 25.00 -0.00013698
45.00 25.00 0.00049431
50.00 25.00 0.00153165
55.00 25.00 0.00171828
60.00 25.00 0.00014688
65.00 25.00 -0.00157098
70.00 25.00 -0.0010611
75.00 25.00 0.00134235
80.00 25.00 0.00312462
85.00 25.00 0.00316128
90.00 25.00 0.00264117
95.00 25.00 0.00272208
100.00 25.00 0.00317013
105.00 25.00 0.00339174
110.00 25.00 0.00351096
115.00 25.00 0.0041205
120.00 25.00 0.00542331
125.00 25.00 0.0068016
130.00 25.00 0.00739188
135.00 25.00 0.00704535
140.00 25.00 0.00616389
145.00 25.00 0.0046956
150.00 25.00 0.00237567
155.00 25.00 -3.636e-05
160.00 25.00 -0.00118527
165.00 25.00 -0.00097287
170.00 25.00 -0.0005526
175.00 25.00 -0.0003654
180.00 25.00 0.0002415
-180.00 30.00 0.00061539
-175.00 30.00 0.00153051
-170.00 30.00 0.00168246
-165.00 30.00 0.00084084
-160.00 30.00 -0.0001653
-155.00 30.00 -0.00046404
-150.00 30.00 -0.00034362
-145.00 30.00 -0.00081087
-140.00 30.00 -0.00198405
-135.00 30.00 -0.00261393
-130.00 30.00 -0.00166941
-125.00 30.00 6.066e-05
-120.00 30.00 0.00077799
-115.00 30.00 1.095e-05
-110.00 30.00 -0.00080634
-105.00 30.00 -0.00036576
-100.00 30.00 0.00082746
-95.00 30.00 0.00138789
-90.00 30.00 0.00090216
-85.00 30.00 1.962e-05
-80.00 30.00 -0.00078669
-75.00 30.00 -0.00155742
-70.00 30.00 -0.00212433
-65.00 30.00 -0.002052
-60.00 30.00 -0.0014529
-55.00 30.00 -0.00102099
-50.00 30.00 -0.0009717
-45.00 30.00 -0.00072495
-40.00 30.00 -4.932e-05
-35.00 30.00 0.00024723
-30.00 30.00 -0.00055374
-25.00 30.00 -0.00177603
-20.00 30.00 -0.00198039
-15.00 30.00 -0.00079095
-10.00 30.00 0.00056448
-5.00 30.00 0.00074049
0.00 30.00 -8.625e-05
5.00 30.00 -0.00051285
10.00 30.00 0.00018834
15.00 30.00 0.00111744
20.00 30.00 0.00114018
25.00 30.00 0.00054117
30.00 30.00 0.00036774
35.00 30.00 0.00068301
40.00 30.00 0.00072744
45.00 30.00 0.0004425
50.00 30.00 0.00037893
55.00 30.00 0.0003042
60.00 30.00 -0.00049788
65.00 30.00 -0.0015249
70.00 30.00 -0.00126264
75.00 30.00 0.0006006
80.00 30.00 0.00251625
85.00 30.00 0.00304992
90.00 30.00 0.00245898
95.00 30.00 0.00188274
100.00 30.00 0.00183417
105.00 30.00 0.00210327
110.00 30.00 0.00267489
115.00 30.00 0.00396186
120.00 30.00 0.00593568
125.00 30.00 0.00755892
130.00 30.00 0.00770508
135.00 30.00 0.00647991
140.00 30.00 0.00493899
145.00 30.00 0.00359208
150.00 30.00 0.00207342
155.00 30.00 0.00032271
160.00 30.00 -0.00095289
165.00 30.00 -0.00127467
170.00 30.00 -0.00094182
175.00 30.00 -0.00030849
180.00 30.00 0.00061539
-180.00 35.00 -0.00029133
-175.00 35.00 -2.7e-06
-170.00 35.00 0.00013329
-165.00 35.00 0.00029463
-160.00 35.00 0.00071151
-155.00 35.00 0.00108342
-150.00 35.00 0.00051426
-145.00 35.00 -0.00145014
-140.00 35.00 -0.0037509
-135.00 35.00 -0.00441042
-130.00 35.00 -0.00265038
-125.00 35.00 -9.42e-05
-120.00 35.00 0.00077724
-115.00 35.00 -0.00062817
-110.00 35.00 -0.00240975
-105.00 35.00 -0.00247785
-100.00 35.00 -0.00085059
-95.00 35.00 0.00073317
-90.00 35.00 0.00094938
-85.00 35.00 1.35e-06
-80.00 35.00 -0.00110697
-75.00 35.00 -0.00165108
-70.00 35.00 -0.00147963
-65.00 35.00 -0.00084858
-60.00 35.00 -0.00023622
-55.00 35.00 2.748e-05
-50.00 35.00 0.00014706
-45.00 35.00 0.00057951
-40.00 35.00 0.00122706
-35.00 35.00 0.00132258
-30.00 35.00 0.0004482
-25.00 35.00 -0.00064785
-20.00 35.00 -0.00073569
-15.00 35.00 0.00044745
-10.00 35.00 0.00186387
-5.00 35.00 0.00242004
0.00 35.00 0.00217551
5.00 35.00 0.00195477
10.00 35.00 0.00199395
15.00 35.00 0.00165228
20.00 35.00 0.00065772
25.00 35.00 -0.0001125
30.00 35.00 0.00023526
35.00 35.00 0.00121554
40.00 35.00 0.00161346
45.00 35.00 0.00125196
50.00 35.00 0.0010572
55.00 35.00 0.00138276
60.00 35.00 0.00140856
65.00 35.00 0.00056574
70.00 35.00 -0.00039744
75.00 35.00 -0.00039207
80.00 35.00 0.00056415
85.00 35.00 0.00148299
90.00 35.00 0.00165045
95.00 35.00 0.00120606
100.00 35.00 0.00068433
105.00 35.00 0.00053883
110.00 35.00 0.00114042
115.00 35.00 0.00266697
120.00 35.00 0.0046134
125.00 35.00 0.00576426
130.00 35.00 0.00523176
135.00 35.00 0.0034866
140.00 35.00 0.00187857
145.00 35.00 0.00112725
150.00 35.00 0.00078261
155.00 35.00 0.00020469
160.00 35.00 -0.00053979
165.00 35.00 -0.00098793
170.00 35.00 -0.0009717
175.00 35.00 -0.00066801
180.00 35.00 -0.00029133
-180.00 40.00 -0.00165756
-175.00 40.00 -0.00200685
-170.00 40.00 -0.00229293
-165.00 40.00 -0.00190794
-160.00 40.00 -0.0008166
-155.00 40.00 4.599e-05
-150.00 40.00 -0.00059217
-145.00 40.00 -0.00295038
-140.00 40.00 -0.00547935
-135.00 40.00 -0.0059808
-130.00 40.00 -0.0037776
-125.00 40.00 -0.00061164
-120.00 40.00 0.00097893
-115.00 40.00 0.00019911
-110.00 40.00 -0.00136446
-105.00 40.00 -0.00166569
-100.00 40.00 -0.00038268
-95.00 40.00 0.00103248
-90.00 40.00 0.00114558
-85.00 40.00 -4.779e-05
-80.00 40.00 -0.00140124
-75.00 40.00 -0.00184785
-70.00 40.00 -0.00120267
-65.00 40.00 -4.887e-05
-60.00 40.00 0.00088908
-55.00 40.00 0.00130218
-50.00 40.00 0.00138636
-45.00 40.00 0.00142776
-40.00 40.00 0.00135666
-35.00 40.00 0.00086097
-30.00 40.00 -3.447e-05
-25.00 40.00 -0.00072861
-20.00 40.00 -0.00058989
-15.00 40.00 0.00035259
-10.00 40.00 0.00149214
-5.00 40.00 0.00239478
0.00 40.00 0.00315918
5.00 40.00 0.00386499
10.00 40.00 0.00398718
15.00 40.00 0.00287916
20.00 40.00 0.00088008
25.00 40.00 -0.00061176
30.00 40.00 -0.00056271
35.00 40.00 0.00053469
40.00 40.00 0.00140232
45.00 40.00 0.00162261
50.00 40.00 0.0018729
55.00 40.00 0.00253218
60.00 40.00 0.00285057
65.00 40.00 0.00195555
70.00 40.00 0.00021612
75.00 40.00 -0.00098484
80.00 40.00 -0.00074808
85.00 40.00 0.00047547
90.00 40.00 0.00150474
95.00 40.00 0.00158859
100.00 40.00 0.00091287
105.00 40.00 0.00028809
110.00 40.00 0.00051177
115.00 40.00 0.00178047
120.00 40.00 0.00341895
125.00 40.00 0.00426891
130.00 40.00 0.00365406
135.00 40.00 0.0020274
140.00 40.00 0.00048972
145.00 40.00 -0.00033279
150.00 40.00 -0.00072381
155.00 40.00 -0.00121434
160.00 40.00 -0.00182502
165.00 40.00 -0.00215427
170.00 40.00 -0.00200913
175.00 40.00 -0.00169068
180.00 40.00 -0.00165756
-180.00 45.00 -0.00148011
-175.00 45.00 -0.00189414
-170.00 45.00 -0.00269217
-165.00 45.00 -0.00300474
-160.00 45.00 -0.0025092
-155.00 45.00 -0.00190188
-150.00 45.00 -0.00228321
-145.00 45.00 -0.00391032
-140.00 45.00 -0.00560928
-135.00 45.00 -0.00567021
-130.00 45.00 -0.00350535
-125.00 45.00 -0.00036258
-120.00 45.00 0.00176022
-115.00 45.00 0.00192894
-110.00 45.00 0.00093159
-105.00 45.00 0.00019563
-100.00 45.00 0.00028071
-95.00 45.00 0.0005577
-90.00 45.00 0.00018951
-85.00 45.00 -0.00085284
-80.00 45.00 -0.00178587
-75.00 45.00 -0.0018198
-70.00 45.00 -0.00084417
-65.00 45.00 0.00057927
-60.00 45.00 0.00172908
-55.00 45.00 0.00220191
-50.00 45.00 0.00200988
-45.00 45.00 0.00136686
-40.00 45.00 0.00048069
-35.00 45.00 -0.00044673
-30.00 45.00 -0.00114207
-25.00 45.00 -0.00135198
-20.00 45.00 -0.00106107
-15.00 45.00 -0.00050205
-10.00 45.00 0.00016476
-5.00 45.00 0.00109848
0.00 45.00 0.00249201
5.00 45.00 0.00398427
10.00 45.00 0.00460581
15.00 45.00 0.00362961
20.00 45.00 0.00149895
25.00 45.00 -0.00036756
30.00 45.00 -0.00087561
35.00 45.00 -0.00022401
40.00 45.00 0.00056985
45.00 45.00 0.00090297
50.00 45.00 0.00100404
55.00 45.00 0.0011832
60.00 45.00 0.00115713
65.00 45.00 0.00045051
70.00 45.00 -0.0007425
75.00 45.00 -0.00151065
80.00 45.00 -0.00114129
85.00 45.00 0.00010413
90.00 45.00 0.0012366
95.00 45.00 0.00147606
100.00 45.00 0.0009009
105.00 45.00 0.00029553
110.00 45.00 0.00046362
115.00 45.00 0.00159861
120.00 45.00 0.00314691
125.00 45.00 0.00424074
130.00 45.00 0.00436026
135.00 45.00 0.00364437
140.00 45.00 0.00256737
145.00 45.00 0.00138201
150.00 45.00 1.92e-06
155.00 45.00 -0.00157263
160.00 45.00 -0.00290403
165.00 45.00 -0.00338148
170.00 45.00 -0.00285831
175.00 45.00 -0.00192966
180.00 45.00 -0.00148011
-180.00 50.00 0.00073725
-175.00 50.00 0.00060108
-170.00 50.00 -0.00039738
-165.00 50.00 -0.00147102
-160.00 50.00 -0.00201825
-155.00 50.00 -0.00215301
-150.00 50.00 -0.0024633
-145.00 50.00 -0.00324144
-140.00 50.00 -0.00400644
-135.00 50.00 -0.00388062
-130.00 50.00 -0.00248694
-125.00 50.00 -0.00043794
-120.00 50.00 0.00112365
-115.00 50.00 0.00148269
-110.00 50.00 0.00085395
-105.00 50.00 -1.11e-06
-100.00 50.00 -0.00053991
-95.00 50.00 -0.0007854
-90.00 50.00 -0.00102309
-85.00 50.00 -0.0013191
-80.00 50.00 -0.00140316
-75.00 50.00 -0.00096513
-70.00 50.00 6.6e-06
-65.00 50.00 0.00117102
-60.00 50.00 0.00205542
-55.00 50.00 0.00232284
-50.00 50.00 0.00190539
-45.00 50.00 0.00099213
-40.00 50.00 -5.835e-05
-35.00 50.00 -0.00084834
-30.00 50.00 -0.00111786
-25.00 50.00 -0.00089988
-20.00 50.00 -0.00049584
-15.00 50.00 -0.00020307
-10.00 50.00 -3.3e-07
-5.00 50.00 0.00044724
0.00 50.00 0.00136617
5.00 50.00 0.00244068
10.00 50.00 0.00292092
15.00 50.00 0.00230592
20.00 50.00 0.00093117
25.00 50.00 -0.00023394
30.00 50.00 -0.00045201
35.00 50.00 0.00014172
40.00 50.00 0.00078162
45.00 50.00 0.00086238
50.00 50.00 0.00039183
55.00 50.00 -0.0002643
60.00 50.00 -0.0008589
65.00 50.00 -0.00135915
70.00 50.00 -0.00169893
75.00 50.00 -0.00167676
80.00 50.00 -0.00119475
85.00 50.00 -0.00049782
90.00 50.00 -4.095e-05
95.00 50.00 -7.785e-05
100.00 50.00 -0.000402
105.00 50.00 -0.00050025
110.00 50.00 3.735e-05
115.00 50.00 0.0012168
120.00 50.00 0.00267162
125.00 50.00 0.00395154
130.00 50.00 0.00479256
135.00 50.00 0.00513783
140.00 50.00 0.00494493
145.00 50.00 0.0040644
150.00 50.00 0.0024144
155.00 50.00 0.00030882
160.00 50.00 -0.00147984
165.00 50.00 -0.00215013
170.00 50.00 -0.0015027
175.00 50.00 -0.00018696
180.00 50.00 0.00073725
-180.00 55.00 0.00280776
-175.00 55.00 0.00280215
-170.00 55.00 0.00201072
-165.00 55.00 0.00091803
-160.00 55.00 4.878e-05
-155.00 55.00 -0.00043359
-150.00 55.00 -0.00074193
-145.00 55.00 -0.00113256
-140.00 55.00 -0.00159054
-135.00 55.00 -0.0018507
-130.00 55.00 -0.00170703
-125.00 55.00 -0.00126444
-120.00 55.00 -0.00086427
-115.00 55.00 -0.00077016
-110.00 55.00 -0.00094374
-105.00 55.00 -0.00112182
-100.00 55.00 -0.00108378
-95.00 55.00 -0.00082791
-90.00 55.00 -0.00051069
-85.00 55.00 -0.00025635
-80.00 55.00 -4.281e-05
-75.00 55.00 0.00024744
-70.00 55.00 0.00069012
-65.00 55.00 0.00122517
-60.00 55.00 0.00166866
-55.00 55.00 0.00180831
-50.00 55.00 0.00152454
-45.00 55.00 0.00087843
-40.00 55.00 0.00011388
-35.00 55.00 -0.0004539
-30.00 55.00 -0.00062082
-25.00 55.00 -0.00042348
-20.00 55.00 -9.648e-05
-15.00 55.00 0.00013167
-10.00 55.00 0.00022755
-5.00 55.00 0.00033522
0.00 55.00 0.0005553
5.00 55.00 0.00075822
10.00 55.00 0.00066936
15.00 55.00 0.00018288
20.00 55.00 -0.00042507
25.00 55.00 -0.00065946
30.00 55.00 -0.00023925
35.00 55.00 0.00061533
40.00 55.00 0.00133596
45.00 55.00 0.00145722
50.00 55.00 0.00094431
55.00 55.00 0.00013908
60.00 55.00 -0.00054867
65.00 55.00 -0.00089673
70.00 55.00 -0.00091563
75.00 55.00 -0.00075597
80.00 55.00 -0.00060513
85.00 55.00 -0.000606
90.00 55.00 -0.00078075
95.00 55.00 -0.00099231
100.00 55.00 -0.00100812
105.00 55.00 -0.00065412
110.00 55.00 5.751e-05
115.00 55.00 0.0009435
120.00 55.00 0.00179907
125.00 55.00 0.00254427
130.00 55.00 0.00322437
135.00 55.00 0.00385815
140.00 55.00 0.00428763
145.00 55.00 0.00421452
150.00 55.00 0.00345183
155.00 55.00 0.00219261
160.00 55.00 0.00101853
165.00 55.00 0.00055866
170.00 55.00 0.00102798
175.00 55.00 0.00202785
180.00 55.00 0.00280776
-180.00 60.00 0.00253941
-175.00 60.00 0.0024438
-170.00 60.00 0.00204615
-165.00 60.00 0.0015576
-160.00 60.00 0.00121407
-155.00 60.00 0.00108945
-150.00 60.00 0.00105267
-145.00 60.00 0.00089016
-140.00 60.00 0.00047691
-135.00 60.00 -0.00014406
-130.00 60.00 -0.00081444
-125.00 60.00 -0.00136977
-120.00 60.00 -0.0017055
-115.00 60.00 -0.00177339
-110.00 60.00 -0.00155835
-105.00 60.00 -0.0010881
-100.00 60.00 -0.0004644
-95.00 60.00 0.00013836
-90.00 60.00 0.00053934
-85.00 60.00 0.00064842
-80.00 60.00 0.00052323
-75.00 60.00 0.00033957
-70.00 60.00 0.00028878
-65.00 60.00 0.00046293
-60.00 60.00 0.00079473
-55.00 60.00 0.0010875
-50.00 60.00 0.00112167
-45.00 60.00 0.00078069
-40.00 60.00 0.00012249
-35.00 60.00 -0.00064785
-30.00 60.00 -0.00128688
-25.00 60.00 -0.00162945
-20.00 60.00 -0.00163938
-15.00 60.00 -0.00137832
-10.00 60.00 -0.00094602
-5.00 60.00 -0.00045318
0.00 60.00 -3.207e-05
5.00 60.00 0.0001713
10.00 60.00 6.672e-05
15.00 60.00 -0.00028785
20.00 60.00 -0.00067239
25.00 60.00 -0.0008247
30.00 60.00 -0.000624
35.00 60.00 -0.00018768
40.00 60.00 0.00021165
45.00 60.00 0.00034764
50.00 60.00 0.00019686
55.00 60.00 -6.729e-05
60.00 60.00 -0.00022173
65.00 60.00 -0.00015441
70.00 60.00 7.626e-05
75.00 60.00 0.00030594
80.00 60.00 0.00039066
85.00 60.00 0.00030663
90.00 60.00 0.00016524
95.00 60.00 0.00013635
100.00 60.00 0.00032733
105.00 60.00 0.00069795
110.00 60.00 0.00107598
115.00 60.00 0.0012747
120.00 60.00 0.00123366
125.00 60.00 0.00107511
130.00 60.00 0.00102216
135.00 60.00 0.00122937
140.00 60.00 0.00165432
145.00 60.00 0.00207834
150.00 60.00 0.00227091
155.00 60.00 0.00217296
160.00 60.00 0.00194721
165.00 60.00 0.00184728
170.00 60.00 0.00200697
175.00 60.00 0.00232431
180.00 60.00 0.00253941
-180.00 65.00 0.00067446
-175.00 65.00 0.00042864
-170.00 65.00 0.00027213
-165.00 65.00 0.00028212
-160.00 65.00 0.00048861
-155.00 65.00 0.00083106
-150.00 65.00 0.00116301
-145.00 65.00 0.00131247
-140.00 65.00 0.00116484
-135.00 65.00 0.00071919
-130.00 65.00 8.922e-05
-125.00 65.00 -0.00054639
-120.00 65.00 -0.00101388
-115.00 65.00 -0.00120441
-110.00 65.00 -0.00110634
-105.00 65.00 -0.00080514
-100.00 65.00 -0.00045186
-95.00 65.00 -0.00020637
-90.00 65.00 -0.00017118
-85.00 65.00 -0.00034275
-80.00 65.00 -0.00060606
-75.00 65.00 -0.00078378
-70.00 65.00 -0.00072258
-65.00 65.00 -0.00037815
-60.00 65.00 0.00014445
-55.00 65.00 0.00062019
-50.00 65.00 0.00079452
-45.00 65.00 0.00049518
-40.00 65.00 -0.00028635
-35.00 65.00 -0.00138147
-30.00 65.00 -0.00250257
-25.00 65.00 -0.00334353
-20.00 65.00 -0.00367854
-15.00 65.00 -0.00342567
-10.00 65.00 -0.00266166
-5.00 65.00 -0.00159336
0.00 65.00 -0.00049662
5.00 65.00 0.00036417
10.00 65.00 0.00081462
15.00 65.00 0.00081834
20.00 65.00 0.00047028
25.00 65.00 -6.363e-05
30.00 65.00 -0.00062646
35.00 65.00 -0.00112227
40.00 65.00 -0.0015144
45.00 65.00 -0.00178506
50.00 65.00 -0.00189975
55.00 65.00 -0.00180951
60.00 65.00 -0.0014889
65.00 65.00 -0.00097434
70.00 65.00 -0.00036693
75.00 65.00 0.00020892
80.00 65.00 0.0006648
85.00 65.00 0.00098604
90.00 65.00 0.00122109
95.00 65.00 0.00142854
100.00 65.00 0.00161796
105.00 65.00 0.0017268
110.00 65.00 0.00165498
115.00 65.00 0.00133971
120.00 65.00 0.00082179
125.00 65.00 0.0002547
130.00 65.00 -0.00015807
135.00 65.00 -0.00026436
140.00 65.00 -4.155e-05
145.00 65.00 0.00039666
150.00 65.00 0.00086709
155.00 65.00 0.00121158
160.00 65.00 0.00135909
165.00 65.00 0.00132537
170.00 65.00 0.00116694
175.00 65.00 0.00093669
180.00 65.00 0.00067446
-180.00 70.00 -0.00023643
-175.00 70.00 -0.0005586
-170.00 70.00 -0.00071163
-165.00 70.00 -0.00065862
-160.00 70.00 -0.00041628
-155.00 70.00 -5.49e-05
-150.00 70.00 0.00031932
-145.00 70.00 0.00059586
-140.00 70.00 0.00069501
-135.00 70.00 0.00059253
-130.00 70.00 0.00032364
-125.00 70.00 -3.522e-05
-120.00 70.00 -0.00039768
-115.00 70.00 -0.00069912
-110.00 70.00 -0.0009156
-105.00 70.00 -0.00106335
-100.00 70.00 -0.00118062
-95.00 70.00 -0.00129954
-90.00 70.00 -0.00142137
-85.00 70.00 -0.00150654
-80.00 70.00 -0.00148668
-75.00 70.00 -0.00129645
-70.00 70.00 -0.0009135
-65.00 70.00 -0.00038832
-60.00 70.00 0.0001515
-55.00 70.00 0.00053082
-50.00 70.00 0.0005823
-45.00 70.00 0.00020889
-40.00 70.00 -0.00057132
-35.00 70.00 -0.00161667
-30.00 70.00 -0.00269451
-25.00 70.00 -0.0035448
-20.00 70.00 -0.00395301
-15.00 70.00 -0.00380931
-10.00 70.00 -0.0031368
-5.00 70.00 -0.00208218
0.00 70.00 -0.00087372
5.00 70.00 0.00024003
10.00 70.00 0.00105171
15.00 70.00 0.00143958
20.00 70.00 0.00138396
25.00 70.00 0.00095511
30.00 70.00 0.00028251
35.00 70.00 -0.00048102
40.00 70.00 -0.00118941
45.00 70.00 -0.0017235
50.00 70.00 -0.00200388
55.00 70.00 -0.00199869
60.00 70.00 -0.00172659
65.00 70.00 -0.00125121
70.00 70.00 -0.0006648
75.00 70.00 -6.378e-05
80.00 70.00 0.00047442
85.00 70.00 0.00090432
90.00 70.00 0.00120915
95.00 70.00 0.00138663
100.00 70.00 0.00143397
105.00 70.00 0.00134451
110.00 70.00 0.00111861
115.00 70.00 0.00078213
120.00 70.00 0.00039771
125.00 70.00 5.742e-05
130.00 70.00 -0.00014496
135.00 70.00 -0.00015009
140.00 70.00 4.017e-05
145.00 70.00 0.00035943
150.00 70.00 0.00069912
155.00 70.00 0.00094611
160.00 70.00 0.00101889
165.00 70.00 0.00088908
170.00 70.00 0.00058458
175.00 70.00 0.00017733
180.00 70.00 -0.00023643
-180.00 75.00 0.00067056
-175.00 75.00 0.00042453
-170.00 75.00 0.0002547
-165.00 75.00 0.00018228
-160.00 75.00 0.0002046
-155.00 75.00 0.00029658
-150.00 75.00 0.0004182
-145.00 75.00 0.0005247
-140.00 75.00 0.00057771
-135.00 75.00 0.00055365
-130.00 75.00 0.00044733
-125.00 75.00 0.00027033
-120.00 75.00 4.509e-05
-115.00 75.00 -0.00020196
-110.00 75.00 -0.00044601
-105.00 75.00 -0.00066621
-100.00 75.00 -0.0008448
-95.00 75.00 -0.00096465
-90.00 75.00 -0.00100848
-85.00 75.00 -0.00096135
-80.00 75.00 -0.00081714
-75.00 75.00 -0.00058668
-70.00 75.00 -0.00030405
-65.00 75.00 -2.718e-05
-60.00 75.00 0.0001701
-55.00 75.00 0.00021366
-50.00 75.00 4.944e-05
-45.00 75.00 -0.00033807
-40.00 75.00 -0.00091479
-35.00 75.00 -0.00159813
-30.00 75.00 -0.00227169
-25.00 75.00 -0.00280968
-20.00 75.00 -0.00310557
-15.00 75.00 -0.00309675
-10.00 75.00 -0.00277893
-5.00 75.00 -0.00220614
0.00 75.00 -0.0014772
5.00 75.00 -0.00071259
10.00 75.00 -2.844e-05
15.00 75.00 0.00048642
20.00 75.00 0.00078462
25.00 75.00 0.00086421
30.00 75.00 0.00076278
35.00 75.00 0.00054501
40.00 75.00 0.00028653
45.00 75.00 5.826e-05
50.00 75.00 -8.631e-05
55.00 75.00 -0.00011889
60.00 75.00 -3.798e-05
65.00 75.00 0.00013464
70.00 75.00 0.00036207
75.00 75.00 0.00060198
80.00 75.00 0.0008157
85.00 75.00 0.00097446
90.00 75.00 0.00106203
95.00 75.00 0.00107469
100.00 75.00 0.00101976
105.00 75.00 0.00091389
110.00 75.00 0.00078144
115.00 75.00 0.0006528
120.00 75.00 0.00056049
125.00 75.00 0.0005334
130.00 75.00 0.00058938
135.00 75.00 0.0007287
140.00 75.00 0.00093093
145.00 75.00 0.00115734
150.00 75.00 0.00135879
155.00 75.00 0.00148776
160.00 75.00 0.00151035
165.00 75.00 0.00141522
170.00 75.00 0.00121677
175.00 75.00 0.00095184
180.00 75.00 0.00067056
-180.00 80.00 0.00165318
-175.00 80.00 0.0015606
-170.00 80.00 0.00146949
-165.00 80.00 0.00138681
-160.00 80.00 0.00131523
-155.00 80.00 0.00125301
-150.00 80.00 0.00119502
-145.00 80.00 0.00113415
-140.00 80.00 0.00106311
-135.00 80.00 0.00097632
-130.00 80.00 0.00087096
-125.00 80.00 0.00074739
-120.00 80.00 0.00060906
-115.00 80.00 0.00046188
-110.00 80.00 0.00031347
-105.00 80.00 0.00017196
-100.00 80.00 4.461e-05
-95.00 80.00 -6.339e-05
-90.00 80.00 -0.00014991
-85.00 80.00 -0.00021693
-80.00 80.00 -0.00027108
-75.00 80.00 -0.00032382
-70.00 80.00 -0.00039018
-65.00 80.00 -0.00048681
-60.00 80.00 -0.00062877
-55.00 80.00 -0.00082644
-50.00 80.00 -0.00108222
-45.00 80.00 -0.0013881
-40.00 80.00 -0.00172533
-35.00 80.00 -0.00206589
-30.00 80.00 -0.00237648
-25.00 80.00 -0.00262341
-20.00 80.00 -0.00277809
-15.00 80.00 -0.00282177
-10.00 80.00 -0.00274878
-5.00 80.00 -0.00256701
0.00 80.00 -0.00229629
5.00 80.00 -0.00196458
10.00 80.00 -0.00160305
15.00 80.00 -0.00124116
20.00 80.00 -0.00090255
25.00 80.00 -0.00060261
30.00 80.00 -0.00034791
35.00 80.00 -0.00013698
40.00 80.00 3.717e-05
45.00 80.00 0.00018405
50.00 80.00 0.00031299
55.00 80.00 0.00043077
60.00 80.00 0.00054084
65.00 80.00 0.00064305
70.00 80.00 0.00073461
75.00 80.00 0.00081129
80.00 80.00 0.00086943
85.00 80.00 0.00090729
90.00 80.00 0.00092595
95.00 80.00 0.0009294
100.00 80.00 0.00092439
105.00 80.00 0.00091977
110.00 80.00 0.00092514
115.00 80.00 0.00094935
120.00 80.00 0.00099888
125.00 80.00 0.00107664
130.00 80.00 0.00118122
135.00 80.00 0.00130647
140.00 80.00 0.00144195
145.00 80.00 0.00157443
150.00 80.00 0.0016899
155.00 80.00 0.00177609
160.00 80.00 0.00182445
165.00 80.00 0.00183162
170.00 80.00 0.00179994
175.00 80.00 0.00173688
180.00 80.00 0.00165318
-180.00 85.00 0.00092988
-175.00 85.00 0.00091413
-170.00 85.00 0.00088704
-165.00 85.00 0.00084918
-160.00 85.00 0.00080205
-155.00 85.00 0.00074712
-150.00 85.00 0.00068475
-145.00 85.00 0.00061425
-140.00 85.00 0.00053499
-135.00 85.00 0.00044721
-130.00 85.00 0.00035232
-125.00 85.00 0.00025164
-120.00 85.00 0.00014547
-115.00 85.00 3.315e-05
-110.00 85.00 -8.586e-05
-105.00 85.00 -0.00021105
-100.00 85.00 -0.00034092
-95.00 85.00 -0.00047421
-90.00 85.00 -0.00061092
-85.00 85.00 -0.00075207
-80.00 85.00 -0.00089853
-75.00 85.00 -0.00104997
-70.00 85.00 -0.0012048
-65.00 85.00 -0.00136128
-60.00 85.00 -0.00151827
-55.00 85.00 -0.00167496
-50.00 85.00 -0.00182955
-45.00 85.00 -0.00197844
-40.00 85.00 -0.00211653
-35.00 85.00 -0.00223875
-30.00 85.00 -0.00234114
-25.00 85.00 -0.00242094
-20.00 85.00 -0.00247581
-15.00 85.00 -0.00250314
-10.00 85.00 -0.00250071
-5.00 85.00 -0.00246786
0.00 85.00 -0.00240624
5.00 85.00 -0.00231942
10.00 85.00 -0.00221142
15.00 85.00 -0.0020859
20.00 85.00 -0.00194589
25.00 85.00 -0.00179478
30.00 85.00 -0.0016368
35.00 85.00 -0.00147651
40.00 85.00 -0.00131778
45.00 85.00 -0.00116292
50.00 85.00 -0.00101301
55.00 85.00 -0.00086886
60.00 85.00 -0.00073173
65.00 85.00 -0.00060321
70.00 85.00 -0.00048429
75.00 85.00 -0.00037455
80.00 85.00 -0.00027258
85.00 85.00 -0.00017673
90.00 85.00 -8.61e-05
95.00 85.00 -3e-07
100.00 85.00 8.112e-05
105.00 85.00 0.00015945
110.00 85.00 0.00023649
115.00 85.00 0.00031368
120.00 85.00 0.0003912
125.00 85.00 0.00046794
130.00 85.00 0.00054237
135.00 85.00 0.0006135
140.00 85.00 0.00068082
145.00 85.00 0.00074373
150.00 85.00 0.00080058
155.00 85.00 0.00084909
160.00 85.00 0.00088713
165.00 85.00 0.0009138
170.00 85.00 0.00092946
175.00 85.00 0.00093477
180.00 85.00 0.00092988
-180.00 90.00 -0.0010431
-175.00 90.00 -0.0010431
-170.00 90.00 -0.0010431
-165.00 90.00 -0.0010431
-160.00 90.00 -0.0010431
-155.00 90.00 -0.0010431
-150.00 90.00 -0.0010431
-145.00 90.00 -0.0010431
-140.00 90.00 -0.0010431
-135.00 90.00 -0.0010431
-130.00 90.00 -0.0010431
-125.00 90.00 -0.0010431
-120.00 90.00 -0.0010431
-115.00 90.00 -0.0010431
-110.00 90.00 -0.0010431
-105.00 90.00 -0.0010431
-100.00 90.00 -0.0010431
-95.00 90.00 -0.0010431
-90.00 90.00 -0.0010431
-85.00 90.00 -0.0010431
-80.00 90.00 -0.0010431
-75.00 90.00 -0.0010431
-70.00 90.00 -0.0010431
-65.00 90.00 -0.0010431
-60.00 90.00 -0.0010431
-55.00 90.00 -0.0010431
-50.00 90.00 -0.0010431
-45.00 90.00 -0.0010431
-40.00 90.00 -0.0010431
-35.00 90.00 -0.0010431
-30.00 90.00 -0.0010431
-25.00 90.00 -0.0010431
-20.00 90.00 -0.0010431
-15.00 90.00 -0.0010431
-10.00 90.00 -0.0010431
-5.00 90.00 -0.0010431
0.00 90.00 -0.0010431
5.00 90.00 -0.0010431
10.00 90.00 -0.0010431
15.00 90.00 -0.0010431
20.00 90.00 -0.0010431
25.00 90.00 -0.0010431
30.00 90.00 -0.0010431
35.00 90.00 -0.0010431
40.00 90.00 -0.0010431
45.00 90.00 -0.0010431
50.00 90.00 -0.0010431
55.00 90.00 -0.0010431
60.00 90.00 -0.0010431
65.00 90.00 -0.0010431
70.00 90.00 -0.0010431
75.00 90.00 -0.0010431
80.00 90.00 -0.0010431
85.00 90.00 -0.0010431
90.00 90.00 -0.0010431
95.00 90.00 -0.0010431
100.00 90.00 -0.0010431
105.00 90.00 -0.0010431
110.00 90.00 -0.0010431
115.00 90.00 -0.0010431
120.00 90.00 -0.0010431
125.00 90.00 -0.0010431
130.00 90.00 -0.0010431
135.00 90.00 -0.0010431
140.00 90.00 -0.0010431
145.00 90.00 -0.0010431
150.00 90.00 -0.0010431
155.00 90.00 -0.0010431
160.00 90.00 -0.0010431
165.00 90.00 -0.0010431
170.00 90.00 -0.0010431
175.00 90.00 -0.0010431
180.00 90.00 -0.0010431
