-180.00 -90.00 0.00119922
-175.00 -90.00 0.00119925
-170.00 -90.00 0.00119925
-165.00 -90.00 0.00119925
-160.00 -90.00 0.00119925
-155.00 -90.00 0.00119922
-150.00 -90.00 0.00119919
-145.00 -90.00 0.00119916
-140.00 -90.00 0.0011991
-135.00 -90.00 0.00119904
-130.00 -90.00 0.00119898
-125.00 -90.00 0.00119892
-120.00 -90.00 0.00119886
-115.00 -90.00 0.0011988
-110.00 -90.00 0.00119874
-105.00 -90.00 0.00119868
-100.00 -90.00 0.00119862
-95.00 -90.00 0.00119859
-90.00 -90.00 0.00119856
-85.00 -90.00 0.00119853
-80.00 -90.00 0.00119853
-75.00 -90.00 0.00119853
-70.00 -90.00 0.00119853
-65.00 -90.00 0.00119856
-60.00 -90.00 0.00119859
-55.00 -90.00 0.00119865
-50.00 -90.00 0.00119868
-45.00 -90.00 0.00119874
-40.00 -90.00 0.0011988
-35.00 -90.00 0.00119886
-30.00 -90.00 0.00119895
-25.00 -90.00 0.00119901
-20.00 -90.00 0.00119907
-15.00 -90.00 0.0011991
-10.00 -90.00 0.00119916
-5.00 -90.00 0.00119919
0.00 -90.00 0.00119922
5.00 -90.00 0.00119925
10.00 -90.00 0.00119928
15.00 -90.00 0.00119925
20.00 -90.00 0.00119925
25.00 -90.00 0.00119922
30.00 -90.00 0.00119919
35.00 -90.00 0.00119916
40.00 -90.00 0.0011991
45.00 -90.00 0.00119904
50.00 -90.00 0.00119898
55.00 -90.00 0.00119892
60.00 -90.00 0.00119886
65.00 -90.00 0.0011988
70.00 -90.00 0.00119874
75.00 -90.00 0.00119868
80.00 -90.00 0.00119865
85.00 -90.00 0.00119859
90.00 -90.00 0.00119856
95.00 -90.00 0.00119853
100.00 -90.00 0.00119853
105.00 -90.00 0.00119853
110.00 -90.00 0.00119856
115.00 -90.00 0.00119856
120.00 -90.00 0.00119859
125.00 -90.00 0.00119865
130.00 -90.00 0.00119868
135.00 -90.00 0.00119874
140.00 -90.00 0.0011988
145.00 -90.00 0.00119886
150.00 -90.00 0.00119895
155.00 -90.00 0.00119901
160.00 -90.00 0.00119907
165.00 -90.00 0.0011991
170.00 -90.00 0.00119916
175.00 -90.00 0.00119919
180.00 -90.00 0.00119922
-180.00 -85.00 0.00124893
-175.00 -85.00 0.00119091
-170.00 -85.00 0.00112941
-165.00 -85.00 0.00106527
-160.00 -85.00 0.00099954
-155.00 -85.00 0.00093345
-150.00 -85.00 0.00086823
-145.00 -85.00 0.00080541
-140.00 -85.00 0.00074649
-135.00 -85.00 0.00069288
-130.00 -85.00 0.00064587
-125.00 -85.00 0.00060645
-120.00 -85.00 0.0005754
-115.00 -85.00 0.00055317
-110.00 -85.00 0.00053988
-105.00 -85.00 0.00053532
-100.00 -85.00 0.00053895
-95.00 -85.00 0.00055002
-90.00 -85.00 0.00056757
-85.00 -85.00 0.00059073
-80.00 -85.00 0.00061863
-75.00 -85.00 0.00065037
-70.00 -85.00 0.00068517
-65.00 -85.00 0.00072228
-60.00 -85.00 0.00076125
-55.00 -85.00 0.00080175
-50.00 -85.00 0.00084354
-45.00 -85.00 0.0008865
-40.00 -85.00 0.00093048
-35.00 -85.00 0.00097536
-30.00 -85.00 0.00102108
-25.00 -85.00 0.00106761
-20.00 -85.00 0.00111489
-15.00 -85.00 0.00116268
-10.00 -85.00 0.00121071
-5.00 -85.00 0.00125856
0.00 -85.00 0.00130575
5.00 -85.00 0.00135177
10.00 -85.00 0.00139608
15.00 -85.00 0.00143811
20.00 -85.00 0.0014772
25.00 -85.00 0.00151275
30.00 -85.00 0.00154434
35.00 -85.00 0.0015717
40.00 -85.00 0.0015948
45.00 -85.00 0.00161358
50.00 -85.00 0.00162816
55.00 -85.00 0.00163866
60.00 -85.00 0.00164553
65.00 -85.00 0.00164931
70.00 -85.00 0.00165048
75.00 -85.00 0.00164955
80.00 -85.00 0.00164691
85.00 -85.00 0.00164295
90.00 -85.00 0.00163815
95.00 -85.00 0.00163287
100.00 -85.00 0.00162729
105.00 -85.00 0.00162144
110.00 -85.00 0.00161508
115.00 -85.00 0.00160806
120.00 -85.00 0.00160005
125.00 -85.00 0.00159057
130.00 -85.00 0.00157911
135.00 -85.00 0.00156498
140.00 -85.00 0.00154761
145.00 -85.00 0.00152646
150.00 -85.00 0.00150114
155.00 -85.00 0.00147129
160.00 -85.00 0.00143661
165.00 -85.00 0.00139692
170.00 -85.00 0.00135231
175.00 -85.00 0.00130287
180.00 -85.00 0.00124893
-180.00 -80.00 0.00136845
-175.00 -80.00 0.0013197
-170.00 -80.00 0.00125442
-165.00 -80.00 0.00117087
-160.00 -80.00 0.00106791
-155.00 -80.00 0.00094719
-150.00 -80.00 0.00081411
-145.00 -80.00 0.00067581
-140.00 -80.00 0.00053961
-135.00 -80.00 0.00041346
-130.00 -80.00 0.00030609
-125.00 -80.00 0.00022467
-120.00 -80.00 0.00017265
-115.00 -80.00 0.0001503
-110.00 -80.00 0.00015648
-105.00 -80.00 0.0001881
-100.00 -80.00 0.00023919
-95.00 -80.00 0.0003021
-90.00 -80.00 0.0003705
-85.00 -80.00 0.00043977
-80.00 -80.00 0.00050589
-75.00 -80.00 0.00056538
-70.00 -80.00 0.00061725
-65.00 -80.00 0.00066309
-60.00 -80.00 0.00070488
-55.00 -80.00 0.00074367
-50.00 -80.00 0.00078066
-45.00 -80.00 0.00081834
-40.00 -80.00 0.00085872
-35.00 -80.00 0.00090207
-30.00 -80.00 0.00094848
-25.00 -80.00 0.00099936
-20.00 -80.00 0.00105675
-15.00 -80.00 0.00112119
-10.00 -80.00 0.00119217
-5.00 -80.00 0.00126948
0.00 -80.00 0.00135282
5.00 -80.00 0.00143952
10.00 -80.00 0.00152463
15.00 -80.00 0.00160335
20.00 -80.00 0.00167202
25.00 -80.00 0.00172692
30.00 -80.00 0.00176409
35.00 -80.00 0.00178146
40.00 -80.00 0.00177996
45.00 -80.00 0.00176172
50.00 -80.00 0.00172839
55.00 -80.00 0.00168201
60.00 -80.00 0.00162609
65.00 -80.00 0.0015645
70.00 -80.00 0.00149955
75.00 -80.00 0.00143295
80.00 -80.00 0.00136767
85.00 -80.00 0.00130779
90.00 -80.00 0.0012564
95.00 -80.00 0.00121551
100.00 -80.00 0.00118755
105.00 -80.00 0.00117522
110.00 -80.00 0.00117921
115.00 -80.00 0.00119742
120.00 -80.00 0.0012267
125.00 -80.00 0.00126405
130.00 -80.00 0.00130563
135.00 -80.00 0.00134628
140.00 -80.00 0.00138153
145.00 -80.00 0.0014094
150.00 -80.00 0.00142944
155.00 -80.00 0.00144099
160.00 -80.00 0.00144354
165.00 -80.00 0.00143778
170.00 -80.00 0.00142452
175.00 -80.00 0.00140247
180.00 -80.00 0.00136845
-180.00 -75.00 0.00122205
-175.00 -75.00 0.00126837
-170.00 -75.00 0.00129021
-165.00 -75.00 0.00127038
-160.00 -75.00 0.00119733
-155.00 -75.00 0.00106833
-150.00 -75.00 0.00089058
-145.00 -75.00 0.0006801
-140.00 -75.00 0.00045867
-135.00 -75.00 0.00025008
-130.00 -75.00 7.632e-05
-125.00 -75.00 -4.581e-05
-120.00 -75.00 -0.00010698
-115.00 -75.00 -0.00010629
-110.00 -75.00 -5.088e-05
-105.00 -75.00 4.521e-05
-100.00 -75.00 0.00016365
-95.00 -75.00 0.00028515
-90.00 -75.00 0.00039258
-85.00 -75.00 0.00047379
-80.00 -75.00 0.00052338
-75.00 -75.00 0.00054306
-70.00 -75.00 0.00054024
-65.00 -75.00 0.00052572
-60.00 -75.00 0.0005109
-55.00 -75.00 0.00050508
-50.00 -75.00 0.00051345
-45.00 -75.00 0.00053643
-40.00 -75.00 0.00057066
-35.00 -75.00 0.00061104
-30.00 -75.00 0.00065304
-25.00 -75.00 0.00069543
-20.00 -75.00 0.00074142
-15.00 -75.00 0.00079824
-10.00 -75.00 0.00087462
-5.00 -75.00 0.00097773
0.00 -75.00 0.00110976
5.00 -75.00 0.00126555
10.00 -75.00 0.00143265
15.00 -75.00 0.00159372
20.00 -75.00 0.00173028
25.00 -75.00 0.00182685
30.00 -75.00 0.00187437
35.00 -75.00 0.00187146
40.00 -75.00 0.00182373
45.00 -75.00 0.00174111
50.00 -75.00 0.00163482
55.00 -75.00 0.00151464
60.00 -75.00 0.0013869
65.00 -75.00 0.00125427
70.00 -75.00 0.00111696
75.00 -75.00 0.00097461
80.00 -75.00 0.00082836
85.00 -75.00 0.00068268
90.00 -75.00 0.00054606
95.00 -75.00 0.00043011
100.00 -75.00 0.00034773
105.00 -75.00 0.00031002
110.00 -75.00 0.00032322
115.00 -75.00 0.00038634
120.00 -75.00 0.00049038
125.00 -75.00 0.00061977
130.00 -75.00 0.00075525
135.00 -75.00 0.0008781
140.00 -75.00 0.00097431
145.00 -75.00 0.00103764
150.00 -75.00 0.0010704
155.00 -75.00 0.00108237
160.00 -75.00 0.00108741
165.00 -75.00 0.00109905
170.00 -75.00 0.00112614
175.00 -75.00 0.0011697
180.00 -75.00 0.00122205
-180.00 -70.00 0.00077523
-175.00 -70.00 0.00090486
-170.00 -70.00 0.00101292
-165.00 -70.00 0.00106338
-160.00 -70.00 0.0010329
-155.00 -70.00 0.00091638
-150.00 -70.00 0.00072708
-145.00 -70.00 0.00049224
-140.00 -70.00 0.00024573
-135.00 -70.00 2.049e-05
-130.00 -70.00 -0.00015669
-125.00 -70.00 -0.00026787
-120.00 -70.00 -0.0003045
-115.00 -70.00 -0.00026727
-110.00 -70.00 -0.00016626
-105.00 -70.00 -2.067e-05
-100.00 -70.00 0.00014313
-95.00 -70.00 0.00029577
-90.00 -70.00 0.00041106
-85.00 -70.00 0.00047217
-80.00 -70.00 0.00047523
-75.00 -70.00 0.00042951
-70.00 -70.00 0.00035403
-65.00 -70.00 0.00027246
-60.00 -70.00 0.00020748
-55.00 -70.00 0.00017562
-50.00 -70.00 0.00018402
-45.00 -70.00 0.00022893
-40.00 -70.00 0.00029688
-35.00 -70.00 0.00036867
-30.00 -70.00 0.00042573
-25.00 -70.00 0.00045732
-20.00 -70.00 0.00046629
-15.00 -70.00 0.0004704
-10.00 -70.00 0.00049767
-5.00 -70.00 0.00057594
0.00 -70.00 0.00072096
5.00 -70.00 0.00092769
10.00 -70.00 0.00116901
15.00 -70.00 0.00140346
20.00 -70.00 0.00158844
25.00 -70.00 0.00169362
30.00 -70.00 0.00170943
35.00 -70.00 0.00164733
40.00 -70.00 0.00153321
45.00 -70.00 0.00139677
50.00 -70.00 0.00126186
55.00 -70.00 0.00114066
60.00 -70.00 0.00103299
65.00 -70.00 0.00092958
70.00 -70.00 0.00081762
75.00 -70.00 0.00068628
80.00 -70.00 0.00053097
85.00 -70.00 0.00035607
90.00 -70.00 0.0001758
95.00 -70.00 1.299e-05
100.00 -70.00 -0.00010506
105.00 -70.00 -0.00015282
110.00 -70.00 -0.00011445
115.00 -70.00 9.84e-06
120.00 -70.00 0.00020139
125.00 -70.00 0.00042591
130.00 -70.00 0.00064149
135.00 -70.00 0.00080901
140.00 -70.00 0.0009021
145.00 -70.00 0.00091341
150.00 -70.00 0.00085614
155.00 -70.00 0.00076011
160.00 -70.00 0.00066345
165.00 -70.00 0.00060222
170.00 -70.00 0.00060039
175.00 -70.00 0.00066318
180.00 -70.00 0.00077523
-180.00 -65.00 0.00053238
-175.00 -65.00 0.00065748
-170.00 -65.00 0.00074712
-165.00 -65.00 0.00077466
-160.00 -65.00 0.00072795
-155.00 -65.00 0.0006126
-150.00 -65.00 0.00044991
-145.00 -65.00 0.00026979
-140.00 -65.00 0.00010086
-135.00 -65.00 -3.747e-05
-130.00 -65.00 -0.00013665
-125.00 -65.00 -0.00019368
-120.00 -65.00 -0.00020373
-115.00 -65.00 -0.00015786
-110.00 -65.00 -4.944e-05
-105.00 -65.00 0.0001149
-100.00 -65.00 0.00030933
-95.00 -65.00 0.00049434
-90.00 -65.00 0.0006318
-85.00 -65.00 0.00069975
-80.00 -65.00 0.00069801
-75.00 -65.00 0.00064335
-70.00 -65.00 0.00055965
-65.00 -65.00 0.00047016
-60.00 -65.00 0.00039423
-55.00 -65.00 0.00034671
-50.00 -65.00 0.00033747
-45.00 -65.00 0.00036987
-40.00 -65.00 0.000438
-35.00 -65.00 0.00052515
-30.00 -65.00 0.00060519
-25.00 -65.00 0.00065034
-20.00 -65.00 0.00064485
-15.00 -65.00 0.00059841
-10.00 -65.00 0.00054906
-5.00 -65.00 0.00054879
0.00 -65.00 0.00063624
5.00 -65.00 0.00081201
10.00 -65.00 0.00103209
15.00 -65.00 0.00122526
20.00 -65.00 0.00132561
25.00 -65.00 0.00130197
30.00 -65.00 0.00116898
35.00 -65.00 0.00097629
40.00 -65.00 0.00078324
45.00 -65.00 0.00063339
50.00 -65.00 0.00054078
55.00 -65.00 0.00049146
60.00 -65.00 0.00045699
65.00 -65.00 0.00041076
70.00 -65.00 0.00033891
75.00 -65.00 0.00024216
80.00 -65.00 0.00013038
85.00 -65.00 1.593e-05
90.00 -65.00 -8.91e-05
95.00 -65.00 -0.00017073
100.00 -65.00 -0.00021078
105.00 -65.00 -0.00018975
110.00 -65.00 -9.585e-05
115.00 -65.00 6.51e-05
120.00 -65.00 0.0002658
125.00 -65.00 0.00046407
130.00 -65.00 0.00061683
135.00 -65.00 0.00069444
140.00 -65.00 0.00068892
145.00 -65.00 0.00061425
150.00 -65.00 0.0005004
155.00 -65.00 0.00038433
160.00 -65.00 0.00030069
165.00 -65.00 0.00027372
170.00 -65.00 0.00031182
175.00 -65.00 0.00040608
180.00 -65.00 0.00053238
-180.00 -60.00 0.00076695
-175.00 -60.00 0.00079125
-170.00 -60.00 0.00075441
-165.00 -60.00 0.00068304
-160.00 -60.00 0.00059487
-155.00 -60.00 0.00049455
-150.00 -60.00 0.0003825
-145.00 -60.00 0.00026616
-140.00 -60.00 0.00015987
-135.00 -60.00 7.353e-05
-130.00 -60.00 4.29e-06
-125.00 -60.00 -5.424e-05
-120.00 -60.00 -9.126e-05
-115.00 -60.00 -6.972e-05
-110.00 -60.00 5.313e-05
-105.00 -60.00 0.00028662
-100.00 -60.00 0.00058392
-95.00 -60.00 0.00086022
-90.00 -60.00 0.00104091
-85.00 -60.00 0.00110055
-80.00 -60.00 0.00106404
-75.00 -60.00 0.00097704
-70.00 -60.00 0.00087588
-65.00 -60.00 0.00077874
-60.00 -60.00 0.00069393
-55.00 -60.00 0.00062799
-50.00 -60.00 0.00058842
-45.00 -60.00 0.00058476
-40.00 -60.00 0.00063039
-35.00 -60.00 0.00073509
-30.00 -60.00 0.00088644
-25.00 -60.00 0.00103632
-20.00 -60.00 0.00111702
-15.00 -60.00 0.00108669
-10.00 -60.00 0.00096954
-5.00 -60.00 0.0008511
0.00 -60.00 0.00082263
5.00 -60.00 0.00091497
10.00 -60.00 0.0010716
15.00 -60.00 0.00118182
20.00 -60.00 0.0011493
25.00 -60.00 0.00094917
30.00 -60.00 0.00063933
35.00 -60.00 0.00032385
40.00 -60.00 9.507e-05
45.00 -60.00 -1.116e-05
50.00 -60.00 -2.451e-05
55.00 -60.00 -1.395e-05
60.00 -60.00 -4.485e-05
65.00 -60.00 -0.00014367
70.00 -60.00 -0.00028794
75.00 -60.00 -0.0004239
80.00 -60.00 -0.00050019
85.00 -60.00 -0.0004959
90.00 -60.00 -0.0004263
95.00 -60.00 -0.00032409
100.00 -60.00 -0.00021276
105.00 -60.00 -9.564e-05
110.00 -60.00 3.186e-05
115.00 -60.00 0.00015981
120.00 -60.00 0.00025554
125.00 -60.00 0.00027936
130.00 -60.00 0.00021216
135.00 -60.00 7.275e-05
140.00 -60.00 -8.763e-05
145.00 -60.00 -0.00020703
150.00 -60.00 -0.00023706
155.00 -60.00 -0.00015828
160.00 -60.00 1.614e-05
165.00 -60.00 0.00024606
170.00 -60.00 0.0004779
175.00 -60.00 0.00066162
180.00 -60.00 0.00076695
-180.00 -55.00 0.00095091
-175.00 -55.00 0.00080592
-170.00 -55.00 0.00059805
-165.00 -55.00 0.00043236
-160.00 -55.00 0.00035046
-155.00 -55.00 0.00030957
-150.00 -55.00 0.00023181
-145.00 -55.00 7.998e-05
-140.00 -55.00 -0.00011094
-135.00 -55.00 -0.00027477
-130.00 -55.00 -0.00037845
-125.00 -55.00 -0.00043602
-120.00 -55.00 -0.00045777
-115.00 -55.00 -0.00039903
-110.00 -55.00 -0.00018237
-105.00 -55.00 0.00021522
-100.00 -55.00 0.00070131
-95.00 -55.00 0.00110988
-90.00 -55.00 0.00131502
-85.00 -55.00 0.00130857
-80.00 -55.00 0.0011724
-75.00 -55.00 0.0009909
-70.00 -55.00 0.00080238
-65.00 -55.00 0.00062403
-60.00 -55.00 0.00049026
-55.00 -55.00 0.00044031
-50.00 -55.00 0.0004746
-45.00 -55.00 0.00055236
-40.00 -55.00 0.00064692
-35.00 -55.00 0.00078546
-30.00 -55.00 0.00100584
-25.00 -55.00 0.0012693
-20.00 -55.00 0.00144108
-15.00 -55.00 0.00138822
-10.00 -55.00 0.0011091
-5.00 -55.00 0.000762
0.00 -55.00 0.0005556
5.00 -55.00 0.00059568
10.00 -55.00 0.0008145
15.00 -55.00 0.00102822
20.00 -55.00 0.00106479
25.00 -55.00 0.00086811
30.00 -55.00 0.00051759
35.00 -55.00 0.00016437
40.00 -55.00 -6.627e-05
45.00 -55.00 -0.00014325
50.00 -55.00 -0.00013119
55.00 -55.00 -0.00013509
60.00 -55.00 -0.00023028
65.00 -55.00 -0.00041913
70.00 -55.00 -0.00063285
75.00 -55.00 -0.00077124
80.00 -55.00 -0.00076068
85.00 -55.00 -0.00059946
90.00 -55.00 -0.00035973
95.00 -55.00 -0.00013881
100.00 -55.00 6.66e-06
105.00 -55.00 8.832e-05
110.00 -55.00 0.00015072
115.00 -55.00 0.00020988
120.00 -55.00 0.00022911
125.00 -55.00 0.00015513
130.00 -55.00 -2.583e-05
135.00 -55.00 -0.0002664
140.00 -55.00 -0.00048312
145.00 -55.00 -0.00059727
150.00 -55.00 -0.00055965
155.00 -55.00 -0.00035871
160.00 -55.00 -2.412e-05
165.00 -55.00 0.00037143
170.00 -55.00 0.00072429
175.00 -55.00 0.00093414
180.00 -55.00 0.00095091
-180.00 -50.00 0.00061311
-175.00 -50.00 0.00032619
-170.00 -50.00 -3.066e-05
-165.00 -50.00 -0.00026181
-160.00 -50.00 -0.0002985
-155.00 -50.00 -0.00026409
-150.00 -50.00 -0.00035481
-145.00 -50.00 -0.0006426
-140.00 -50.00 -0.00099792
-135.00 -50.00 -0.00121185
-130.00 -50.00 -0.00119025
-125.00 -50.00 -0.0010173
-120.00 -50.00 -0.00082878
-115.00 -50.00 -0.00064593
-110.00 -50.00 -0.00036249
-105.00 -50.00 9.912e-05
-100.00 -50.00 0.00065064
-95.00 -50.00 0.00109176
-90.00 -50.00 0.00130011
-85.00 -50.00 0.00133191
-80.00 -50.00 0.00131424
-75.00 -50.00 0.00127224
-70.00 -50.00 0.00112011
-65.00 -50.00 0.00082977
-60.00 -50.00 0.00054531
-55.00 -50.00 0.00046521
-50.00 -50.00 0.00061935
-45.00 -50.00 0.00082689
-40.00 -50.00 0.00090708
-35.00 -50.00 0.00088755
-30.00 -50.00 0.0009444
-25.00 -50.00 0.00114087
-20.00 -50.00 0.00129204
-15.00 -50.00 0.00113418
-10.00 -50.00 0.00061326
-5.00 -50.00 -2.43e-05
0.00 -50.00 -0.00042312
5.00 -50.00 -0.00038739
10.00 -50.00 5.64e-06
15.00 -50.00 0.0004908
20.00 -50.00 0.00079068
25.00 -50.00 0.00076413
30.00 -50.00 0.00046278
35.00 -50.00 7.359e-05
40.00 -50.00 -0.00021693
45.00 -50.00 -0.00034209
50.00 -50.00 -0.00036861
55.00 -50.00 -0.00040992
60.00 -50.00 -0.00052713
65.00 -50.00 -0.00069441
70.00 -50.00 -0.00082863
75.00 -50.00 -0.0008406
80.00 -50.00 -0.00068109
85.00 -50.00 -0.00037704
90.00 -50.00 -3.666e-05
95.00 -50.00 0.00020583
100.00 -50.00 0.00028587
105.00 -50.00 0.0002577
110.00 -50.00 0.00023469
115.00 -50.00 0.00027615
120.00 -50.00 0.00034392
125.00 -50.00 0.00036921
130.00 -50.00 0.00033513
135.00 -50.00 0.0002763
140.00 -50.00 0.00021732
145.00 -50.00 0.00014835
150.00 -50.00 6.687e-05
155.00 -50.00 1.95e-05
160.00 -50.00 7.842e-05
165.00 -50.00 0.00026928
170.00 -50.00 0.00051888
175.00 -50.00 0.00067704
180.00 -50.00 0.00061311
-180.00 -45.00 0.00015945
-175.00 -45.00 -0.00016509
-170.00 -45.00 -0.0006201
-165.00 -45.00 -0.00089052
-160.00 -45.00 -0.00085149
-155.00 -45.00 -0.00071487
-150.00 -45.00 -0.00080523
-145.00 -45.00 -0.00119955
-140.00 -45.00 -0.00162435
-135.00 -45.00 -0.00171681
-130.00 -45.00 -0.00136938
-125.00 -45.00 -0.00080907
-120.00 -45.00 -0.00035385
-115.00 -45.00 -0.00011589
-110.00 -45.00 4.365e-05
-105.00 -45.00 0.00028998
-100.00 -45.00 0.0006057
-95.00 -45.00 0.00085392
-90.00 -45.00 0.00101973
-85.00 -45.00 0.00128061
-80.00 -45.00 0.0017589
-75.00 -45.00 0.0022572
-70.00 -45.00 0.00237795
-65.00 -45.00 0.00196848
-60.00 -45.00 0.0013617
-55.00 -45.00 0.00105927
-50.00 -45.00 0.00118518
-45.00 -45.00 0.00136611
-40.00 -45.00 0.00119856
-35.00 -45.00 0.00073404
-30.00 -45.00 0.00039051
-25.00 -45.00 0.00041808
-20.00 -45.00 0.00058953
-15.00 -45.00 0.00047085
-10.00 -45.00 -9.147e-05
-5.00 -45.00 -0.00082965
0.00 -45.00 -0.00133476
5.00 -45.00 -0.00137874
10.00 -45.00 -0.00100122
15.00 -45.00 -0.00042924
20.00 -45.00 2.877e-05
25.00 -45.00 0.00011988
30.00 -45.00 -0.00019026
35.00 -45.00 -0.00067626
40.00 -45.00 -0.001035
45.00 -45.00 -0.00113556
50.00 -45.00 -0.0010827
55.00 -45.00 -0.00105534
60.00 -45.00 -0.00112443
65.00 -45.00 -0.0012294
70.00 -45.00 -0.00127794
75.00 -45.00 -0.00122016
80.00 -45.00 -0.00103995
85.00 -45.00 -0.00073812
90.00 -45.00 -0.00036312
95.00 -45.00 -2.499e-05
100.00 -45.00 0.00018153
105.00 -45.00 0.00027219
110.00 -45.00 0.00034506
115.00 -45.00 0.00045075
120.00 -45.00 0.00054705
125.00 -45.00 0.00060495
130.00 -45.00 0.0006897
135.00 -45.00 0.00086808
140.00 -45.00 0.00106698
145.00 -45.00 0.00110184
150.00 -45.00 0.00086199
155.00 -45.00 0.00043521
160.00 -45.00 4.746e-05
165.00 -45.00 -0.00010527
170.00 -45.00 -6e-07
175.00 -45.00 0.00017655
180.00 -45.00 0.00015945
-180.00 -40.00 0.00012522
-175.00 -40.00 -0.00022368
-170.00 -40.00 -0.00077952
-165.00 -40.00 -0.00105903
-160.00 -40.00 -0.00086649
-155.00 -40.00 -0.00053451
-150.00 -40.00 -0.00051822
-145.00 -40.00 -0.00085881
-140.00 -40.00 -0.00115767
-135.00 -40.00 -0.00102906
-130.00 -40.00 -0.00047496
-125.00 -40.00 0.00017328
-120.00 -40.00 0.00059259
-115.00 -40.00 0.00071655
-110.00 -40.00 0.00069741
-105.00 -40.00 0.00067977
-100.00 -40.00 0.00065448
-95.00 -40.00 0.00057243
-90.00 -40.00 0.0005739
-85.00 -40.00 0.00096954
-80.00 -40.00 0.00185763
-75.00 -40.00 0.00280218
-70.00 -40.00 0.00309777
-65.00 -40.00 0.00248214
-60.00 -40.00 0.0014847
-55.00 -40.00 0.00090273
-50.00 -40.00 0.00095031
-45.00 -40.00 0.00108867
-40.00 -40.00 0.00073935
-35.00 -40.00 -7.74e-06
-30.00 -40.00 -0.00054516
-25.00 -40.00 -0.00051003
-20.00 -40.00 -0.00018378
-15.00 -40.00 -0.00010449
-10.00 -40.00 -0.00047766
-5.00 -40.00 -0.00109209
0.00 -40.00 -0.00165663
5.00 -40.00 -0.00200289
10.00 -40.00 -0.00202371
15.00 -40.00 -0.00169062
20.00 -40.00 -0.00122166
25.00 -40.00 -0.00102615
30.00 -40.00 -0.00131151
35.00 -40.00 -0.00182124
40.00 -40.00 -0.0020928
45.00 -40.00 -0.00194001
50.00 -40.00 -0.00158925
55.00 -40.00 -0.001374
60.00 -40.00 -0.00140232
65.00 -40.00 -0.00154131
70.00 -40.00 -0.00163749
75.00 -40.00 -0.00166257
80.00 -40.00 -0.00163998
85.00 -40.00 -0.00151572
90.00 -40.00 -0.00119709
95.00 -40.00 -0.00070545
100.00 -40.00 -0.00018894
105.00 -40.00 0.00023649
110.00 -40.00 0.00056001
115.00 -40.00 0.00076452
120.00 -40.00 0.00078222
125.00 -40.00 0.00065199
130.00 -40.00 0.00059613
135.00 -40.00 0.00079308
140.00 -40.00 0.00112794
145.00 -40.00 0.00129126
150.00 -40.00 0.00109785
155.00 -40.00 0.0006267
160.00 -40.00 0.00011343
165.00 -40.00 -0.00019509
170.00 -40.00 -0.00016878
175.00 -40.00 6.042e-05
180.00 -40.00 0.00012522
-180.00 -35.00 0.00027969
-175.00 -35.00 -0.00012324
-170.00 -35.00 -0.00083151
-165.00 -35.00 -0.00115542
-160.00 -35.00 -0.0008286
-155.00 -35.00 -0.00033786
-150.00 -35.00 -0.00022359
-145.00 -35.00 -0.00039276
-140.00 -35.00 -0.00036129
-135.00 -35.00 5.22e-05
-130.00 -35.00 0.00055965
-125.00 -35.00 0.00083883
-120.00 -35.00 0.00087411
-115.00 -35.00 0.00084108
-110.00 -35.00 0.00083574
-105.00 -35.00 0.00079896
-100.00 -35.00 0.00063018
-95.00 -35.00 0.00034215
-90.00 -35.00 0.00015909
-85.00 -35.00 0.00041616
-80.00 -35.00 0.00118968
-75.00 -35.00 0.00199806
-70.00 -35.00 0.00209898
-65.00 -35.00 0.00126132
-60.00 -35.00 0.00011502
-55.00 -35.00 -0.00047133
-50.00 -35.00 -0.00030645
-45.00 -35.00 2.07e-05
-40.00 -35.00 -7.389e-05
-35.00 -35.00 -0.00051387
-30.00 -35.00 -0.00078921
-25.00 -35.00 -0.00065442
-20.00 -35.00 -0.00038412
-15.00 -35.00 -0.00036711
-10.00 -35.00 -0.00068886
-5.00 -35.00 -0.00122421
0.00 -35.00 -0.00191583
5.00 -35.00 -0.00268968
10.00 -35.00 -0.00321171
15.00 -35.00 -0.00310635
20.00 -35.00 -0.00249492
25.00 -35.00 -0.00200226
30.00 -35.00 -0.00205728
35.00 -35.00 -0.00240135
40.00 -35.00 -0.00246027
45.00 -35.00 -0.00203352
50.00 -35.00 -0.00143892
55.00 -35.00 -0.0010881
60.00 -35.00 -0.00109191
65.00 -35.00 -0.00125862
70.00 -35.00 -0.00136644
75.00 -35.00 -0.00138492
80.00 -35.00 -0.00141078
85.00 -35.00 -0.00142755
90.00 -35.00 -0.00126414
95.00 -35.00 -0.00083976
100.00 -35.00 -0.00029703
105.00 -35.00 0.00019515
110.00 -35.00 0.00060369
115.00 -35.00 0.00089028
120.00 -35.00 0.00092277
125.00 -35.00 0.0007098
130.00 -35.00 0.00053415
135.00 -35.00 0.00063333
140.00 -35.00 0.00088929
145.00 -35.00 0.00102858
150.00 -35.00 0.00096843
155.00 -35.00 0.00076827
160.00 -35.00 0.00044358
165.00 -35.00 8.643e-05
170.00 -35.00 -3.531e-05
175.00 -35.00 0.00016305
180.00 -35.00 0.00027969
-180.00 -30.00 0.00012078
-175.00 -30.00 -0.00013092
-170.00 -30.00 -0.00092709
-165.00 -30.00 -0.00139485
-160.00 -30.00 -0.00118002
-155.00 -30.00 -0.00086358
-150.00 -30.00 -0.00093441
-145.00 -30.00 -0.00103269
-140.00 -30.00 -0.00059967
-135.00 -30.00 0.00019896
-130.00 -30.00 0.00069087
-125.00 -30.00 0.00060903
-120.00 -30.00 0.00032475
-115.00 -30.00 0.000225
-110.00 -30.00 0.0002631
-105.00 -30.00 0.00020766
-100.00 -30.00 1.713e-05
-95.00 -30.00 -0.00018216
-90.00 -30.00 -0.00025563
-85.00 -30.00 -6.693e-05
-80.00 -30.00 0.00042024
-75.00 -30.00 0.00088416
-70.00 -30.00 0.00077724
-65.00 -30.00 -2.268e-05
-60.00 -30.00 -0.00091497
-55.00 -30.00 -0.00120618
-50.00 -30.00 -0.00086139
-45.00 -30.00 -0.00038121
-40.00 -30.00 -0.00012513
-35.00 -30.00 -5.826e-05
-30.00 -30.00 -5.331e-05
-25.00 -30.00 -0.00012945
-20.00 -30.00 -0.00035886
-15.00 -30.00 -0.0007197
-10.00 -30.00 -0.00114522
-5.00 -30.00 -0.00168486
0.00 -30.00 -0.00248631
5.00 -30.00 -0.00347676
10.00 -30.00 -0.00415518
15.00 -30.00 -0.00400683
20.00 -30.00 -0.00317241
25.00 -30.00 -0.0023844
30.00 -30.00 -0.00212613
35.00 -30.00 -0.00216315
40.00 -30.00 -0.00202263
45.00 -30.00 -0.00159813
50.00 -30.00 -0.00111177
55.00 -30.00 -0.00077103
60.00 -30.00 -0.00064194
65.00 -30.00 -0.00065961
70.00 -30.00 -0.00065742
75.00 -30.00 -0.00053253
80.00 -30.00 -0.00037821
85.00 -30.00 -0.00030948
90.00 -30.00 -0.00026313
95.00 -30.00 -0.00014904
100.00 -30.00 -3.039e-05
105.00 -30.00 5.709e-05
110.00 -30.00 0.00025005
115.00 -30.00 0.00058539
120.00 -30.00 0.00083121
125.00 -30.00 0.00084468
130.00 -30.00 0.00081984
135.00 -30.00 0.00090999
140.00 -30.00 0.00092982
145.00 -30.00 0.00073788
150.00 -30.00 0.00054582
155.00 -30.00 0.0004848
160.00 -30.00 0.00027252
165.00 -30.00 -0.00023124
170.00 -30.00 -0.00055203
175.00 -30.00 -0.00027888
180.00 -30.00 0.00012078
-180.00 -25.00 -0.00039147
-175.00 -25.00 -0.00023337
-170.00 -25.00 -0.00089514
-165.00 -25.00 -0.00146622
-160.00 -25.00 -0.00154416
-155.00 -25.00 -0.00166488
-150.00 -25.00 -0.0021309
-145.00 -25.00 -0.00234429
-140.00 -25.00 -0.00173463
-135.00 -25.00 -0.00070359
-130.00 -25.00 -9.87e-05
-125.00 -25.00 -0.0001191
-120.00 -25.00 -0.00029925
-115.00 -25.00 -0.0003861
-110.00 -25.00 -0.00061752
-105.00 -25.00 -0.00108297
-100.00 -25.00 -0.00139836
-95.00 -25.00 -0.00126513
-90.00 -25.00 -0.00087306
-85.00 -25.00 -0.00045912
-80.00 -25.00 3.984e-05
-75.00 -25.00 0.00054777
-70.00 -25.00 0.00061482
-65.00 -25.00 9.813e-05
-60.00 -25.00 -0.00042129
-55.00 -25.00 -0.00040212
-50.00 -25.00 -5.121e-05
-45.00 -25.00 0.00018765
-40.00 -25.00 0.00031548
-35.00 -25.00 0.00044598
-30.00 -25.00 0.00032583
-25.00 -25.00 -0.00025449
-20.00 -25.00 -0.00097959
-15.00 -25.00 -0.00142878
-10.00 -25.00 -0.00167835
-5.00 -25.00 -0.00212376
0.00 -25.00 -0.00291105
5.00 -25.00 -0.00375237
10.00 -25.00 -0.00417039
15.00 -25.00 -0.00390105
20.00 -25.00 -0.00317229
25.00 -25.00 -0.00248034
30.00 -25.00 -0.00202935
35.00 -25.00 -0.00164247
40.00 -25.00 -0.00123837
45.00 -25.00 -0.00096501
50.00 -25.00 -0.00079731
55.00 -25.00 -0.00050034
60.00 -25.00 -9.597e-05
65.00 -25.00 0.00012045
70.00 -25.00 0.00010671
75.00 -25.00 0.00015129
80.00 -25.00 0.00038166
85.00 -25.00 0.00061848
90.00 -25.00 0.00070329
95.00 -25.00 0.00060591
100.00 -25.00 0.00031938
105.00 -25.00 -8.67e-06
110.00 -25.00 -4.197e-05
115.00 -25.00 0.00031515
120.00 -25.00 0.00071931
125.00 -25.00 0.000906
130.00 -25.00 0.00101886
135.00 -25.00 0.00112026
140.00 -25.00 0.0008949
145.00 -25.00 0.00025509
150.00 -25.00 -0.00031911
155.00 -25.00 -0.00054507
160.00 -25.00 -0.00084885
165.00 -25.00 -0.00150132
170.00 -25.00 -0.00186228
175.00 -25.00 -0.001302
180.00 -25.00 -0.00039147
-180.00 -20.00 -0.00104016
-175.00 -20.00 -0.00075219
-170.00 -20.00 -0.00114348
-165.00 -20.00 -0.00153759
-160.00 -20.00 -0.00169542
-155.00 -20.00 -0.00200109
-150.00 -20.00 -0.0025458
-145.00 -20.00 -0.00279939
-140.00 -20.00 -0.00239241
-135.00 -20.00 -0.00166854
-130.00 -20.00 -0.00115725
-125.00 -20.00 -0.00088857
-120.00 -20.00 -0.00064419
-115.00 -20.00 -0.00062799
-110.00 -20.00 -0.00125607
-105.00 -20.00 -0.00224835
-100.00 -20.00 -0.0026583
-95.00 -20.00 -0.00211365
-90.00 -20.00 -0.00129852
-85.00 -20.00 -0.00078342
-80.00 -20.00 -0.00025425
-75.00 -20.00 0.00049119
-70.00 -20.00 0.00080661
-65.00 -20.00 0.00032835
-60.00 -20.00 -0.0001503
-55.00 -20.00 8.505e-05
-50.00 -20.00 0.00051906
-45.00 -20.00 0.00044979
-40.00 -20.00 0.00015708
-35.00 -20.00 5.364e-05
-30.00 -20.00 -0.00026484
-25.00 -20.00 -0.0011097
-20.00 -20.00 -0.00183957
-15.00 -20.00 -0.00188559
-10.00 -20.00 -0.00176295
-5.00 -20.00 -0.00220647
0.00 -20.00 -0.00303609
5.00 -20.00 -0.00357096
10.00 -20.00 -0.00357921
15.00 -20.00 -0.00330852
20.00 -20.00 -0.00298989
25.00 -20.00 -0.00261294
30.00 -20.00 -0.00200076
35.00 -20.00 -0.00111141
40.00 -20.00 -0.0003153
45.00 -20.00 -3.909e-05
50.00 -20.00 -8.976e-05
55.00 -20.00 0.00012942
60.00 -20.00 0.00067296
65.00 -20.00 0.00097383
70.00 -20.00 0.00078606
75.00 -20.00 0.00052392
80.00 -20.00 0.00055584
85.00 -20.00 0.00076746
90.00 -20.00 0.00089739
95.00 -20.00 0.00081609
100.00 -20.00 0.00050316
105.00 -20.00 0.00014715
110.00 -20.00 0.00011205
115.00 -20.00 0.00046506
120.00 -20.00 0.00080769
125.00 -20.00 0.00086301
130.00 -20.00 0.00081864
135.00 -20.00 0.00078603
140.00 -20.00 0.00045909
145.00 -20.00 -0.00028623
150.00 -20.00 -0.0010149
155.00 -20.00 -0.00142086
160.00 -20.00 -0.00181488
165.00 -20.00 -0.00238857
170.00 -20.00 -0.00259494
175.00 -20.00 -0.00196239
180.00 -20.00 -0.00104016
-180.00 -15.00 -0.00167676
-175.00 -15.00 -0.00192972
-170.00 -15.00 -0.0021243
-165.00 -15.00 -0.0020808
-160.00 -15.00 -0.0019983
-155.00 -15.00 -0.00204921
-150.00 -15.00 -0.00212571
-145.00 -15.00 -0.00210087
-140.00 -15.00 -0.00203745
-135.00 -15.00 -0.00200916
-130.00 -15.00 -0.00189807
-125.00 -15.00 -0.00150426
-120.00 -15.00 -0.00090495
-115.00 -15.00 -0.00065505
-110.00 -15.00 -0.00126522
-105.00 -15.00 -0.00228732
-100.00 -15.00 -0.00253611
-95.00 -15.00 -0.00167988
-90.00 -15.00 -0.0007779
-85.00 -15.00 -0.00056952
-80.00 -15.00 -0.00038385
-75.00 -15.00 0.00026409
-70.00 -15.00 0.00042921
-65.00 -15.00 -0.00050934
-60.00 -15.00 -0.00133182
-55.00 -15.00 -0.00087027
-50.00 -15.00 1.524e-05
-45.00 -15.00 3.165e-05
-40.00 -15.00 -0.0004524
-35.00 -15.00 -0.00056841
-30.00 -15.00 -0.00067563
-25.00 -15.00 -0.00128574
-20.00 -15.00 -0.00174636
-15.00 -15.00 -0.00153294
-10.00 -15.00 -0.00146634
-5.00 -15.00 -0.00229236
0.00 -15.00 -0.0033147
5.00 -15.00 -0.00356895
10.00 -15.00 -0.00323925
15.00 -15.00 -0.00301167
20.00 -15.00 -0.00293538
25.00 -15.00 -0.00258654
30.00 -15.00 -0.00173997
35.00 -15.00 -0.0005631
40.00 -15.00 0.00046356
45.00 -15.00 0.00087321
50.00 -15.00 0.00075564
55.00 -15.00 0.00068358
60.00 -15.00 0.00090594
65.00 -15.00 0.00108546
70.00 -15.00 0.0009729
75.00 -15.00 0.00077196
80.00 -15.00 0.0006984
85.00 -15.00 0.00069774
90.00 -15.00 0.00068196
95.00 -15.00 0.00062946
100.00 -15.00 0.00047964
105.00 -15.00 0.000267
110.00 -15.00 0.00022791
115.00 -15.00 0.00047868
120.00 -15.00 0.00076581
125.00 -15.00 0.00077787
130.00 -15.00 0.00051078
135.00 -15.00 0.00014811
140.00 -15.00 -0.00020583
145.00 -15.00 -0.00053715
150.00 -15.00 -0.00086889
155.00 -15.00 -0.0012735
160.00 -15.00 -0.00174186
165.00 -15.00 -0.00204144
170.00 -15.00 -0.00196476
175.00 -15.00 -0.00170652
180.00 -15.00 -0.00167676
-180.00 -10.00 -0.00210444
-175.00 -10.00 -0.00301233
-170.00 -10.00 -0.00307269
-165.00 -10.00 -0.00264186
-160.00 -10.00 -0.00239346
-155.00 -10.00 -0.00221802
-150.00 -10.00 -0.00176928
-145.00 -10.00 -0.00135279
-140.00 -10.00 -0.0014472
-135.00 -10.00 -0.00185376
-130.00 -10.00 -0.00199407
-125.00 -10.00 -0.00165231
-120.00 -10.00 -0.0010398
-115.00 -10.00 -0.00058728
-110.00 -10.00 -0.00074049
-105.00 -10.00 -0.00132249
-100.00 -10.00 -0.00136008
-95.00 -10.00 -0.00041937
-90.00 -10.00 0.00048837
-85.00 -10.00 0.00046662
-80.00 -10.00 0.0002022
-75.00 -10.00 0.00040638
-70.00 -10.00 0.00016563
-65.00 -10.00 -0.00122823
-60.00 -10.00 -0.00232929
-55.00 -10.00 -0.00167295
-50.00 -10.00 -0.00034869
-45.00 -10.00 -0.00014676
-40.00 -10.00 -0.00070293
-35.00 -10.00 -0.00072918
-30.00 -10.00 -0.00044859
-25.00 -10.00 -0.00065781
-20.00 -10.00 -0.00098091
-15.00 -10.00 -0.00096966
-10.00 -10.00 -0.00134901
-5.00 -10.00 -0.00254808
0.00 -10.00 -0.00354525
5.00 -10.00 -0.00349176
10.00 -10.00 -0.00301794
15.00 -10.00 -0.00291804
20.00 -10.00 -0.00289416
25.00 -10.00 -0.00237231
30.00 -10.00 -0.00143088
35.00 -10.00 -0.0004152
40.00 -10.00 0.00048024
45.00 -10.00 0.00100986
50.00 -10.00 0.00095733
55.00 -10.00 0.00051312
60.00 -10.00 0.00014244
65.00 -10.00 0.00012951
70.00 -10.00 0.0004428
75.00 -10.00 0.00083835
80.00 -10.00 0.00100728
85.00 -10.00 0.00085557
90.00 -10.00 0.00063126
95.00 -10.00 0.00057471
100.00 -10.00 0.00056181
105.00 -10.00 0.00032928
110.00 -10.00 -4.191e-05
115.00 -10.00 -0.00012477
120.00 -10.00 0.00028254
125.00 -10.00 0.00071277
130.00 -10.00 0.00045942
135.00 -10.00 -0.00042867
140.00 -10.00 -0.00101706
145.00 -10.00 -0.00075276
150.00 -10.00 -0.00036198
155.00 -10.00 -0.00077682
160.00 -10.00 -0.00162294
165.00 -10.00 -0.00178974
170.00 -10.00 -0.00126636
175.00 -10.00 -0.0012114
180.00 -10.00 -0.00210444
-180.00 -5.00 -0.00211545
-175.00 -5.00 -0.00304137
-170.00 -5.00 -0.00293772
-165.00 -5.00 -0.00243666
-160.00 -5.00 -0.0023775
-155.00 -5.00 -0.00235086
-150.00 -5.00 -0.00179742
-145.00 -5.00 -0.00122784
-140.00 -5.00 -0.00126609
-135.00 -5.00 -0.00153063
-130.00 -5.00 -0.00141822
-125.00 -5.00 -0.00105114
-120.00 -5.00 -0.00071679
-115.00 -5.00 -0.00037611
-110.00 -5.00 -0.00020862
-105.00 -5.00 -0.00046065
-100.00 -5.00 -0.00053415
-95.00 -5.00 0.00033774
-90.00 -5.00 0.00152853
-85.00 -5.00 0.00178815
-80.00 -5.00 0.00126045
-75.00 -5.00 0.00086118
-70.00 -5.00 0.00032739
-65.00 -5.00 -0.00091104
-60.00 -5.00 -0.00182022
-55.00 -5.00 -0.0011844
-50.00 -5.00 1.374e-05
-45.00 -5.00 6.234e-05
-40.00 -5.00 -0.00070902
-35.00 -5.00 -0.00090975
-30.00 -5.00 -0.00058221
-25.00 -5.00 -0.00059178
-20.00 -5.00 -0.00085266
-15.00 -5.00 -0.00100575
-10.00 -5.00 -0.00148758
-5.00 -5.00 -0.00243408
0.00 -5.00 -0.002949
5.00 -5.00 -0.00261294
10.00 -5.00 -0.00228372
15.00 -5.00 -0.00255747
20.00 -5.00 -0.00282678
25.00 -5.00 -0.0024735
30.00 -5.00 -0.00174105
35.00 -5.00 -0.0010098
40.00 -5.00 -0.00027102
45.00 -5.00 0.00038358
50.00 -5.00 0.00056295
55.00 -5.00 0.00012969
60.00 -5.00 -0.00047955
65.00 -5.00 -0.00063009
70.00 -5.00 -8.523e-05
75.00 -5.00 0.00074652
80.00 -5.00 0.00120624
85.00 -5.00 0.00110172
90.00 -5.00 0.00087381
95.00 -5.00 0.00094128
100.00 -5.00 0.00108882
105.00 -5.00 0.00073731
110.00 -5.00 -0.00016536
115.00 -5.00 -0.00076431
120.00 -5.00 -0.00025431
125.00 -5.00 0.00075516
130.00 -5.00 0.00067818
135.00 -5.00 -0.00076572
140.00 -5.00 -0.00180918
145.00 -5.00 -0.00118023
150.00 -5.00 -0.00020268
155.00 -5.00 -0.00079227
160.00 -5.00 -0.00236745
165.00 -5.00 -0.00278907
170.00 -5.00 -0.00179814
175.00 -5.00 -0.00127437
180.00 -5.00 -0.00211545
-180.00 0.00 -0.00171393
-175.00 0.00 -0.00221127
-170.00 0.00 -0.00206886
-165.00 0.00 -0.00181881
-160.00 0.00 -0.00208368
-155.00 0.00 -0.0023016
-150.00 0.00 -0.00189426
-145.00 0.00 -0.00138408
-140.00 0.00 -0.00130824
-135.00 0.00 -0.0011841
-130.00 0.00 -0.00056208
-125.00 0.00 2.025e-05
-120.00 0.00 7.416e-05
-115.00 0.00 -2.391e-05
-110.00 0.00 -3.207e-05
-105.00 0.00 -0.0002766
-100.00 0.00 -0.00043113
-95.00 0.00 0.00045678
-90.00 0.00 0.00206319
-85.00 0.00 0.00273768
-80.00 0.00 0.00192975
-75.00 0.00 0.0008013
-70.00 0.00 0.00011565
-65.00 0.00 -0.00046344
-60.00 0.00 -0.00086403
-55.00 0.00 -0.00053583
-50.00 0.00 7.137e-05
-45.00 0.00 -6.78e-05
-40.00 0.00 -0.00079863
-35.00 0.00 -0.00116505
-30.00 0.00 -0.00108762
-25.00 0.00 -0.00114216
-20.00 0.00 -0.0013341
-15.00 0.00 -0.00139332
-10.00 0.00 -0.00150696
-5.00 0.00 -0.00176301
0.00 0.00 -0.0017487
5.00 0.00 -0.00141501
10.00 0.00 -0.00140757
15.00 0.00 -0.00203727
20.00 0.00 -0.00276042
25.00 0.00 -0.00295683
30.00 0.00 -0.00254166
35.00 0.00 -0.00175242
40.00 0.00 -0.00088368
45.00 0.00 -0.00021513
50.00 0.00 0.00010989
55.00 0.00 9.594e-05
60.00 0.00 -0.0001659
65.00 0.00 -0.00038193
70.00 0.00 -0.00014973
75.00 0.00 0.00051036
80.00 0.00 0.00104472
85.00 0.00 0.00110652
90.00 0.00 0.00103932
95.00 0.00 0.00128487
100.00 0.00 0.00159615
105.00 0.00 0.00124602
110.00 0.00 9.978e-05
115.00 0.00 -0.00081186
120.00 0.00 -0.00038271
125.00 0.00 0.0008094
130.00 0.00 0.00085479
135.00 0.00 -0.00074913
140.00 0.00 -0.00201561
145.00 0.00 -0.00136806
150.00 0.00 -0.00024963
155.00 0.00 -0.00095532
160.00 0.00 -0.00295896
165.00 0.00 -0.00372972
170.00 0.00 -0.00262755
175.00 0.00 -0.00154443
180.00 0.00 -0.00171393
-180.00 5.00 -0.0011418
-175.00 5.00 -0.00142518
-170.00 5.00 -0.00149937
-165.00 5.00 -0.00158208
-160.00 5.00 -0.00195945
-155.00 5.00 -0.00219129
-150.00 5.00 -0.00187968
-145.00 5.00 -0.00144387
-140.00 5.00 -0.00129111
-135.00 5.00 -0.00096348
-130.00 5.00 -5.091e-05
-125.00 5.00 0.00079785
-120.00 5.00 0.00080988
-115.00 5.00 0.0002844
-110.00 5.00 -0.00011745
-105.00 5.00 -0.0003438
-100.00 5.00 -0.00027045
-95.00 5.00 0.00071322
-90.00 5.00 0.00233625
-85.00 5.00 0.00300924
-80.00 5.00 0.00193533
-75.00 5.00 0.00036369
-70.00 5.00 -0.00029613
-65.00 5.00 -0.00025605
-60.00 5.00 -0.00033099
-55.00 5.00 -0.00052125
-50.00 5.00 -0.00051696
-45.00 5.00 -0.00047799
-40.00 5.00 -0.00059559
-35.00 5.00 -0.00072714
-30.00 5.00 -0.00083931
-25.00 5.00 -0.00111603
-20.00 5.00 -0.00149604
-15.00 5.00 -0.00166347
-10.00 5.00 -0.00150522
-5.00 5.00 -0.00121347
0.00 5.00 -0.0010158
5.00 5.00 -0.00101337
10.00 5.00 -0.00122586
15.00 5.00 -0.0017049
20.00 5.00 -0.00245376
25.00 5.00 -0.00308526
30.00 5.00 -0.00292311
35.00 5.00 -0.00189348
40.00 5.00 -0.00086538
45.00 5.00 -0.00051873
50.00 5.00 -0.00047664
55.00 5.00 -0.00022188
60.00 5.00 -5.514e-05
65.00 5.00 -0.00031218
70.00 5.00 -0.00049569
75.00 5.00 -0.00010221
80.00 5.00 0.00046107
85.00 5.00 0.0006216
90.00 5.00 0.000606
95.00 5.00 0.00089961
100.00 5.00 0.00127563
105.00 5.00 0.00106077
110.00 5.00 0.00019035
115.00 5.00 -0.00048891
120.00 5.00 -0.00020139
125.00 5.00 0.00059277
130.00 5.00 0.00057999
135.00 5.00 -0.00055464
140.00 5.00 -0.00146127
145.00 5.00 -0.00108099
150.00 5.00 -0.00038724
155.00 5.00 -0.00093921
160.00 5.00 -0.00239634
165.00 5.00 -0.0030048
170.00 5.00 -0.00221736
175.00 5.00 -0.00126834
180.00 5.00 -0.0011418
-180.00 10.00 -0.00084912
-175.00 10.00 -0.00117318
-170.00 10.00 -0.00145977
-165.00 10.00 -0.00162756
-160.00 10.00 -0.00178992
-155.00 10.00 -0.0018771
-150.00 10.00 -0.00170214
-145.00 10.00 -0.00140556
-140.00 10.00 -0.00124674
-135.00 10.00 -0.00096693
-130.00 10.00 -0.00015123
-125.00 10.00 0.00078807
-120.00 10.00 0.0009624
-115.00 10.00 0.00036183
-110.00 10.00 -0.00014376
-105.00 10.00 -8.055e-05
-100.00 10.00 0.00037668
-95.00 10.00 0.00114402
-90.00 10.00 0.00205878
-85.00 10.00 0.00235029
-80.00 10.00 0.00153111
-75.00 10.00 0.0004374
-70.00 10.00 0.00018126
-65.00 10.00 0.00050739
-60.00 10.00 0.00036516
-55.00 10.00 -0.00033942
-50.00 10.00 -0.00074439
-45.00 10.00 -0.0004737
-40.00 10.00 -2.805e-05
-35.00 10.00 0.00010182
-30.00 10.00 -0.00014004
-25.00 10.00 -0.00072636
-20.00 10.00 -0.00155607
-15.00 10.00 -0.00212142
-10.00 10.00 -0.00189852
-5.00 10.00 -0.00120144
0.00 10.00 -0.00093921
5.00 10.00 -0.00132099
10.00 10.00 -0.00163134
15.00 10.00 -0.00159342
20.00 10.00 -0.00185463
25.00 10.00 -0.00254232
30.00 10.00 -0.00263304
35.00 10.00 -0.00166443
40.00 10.00 -0.00075276
45.00 10.00 -0.00083163
50.00 10.00 -0.00122253
55.00 10.00 -0.00109071
60.00 10.00 -0.00089586
65.00 10.00 -0.00117438
70.00 10.00 -0.00129858
75.00 10.00 -0.00071013
80.00 10.00 -8.646e-05
85.00 10.00 -0.00010953
90.00 10.00 -0.00026451
95.00 10.00 9.096e-05
100.00 10.00 0.00053679
105.00 10.00 0.00041799
110.00 10.00 -1.413e-05
115.00 10.00 -0.00011742
120.00 10.00 0.00010581
125.00 10.00 0.00015462
130.00 10.00 -0.00015963
135.00 10.00 -0.00054129
140.00 10.00 -0.00070707
145.00 10.00 -0.00073887
150.00 10.00 -0.00090288
155.00 10.00 -0.00124956
160.00 10.00 -0.00151311
165.00 10.00 -0.00142755
170.00 10.00 -0.00106266
175.00 10.00 -0.00077916
180.00 10.00 -0.00084912
-180.00 15.00 -0.00120477
-175.00 15.00 -0.00148776
-170.00 15.00 -0.00175014
-165.00 15.00 -0.00167781
-160.00 15.00 -0.00138426
-155.00 15.00 -0.0012732
-150.00 15.00 -0.00133107
-145.00 15.00 -0.00127944
-140.00 15.00 -0.00113223
-135.00 15.00 -0.00092541
-130.00 15.00 -0.00040743
-125.00 15.00 0.00033792
-120.00 15.00 0.00065508
-115.00 15.00 0.0003633
-110.00 15.00 0.00022332
-105.00 15.00 0.00072525
-100.00 15.00 0.00130719
-95.00 15.00 0.00137349
-90.00 15.00 0.00116052
-85.00 15.00 0.00106455
-80.00 15.00 0.00103521
-75.00 15.00 0.00106167
-70.00 15.00 0.00133233
-65.00 15.00 0.00157962
-60.00 15.00 0.00120111
-55.00 15.00 0.0003174
-50.00 15.00 -0.00020058
-45.00 15.00 -3.78e-06
-40.00 15.00 0.0003024
-35.00 15.00 0.00017205
-30.00 15.00 -0.00032529
-25.00 15.00 -0.00108882
-20.00 15.00 -0.00211098
-15.00 15.00 -0.00281502
-10.00 15.00 -0.00241194
-5.00 15.00 -0.00128682
0.00 15.00 -0.00083478
5.00 15.00 -0.00144372
10.00 15.00 -0.00195015
15.00 15.00 -0.00167538
20.00 15.00 -0.00147573
25.00 15.00 -0.00194247
30.00 15.00 -0.00219633
35.00 15.00 -0.00157161
40.00 15.00 -0.00092409
45.00 15.00 -0.00107412
50.00 15.00 -0.00145716
55.00 15.00 -0.00144615
60.00 15.00 -0.00145527
65.00 15.00 -0.00167004
70.00 15.00 -0.00133773
75.00 15.00 -0.00036492
80.00 15.00 7.839e-05
85.00 15.00 -0.00043683
90.00 15.00 -0.00071247
95.00 15.00 -2.748e-05
100.00 15.00 0.00061251
105.00 15.00 0.00036639
110.00 15.00 2.67e-06
115.00 15.00 0.00030219
120.00 15.00 0.00056232
125.00 15.00 -1.443e-05
130.00 15.00 -0.00072852
135.00 15.00 -0.0005775
140.00 15.00 -6.894e-05
145.00 15.00 -0.00038535
150.00 15.00 -0.00136713
155.00 15.00 -0.0017748
160.00 15.00 -0.00125688
165.00 15.00 -0.00070209
170.00 15.00 -0.00071544
175.00 15.00 -0.00098499
180.00 15.00 -0.00120477
-180.00 20.00 -0.00179952
-175.00 20.00 -0.00201489
-170.00 20.00 -0.00225714
-165.00 20.00 -0.00197808
-160.00 20.00 -0.00126543
-155.00 20.00 -0.00088029
-150.00 20.00 -0.00099897
-145.00 20.00 -0.00104784
-140.00 20.00 -0.00078168
-135.00 20.00 -0.00048006
-130.00 20.00 -0.00020757
-125.00 20.00 0.00016059
-120.00 20.00 0.00044619
-115.00 20.00 0.00056337
-110.00 20.00 0.00094569
-105.00 20.00 0.00173211
-100.00 20.00 0.00213483
-95.00 20.00 0.00153069
-90.00 20.00 0.00058311
-85.00 20.00 0.00038295
-80.00 20.00 0.00101043
-75.00 20.00 0.00172224
-70.00 20.00 0.00201825
-65.00 20.00 0.00184215
-60.00 20.00 0.00127458
-55.00 20.00 0.00063549
-50.00 20.00 0.00038817
-45.00 20.00 0.00048351
-40.00 20.00 0.0003243
-35.00 20.00 -0.00033099
-30.00 20.00 -0.0010905
-25.00 20.00 -0.00173847
-20.00 20.00 -0.00243285
-15.00 20.00 -0.00286812
-10.00 20.00 -0.00235725
-5.00 20.00 -0.00117663
0.00 20.00 -0.00064086
5.00 20.00 -0.00124908
10.00 20.00 -0.00194733
15.00 20.00 -0.00187722
20.00 20.00 -0.00157269
25.00 20.00 -0.0016626
30.00 20.00 -0.00172584
35.00 20.00 -0.00133269
40.00 20.00 -0.00096051
45.00 20.00 -0.00099933
50.00 20.00 -0.00105234
55.00 20.00 -0.00092334
60.00 20.00 -0.00099219
65.00 20.00 -0.00107418
70.00 20.00 -0.00044205
75.00 20.00 0.00053001
80.00 20.00 0.00052065
85.00 20.00 -0.00039231
90.00 20.00 -0.00050955
95.00 20.00 0.00066621
100.00 20.00 0.00147426
105.00 20.00 0.00089991
110.00 20.00 0.00021789
115.00 20.00 0.00059034
120.00 20.00 0.00103536
125.00 20.00 0.00038616
130.00 20.00 -0.00045687
135.00 20.00 -0.00012312
140.00 20.00 0.00069597
145.00 20.00 0.00035529
150.00 20.00 -0.00095907
155.00 20.00 -0.00159891
160.00 20.00 -0.00114696
165.00 20.00 -0.00078906
170.00 20.00 -0.00115923
175.00 20.00 -0.0016305
180.00 20.00 -0.00179952
-180.00 25.00 -0.0016371
-175.00 25.00 -0.00191337
-170.00 25.00 -0.00234279
-165.00 25.00 -0.0022128
-160.00 25.00 -0.00146748
-155.00 25.00 -0.0009087
-150.00 25.00 -0.00085923
-145.00 25.00 -0.00076017
-140.00 25.00 -0.00028788
-135.00 25.00 0.0001605
-130.00 25.00 0.0002766
-125.00 25.00 0.00026796
-120.00 25.00 0.00038184
-115.00 25.00 0.00069858
-110.00 25.00 0.00130371
-105.00 25.00 0.00201249
-100.00 25.00 0.00218517
-95.00 25.00 0.00152568
-90.00 25.00 0.00076812
-85.00 25.00 0.00084495
-80.00 25.00 0.00164082
-75.00 25.00 0.00222972
-70.00 25.00 0.0020745
-65.00 25.00 0.00140514
-60.00 25.00 0.00070437
-55.00 25.00 0.00034869
-50.00 25.00 0.00046443
-45.00 25.00 0.00069879
-40.00 25.00 0.00044997
-35.00 25.00 -0.00035502
-30.00 25.00 -0.00113025
-25.00 25.00 -0.00150912
-20.00 25.00 -0.00175065
-15.00 25.00 -0.00199329
-10.00 25.00 -0.00186558
-5.00 25.00 -0.00128478
0.00 25.00 -0.00089115
5.00 25.00 -0.00113919
10.00 25.00 -0.00161841
15.00 25.00 -0.00177225
20.00 25.00 -0.00162765
25.00 25.00 -0.00138144
30.00 25.00 -0.00099564
35.00 25.00 -0.00060996
40.00 25.00 -0.00059079
45.00 25.00 -0.00083253
50.00 25.00 -0.00081717
55.00 25.00 -0.00055815
60.00 25.00 -0.00052605
65.00 25.00 -0.00057219
70.00 25.00 -0.00014316
75.00 25.00 0.0003834
80.00 25.00 8.103e-05
85.00 25.00 -0.0006429
90.00 25.00 -0.00029235
95.00 25.00 0.00117867
100.00 25.00 0.00194712
105.00 25.00 0.00115479
110.00 25.00 0.00027933
115.00 25.00 0.00064191
120.00 25.00 0.0013527
125.00 25.00 0.00112773
130.00 25.00 0.00056232
135.00 25.00 0.00086682
140.00 25.00 0.0015354
145.00 25.00 0.00117966
150.00 25.00 -5.673e-05
155.00 25.00 -0.00078555
160.00 25.00 -0.00066831
165.00 25.00 -0.00066249
170.00 25.00 -0.00116151
175.00 25.00 -0.00155403
180.00 25.00 -0.0016371
-180.00 30.00 -0.00064488
-175.00 30.00 -0.00087549
-170.00 30.00 -0.00135765
-165.00 30.00 -0.00148275
-160.00 30.00 -0.00107934
-155.00 30.00 -0.00067827
-150.00 30.00 -0.00055905
-145.00 30.00 -0.00036732
-140.00 30.00 8.727e-05
-135.00 30.00 0.00041049
-130.00 30.00 0.00028998
-125.00 30.00 -4.71e-06
-120.00 30.00 -4.17e-05
-115.00 30.00 0.00027927
-110.00 30.00 0.00077445
-105.00 30.00 0.0011604
-100.00 30.00 0.00118365
-95.00 30.00 0.00090996
-90.00 30.00 0.00081486
-85.00 30.00 0.00124605
-80.00 30.00 0.00190239
-75.00 30.00 0.00216348
-70.00 30.00 0.00179598
-65.00 30.00 0.00106185
-60.00 30.00 0.00034908
-55.00 30.00 -2.154e-05
-50.00 30.00 9.933e-05
-45.00 30.00 0.00044691
-40.00 30.00 0.00046197
-35.00 30.00 -4.002e-05
-30.00 30.00 -0.0005997
-25.00 30.00 -0.00080175
-20.00 30.00 -0.00087339
-15.00 30.00 -0.00122223
-10.00 30.00 -0.00171111
-5.00 30.00 -0.00185031
0.00 30.00 -0.00151482
5.00 30.00 -0.00107793
10.00 30.00 -0.00093165
15.00 30.00 -0.00110931
20.00 30.00 -0.00127437
25.00 30.00 -0.00101373
30.00 30.00 -0.00034899
35.00 30.00 0.00010614
40.00 30.00 -0.00013869
45.00 30.00 -0.00070404
50.00 30.00 -0.00084201
55.00 30.00 -0.00053529
60.00 30.00 -0.00038994
65.00 30.00 -0.00055728
70.00 30.00 -0.00063789
75.00 30.00 -0.00060129
80.00 30.00 -0.00076923
85.00 30.00 -0.00083172
90.00 30.00 -6.141e-05
95.00 30.00 0.00124155
100.00 30.00 0.00176214
105.00 30.00 0.0010974
110.00 30.00 0.00046449
115.00 30.00 0.0008445
120.00 30.00 0.0015915
125.00 30.00 0.00173373
130.00 30.00 0.00155514
135.00 30.00 0.00177153
140.00 30.00 0.00201594
145.00 30.00 0.00144768
150.00 30.00 0.00032556
155.00 30.00 -0.00031755
160.00 30.00 -0.0002766
165.00 30.00 -0.00025611
170.00 30.00 -0.00052881
175.00 30.00 -0.00067974
180.00 30.00 -0.00064488
-180.00 35.00 -1.32e-06
-175.00 35.00 6.987e-05
-170.00 35.00 -3.684e-05
-165.00 35.00 -9.036e-05
-160.00 35.00 2.175e-05
-155.00 35.00 0.00011559
-150.00 35.00 0.00011622
-145.00 35.00 0.00019242
-140.00 35.00 0.00033594
-135.00 35.00 0.00023016
-130.00 35.00 -0.00024936
-125.00 35.00 -0.00073323
-120.00 35.00 -0.00078201
-115.00 35.00 -0.00039735
-110.00 35.00 5.508e-05
-105.00 35.00 0.00027438
-100.00 35.00 0.00025815
-95.00 35.00 0.00022176
-90.00 35.00 0.00036525
-85.00 35.00 0.00067491
-80.00 35.00 0.00095388
-75.00 35.00 0.00105348
-70.00 35.00 0.00097179
-65.00 35.00 0.00071184
-60.00 35.00 0.00025851
-55.00 35.00 -0.00021195
-50.00 35.00 -0.00036528
-45.00 35.00 -0.00014589
-40.00 35.00 5.583e-05
-35.00 35.00 -9.15e-05
-30.00 35.00 -0.00041451
-25.00 35.00 -0.00058812
-20.00 35.00 -0.00072747
-15.00 35.00 -0.00121572
-10.00 35.00 -0.00198561
-5.00 35.00 -0.00238446
0.00 35.00 -0.00192099
5.00 35.00 -0.00092817
10.00 35.00 -0.00026799
15.00 35.00 -0.00039066
20.00 35.00 -0.00083718
25.00 35.00 -0.00080823
30.00 35.00 -0.00017421
35.00 35.00 0.00035508
40.00 35.00 0.00019866
45.00 35.00 -0.00029463
50.00 35.00 -0.00037944
55.00 35.00 1.068e-05
60.00 35.00 0.00025749
65.00 35.00 2.772e-05
70.00 35.00 -0.00033996
75.00 35.00 -0.00044871
80.00 35.00 -0.00026781
85.00 35.00 0.00015627
90.00 35.00 0.00082578
95.00 35.00 0.00144996
100.00 35.00 0.00155304
105.00 35.00 0.00118314
110.00 35.00 0.0009873
115.00 35.00 0.00130371
120.00 35.00 0.00171486
125.00 35.00 0.00181995
130.00 35.00 0.00185454
135.00 35.00 0.00206853
140.00 35.00 0.0020508
145.00 35.00 0.00133422
150.00 35.00 0.00029433
155.00 35.00 -0.00026349
160.00 35.00 -0.00020097
165.00 35.00 -6.063e-05
170.00 35.00 -0.00012459
175.00 35.00 -0.00014685
180.00 35.00 -1.32e-06
-180.00 40.00 -0.00020151
-175.00 40.00 9.777e-05
-170.00 40.00 0.00042615
-165.00 40.00 0.00065238
-160.00 40.00 0.00074292
-155.00 40.00 0.0007272
-150.00 40.00 0.00070458
-145.00 40.00 0.00073029
-140.00 40.00 0.00064647
-135.00 40.00 0.00020946
-130.00 40.00 -0.00052566
-125.00 40.00 -0.00111165
-120.00 40.00 -0.001131
-115.00 40.00 -0.00062376
-110.00 40.00 6.6e-07
-105.00 40.00 0.00039585
-100.00 40.00 0.0005151
-95.00 40.00 0.00047226
-90.00 40.00 0.0003213
-85.00 40.00 5.736e-05
-80.00 40.00 -0.00021939
-75.00 40.00 -0.00028908
-70.00 40.00 -6.549e-05
-65.00 40.00 0.0002076
-60.00 40.00 0.00018429
-55.00 40.00 -0.00014481
-50.00 40.00 -0.00041913
-45.00 40.00 -0.00038442
-40.00 40.00 -0.00021537
-35.00 40.00 -0.0002241
-30.00 40.00 -0.00042663
-25.00 40.00 -0.00063501
-20.00 40.00 -0.00087045
-15.00 40.00 -0.00135603
-10.00 40.00 -0.00203151
-5.00 40.00 -0.00236664
0.00 40.00 -0.00190425
5.00 40.00 -0.00089709
10.00 40.00 -0.0001494
15.00 40.00 -0.0001506
20.00 40.00 -0.00053682
25.00 40.00 -0.00057282
30.00 40.00 -6.84e-05
35.00 40.00 0.00044163
40.00 40.00 0.00046689
45.00 40.00 0.00020823
50.00 40.00 0.00020625
55.00 40.00 0.00055653
60.00 40.00 0.00083979
65.00 40.00 0.0007938
70.00 40.00 0.00068289
75.00 40.00 0.0008832
80.00 40.00 0.00137316
85.00 40.00 0.00180141
90.00 40.00 0.00189096
95.00 40.00 0.0016461
100.00 40.00 0.00129723
105.00 40.00 0.00113766
110.00 40.00 0.00128145
115.00 40.00 0.00151665
120.00 40.00 0.00155181
125.00 40.00 0.00143838
130.00 40.00 0.00150609
135.00 40.00 0.0017925
140.00 40.00 0.00184656
145.00 40.00 0.00132786
150.00 40.00 0.0005454
155.00 40.00 8.409e-05
160.00 40.00 5.76e-05
165.00 40.00 8.091e-05
170.00 40.00 -9.288e-05
175.00 40.00 -0.00027351
180.00 40.00 -0.00020151
-180.00 45.00 -0.00020166
-175.00 45.00 1.437e-05
-170.00 45.00 0.00037407
-165.00 45.00 0.00064173
-160.00 45.00 0.00073299
-155.00 45.00 0.00075246
-150.00 45.00 0.00084822
-145.00 45.00 0.00100521
-140.00 45.00 0.00099231
-135.00 45.00 0.00058437
-130.00 45.00 -0.00013818
-125.00 45.00 -0.00077268
-120.00 45.00 -0.00092706
-115.00 45.00 -0.00054753
-110.00 45.00 9.696e-05
-105.00 45.00 0.00068685
-100.00 45.00 0.00104013
-95.00 45.00 0.00108267
-90.00 45.00 0.00078171
-85.00 45.00 0.0002127
-80.00 45.00 -0.0003528
-75.00 45.00 -0.00056982
-70.00 45.00 -0.00032505
-65.00 45.00 0.0001185
-60.00 45.00 0.00036909
-55.00 45.00 0.00029841
-50.00 45.00 0.00011142
-45.00 45.00 2.913e-05
-40.00 45.00 2.307e-05
-35.00 45.00 -6.963e-05
-30.00 45.00 -0.00028227
-25.00 45.00 -0.00051723
-20.00 45.00 -0.00076278
-15.00 45.00 -0.00112542
-10.00 45.00 -0.00157851
-5.00 45.00 -0.00182721
0.00 45.00 -0.00158505
5.00 45.00 -0.00095664
10.00 45.00 -0.00039078
15.00 45.00 -0.00019704
20.00 45.00 -0.00021762
25.00 45.00 -8.31e-05
30.00 45.00 0.00027531
35.00 45.00 0.00053052
40.00 45.00 0.00039738
45.00 45.00 5.97e-06
50.00 45.00 -0.00027471
55.00 45.00 -0.00027363
60.00 45.00 -0.0001044
65.00 45.00 0.00014454
70.00 45.00 0.000585
75.00 45.00 0.00128784
80.00 45.00 0.00199971
85.00 45.00 0.00227412
90.00 45.00 0.00191142
95.00 45.00 0.0012018
100.00 45.00 0.00069501
105.00 45.00 0.00072039
110.00 45.00 0.00111435
115.00 45.00 0.00141936
120.00 45.00 0.00136848
125.00 45.00 0.00114363
130.00 45.00 0.00110343
135.00 45.00 0.00130596
140.00 45.00 0.00144081
145.00 45.00 0.00125754
150.00 45.00 0.00089619
155.00 45.00 0.00066957
160.00 45.00 0.00063129
165.00 45.00 0.00054237
170.00 45.00 0.00024606
175.00 45.00 -9.657e-05
180.00 45.00 -0.00020166
-180.00 50.00 0.00058155
-175.00 50.00 0.00064896
-170.00 50.00 0.00079083
-165.00 50.00 0.00085314
-160.00 50.00 0.00080109
-155.00 50.00 0.00075117
-150.00 50.00 0.00083259
-145.00 50.00 0.00101592
-140.00 50.00 0.00109359
-135.00 50.00 0.00085656
-130.00 50.00 0.00030549
-125.00 50.00 -0.00031794
-120.00 50.00 -0.00071181
-115.00 50.00 -0.00072492
-110.00 50.00 -0.00041331
-105.00 50.00 5.073e-05
-100.00 50.00 0.00048
-95.00 50.00 0.00071493
-90.00 50.00 0.00066075
-85.00 50.00 0.00035943
-80.00 50.00 1.671e-05
-75.00 50.00 -0.00011457
-70.00 50.00 6.402e-05
-65.00 50.00 0.00040926
-60.00 50.00 0.00067197
-55.00 50.00 0.0007158
-50.00 50.00 0.00058527
-45.00 50.00 0.00038262
-40.00 50.00 0.00014307
-35.00 50.00 -0.00014016
-30.00 50.00 -0.00042543
-25.00 50.00 -0.00063447
-20.00 50.00 -0.00075372
-15.00 50.00 -0.00085584
-10.00 50.00 -0.00098352
-5.00 50.00 -0.00105822
0.00 50.00 -0.00096108
5.00 50.00 -0.00069252
10.00 50.00 -0.00039
15.00 50.00 -0.00017124
20.00 50.00 -1.515e-05
25.00 50.00 0.00015114
30.00 50.00 0.00027936
35.00 50.00 0.00019386
40.00 50.00 -0.0002142
45.00 50.00 -0.00083157
50.00 50.00 -0.00139725
55.00 50.00 -0.00169773
60.00 50.00 -0.00164811
65.00 50.00 -0.00122988
70.00 50.00 -0.00046767
75.00 50.00 0.00047367
80.00 50.00 0.0012435
85.00 50.00 0.00148899
90.00 50.00 0.00115839
95.00 50.00 0.00060402
100.00 50.00 0.00032382
105.00 50.00 0.00055074
110.00 50.00 0.00107436
115.00 50.00 0.00146511
120.00 50.00 0.00147468
125.00 50.00 0.0012168
130.00 50.00 0.00097629
135.00 50.00 0.00089736
140.00 50.00 0.00090294
145.00 50.00 0.00088266
150.00 50.00 0.00085896
155.00 50.00 0.0009165
160.00 50.00 0.0010299
165.00 50.00 0.00105615
170.00 50.00 0.00091149
175.00 50.00 0.00069282
180.00 50.00 0.00058155
-180.00 55.00 0.00109725
-175.00 55.00 0.00118938
-170.00 55.00 0.00127365
-165.00 55.00 0.00126015
-160.00 55.00 0.00113439
-155.00 55.00 0.00097644
-150.00 55.00 0.00088311
-145.00 55.00 0.00086721
-140.00 55.00 0.00083343
-135.00 55.00 0.00065805
-130.00 55.00 0.00029982
-125.00 55.00 -0.00015804
-120.00 55.00 -0.00056382
-115.00 55.00 -0.00079164
-110.00 55.00 -0.00079902
-105.00 55.00 -0.00062751
-100.00 55.00 -0.00037383
-95.00 55.00 -0.000153
-90.00 55.00 -5.049e-05
-85.00 55.00 -7.23e-05
-80.00 55.00 -0.0001335
-75.00 55.00 -0.0001158
-70.00 55.00 3.933e-05
-65.00 55.00 0.00028203
-60.00 55.00 0.00049314
-55.00 55.00 0.00056802
-50.00 55.00 0.00046647
-45.00 55.00 0.00020445
-40.00 55.00 -0.00016866
-35.00 55.00 -0.00057141
-30.00 55.00 -0.00089271
-25.00 55.00 -0.00103377
-20.00 55.00 -0.0009696
-15.00 55.00 -0.00076536
-10.00 55.00 -0.00052362
-5.00 55.00 -0.0003168
0.00 55.00 -0.00016941
5.00 55.00 -8.655e-05
10.00 55.00 -7.266e-05
15.00 55.00 -0.000117
20.00 55.00 -0.00018528
25.00 55.00 -0.00025203
30.00 55.00 -0.00034152
35.00 55.00 -0.0005157
40.00 55.00 -0.00080691
45.00 55.00 -0.00116457
50.00 55.00 -0.00147021
55.00 55.00 -0.00159813
60.00 55.00 -0.00146193
65.00 55.00 -0.0010347
70.00 55.00 -0.00037332
75.00 55.00 0.00035661
80.00 55.00 0.00091686
85.00 55.00 0.0011259
90.00 55.00 0.00100068
95.00 55.00 0.00076902
100.00 55.00 0.00070578
105.00 55.00 0.00091623
110.00 55.00 0.00125886
115.00 55.00 0.00147738
120.00 55.00 0.00141783
125.00 55.00 0.00113358
130.00 55.00 0.00080523
135.00 55.00 0.0005829
140.00 55.00 0.00050742
145.00 55.00 0.00054864
150.00 55.00 0.00067035
155.00 55.00 0.00083928
160.00 55.00 0.00100032
165.00 55.00 0.00109026
170.00 55.00 0.00109395
175.00 55.00 0.0010701
180.00 55.00 0.00109725
-180.00 60.00 0.00057837
-175.00 60.00 0.00076707
-170.00 60.00 0.00098349
-165.00 60.00 0.00113202
-160.00 60.00 0.00115515
-155.00 60.00 0.00106014
-150.00 60.00 0.00089895
-145.00 60.00 0.00072375
-140.00 60.00 0.00055662
-135.00 60.00 0.00039321
-130.00 60.00 0.00022845
-125.00 60.00 7.503e-05
-120.00 60.00 -4.053e-05
-115.00 60.00 -9.702e-05
-110.00 60.00 -9.471e-05
-105.00 60.00 -5.907e-05
-100.00 60.00 -3.168e-05
-95.00 60.00 -5.343e-05
-90.00 60.00 -0.00014274
-85.00 60.00 -0.00027852
-80.00 60.00 -0.00040179
-75.00 60.00 -0.00044289
-70.00 60.00 -0.00036207
-65.00 60.00 -0.00017715
-60.00 60.00 4.032e-05
-55.00 60.00 0.00019581
-50.00 60.00 0.00021
-45.00 60.00 4.896e-05
-40.00 60.00 -0.00025905
-35.00 60.00 -0.00062463
-30.00 60.00 -0.00092268
-25.00 60.00 -0.00104109
-20.00 60.00 -0.00093099
-15.00 60.00 -0.00062964
-10.00 60.00 -0.00024111
-5.00 60.00 0.00010956
0.00 60.00 0.00032136
5.00 60.00 0.00034422
10.00 60.00 0.00018684
15.00 60.00 -9.03e-05
20.00 60.00 -0.00039708
25.00 60.00 -0.0006468
30.00 60.00 -0.00078609
35.00 60.00 -0.00080472
40.00 60.00 -0.00072273
45.00 60.00 -0.00056808
50.00 60.00 -0.00036066
55.00 60.00 -0.00010674
60.00 60.00 0.00019695
65.00 60.00 0.00054996
70.00 60.00 0.0009282
75.00 60.00 0.00127179
80.00 60.00 0.00150183
85.00 60.00 0.00156654
90.00 60.00 0.00148335
95.00 60.00 0.00133485
100.00 60.00 0.0012114
105.00 60.00 0.00114417
110.00 60.00 0.00108828
115.00 60.00 0.00097206
120.00 60.00 0.0007692
125.00 60.00 0.00052971
130.00 60.00 0.00034584
135.00 60.00 0.00028716
140.00 60.00 0.00035862
145.00 60.00 0.00050613
150.00 60.00 0.00065229
155.00 60.00 0.00073269
160.00 60.00 0.00071907
165.00 60.00 0.00063033
170.00 60.00 0.00052893
175.00 60.00 0.00049446
180.00 60.00 0.00057837
-180.00 65.00 -7.302e-05
-175.00 65.00 0.0001611
-170.00 65.00 0.00048399
-165.00 65.00 0.00079815
-160.00 65.00 0.00101733
-155.00 65.00 0.00109752
-150.00 65.00 0.00104649
-145.00 65.00 0.00091173
-140.00 65.00 0.00075756
-135.00 65.00 0.00064263
-130.00 65.00 0.00060459
-125.00 65.00 0.0006531
-120.00 65.00 0.00076953
-115.00 65.00 0.00091257
-110.00 65.00 0.00102885
-105.00 65.00 0.00106701
-100.00 65.00 0.00099216
-95.00 65.00 0.00079776
-90.00 65.00 0.00051126
-85.00 65.00 0.00019053
-80.00 65.00 -8.988e-05
-75.00 65.00 -0.00026154
-70.00 65.00 -0.00028662
-65.00 65.00 -0.00017391
-60.00 65.00 2.091e-05
-55.00 65.00 0.00021294
-50.00 65.00 0.00031731
-45.00 65.00 0.00028038
-40.00 65.00 0.0001011
-35.00 65.00 -0.00016593
-30.00 65.00 -0.00042933
-25.00 65.00 -0.00059517
-20.00 65.00 -0.00060372
-15.00 65.00 -0.00045237
-10.00 65.00 -0.00019554
-5.00 65.00 7.716e-05
0.00 65.00 0.0002742
5.00 65.00 0.00033387
10.00 65.00 0.00024357
15.00 65.00 4.197e-05
20.00 65.00 -0.0001962
25.00 65.00 -0.00038628
30.00 65.00 -0.00046143
35.00 65.00 -0.00039168
40.00 65.00 -0.00018831
45.00 65.00 0.00010599
50.00 65.00 0.00043608
55.00 65.00 0.00075366
60.00 65.00 0.00102939
65.00 65.00 0.00125322
70.00 65.00 0.00142524
75.00 65.00 0.00154416
80.00 65.00 0.00160242
85.00 65.00 0.00159048
90.00 65.00 0.00150495
95.00 65.00 0.00135216
100.00 65.00 0.00114462
105.00 65.00 0.00089622
110.00 65.00 0.00062346
115.00 65.00 0.0003531
120.00 65.00 0.00012702
125.00 65.00 -6.18e-06
130.00 65.00 -1.239e-05
135.00 65.00 0.00010494
140.00 65.00 0.000297
145.00 65.00 0.00048354
150.00 65.00 0.00058362
155.00 65.00 0.00054876
160.00 65.00 0.00038442
165.00 65.00 0.00015093
170.00 65.00 -5.763e-05
175.00 65.00 -0.00014952
180.00 65.00 -7.302e-05
-180.00 70.00 7.47e-05
-175.00 70.00 0.00033138
-170.00 70.00 0.00066003
-165.00 70.00 0.00099504
-160.00 70.00 0.0012714
-155.00 70.00 0.00144489
-150.00 70.00 0.00150378
-145.00 70.00 0.00146883
-140.00 70.00 0.00138309
-135.00 70.00 0.00129579
-130.00 70.00 0.00124614
-125.00 70.00 0.0012519
-120.00 70.00 0.0013053
-115.00 70.00 0.00137697
-110.00 70.00 0.00142614
-105.00 70.00 0.0014139
-100.00 70.00 0.00131616
-95.00 70.00 0.00113202
-90.00 70.00 0.00088569
-85.00 70.00 0.00062097
-80.00 70.00 0.00038913
-75.00 70.00 0.00023403
-70.00 70.00 0.00017835
-65.00 70.00 0.00021582
-60.00 70.00 0.00031218
-55.00 70.00 0.00041541
-50.00 70.00 0.00047202
-45.00 70.00 0.00044463
-40.00 70.00 0.00032466
-35.00 70.00 0.00013563
-30.00 70.00 -7.458e-05
-25.00 70.00 -0.00024984
-20.00 70.00 -0.00034449
-15.00 70.00 -0.00033807
-10.00 70.00 -0.00024036
-5.00 70.00 -8.643e-05
0.00 70.00 7.695e-05
5.00 70.00 0.00020691
10.00 70.00 0.0002778
15.00 70.00 0.00028698
20.00 70.00 0.0002526
25.00 70.00 0.0002046
30.00 70.00 0.00017271
35.00 70.00 0.00017628
40.00 70.00 0.00021969
45.00 70.00 0.00029388
50.00 70.00 0.00038325
55.00 70.00 0.00047355
60.00 70.00 0.00055743
65.00 70.00 0.00063489
70.00 70.00 0.00070959
75.00 70.00 0.00078279
80.00 70.00 0.00084894
85.00 70.00 0.00089505
90.00 70.00 0.00090393
95.00 70.00 0.00086049
100.00 70.00 0.00075801
105.00 70.00 0.00060321
110.00 70.00 0.00041766
115.00 70.00 0.00023493
120.00 70.00 9.231e-05
125.00 70.00 1.947e-05
130.00 70.00 2.697e-05
135.00 70.00 0.00010008
140.00 70.00 0.00020154
145.00 70.00 0.00028371
150.00 70.00 0.00030606
155.00 70.00 0.00025194
160.00 70.00 0.00013716
165.00 70.00 6.99e-06
170.00 70.00 -7.842e-05
175.00 70.00 -6.51e-05
180.00 70.00 7.47e-05
-180.00 75.00 0.00054156
-175.00 75.00 0.00078888
-170.00 75.00 0.00105696
-165.00 75.00 0.00131538
-160.00 75.00 0.00153411
-155.00 75.00 0.0016905
-150.00 75.00 0.00177405
-145.00 75.00 0.00178782
-140.00 75.00 0.00174591
-135.00 75.00 0.00166854
-130.00 75.00 0.00157578
-125.00 75.00 0.00148254
-120.00 75.00 0.00139566
-115.00 75.00 0.00131391
-110.00 75.00 0.0012306
-105.00 75.00 0.00113769
-100.00 75.00 0.00103011
-95.00 75.00 0.0009087
-90.00 75.00 0.00078096
-85.00 75.00 0.00065949
-80.00 75.00 0.00055827
-75.00 75.00 0.00048798
-70.00 75.00 0.00045237
-65.00 75.00 0.00044601
-60.00 75.00 0.00045531
-55.00 75.00 0.00046206
-50.00 75.00 0.00044868
-45.00 75.00 0.00040374
-40.00 75.00 0.00032589
-35.00 75.00 0.00022485
-30.00 75.00 0.0001191
-25.00 75.00 3.108e-05
-20.00 75.00 -1.908e-05
-15.00 75.00 -1.875e-05
-10.00 75.00 3.402e-05
-5.00 75.00 0.00013035
0.00 75.00 0.0002532
5.00 75.00 0.0003819
10.00 75.00 0.00049665
15.00 75.00 0.00058254
20.00 75.00 0.00063129
25.00 75.00 0.0006414
30.00 75.00 0.00061683
35.00 75.00 0.00056496
40.00 75.00 0.00049494
45.00 75.00 0.00041661
50.00 75.00 0.0003399
55.00 75.00 0.00027447
60.00 75.00 0.00022905
65.00 75.00 0.00021036
70.00 75.00 0.00022131
75.00 75.00 0.00025974
80.00 75.00 0.00031782
85.00 75.00 0.00038286
90.00 75.00 0.00043992
95.00 75.00 0.00047505
100.00 75.00 0.00047892
105.00 75.00 0.00044931
110.00 75.00 0.00039162
115.00 75.00 0.00031719
120.00 75.00 0.00023988
125.00 75.00 0.00017205
130.00 75.00 0.00012105
135.00 75.00 8.793e-05
140.00 75.00 6.846e-05
145.00 75.00 5.661e-05
150.00 75.00 4.857e-05
155.00 75.00 4.656e-05
160.00 75.00 5.994e-05
165.00 75.00 0.0001035
170.00 75.00 0.00019293
175.00 75.00 0.00033879
180.00 75.00 0.00054156
-180.00 80.00 0.00062052
-175.00 80.00 0.00078204
-170.00 80.00 0.00094281
-165.00 80.00 0.00109275
-160.00 80.00 0.00122235
-155.00 80.00 0.00132408
-150.00 80.00 0.00139332
-145.00 80.00 0.00142884
-140.00 80.00 0.00143238
-135.00 80.00 0.00140814
-130.00 80.00 0.00136176
-125.00 80.00 0.00129939
-120.00 80.00 0.00122688
-115.00 80.00 0.00114912
-110.00 80.00 0.00107001
-105.00 80.00 0.00099264
-100.00 80.00 0.00091956
-95.00 80.00 0.0008529
-90.00 80.00 0.00079443
-85.00 80.00 0.0007455
-80.00 80.00 0.00070692
-75.00 80.00 0.00067845
-70.00 80.00 0.00065871
-65.00 80.00 0.00064533
-60.00 80.00 0.00063537
-55.00 80.00 0.00062589
-50.00 80.00 0.00061473
-45.00 80.00 0.00060105
-40.00 80.00 0.00058575
-35.00 80.00 0.00057156
-30.00 80.00 0.00056229
-25.00 80.00 0.00056211
-20.00 80.00 0.00057456
-15.00 80.00 0.00060159
-10.00 80.00 0.0006429
-5.00 80.00 0.00069567
0.00 80.00 0.00075504
5.00 80.00 0.00081456
10.00 80.00 0.00086733
15.00 80.00 0.00090699
20.00 80.00 0.00092856
25.00 80.00 0.00092922
30.00 80.00 0.00090846
35.00 80.00 0.00086808
40.00 80.00 0.00081192
45.00 80.00 0.00074541
50.00 80.00 0.00067461
55.00 80.00 0.00060558
60.00 80.00 0.00054351
65.00 80.00 0.0004923
70.00 80.00 0.00045381
75.00 80.00 0.00042771
80.00 80.00 0.0004116
85.00 80.00 0.00040152
90.00 80.00 0.00039279
95.00 80.00 0.00038073
100.00 80.00 0.0003615
105.00 80.00 0.00033279
110.00 80.00 0.00029442
115.00 80.00 0.0002481
120.00 80.00 0.00019695
125.00 80.00 0.00014511
130.00 80.00 9.732e-05
135.00 80.00 5.829e-05
140.00 80.00 3.234e-05
145.00 80.00 2.349e-05
150.00 80.00 3.519e-05
155.00 80.00 7.044e-05
160.00 80.00 0.0001314
165.00 80.00 0.00021891
170.00 80.00 0.00033213
175.00 80.00 0.00046788
180.00 80.00 0.00062052
-180.00 85.00 0.00057594
-175.00 85.00 0.00062955
-170.00 85.00 0.00068346
-165.00 85.00 0.0007359
-160.00 85.00 0.00078507
-155.00 85.00 0.0008295
-150.00 85.00 0.00086811
-145.00 85.00 0.00090027
-140.00 85.00 0.00092571
-135.00 85.00 0.00094449
-130.00 85.00 0.00095685
-125.00 85.00 0.00096336
-120.00 85.00 0.00096495
-115.00 85.00 0.00096276
-110.00 85.00 0.00095799
-105.00 85.00 0.00095154
-100.00 85.00 0.00094428
-95.00 85.00 0.00093696
-90.00 85.00 0.00093027
-85.00 85.00 0.00092487
-80.00 85.00 0.00092115
-75.00 85.00 0.00091923
-70.00 85.00 0.00091902
-65.00 85.00 0.00092031
-60.00 85.00 0.0009231
-55.00 85.00 0.00092739
-50.00 85.00 0.00093315
-45.00 85.00 0.00094017
-40.00 85.00 0.00094824
-35.00 85.00 0.00095715
-30.00 85.00 0.00096696
-25.00 85.00 0.00097764
-20.00 85.00 0.00098895
-15.00 85.00 0.00100041
-10.00 85.00 0.00101133
-5.00 85.00 0.00102099
0.00 85.00 0.0010287
5.00 85.00 0.0010338
10.00 85.00 0.00103548
15.00 85.00 0.00103299
20.00 85.00 0.00102564
25.00 85.00 0.00101301
30.00 85.00 0.00099516
35.00 85.00 0.00097239
40.00 85.00 0.00094509
45.00 85.00 0.00091377
50.00 85.00 0.00087909
55.00 85.00 0.0008418
60.00 85.00 0.00080274
65.00 85.00 0.00076278
70.00 85.00 0.00072258
75.00 85.00 0.00068256
80.00 85.00 0.00064296
85.00 85.00 0.00060408
90.00 85.00 0.0005661
95.00 85.00 0.00052941
100.00 85.00 0.00049422
105.00 85.00 0.00046083
110.00 85.00 0.0004296
115.00 85.00 0.0004011
120.00 85.00 0.00037611
125.00 85.00 0.0003555
130.00 85.00 0.00034023
135.00 85.00 0.00033108
140.00 85.00 0.0003288
145.00 85.00 0.00033393
150.00 85.00 0.00034692
155.00 85.00 0.00036801
160.00 85.00 0.00039708
165.00 85.00 0.00043353
170.00 85.00 0.00047637
175.00 85.00 0.00052434
180.00 85.00 0.00057594
-180.00 90.00 0.00082443
-175.00 90.00 0.00082443
-170.00 90.00 0.00082443
-165.00 90.00 0.00082443
-160.00 90.00 0.00082443
-155.00 90.00 0.00082443
-150.00 90.00 0.00082443
-145.00 90.00 0.00082443
-140.00 90.00 0.00082443
-135.00 90.00 0.00082443
-130.00 90.00 0.00082443
-125.00 90.00 0.00082443
-120.00 90.00 0.00082443
-115.00 90.00 0.00082443
-110.00 90.00 0.00082443
-105.00 90.00 0.00082443
-100.00 90.00 0.00082443
-95.00 90.00 0.00082443
-90.00 90.00 0.00082443
-85.00 90.00 0.00082443
-80.00 90.00 0.00082443
-75.00 90.00 0.00082443
-70.00 90.00 0.00082443
-65.00 90.00 0.00082443
-60.00 90.00 0.00082443
-55.00 90.00 0.00082443
-50.00 90.00 0.00082443
-45.00 90.00 0.00082443
-40.00 90.00 0.00082443
-35.00 90.00 0.00082443
-30.00 90.00 0.00082443
-25.00 90.00 0.00082443
-20.00 90.00 0.00082443
-15.00 90.00 0.00082443
-10.00 90.00 0.00082443
-5.00 90.00 0.00082443
0.00 90.00 0.00082443
5.00 90.00 0.00082443
10.00 90.00 0.00082443
15.00 90.00 0.00082443
20.00 90.00 0.00082443
25.00 90.00 0.00082443
30.00 90.00 0.00082443
35.00 90.00 0.00082443
40.00 90.00 0.00082443
45.00 90.00 0.00082443
50.00 90.00 0.00082443
55.00 90.00 0.00082443
60.00 90.00 0.00082443
65.00 90.00 0.00082443
70.00 90.00 0.00082443
75.00 90.00 0.00082443
80.00 90.00 0.00082443
85.00 90.00 0.00082443
90.00 90.00 0.00082443
95.00 90.00 0.00082443
100.00 90.00 0.00082443
105.00 90.00 0.00082443
110.00 90.00 0.00082443
115.00 90.00 0.00082443
120.00 90.00 0.00082443
125.00 90.00 0.00082443
130.00 90.00 0.00082443
135.00 90.00 0.00082443
140.00 90.00 0.00082443
145.00 90.00 0.00082443
150.00 90.00 0.00082443
155.00 90.00 0.00082443
160.00 90.00 0.00082443
165.00 90.00 0.00082443
170.00 90.00 0.00082443
175.00 90.00 0.00082443
180.00 90.00 0.00082443
