-180.00 -90.00 -0.0020047
-175.00 -90.00 -0.0020045
-170.00 -90.00 -0.0020044
-165.00 -90.00 -0.0020043
-160.00 -90.00 -0.0020043
-155.00 -90.00 -0.0020042
-150.00 -90.00 -0.0020042
-145.00 -90.00 -0.0020042
-140.00 -90.00 -0.0020043
-135.00 -90.00 -0.0020043
-130.00 -90.00 -0.0020044
-125.00 -90.00 -0.0020045
-120.00 -90.00 -0.0020047
-115.00 -90.00 -0.0020048
-110.00 -90.00 -0.002005
-105.00 -90.00 -0.0020051
-100.00 -90.00 -0.0020053
-95.00 -90.00 -0.0020054
-90.00 -90.00 -0.0020056
-85.00 -90.00 -0.0020057
-80.00 -90.00 -0.0020058
-75.00 -90.00 -0.0020059
-70.00 -90.00 -0.002006
-65.00 -90.00 -0.002006
-60.00 -90.00 -0.0020061
-55.00 -90.00 -0.002006
-50.00 -90.00 -0.002006
-45.00 -90.00 -0.0020059
-40.00 -90.00 -0.0020059
-35.00 -90.00 -0.0020057
-30.00 -90.00 -0.0020056
-25.00 -90.00 -0.0020055
-20.00 -90.00 -0.0020053
-15.00 -90.00 -0.0020051
-10.00 -90.00 -0.002005
-5.00 -90.00 -0.0020048
0.00 -90.00 -0.0020047
5.00 -90.00 -0.0020046
10.00 -90.00 -0.0020044
15.00 -90.00 -0.0020043
20.00 -90.00 -0.0020043
25.00 -90.00 -0.0020042
30.00 -90.00 -0.0020042
35.00 -90.00 -0.0020042
40.00 -90.00 -0.0020043
45.00 -90.00 -0.0020043
50.00 -90.00 -0.0020044
55.00 -90.00 -0.0020045
60.00 -90.00 -0.0020047
65.00 -90.00 -0.0020048
70.00 -90.00 -0.002005
75.00 -90.00 -0.0020051
80.00 -90.00 -0.0020053
85.00 -90.00 -0.0020054
90.00 -90.00 -0.0020056
95.00 -90.00 -0.0020057
100.00 -90.00 -0.0020058
105.00 -90.00 -0.0020059
110.00 -90.00 -0.002006
115.00 -90.00 -0.002006
120.00 -90.00 -0.0020061
125.00 -90.00 -0.0020061
130.00 -90.00 -0.002006
135.00 -90.00 -0.0020059
140.00 -90.00 -0.0020059
145.00 -90.00 -0.0020057
150.00 -90.00 -0.0020056
155.00 -90.00 -0.0020055
160.00 -90.00 -0.0020053
165.00 -90.00 -0.0020051
170.00 -90.00 -0.002005
175.00 -90.00 -0.0020048
180.00 -90.00 -0.0020047
-180.00 -85.00 -0.0037859
-175.00 -85.00 -0.0035365
-170.00 -85.00 -0.003265
-165.00 -85.00 -0.0029774
-160.00 -85.00 -0.0026816
-155.00 -85.00 -0.0023855
-150.00 -85.00 -0.0020973
-145.00 -85.00 -0.0018247
-140.00 -85.00 -0.0015756
-135.00 -85.00 -0.0013577
-130.00 -85.00 -0.0011774
-125.00 -85.00 -0.0010389
-120.00 -85.00 -0.0009448
-115.00 -85.00 -0.0008962
-110.00 -85.00 -0.0008931
-105.00 -85.00 -0.0009336
-100.00 -85.00 -0.0010138
-95.00 -85.00 -0.0011283
-90.00 -85.00 -0.0012711
-85.00 -85.00 -0.0014361
-80.00 -85.00 -0.0016172
-75.00 -85.00 -0.001808
-70.00 -85.00 -0.002002
-65.00 -85.00 -0.0021936
-60.00 -85.00 -0.0023784
-55.00 -85.00 -0.0025531
-50.00 -85.00 -0.0027149
-45.00 -85.00 -0.0028616
-40.00 -85.00 -0.0029916
-35.00 -85.00 -0.0031046
-30.00 -85.00 -0.0032016
-25.00 -85.00 -0.0032837
-20.00 -85.00 -0.0033524
-15.00 -85.00 -0.0034094
-10.00 -85.00 -0.0034574
-5.00 -85.00 -0.0034993
0.00 -85.00 -0.0035381
5.00 -85.00 -0.003576
10.00 -85.00 -0.0036153
15.00 -85.00 -0.0036579
20.00 -85.00 -0.0037057
25.00 -85.00 -0.0037602
30.00 -85.00 -0.0038217
35.00 -85.00 -0.00389
40.00 -85.00 -0.0039646
45.00 -85.00 -0.0040447
50.00 -85.00 -0.0041292
55.00 -85.00 -0.0042158
60.00 -85.00 -0.0043018
65.00 -85.00 -0.0043845
70.00 -85.00 -0.0044617
75.00 -85.00 -0.0045315
80.00 -85.00 -0.0045922
85.00 -85.00 -0.0046425
90.00 -85.00 -0.0046823
95.00 -85.00 -0.0047124
100.00 -85.00 -0.0047348
105.00 -85.00 -0.0047509
110.00 -85.00 -0.0047624
115.00 -85.00 -0.0047705
120.00 -85.00 -0.0047761
125.00 -85.00 -0.0047792
130.00 -85.00 -0.0047785
135.00 -85.00 -0.004771
140.00 -85.00 -0.0047531
145.00 -85.00 -0.0047207
150.00 -85.00 -0.0046699
155.00 -85.00 -0.0045962
160.00 -85.00 -0.0044955
165.00 -85.00 -0.0043646
170.00 -85.00 -0.0042022
175.00 -85.00 -0.0040088
180.00 -85.00 -0.0037859
-180.00 -80.00 -0.0091826
-175.00 -80.00 -0.0089443
-170.00 -80.00 -0.0085994
-165.00 -80.00 -0.0081797
-160.00 -80.00 -0.0077137
-155.00 -80.00 -0.0072172
-150.00 -80.00 -0.0067057
-145.00 -80.00 -0.0062039
-140.00 -80.00 -0.0057356
-135.00 -80.00 -0.0053129
-130.00 -80.00 -0.004944
-125.00 -80.00 -0.0046456
-120.00 -80.00 -0.0044346
-115.00 -80.00 -0.0043122
-110.00 -80.00 -0.0042678
-105.00 -80.00 -0.0042926
-100.00 -80.00 -0.0043796
-95.00 -80.00 -0.0045099
-90.00 -80.00 -0.0046541
-85.00 -80.00 -0.0047895
-80.00 -80.00 -0.0049059
-75.00 -80.00 -0.0049941
-70.00 -80.00 -0.0050397
-65.00 -80.00 -0.0050369
-60.00 -80.00 -0.0049958
-55.00 -80.00 -0.0049293
-50.00 -80.00 -0.0048401
-45.00 -80.00 -0.0047285
-40.00 -80.00 -0.0046027
-35.00 -80.00 -0.0044715
-30.00 -80.00 -0.0043313
-25.00 -80.00 -0.0041724
-20.00 -80.00 -0.0039957
-15.00 -80.00 -0.0038121
-10.00 -80.00 -0.0036276
-5.00 -80.00 -0.0034431
0.00 -80.00 -0.0032668
5.00 -80.00 -0.0031155
10.00 -80.00 -0.0029976
15.00 -80.00 -0.0029079
20.00 -80.00 -0.0028411
25.00 -80.00 -0.0028015
30.00 -80.00 -0.0027932
35.00 -80.00 -0.0028121
40.00 -80.00 -0.0028564
45.00 -80.00 -0.0029369
50.00 -80.00 -0.0030657
55.00 -80.00 -0.0032394
60.00 -80.00 -0.0034432
65.00 -80.00 -0.0036638
70.00 -80.00 -0.0038871
75.00 -80.00 -0.0040885
80.00 -80.00 -0.0042387
85.00 -80.00 -0.0043246
90.00 -80.00 -0.0043541
95.00 -80.00 -0.0043431
100.00 -80.00 -0.0043104
105.00 -80.00 -0.0042863
110.00 -80.00 -0.0043141
115.00 -80.00 -0.0044305
120.00 -80.00 -0.0046525
125.00 -80.00 -0.0049845
130.00 -80.00 -0.0054272
135.00 -80.00 -0.0059687
140.00 -80.00 -0.0065745
145.00 -80.00 -0.0071981
150.00 -80.00 -0.0077991
155.00 -80.00 -0.0083425
160.00 -80.00 -0.0087898
165.00 -80.00 -0.0091049
170.00 -80.00 -0.0092718
175.00 -80.00 -0.0092947
180.00 -80.00 -0.0091826
-180.00 -75.00 -0.0111287
-175.00 -75.00 -0.0109684
-170.00 -75.00 -0.0107758
-165.00 -75.00 -0.010612
-160.00 -75.00 -0.0105051
-155.00 -75.00 -0.0104481
-150.00 -75.00 -0.0104063
-145.00 -75.00 -0.0103363
-140.00 -75.00 -0.010205
-135.00 -75.00 -0.010001
-130.00 -75.00 -0.0097355
-125.00 -75.00 -0.009439
-120.00 -75.00 -0.0091482
-115.00 -75.00 -0.0088898
-110.00 -75.00 -0.008672
-105.00 -75.00 -0.0084847
-100.00 -75.00 -0.0083024
-95.00 -75.00 -0.0080895
-90.00 -75.00 -0.0078106
-85.00 -75.00 -0.0074375
-80.00 -75.00 -0.0069522
-75.00 -75.00 -0.006351
-70.00 -75.00 -0.0056505
-65.00 -75.00 -0.0048884
-60.00 -75.00 -0.0041188
-55.00 -75.00 -0.0034054
-50.00 -75.00 -0.0028106
-45.00 -75.00 -0.0023792
-40.00 -75.00 -0.0021249
-35.00 -75.00 -0.002028
-30.00 -75.00 -0.0020405
-25.00 -75.00 -0.0020973
-20.00 -75.00 -0.0021365
-15.00 -75.00 -0.0021206
-10.00 -75.00 -0.0020458
-5.00 -75.00 -0.001939
0.00 -75.00 -0.0018458
5.00 -75.00 -0.0018086
10.00 -75.00 -0.0018432
15.00 -75.00 -0.0019266
20.00 -75.00 -0.0020045
25.00 -75.00 -0.0020095
30.00 -75.00 -0.001887
35.00 -75.00 -0.0016216
40.00 -75.00 -0.0012515
45.00 -75.00 -0.0008597
50.00 -75.00 -0.000549
55.00 -75.00 -0.000411
60.00 -75.00 -0.0004936
65.00 -75.00 -0.0007793
70.00 -75.00 -0.0011864
75.00 -75.00 -0.0015939
80.00 -75.00 -0.001877
85.00 -75.00 -0.0019442
90.00 -75.00 -0.001768
95.00 -75.00 -0.001394
100.00 -75.00 -0.0009254
105.00 -75.00 -0.0004936
110.00 -75.00 -0.0002283
115.00 -75.00 -0.0002299
120.00 -75.00 -0.0005531
125.00 -75.00 -0.0012068
130.00 -75.00 -0.0021631
135.00 -75.00 -0.003364
140.00 -75.00 -0.0047281
145.00 -75.00 -0.0061595
150.00 -75.00 -0.0075545
155.00 -75.00 -0.0088091
160.00 -75.00 -0.0098341
165.00 -75.00 -0.010572
170.00 -75.00 -0.0110081
175.00 -75.00 -0.0111714
180.00 -75.00 -0.0111287
-180.00 -70.00 -0.0079249
-175.00 -70.00 -0.0073592
-170.00 -70.00 -0.0070137
-165.00 -70.00 -0.0070621
-160.00 -70.00 -0.0075503
-155.00 -70.00 -0.0083868
-150.00 -70.00 -0.0093753
-145.00 -70.00 -0.0102807
-140.00 -70.00 -0.0109084
-135.00 -70.00 -0.0111653
-130.00 -70.00 -0.0110776
-125.00 -70.00 -0.0107578
-120.00 -70.00 -0.0103402
-115.00 -70.00 -0.0099177
-110.00 -70.00 -0.009513
-105.00 -70.00 -0.0090904
-100.00 -70.00 -0.0085936
-95.00 -70.00 -0.0079814
-90.00 -70.00 -0.0072408
-85.00 -70.00 -0.0063771
-80.00 -70.00 -0.0053959
-75.00 -70.00 -0.004298
-70.00 -70.00 -0.003092
-65.00 -70.00 -0.0018187
-60.00 -70.00 -0.0005678
-55.00 -70.00 0.0005256
-50.00 -70.00 0.0013079
-45.00 -70.00 0.0016481
-40.00 -70.00 0.0014802
-35.00 -70.00 0.0008324
-30.00 -70.00 -0.0001656
-25.00 -70.00 -0.001306
-20.00 -70.00 -0.0023549
-15.00 -70.00 -0.0031233
-10.00 -70.00 -0.0035317
-5.00 -70.00 -0.0036384
0.00 -70.00 -0.0036122
5.00 -70.00 -0.0036538
10.00 -70.00 -0.003898
15.00 -70.00 -0.0043422
20.00 -70.00 -0.004836
25.00 -70.00 -0.00514
30.00 -70.00 -0.005026
35.00 -70.00 -0.0043761
40.00 -70.00 -0.0032409
45.00 -70.00 -0.0018339
50.00 -70.00 -0.000471
55.00 -70.00 0.0005287
60.00 -70.00 0.0009466
65.00 -70.00 0.0007431
70.00 -70.00 7.94e-05
75.00 -70.00 -0.0007318
80.00 -70.00 -0.0013376
85.00 -70.00 -0.0014767
90.00 -70.00 -0.0010769
95.00 -70.00 -0.0002717
100.00 -70.00 0.0006676
105.00 -70.00 0.0014497
110.00 -70.00 0.0018701
115.00 -70.00 0.0018615
120.00 -70.00 0.001473
125.00 -70.00 0.0008047
130.00 -70.00 -6.07e-05
135.00 -70.00 -0.0010927
140.00 -70.00 -0.0022976
145.00 -70.00 -0.0036704
150.00 -70.00 -0.005143
155.00 -70.00 -0.0065659
160.00 -70.00 -0.0077391
165.00 -70.00 -0.008481
170.00 -70.00 -0.0087041
175.00 -70.00 -0.0084586
180.00 -70.00 -0.0079249
-180.00 -65.00 -0.0066524
-175.00 -65.00 -0.0054235
-170.00 -65.00 -0.0043765
-165.00 -65.00 -0.0039065
-160.00 -65.00 -0.0042264
-155.00 -65.00 -0.0052931
-150.00 -65.00 -0.0067954
-145.00 -65.00 -0.0082499
-140.00 -65.00 -0.0092002
-135.00 -65.00 -0.0094261
-130.00 -65.00 -0.0090351
-125.00 -65.00 -0.0083718
-120.00 -65.00 -0.0077995
-115.00 -65.00 -0.0074944
-110.00 -65.00 -0.0073775
-105.00 -65.00 -0.0072116
-100.00 -65.00 -0.0067784
-95.00 -65.00 -0.006013
-90.00 -65.00 -0.0050166
-85.00 -65.00 -0.0039599
-80.00 -65.00 -0.0029619
-75.00 -65.00 -0.0020339
-70.00 -65.00 -0.0011179
-65.00 -65.00 -0.000175
-60.00 -65.00 0.0007502
-55.00 -65.00 0.0015307
-50.00 -65.00 0.0020066
-45.00 -65.00 0.0020346
-40.00 -65.00 0.0015136
-35.00 -65.00 0.0004003
-30.00 -65.00 -0.0012536
-25.00 -65.00 -0.0032551
-20.00 -65.00 -0.0052634
-15.00 -65.00 -0.006872
-10.00 -65.00 -0.0077689
-5.00 -65.00 -0.0078925
0.00 -65.00 -0.0074797
5.00 -65.00 -0.0069584
10.00 -65.00 -0.0067297
15.00 -65.00 -0.0069634
20.00 -65.00 -0.0075212
25.00 -65.00 -0.0080483
30.00 -65.00 -0.0081621
35.00 -65.00 -0.0076254
40.00 -65.00 -0.0064208
45.00 -65.00 -0.0047318
50.00 -65.00 -0.0028827
55.00 -65.00 -0.001272
60.00 -65.00 -0.0002821
65.00 -65.00 -0.0001429
70.00 -65.00 -0.0007886
75.00 -65.00 -0.0018178
80.00 -65.00 -0.0026403
85.00 -65.00 -0.0027704
90.00 -65.00 -0.0020942
95.00 -65.00 -0.0009291
100.00 -65.00 0.0001735
105.00 -65.00 0.0007506
110.00 -65.00 0.00067
115.00 -65.00 0.0001584
120.00 -65.00 -0.0003704
125.00 -65.00 -0.0005665
130.00 -65.00 -0.0003387
135.00 -65.00 9.12e-05
140.00 -65.00 0.0002922
145.00 -65.00 -0.0001578
150.00 -65.00 -0.0014387
155.00 -65.00 -0.0033613
160.00 -65.00 -0.0054256
165.00 -65.00 -0.0070425
170.00 -65.00 -0.0077931
175.00 -65.00 -0.0075859
180.00 -65.00 -0.0066524
-180.00 -60.00 -0.0095593
-175.00 -60.00 -0.0082356
-170.00 -60.00 -0.0064971
-165.00 -60.00 -0.0048478
-160.00 -60.00 -0.0038792
-155.00 -60.00 -0.0040201
-150.00 -60.00 -0.0051859
-145.00 -60.00 -0.0066965
-140.00 -60.00 -0.0076492
-135.00 -60.00 -0.0075121
-130.00 -60.00 -0.0064737
-125.00 -60.00 -0.0052724
-120.00 -60.00 -0.0046522
-115.00 -60.00 -0.0048683
-110.00 -60.00 -0.0055796
-105.00 -60.00 -0.0061441
-100.00 -60.00 -0.0060562
-95.00 -60.00 -0.0052231
-90.00 -60.00 -0.0039345
-85.00 -60.00 -0.0026038
-80.00 -60.00 -0.0014931
-75.00 -60.00 -0.0006196
-70.00 -60.00 0.0001138
-65.00 -60.00 0.000712
-60.00 -60.00 0.0010193
-55.00 -60.00 0.0008678
-50.00 -60.00 0.000293
-45.00 -60.00 -0.0004286
-40.00 -60.00 -0.0010017
-35.00 -60.00 -0.0013986
-30.00 -60.00 -0.0019231
-25.00 -60.00 -0.0029537
-20.00 -60.00 -0.0045753
-15.00 -60.00 -0.0064187
-10.00 -60.00 -0.0078577
-5.00 -60.00 -0.0084158
0.00 -60.00 -0.0080763
5.00 -60.00 -0.0072711
10.00 -60.00 -0.0065679
15.00 -60.00 -0.0063003
20.00 -60.00 -0.0064164
25.00 -60.00 -0.0066385
30.00 -60.00 -0.0067561
35.00 -60.00 -0.0067664
40.00 -60.00 -0.0067378
45.00 -60.00 -0.0065768
50.00 -60.00 -0.0060057
55.00 -60.00 -0.0048473
60.00 -60.00 -0.0033489
65.00 -60.00 -0.0021514
70.00 -60.00 -0.0018189
75.00 -60.00 -0.0023109
80.00 -60.00 -0.0029208
85.00 -60.00 -0.0028135
90.00 -60.00 -0.0017172
95.00 -60.00 -0.000156
100.00 -60.00 0.0009766
105.00 -60.00 0.0011065
110.00 -60.00 0.0003517
115.00 -60.00 -0.0006419
120.00 -60.00 -0.0011514
125.00 -60.00 -0.0007406
130.00 -60.00 0.0005978
135.00 -60.00 0.0024363
140.00 -60.00 0.003992
145.00 -60.00 0.0043714
150.00 -60.00 0.0029991
155.00 -60.00 6.7e-06
160.00 -60.00 -0.0037517
165.00 -60.00 -0.0071391
170.00 -60.00 -0.0093189
175.00 -60.00 -0.0100506
180.00 -60.00 -0.0095593
-180.00 -55.00 -0.0098634
-175.00 -55.00 -0.0095904
-170.00 -55.00 -0.0082466
-165.00 -55.00 -0.0058842
-160.00 -55.00 -0.0035237
-155.00 -55.00 -0.002561
-150.00 -55.00 -0.0035582
-145.00 -55.00 -0.0056591
-140.00 -55.00 -0.0072662
-135.00 -55.00 -0.0073433
-130.00 -55.00 -0.0061425
-125.00 -55.00 -0.0047988
-120.00 -55.00 -0.0043099
-115.00 -55.00 -0.0048406
-110.00 -55.00 -0.0057993
-105.00 -55.00 -0.0064067
-100.00 -55.00 -0.0062086
-95.00 -55.00 -0.0052323
-90.00 -55.00 -0.0038304
-85.00 -55.00 -0.0023826
-80.00 -55.00 -0.0010354
-75.00 -55.00 0.0003401
-70.00 -55.00 0.0018719
-65.00 -55.00 0.0032878
-60.00 -55.00 0.0038508
-55.00 -55.00 0.0028898
-50.00 -55.00 0.0005537
-45.00 -55.00 -0.0019929
-40.00 -55.00 -0.0032997
-35.00 -55.00 -0.0027293
-30.00 -55.00 -0.0009421
-25.00 -55.00 0.0006563
-20.00 -55.00 0.0009747
-15.00 -55.00 -9.22e-05
-10.00 -55.00 -0.0018067
-5.00 -55.00 -0.0032669
0.00 -55.00 -0.0040376
5.00 -55.00 -0.0043085
10.00 -55.00 -0.0045426
15.00 -55.00 -0.0049441
20.00 -55.00 -0.0052379
25.00 -55.00 -0.0050138
30.00 -55.00 -0.0043338
35.00 -55.00 -0.0039261
40.00 -55.00 -0.0045978
45.00 -55.00 -0.0063227
50.00 -55.00 -0.0079616
55.00 -55.00 -0.0080906
60.00 -55.00 -0.0062942
65.00 -55.00 -0.003657
70.00 -55.00 -0.001848
75.00 -55.00 -0.0016041
80.00 -55.00 -0.0021153
85.00 -55.00 -0.0019467
90.00 -55.00 -0.0005287
95.00 -55.00 0.0013434
100.00 -55.00 0.0024437
105.00 -55.00 0.0023669
110.00 -55.00 0.0017423
115.00 -55.00 0.0013619
120.00 -55.00 0.0013899
125.00 -55.00 0.0015342
130.00 -55.00 0.0017404
135.00 -55.00 0.0023389
140.00 -55.00 0.0033897
145.00 -55.00 0.0041314
150.00 -55.00 0.0034146
155.00 -55.00 0.0007979
160.00 -55.00 -0.002902
165.00 -55.00 -0.0062631
170.00 -55.00 -0.0084154
175.00 -55.00 -0.0094671
180.00 -55.00 -0.0098634
-180.00 -50.00 -0.005154
-175.00 -50.00 -0.0069019
-170.00 -50.00 -0.0073328
-165.00 -50.00 -0.0054898
-160.00 -50.00 -0.0027147
-155.00 -50.00 -0.0014523
-150.00 -50.00 -0.0028189
-145.00 -50.00 -0.0056102
-140.00 -50.00 -0.0076952
-135.00 -50.00 -0.0081043
-130.00 -50.00 -0.0075957
-125.00 -50.00 -0.0074099
-120.00 -50.00 -0.0078586
-115.00 -50.00 -0.0082405
-110.00 -50.00 -0.0078615
-105.00 -50.00 -0.0068033
-100.00 -50.00 -0.0056636
-95.00 -50.00 -0.0048186
-90.00 -50.00 -0.004152
-85.00 -50.00 -0.00338
-80.00 -50.00 -0.0023183
-75.00 -50.00 -0.0007619
-70.00 -50.00 0.0015234
-65.00 -50.00 0.0042629
-60.00 -50.00 0.0061975
-55.00 -50.00 0.0057194
-50.00 -50.00 0.0024582
-45.00 -50.00 -0.0018458
-40.00 -50.00 -0.0044512
-35.00 -50.00 -0.0038279
-30.00 -50.00 -0.0007867
-25.00 -50.00 0.0024636
-20.00 -50.00 0.0041547
-15.00 -50.00 0.0039434
-10.00 -50.00 0.0025798
-5.00 -50.00 0.0010209
0.00 -50.00 -0.0002371
5.00 -50.00 -0.001356
10.00 -50.00 -0.0028396
15.00 -50.00 -0.0048256
20.00 -50.00 -0.0065757
25.00 -50.00 -0.0068883
30.00 -50.00 -0.0053189
35.00 -50.00 -0.0030062
40.00 -50.00 -0.0019888
45.00 -50.00 -0.0033815
50.00 -50.00 -0.0061471
55.00 -50.00 -0.0078658
60.00 -50.00 -0.006969
65.00 -50.00 -0.0042615
70.00 -50.00 -0.0020728
75.00 -50.00 -0.0018297
80.00 -50.00 -0.0026732
85.00 -50.00 -0.0026816
90.00 -50.00 -0.0012343
95.00 -50.00 0.0003592
100.00 -50.00 0.000714
105.00 -50.00 0.0002867
110.00 -50.00 0.0007851
115.00 -50.00 0.0027293
120.00 -50.00 0.0043325
125.00 -50.00 0.0033534
130.00 -50.00 -0.0001722
135.00 -50.00 -0.0036555
140.00 -50.00 -0.0045969
145.00 -50.00 -0.0031237
150.00 -50.00 -0.0015661
155.00 -50.00 -0.0017363
160.00 -50.00 -0.0031581
165.00 -50.00 -0.0041294
170.00 -50.00 -0.0040357
175.00 -50.00 -0.003995
180.00 -50.00 -0.005154
-180.00 -45.00 -0.0016436
-175.00 -45.00 -0.0054025
-170.00 -45.00 -0.007631
-165.00 -45.00 -0.0066831
-160.00 -45.00 -0.0043013
-155.00 -45.00 -0.0033907
-150.00 -45.00 -0.0046586
-145.00 -45.00 -0.006186
-140.00 -45.00 -0.0061865
-135.00 -45.00 -0.0053328
-130.00 -45.00 -0.0058143
-125.00 -45.00 -0.0084363
-120.00 -45.00 -0.0113528
-115.00 -45.00 -0.0119302
-110.00 -45.00 -0.0095589
-105.00 -45.00 -0.0062508
-100.00 -45.00 -0.0044681
-95.00 -45.00 -0.0047047
-90.00 -45.00 -0.0054398
-85.00 -45.00 -0.0051973
-80.00 -45.00 -0.0040238
-75.00 -45.00 -0.0027063
-70.00 -45.00 -0.0012105
-65.00 -45.00 0.0011316
-60.00 -45.00 0.0038496
-55.00 -45.00 0.0048592
-50.00 -45.00 0.0026579
-45.00 -45.00 -0.0014107
-40.00 -45.00 -0.004076
-35.00 -45.00 -0.0034477
-30.00 -45.00 -0.0007353
-25.00 -45.00 0.0014423
-20.00 -45.00 0.0017055
-15.00 -45.00 0.0005516
-10.00 -45.00 -0.0008456
-5.00 -45.00 -0.0016639
0.00 -45.00 -0.0016352
5.00 -45.00 -0.0011545
10.00 -45.00 -0.0013077
15.00 -45.00 -0.0030582
20.00 -45.00 -0.0059529
25.00 -45.00 -0.0079784
30.00 -45.00 -0.0072301
35.00 -45.00 -0.0038737
40.00 -45.00 -0.0003192
45.00 -45.00 0.0007329
50.00 -45.00 -0.0013607
55.00 -45.00 -0.004628
60.00 -45.00 -0.0063649
65.00 -45.00 -0.0057196
70.00 -45.00 -0.0042557
75.00 -45.00 -0.0038095
80.00 -45.00 -0.0042569
85.00 -45.00 -0.0040974
90.00 -45.00 -0.0030192
95.00 -45.00 -0.0026413
100.00 -45.00 -0.0040026
105.00 -45.00 -0.0052472
110.00 -45.00 -0.0033308
115.00 -45.00 0.001757
120.00 -45.00 0.0057539
125.00 -45.00 0.0042058
130.00 -45.00 -0.0024921
135.00 -45.00 -0.0090925
140.00 -45.00 -0.0107567
145.00 -45.00 -0.0076491
150.00 -45.00 -0.0038882
155.00 -45.00 -0.0025877
160.00 -45.00 -0.0029633
165.00 -45.00 -0.0024413
170.00 -45.00 -0.0005523
175.00 -45.00 0.0003735
180.00 -45.00 -0.0016436
-180.00 -40.00 -0.0020071
-175.00 -40.00 -0.0067149
-170.00 -40.00 -0.0092043
-165.00 -40.00 -0.0082815
-160.00 -40.00 -0.0063765
-155.00 -40.00 -0.0060293
-150.00 -40.00 -0.0065204
-145.00 -40.00 -0.0051144
-140.00 -40.00 -0.0012491
-135.00 -40.00 0.0019091
-130.00 -40.00 0.0007429
-125.00 -40.00 -0.0045755
-120.00 -40.00 -0.0098547
-115.00 -40.00 -0.0109364
-110.00 -40.00 -0.0076836
-105.00 -40.00 -0.003849
-100.00 -40.00 -0.0031003
-95.00 -40.00 -0.0053363
-90.00 -40.00 -0.007137
-85.00 -40.00 -0.0058339
-80.00 -40.00 -0.0025295
-75.00 -40.00 -0.0004215
-70.00 -40.00 -0.0005882
-65.00 -40.00 -0.0008911
-60.00 -40.00 0.0004877
-55.00 -40.00 0.002055
-50.00 -40.00 0.0011649
-45.00 -40.00 -0.00174
-40.00 -40.00 -0.0032452
-35.00 -40.00 -0.0014926
-30.00 -40.00 0.001358
-25.00 -40.00 0.001979
-20.00 -40.00 -0.0003437
-15.00 -40.00 -0.0037858
-10.00 -40.00 -0.0064899
-5.00 -40.00 -0.0075732
0.00 -40.00 -0.0065514
5.00 -40.00 -0.0035882
10.00 -40.00 -0.0003679
15.00 -40.00 0.0006945
20.00 -40.00 -0.0012469
25.00 -40.00 -0.0044636
30.00 -40.00 -0.0061906
35.00 -40.00 -0.004938
40.00 -40.00 -0.0015767
45.00 -40.00 0.0012132
50.00 -40.00 0.0008274
55.00 -40.00 -0.0029318
60.00 -40.00 -0.0072537
65.00 -40.00 -0.008855
70.00 -40.00 -0.0072644
75.00 -40.00 -0.0048276
80.00 -40.00 -0.0035526
85.00 -40.00 -0.0033003
90.00 -40.00 -0.0034488
95.00 -40.00 -0.004573
100.00 -40.00 -0.0069131
105.00 -40.00 -0.008225
110.00 -40.00 -0.0054744
115.00 -40.00 0.0008151
120.00 -40.00 0.0056247
125.00 -40.00 0.0043229
130.00 -40.00 -0.001977
135.00 -40.00 -0.0072562
140.00 -40.00 -0.0069871
145.00 -40.00 -0.0026529
150.00 -40.00 0.000691
155.00 -40.00 0.0004424
160.00 -40.00 -0.0012489
165.00 -40.00 -0.0011104
170.00 -40.00 0.000763
175.00 -40.00 0.0011426
180.00 -40.00 -0.0020071
-180.00 -35.00 -0.0017967
-175.00 -35.00 -0.0064673
-170.00 -35.00 -0.0082489
-165.00 -35.00 -0.0068829
-160.00 -35.00 -0.005247
-155.00 -35.00 -0.0052777
-150.00 -35.00 -0.0053528
-145.00 -35.00 -0.0027904
-140.00 -35.00 0.0019
-135.00 -35.00 0.0048975
-130.00 -35.00 0.0033317
-125.00 -35.00 -0.0014875
-120.00 -35.00 -0.0054868
-115.00 -35.00 -0.0058026
-110.00 -35.00 -0.0031469
-105.00 -35.00 -0.0008408
-100.00 -35.00 -0.001659
-95.00 -35.00 -0.0049858
-90.00 -35.00 -0.0069754
-85.00 -35.00 -0.0044148
-80.00 -35.00 0.0012767
-75.00 -35.00 0.0051197
-70.00 -35.00 0.0043866
-65.00 -35.00 0.0017924
-60.00 -35.00 0.0013061
-55.00 -35.00 0.0024339
-50.00 -35.00 0.0015784
-45.00 -35.00 -0.0016628
-40.00 -35.00 -0.0032781
-35.00 -35.00 -0.0006974
-30.00 -35.00 0.0034036
-25.00 -35.00 0.0047755
-20.00 -35.00 0.0025486
-15.00 -35.00 -0.001281
-10.00 -35.00 -0.0050596
-5.00 -35.00 -0.0078699
0.00 -35.00 -0.0083103
5.00 -35.00 -0.0055529
10.00 -35.00 -0.0012442
15.00 -35.00 0.0015967
20.00 -35.00 0.0015367
25.00 -35.00 -0.0005937
30.00 -35.00 -0.0033283
35.00 -35.00 -0.0053211
40.00 -35.00 -0.0052255
45.00 -35.00 -0.003053
50.00 -35.00 -0.0015104
55.00 -35.00 -0.003527
60.00 -35.00 -0.0079396
65.00 -35.00 -0.0100015
70.00 -35.00 -0.0071996
75.00 -35.00 -0.0024525
80.00 -35.00 -0.0002121
85.00 -35.00 -0.0013228
90.00 -35.00 -0.0034265
95.00 -35.00 -0.0047668
100.00 -35.00 -0.0052948
105.00 -35.00 -0.0048193
110.00 -35.00 -0.0025869
115.00 -35.00 0.000787
120.00 -35.00 0.0027437
125.00 -35.00 0.0014738
130.00 -35.00 -0.0014078
135.00 -35.00 -0.0022456
140.00 -35.00 0.0003341
145.00 -35.00 0.0035975
150.00 -35.00 0.004018
155.00 -35.00 0.0016291
160.00 -35.00 -0.0002148
165.00 -35.00 0.0007319
170.00 -35.00 0.0027321
175.00 -35.00 0.0022266
180.00 -35.00 -0.0017967
-180.00 -30.00 0.0004684
-175.00 -30.00 -0.0042321
-170.00 -30.00 -0.0064285
-165.00 -30.00 -0.0055379
-160.00 -30.00 -0.0037432
-155.00 -30.00 -0.0030612
-150.00 -30.00 -0.0031155
-145.00 -30.00 -0.0026768
-140.00 -30.00 -0.0021718
-135.00 -30.00 -0.0029
-130.00 -30.00 -0.004494
-125.00 -30.00 -0.0051265
-120.00 -30.00 -0.0040729
-115.00 -30.00 -0.0024106
-110.00 -30.00 -0.0011882
-105.00 -30.00 -0.0004989
-100.00 -30.00 -0.0005595
-95.00 -30.00 -0.0018677
-90.00 -30.00 -0.0033722
-85.00 -30.00 -0.0023455
-80.00 -30.00 0.0019896
-75.00 -30.00 0.0061402
-70.00 -30.00 0.0063809
-65.00 -30.00 0.0041282
-60.00 -30.00 0.0037676
-55.00 -30.00 0.0055864
-50.00 -30.00 0.0053287
-45.00 -30.00 0.0014657
-40.00 -30.00 -0.0018024
-35.00 -30.00 -0.0006781
-30.00 -30.00 0.0031677
-25.00 -30.00 0.0059092
-20.00 -30.00 0.0063828
-15.00 -30.00 0.0051808
-10.00 -30.00 0.0021927
-5.00 -30.00 -0.0020556
0.00 -30.00 -0.0049802
5.00 -30.00 -0.0047177
10.00 -30.00 -0.0028065
15.00 -30.00 -0.0017993
20.00 -30.00 -0.0017471
25.00 -30.00 -0.0014866
30.00 -30.00 -0.0018347
35.00 -30.00 -0.0042082
40.00 -30.00 -0.0069011
45.00 -30.00 -0.006603
50.00 -30.00 -0.0038347
55.00 -30.00 -0.0028467
60.00 -30.00 -0.0049746
65.00 -30.00 -0.0061397
70.00 -30.00 -0.0031428
75.00 -30.00 0.0011084
80.00 -30.00 0.0016515
85.00 -30.00 -0.0017322
90.00 -30.00 -0.0048109
95.00 -30.00 -0.0045469
100.00 -30.00 -0.0018869
105.00 -30.00 0.0003846
110.00 -30.00 0.0006182
115.00 -30.00 -0.0008378
120.00 -30.00 -0.0025493
125.00 -30.00 -0.0032281
130.00 -30.00 -0.0022728
135.00 -30.00 0.0001143
140.00 -30.00 0.0025874
145.00 -30.00 0.0030744
150.00 -30.00 0.0009261
155.00 -30.00 -0.0015717
160.00 -30.00 -0.0013126
165.00 -30.00 0.0019082
170.00 -30.00 0.0049145
175.00 -30.00 0.0044823
180.00 -30.00 0.0004684
-180.00 -25.00 0.0013165
-175.00 -25.00 -0.0038949
-170.00 -25.00 -0.0079286
-165.00 -25.00 -0.0082142
-160.00 -25.00 -0.0055524
-155.00 -25.00 -0.0031514
-150.00 -25.00 -0.0031363
-145.00 -25.00 -0.0054871
-140.00 -25.00 -0.0092779
-135.00 -25.00 -0.0127073
-130.00 -25.00 -0.013093
-125.00 -25.00 -0.0095093
-120.00 -25.00 -0.0048146
-115.00 -25.00 -0.0027299
-110.00 -25.00 -0.0031971
-105.00 -25.00 -0.0027526
-100.00 -25.00 0.0002425
-95.00 -25.00 0.0029159
-90.00 -25.00 0.0020307
-85.00 -25.00 -0.0007938
-80.00 -25.00 -0.0011062
-75.00 -25.00 0.0016558
-70.00 -25.00 0.0036375
-65.00 -25.00 0.0033139
-60.00 -25.00 0.0037586
-55.00 -25.00 0.0064228
-50.00 -25.00 0.0079047
-45.00 -25.00 0.005682
-40.00 -25.00 0.002345
-35.00 -25.00 0.001254
-30.00 -25.00 0.0021998
-25.00 -25.00 0.0037766
-20.00 -25.00 0.0058369
-15.00 -25.00 0.0073123
-10.00 -25.00 0.0056803
-5.00 -25.00 0.0010204
0.00 -25.00 -0.0028225
5.00 -25.00 -0.0033695
10.00 -25.00 -0.0028402
15.00 -25.00 -0.0040728
20.00 -25.00 -0.0058011
25.00 -25.00 -0.0051029
30.00 -25.00 -0.0028348
35.00 -25.00 -0.002695
40.00 -25.00 -0.0051142
45.00 -25.00 -0.0062988
50.00 -25.00 -0.0043795
55.00 -25.00 -0.0022195
60.00 -25.00 -0.0021103
65.00 -25.00 -0.0020058
70.00 -25.00 4.11e-05
75.00 -25.00 0.0016357
80.00 -25.00 -0.0002232
85.00 -25.00 -0.0040792
90.00 -25.00 -0.0059096
95.00 -25.00 -0.0042015
100.00 -25.00 -0.0010562
105.00 -25.00 0.0003858
110.00 -25.00 -0.0012759
115.00 -25.00 -0.0043542
120.00 -25.00 -0.0055895
125.00 -25.00 -0.0037781
130.00 -25.00 -0.0008308
135.00 -25.00 0.0011447
140.00 -25.00 0.0017315
145.00 -25.00 0.0009351
150.00 -25.00 -0.0011592
155.00 -25.00 -0.002942
160.00 -25.00 -0.0021752
165.00 -25.00 0.0010674
170.00 -25.00 0.0041533
175.00 -25.00 0.0044876
180.00 -25.00 0.0013165
-180.00 -20.00 0.0001086
-175.00 -20.00 -0.0051741
-170.00 -20.00 -0.0099369
-165.00 -20.00 -0.0101147
-160.00 -20.00 -0.006488
-155.00 -20.00 -0.0040263
-150.00 -20.00 -0.0055172
-145.00 -20.00 -0.0092305
-140.00 -20.00 -0.0122798
-135.00 -20.00 -0.0129073
-130.00 -20.00 -0.0104853
-125.00 -20.00 -0.0063266
-120.00 -20.00 -0.0035223
-115.00 -20.00 -0.0037401
-110.00 -20.00 -0.0049203
-105.00 -20.00 -0.0035044
-100.00 -20.00 0.0011842
-95.00 -20.00 0.00533
-90.00 -20.00 0.0044722
-85.00 -20.00 -0.00043
-80.00 -20.00 -0.003157
-75.00 -20.00 -0.0003146
-70.00 -20.00 0.0041528
-65.00 -20.00 0.0053772
-60.00 -20.00 0.00421
-55.00 -20.00 0.0038039
-50.00 -20.00 0.0041242
-45.00 -20.00 0.0037809
-40.00 -20.00 0.0031293
-35.00 -20.00 0.0024665
-30.00 -20.00 0.0011937
-25.00 -20.00 0.0004458
-20.00 -20.00 0.0020498
-15.00 -20.00 0.0041067
-10.00 -20.00 0.0025264
-5.00 -20.00 -0.0024193
0.00 -20.00 -0.0056775
5.00 -20.00 -0.0043508
10.00 -20.00 -0.001402
15.00 -20.00 -0.0012972
20.00 -20.00 -0.0042573
25.00 -20.00 -0.0064971
30.00 -20.00 -0.0055925
35.00 -20.00 -0.0035639
40.00 -20.00 -0.0034485
45.00 -20.00 -0.0049405
50.00 -20.00 -0.0058701
55.00 -20.00 -0.0058438
60.00 -20.00 -0.005411
65.00 -20.00 -0.0040197
70.00 -20.00 -0.001899
75.00 -20.00 -0.0012705
80.00 -20.00 -0.0029467
85.00 -20.00 -0.0046514
90.00 -20.00 -0.0046334
95.00 -20.00 -0.0038063
100.00 -20.00 -0.0034145
105.00 -20.00 -0.0037012
110.00 -20.00 -0.0045875
115.00 -20.00 -0.0049356
120.00 -20.00 -0.002894
125.00 -20.00 0.000742
130.00 -20.00 0.0026506
135.00 -20.00 0.0021721
140.00 -20.00 0.0020798
145.00 -20.00 0.0030476
150.00 -20.00 0.0025325
155.00 -20.00 6.73e-05
160.00 -20.00 -0.0014588
165.00 -20.00 -0.0004122
170.00 -20.00 0.001685
175.00 -20.00 0.0024374
180.00 -20.00 0.0001086
-180.00 -15.00 -0.0011611
-175.00 -15.00 -0.0048653
-170.00 -15.00 -0.0072363
-165.00 -15.00 -0.0053848
-160.00 -15.00 -0.0020912
-155.00 -15.00 -0.0032105
-150.00 -15.00 -0.0088834
-145.00 -15.00 -0.013171
-140.00 -15.00 -0.0120507
-135.00 -15.00 -0.0069799
-130.00 -15.00 -0.0019237
-125.00 -15.00 -0.0002339
-120.00 -15.00 -0.0024036
-115.00 -15.00 -0.0051696
-110.00 -15.00 -0.0049493
-105.00 -15.00 -0.0019048
-100.00 -15.00 0.0012964
-95.00 -15.00 0.0026051
-90.00 -15.00 0.0011127
-85.00 -15.00 -0.0019231
-80.00 -15.00 -0.0021045
-75.00 -15.00 0.0034001
-70.00 -15.00 0.0105718
-65.00 -15.00 0.0127467
-60.00 -15.00 0.0086374
-55.00 -15.00 0.0021103
-50.00 -15.00 -0.0030205
-45.00 -15.00 -0.0046238
-40.00 -15.00 -0.0026961
-35.00 -15.00 -0.000451
-30.00 -15.00 -0.0008132
-25.00 -15.00 -0.0018055
-20.00 -15.00 -0.0002936
-15.00 -15.00 0.0015735
-10.00 -15.00 -0.0004648
-5.00 -15.00 -0.0053499
0.00 -15.00 -0.0078452
5.00 -15.00 -0.0053316
10.00 -15.00 -0.0001743
15.00 -15.00 0.0028042
20.00 -15.00 0.0003752
25.00 -15.00 -0.005347
30.00 -15.00 -0.0084312
35.00 -15.00 -0.0065373
40.00 -15.00 -0.0037433
45.00 -15.00 -0.0041399
50.00 -15.00 -0.0069442
55.00 -15.00 -0.0094599
60.00 -15.00 -0.0103163
65.00 -15.00 -0.0090625
70.00 -15.00 -0.0064237
75.00 -15.00 -0.0044134
80.00 -15.00 -0.0037183
85.00 -15.00 -0.0032374
90.00 -15.00 -0.0031439
95.00 -15.00 -0.0043697
100.00 -15.00 -0.0052766
105.00 -15.00 -0.0036994
110.00 -15.00 -0.0008829
115.00 -15.00 0.0011073
120.00 -15.00 0.0026836
125.00 -15.00 0.0037853
130.00 -15.00 0.0028279
135.00 -15.00 0.0013265
140.00 -15.00 0.0028467
145.00 -15.00 0.0057959
150.00 -15.00 0.004976
155.00 -15.00 0.0006623
160.00 -15.00 -0.0018028
165.00 -15.00 -0.0006867
170.00 -15.00 0.0009925
175.00 -15.00 0.0009661
180.00 -15.00 -0.0011611
-180.00 -10.00 -0.0031768
-175.00 -10.00 -0.0034952
-170.00 -10.00 -0.002113
-165.00 -10.00 0.0012595
-160.00 -10.00 0.0025503
-155.00 -10.00 -0.0028286
-150.00 -10.00 -0.0114442
-145.00 -10.00 -0.0150928
-140.00 -10.00 -0.0112793
-135.00 -10.00 -0.0043247
-130.00 -10.00 0.0005698
-125.00 -10.00 0.0002497
-120.00 -10.00 -0.0045092
-115.00 -10.00 -0.0080692
-110.00 -10.00 -0.0060618
-105.00 -10.00 -0.0016146
-100.00 -10.00 -0.0002782
-95.00 -10.00 -0.0021099
-90.00 -10.00 -0.0036977
-85.00 -10.00 -0.0031734
-80.00 -10.00 0.0005723
-75.00 -10.00 0.0079337
-70.00 -10.00 0.0153698
-65.00 -10.00 0.0173738
-60.00 -10.00 0.0123619
-55.00 -10.00 0.0032568
-50.00 -10.00 -0.0054658
-45.00 -10.00 -0.0092959
-40.00 -10.00 -0.0069539
-35.00 -10.00 -0.0030183
-30.00 -10.00 -0.0021015
-25.00 -10.00 -0.0022617
-20.00 -10.00 -0.000131
-15.00 -10.00 0.0018617
-10.00 -10.00 0.0001615
-5.00 -10.00 -0.0032748
0.00 -10.00 -0.004709
5.00 -10.00 -0.0035326
10.00 -10.00 -0.000597
15.00 -10.00 0.0022307
20.00 -10.00 0.001034
25.00 -10.00 -0.004923
30.00 -10.00 -0.0096462
35.00 -10.00 -0.0085041
40.00 -10.00 -0.0049591
45.00 -10.00 -0.0038223
50.00 -10.00 -0.0045183
55.00 -10.00 -0.0053271
60.00 -10.00 -0.0068783
65.00 -10.00 -0.0085254
70.00 -10.00 -0.0079825
75.00 -10.00 -0.0055276
80.00 -10.00 -0.0035142
85.00 -10.00 -0.003051
90.00 -10.00 -0.0040705
95.00 -10.00 -0.0052076
100.00 -10.00 -0.0030394
105.00 -10.00 0.0034795
110.00 -10.00 0.0093775
115.00 -10.00 0.0098653
120.00 -10.00 0.0065329
125.00 -10.00 0.0029745
130.00 -10.00 0.0003313
135.00 -10.00 9.22e-05
140.00 -10.00 0.0031631
145.00 -10.00 0.0050146
150.00 -10.00 0.0010272
155.00 -10.00 -0.0045419
160.00 -10.00 -0.0046622
165.00 -10.00 -0.0010133
170.00 -10.00 0.0001589
175.00 -10.00 -0.0016357
180.00 -10.00 -0.0031768
-180.00 -5.00 -0.005984
-175.00 -5.00 -0.0028126
-170.00 -5.00 -0.0002706
-165.00 -5.00 0.0015912
-160.00 -5.00 0.000702
-155.00 -5.00 -0.0048622
-150.00 -5.00 -0.0104683
-145.00 -5.00 -0.0104844
-140.00 -5.00 -0.0067751
-135.00 -5.00 -0.0038708
-130.00 -5.00 -0.0022352
-125.00 -5.00 -0.0020369
-120.00 -5.00 -0.0049151
-115.00 -5.00 -0.008341
-110.00 -5.00 -0.0074109
-105.00 -5.00 -0.0033606
-100.00 -5.00 -0.0016415
-95.00 -5.00 -0.0029141
-90.00 -5.00 -0.0033395
-85.00 -5.00 -0.0007577
-80.00 -5.00 0.0045085
-75.00 -5.00 0.0108199
-70.00 -5.00 0.0147601
-65.00 -5.00 0.0138027
-60.00 -5.00 0.0091816
-55.00 -5.00 0.0032032
-50.00 -5.00 -0.0026691
-45.00 -5.00 -0.0056403
-40.00 -5.00 -0.0039027
-35.00 -5.00 -0.0011326
-30.00 -5.00 -0.0014056
-25.00 -5.00 -0.0022972
-20.00 -5.00 -0.0005585
-15.00 -5.00 0.0009639
-10.00 -5.00 -0.0005123
-5.00 -5.00 -0.0021549
0.00 -5.00 -0.0020052
5.00 -5.00 -0.002305
10.00 -5.00 -0.0032244
15.00 -5.00 -0.0027467
20.00 -5.00 -0.0027437
25.00 -5.00 -0.0057013
30.00 -5.00 -0.0086232
35.00 -5.00 -0.0085399
40.00 -5.00 -0.0076807
45.00 -5.00 -0.0067487
50.00 -5.00 -0.0025357
55.00 -5.00 0.0031332
60.00 -5.00 0.0034149
65.00 -5.00 -0.0017268
70.00 -5.00 -0.0050871
75.00 -5.00 -0.004195
80.00 -5.00 -0.0032658
85.00 -5.00 -0.0044296
90.00 -5.00 -0.0053453
95.00 -5.00 -0.0032865
100.00 -5.00 0.0028857
105.00 -5.00 0.0111258
110.00 -5.00 0.0158617
115.00 -5.00 0.0138834
120.00 -5.00 0.0084399
125.00 -5.00 0.0038122
130.00 -5.00 0.001016
135.00 -5.00 0.0007449
140.00 -5.00 0.0026404
145.00 -5.00 0.0018875
150.00 -5.00 -0.0041356
155.00 -5.00 -0.0090311
160.00 -5.00 -0.0071014
165.00 -5.00 -0.0034704
170.00 -5.00 -0.0045325
175.00 -5.00 -0.00708
180.00 -5.00 -0.005984
-180.00 0.00 -0.0054633
-175.00 0.00 -0.0016067
-170.00 0.00 -0.0018606
-165.00 0.00 -0.0032585
-160.00 0.00 -0.0047141
-155.00 0.00 -0.0068769
-150.00 0.00 -0.0063512
-145.00 0.00 -0.0016502
-140.00 0.00 0.0011202
-135.00 0.00 -0.0015237
-130.00 0.00 -0.0036852
-125.00 0.00 -0.0015373
-120.00 0.00 -0.0002444
-115.00 0.00 -0.0031665
-110.00 0.00 -0.0056973
-105.00 0.00 -0.0042658
-100.00 0.00 -0.0014914
-95.00 0.00 -0.0001741
-90.00 0.00 0.0005738
-85.00 0.00 0.0029879
-80.00 0.00 0.0079497
-75.00 0.00 0.0129202
-70.00 0.00 0.0130534
-65.00 0.00 0.0076596
-60.00 0.00 0.002051
-55.00 0.00 -0.000327
-50.00 0.00 -0.0014065
-45.00 0.00 -0.0021209
-40.00 0.00 -0.0010659
-35.00 0.00 -6.89e-05
-30.00 0.00 -0.0017985
-25.00 0.00 -0.0036454
-20.00 0.00 -0.002766
-15.00 0.00 -0.0022571
-10.00 0.00 -0.0045098
-5.00 0.00 -0.0060758
0.00 0.00 -0.0052041
5.00 0.00 -0.0050934
10.00 0.00 -0.0062354
15.00 0.00 -0.0056557
20.00 0.00 -0.0040413
25.00 0.00 -0.0041197
30.00 0.00 -0.0052447
35.00 0.00 -0.0070297
40.00 0.00 -0.0107622
45.00 0.00 -0.0121777
50.00 0.00 -0.0047448
55.00 0.00 0.0066248
60.00 0.00 0.0096637
65.00 0.00 0.0037294
70.00 0.00 -0.0007539
75.00 0.00 -0.0005747
80.00 0.00 -0.0016126
85.00 0.00 -0.0047235
90.00 0.00 -0.004181
95.00 0.00 0.0016862
100.00 0.00 0.008496
105.00 0.00 0.012263
110.00 0.00 0.0124569
115.00 0.00 0.0111042
120.00 0.00 0.0101744
125.00 0.00 0.0085412
130.00 0.00 0.0043781
135.00 0.00 0.0002009
140.00 0.00 -0.0008359
145.00 0.00 -0.0014414
150.00 0.00 -0.0047562
155.00 0.00 -0.0073069
160.00 0.00 -0.0063265
165.00 0.00 -0.0062975
170.00 0.00 -0.0094561
175.00 0.00 -0.0100343
180.00 0.00 -0.0054634
-180.00 5.00 -0.0007548
-175.00 5.00 0.0001017
-170.00 5.00 -0.003642
-165.00 5.00 -0.0061853
-160.00 5.00 -0.0064911
-155.00 5.00 -0.0067415
-150.00 5.00 -0.0045381
-145.00 5.00 0.001083
-140.00 5.00 0.0033188
-135.00 5.00 -0.0013426
-130.00 5.00 -0.0051826
-125.00 5.00 -0.0020827
-120.00 5.00 0.0023052
-115.00 5.00 0.0011704
-110.00 5.00 -0.0029379
-105.00 5.00 -0.0042792
-100.00 5.00 -0.0023407
-95.00 5.00 -0.0001517
-90.00 5.00 0.000816
-85.00 5.00 0.0023452
-80.00 5.00 0.0068284
-75.00 5.00 0.0120427
-70.00 5.00 0.0117816
-65.00 5.00 0.0050067
-60.00 5.00 -0.0014008
-55.00 5.00 -0.0029698
-50.00 5.00 -0.0029164
-45.00 5.00 -0.0039332
-40.00 5.00 -0.0042052
-35.00 5.00 -0.0036273
-30.00 5.00 -0.004302
-25.00 5.00 -0.0049762
-20.00 5.00 -0.0037685
-15.00 5.00 -0.0033603
-10.00 5.00 -0.0059334
-5.00 5.00 -0.0084704
0.00 5.00 -0.0085691
5.00 5.00 -0.0076952
10.00 5.00 -0.0060697
15.00 5.00 -0.0025724
20.00 5.00 0.0006395
25.00 5.00 0.0010931
30.00 5.00 -0.0001651
35.00 5.00 -0.0031004
40.00 5.00 -0.0087867
45.00 5.00 -0.0117783
50.00 5.00 -0.0050519
55.00 5.00 0.0057853
60.00 5.00 0.0084455
65.00 5.00 0.0035785
70.00 5.00 0.0017321
75.00 5.00 0.0036295
80.00 5.00 0.0014789
85.00 5.00 -0.0035216
90.00 5.00 -0.0024738
95.00 5.00 0.0049472
100.00 5.00 0.0097725
105.00 5.00 0.0077426
110.00 5.00 0.0042065
115.00 5.00 0.0054611
120.00 5.00 0.0102827
125.00 5.00 0.0113526
130.00 5.00 0.0051074
135.00 5.00 -0.0025326
140.00 5.00 -0.0044269
145.00 5.00 -0.0022278
150.00 5.00 -0.0015266
155.00 5.00 -0.0026248
160.00 5.00 -0.0037133
165.00 5.00 -0.0058869
170.00 5.00 -0.008024
175.00 5.00 -0.0057849
180.00 5.00 -0.0007548
-180.00 10.00 0.0014874
-175.00 10.00 -0.0007428
-170.00 10.00 -0.0044631
-165.00 10.00 -0.0049513
-160.00 10.00 -0.004139
-155.00 10.00 -0.0060163
-150.00 10.00 -0.007731
-145.00 10.00 -0.0055989
-140.00 10.00 -0.0036393
-135.00 10.00 -0.0061455
-130.00 10.00 -0.0089417
-125.00 10.00 -0.0067728
-120.00 10.00 -0.0022701
-115.00 10.00 -0.0008069
-110.00 10.00 -0.0026906
-105.00 10.00 -0.0047871
-100.00 10.00 -0.0051242
-95.00 10.00 -0.0038828
-90.00 10.00 -0.0023211
-85.00 10.00 -0.0005958
-80.00 10.00 0.0028331
-75.00 10.00 0.007199
-70.00 10.00 0.0079939
-65.00 10.00 0.0037456
-60.00 10.00 -0.0006486
-55.00 10.00 -0.0018086
-50.00 10.00 -0.0025883
-45.00 10.00 -0.0050984
-40.00 10.00 -0.0067525
-35.00 10.00 -0.0061467
-30.00 10.00 -0.0051669
-25.00 10.00 -0.0042108
-20.00 10.00 -0.0023534
-15.00 10.00 -0.0011087
-10.00 10.00 -0.0021289
-5.00 10.00 -0.0040059
0.00 10.00 -0.0050478
5.00 10.00 -0.0048789
10.00 10.00 -0.0023882
15.00 10.00 0.0023115
20.00 10.00 0.0055047
25.00 10.00 0.0049595
30.00 10.00 0.003105
35.00 10.00 0.0011653
40.00 10.00 -0.0021263
45.00 10.00 -0.0036903
50.00 10.00 0.0009261
55.00 10.00 0.0069499
60.00 10.00 0.0060031
65.00 10.00 0.0011788
70.00 10.00 0.0017231
75.00 10.00 0.0056841
80.00 10.00 0.0039168
85.00 10.00 -0.0021259
90.00 10.00 -0.0026406
95.00 10.00 0.003202
100.00 10.00 0.0062853
105.00 10.00 0.0026089
110.00 10.00 -0.0014725
115.00 10.00 0.0004922
120.00 10.00 0.0061438
125.00 10.00 0.007888
130.00 10.00 0.0033544
135.00 10.00 -0.0013323
140.00 10.00 -0.0007241
145.00 10.00 0.0021336
150.00 10.00 0.0018217
155.00 10.00 -0.000885
160.00 10.00 -0.0025043
165.00 10.00 -0.0028829
170.00 10.00 -0.0024232
175.00 10.00 -0.0002308
180.00 10.00 0.0014874
-180.00 15.00 -0.0025007
-175.00 15.00 -0.0035119
-170.00 15.00 -0.0038188
-165.00 15.00 -0.0025864
-160.00 15.00 -0.00243
-155.00 15.00 -0.0060115
-150.00 15.00 -0.0105979
-145.00 15.00 -0.0118945
-140.00 15.00 -0.0106154
-135.00 15.00 -0.0099922
-130.00 15.00 -0.0101494
-125.00 15.00 -0.0092086
-120.00 15.00 -0.0067903
-115.00 15.00 -0.0040108
-110.00 15.00 -0.0025658
-105.00 15.00 -0.0036904
-100.00 15.00 -0.0057939
-95.00 15.00 -0.0053555
-90.00 15.00 -0.001911
-85.00 15.00 0.0014084
-80.00 15.00 0.0029158
-75.00 15.00 0.0033893
-70.00 15.00 0.0026966
-65.00 15.00 0.0004915
-60.00 15.00 -0.0012795
-55.00 15.00 -0.0011851
-50.00 15.00 -0.0010684
-45.00 15.00 -0.0025046
-40.00 15.00 -0.0040773
-35.00 15.00 -0.0044818
-30.00 15.00 -0.004297
-25.00 15.00 -0.0036859
-20.00 15.00 -0.0021905
-15.00 15.00 -0.0004612
-10.00 15.00 0.0007154
-5.00 15.00 0.001432
0.00 15.00 0.0013681
5.00 15.00 0.0004915
10.00 15.00 0.0006774
15.00 15.00 0.0027646
20.00 15.00 0.0040946
25.00 15.00 0.0029164
30.00 15.00 0.0013375
35.00 15.00 0.0007234
40.00 15.00 5.83e-05
45.00 15.00 0.000731
50.00 15.00 0.0048976
55.00 15.00 0.0085454
60.00 15.00 0.0060336
65.00 15.00 0.0008967
70.00 15.00 0.0011005
75.00 15.00 0.0052191
80.00 15.00 0.0050671
85.00 15.00 0.0001022
90.00 15.00 -0.0024039
95.00 15.00 -9.4e-05
100.00 15.00 0.001794
105.00 15.00 -7.63e-05
110.00 15.00 -0.0027656
115.00 15.00 -0.0026017
120.00 15.00 -0.0001367
125.00 15.00 0.0018165
130.00 15.00 0.0028483
135.00 15.00 0.0050186
140.00 15.00 0.007873
145.00 15.00 0.0072593
150.00 15.00 0.001947
155.00 15.00 -0.002949
160.00 15.00 -0.0031563
165.00 15.00 -0.001094
170.00 15.00 -0.0006466
175.00 15.00 -0.0015802
180.00 15.00 -0.0025007
-180.00 20.00 -0.0062476
-175.00 20.00 -0.0028486
-170.00 20.00 -0.0008199
-165.00 20.00 -0.0015421
-160.00 20.00 -0.0034204
-155.00 20.00 -0.0054013
-150.00 20.00 -0.0076592
-145.00 20.00 -0.0099022
-140.00 20.00 -0.01076
-135.00 20.00 -0.0093155
-130.00 20.00 -0.00689
-125.00 20.00 -0.00571
-120.00 20.00 -0.0053331
-115.00 20.00 -0.0033136
-110.00 20.00 -0.000367
-105.00 20.00 -0.0002901
-100.00 20.00 -0.0029504
-95.00 20.00 -0.0030157
-90.00 20.00 0.0017047
-85.00 20.00 0.0063977
-80.00 20.00 0.0064326
-75.00 20.00 0.003024
-70.00 20.00 -0.000487
-65.00 20.00 -0.0029681
-60.00 20.00 -0.0042534
-55.00 20.00 -0.003742
-50.00 20.00 -0.0018679
-45.00 20.00 -0.0005001
-40.00 20.00 -0.0011045
-35.00 20.00 -0.0034095
-30.00 20.00 -0.0056485
-25.00 20.00 -0.0061169
-20.00 20.00 -0.0049466
-15.00 20.00 -0.0034449
-10.00 20.00 -0.001722
-5.00 20.00 0.0007877
0.00 20.00 0.0028047
5.00 20.00 0.0024637
10.00 20.00 0.0005803
15.00 20.00 -0.0006536
20.00 20.00 -0.001028
25.00 20.00 -0.0014438
30.00 20.00 -0.0019431
35.00 20.00 -0.0028406
40.00 20.00 -0.0043864
45.00 20.00 -0.0041341
50.00 20.00 0.0003505
55.00 20.00 0.0057392
60.00 20.00 0.0062513
65.00 20.00 0.0027556
70.00 20.00 0.0015008
75.00 20.00 0.0039823
80.00 20.00 0.0054113
85.00 20.00 0.0032404
90.00 20.00 0.0004025
95.00 20.00 -0.0003362
100.00 20.00 0.0001018
105.00 20.00 -0.000218
110.00 20.00 -0.0015478
115.00 20.00 -0.0028222
120.00 20.00 -0.0028045
125.00 20.00 -0.0006612
130.00 20.00 0.0035585
135.00 20.00 0.0081291
140.00 20.00 0.0095427
145.00 20.00 0.0054133
150.00 20.00 -0.0013752
155.00 20.00 -0.0045361
160.00 20.00 -0.0024891
165.00 20.00 -0.0007029
170.00 20.00 -0.0032416
175.00 20.00 -0.0067147
180.00 20.00 -0.0062477
-180.00 25.00 -0.0032319
-175.00 25.00 0.0022157
-170.00 25.00 0.0024885
-165.00 25.00 -0.002237
-160.00 25.00 -0.0051913
-155.00 25.00 -0.0033753
-150.00 25.00 -0.0015436
-145.00 25.00 -0.0042276
-140.00 25.00 -0.0084555
-135.00 25.00 -0.0083951
-130.00 25.00 -0.0044208
-125.00 25.00 -0.002076
-120.00 25.00 -0.0029451
-115.00 25.00 -0.0029458
-110.00 25.00 -0.0004876
-105.00 25.00 0.0005738
-100.00 25.00 -0.0014309
-95.00 25.00 -0.0020747
-90.00 25.00 0.0017141
-85.00 25.00 0.0059739
-80.00 25.00 0.0056234
-75.00 25.00 0.0015188
-70.00 25.00 -0.0022091
-65.00 25.00 -0.004079
-60.00 25.00 -0.0048932
-55.00 25.00 -0.0043876
-50.00 25.00 -0.0019769
-45.00 25.00 0.000479
-40.00 25.00 -0.0001495
-35.00 25.00 -0.0040682
-30.00 25.00 -0.0076971
-25.00 25.00 -0.0080612
-20.00 25.00 -0.0063962
-15.00 25.00 -0.0055533
-10.00 25.00 -0.0053629
-5.00 25.00 -0.0035703
0.00 25.00 -0.0004811
5.00 25.00 0.000929
10.00 25.00 -0.0004859
15.00 25.00 -0.0025424
20.00 25.00 -0.0028855
25.00 25.00 -0.0014846
30.00 25.00 -0.0003058
35.00 25.00 -0.0016421
40.00 25.00 -0.005416
45.00 25.00 -0.0077476
50.00 25.00 -0.0048596
55.00 25.00 0.0013209
60.00 25.00 0.0049479
65.00 25.00 0.0039543
70.00 25.00 0.0020369
75.00 25.00 0.0024834
80.00 25.00 0.0040805
85.00 25.00 0.0042213
90.00 25.00 0.0027376
95.00 25.00 0.0012195
100.00 25.00 0.0005321
105.00 25.00 0.0002278
110.00 25.00 -0.0003
115.00 25.00 -0.0007443
120.00 25.00 -0.0001516
125.00 25.00 0.0017527
130.00 25.00 0.0038729
135.00 25.00 0.004461
140.00 25.00 0.0024071
145.00 25.00 -0.0014181
150.00 25.00 -0.0038201
155.00 25.00 -0.0022133
160.00 25.00 0.0011651
165.00 25.00 0.0009291
170.00 25.00 -0.003718
175.00 25.00 -0.0066252
180.00 25.00 -0.0032319
-180.00 30.00 0.0024737
-175.00 30.00 0.0054509
-170.00 30.00 0.0023231
-165.00 30.00 -0.0039092
-160.00 30.00 -0.0055692
-155.00 30.00 -0.0013857
-150.00 30.00 0.0012799
-145.00 30.00 -0.0028407
-140.00 30.00 -0.0089854
-135.00 30.00 -0.0093476
-130.00 30.00 -0.0044506
-125.00 30.00 -0.0016647
-120.00 30.00 -0.0038645
-115.00 30.00 -0.0062374
-110.00 30.00 -0.0050438
-105.00 30.00 -0.0029357
-100.00 30.00 -0.002992
-95.00 30.00 -0.0032327
-90.00 30.00 -0.0009778
-85.00 30.00 0.0016692
-80.00 30.00 0.0010577
-75.00 30.00 -0.0021313
-70.00 30.00 -0.0042189
-65.00 30.00 -0.0038505
-60.00 30.00 -0.0024866
-55.00 30.00 -0.0009307
-50.00 30.00 0.0011487
-45.00 30.00 0.0026416
-40.00 30.00 0.0012649
-35.00 30.00 -0.0027719
-30.00 30.00 -0.0059369
-25.00 30.00 -0.0057678
-20.00 30.00 -0.0041942
-15.00 30.00 -0.004431
-10.00 30.00 -0.006045
-5.00 30.00 -0.005843
0.00 30.00 -0.0029917
5.00 30.00 -0.0002684
10.00 30.00 7.7e-05
15.00 30.00 -0.0007604
20.00 30.00 -0.0001666
25.00 30.00 0.002442
30.00 30.00 0.0048704
35.00 30.00 0.0043569
40.00 30.00 0.0006702
45.00 30.00 -0.0029638
50.00 30.00 -0.0030128
55.00 30.00 0.0002106
60.00 30.00 0.0029949
65.00 30.00 0.0029393
70.00 30.00 0.0013826
75.00 30.00 0.00074
80.00 30.00 0.0013658
85.00 30.00 0.0019888
90.00 30.00 0.0018111
95.00 30.00 0.0010208
100.00 30.00 -1.88e-05
105.00 30.00 -0.0009866
110.00 30.00 -0.0011271
115.00 30.00 0.0004341
120.00 30.00 0.0032904
125.00 30.00 0.0052472
130.00 30.00 0.0042007
135.00 30.00 0.000474
140.00 30.00 -0.0033643
145.00 30.00 -0.0047523
150.00 30.00 -0.0028368
155.00 30.00 0.000993
160.00 30.00 0.0035062
165.00 30.00 0.0022194
170.00 30.00 -0.0010811
175.00 30.00 -0.0014634
180.00 30.00 0.0024737
-180.00 35.00 0.002824
-175.00 35.00 0.0026093
-170.00 35.00 -0.0009894
-165.00 35.00 -0.0044268
-160.00 35.00 -0.0037322
-155.00 35.00 -0.0006127
-150.00 35.00 -0.0009938
-145.00 35.00 -0.0065669
-140.00 35.00 -0.011414
-135.00 35.00 -0.0097084
-130.00 35.00 -0.0039666
-125.00 35.00 -0.0016476
-120.00 35.00 -0.0049582
-115.00 35.00 -0.0086761
-110.00 35.00 -0.0082131
-105.00 35.00 -0.0051072
-100.00 35.00 -0.0028601
-95.00 35.00 -0.0015433
-90.00 35.00 0.000419
-85.00 35.00 0.0020307
-80.00 35.00 0.0009669
-75.00 35.00 -0.0022445
-70.00 35.00 -0.0044504
-65.00 35.00 -0.0039497
-60.00 35.00 -0.0019416
-55.00 35.00 -6.48e-05
-50.00 35.00 0.0012692
-45.00 35.00 0.001826
-40.00 35.00 0.0009461
-35.00 35.00 -0.0010611
-30.00 35.00 -0.0024749
-25.00 35.00 -0.0023581
-20.00 35.00 -0.0020922
-15.00 35.00 -0.0033174
-10.00 35.00 -0.0051407
-5.00 35.00 -0.0050751
0.00 35.00 -0.0024779
5.00 35.00 0.0006169
10.00 35.00 0.0022682
15.00 35.00 0.0027938
20.00 35.00 0.0036672
25.00 35.00 0.0052848
30.00 35.00 0.0065117
35.00 35.00 0.006063
40.00 35.00 0.0039564
45.00 35.00 0.0016183
50.00 35.00 0.0005123
55.00 35.00 0.0007037
60.00 35.00 0.0010711
65.00 35.00 0.0008316
70.00 35.00 0.000278
75.00 35.00 -1.43e-05
80.00 35.00 7.3e-06
85.00 35.00 8.95e-05
90.00 35.00 4.02e-05
95.00 35.00 -0.0004545
100.00 35.00 -0.0017298
105.00 35.00 -0.0032392
110.00 35.00 -0.0032312
115.00 35.00 -0.0003986
120.00 35.00 0.003935
125.00 35.00 0.0062725
130.00 35.00 0.0043972
135.00 35.00 -0.0001132
140.00 35.00 -0.0035637
145.00 35.00 -0.0038959
150.00 35.00 -0.0020552
155.00 35.00 -0.0002378
160.00 35.00 0.0001913
165.00 35.00 -0.0005215
170.00 35.00 -0.0008089
175.00 35.00 0.0006618
180.00 35.00 0.002824
-180.00 40.00 -0.0024505
-175.00 40.00 -0.0029982
-170.00 40.00 -0.0033185
-165.00 40.00 -0.0021147
-160.00 40.00 -1.26e-05
-155.00 40.00 -3.16e-05
-150.00 40.00 -0.004354
-145.00 40.00 -0.0105846
-140.00 40.00 -0.0131903
-135.00 40.00 -0.009784
-130.00 40.00 -0.004417
-125.00 40.00 -0.0028652
-120.00 40.00 -0.0056867
-115.00 40.00 -0.0081857
-110.00 40.00 -0.0068194
-105.00 40.00 -0.0029541
-100.00 40.00 0.0003032
-95.00 40.00 0.0023199
-90.00 40.00 0.0041897
-85.00 40.00 0.0055825
-80.00 40.00 0.0048244
-75.00 40.00 0.0017195
-70.00 40.00 -0.0017271
-65.00 40.00 -0.0036967
-60.00 40.00 -0.0042835
-55.00 40.00 -0.0044493
-50.00 40.00 -0.0044239
-45.00 40.00 -0.0038384
-40.00 40.00 -0.0027168
-35.00 40.00 -0.0015849
-30.00 40.00 -0.0009299
-25.00 40.00 -0.0010567
-20.00 40.00 -0.0021035
-15.00 40.00 -0.0036061
-10.00 40.00 -0.0043212
-5.00 40.00 -0.0031859
0.00 40.00 -0.0004573
5.00 40.00 0.0025778
10.00 40.00 0.0049332
15.00 40.00 0.0064237
20.00 40.00 0.0069513
25.00 40.00 0.0060997
30.00 40.00 0.0038227
35.00 40.00 0.0010712
40.00 40.00 -0.0007915
45.00 40.00 -0.001193
50.00 40.00 -0.0007562
55.00 40.00 -0.0004914
60.00 40.00 -0.0007416
65.00 40.00 -0.0010336
70.00 40.00 -0.0008708
75.00 40.00 -0.0003848
80.00 40.00 -5.82e-05
85.00 40.00 -9.11e-05
90.00 40.00 -0.0004237
95.00 40.00 -0.0012118
100.00 40.00 -0.00262
105.00 40.00 -0.0039144
110.00 40.00 -0.0034535
115.00 40.00 -0.0004226
120.00 40.00 0.0035331
125.00 40.00 0.0053251
130.00 40.00 0.0035201
135.00 40.00 -0.000126
140.00 40.00 -0.0027129
145.00 40.00 -0.0032568
150.00 40.00 -0.0030515
155.00 40.00 -0.0034367
160.00 40.00 -0.0042283
165.00 40.00 -0.004438
170.00 40.00 -0.0037224
175.00 40.00 -0.0027482
180.00 40.00 -0.0024505
-180.00 45.00 -0.0073455
-175.00 45.00 -0.0064623
-170.00 45.00 -0.0031449
-165.00 45.00 0.0012521
-160.00 45.00 0.0037067
-155.00 45.00 0.0017252
-150.00 45.00 -0.0041277
-145.00 45.00 -0.0100708
-140.00 45.00 -0.0122696
-135.00 45.00 -0.0104953
-130.00 45.00 -0.008095
-125.00 45.00 -0.007968
-120.00 45.00 -0.0092552
-115.00 45.00 -0.008787
-110.00 45.00 -0.0052728
-105.00 45.00 -0.0007796
-100.00 45.00 0.0020497
-95.00 45.00 0.0029458
-90.00 45.00 0.0034339
-85.00 45.00 0.0042419
-80.00 45.00 0.0044878
-75.00 45.00 0.003232
-70.00 45.00 0.0007433
-65.00 45.00 -0.0020433
-60.00 45.00 -0.0045244
-55.00 45.00 -0.0063739
-50.00 45.00 -0.0070013
-45.00 45.00 -0.0058109
-40.00 45.00 -0.0030892
-35.00 45.00 -0.0002409
-30.00 45.00 0.0011238
-25.00 45.00 0.0004009
-20.00 45.00 -0.0015878
-15.00 45.00 -0.0032483
-10.00 45.00 -0.0033658
-5.00 45.00 -0.001826
0.00 45.00 0.0006626
5.00 45.00 0.0034306
10.00 45.00 0.0061907
15.00 45.00 0.0084487
20.00 45.00 0.0090052
25.00 45.00 0.0067089
30.00 45.00 0.0019358
35.00 45.00 -0.0030631
40.00 45.00 -0.0057589
45.00 45.00 -0.0054179
50.00 45.00 -0.0035217
55.00 45.00 -0.002181
60.00 45.00 -0.0022745
65.00 45.00 -0.0030963
70.00 45.00 -0.0034978
75.00 45.00 -0.0030527
80.00 45.00 -0.0021651
85.00 45.00 -0.0014576
90.00 45.00 -0.0013366
95.00 45.00 -0.0019114
100.00 45.00 -0.0028407
105.00 45.00 -0.0031766
110.00 45.00 -0.0018849
115.00 45.00 0.000971
120.00 45.00 0.0037096
125.00 45.00 0.0042815
130.00 45.00 0.0022928
135.00 45.00 -0.0005197
140.00 45.00 -0.0020708
145.00 45.00 -0.0019309
150.00 45.00 -0.0013031
155.00 45.00 -0.0013654
160.00 45.00 -0.0022222
165.00 45.00 -0.0034321
170.00 45.00 -0.0048389
175.00 45.00 -0.0063801
180.00 45.00 -0.0073455
-180.00 50.00 -0.0087967
-175.00 50.00 -0.0074197
-170.00 50.00 -0.0031772
-165.00 50.00 0.0017084
-160.00 50.00 0.0043716
-155.00 50.00 0.0033308
-150.00 50.00 -0.0004285
-145.00 50.00 -0.0044307
-140.00 50.00 -0.006954
-135.00 50.00 -0.0083284
-130.00 50.00 -0.0099058
-125.00 50.00 -0.0118766
-120.00 50.00 -0.0125699
-115.00 50.00 -0.0102463
-110.00 50.00 -0.0053512
-105.00 50.00 -0.0005005
-100.00 50.00 0.0018797
-95.00 50.00 0.0016087
-90.00 50.00 0.0003937
-85.00 50.00 -0.0001548
-80.00 50.00 0.0001863
-75.00 50.00 0.0006386
-70.00 50.00 0.0004871
-65.00 50.00 -0.0003894
-60.00 50.00 -0.0016011
-55.00 50.00 -0.0024469
-50.00 50.00 -0.0021606
-45.00 50.00 -0.0004177
-40.00 50.00 0.0021497
-35.00 50.00 0.0040885
-30.00 50.00 0.0040839
-25.00 50.00 0.0020052
-20.00 50.00 -0.000937
-15.00 50.00 -0.0031079
-10.00 50.00 -0.0036041
-5.00 50.00 -0.0026119
0.00 50.00 -0.0007833
5.00 50.00 0.00152
10.00 50.00 0.004185
15.00 50.00 0.0066337
20.00 50.00 0.0075489
25.00 50.00 0.0057711
30.00 50.00 0.0016249
35.00 50.00 -0.0028607
40.00 50.00 -0.0053828
45.00 50.00 -0.005207
50.00 50.00 -0.0036506
55.00 50.00 -0.002775
60.00 50.00 -0.0035969
65.00 50.00 -0.0054439
70.00 50.00 -0.0068105
75.00 50.00 -0.0067041
80.00 50.00 -0.0053008
85.00 50.00 -0.0036089
90.00 50.00 -0.0026456
95.00 50.00 -0.0027444
100.00 50.00 -0.003336
105.00 50.00 -0.0033323
110.00 50.00 -0.0019912
115.00 50.00 0.0003135
120.00 50.00 0.0022055
125.00 50.00 0.0024456
130.00 50.00 0.0011289
135.00 50.00 -0.0003091
140.00 50.00 -0.0003803
145.00 50.00 0.0011486
150.00 50.00 0.0031661
155.00 50.00 0.0042041
160.00 50.00 0.0033855
165.00 50.00 0.0006766
170.00 50.00 -0.0032292
175.00 50.00 -0.0069737
180.00 50.00 -0.0087967
-180.00 55.00 -0.0082802
-175.00 55.00 -0.0078107
-170.00 55.00 -0.005291
-165.00 55.00 -0.0020522
-160.00 55.00 0.0004641
-155.00 55.00 0.0015837
-150.00 55.00 0.0015649
-145.00 55.00 0.0009353
-140.00 55.00 -0.0002664
-135.00 55.00 -0.0024627
-130.00 55.00 -0.0056724
-125.00 55.00 -0.0087775
-120.00 55.00 -0.0099417
-115.00 55.00 -0.0080413
-110.00 55.00 -0.0037896
-105.00 55.00 0.0006204
-100.00 55.00 0.0031039
-95.00 55.00 0.0030694
-90.00 55.00 0.0014696
-85.00 55.00 -0.0002621
-80.00 55.00 -0.0012703
-75.00 55.00 -0.0015359
-70.00 55.00 -0.0014523
-65.00 55.00 -0.0013039
-60.00 55.00 -0.0010407
-55.00 55.00 -0.0003794
-50.00 55.00 0.0008911
-45.00 55.00 0.0025748
-40.00 55.00 0.0039578
-35.00 55.00 0.0041261
-30.00 55.00 0.0025955
-25.00 55.00 -0.0002254
-20.00 55.00 -0.0031901
-15.00 55.00 -0.0051282
-10.00 55.00 -0.005539
-5.00 55.00 -0.004696
0.00 55.00 -0.0031704
5.00 55.00 -0.0013451
10.00 55.00 0.0005784
15.00 55.00 0.0022102
20.00 55.00 0.0028491
25.00 55.00 0.0019495
30.00 55.00 -0.0002323
35.00 55.00 -0.0025814
40.00 55.00 -0.0039031
45.00 55.00 -0.0038909
50.00 55.00 -0.00336
55.00 55.00 -0.003487
60.00 55.00 -0.00474
65.00 55.00 -0.006454
70.00 55.00 -0.0073867
75.00 55.00 -0.006734
80.00 55.00 -0.0047606
85.00 55.00 -0.0026015
90.00 55.00 -0.0014498
95.00 55.00 -0.001748
100.00 55.00 -0.0029328
105.00 55.00 -0.0038908
110.00 55.00 -0.0037923
115.00 55.00 -0.0026841
120.00 55.00 -0.0013665
125.00 55.00 -0.0006472
130.00 55.00 -0.0006187
135.00 55.00 -0.0006082
140.00 55.00 0.0001657
145.00 55.00 0.0018407
150.00 55.00 0.0037069
155.00 55.00 0.0046494
160.00 55.00 0.003822
165.00 55.00 0.0011183
170.00 55.00 -0.002718
175.00 55.00 -0.0063261
180.00 55.00 -0.0082802
-180.00 60.00 -0.0069085
-175.00 60.00 -0.0076527
-170.00 60.00 -0.0075624
-165.00 60.00 -0.0067662
-160.00 60.00 -0.0054052
-155.00 60.00 -0.0035723
-150.00 60.00 -0.0014555
-145.00 60.00 0.000462
-140.00 60.00 0.0014447
-135.00 60.00 0.0009196
-130.00 60.00 -0.0009883
-125.00 60.00 -0.0032869
-120.00 60.00 -0.0045926
-115.00 60.00 -0.0039915
-110.00 60.00 -0.0016474
-105.00 60.00 0.0013155
-100.00 60.00 0.003544
-95.00 60.00 0.0042266
-90.00 60.00 0.003379
-85.00 60.00 0.0015841
-80.00 60.00 -0.0004731
-75.00 60.00 -0.0023067
-70.00 60.00 -0.0036596
-65.00 60.00 -0.0043945
-60.00 60.00 -0.0044251
-55.00 60.00 -0.0037597
-50.00 60.00 -0.0026027
-45.00 60.00 -0.0013994
-40.00 60.00 -0.0007215
-35.00 60.00 -0.0009997
-30.00 60.00 -0.0022446
-25.00 60.00 -0.0039667
-20.00 60.00 -0.0054053
-15.00 60.00 -0.0059448
-10.00 60.00 -0.0054342
-5.00 60.00 -0.0041922
0.00 60.00 -0.002736
5.00 60.00 -0.001488
10.00 60.00 -0.0006774
15.00 60.00 -0.000421
20.00 60.00 -0.0007897
25.00 60.00 -0.0017352
30.00 60.00 -0.002979
35.00 60.00 -0.0040695
40.00 60.00 -0.004655
45.00 60.00 -0.0047557
50.00 60.00 -0.004751
55.00 60.00 -0.0050347
60.00 60.00 -0.0056137
65.00 60.00 -0.0060138
70.00 60.00 -0.0056115
75.00 60.00 -0.0041512
80.00 60.00 -0.0020398
85.00 60.00 -0.0001744
90.00 60.00 0.0005929
95.00 60.00 -1.31e-05
100.00 60.00 -0.0015254
105.00 60.00 -0.0030407
110.00 60.00 -0.0037811
115.00 60.00 -0.0035242
120.00 60.00 -0.0026248
125.00 60.00 -0.0016618
130.00 60.00 -0.0010097
135.00 60.00 -0.000659
140.00 60.00 -0.0003704
145.00 60.00 1.86e-05
150.00 60.00 0.0004018
155.00 60.00 0.0004528
160.00 60.00 -0.0001542
165.00 60.00 -0.0015196
170.00 60.00 -0.0034206
175.00 60.00 -0.0053872
180.00 60.00 -0.0069085
-180.00 65.00 -0.0046429
-175.00 65.00 -0.0060801
-170.00 65.00 -0.00742
-165.00 65.00 -0.0082923
-160.00 65.00 -0.008338
-155.00 65.00 -0.0073811
-150.00 65.00 -0.0055791
-145.00 65.00 -0.0034462
-140.00 65.00 -0.0016805
-135.00 65.00 -0.0008448
-130.00 65.00 -0.0010716
-125.00 65.00 -0.0019827
-120.00 65.00 -0.0028964
-115.00 65.00 -0.0032057
-110.00 65.00 -0.002695
-105.00 65.00 -0.001613
-100.00 65.00 -0.0004904
-95.00 65.00 0.0001536
-90.00 65.00 3.47e-05
-85.00 65.00 -0.0008325
-80.00 65.00 -0.0022025
-75.00 65.00 -0.0037178
-70.00 65.00 -0.0050155
-65.00 65.00 -0.0058063
-60.00 65.00 -0.0059375
-55.00 65.00 -0.0054364
-50.00 65.00 -0.0045155
-45.00 65.00 -0.0035126
-40.00 65.00 -0.0027679
-35.00 65.00 -0.002479
-30.00 65.00 -0.0026076
-25.00 65.00 -0.0029
-20.00 65.00 -0.0030241
-15.00 65.00 -0.0027513
-10.00 65.00 -0.0020791
-5.00 65.00 -0.0012237
0.00 65.00 -0.0005011
5.00 65.00 -0.0001776
10.00 65.00 -0.0003761
15.00 65.00 -0.001064
20.00 65.00 -0.0020926
25.00 65.00 -0.0032508
30.00 65.00 -0.0043202
35.00 65.00 -0.0051388
40.00 65.00 -0.0056593
45.00 65.00 -0.0059615
50.00 65.00 -0.0061829
55.00 65.00 -0.0063965
60.00 65.00 -0.0065213
65.00 65.00 -0.0063495
70.00 65.00 -0.0056944
75.00 65.00 -0.0045638
80.00 65.00 -0.0032262
85.00 65.00 -0.0021028
90.00 65.00 -0.0015374
95.00 65.00 -0.0015884
100.00 65.00 -0.001981
105.00 65.00 -0.0022571
110.00 65.00 -0.0020344
115.00 65.00 -0.001216
120.00 65.00 -2.94e-05
125.00 65.00 0.001114
130.00 65.00 0.0018403
135.00 65.00 0.00198
140.00 65.00 0.0016013
145.00 65.00 0.0009231
150.00 65.00 0.0001788
155.00 65.00 -0.0004892
160.00 65.00 -0.0010688
165.00 65.00 -0.0016538
170.00 65.00 -0.0023839
175.00 65.00 -0.0033726
180.00 65.00 -0.0046429
-180.00 70.00 -0.0029014
-175.00 70.00 -0.0041179
-170.00 70.00 -0.0052974
-165.00 70.00 -0.0061818
-160.00 70.00 -0.0065271
-155.00 70.00 -0.00621
-150.00 70.00 -0.0053001
-145.00 70.00 -0.00406
-140.00 70.00 -0.0028603
-135.00 70.00 -0.002043
-130.00 70.00 -0.0017939
-125.00 70.00 -0.0020849
-120.00 70.00 -0.0027116
-115.00 70.00 -0.0034009
-110.00 70.00 -0.0039302
-105.00 70.00 -0.0042028
-100.00 70.00 -0.0042514
-95.00 70.00 -0.0041864
-90.00 70.00 -0.0041221
-85.00 70.00 -0.0041196
-80.00 70.00 -0.0041629
-75.00 70.00 -0.0041711
-70.00 70.00 -0.0040347
-65.00 70.00 -0.0036642
-60.00 70.00 -0.0030314
-55.00 70.00 -0.0021929
-50.00 70.00 -0.0012822
-45.00 70.00 -0.0004727
-40.00 70.00 7.93e-05
-35.00 70.00 0.0002874
-30.00 70.00 0.0001615
-25.00 70.00 -0.0002057
-20.00 70.00 -0.0006857
-15.00 70.00 -0.001171
-10.00 70.00 -0.0016151
-5.00 70.00 -0.0020363
0.00 70.00 -0.002489
5.00 70.00 -0.0030214
10.00 70.00 -0.0036426
15.00 70.00 -0.0043139
20.00 70.00 -0.0049639
25.00 70.00 -0.0055188
30.00 70.00 -0.0059327
35.00 70.00 -0.0062072
40.00 70.00 -0.0063924
45.00 70.00 -0.0065642
50.00 70.00 -0.0067869
55.00 70.00 -0.0070775
60.00 70.00 -0.0073916
65.00 70.00 -0.0076419
70.00 70.00 -0.0077413
75.00 70.00 -0.0076448
80.00 70.00 -0.0073624
85.00 70.00 -0.0069342
90.00 70.00 -0.006383
95.00 70.00 -0.0056797
100.00 70.00 -0.0047477
105.00 70.00 -0.0035127
110.00 70.00 -0.0019701
115.00 70.00 -0.0002308
120.00 70.00 0.0014852
125.00 70.00 0.0029101
130.00 70.00 0.0038182
135.00 70.00 0.0041035
140.00 70.00 0.0038099
145.00 70.00 0.0031048
150.00 70.00 0.0022085
155.00 70.00 0.0013113
160.00 70.00 0.0005103
165.00 70.00 -0.0002104
170.00 70.00 -0.0009503
175.00 70.00 -0.0018273
180.00 70.00 -0.0029014
-180.00 75.00 -0.0029744
-175.00 75.00 -0.0032515
-170.00 75.00 -0.0033737
-165.00 75.00 -0.0032845
-160.00 75.00 -0.0029464
-155.00 75.00 -0.0023648
-150.00 75.00 -0.0016014
-145.00 75.00 -0.0007693
-140.00 75.00 -9.8e-06
-135.00 75.00 0.0005431
-130.00 75.00 0.0007964
-125.00 75.00 0.0007216
-120.00 75.00 0.0003571
-115.00 75.00 -0.0002072
-110.00 75.00 -0.0008575
-105.00 75.00 -0.0014846
-100.00 75.00 -0.0020044
-95.00 75.00 -0.0023658
-90.00 75.00 -0.0025482
-85.00 75.00 -0.0025524
-80.00 75.00 -0.0023931
-75.00 75.00 -0.0020946
-70.00 75.00 -0.0016923
-65.00 75.00 -0.0012357
-60.00 75.00 -0.0007903
-55.00 75.00 -0.0004353
-50.00 75.00 -0.0002539
-45.00 75.00 -0.0003205
-40.00 75.00 -0.0006846
-35.00 75.00 -0.0013596
-30.00 75.00 -0.0023176
-25.00 75.00 -0.0034937
-20.00 75.00 -0.0047969
-15.00 75.00 -0.0061259
-10.00 75.00 -0.0073838
-5.00 75.00 -0.0084888
0.00 75.00 -0.0093794
5.00 75.00 -0.0100152
10.00 75.00 -0.010376
15.00 75.00 -0.0104616
20.00 75.00 -0.010293
25.00 75.00 -0.0099143
30.00 75.00 -0.0093923
35.00 75.00 -0.0088116
40.00 75.00 -0.0082627
45.00 75.00 -0.0078274
50.00 75.00 -0.0075625
55.00 75.00 -0.007489
60.00 75.00 -0.0075884
65.00 75.00 -0.0078081
70.00 75.00 -0.0080719
75.00 75.00 -0.0082931
80.00 75.00 -0.0083865
85.00 75.00 -0.0082778
90.00 75.00 -0.0079107
95.00 75.00 -0.0072545
100.00 75.00 -0.0063119
105.00 75.00 -0.0051252
110.00 75.00 -0.003779
115.00 75.00 -0.0023932
120.00 75.00 -0.0011067
125.00 75.00 -5.25e-05
130.00 75.00 0.0006693
135.00 75.00 0.0010122
140.00 75.00 0.0009917
145.00 75.00 0.0006766
150.00 75.00 0.0001667
155.00 75.00 -0.0004353
160.00 75.00 -0.0010475
165.00 75.00 -0.0016215
170.00 75.00 -0.0021384
175.00 75.00 -0.0025931
180.00 75.00 -0.0029744
-180.00 80.00 -0.0033474
-175.00 80.00 -0.002916
-170.00 80.00 -0.0023698
-165.00 80.00 -0.0017231
-160.00 80.00 -0.0009996
-155.00 80.00 -0.0002334
-150.00 80.00 0.0005331
-145.00 80.00 0.0012525
-140.00 80.00 0.0018775
-135.00 80.00 0.0023669
-130.00 80.00 0.002691
-125.00 80.00 0.0028362
-120.00 80.00 0.0028059
-115.00 80.00 0.0026188
-110.00 80.00 0.0023051
-105.00 80.00 0.0019013
-100.00 80.00 0.0014443
-95.00 80.00 0.0009661
-90.00 80.00 0.0004898
-85.00 80.00 2.76e-05
-80.00 80.00 -0.0004195
-75.00 80.00 -0.0008612
-70.00 80.00 -0.0013163
-65.00 80.00 -0.0018098
-60.00 80.00 -0.0023693
-55.00 80.00 -0.0030204
-50.00 80.00 -0.003783
-45.00 80.00 -0.0046673
-40.00 80.00 -0.0056704
-35.00 80.00 -0.0067742
-30.00 80.00 -0.0079457
-25.00 80.00 -0.0091393
-20.00 80.00 -0.0103006
-15.00 80.00 -0.0113714
-10.00 80.00 -0.012295
-5.00 80.00 -0.0130219
0.00 80.00 -0.0135147
5.00 80.00 -0.0137516
10.00 80.00 -0.0137283
15.00 80.00 -0.0134585
20.00 80.00 -0.0129731
25.00 80.00 -0.0123173
30.00 80.00 -0.0115465
35.00 80.00 -0.0107208
40.00 80.00 -0.0098994
45.00 80.00 -0.0091336
50.00 80.00 -0.0084631
55.00 80.00 -0.0079116
60.00 80.00 -0.0074855
65.00 80.00 -0.0071747
70.00 80.00 -0.0069552
75.00 80.00 -0.0067941
80.00 80.00 -0.006655
85.00 80.00 -0.0065031
90.00 80.00 -0.0063106
95.00 80.00 -0.0060608
100.00 80.00 -0.0057504
105.00 80.00 -0.0053903
110.00 80.00 -0.0050026
115.00 80.00 -0.0046175
120.00 80.00 -0.0042679
125.00 80.00 -0.0039834
130.00 80.00 -0.0037845
135.00 80.00 -0.0036789
140.00 80.00 -0.0036601
145.00 80.00 -0.0037088
150.00 80.00 -0.0037956
155.00 80.00 -0.0038865
160.00 80.00 -0.0039464
165.00 80.00 -0.0039442
170.00 80.00 -0.0038545
175.00 80.00 -0.0036592
180.00 80.00 -0.0033474
-180.00 85.00 -0.0030285
-175.00 85.00 -0.0026982
-170.00 85.00 -0.0023509
-165.00 85.00 -0.0019943
-160.00 85.00 -0.0016366
-155.00 85.00 -0.0012868
-150.00 85.00 -0.0009564
-145.00 85.00 -0.0006579
-140.00 85.00 -0.0004035
-135.00 85.00 -0.0002026
-130.00 85.00 -6.13e-05
-125.00 85.00 1.58e-05
-120.00 85.00 2.49e-05
-115.00 85.00 -3.74e-05
-110.00 85.00 -0.0001719
-105.00 85.00 -0.0003763
-100.00 85.00 -0.0006451
-95.00 85.00 -0.0009722
-90.00 85.00 -0.0013529
-85.00 85.00 -0.0017839
-80.00 85.00 -0.0022614
-75.00 85.00 -0.00278
-70.00 85.00 -0.0033328
-65.00 85.00 -0.0039131
-60.00 85.00 -0.004516
-55.00 85.00 -0.005137
-50.00 85.00 -0.0057704
-45.00 85.00 -0.006407
-40.00 85.00 -0.0070349
-35.00 85.00 -0.0076416
-30.00 85.00 -0.0082155
-25.00 85.00 -0.008746
-20.00 85.00 -0.0092219
-15.00 85.00 -0.0096307
-10.00 85.00 -0.0099604
-5.00 85.00 -0.0102022
0.00 85.00 -0.0103519
5.00 85.00 -0.0104099
10.00 85.00 -0.0103795
15.00 85.00 -0.0102654
20.00 85.00 -0.0100744
25.00 85.00 -0.0098166
30.00 85.00 -0.0095056
35.00 85.00 -0.0091573
40.00 85.00 -0.0087866
45.00 85.00 -0.0084063
50.00 85.00 -0.0080268
55.00 85.00 -0.0076574
60.00 85.00 -0.0073065
65.00 85.00 -0.0069813
70.00 85.00 -0.0066858
75.00 85.00 -0.0064208
80.00 85.00 -0.0061844
85.00 85.00 -0.005974
90.00 85.00 -0.0057878
95.00 85.00 -0.0056242
100.00 85.00 -0.0054813
105.00 85.00 -0.0053555
110.00 85.00 -0.0052427
115.00 85.00 -0.005139
120.00 85.00 -0.0050418
125.00 85.00 -0.004949
130.00 85.00 -0.0048578
135.00 85.00 -0.004764
140.00 85.00 -0.0046616
145.00 85.00 -0.0045447
150.00 85.00 -0.0044086
155.00 85.00 -0.00425
160.00 85.00 -0.0040661
165.00 85.00 -0.0038537
170.00 85.00 -0.0036101
175.00 85.00 -0.0033343
180.00 85.00 -0.0030285
-180.00 90.00 -0.0049562
-175.00 90.00 -0.0049562
-170.00 90.00 -0.0049562
-165.00 90.00 -0.0049562
-160.00 90.00 -0.0049562
-155.00 90.00 -0.0049562
-150.00 90.00 -0.0049562
-145.00 90.00 -0.0049562
-140.00 90.00 -0.0049562
-135.00 90.00 -0.0049562
-130.00 90.00 -0.0049562
-125.00 90.00 -0.0049562
-120.00 90.00 -0.0049562
-115.00 90.00 -0.0049562
-110.00 90.00 -0.0049562
-105.00 90.00 -0.0049562
-100.00 90.00 -0.0049562
-95.00 90.00 -0.0049562
-90.00 90.00 -0.0049562
-85.00 90.00 -0.0049562
-80.00 90.00 -0.0049562
-75.00 90.00 -0.0049562
-70.00 90.00 -0.0049562
-65.00 90.00 -0.0049562
-60.00 90.00 -0.0049562
-55.00 90.00 -0.0049562
-50.00 90.00 -0.0049562
-45.00 90.00 -0.0049562
-40.00 90.00 -0.0049562
-35.00 90.00 -0.0049562
-30.00 90.00 -0.0049562
-25.00 90.00 -0.0049562
-20.00 90.00 -0.0049562
-15.00 90.00 -0.0049562
-10.00 90.00 -0.0049562
-5.00 90.00 -0.0049562
0.00 90.00 -0.0049562
5.00 90.00 -0.0049562
10.00 90.00 -0.0049562
15.00 90.00 -0.0049562
20.00 90.00 -0.0049562
25.00 90.00 -0.0049562
30.00 90.00 -0.0049562
35.00 90.00 -0.0049562
40.00 90.00 -0.0049562
45.00 90.00 -0.0049562
50.00 90.00 -0.0049562
55.00 90.00 -0.0049562
60.00 90.00 -0.0049562
65.00 90.00 -0.0049562
70.00 90.00 -0.0049562
75.00 90.00 -0.0049562
80.00 90.00 -0.0049562
85.00 90.00 -0.0049562
90.00 90.00 -0.0049562
95.00 90.00 -0.0049562
100.00 90.00 -0.0049562
105.00 90.00 -0.0049562
110.00 90.00 -0.0049562
115.00 90.00 -0.0049562
120.00 90.00 -0.0049562
125.00 90.00 -0.0049562
130.00 90.00 -0.0049562
135.00 90.00 -0.0049562
140.00 90.00 -0.0049562
145.00 90.00 -0.0049562
150.00 90.00 -0.0049562
155.00 90.00 -0.0049562
160.00 90.00 -0.0049562
165.00 90.00 -0.0049562
170.00 90.00 -0.0049562
175.00 90.00 -0.0049562
180.00 90.00 -0.0049562
