-180.00 -90.00 -0.0006521
-175.00 -90.00 -0.0006519
-170.00 -90.00 -0.0006517
-165.00 -90.00 -0.0006514
-160.00 -90.00 -0.0006513
-155.00 -90.00 -0.0006511
-150.00 -90.00 -0.000651
-145.00 -90.00 -0.0006509
-140.00 -90.00 -0.0006508
-135.00 -90.00 -0.0006508
-130.00 -90.00 -0.0006508
-125.00 -90.00 -0.0006509
-120.00 -90.00 -0.0006509
-115.00 -90.00 -0.0006511
-110.00 -90.00 -0.0006512
-105.00 -90.00 -0.0006514
-100.00 -90.00 -0.0006516
-95.00 -90.00 -0.0006519
-90.00 -90.00 -0.0006521
-85.00 -90.00 -0.0006523
-80.00 -90.00 -0.0006525
-75.00 -90.00 -0.0006527
-70.00 -90.00 -0.0006529
-65.00 -90.00 -0.0006531
-60.00 -90.00 -0.0006532
-55.00 -90.00 -0.0006533
-50.00 -90.00 -0.0006534
-45.00 -90.00 -0.0006534
-40.00 -90.00 -0.0006534
-35.00 -90.00 -0.0006533
-30.00 -90.00 -0.0006532
-25.00 -90.00 -0.0006531
-20.00 -90.00 -0.0006529
-15.00 -90.00 -0.0006528
-10.00 -90.00 -0.0006525
-5.00 -90.00 -0.0006523
0.00 -90.00 -0.0006521
5.00 -90.00 -0.0006519
10.00 -90.00 -0.0006516
15.00 -90.00 -0.0006514
20.00 -90.00 -0.0006512
25.00 -90.00 -0.0006511
30.00 -90.00 -0.0006509
35.00 -90.00 -0.0006508
40.00 -90.00 -0.0006508
45.00 -90.00 -0.0006508
50.00 -90.00 -0.0006508
55.00 -90.00 -0.0006508
60.00 -90.00 -0.0006509
65.00 -90.00 -0.0006511
70.00 -90.00 -0.0006512
75.00 -90.00 -0.0006514
80.00 -90.00 -0.0006516
85.00 -90.00 -0.0006519
90.00 -90.00 -0.0006521
95.00 -90.00 -0.0006523
100.00 -90.00 -0.0006525
105.00 -90.00 -0.0006527
110.00 -90.00 -0.0006529
115.00 -90.00 -0.0006531
120.00 -90.00 -0.0006532
125.00 -90.00 -0.0006533
130.00 -90.00 -0.0006534
135.00 -90.00 -0.0006534
140.00 -90.00 -0.0006534
145.00 -90.00 -0.0006533
150.00 -90.00 -0.0006532
155.00 -90.00 -0.0006531
160.00 -90.00 -0.000653
165.00 -90.00 -0.0006528
170.00 -90.00 -0.0006526
175.00 -90.00 -0.0006523
180.00 -90.00 -0.0006521
-180.00 -85.00 -0.0042194
-175.00 -85.00 -0.004242
-170.00 -85.00 -0.0042336
-165.00 -85.00 -0.0041943
-160.00 -85.00 -0.0041246
-155.00 -85.00 -0.0040256
-150.00 -85.00 -0.0038989
-145.00 -85.00 -0.0037469
-140.00 -85.00 -0.0035717
-135.00 -85.00 -0.0033763
-130.00 -85.00 -0.0031637
-125.00 -85.00 -0.002938
-120.00 -85.00 -0.0027036
-115.00 -85.00 -0.0024651
-110.00 -85.00 -0.0022273
-105.00 -85.00 -0.0019949
-100.00 -85.00 -0.0017728
-95.00 -85.00 -0.0015653
-90.00 -85.00 -0.001376
-85.00 -85.00 -0.0012076
-80.00 -85.00 -0.0010612
-75.00 -85.00 -0.0009371
-70.00 -85.00 -0.0008341
-65.00 -85.00 -0.0007499
-60.00 -85.00 -0.0006811
-55.00 -85.00 -0.0006235
-50.00 -85.00 -0.0005724
-45.00 -85.00 -0.0005227
-40.00 -85.00 -0.0004694
-35.00 -85.00 -0.0004078
-30.00 -85.00 -0.0003342
-25.00 -85.00 -0.0002457
-20.00 -85.00 -0.0001407
-15.00 -85.00 -1.85e-05
-10.00 -85.00 0.0001204
-5.00 -85.00 0.0002741
0.00 -85.00 0.000439
5.00 -85.00 0.0006108
10.00 -85.00 0.0007841
15.00 -85.00 0.0009538
20.00 -85.00 0.001114
25.00 -85.00 0.0012584
30.00 -85.00 0.0013808
35.00 -85.00 0.0014753
40.00 -85.00 0.0015371
45.00 -85.00 0.0015624
50.00 -85.00 0.0015481
55.00 -85.00 0.0014916
60.00 -85.00 0.0013918
65.00 -85.00 0.0012491
70.00 -85.00 0.0010655
75.00 -85.00 0.0008441
80.00 -85.00 0.0005892
85.00 -85.00 0.0003055
90.00 -85.00 -8e-07
95.00 -85.00 -0.0003232
100.00 -85.00 -0.0006548
105.00 -85.00 -0.0009893
110.00 -85.00 -0.0013213
115.00 -85.00 -0.0016459
120.00 -85.00 -0.0019594
125.00 -85.00 -0.0022586
130.00 -85.00 -0.0025414
135.00 -85.00 -0.0028067
140.00 -85.00 -0.0030535
145.00 -85.00 -0.0032809
150.00 -85.00 -0.0034879
155.00 -85.00 -0.0036731
160.00 -85.00 -0.0038353
165.00 -85.00 -0.0039727
170.00 -85.00 -0.0040837
175.00 -85.00 -0.0041664
180.00 -85.00 -0.0042194
-180.00 -80.00 -0.0072379
-175.00 -80.00 -0.0074919
-170.00 -80.00 -0.0076521
-165.00 -80.00 -0.0077192
-160.00 -80.00 -0.0077138
-155.00 -80.00 -0.0076563
-150.00 -80.00 -0.0075474
-145.00 -80.00 -0.00738
-140.00 -80.00 -0.0071571
-135.00 -80.00 -0.006883
-130.00 -80.00 -0.0065468
-125.00 -80.00 -0.0061318
-120.00 -80.00 -0.0056415
-115.00 -80.00 -0.0050976
-110.00 -80.00 -0.0045191
-105.00 -80.00 -0.0039197
-100.00 -80.00 -0.0033265
-95.00 -80.00 -0.0027806
-90.00 -80.00 -0.002313
-85.00 -80.00 -0.0019327
-80.00 -80.00 -0.0016455
-75.00 -80.00 -0.001465
-70.00 -80.00 -0.0013958
-65.00 -80.00 -0.0014198
-60.00 -80.00 -0.0015123
-55.00 -80.00 -0.0016608
-50.00 -80.00 -0.0018538
-45.00 -80.00 -0.0020625
-40.00 -80.00 -0.0022499
-35.00 -80.00 -0.0023941
-30.00 -80.00 -0.0024846
-25.00 -80.00 -0.0025021
-20.00 -80.00 -0.002422
-15.00 -80.00 -0.0022376
-10.00 -80.00 -0.0019634
-5.00 -80.00 -0.0016135
0.00 -80.00 -0.0011927
5.00 -80.00 -0.0007154
10.00 -80.00 -0.000213
15.00 -80.00 0.0002873
20.00 -80.00 0.0007772
25.00 -80.00 0.0012519
30.00 -80.00 0.0016933
35.00 -80.00 0.0020827
40.00 -80.00 0.002418
45.00 -80.00 0.0027027
50.00 -80.00 0.0029242
55.00 -80.00 0.0030598
60.00 -80.00 0.0030995
65.00 -80.00 0.0030441
70.00 -80.00 0.0028857
75.00 -80.00 0.0026093
80.00 -80.00 0.0022169
85.00 -80.00 0.0017344
90.00 -80.00 0.0011899
95.00 -80.00 0.0006032
100.00 -80.00 9e-07
105.00 -80.00 -0.0005765
110.00 -80.00 -0.0010978
115.00 -80.00 -0.0015597
120.00 -80.00 -0.0019742
125.00 -80.00 -0.0023496
130.00 -80.00 -0.0026989
135.00 -80.00 -0.0030532
140.00 -80.00 -0.0034473
145.00 -80.00 -0.0038933
150.00 -80.00 -0.0043816
155.00 -80.00 -0.0049021
160.00 -80.00 -0.0054454
165.00 -80.00 -0.0059849
170.00 -80.00 -0.0064794
175.00 -80.00 -0.0068994
180.00 -80.00 -0.0072379
-180.00 -75.00 -0.0083019
-175.00 -75.00 -0.0087577
-170.00 -75.00 -0.0089897
-165.00 -75.00 -0.009068
-160.00 -75.00 -0.0090722
-155.00 -75.00 -0.0090745
-150.00 -75.00 -0.0091219
-145.00 -75.00 -0.0092257
-140.00 -75.00 -0.0093584
-135.00 -75.00 -0.0094576
-130.00 -75.00 -0.009439
-125.00 -75.00 -0.0092205
-120.00 -75.00 -0.0087475
-115.00 -75.00 -0.0080103
-110.00 -75.00 -0.0070499
-105.00 -75.00 -0.0059493
-100.00 -75.00 -0.004812
-95.00 -75.00 -0.0037356
-90.00 -75.00 -0.0027942
-85.00 -75.00 -0.0020315
-80.00 -75.00 -0.0014625
-75.00 -75.00 -0.0010831
-70.00 -75.00 -0.000882
-65.00 -75.00 -0.0008474
-60.00 -75.00 -0.0009663
-55.00 -75.00 -0.0012232
-50.00 -75.00 -0.0015973
-45.00 -75.00 -0.0020562
-40.00 -75.00 -0.002552
-35.00 -75.00 -0.0030246
-30.00 -75.00 -0.0034077
-25.00 -75.00 -0.003637
-20.00 -75.00 -0.0036655
-15.00 -75.00 -0.0034791
-10.00 -75.00 -0.0031028
-5.00 -75.00 -0.0025949
0.00 -75.00 -0.0020343
5.00 -75.00 -0.001501
10.00 -75.00 -0.0010535
15.00 -75.00 -0.0007154
20.00 -75.00 -0.0004781
25.00 -75.00 -0.0003096
30.00 -75.00 -0.0001651
35.00 -75.00 2e-07
40.00 -75.00 0.0002207
45.00 -75.00 0.0005193
50.00 -75.00 0.0009079
55.00 -75.00 0.0013814
60.00 -75.00 0.0019123
65.00 -75.00 0.0024512
70.00 -75.00 0.0029301
75.00 -75.00 0.003271
80.00 -75.00 0.0034054
85.00 -75.00 0.0032977
90.00 -75.00 0.0029605
95.00 -75.00 0.0024549
100.00 -75.00 0.00188
105.00 -75.00 0.0013496
110.00 -75.00 0.0009573
115.00 -75.00 0.0007481
120.00 -75.00 0.0007059
125.00 -75.00 0.0007559
130.00 -75.00 0.000781
135.00 -75.00 0.0006534
140.00 -75.00 0.0002693
145.00 -75.00 -0.0004257
150.00 -75.00 -0.0014247
155.00 -75.00 -0.0026599
160.00 -75.00 -0.0040178
165.00 -75.00 -0.0053667
170.00 -75.00 -0.0065842
175.00 -75.00 -0.0075783
180.00 -75.00 -0.0083019
-180.00 -70.00 -0.00821
-175.00 -70.00 -0.0083818
-170.00 -70.00 -0.0082527
-165.00 -70.00 -0.0079619
-160.00 -70.00 -0.0076421
-155.00 -70.00 -0.00741
-150.00 -70.00 -0.0073639
-145.00 -70.00 -0.0075721
-140.00 -70.00 -0.0080444
-135.00 -70.00 -0.0086972
-130.00 -70.00 -0.0093461
-125.00 -70.00 -0.0097478
-120.00 -70.00 -0.0096879
-115.00 -70.00 -0.0090736
-110.00 -70.00 -0.0079779
-105.00 -70.00 -0.0066066
-100.00 -70.00 -0.005204
-95.00 -70.00 -0.0039502
-90.00 -70.00 -0.0029057
-85.00 -70.00 -0.0020264
-80.00 -70.00 -0.0012285
-75.00 -70.00 -0.0004597
-70.00 -70.00 0.0002646
-65.00 -70.00 0.0008702
-60.00 -70.00 0.0012615
-55.00 -70.00 0.001361
-50.00 -70.00 0.0011319
-45.00 -70.00 0.0005858
-40.00 -70.00 -0.000217
-35.00 -70.00 -0.0011641
-30.00 -70.00 -0.0020928
-25.00 -70.00 -0.0028106
-20.00 -70.00 -0.0031433
-15.00 -70.00 -0.0030028
-10.00 -70.00 -0.0024408
-5.00 -70.00 -0.0016538
0.00 -70.00 -0.0009227
5.00 -70.00 -0.0005067
10.00 -70.00 -0.0005429
15.00 -70.00 -0.0010026
20.00 -70.00 -0.001723
25.00 -70.00 -0.0024929
30.00 -70.00 -0.0031406
35.00 -70.00 -0.0035793
40.00 -70.00 -0.0037944
45.00 -70.00 -0.0037955
50.00 -70.00 -0.0035702
55.00 -70.00 -0.0030728
60.00 -70.00 -0.0022545
65.00 -70.00 -0.0011163
70.00 -70.00 0.0002497
75.00 -70.00 0.0016582
80.00 -70.00 0.0028768
85.00 -70.00 0.0037035
90.00 -70.00 0.0040425
95.00 -70.00 0.0039414
100.00 -70.00 0.0035751
105.00 -70.00 0.0031796
110.00 -70.00 0.002966
115.00 -70.00 0.0030458
120.00 -70.00 0.003394
125.00 -70.00 0.0038588
130.00 -70.00 0.0042101
135.00 -70.00 0.0042106
140.00 -70.00 0.0036864
145.00 -70.00 0.0025764
150.00 -70.00 0.0009494
155.00 -70.00 -0.0010157
160.00 -70.00 -0.0030759
165.00 -70.00 -0.0049824
170.00 -70.00 -0.0065345
175.00 -70.00 -0.0076165
180.00 -70.00 -0.00821
-180.00 -65.00 -0.0080718
-175.00 -65.00 -0.0077161
-170.00 -65.00 -0.0072967
-165.00 -65.00 -0.0069357
-160.00 -65.00 -0.006608
-155.00 -65.00 -0.0061965
-150.00 -65.00 -0.0056492
-145.00 -65.00 -0.0051106
-140.00 -65.00 -0.0048866
-135.00 -65.00 -0.005227
-130.00 -65.00 -0.0060809
-125.00 -65.00 -0.0070388
-120.00 -65.00 -0.0075455
-115.00 -65.00 -0.0072538
-110.00 -65.00 -0.0062572
-105.00 -65.00 -0.0050237
-100.00 -65.00 -0.0040723
-95.00 -65.00 -0.0036269
-90.00 -65.00 -0.0034887
-85.00 -65.00 -0.0032009
-80.00 -65.00 -0.0023676
-75.00 -65.00 -0.0009037
-70.00 -65.00 0.0009337
-65.00 -65.00 0.0027113
-60.00 -65.00 0.0040435
-55.00 -65.00 0.0047268
-50.00 -65.00 0.0047345
-45.00 -65.00 0.0041248
-40.00 -65.00 0.0029653
-35.00 -65.00 0.0013425
-30.00 -65.00 -0.000558
-25.00 -65.00 -0.0023901
-20.00 -65.00 -0.0037003
-15.00 -65.00 -0.0041178
-10.00 -65.00 -0.003585
-5.00 -65.00 -0.0024672
0.00 -65.00 -0.0014238
5.00 -65.00 -0.0010811
10.00 -65.00 -0.0016945
15.00 -65.00 -0.0030155
20.00 -65.00 -0.004452
25.00 -65.00 -0.0054127
30.00 -65.00 -0.0056178
35.00 -65.00 -0.0051957
40.00 -65.00 -0.0045418
45.00 -65.00 -0.0040531
50.00 -65.00 -0.0039047
55.00 -65.00 -0.0039788
60.00 -65.00 -0.0039599
65.00 -65.00 -0.0035284
70.00 -65.00 -0.002545
75.00 -65.00 -0.0011311
80.00 -65.00 0.0003929
85.00 -65.00 0.0016743
90.00 -65.00 0.0025
95.00 -65.00 0.0028788
100.00 -65.00 0.0029939
105.00 -65.00 0.0030735
110.00 -65.00 0.0032644
115.00 -65.00 0.0035751
120.00 -65.00 0.0038937
125.00 -65.00 0.0040438
130.00 -65.00 0.0038447
135.00 -65.00 0.0031618
140.00 -65.00 0.0019494
145.00 -65.00 0.0002765
150.00 -65.00 -0.0016805
155.00 -65.00 -0.0036819
160.00 -65.00 -0.0054857
165.00 -65.00 -0.0068968
170.00 -65.00 -0.0077958
175.00 -65.00 -0.0081588
180.00 -65.00 -0.0080718
-180.00 -60.00 -0.0085246
-175.00 -60.00 -0.0075375
-170.00 -60.00 -0.0069117
-165.00 -60.00 -0.007056
-160.00 -60.00 -0.0077975
-155.00 -60.00 -0.008335
-150.00 -60.00 -0.0077988
-145.00 -60.00 -0.0060192
-140.00 -60.00 -0.003807
-135.00 -60.00 -0.002401
-130.00 -60.00 -0.0024894
-125.00 -60.00 -0.0036406
-120.00 -60.00 -0.0046567
-115.00 -60.00 -0.0045637
-110.00 -60.00 -0.0033995
-105.00 -60.00 -0.0021437
-100.00 -60.00 -0.001872
-95.00 -60.00 -0.0028495
-90.00 -60.00 -0.0042862
-85.00 -60.00 -0.0049067
-80.00 -60.00 -0.0038418
-75.00 -60.00 -0.0011693
-70.00 -60.00 0.0022204
-65.00 -60.00 0.0052247
-60.00 -60.00 0.0071219
-55.00 -60.00 0.0077976
-50.00 -60.00 0.0075685
-45.00 -60.00 0.0068064
-40.00 -60.00 0.0056347
-35.00 -60.00 0.0038937
-30.00 -60.00 0.0014004
-25.00 -60.00 -0.0016773
-20.00 -60.00 -0.0046539
-15.00 -60.00 -0.0065977
-10.00 -60.00 -0.0069395
-5.00 -60.00 -0.0059707
0.00 -60.00 -0.0047705
5.00 -60.00 -0.0045156
10.00 -60.00 -0.0056487
15.00 -60.00 -0.0075461
20.00 -60.00 -0.0089403
25.00 -60.00 -0.0087656
30.00 -60.00 -0.0068044
35.00 -60.00 -0.0037403
40.00 -60.00 -0.000701
45.00 -60.00 0.0013335
50.00 -60.00 0.0019228
55.00 -60.00 0.0012477
60.00 -60.00 -6.94e-05
65.00 -60.00 -0.0012946
70.00 -60.00 -0.0019296
75.00 -60.00 -0.0019092
80.00 -60.00 -0.0015288
85.00 -60.00 -0.001144
90.00 -60.00 -0.0008638
95.00 -60.00 -0.0004834
100.00 -60.00 0.0002904
105.00 -60.00 0.0015193
110.00 -60.00 0.0029006
115.00 -60.00 0.0039291
120.00 -60.00 0.0041994
125.00 -60.00 0.0035943
130.00 -60.00 0.0022457
135.00 -60.00 0.0003784
140.00 -60.00 -0.001786
145.00 -60.00 -0.0040182
150.00 -60.00 -0.0060635
155.00 -60.00 -0.0077029
160.00 -60.00 -0.0088395
165.00 -60.00 -0.0094882
170.00 -60.00 -0.0096655
175.00 -60.00 -0.0093333
180.00 -60.00 -0.0085246
-180.00 -55.00 -0.0092511
-175.00 -55.00 -0.0073195
-170.00 -55.00 -0.0054715
-165.00 -55.00 -0.0053489
-160.00 -55.00 -0.0074833
-155.00 -55.00 -0.0104003
-150.00 -55.00 -0.0115563
-145.00 -55.00 -0.0094922
-140.00 -55.00 -0.0052292
-135.00 -55.00 -0.0015023
-130.00 -55.00 -0.0004643
-125.00 -55.00 -0.0019546
-120.00 -55.00 -0.0038653
-115.00 -55.00 -0.004154
-110.00 -55.00 -0.0026125
-105.00 -55.00 -0.0008656
-100.00 -55.00 -0.0007468
-95.00 -55.00 -0.0025866
-90.00 -55.00 -0.0048848
-85.00 -55.00 -0.0055331
-80.00 -55.00 -0.0034382
-75.00 -55.00 0.0007838
-70.00 -55.00 0.0054135
-65.00 -55.00 0.0088134
-60.00 -55.00 0.0102453
-55.00 -55.00 0.0099591
-50.00 -55.00 0.0087974
-45.00 -55.00 0.0076528
-40.00 -55.00 0.0069533
-35.00 -55.00 0.0063646
-30.00 -55.00 0.0049987
-25.00 -55.00 0.0021792
-20.00 -55.00 -0.0017546
-15.00 -55.00 -0.0054031
-10.00 -55.00 -0.0072845
-5.00 -55.00 -0.0070951
0.00 -55.00 -0.0060652
5.00 -55.00 -0.0059467
10.00 -55.00 -0.0074799
15.00 -55.00 -0.0097351
20.00 -55.00 -0.010907
25.00 -55.00 -0.0097623
30.00 -55.00 -0.0064509
35.00 -55.00 -0.0021744
40.00 -55.00 0.0017074
45.00 -55.00 0.0042962
50.00 -55.00 0.0052637
55.00 -55.00 0.0047613
60.00 -55.00 0.00336
65.00 -55.00 0.0018829
70.00 -55.00 0.0009787
75.00 -55.00 0.0006801
80.00 -55.00 0.0004158
85.00 -55.00 -0.0003943
90.00 -55.00 -0.0016487
95.00 -55.00 -0.002472
100.00 -55.00 -0.0019032
105.00 -55.00 0.0002178
110.00 -55.00 0.0029992
115.00 -55.00 0.0051325
120.00 -55.00 0.0058218
125.00 -55.00 0.0051611
130.00 -55.00 0.0037168
135.00 -55.00 0.0018811
140.00 -55.00 -0.0003041
145.00 -55.00 -0.0027907
150.00 -55.00 -0.0052143
155.00 -55.00 -0.0070945
160.00 -55.00 -0.0083016
165.00 -55.00 -0.00914
170.00 -55.00 -0.0098456
175.00 -55.00 -0.0100917
180.00 -55.00 -0.0092511
-180.00 -50.00 -0.0082867
-175.00 -50.00 -0.0064784
-170.00 -50.00 -0.0029922
-165.00 -50.00 -0.0010278
-160.00 -50.00 -0.003015
-155.00 -50.00 -0.0078584
-150.00 -50.00 -0.0115017
-145.00 -50.00 -0.0105943
-140.00 -50.00 -0.0056698
-135.00 -50.00 -0.0006302
-130.00 -50.00 0.0008772
-125.00 -50.00 -0.0014482
-120.00 -50.00 -0.0048057
-115.00 -50.00 -0.0062149
-110.00 -50.00 -0.0051173
-105.00 -50.00 -0.0034128
-100.00 -50.00 -0.003269
-95.00 -50.00 -0.0049233
-90.00 -50.00 -0.0064587
-85.00 -50.00 -0.005609
-80.00 -50.00 -0.0017833
-75.00 -50.00 0.0035569
-70.00 -50.00 0.0082551
-65.00 -50.00 0.0109648
-60.00 -50.00 0.0114886
-55.00 -50.00 0.0102574
-50.00 -50.00 0.008012
-45.00 -50.00 0.0058704
-40.00 -50.00 0.0050149
-35.00 -50.00 0.0057492
-30.00 -50.00 0.0068868
-25.00 -50.00 0.0065181
-20.00 -50.00 0.003762
-15.00 -50.00 -0.0002006
-10.00 -50.00 -0.0030606
-5.00 -50.00 -0.003543
0.00 -50.00 -0.0026163
5.00 -50.00 -0.0024121
10.00 -50.00 -0.0039659
15.00 -50.00 -0.0062243
20.00 -50.00 -0.0073131
25.00 -50.00 -0.0064812
30.00 -50.00 -0.0045507
35.00 -50.00 -0.0026969
40.00 -50.00 -0.0013049
45.00 -50.00 -0.0001595
50.00 -50.00 0.0007085
55.00 -50.00 0.0009122
60.00 -50.00 0.0004688
65.00 -50.00 0.0002313
70.00 -50.00 0.001156
75.00 -50.00 0.003099
80.00 -50.00 0.0045854
85.00 -50.00 0.0040447
90.00 -50.00 0.001414
95.00 -50.00 -0.0015149
100.00 -50.00 -0.0024907
105.00 -50.00 -0.0007119
110.00 -50.00 0.00256
115.00 -50.00 0.0052688
120.00 -50.00 0.0064071
125.00 -50.00 0.006564
130.00 -50.00 0.0067423
135.00 -50.00 0.0069256
140.00 -50.00 0.0060907
145.00 -50.00 0.0036085
150.00 -50.00 0.0002902
155.00 -50.00 -0.0022736
160.00 -50.00 -0.0033929
165.00 -50.00 -0.0039914
170.00 -50.00 -0.005382
175.00 -50.00 -0.0074208
180.00 -50.00 -0.0082867
-180.00 -45.00 -0.003951
-175.00 -45.00 -0.0051938
-170.00 -45.00 -0.0025626
-165.00 -45.00 0.0009317
-160.00 -45.00 0.0011405
-155.00 -45.00 -0.0027024
-150.00 -45.00 -0.006985
-145.00 -45.00 -0.0075207
-140.00 -45.00 -0.0039325
-135.00 -45.00 0.0001825
-130.00 -45.00 0.0011146
-125.00 -45.00 -0.0015695
-120.00 -45.00 -0.0053437
-115.00 -45.00 -0.0075849
-110.00 -45.00 -0.0077498
-105.00 -45.00 -0.0072107
-100.00 -45.00 -0.0074589
-95.00 -45.00 -0.0084191
-90.00 -45.00 -0.0083725
-85.00 -45.00 -0.0056885
-80.00 -45.00 -0.0006834
-75.00 -45.00 0.0045244
-70.00 -45.00 0.008051
-65.00 -45.00 0.0096548
-60.00 -45.00 0.0099342
-55.00 -45.00 0.0088932
-50.00 -45.00 0.0061844
-45.00 -45.00 0.0025767
-40.00 -45.00 0.0001737
-35.00 -45.00 0.0005888
-30.00 -45.00 0.0031331
-25.00 -45.00 0.005223
-20.00 -45.00 0.0047498
-15.00 -45.00 0.0020726
-10.00 -45.00 -0.0004048
-5.00 -45.00 -0.0007517
0.00 -45.00 0.000509
5.00 -45.00 0.0012355
10.00 -45.00 0.0003445
15.00 -45.00 -0.001042
20.00 -45.00 -0.0014033
25.00 -45.00 -0.000991
30.00 -45.00 -0.001328
35.00 -45.00 -0.0028645
40.00 -45.00 -0.0042224
45.00 -45.00 -0.0040956
50.00 -45.00 -0.0030836
55.00 -45.00 -0.0028859
60.00 -45.00 -0.0039266
65.00 -45.00 -0.0045312
70.00 -45.00 -0.0027601
75.00 -45.00 0.0012129
80.00 -45.00 0.0048432
85.00 -45.00 0.0054021
90.00 -45.00 0.0024929
95.00 -45.00 -0.0014667
100.00 -45.00 -0.0032767
105.00 -45.00 -0.0016933
110.00 -45.00 0.0016797
115.00 -45.00 0.0042331
120.00 -45.00 0.005038
125.00 -45.00 0.0054683
130.00 -45.00 0.007084
135.00 -45.00 0.0093017
140.00 -45.00 0.0097421
145.00 -45.00 0.0070094
150.00 -45.00 0.0026735
155.00 -45.00 -2.2e-06
160.00 -45.00 0.0006212
165.00 -45.00 0.0027704
170.00 -45.00 0.0030436
175.00 -45.00 4.04e-05
180.00 -45.00 -0.003951
-180.00 -40.00 0.0022038
-175.00 -40.00 -0.0026969
-170.00 -40.00 -0.0039908
-165.00 -40.00 -0.0018035
-160.00 -40.00 0.0003786
-155.00 -40.00 -0.0002107
-150.00 -40.00 -0.0026462
-145.00 -40.00 -0.0040162
-140.00 -40.00 -0.0032515
-135.00 -40.00 -0.0020071
-130.00 -40.00 -0.002085
-125.00 -40.00 -0.0034443
-120.00 -40.00 -0.0050019
-115.00 -40.00 -0.0061311
-110.00 -40.00 -0.0067859
-105.00 -40.00 -0.0070492
-100.00 -40.00 -0.0071308
-95.00 -40.00 -0.0070956
-90.00 -40.00 -0.0062085
-85.00 -40.00 -0.003444
-80.00 -40.00 0.0008451
-75.00 -40.00 0.0047418
-70.00 -40.00 0.0069257
-65.00 -40.00 0.0080138
-60.00 -40.00 0.0088661
-55.00 -40.00 0.00865
-50.00 -40.00 0.0060069
-45.00 -40.00 0.0015751
-40.00 -40.00 -0.0021039
-35.00 -40.00 -0.0031628
-30.00 -40.00 -0.0019838
-25.00 -40.00 -0.0003783
-20.00 -40.00 5.59e-05
-15.00 -40.00 -0.0009442
-10.00 -40.00 -0.0021313
-5.00 -40.00 -0.0019836
0.00 -40.00 -0.0005271
5.00 -40.00 0.0007225
10.00 -40.00 0.0010354
15.00 -40.00 0.0015365
20.00 -40.00 0.0030795
25.00 -40.00 0.0042634
30.00 -40.00 0.0031873
35.00 -40.00 0.0005583
40.00 -40.00 -0.0008236
45.00 -40.00 0.0001587
50.00 -40.00 0.0012858
55.00 -40.00 -0.0001177
60.00 -40.00 -0.0036676
65.00 -40.00 -0.0062802
70.00 -40.00 -0.0056701
75.00 -40.00 -0.002675
80.00 -40.00 -0.0001572
85.00 -40.00 -0.0002124
90.00 -40.00 -0.0024964
95.00 -40.00 -0.0047043
100.00 -40.00 -0.0044853
105.00 -40.00 -0.0014158
110.00 -40.00 0.0025155
115.00 -40.00 0.0047045
120.00 -40.00 0.0045748
125.00 -40.00 0.0041218
130.00 -40.00 0.0053829
135.00 -40.00 0.0076865
140.00 -40.00 0.0081711
145.00 -40.00 0.0051768
150.00 -40.00 0.0005401
155.00 -40.00 -0.0019004
160.00 -40.00 3.14e-05
165.00 -40.00 0.0047357
170.00 -40.00 0.008131
175.00 -40.00 0.0070983
180.00 -40.00 0.0022038
-180.00 -35.00 0.0069766
-175.00 -35.00 0.0027192
-170.00 -35.00 -0.0022012
-165.00 -35.00 -0.0041129
-160.00 -35.00 -0.0029465
-155.00 -35.00 -0.001707
-150.00 -35.00 -0.0023604
-145.00 -35.00 -0.0041176
-140.00 -35.00 -0.0055942
-135.00 -35.00 -0.0064771
-130.00 -35.00 -0.0066683
-125.00 -35.00 -0.0058232
-120.00 -35.00 -0.0044767
-115.00 -35.00 -0.0038849
-110.00 -35.00 -0.0039953
-105.00 -35.00 -0.0032553
-100.00 -35.00 -0.0011892
-95.00 -35.00 0.000664
-90.00 -35.00 0.0013407
-85.00 -35.00 0.0020543
-80.00 -35.00 0.0039685
-75.00 -35.00 0.0062978
-70.00 -35.00 0.0080867
-65.00 -35.00 0.0098513
-60.00 -35.00 0.0116477
-55.00 -35.00 0.0115835
-50.00 -35.00 0.008527
-45.00 -35.00 0.0045093
-40.00 -35.00 0.0020604
-35.00 -35.00 0.0008275
-30.00 -35.00 -0.0007707
-25.00 -35.00 -0.0023001
-20.00 -35.00 -0.0024023
-15.00 -35.00 -0.0016145
-10.00 -35.00 -0.0014164
-5.00 -35.00 -0.0016684
0.00 -35.00 -0.0013298
5.00 -35.00 -0.000439
10.00 -35.00 0.0007384
15.00 -35.00 0.0029918
20.00 -35.00 0.006351
25.00 -35.00 0.0085531
30.00 -35.00 0.0078138
35.00 -35.00 0.0058725
40.00 -35.00 0.0056663
45.00 -35.00 0.0067785
50.00 -35.00 0.0058989
55.00 -35.00 0.0017777
60.00 -35.00 -0.0027166
65.00 -35.00 -0.004284
70.00 -35.00 -0.003249
75.00 -35.00 -0.0026837
80.00 -35.00 -0.0043642
85.00 -35.00 -0.0069738
90.00 -35.00 -0.0081108
95.00 -35.00 -0.0067583
100.00 -35.00 -0.0034835
105.00 -35.00 0.0005454
110.00 -35.00 0.0039315
115.00 -35.00 0.0054049
120.00 -35.00 0.0049902
125.00 -35.00 0.0044183
130.00 -35.00 0.0053019
135.00 -35.00 0.0070205
140.00 -35.00 0.0073425
145.00 -35.00 0.0051484
150.00 -35.00 0.001688
155.00 -35.00 -0.0008815
160.00 -35.00 -0.0012574
165.00 -35.00 0.0007661
170.00 -35.00 0.0043894
175.00 -35.00 0.0073843
180.00 -35.00 0.0069766
-180.00 -30.00 0.009883
-175.00 -30.00 0.0098294
-170.00 -30.00 0.0036355
-165.00 -30.00 -0.0026602
-160.00 -30.00 -0.0047869
-155.00 -30.00 -0.0045572
-150.00 -30.00 -0.0053934
-145.00 -30.00 -0.0073476
-140.00 -30.00 -0.0084423
-135.00 -30.00 -0.0080319
-130.00 -30.00 -0.0067385
-125.00 -30.00 -0.0051356
-120.00 -30.00 -0.0040749
-115.00 -30.00 -0.0042874
-110.00 -30.00 -0.0043953
-105.00 -30.00 -0.0016867
-100.00 -30.00 0.0036906
-95.00 -30.00 0.0078551
-90.00 -30.00 0.00821
-85.00 -30.00 0.0067277
-80.00 -30.00 0.0064298
-75.00 -30.00 0.007591
-70.00 -30.00 0.0095367
-65.00 -30.00 0.0126148
-60.00 -30.00 0.0155743
-55.00 -30.00 0.0149109
-50.00 -30.00 0.0103542
-45.00 -30.00 0.0069553
-40.00 -30.00 0.0077131
-35.00 -30.00 0.0085409
-30.00 -30.00 0.0052806
-25.00 -30.00 0.0010962
-20.00 -30.00 0.0011951
-15.00 -30.00 0.0042664
-10.00 -30.00 0.0052507
-5.00 -30.00 0.0033868
0.00 -30.00 0.0017969
5.00 -30.00 0.0018
10.00 -30.00 0.0026842
15.00 -30.00 0.0046379
20.00 -30.00 0.0075632
25.00 -30.00 0.0093516
30.00 -30.00 0.0088978
35.00 -30.00 0.0082618
40.00 -30.00 0.0087296
45.00 -30.00 0.0076101
50.00 -30.00 0.0024501
55.00 -30.00 -0.003795
60.00 -30.00 -0.0055634
65.00 -30.00 -0.0019369
70.00 -30.00 0.0019009
75.00 -30.00 0.0008713
80.00 -30.00 -0.0042364
85.00 -30.00 -0.008215
90.00 -30.00 -0.0076009
95.00 -30.00 -0.0038432
100.00 -30.00 -0.0004623
105.00 -30.00 0.0010438
110.00 -30.00 0.0014944
115.00 -30.00 0.0018641
120.00 -30.00 0.0025864
125.00 -30.00 0.0041937
130.00 -30.00 0.0068349
135.00 -30.00 0.009334
140.00 -30.00 0.0101736
145.00 -30.00 0.0093651
150.00 -30.00 0.0079895
155.00 -30.00 0.0059924
160.00 -30.00 0.0024421
165.00 -30.00 -0.0013261
170.00 -30.00 -0.0013169
175.00 -30.00 0.0040088
180.00 -30.00 0.009883
-180.00 -25.00 0.012423
-175.00 -25.00 0.013803
-170.00 -25.00 0.0071784
-165.00 -25.00 -0.0010899
-160.00 -25.00 -0.004799
-155.00 -25.00 -0.0054623
-150.00 -25.00 -0.0073165
-145.00 -25.00 -0.0097221
-140.00 -25.00 -0.0091257
-135.00 -25.00 -0.0054586
-130.00 -25.00 -0.0022267
-125.00 -25.00 -0.0018792
-120.00 -25.00 -0.0040861
-115.00 -25.00 -0.0069479
-110.00 -25.00 -0.0075707
-105.00 -25.00 -0.0035568
-100.00 -25.00 0.0036105
-95.00 -25.00 0.0087834
-90.00 -25.00 0.0090745
-85.00 -25.00 0.0071371
-80.00 -25.00 0.0064816
-75.00 -25.00 0.0071455
-70.00 -25.00 0.0085986
-65.00 -25.00 0.0119782
-60.00 -25.00 0.0156172
-55.00 -25.00 0.0142462
-50.00 -25.00 0.0077504
-45.00 -25.00 0.004147
-40.00 -25.00 0.0076649
-35.00 -25.00 0.011209
-30.00 -25.00 0.0080788
-25.00 -25.00 0.0032675
-20.00 -25.00 0.0043009
-15.00 -25.00 0.0084467
-10.00 -25.00 0.0086561
-5.00 -25.00 0.0055909
0.00 -25.00 0.0044132
5.00 -25.00 0.0052879
10.00 -25.00 0.005243
15.00 -25.00 0.0044819
20.00 -25.00 0.0044401
25.00 -25.00 0.0043969
30.00 -25.00 0.0044343
35.00 -25.00 0.0063106
40.00 -25.00 0.0082326
45.00 -25.00 0.0050225
50.00 -25.00 -0.0033406
55.00 -25.00 -0.0092475
60.00 -25.00 -0.0068889
65.00 -25.00 0.0002653
70.00 -25.00 0.0042484
75.00 -25.00 0.0018488
80.00 -25.00 -0.0031296
85.00 -25.00 -0.005198
90.00 -25.00 -0.0030327
95.00 -25.00 -3.5e-06
100.00 -25.00 0.0003743
105.00 -25.00 -0.0017036
110.00 -25.00 -0.0035187
115.00 -25.00 -0.0032966
120.00 -25.00 -0.001032
125.00 -25.00 0.0028034
130.00 -25.00 0.0073551
135.00 -25.00 0.0107943
140.00 -25.00 0.0116202
145.00 -25.00 0.0106985
150.00 -25.00 0.0103458
155.00 -25.00 0.0107714
160.00 -25.00 0.0093214
165.00 -25.00 0.0050943
170.00 -25.00 0.0024079
175.00 -25.00 0.0058396
180.00 -25.00 0.0124229
-180.00 -20.00 0.013347
-175.00 -20.00 0.0119777
-170.00 -20.00 0.0055347
-165.00 -20.00 -0.0012508
-160.00 -20.00 -0.0031024
-155.00 -20.00 -0.0024705
-150.00 -20.00 -0.0046031
-145.00 -20.00 -0.0082787
-140.00 -20.00 -0.0080093
-135.00 -20.00 -0.0031986
-130.00 -20.00 0.0008305
-125.00 -20.00 0.0001417
-120.00 -20.00 -0.0039011
-115.00 -20.00 -0.0075111
-110.00 -20.00 -0.0078119
-105.00 -20.00 -0.0039394
-100.00 -20.00 0.0020406
-95.00 -20.00 0.0059724
-90.00 -20.00 0.0060752
-85.00 -20.00 0.0052275
-80.00 -20.00 0.0062446
-75.00 -20.00 0.007817
-70.00 -20.00 0.0085334
-65.00 -20.00 0.0102504
-60.00 -20.00 0.0125682
-55.00 -20.00 0.0102346
-50.00 -20.00 0.0027259
-45.00 -20.00 -0.0011534
-40.00 -20.00 0.0035175
-35.00 -20.00 0.0086196
-30.00 -20.00 0.0063586
-25.00 -20.00 0.0018994
-20.00 -20.00 0.0023638
-15.00 -20.00 0.0040298
-10.00 -20.00 0.0016345
-5.00 -20.00 -0.0003898
0.00 -20.00 0.0030048
5.00 -20.00 0.0073081
10.00 -20.00 0.0067726
15.00 -20.00 0.0033449
20.00 -20.00 0.0005926
25.00 -20.00 -0.0014577
30.00 -20.00 -0.0014293
35.00 -20.00 0.0028461
40.00 -20.00 0.0068028
45.00 -20.00 0.0032606
50.00 -20.00 -0.0050276
55.00 -20.00 -0.007832
60.00 -20.00 -0.0026629
65.00 -20.00 0.0025637
70.00 -20.00 0.0020656
75.00 -20.00 -0.0013903
80.00 -20.00 -0.0029497
85.00 -20.00 -0.0018459
90.00 -20.00 -0.0003196
95.00 -20.00 -0.0002998
100.00 -20.00 -0.0018156
105.00 -20.00 -0.003271
110.00 -20.00 -0.003226
115.00 -20.00 -0.0017189
120.00 -20.00 0.0006057
125.00 -20.00 0.0035937
130.00 -20.00 0.0068731
135.00 -20.00 0.0090426
140.00 -20.00 0.0087369
145.00 -20.00 0.0066141
150.00 -20.00 0.0057411
155.00 -20.00 0.008645
160.00 -20.00 0.0134856
165.00 -20.00 0.0155451
170.00 -20.00 0.0138348
175.00 -20.00 0.0125055
180.00 -20.00 0.013347
-180.00 -15.00 0.0094776
-175.00 -15.00 0.0070678
-170.00 -15.00 0.0037057
-165.00 -15.00 0.0003561
-160.00 -15.00 0.0004593
-155.00 -15.00 0.0021758
-150.00 -15.00 0.0004435
-145.00 -15.00 -0.0042373
-140.00 -15.00 -0.0060995
-135.00 -15.00 -0.0029792
-130.00 -15.00 0.0008184
-125.00 -15.00 0.0010305
-120.00 -15.00 -0.0016175
-115.00 -15.00 -0.0039271
-110.00 -15.00 -0.0041599
-105.00 -15.00 -0.0022505
-100.00 -15.00 0.0008968
-95.00 -15.00 0.0032075
-90.00 -15.00 0.003449
-85.00 -15.00 0.0038314
-80.00 -15.00 0.0069881
-75.00 -15.00 0.0109959
-70.00 -15.00 0.0122473
-65.00 -15.00 0.0114215
-60.00 -15.00 0.0104374
-55.00 -15.00 0.0071306
-50.00 -15.00 0.0008437
-45.00 -15.00 -0.002101
-40.00 -15.00 0.0021027
-35.00 -15.00 0.0066469
-30.00 -15.00 0.0051478
-25.00 -15.00 0.0017277
-20.00 -15.00 0.0007073
-15.00 -15.00 -0.0018381
-10.00 -15.00 -0.0067516
-5.00 -15.00 -0.0060363
0.00 -15.00 0.0023776
5.00 -15.00 0.008764
10.00 -15.00 0.0076602
15.00 -15.00 0.0045647
20.00 -15.00 0.0026276
25.00 -15.00 -0.0008672
30.00 -15.00 -0.0034563
35.00 -15.00 -0.0001354
40.00 -15.00 0.0039658
45.00 -15.00 0.0004818
50.00 -15.00 -0.0059812
55.00 -15.00 -0.0050412
60.00 -15.00 0.0010539
65.00 -15.00 0.0020899
70.00 -15.00 -0.0023177
75.00 -15.00 -0.0040177
80.00 -15.00 -0.0010005
85.00 -15.00 0.0011534
90.00 -15.00 -0.0004177
95.00 -15.00 -0.0026414
100.00 -15.00 -0.0020914
105.00 -15.00 0.0011336
110.00 -15.00 0.0045583
115.00 -15.00 0.0063658
120.00 -15.00 0.0069516
125.00 -15.00 0.0073789
130.00 -15.00 0.0074989
135.00 -15.00 0.0069127
140.00 -15.00 0.0060286
145.00 -15.00 0.0050619
150.00 -15.00 0.0046959
155.00 -15.00 0.0076103
160.00 -15.00 0.0147376
165.00 -15.00 0.0208434
170.00 -15.00 0.0199793
175.00 -15.00 0.0140873
180.00 -15.00 0.0094777
-180.00 -10.00 0.0018206
-175.00 -10.00 0.0025523
-170.00 -10.00 0.004338
-165.00 -10.00 0.0036027
-160.00 -10.00 0.0027804
-155.00 -10.00 0.003285
-150.00 -10.00 0.0023638
-145.00 -10.00 -0.0010742
-140.00 -10.00 -0.0035785
-135.00 -10.00 -0.0022701
-130.00 -10.00 0.0010291
-125.00 -10.00 0.0027102
-120.00 -10.00 0.0018543
-115.00 -10.00 -0.0001172
-110.00 -10.00 -0.0020712
-105.00 -10.00 -0.0030734
-100.00 -10.00 -0.0018947
-95.00 -10.00 0.0007315
-90.00 -10.00 0.0022127
-85.00 -10.00 0.0029423
-80.00 -10.00 0.0064862
-75.00 -10.00 0.0123577
-70.00 -10.00 0.0149516
-65.00 -10.00 0.0122914
-60.00 -10.00 0.0084557
-55.00 -10.00 0.0058537
-50.00 -10.00 0.0034774
-45.00 -10.00 0.0024278
-40.00 -10.00 0.0041161
-35.00 -10.00 0.0054604
-30.00 -10.00 0.0042286
-25.00 -10.00 0.0033939
-20.00 -10.00 0.0032868
-15.00 -10.00 -0.0003941
-10.00 -10.00 -0.0050696
-5.00 -10.00 -0.0021258
0.00 -10.00 0.006399
5.00 -10.00 0.0093002
10.00 -10.00 0.0062722
15.00 -10.00 0.0066165
20.00 -10.00 0.0089924
25.00 -10.00 0.0045988
30.00 -10.00 -0.0028524
35.00 -10.00 -0.0031514
40.00 -10.00 0.0001874
45.00 -10.00 -0.0023216
50.00 -10.00 -0.0066097
55.00 -10.00 -0.004039
60.00 -10.00 0.0004523
65.00 -10.00 -0.0017478
70.00 -10.00 -0.0058835
75.00 -10.00 -0.0033041
80.00 -10.00 0.0025045
85.00 -10.00 0.0030075
90.00 -10.00 -0.000978
95.00 -10.00 -0.0020828
100.00 -10.00 0.0025052
105.00 -10.00 0.0089138
110.00 -10.00 0.0122462
115.00 -10.00 0.0117211
120.00 -10.00 0.0105707
125.00 -10.00 0.0106442
130.00 -10.00 0.0098105
135.00 -10.00 0.00736
140.00 -10.00 0.0069117
145.00 -10.00 0.0098599
150.00 -10.00 0.0125076
155.00 -10.00 0.0135502
160.00 -10.00 0.0160326
165.00 -10.00 0.0187191
170.00 -10.00 0.0156478
175.00 -10.00 0.0073051
180.00 -10.00 0.0018206
-180.00 -5.00 -0.0040163
-175.00 -5.00 -0.0011895
-170.00 -5.00 0.0031413
-165.00 -5.00 0.0033448
-160.00 -5.00 0.0013809
-155.00 -5.00 0.0010044
-150.00 -5.00 0.001484
-145.00 -5.00 0.0004744
-140.00 -5.00 -0.0012675
-135.00 -5.00 -0.0011917
-130.00 -5.00 0.000871
-125.00 -5.00 0.0024304
-120.00 -5.00 0.001807
-115.00 -5.00 -0.0004456
-110.00 -5.00 -0.003245
-105.00 -5.00 -0.0052064
-100.00 -5.00 -0.0041762
-95.00 -5.00 -0.0003688
-90.00 -5.00 0.0022553
-85.00 -5.00 0.0022753
-80.00 -5.00 0.0041045
-75.00 -5.00 0.0095056
-70.00 -5.00 0.0124108
-65.00 -5.00 0.0087991
-60.00 -5.00 0.0040528
-55.00 -5.00 0.0039937
-50.00 -5.00 0.006533
-45.00 -5.00 0.0071304
-40.00 -5.00 0.0049617
-35.00 -5.00 0.0015463
-30.00 -5.00 -0.0003546
-25.00 -5.00 0.0016873
-20.00 -5.00 0.0047981
-15.00 -5.00 0.0040255
-10.00 -5.00 0.0024865
-5.00 -5.00 0.006397
0.00 -5.00 0.0107489
5.00 -5.00 0.0069863
10.00 -5.00 0.0015936
15.00 -5.00 0.0057996
20.00 -5.00 0.0125579
25.00 -5.00 0.0077873
30.00 -5.00 -0.00331
35.00 -5.00 -0.0058377
40.00 -5.00 -0.0011623
45.00 -5.00 0.0001101
50.00 -5.00 -0.0010707
55.00 -5.00 0.0005782
60.00 -5.00 0.0005776
65.00 -5.00 -0.0044791
70.00 -5.00 -0.0067749
75.00 -5.00 -0.001557
80.00 -5.00 0.0033513
85.00 -5.00 0.0018318
90.00 -5.00 -0.0007671
95.00 -5.00 0.0018874
100.00 -5.00 0.0083212
105.00 -5.00 0.0135359
110.00 -5.00 0.0144982
115.00 -5.00 0.0120562
120.00 -5.00 0.010564
125.00 -5.00 0.0120999
130.00 -5.00 0.0125624
135.00 -5.00 0.009582
140.00 -5.00 0.0087554
145.00 -5.00 0.0138335
150.00 -5.00 0.0187178
155.00 -5.00 0.0178406
160.00 -5.00 0.0147996
165.00 -5.00 0.0129033
170.00 -5.00 0.0084221
175.00 -5.00 0.0004423
180.00 -5.00 -0.0040163
-180.00 0.00 -0.0046805
-175.00 0.00 -0.0041102
-170.00 0.00 -0.0014113
-165.00 0.00 -0.0004591
-160.00 0.00 -4.95e-05
-155.00 0.00 0.0018452
-150.00 0.00 0.0035619
-145.00 0.00 0.0025891
-140.00 0.00 -0.0002865
-135.00 0.00 -0.0021266
-130.00 0.00 -0.0020185
-125.00 0.00 -0.0018526
-120.00 0.00 -0.0027501
-115.00 0.00 -0.0034887
-110.00 0.00 -0.0033212
-105.00 0.00 -0.0028072
-100.00 0.00 -0.0013678
-95.00 0.00 0.00141
-90.00 0.00 0.0029273
-85.00 0.00 0.0018675
-80.00 0.00 0.0024173
-75.00 0.00 0.0069752
-70.00 0.00 0.009646
-65.00 0.00 0.005523
-60.00 0.00 0.0002052
-55.00 0.00 0.0011914
-50.00 0.00 0.0062313
-45.00 0.00 0.0078723
-40.00 0.00 0.0037491
-35.00 0.00 -0.0024482
-30.00 0.00 -0.005449
-25.00 0.00 -0.0028407
-20.00 0.00 0.0019224
-15.00 0.00 0.0042291
-10.00 0.00 0.0060647
-5.00 0.00 0.0104963
0.00 0.00 0.0116283
5.00 0.00 0.0043269
10.00 0.00 -0.0016342
15.00 0.00 0.0042317
20.00 0.00 0.0124368
25.00 0.00 0.008111
30.00 0.00 -0.0032657
35.00 0.00 -0.006267
40.00 0.00 -0.0004934
45.00 0.00 0.0045807
50.00 0.00 0.0068308
55.00 0.00 0.0072286
60.00 0.00 0.0028218
65.00 0.00 -0.0041189
70.00 0.00 -0.0052165
75.00 0.00 -0.0007074
80.00 0.00 0.0009082
85.00 0.00 -0.0009206
90.00 0.00 0.0007488
95.00 0.00 0.0062333
100.00 0.00 0.0103917
105.00 0.00 0.0126556
110.00 0.00 0.0144796
115.00 0.00 0.0144625
120.00 0.00 0.0131873
125.00 0.00 0.0135323
130.00 0.00 0.0137989
135.00 0.00 0.011151
140.00 0.00 0.0095808
145.00 0.00 0.0129355
150.00 0.00 0.0157989
155.00 0.00 0.0126541
160.00 0.00 0.007908
165.00 0.00 0.0066138
170.00 0.00 0.0051137
175.00 0.00 -0.0001543
180.00 0.00 -0.0046805
-180.00 5.00 -0.0024391
-175.00 5.00 -0.0043919
-170.00 5.00 -0.0039215
-165.00 5.00 -0.0021883
-160.00 5.00 0.0016654
-155.00 5.00 0.0065345
-150.00 5.00 0.0082377
-145.00 5.00 0.0047699
-140.00 5.00 -0.00072
-135.00 5.00 -0.0038845
-130.00 5.00 -0.0043613
-125.00 5.00 -0.0049784
-120.00 5.00 -0.0063069
-115.00 5.00 -0.0054808
-110.00 5.00 -0.0015642
-105.00 5.00 0.002269
-100.00 5.00 0.0036789
-95.00 5.00 0.0034707
-90.00 5.00 0.0022628
-85.00 5.00 0.0007444
-80.00 5.00 0.0022812
-75.00 5.00 0.0079718
-70.00 5.00 0.011567
-65.00 5.00 0.0075128
-60.00 5.00 0.0004833
-55.00 5.00 -0.001253
-50.00 5.00 0.0023117
-45.00 5.00 0.0048108
-40.00 5.00 0.0028616
-35.00 5.00 -0.0015274
-30.00 5.00 -0.0042613
-25.00 5.00 -0.0028374
-20.00 5.00 0.0010516
-15.00 5.00 0.0042282
-10.00 5.00 0.0073241
-5.00 5.00 0.0113986
0.00 5.00 0.0117084
5.00 5.00 0.0052822
10.00 5.00 0.0004561
15.00 5.00 0.0052388
20.00 5.00 0.0120648
25.00 5.00 0.0092231
30.00 5.00 -4.37e-05
35.00 5.00 -0.004575
40.00 5.00 -0.002302
45.00 5.00 0.0022132
50.00 5.00 0.006463
55.00 5.00 0.0073828
60.00 5.00 0.0022458
65.00 5.00 -0.0036456
70.00 5.00 -0.0032386
75.00 5.00 -0.0002329
80.00 5.00 -0.0011731
85.00 5.00 -0.0018404
90.00 5.00 0.0033066
95.00 5.00 0.0085199
100.00 5.00 0.0083345
105.00 5.00 0.0089678
110.00 5.00 0.0152716
115.00 5.00 0.0204009
120.00 5.00 0.0185955
125.00 5.00 0.0142038
130.00 5.00 0.011824
135.00 5.00 0.0107942
140.00 5.00 0.0112117
145.00 5.00 0.0131183
150.00 5.00 0.0119892
155.00 5.00 0.0058347
160.00 5.00 0.0011246
165.00 5.00 0.0025226
170.00 5.00 0.0047443
175.00 5.00 0.0021564
180.00 5.00 -0.0024391
-180.00 10.00 -0.0010507
-175.00 10.00 -0.0018244
-170.00 10.00 -0.0015129
-165.00 10.00 -0.0009807
-160.00 10.00 0.0018528
-155.00 10.00 0.0062794
-150.00 10.00 0.0074384
-145.00 10.00 0.0031582
-140.00 10.00 -0.0023777
-135.00 10.00 -0.0041555
-130.00 10.00 -0.0028883
-125.00 10.00 -0.0031481
-120.00 10.00 -0.0058028
-115.00 10.00 -0.0063831
-110.00 10.00 -0.0022611
-105.00 10.00 0.0030245
-100.00 10.00 0.0050334
-95.00 10.00 0.0036335
-90.00 10.00 0.0010701
-85.00 10.00 -0.0003071
-80.00 10.00 0.002241
-75.00 10.00 0.0086144
-70.00 10.00 0.0127905
-65.00 10.00 0.0092243
-60.00 10.00 0.0010393
-55.00 10.00 -0.0039828
-50.00 10.00 -0.003243
-45.00 10.00 -0.000179
-40.00 10.00 0.001663
-35.00 10.00 0.0015266
-30.00 10.00 0.0010246
-25.00 10.00 0.0024968
-20.00 10.00 0.0060367
-15.00 10.00 0.009389
-10.00 10.00 0.0116652
-5.00 10.00 0.0131561
0.00 10.00 0.0118533
5.00 10.00 0.0067517
10.00 10.00 0.0030162
15.00 10.00 0.0055566
20.00 10.00 0.0101021
25.00 10.00 0.0091519
30.00 10.00 0.0028195
35.00 10.00 -0.0034679
40.00 10.00 -0.0063118
45.00 10.00 -0.0044382
50.00 10.00 0.0009216
55.00 10.00 0.0037353
60.00 10.00 0.000196
65.00 10.00 -0.003812
70.00 10.00 -0.002252
75.00 10.00 0.0004163
80.00 10.00 -0.0006542
85.00 10.00 -0.0002192
90.00 10.00 0.0052955
95.00 10.00 0.0085664
100.00 10.00 0.0059464
105.00 10.00 0.0065026
110.00 10.00 0.0152685
115.00 10.00 0.0226321
120.00 10.00 0.02004
125.00 10.00 0.0123697
130.00 10.00 0.0081033
135.00 10.00 0.0092397
140.00 10.00 0.0136156
145.00 10.00 0.0170618
150.00 10.00 0.01439
155.00 10.00 0.0063634
160.00 10.00 0.001098
165.00 10.00 0.0024325
170.00 10.00 0.0044363
175.00 10.00 0.0022184
180.00 10.00 -0.0010507
-180.00 15.00 -0.0014865
-175.00 15.00 0.0006272
-170.00 15.00 0.0016456
-165.00 15.00 -0.0011261
-160.00 15.00 -0.00356
-155.00 15.00 -0.002409
-150.00 15.00 -0.0007602
-145.00 15.00 -0.0022386
-140.00 15.00 -0.0047977
-135.00 15.00 -0.0042491
-130.00 15.00 -0.0013381
-125.00 15.00 -0.0009816
-120.00 15.00 -0.0045905
-115.00 15.00 -0.0073483
-110.00 15.00 -0.0049403
-105.00 15.00 0.0006393
-100.00 15.00 0.0045001
-95.00 15.00 0.0047906
-90.00 15.00 0.0029576
-85.00 15.00 0.001362
-80.00 15.00 0.0021901
-75.00 15.00 0.0053523
-70.00 15.00 0.0069604
-65.00 15.00 0.0034744
-60.00 15.00 -0.0030771
-55.00 15.00 -0.0074386
-50.00 15.00 -0.0073652
-45.00 15.00 -0.0045744
-40.00 15.00 -0.0014837
-35.00 15.00 0.000639
-30.00 15.00 0.0021965
-25.00 15.00 0.0049371
-20.00 15.00 0.0093843
-15.00 15.00 0.0132845
-10.00 15.00 0.0142488
-5.00 15.00 0.0121001
0.00 15.00 0.0077635
5.00 15.00 0.0028576
10.00 15.00 0.0003624
15.00 15.00 0.0018478
20.00 15.00 0.0045776
25.00 15.00 0.004625
30.00 15.00 0.0012251
35.00 15.00 -0.0037069
40.00 15.00 -0.0069425
45.00 15.00 -0.004834
50.00 15.00 0.0018231
55.00 15.00 0.0056415
60.00 15.00 0.002098
65.00 15.00 -0.0028237
70.00 15.00 -0.0021328
75.00 15.00 0.0014165
80.00 15.00 0.0026169
85.00 15.00 0.0034637
90.00 15.00 0.0065191
95.00 15.00 0.0081201
100.00 15.00 0.0067102
105.00 15.00 0.0079074
110.00 15.00 0.0140232
115.00 15.00 0.0185167
120.00 15.00 0.0163679
125.00 15.00 0.0109687
130.00 15.00 0.007842
135.00 15.00 0.0091608
140.00 15.00 0.0141331
145.00 15.00 0.0183429
150.00 15.00 0.0160364
155.00 15.00 0.0082858
160.00 15.00 0.0030184
165.00 15.00 0.003169
170.00 15.00 0.0031398
175.00 15.00 6.59e-05
180.00 15.00 -0.0014865
-180.00 20.00 -0.0020564
-175.00 20.00 0.0011432
-170.00 20.00 0.0022816
-165.00 20.00 -0.002586
-160.00 20.00 -0.008683
-155.00 20.00 -0.0098848
-150.00 20.00 -0.0072816
-145.00 20.00 -0.0057831
-140.00 20.00 -0.0061438
-135.00 20.00 -0.005238
-130.00 20.00 -0.0025643
-125.00 20.00 -0.0016392
-120.00 20.00 -0.0041289
-115.00 20.00 -0.0064141
-110.00 20.00 -0.0042924
-105.00 20.00 0.0014047
-100.00 20.00 0.0063271
-95.00 20.00 0.0078317
-90.00 20.00 0.0065333
-85.00 20.00 0.0042923
-80.00 20.00 0.0024456
-75.00 20.00 0.0009163
-70.00 20.00 -0.001579
-65.00 20.00 -0.0053844
-60.00 20.00 -0.0085604
-55.00 20.00 -0.0091601
-50.00 20.00 -0.0076736
-45.00 20.00 -0.0057436
-40.00 20.00 -0.004036
-35.00 20.00 -0.0025541
-30.00 20.00 -0.0011527
-25.00 20.00 0.0010568
-20.00 20.00 0.0047617
-15.00 20.00 0.0084194
-10.00 20.00 0.0090496
-5.00 20.00 0.0054958
0.00 20.00 -6.88e-05
5.00 20.00 -0.0039085
10.00 20.00 -0.0039434
15.00 20.00 -0.001597
20.00 20.00 4.56e-05
25.00 20.00 -0.0001755
30.00 20.00 -0.0012484
35.00 20.00 -0.0023293
40.00 20.00 -0.002331
45.00 20.00 0.000996
50.00 20.00 0.006979
55.00 20.00 0.009498
60.00 20.00 0.0045556
65.00 20.00 -0.002314
70.00 20.00 -0.0028311
75.00 20.00 0.002742
80.00 20.00 0.0076465
85.00 20.00 0.0086893
90.00 20.00 0.0080442
95.00 20.00 0.0080711
100.00 20.00 0.0093977
105.00 20.00 0.0116563
110.00 20.00 0.0133884
115.00 20.00 0.0136147
120.00 20.00 0.0135387
125.00 20.00 0.0139924
130.00 20.00 0.0136121
135.00 20.00 0.0125101
140.00 20.00 0.013112
145.00 20.00 0.0142564
150.00 20.00 0.0110467
155.00 20.00 0.0038336
160.00 20.00 -0.0005608
165.00 20.00 0.0002257
170.00 20.00 0.0007608
175.00 20.00 -0.0015432
180.00 20.00 -0.0020564
-180.00 25.00 -0.0010585
-175.00 25.00 0.0011787
-170.00 25.00 0.0021601
-165.00 25.00 -0.0013874
-160.00 25.00 -0.0063378
-155.00 25.00 -0.0077117
-150.00 25.00 -0.0059141
-145.00 25.00 -0.0049656
-140.00 25.00 -0.005733
-135.00 25.00 -0.0053308
-130.00 25.00 -0.0026858
-125.00 25.00 -0.0006327
-120.00 25.00 -0.0013068
-115.00 25.00 -0.0024599
-110.00 25.00 -0.0005621
-105.00 25.00 0.0041592
-100.00 25.00 0.0080768
-95.00 25.00 0.0086824
-90.00 25.00 0.0067424
-85.00 25.00 0.0042703
-80.00 25.00 0.0019579
-75.00 25.00 -0.0009857
-70.00 25.00 -0.0049559
-65.00 25.00 -0.0084832
-60.00 25.00 -0.0094238
-55.00 25.00 -0.0076553
-50.00 25.00 -0.0052802
-45.00 25.00 -0.0038137
-40.00 25.00 -0.002874
-35.00 25.00 -0.0021102
-30.00 25.00 -0.002173
-25.00 25.00 -0.0027825
-20.00 25.00 -0.0021023
-15.00 25.00 0.0003808
-10.00 25.00 0.0020686
-5.00 25.00 0.0002971
0.00 25.00 -0.0036172
5.00 25.00 -0.0054233
10.00 25.00 -0.0032999
15.00 25.00 -0.0001861
20.00 25.00 0.0005547
25.00 25.00 -0.0002066
30.00 25.00 0.0004424
35.00 25.00 0.0024785
40.00 25.00 0.0038528
45.00 25.00 0.004782
50.00 25.00 0.0064383
55.00 25.00 0.0066016
60.00 25.00 0.0023049
65.00 25.00 -0.0034674
70.00 25.00 -0.0036682
75.00 25.00 0.0032191
80.00 25.00 0.0104556
85.00 25.00 0.01161
90.00 25.00 0.0081964
95.00 25.00 0.0065877
100.00 25.00 0.0093758
105.00 25.00 0.0126993
110.00 25.00 0.0126951
115.00 25.00 0.0116941
120.00 25.00 0.0143673
125.00 25.00 0.0193381
130.00 25.00 0.0204876
135.00 25.00 0.0165989
140.00 25.00 0.0126539
145.00 25.00 0.010458
150.00 25.00 0.0060512
155.00 25.00 -0.0012352
160.00 25.00 -0.0055876
165.00 25.00 -0.0040509
170.00 25.00 -0.0012579
175.00 25.00 -0.0011037
180.00 25.00 -0.0010585
-180.00 30.00 0.0003572
-175.00 30.00 0.0011071
-170.00 30.00 0.0018947
-165.00 30.00 0.0012919
-160.00 30.00 -5.93e-05
-155.00 30.00 -0.0008491
-150.00 30.00 -0.0019057
-145.00 30.00 -0.004467
-140.00 30.00 -0.0067337
-135.00 30.00 -0.0053597
-130.00 30.00 -0.0004663
-125.00 30.00 0.0035876
-120.00 30.00 0.0035134
-115.00 30.00 0.0012076
-110.00 30.00 0.0010028
-105.00 30.00 0.0040564
-100.00 30.00 0.007341
-95.00 30.00 0.007776
-90.00 30.00 0.0055365
-85.00 30.00 0.0028593
-80.00 30.00 0.0009106
-75.00 30.00 -0.0010406
-70.00 30.00 -0.0036416
-65.00 30.00 -0.0058752
-60.00 30.00 -0.0062419
-55.00 30.00 -0.0048588
-50.00 30.00 -0.0031314
-45.00 30.00 -0.0016256
-40.00 30.00 7.77e-05
-35.00 30.00 0.0013527
-30.00 30.00 0.0005368
-25.00 30.00 -0.0020924
-20.00 30.00 -0.0034195
-15.00 30.00 -0.0013325
-10.00 30.00 0.0019831
-5.00 30.00 0.0027893
0.00 30.00 0.0010584
5.00 30.00 0.0003333
10.00 30.00 0.0021582
15.00 30.00 0.0037061
20.00 30.00 0.0026084
25.00 30.00 0.0012903
30.00 30.00 0.0032886
35.00 30.00 0.0071483
40.00 30.00 0.0081618
45.00 30.00 0.0054506
50.00 30.00 0.0027654
55.00 30.00 0.0020201
60.00 30.00 0.0008894
65.00 30.00 -0.0016548
70.00 30.00 -0.0021062
75.00 30.00 0.0021653
80.00 30.00 0.0076006
85.00 30.00 0.0085803
90.00 30.00 0.0053286
95.00 30.00 0.0035323
100.00 30.00 0.0060651
105.00 30.00 0.0094147
110.00 30.00 0.0102306
115.00 30.00 0.0111907
120.00 30.00 0.0160505
125.00 30.00 0.0218109
130.00 30.00 0.0219023
135.00 30.00 0.016142
140.00 30.00 0.0108853
145.00 30.00 0.0088976
150.00 30.00 0.0060547
155.00 30.00 -7.21e-05
160.00 30.00 -0.0051743
165.00 30.00 -0.0050492
170.00 30.00 -0.0018927
175.00 30.00 -4.6e-06
180.00 30.00 0.0003572
-180.00 35.00 -0.0011207
-175.00 35.00 -0.0015067
-170.00 35.00 -0.0013739
-165.00 35.00 -0.0001864
-160.00 35.00 0.0013419
-155.00 35.00 0.0013108
-150.00 35.00 -0.0021123
-145.00 35.00 -0.0079417
-140.00 35.00 -0.0116056
-135.00 35.00 -0.0089619
-130.00 35.00 -0.0013292
-125.00 35.00 0.0051137
-120.00 35.00 0.0057508
-115.00 35.00 0.0023172
-110.00 35.00 0.0003948
-105.00 35.00 0.0029532
-100.00 35.00 0.0075997
-95.00 35.00 0.0099293
-90.00 35.00 0.0081861
-85.00 35.00 0.0041195
-80.00 35.00 0.0003237
-75.00 35.00 -0.0020582
-70.00 35.00 -0.003164
-65.00 35.00 -0.003262
-60.00 35.00 -0.0025902
-55.00 35.00 -0.0017294
-50.00 35.00 -0.0011084
-45.00 35.00 -0.0003095
-40.00 35.00 0.001118
-35.00 35.00 0.0022507
-30.00 35.00 0.0015938
-25.00 35.00 -0.0003116
-20.00 35.00 -0.0006272
-15.00 35.00 0.0023079
-10.00 35.00 0.006441
-5.00 35.00 0.0085282
0.00 35.00 0.0083469
5.00 35.00 0.0082286
10.00 35.00 0.0086283
15.00 35.00 0.0070695
20.00 35.00 0.0027875
25.00 35.00 -0.0003329
30.00 35.00 0.0016508
35.00 35.00 0.0067136
40.00 35.00 0.0089596
45.00 35.00 0.0064801
50.00 35.00 0.0034543
55.00 35.00 0.0035867
60.00 35.00 0.0050905
65.00 35.00 0.0043885
70.00 35.00 0.0019166
75.00 35.00 0.0009818
80.00 35.00 0.0023517
85.00 35.00 0.0035349
90.00 35.00 0.0032335
95.00 35.00 0.0031244
100.00 35.00 0.004429
105.00 35.00 0.005916
110.00 35.00 0.0070547
115.00 35.00 0.0100936
120.00 35.00 0.0159369
125.00 35.00 0.02028
130.00 35.00 0.0180869
135.00 35.00 0.0110074
140.00 35.00 0.0058345
145.00 35.00 0.0053736
150.00 35.00 0.0053609
155.00 35.00 0.0017179
160.00 35.00 -0.0034375
165.00 35.00 -0.0055012
170.00 35.00 -0.0038645
175.00 35.00 -0.0016867
180.00 35.00 -0.0011207
-180.00 40.00 -0.0049003
-175.00 40.00 -0.0059166
-170.00 40.00 -0.0069797
-165.00 40.00 -0.0060031
-160.00 40.00 -0.0033933
-155.00 40.00 -0.0022795
-150.00 40.00 -0.0055608
-145.00 40.00 -0.0121625
-140.00 40.00 -0.0168188
-135.00 40.00 -0.0147307
-130.00 40.00 -0.0066317
-125.00 40.00 0.0015835
-120.00 40.00 0.0047016
-115.00 40.00 0.0031621
-110.00 40.00 0.0018138
-105.00 40.00 0.0042576
-100.00 40.00 0.0091834
-95.00 40.00 0.0121818
-90.00 40.00 0.0103206
-85.00 40.00 0.0045854
-80.00 40.00 -0.0015088
-75.00 40.00 -0.0048777
-70.00 40.00 -0.0046095
-65.00 40.00 -0.0018419
-60.00 40.00 0.0013094
-55.00 40.00 0.0030115
-50.00 40.00 0.0027479
-45.00 40.00 0.0014273
-40.00 40.00 0.0002627
-35.00 40.00 -0.0004007
-30.00 40.00 -0.0007933
-25.00 40.00 -0.0005293
-20.00 40.00 0.001339
-15.00 40.00 0.004759
-10.00 40.00 0.0081479
-5.00 40.00 0.0102503
0.00 40.00 0.011723
5.00 40.00 0.0135273
10.00 40.00 0.014212
15.00 40.00 0.0109101
20.00 40.00 0.0038309
25.00 40.00 -0.0021472
30.00 40.00 -0.0023141
35.00 40.00 0.0022835
40.00 40.00 0.0062
45.00 40.00 0.0063252
50.00 40.00 0.0049131
55.00 40.00 0.0052578
60.00 40.00 0.0067716
65.00 40.00 0.0063335
70.00 40.00 0.003207
75.00 40.00 0.0002009
80.00 40.00 1.89e-05
85.00 40.00 0.0023634
90.00 40.00 0.0050296
95.00 40.00 0.0063039
100.00 40.00 0.005754
105.00 40.00 0.0042388
110.00 40.00 0.0040505
115.00 40.00 0.0074401
120.00 40.00 0.0133897
125.00 40.00 0.0170502
130.00 40.00 0.0145373
135.00 40.00 0.0078277
140.00 40.00 0.002687
145.00 40.00 0.0017151
150.00 40.00 0.00178
155.00 40.00 -0.0009699
160.00 40.00 -0.0058305
165.00 40.00 -0.0088902
170.00 40.00 -0.0082372
175.00 40.00 -0.0058938
180.00 40.00 -0.0049003
-180.00 45.00 -0.0043054
-175.00 45.00 -0.0057625
-170.00 45.00 -0.0083134
-165.00 45.00 -0.0091022
-160.00 45.00 -0.0074338
-155.00 45.00 -0.0058373
-150.00 45.00 -0.0075142
-145.00 45.00 -0.0125711
-140.00 45.00 -0.0171256
-135.00 45.00 -0.0166737
-130.00 45.00 -0.0104621
-125.00 45.00 -0.0022631
-120.00 45.00 0.0032626
-115.00 45.00 0.0047116
-110.00 45.00 0.0043822
-105.00 45.00 0.0050492
-100.00 45.00 0.0068668
-95.00 45.00 0.0075208
-90.00 45.00 0.0049877
-85.00 45.00 -0.0001853
-80.00 45.00 -0.0051491
-75.00 45.00 -0.0069451
-70.00 45.00 -0.0045678
-65.00 45.00 0.0005253
-60.00 45.00 0.0054735
-55.00 45.00 0.0077682
-50.00 45.00 0.0066258
-45.00 45.00 0.0031884
-40.00 45.00 -0.0004656
-35.00 45.00 -0.0026281
-30.00 45.00 -0.0026286
-25.00 45.00 -0.0007602
-20.00 45.00 0.0020121
-15.00 45.00 0.0044762
-10.00 45.00 0.0060421
-5.00 45.00 0.0075092
0.00 45.00 0.0103327
5.00 45.00 0.0143837
10.00 45.00 0.0168091
15.00 45.00 0.0143494
20.00 45.00 0.0072895
25.00 45.00 0.0002072
30.00 45.00 -0.0021988
35.00 45.00 0.0002431
40.00 45.00 0.0035165
45.00 45.00 0.0041561
50.00 45.00 0.0024973
55.00 45.00 0.000985
60.00 45.00 0.0006162
65.00 45.00 0.0003048
70.00 45.00 -0.0007377
75.00 45.00 -0.0014499
80.00 45.00 -0.0002324
85.00 45.00 0.0029041
90.00 45.00 0.0060295
95.00 45.00 0.0069183
100.00 45.00 0.0049233
105.00 45.00 0.0017546
110.00 45.00 0.0005585
115.00 45.00 0.0034358
120.00 45.00 0.0091525
125.00 45.00 0.0137179
130.00 45.00 0.014033
135.00 45.00 0.0108382
140.00 45.00 0.0073599
145.00 45.00 0.0052734
150.00 45.00 0.0031202
155.00 45.00 -0.0009584
160.00 45.00 -0.0060441
165.00 45.00 -0.0090688
170.00 45.00 -0.0083622
175.00 45.00 -0.005664
180.00 45.00 -0.0043054
-180.00 50.00 0.0038829
-175.00 50.00 0.0019043
-170.00 50.00 -0.0018727
-165.00 50.00 -0.0047981
-160.00 50.00 -0.0054355
-155.00 50.00 -0.0049536
-150.00 50.00 -0.0057774
-145.00 50.00 -0.0088447
-140.00 50.00 -0.0123065
-135.00 50.00 -0.0130859
-130.00 50.00 -0.009764
-125.00 50.00 -0.0039193
-120.00 50.00 0.0012975
-115.00 50.00 0.0037714
-110.00 50.00 0.0036778
-105.00 50.00 0.0025239
-100.00 50.00 0.0013699
-95.00 50.00 0.0001086
-90.00 50.00 -0.0017622
-85.00 50.00 -0.0039992
-80.00 50.00 -0.0053809
-75.00 50.00 -0.0045799
-70.00 50.00 -0.0013013
-65.00 50.00 0.0032746
-60.00 50.00 0.0070726
-55.00 50.00 0.0083148
-50.00 50.00 0.0065507
-45.00 50.00 0.0028874
-40.00 50.00 -0.0006965
-35.00 50.00 -0.0024928
-30.00 50.00 -0.0019707
-25.00 50.00 4.45e-05
-20.00 50.00 0.0020088
-15.00 50.00 0.0028151
-10.00 50.00 0.0027692
-5.00 50.00 0.0034827
0.00 50.00 0.0063672
5.00 50.00 0.0108251
10.00 50.00 0.0140977
15.00 50.00 0.0134982
20.00 50.00 0.0091268
25.00 50.00 0.0041229
30.00 50.00 0.0018424
35.00 50.00 0.00277
40.00 50.00 0.0044039
45.00 50.00 0.0040544
50.00 50.00 0.0013775
55.00 50.00 -0.0018504
60.00 50.00 -0.0038655
65.00 50.00 -0.0043156
70.00 50.00 -0.0037921
75.00 50.00 -0.0027106
80.00 50.00 -0.0010618
85.00 50.00 0.000962
90.00 50.00 0.0025457
95.00 50.00 0.0027092
100.00 50.00 0.0012719
105.00 50.00 -0.000603
110.00 50.00 -0.0009725
115.00 50.00 0.0014231
120.00 50.00 0.006001
125.00 50.00 0.0107128
130.00 50.00 0.0137536
135.00 50.00 0.0148391
140.00 50.00 0.014694
145.00 50.00 0.013576
150.00 50.00 0.0108997
155.00 50.00 0.0065356
160.00 50.00 0.0019993
165.00 50.00 -0.0003408
170.00 50.00 0.0004988
175.00 50.00 0.0028874
180.00 50.00 0.0038829
-180.00 55.00 0.011772
-175.00 55.00 0.0097481
-170.00 55.00 0.0061284
-165.00 55.00 0.0026754
-160.00 55.00 0.0006748
-155.00 55.00 -0.0001123
-150.00 55.00 -0.0010127
-145.00 55.00 -0.0029911
-140.00 55.00 -0.0056132
-135.00 55.00 -0.0074023
-130.00 55.00 -0.0071879
-125.00 55.00 -0.0051371
-120.00 55.00 -0.0025622
-115.00 55.00 -0.0008137
-110.00 55.00 -0.0003381
-105.00 55.00 -0.0006437
-100.00 55.00 -0.0009795
-95.00 55.00 -0.0009681
-90.00 55.00 -0.0006809
-85.00 55.00 -0.0002826
-80.00 55.00 0.0002748
-75.00 55.00 0.0011995
-70.00 55.00 0.002546
-65.00 55.00 0.0039759
-60.00 55.00 0.0048441
-55.00 55.00 0.0045826
-50.00 55.00 0.0031182
-45.00 55.00 0.0010124
-40.00 55.00 -0.0008152
-35.00 55.00 -0.0016358
-30.00 55.00 -0.00138
-25.00 55.00 -0.0006738
-20.00 55.00 -0.0003444
-15.00 55.00 -0.0006873
-10.00 55.00 -0.0010679
-5.00 55.00 -0.0003228
0.00 55.00 0.0021885
5.00 55.00 0.0057351
10.00 55.00 0.0084847
15.00 55.00 0.008898
20.00 55.00 0.0070766
25.00 55.00 0.0047316
30.00 55.00 0.0036847
35.00 55.00 0.0042941
40.00 55.00 0.0053074
45.00 55.00 0.0051914
50.00 55.00 0.0035437
55.00 55.00 0.001266
60.00 55.00 -0.0004345
65.00 55.00 -0.0010627
70.00 55.00 -0.0009652
75.00 55.00 -0.0007208
80.00 55.00 -0.0005671
85.00 55.00 -0.0003629
90.00 55.00 7.18e-05
95.00 55.00 0.0007018
100.00 55.00 0.001358
105.00 55.00 0.0019972
110.00 55.00 0.0028081
115.00 55.00 0.0040301
120.00 55.00 0.005708
125.00 55.00 0.0076784
130.00 55.00 0.0097675
135.00 55.00 0.0118583
140.00 55.00 0.0136689
145.00 55.00 0.0145878
150.00 55.00 0.0140246
155.00 55.00 0.0121227
160.00 55.00 0.0100343
165.00 55.00 0.0091915
170.00 55.00 0.0100536
175.00 55.00 0.0115285
180.00 55.00 0.011772
-180.00 60.00 0.0103726
-175.00 60.00 0.0092214
-170.00 60.00 0.0074193
-165.00 60.00 0.0057678
-160.00 60.00 0.0048383
-155.00 60.00 0.0044977
-150.00 60.00 0.0040244
-145.00 60.00 0.0027137
-140.00 60.00 0.0004527
-135.00 60.00 -0.0021993
-130.00 60.00 -0.0044329
-125.00 60.00 -0.0057106
-120.00 60.00 -0.0059716
-115.00 60.00 -0.0054503
-110.00 60.00 -0.0043733
-105.00 60.00 -0.0028352
-100.00 60.00 -0.0009154
-95.00 60.00 0.0011498
-90.00 60.00 0.0029479
-85.00 60.00 0.0040648
-80.00 60.00 0.0043118
-75.00 60.00 0.0038257
-70.00 60.00 0.0029721
-65.00 60.00 0.0021298
-60.00 60.00 0.0015022
-55.00 60.00 0.0010665
-50.00 60.00 0.0006618
-45.00 60.00 0.0001284
-40.00 60.00 -0.0006073
-35.00 60.00 -0.0015416
-30.00 60.00 -0.0026404
-25.00 60.00 -0.0038325
-20.00 60.00 -0.0049184
-15.00 60.00 -0.0054906
-10.00 60.00 -0.0050222
-5.00 60.00 -0.0031827
0.00 60.00 -0.0002124
5.00 60.00 0.0029788
10.00 60.00 0.0051967
15.00 60.00 0.0056626
20.00 60.00 0.0045197
25.00 60.00 0.0027185
30.00 60.00 0.0013407
35.00 60.00 0.0009038
40.00 60.00 0.0011901
45.00 60.00 0.0016516
50.00 60.00 0.001945
55.00 60.00 0.0021096
60.00 60.00 0.0023247
65.00 60.00 0.0025919
70.00 60.00 0.0026992
75.00 60.00 0.0024857
80.00 60.00 0.0021111
85.00 60.00 0.0020399
90.00 60.00 0.0027235
95.00 60.00 0.0042309
100.00 60.00 0.0061156
105.00 60.00 0.0076199
110.00 60.00 0.0080785
115.00 60.00 0.0072764
120.00 60.00 0.0055748
125.00 60.00 0.0037559
130.00 60.00 0.0026599
135.00 60.00 0.0027745
140.00 60.00 0.003986
145.00 60.00 0.0056698
150.00 60.00 0.0071095
155.00 60.00 0.0079735
160.00 60.00 0.0084708
165.00 60.00 0.0090406
170.00 60.00 0.0098364
175.00 60.00 0.010485
180.00 60.00 0.0103726
-180.00 65.00 0.0030723
-175.00 65.00 0.0027806
-170.00 65.00 0.002756
-165.00 65.00 0.0032104
-160.00 65.00 0.0041283
-155.00 65.00 0.0051745
-150.00 65.00 0.0057914
-145.00 65.00 0.0054573
-140.00 65.00 0.0039545
-135.00 65.00 0.0014857
-130.00 65.00 -0.0014139
-125.00 65.00 -0.0040938
-120.00 65.00 -0.0060045
-115.00 65.00 -0.006825
-110.00 65.00 -0.0064964
-105.00 65.00 -0.0052019
-100.00 65.00 -0.0033198
-95.00 65.00 -0.0013449
-90.00 65.00 0.0002362
-85.00 65.00 0.0010955
-80.00 65.00 0.0011793
-75.00 65.00 0.0007216
-70.00 65.00 0.0001309
-65.00 65.00 -0.0002048
-60.00 65.00 -0.0001065
-55.00 65.00 0.0003082
-50.00 65.00 0.0006766
-45.00 65.00 0.0005565
-40.00 65.00 -0.0003716
-35.00 65.00 -0.0021475
-30.00 65.00 -0.0044757
-25.00 65.00 -0.0067834
-20.00 65.00 -0.0083727
-15.00 65.00 -0.0086329
-10.00 65.00 -0.0072629
-5.00 65.00 -0.0044344
0.00 65.00 -0.0008122
5.00 65.00 0.0026227
10.00 65.00 0.0049133
15.00 65.00 0.0054925
20.00 65.00 0.0043908
25.00 65.00 0.0021735
30.00 65.00 -0.000346
35.00 65.00 -0.0024434
40.00 65.00 -0.0036914
45.00 65.00 -0.0039807
50.00 65.00 -0.003426
55.00 65.00 -0.0022675
60.00 65.00 -0.0008136
65.00 65.00 0.0006122
70.00 65.00 0.0017642
75.00 65.00 0.0025847
80.00 65.00 0.0032447
85.00 65.00 0.0040458
90.00 65.00 0.0052071
95.00 65.00 0.00666
100.00 65.00 0.0079924
105.00 65.00 0.0086021
110.00 65.00 0.0079932
115.00 65.00 0.0060596
120.00 65.00 0.0031975
125.00 65.00 0.0001806
130.00 65.00 -0.0021488
135.00 65.00 -0.0032207
140.00 65.00 -0.002943
145.00 65.00 -0.001676
150.00 65.00 -7.4e-06
155.00 65.00 0.0015307
160.00 65.00 0.0026407
165.00 65.00 0.0032648
170.00 65.00 0.0034736
175.00 65.00 0.0033682
180.00 65.00 0.0030723
-180.00 70.00 -0.0003123
-175.00 70.00 -0.0006798
-170.00 70.00 -0.0004786
-165.00 70.00 0.0003198
-160.00 70.00 0.0015572
-155.00 70.00 0.0029122
-150.00 70.00 0.0039822
-145.00 70.00 0.0044042
-140.00 70.00 0.0039723
-135.00 70.00 0.0027046
-130.00 70.00 0.0008354
-125.00 70.00 -0.0012613
-120.00 70.00 -0.0031843
-115.00 70.00 -0.0046137
-110.00 70.00 -0.0053819
-105.00 70.00 -0.0054941
-100.00 70.00 -0.005098
-95.00 70.00 -0.0044168
-90.00 70.00 -0.003666
-85.00 70.00 -0.0029816
-80.00 70.00 -0.0023859
-75.00 70.00 -0.0018066
-70.00 70.00 -0.0011431
-65.00 70.00 -0.0003547
-60.00 70.00 0.0004735
-55.00 70.00 0.0011197
-50.00 70.00 0.0012865
-45.00 70.00 0.0007143
-40.00 70.00 -0.0006955
-35.00 70.00 -0.0027966
-30.00 70.00 -0.0051914
-25.00 70.00 -0.0073134
-20.00 70.00 -0.0085776
-15.00 70.00 -0.0085556
-10.00 70.00 -0.0071182
-5.00 70.00 -0.0044986
0.00 70.00 -0.0012452
5.00 70.00 0.0019238
10.00 70.00 0.0043243
15.00 70.00 0.0054961
20.00 70.00 0.0053171
25.00 70.00 0.0040053
30.00 70.00 0.0020187
35.00 70.00 -9.76e-05
40.00 70.00 -0.0018625
45.00 70.00 -0.0029606
50.00 70.00 -0.0032814
55.00 70.00 -0.0029012
60.00 70.00 -0.0020231
65.00 70.00 -0.0008966
70.00 70.00 0.000263
75.00 70.00 0.0013291
80.00 70.00 0.0022736
85.00 70.00 0.0031247
90.00 70.00 0.0038956
95.00 70.00 0.0045245
100.00 70.00 0.004866
105.00 70.00 0.0047472
110.00 70.00 0.0040669
115.00 70.00 0.0028818
120.00 70.00 0.0014315
125.00 70.00 7.6e-05
130.00 70.00 -0.0008296
135.00 70.00 -0.0010691
140.00 70.00 -0.0006454
145.00 70.00 0.000226
150.00 70.00 0.0012043
155.00 70.00 0.0019477
160.00 70.00 0.0022246
165.00 70.00 0.0019726
170.00 70.00 0.0012994
175.00 70.00 0.0004398
180.00 70.00 -0.0003123
-180.00 75.00 0.0014718
-175.00 75.00 0.0007515
-170.00 75.00 0.0003962
-165.00 75.00 0.0004328
-160.00 75.00 0.000799
-155.00 75.00 0.0013587
-150.00 75.00 0.0019363
-145.00 75.00 0.0023597
-140.00 75.00 0.0025011
-135.00 75.00 0.0023062
-130.00 75.00 0.0018014
-125.00 75.00 0.0010809
-120.00 75.00 0.0002768
-115.00 75.00 -0.0004754
-110.00 75.00 -0.0010668
-105.00 75.00 -0.0014317
-100.00 75.00 -0.0015504
-95.00 75.00 -0.0014377
-90.00 75.00 -0.0011284
-85.00 75.00 -0.0006654
-80.00 75.00 -9.44e-05
-75.00 75.00 0.0005308
-70.00 75.00 0.0011395
-65.00 75.00 0.0016369
-60.00 75.00 0.0019064
-55.00 75.00 0.0018279
-50.00 75.00 0.0013084
-45.00 75.00 0.0003181
-40.00 75.00 -0.0010791
-35.00 75.00 -0.0027146
-30.00 75.00 -0.0043327
-25.00 75.00 -0.0056368
-20.00 75.00 -0.0063535
-15.00 75.00 -0.0062993
-10.00 75.00 -0.0054304
-5.00 75.00 -0.0038588
0.00 75.00 -0.0018293
5.00 75.00 0.0003358
10.00 75.00 0.0023097
15.00 75.00 0.0038318
20.00 75.00 0.0047564
25.00 75.00 0.0050702
30.00 75.00 0.0048749
35.00 75.00 0.0043473
40.00 75.00 0.0036873
45.00 75.00 0.0030691
50.00 75.00 0.0026085
55.00 75.00 0.0023514
60.00 75.00 0.0022827
65.00 75.00 0.0023481
70.00 75.00 0.002481
75.00 75.00 0.002624
80.00 75.00 0.0027405
85.00 75.00 0.0028136
90.00 75.00 0.002839
95.00 75.00 0.0028184
100.00 75.00 0.0027573
105.00 75.00 0.0026692
110.00 75.00 0.002583
115.00 75.00 0.002546
120.00 75.00 0.0026174
125.00 75.00 0.0028499
130.00 75.00 0.0032661
135.00 75.00 0.0038383
140.00 75.00 0.0044815
145.00 75.00 0.0050654
150.00 75.00 0.0054449
155.00 75.00 0.0054991
160.00 75.00 0.0051672
165.00 75.00 0.0044695
170.00 75.00 0.0035083
175.00 75.00 0.0024467
180.00 75.00 0.0014718
-180.00 80.00 0.0021943
-175.00 80.00 0.0017025
-170.00 80.00 0.0013255
-165.00 80.00 0.0010866
-160.00 80.00 0.0009875
-155.00 80.00 0.0010104
-150.00 80.00 0.0011233
-145.00 80.00 0.0012875
-140.00 80.00 0.0014659
-135.00 80.00 0.0016293
-130.00 80.00 0.0017608
-125.00 80.00 0.0018558
-120.00 80.00 0.0019202
-115.00 80.00 0.0019673
-110.00 80.00 0.0020125
-105.00 80.00 0.0020696
-100.00 80.00 0.0021459
-95.00 80.00 0.0022408
-90.00 80.00 0.002345
-85.00 80.00 0.0024409
-80.00 80.00 0.0025033
-75.00 80.00 0.0025013
-70.00 80.00 0.0024019
-65.00 80.00 0.0021747
-60.00 80.00 0.0017967
-55.00 80.00 0.0012583
-50.00 80.00 0.000569
-45.00 80.00 -0.0002389
-40.00 80.00 -0.0011094
-35.00 80.00 -0.0019669
-30.00 80.00 -0.0027247
-25.00 80.00 -0.0032967
-20.00 80.00 -0.0036103
-15.00 80.00 -0.0036189
-10.00 80.00 -0.0033099
-5.00 80.00 -0.0027075
0.00 80.00 -0.001869
5.00 80.00 -0.0008753
10.00 80.00 0.0001823
15.00 80.00 0.0012158
20.00 80.00 0.0021522
25.00 80.00 0.0029409
30.00 80.00 0.0035563
35.00 80.00 0.0039958
40.00 80.00 0.0042741
45.00 80.00 0.0044151
50.00 80.00 0.0044457
55.00 80.00 0.0043908
60.00 80.00 0.004271
65.00 80.00 0.0041028
70.00 80.00 0.0038997
75.00 80.00 0.0036744
80.00 80.00 0.0034413
85.00 80.00 0.0032167
90.00 80.00 0.0030192
95.00 80.00 0.0028677
100.00 80.00 0.00278
105.00 80.00 0.0027711
110.00 80.00 0.0028504
115.00 80.00 0.0030192
120.00 80.00 0.0032688
125.00 80.00 0.0035791
130.00 80.00 0.003919
135.00 80.00 0.0042482
140.00 80.00 0.0045207
145.00 80.00 0.0046915
150.00 80.00 0.0047234
155.00 80.00 0.0045947
160.00 80.00 0.0043036
165.00 80.00 0.0038709
170.00 80.00 0.0033373
175.00 80.00 0.0027581
180.00 80.00 0.0021943
-180.00 85.00 -5.3e-06
-175.00 85.00 -9.23e-05
-170.00 85.00 -0.0001646
-165.00 85.00 -0.0002184
-160.00 85.00 -0.0002485
-155.00 85.00 -0.0002507
-150.00 85.00 -0.0002252
-145.00 85.00 -0.0001773
-140.00 85.00 -0.000114
-135.00 85.00 -4.1e-05
-130.00 85.00 3.95e-05
-125.00 85.00 0.0001252
-120.00 85.00 0.0002111
-115.00 85.00 0.0002889
-110.00 85.00 0.0003504
-105.00 85.00 0.0003907
-100.00 85.00 0.0004086
-95.00 85.00 0.0004036
-90.00 85.00 0.0003727
-85.00 85.00 0.0003098
-80.00 85.00 0.0002099
-75.00 85.00 7.24e-05
-70.00 85.00 -9.88e-05
-65.00 85.00 -0.000298
-60.00 85.00 -0.0005206
-55.00 85.00 -0.0007631
-50.00 85.00 -0.0010196
-45.00 85.00 -0.0012789
-40.00 85.00 -0.0015259
-35.00 85.00 -0.0017452
-30.00 85.00 -0.0019249
-25.00 85.00 -0.0020575
-20.00 85.00 -0.0021372
-15.00 85.00 -0.0021583
-10.00 85.00 -0.002116
-5.00 85.00 -0.0020095
0.00 85.00 -0.001845
5.00 85.00 -0.0016338
10.00 85.00 -0.0013893
15.00 85.00 -0.0011234
20.00 85.00 -0.0008459
25.00 85.00 -0.0005665
30.00 85.00 -0.0002966
35.00 85.00 -4.78e-05
40.00 85.00 0.0001705
45.00 85.00 0.0003538
50.00 85.00 0.000502
55.00 85.00 0.000617
60.00 85.00 0.0007004
65.00 85.00 0.0007527
70.00 85.00 0.000776
75.00 85.00 0.0007754
80.00 85.00 0.0007588
85.00 85.00 0.0007346
90.00 85.00 0.0007086
95.00 85.00 0.0006835
100.00 85.00 0.0006609
105.00 85.00 0.000643
110.00 85.00 0.0006326
115.00 85.00 0.0006319
120.00 85.00 0.0006391
125.00 85.00 0.0006486
130.00 85.00 0.0006534
135.00 85.00 0.0006481
140.00 85.00 0.0006302
145.00 85.00 0.0005989
150.00 85.00 0.0005529
155.00 85.00 0.0004894
160.00 85.00 0.000407
165.00 85.00 0.0003084
170.00 85.00 0.0002009
175.00 85.00 9.38e-05
180.00 85.00 -5.3e-06
-180.00 90.00 -0.001728
-175.00 90.00 -0.001728
-170.00 90.00 -0.001728
-165.00 90.00 -0.001728
-160.00 90.00 -0.001728
-155.00 90.00 -0.001728
-150.00 90.00 -0.001728
-145.00 90.00 -0.001728
-140.00 90.00 -0.001728
-135.00 90.00 -0.001728
-130.00 90.00 -0.001728
-125.00 90.00 -0.001728
-120.00 90.00 -0.001728
-115.00 90.00 -0.001728
-110.00 90.00 -0.001728
-105.00 90.00 -0.001728
-100.00 90.00 -0.001728
-95.00 90.00 -0.001728
-90.00 90.00 -0.001728
-85.00 90.00 -0.001728
-80.00 90.00 -0.001728
-75.00 90.00 -0.001728
-70.00 90.00 -0.001728
-65.00 90.00 -0.001728
-60.00 90.00 -0.001728
-55.00 90.00 -0.001728
-50.00 90.00 -0.001728
-45.00 90.00 -0.001728
-40.00 90.00 -0.001728
-35.00 90.00 -0.001728
-30.00 90.00 -0.001728
-25.00 90.00 -0.001728
-20.00 90.00 -0.001728
-15.00 90.00 -0.001728
-10.00 90.00 -0.001728
-5.00 90.00 -0.001728
0.00 90.00 -0.001728
5.00 90.00 -0.001728
10.00 90.00 -0.001728
15.00 90.00 -0.001728
20.00 90.00 -0.001728
25.00 90.00 -0.001728
30.00 90.00 -0.001728
35.00 90.00 -0.001728
40.00 90.00 -0.001728
45.00 90.00 -0.001728
50.00 90.00 -0.001728
55.00 90.00 -0.001728
60.00 90.00 -0.001728
65.00 90.00 -0.001728
70.00 90.00 -0.001728
75.00 90.00 -0.001728
80.00 90.00 -0.001728
85.00 90.00 -0.001728
90.00 90.00 -0.001728
95.00 90.00 -0.001728
100.00 90.00 -0.001728
105.00 90.00 -0.001728
110.00 90.00 -0.001728
115.00 90.00 -0.001728
120.00 90.00 -0.001728
125.00 90.00 -0.001728
130.00 90.00 -0.001728
135.00 90.00 -0.001728
140.00 90.00 -0.001728
145.00 90.00 -0.001728
150.00 90.00 -0.001728
155.00 90.00 -0.001728
160.00 90.00 -0.001728
165.00 90.00 -0.001728
170.00 90.00 -0.001728
175.00 90.00 -0.001728
180.00 90.00 -0.001728
