-180.00 -90.00 -4.401e-05
-175.00 -90.00 -4.392e-05
-170.00 -90.00 -4.383e-05
-165.00 -90.00 -4.377e-05
-160.00 -90.00 -4.368e-05
-155.00 -90.00 -4.359e-05
-150.00 -90.00 -4.353e-05
-145.00 -90.00 -4.347e-05
-140.00 -90.00 -4.344e-05
-135.00 -90.00 -4.338e-05
-130.00 -90.00 -4.338e-05
-125.00 -90.00 -4.335e-05
-120.00 -90.00 -4.338e-05
-115.00 -90.00 -4.338e-05
-110.00 -90.00 -4.344e-05
-105.00 -90.00 -4.347e-05
-100.00 -90.00 -4.353e-05
-95.00 -90.00 -4.362e-05
-90.00 -90.00 -4.368e-05
-85.00 -90.00 -4.377e-05
-80.00 -90.00 -4.386e-05
-75.00 -90.00 -4.392e-05
-70.00 -90.00 -4.401e-05
-65.00 -90.00 -4.41e-05
-60.00 -90.00 -4.416e-05
-55.00 -90.00 -4.422e-05
-50.00 -90.00 -4.428e-05
-45.00 -90.00 -4.431e-05
-40.00 -90.00 -4.431e-05
-35.00 -90.00 -4.434e-05
-30.00 -90.00 -4.431e-05
-25.00 -90.00 -4.431e-05
-20.00 -90.00 -4.425e-05
-15.00 -90.00 -4.422e-05
-10.00 -90.00 -4.416e-05
-5.00 -90.00 -4.407e-05
0.00 -90.00 -4.401e-05
5.00 -90.00 -4.392e-05
10.00 -90.00 -4.383e-05
15.00 -90.00 -4.377e-05
20.00 -90.00 -4.368e-05
25.00 -90.00 -4.359e-05
30.00 -90.00 -4.353e-05
35.00 -90.00 -4.347e-05
40.00 -90.00 -4.341e-05
45.00 -90.00 -4.338e-05
50.00 -90.00 -4.338e-05
55.00 -90.00 -4.335e-05
60.00 -90.00 -4.338e-05
65.00 -90.00 -4.338e-05
70.00 -90.00 -4.344e-05
75.00 -90.00 -4.347e-05
80.00 -90.00 -4.353e-05
85.00 -90.00 -4.362e-05
90.00 -90.00 -4.368e-05
95.00 -90.00 -4.377e-05
100.00 -90.00 -4.386e-05
105.00 -90.00 -4.392e-05
110.00 -90.00 -4.401e-05
115.00 -90.00 -4.41e-05
120.00 -90.00 -4.416e-05
125.00 -90.00 -4.422e-05
130.00 -90.00 -4.428e-05
135.00 -90.00 -4.431e-05
140.00 -90.00 -4.431e-05
145.00 -90.00 -4.434e-05
150.00 -90.00 -4.431e-05
155.00 -90.00 -4.431e-05
160.00 -90.00 -4.425e-05
165.00 -90.00 -4.422e-05
170.00 -90.00 -4.416e-05
175.00 -90.00 -4.41e-05
180.00 -90.00 -4.401e-05
-180.00 -85.00 -0.00099225
-175.00 -85.00 -0.00100113
-170.00 -85.00 -0.00100044
-165.00 -85.00 -0.00098994
-160.00 -85.00 -0.00096969
-155.00 -85.00 -0.00094002
-150.00 -85.00 -0.00090135
-145.00 -85.00 -0.00085407
-140.00 -85.00 -0.00079863
-135.00 -85.00 -0.00073578
-130.00 -85.00 -0.00066654
-125.00 -85.00 -0.00059211
-120.00 -85.00 -0.00051384
-115.00 -85.00 -0.00043311
-110.00 -85.00 -0.00035127
-105.00 -85.00 -0.00026985
-100.00 -85.00 -0.00019047
-95.00 -85.00 -0.00011466
-90.00 -85.00 -4.374e-05
-85.00 -85.00 2.115e-05
-80.00 -85.00 7.911e-05
-75.00 -85.00 0.00012954
-70.00 -85.00 0.00017205
-65.00 -85.00 0.00020664
-60.00 -85.00 0.00023358
-55.00 -85.00 0.00025353
-50.00 -85.00 0.00026739
-45.00 -85.00 0.00027636
-40.00 -85.00 0.00028176
-35.00 -85.00 0.00028506
-30.00 -85.00 0.00028755
-25.00 -85.00 0.00029049
-20.00 -85.00 0.0002949
-15.00 -85.00 0.00030174
-10.00 -85.00 0.00031164
-5.00 -85.00 0.00032484
0.00 -85.00 0.0003411
5.00 -85.00 0.00035997
10.00 -85.00 0.00038076
15.00 -85.00 0.00040275
20.00 -85.00 0.00042501
25.00 -85.00 0.00044634
30.00 -85.00 0.00046545
35.00 -85.00 0.00048105
40.00 -85.00 0.00049197
45.00 -85.00 0.00049728
50.00 -85.00 0.00049599
55.00 -85.00 0.00048717
60.00 -85.00 0.00046998
65.00 -85.00 0.00044379
70.00 -85.00 0.00040845
75.00 -85.00 0.00036411
80.00 -85.00 0.00031116
85.00 -85.00 0.00025017
90.00 -85.00 0.00018186
95.00 -85.00 0.00010731
100.00 -85.00 2.793e-05
105.00 -85.00 -5.481e-05
110.00 -85.00 -0.00013947
115.00 -85.00 -0.00022482
120.00 -85.00 -0.00030987
125.00 -85.00 -0.00039354
130.00 -85.00 -0.00047481
135.00 -85.00 -0.00055272
140.00 -85.00 -0.00062646
145.00 -85.00 -0.00069549
150.00 -85.00 -0.00075924
155.00 -85.00 -0.00081708
160.00 -85.00 -0.0008682
165.00 -85.00 -0.00091179
170.00 -85.00 -0.00094722
175.00 -85.00 -0.00097416
180.00 -85.00 -0.00099225
-180.00 -80.00 -0.00187965
-175.00 -80.00 -0.00193572
-170.00 -80.00 -0.00197157
-165.00 -80.00 -0.00198711
-160.00 -80.00 -0.00198357
-155.00 -80.00 -0.00196215
-150.00 -80.00 -0.00192252
-145.00 -80.00 -0.001863
-140.00 -80.00 -0.00178284
-135.00 -80.00 -0.00168234
-130.00 -80.00 -0.00156168
-125.00 -80.00 -0.00142122
-120.00 -80.00 -0.00126348
-115.00 -80.00 -0.00109332
-110.00 -80.00 -0.0009159
-105.00 -80.00 -0.00073557
-100.00 -80.00 -0.00055668
-95.00 -80.00 -0.0003843
-90.00 -80.00 -0.00022263
-85.00 -80.00 -7.392e-05
-80.00 -80.00 5.976e-05
-75.00 -80.00 0.00017487
-70.00 -80.00 0.00026736
-65.00 -80.00 0.00033459
-60.00 -80.00 0.0003753
-55.00 -80.00 0.00038859
-50.00 -80.00 0.00037506
-45.00 -80.00 0.00033909
-40.00 -80.00 0.00028845
-35.00 -80.00 0.00023166
-30.00 -80.00 0.00017664
-25.00 -80.00 0.00013128
-20.00 -80.00 0.00010308
-15.00 -80.00 9.636e-05
-10.00 -80.00 0.00011112
-5.00 -80.00 0.00014478
0.00 -80.00 0.00019398
5.00 -80.00 0.00025425
10.00 -80.00 0.00031917
15.00 -80.00 0.00038259
20.00 -80.00 0.00044115
25.00 -80.00 0.00049377
30.00 -80.00 0.00053985
35.00 -80.00 0.00057909
40.00 -80.00 0.00061305
45.00 -80.00 0.00064395
50.00 -80.00 0.00067191
55.00 -80.00 0.00069402
60.00 -80.00 0.00070605
65.00 -80.00 0.0007038
70.00 -80.00 0.00068229
75.00 -80.00 0.00063594
80.00 -80.00 0.0005616
85.00 -80.00 0.00046074
90.00 -80.00 0.00033834
95.00 -80.00 0.00020058
100.00 -80.00 5.475e-05
105.00 -80.00 -9.081e-05
110.00 -80.00 -0.00022902
115.00 -80.00 -0.00035697
120.00 -80.00 -0.00047589
125.00 -80.00 -0.00058881
130.00 -80.00 -0.00069939
135.00 -80.00 -0.00081237
140.00 -80.00 -0.00093225
145.00 -80.00 -0.00106068
150.00 -80.00 -0.00119538
155.00 -80.00 -0.00133224
160.00 -80.00 -0.00146682
165.00 -80.00 -0.00159399
170.00 -80.00 -0.00170781
175.00 -80.00 -0.00180363
180.00 -80.00 -0.00187965
-180.00 -75.00 -0.00231663
-175.00 -75.00 -0.00243429
-170.00 -75.00 -0.00252012
-165.00 -75.00 -0.00258369
-160.00 -75.00 -0.00263304
-155.00 -75.00 -0.00267318
-150.00 -75.00 -0.00270429
-145.00 -75.00 -0.00272196
-140.00 -75.00 -0.00271839
-135.00 -75.00 -0.00268344
-130.00 -75.00 -0.00260679
-125.00 -75.00 -0.00248238
-120.00 -75.00 -0.00231159
-115.00 -75.00 -0.00210357
-110.00 -75.00 -0.00187395
-105.00 -75.00 -0.00164115
-100.00 -75.00 -0.00141969
-95.00 -75.00 -0.00121506
-90.00 -75.00 -0.00102315
-85.00 -75.00 -0.00083391
-80.00 -75.00 -0.0006372
-75.00 -75.00 -0.00042981
-70.00 -75.00 -0.00022068
-65.00 -75.00 -2.958e-05
-60.00 -75.00 0.00011931
-55.00 -75.00 0.00020511
-50.00 -75.00 0.00021717
-45.00 -75.00 0.00015993
-40.00 -75.00 5.289e-05
-35.00 -75.00 -7.515e-05
-30.00 -75.00 -0.00019305
-25.00 -75.00 -0.00027321
-20.00 -75.00 -0.00029727
-15.00 -75.00 -0.00026016
-10.00 -75.00 -0.00016917
-5.00 -75.00 -4.083e-05
0.00 -75.00 0.00010254
5.00 -75.00 0.00023694
10.00 -75.00 0.00034203
15.00 -75.00 0.00040419
20.00 -75.00 0.00041721
25.00 -75.00 0.00038295
30.00 -75.00 0.00031233
35.00 -75.00 0.00022377
40.00 -75.00 0.00014007
45.00 -75.00 8.52e-05
50.00 -75.00 7.938e-05
55.00 -75.00 0.00013209
60.00 -75.00 0.00023742
65.00 -75.00 0.0003744
70.00 -75.00 0.00051105
75.00 -75.00 0.00061155
80.00 -75.00 0.00064677
85.00 -75.00 0.0006039
90.00 -75.00 0.00049023
95.00 -75.00 0.00033063
100.00 -75.00 0.00016086
105.00 -75.00 1.692e-05
110.00 -75.00 -7.683e-05
115.00 -75.00 -0.00011511
120.00 -75.00 -0.00011199
125.00 -75.00 -9.66e-05
130.00 -75.00 -0.00010476
135.00 -75.00 -0.00016785
140.00 -75.00 -0.00030396
145.00 -75.00 -0.0005145
150.00 -75.00 -0.00078552
155.00 -75.00 -0.00109182
160.00 -75.00 -0.00140409
165.00 -75.00 -0.00169644
170.00 -75.00 -0.00195069
175.00 -75.00 -0.0021576
180.00 -75.00 -0.00231663
-180.00 -70.00 -0.0023367
-175.00 -70.00 -0.00245841
-170.00 -70.00 -0.00254256
-165.00 -70.00 -0.00260331
-160.00 -70.00 -0.00265266
-155.00 -70.00 -0.00270153
-150.00 -70.00 -0.00275985
-145.00 -70.00 -0.00283416
-140.00 -70.00 -0.00292179
-135.00 -70.00 -0.00300549
-130.00 -70.00 -0.00305292
-125.00 -70.00 -0.00302589
-120.00 -70.00 -0.00289794
-115.00 -70.00 -0.00267225
-110.00 -70.00 -0.00238839
-105.00 -70.00 -0.00211017
-100.00 -70.00 -0.00189687
-95.00 -70.00 -0.00177195
-90.00 -70.00 -0.00170709
-85.00 -70.00 -0.00163296
-80.00 -70.00 -0.00147342
-75.00 -70.00 -0.00118629
-70.00 -70.00 -0.00078873
-65.00 -70.00 -0.0003537
-60.00 -70.00 1.968e-05
-55.00 -70.00 0.0002463
-50.00 -70.00 0.00028599
-45.00 -70.00 0.00015264
-40.00 -70.00 -9.729e-05
-35.00 -70.00 -0.0003879
-30.00 -70.00 -0.00064617
-25.00 -70.00 -0.00081675
-20.00 -70.00 -0.00086913
-15.00 -70.00 -0.00079953
-10.00 -70.00 -0.00062937
-5.00 -70.00 -0.00039954
0.00 -70.00 -0.00015978
5.00 -70.00 4.44e-05
10.00 -70.00 0.00018201
15.00 -70.00 0.00023901
20.00 -70.00 0.00021369
25.00 -70.00 0.00010953
30.00 -70.00 -6.66e-05
35.00 -70.00 -0.00029862
40.00 -70.00 -0.00055257
45.00 -70.00 -0.00077343
50.00 -70.00 -0.0008949
55.00 -70.00 -0.00086106
60.00 -70.00 -0.00065115
65.00 -70.00 -0.00029478
70.00 -70.00 0.00013158
75.00 -70.00 0.00052731
80.00 -70.00 0.00080127
85.00 -70.00 0.00090282
90.00 -70.00 0.00083871
95.00 -70.00 0.00066882
100.00 -70.00 0.00048327
105.00 -70.00 0.00036927
110.00 -70.00 0.0003798
115.00 -70.00 0.00051558
120.00 -70.00 0.0007254
125.00 -70.00 0.00092517
130.00 -70.00 0.0010269
135.00 -70.00 0.00096768
140.00 -70.00 0.00072795
145.00 -70.00 0.0003333
150.00 -70.00 -0.00015846
155.00 -70.00 -0.00067842
160.00 -70.00 -0.00116655
165.00 -70.00 -0.00158382
170.00 -70.00 -0.00191445
175.00 -70.00 -0.00216102
180.00 -70.00 -0.0023367
-180.00 -65.00 -0.0024201
-175.00 -65.00 -0.00255123
-170.00 -65.00 -0.00261912
-165.00 -65.00 -0.00262803
-160.00 -65.00 -0.00258705
-155.00 -65.00 -0.00250767
-150.00 -65.00 -0.00241191
-145.00 -65.00 -0.00234087
-140.00 -65.00 -0.00234534
-135.00 -65.00 -0.00245319
-130.00 -65.00 -0.00263244
-125.00 -65.00 -0.00278376
-120.00 -65.00 -0.00278205
-115.00 -65.00 -0.00255228
-110.00 -65.00 -0.00213165
-105.00 -65.00 -0.00166917
-100.00 -65.00 -0.00134928
-95.00 -65.00 -0.00127926
-90.00 -65.00 -0.00141228
-85.00 -65.00 -0.0015615
-80.00 -65.00 -0.00150399
-75.00 -65.00 -0.00111231
-70.00 -65.00 -0.00043212
-65.00 -65.00 0.00033999
-60.00 -65.00 0.0009606
-55.00 -65.00 0.00125721
-50.00 -65.00 0.00119265
-45.00 -65.00 0.00084921
-40.00 -65.00 0.00036009
-35.00 -65.00 -0.00015924
-30.00 -65.00 -0.00063933
-25.00 -65.00 -0.00104292
-20.00 -65.00 -0.00133872
-15.00 -65.00 -0.00149529
-10.00 -65.00 -0.00150057
-5.00 -65.00 -0.00138414
0.00 -65.00 -0.00121338
5.00 -65.00 -0.0010581
10.00 -65.00 -0.00094968
15.00 -65.00 -0.00086925
20.00 -65.00 -0.00077769
25.00 -65.00 -0.00066366
30.00 -65.00 -0.00056949
35.00 -65.00 -0.00056907
40.00 -65.00 -0.00071064
45.00 -65.00 -0.00096579
50.00 -65.00 -0.00122415
55.00 -65.00 -0.00134211
60.00 -65.00 -0.00121776
65.00 -65.00 -0.0008466
70.00 -65.00 -0.0003267
75.00 -65.00 0.00018765
80.00 -65.00 0.00055635
85.00 -65.00 0.00071157
90.00 -65.00 0.00067824
95.00 -65.00 0.0005532
100.00 -65.00 0.00045735
105.00 -65.00 0.00048366
110.00 -65.00 0.00066072
115.00 -65.00 0.00094338
120.00 -65.00 0.00123048
125.00 -65.00 0.00140298
130.00 -65.00 0.00136821
135.00 -65.00 0.00109503
140.00 -65.00 0.0006243
145.00 -65.00 4.992e-05
150.00 -65.00 -0.00052272
155.00 -65.00 -0.00101925
160.00 -65.00 -0.00141702
165.00 -65.00 -0.00173457
170.00 -65.00 -0.00200154
175.00 -65.00 -0.00223221
180.00 -65.00 -0.0024201
-180.00 -60.00 -0.00332136
-175.00 -60.00 -0.00345714
-170.00 -60.00 -0.00340386
-165.00 -60.00 -0.00325119
-160.00 -60.00 -0.00308094
-155.00 -60.00 -0.00289548
-150.00 -60.00 -0.00264267
-145.00 -60.00 -0.00231168
-140.00 -60.00 -0.00199794
-135.00 -60.00 -0.00185979
-130.00 -60.00 -0.00198753
-125.00 -60.00 -0.00229323
-120.00 -60.00 -0.0025269
-115.00 -60.00 -0.00243147
-110.00 -60.00 -0.00193608
-105.00 -60.00 -0.001239
-100.00 -60.00 -0.00069606
-95.00 -60.00 -0.00057294
-90.00 -60.00 -0.00083628
-85.00 -60.00 -0.0011487
-80.00 -60.00 -0.00108756
-75.00 -60.00 -0.00043566
-70.00 -60.00 0.00066537
-65.00 -60.00 0.0018042
-60.00 -60.00 0.00255717
-55.00 -60.00 0.00272916
-50.00 -60.00 0.00242118
-45.00 -60.00 0.00190326
-40.00 -60.00 0.00140337
-35.00 -60.00 0.0009687
-30.00 -60.00 0.00048984
-25.00 -60.00 -0.00014808
-20.00 -60.00 -0.00092034
-15.00 -60.00 -0.00164781
-10.00 -60.00 -0.00212505
-5.00 -60.00 -0.00227916
0.00 -60.00 -0.00221892
5.00 -60.00 -0.00213027
10.00 -60.00 -0.00211197
15.00 -60.00 -0.00209673
20.00 -60.00 -0.00192597
25.00 -60.00 -0.00151023
30.00 -60.00 -0.00093654
35.00 -60.00 -0.00043215
40.00 -60.00 -0.00021369
45.00 -60.00 -0.00033873
50.00 -60.00 -0.00066792
55.00 -60.00 -0.00095985
60.00 -60.00 -0.00102504
65.00 -60.00 -0.0008337
70.00 -60.00 -0.00051231
75.00 -60.00 -0.00024456
80.00 -60.00 -0.00015021
85.00 -60.00 -0.00021915
90.00 -60.00 -0.00033177
95.00 -60.00 -0.00033945
100.00 -60.00 -0.00015099
105.00 -60.00 0.00022182
110.00 -60.00 0.00067329
115.00 -60.00 0.0010524
120.00 -60.00 0.0012219
125.00 -60.00 0.00110394
130.00 -60.00 0.00070143
135.00 -60.00 9.582e-05
140.00 -60.00 -0.000576
145.00 -60.00 -0.00116706
150.00 -60.00 -0.00158133
155.00 -60.00 -0.00182337
160.00 -60.00 -0.00199605
165.00 -60.00 -0.00222993
170.00 -60.00 -0.0025839
175.00 -60.00 -0.00299439
180.00 -60.00 -0.00332136
-180.00 -55.00 -0.00471825
-175.00 -55.00 -0.00466311
-170.00 -55.00 -0.00416157
-165.00 -55.00 -0.00360063
-160.00 -55.00 -0.00331635
-155.00 -55.00 -0.00331833
-150.00 -55.00 -0.00331419
-145.00 -55.00 -0.00300708
-140.00 -55.00 -0.00238818
-135.00 -55.00 -0.00176424
-130.00 -55.00 -0.00150639
-125.00 -55.00 -0.00173829
-120.00 -55.00 -0.00221694
-115.00 -55.00 -0.00250374
-110.00 -55.00 -0.0023049
-105.00 -55.00 -0.00171903
-100.00 -55.00 -0.00117327
-95.00 -55.00 -0.00106365
-90.00 -55.00 -0.00138303
-85.00 -55.00 -0.00167049
-80.00 -55.00 -0.00135693
-75.00 -55.00 -0.00022989
-70.00 -55.00 0.00137049
-65.00 -55.00 0.0027768
-60.00 -55.00 0.00344673
-55.00 -55.00 0.00329658
-50.00 -55.00 0.00270027
-45.00 -55.00 0.00218895
-40.00 -55.00 0.00207039
-35.00 -55.00 0.00222282
-30.00 -55.00 0.00220632
-25.00 -55.00 0.00162453
-20.00 -55.00 0.00047037
-15.00 -55.00 -0.00082824
-10.00 -55.00 -0.00172053
-5.00 -55.00 -0.00194985
0.00 -55.00 -0.00171939
5.00 -55.00 -0.00147204
10.00 -55.00 -0.00149607
15.00 -55.00 -0.00170895
20.00 -55.00 -0.00178368
25.00 -55.00 -0.0014718
30.00 -55.00 -0.00082917
35.00 -55.00 -0.0001728
40.00 -55.00 0.00016689
45.00 -55.00 8.658e-05
50.00 -55.00 -0.00023409
55.00 -55.00 -0.00048279
60.00 -55.00 -0.00044592
65.00 -55.00 -0.00015258
70.00 -55.00 0.0001617
75.00 -55.00 0.00023328
80.00 -55.00 -4.023e-05
85.00 -55.00 -0.00052665
90.00 -55.00 -0.00094131
95.00 -55.00 -0.0010194
100.00 -55.00 -0.00066633
105.00 -55.00 -2.76e-06
110.00 -55.00 0.00070746
115.00 -55.00 0.00119448
120.00 -55.00 0.00130413
125.00 -55.00 0.00103929
130.00 -55.00 0.00051336
135.00 -55.00 -0.00012915
140.00 -55.00 -0.00075966
145.00 -55.00 -0.00127449
150.00 -55.00 -0.00161709
155.00 -55.00 -0.00183345
160.00 -55.00 -0.002094
165.00 -55.00 -0.00259626
170.00 -55.00 -0.0033783
175.00 -55.00 -0.00421131
180.00 -55.00 -0.00471825
-180.00 -50.00 -0.00477447
-175.00 -50.00 -0.00452103
-170.00 -50.00 -0.00356496
-165.00 -50.00 -0.00256695
-160.00 -50.00 -0.00218919
-155.00 -50.00 -0.0025317
-150.00 -50.00 -0.0030765
-145.00 -50.00 -0.00317868
-140.00 -50.00 -0.00261849
-135.00 -50.00 -0.00173553
-130.00 -50.00 -0.00111255
-125.00 -50.00 -0.00113166
-120.00 -50.00 -0.00172455
-115.00 -50.00 -0.00244782
-110.00 -50.00 -0.00283026
-105.00 -50.00 -0.00275643
-100.00 -50.00 -0.00255036
-95.00 -50.00 -0.00261798
-90.00 -50.00 -0.00295434
-85.00 -50.00 -0.00304002
-80.00 -50.00 -0.00229392
-75.00 -50.00 -0.00065184
-70.00 -50.00 0.00130197
-65.00 -50.00 0.00275442
-60.00 -50.00 0.00321795
-55.00 -50.00 0.00278079
-50.00 -50.00 0.00197301
-45.00 -50.00 0.00142965
-40.00 -50.00 0.00153054
-35.00 -50.00 0.00215418
-30.00 -50.00 0.00271662
-25.00 -50.00 0.00257553
-20.00 -50.00 0.0015651
-15.00 -50.00 0.0001923
-10.00 -50.00 -0.00074877
-5.00 -50.00 -0.00083058
0.00 -50.00 -0.00030636
5.00 -50.00 0.00019077
10.00 -50.00 0.00022713
15.00 -50.00 -0.00013161
20.00 -50.00 -0.00050265
25.00 -50.00 -0.00057777
30.00 -50.00 -0.00034959
35.00 -50.00 -5.115e-05
40.00 -50.00 6.117e-05
45.00 -50.00 -9.93e-05
50.00 -50.00 -0.00038682
55.00 -50.00 -0.00051711
60.00 -50.00 -0.00026859
65.00 -50.00 0.00033315
70.00 -50.00 0.0009873
75.00 -50.00 0.00129204
80.00 -50.00 0.0010134
85.00 -50.00 0.00025335
90.00 -50.00 -0.00060597
95.00 -50.00 -0.00113151
100.00 -50.00 -0.00107637
105.00 -50.00 -0.00048831
110.00 -50.00 0.00034392
115.00 -50.00 0.00106392
120.00 -50.00 0.00144816
125.00 -50.00 0.00150111
130.00 -50.00 0.00136365
135.00 -50.00 0.00112554
140.00 -50.00 0.00075102
145.00 -50.00 0.00019686
150.00 -50.00 -0.00045384
155.00 -50.00 -0.00105345
160.00 -50.00 -0.00159192
165.00 -50.00 -0.00225342
170.00 -50.00 -0.00318351
175.00 -50.00 -0.00419268
180.00 -50.00 -0.00477447
-180.00 -45.00 -0.00264102
-175.00 -45.00 -0.00276342
-170.00 -45.00 -0.00214743
-165.00 -45.00 -0.00122559
-160.00 -45.00 -0.00076659
-155.00 -45.00 -0.00109947
-150.00 -45.00 -0.00181455
-145.00 -45.00 -0.00224238
-140.00 -45.00 -0.00209865
-135.00 -45.00 -0.00162099
-130.00 -45.00 -0.00124689
-125.00 -45.00 -0.00129186
-120.00 -45.00 -0.00180921
-115.00 -45.00 -0.00255489
-110.00 -45.00 -0.00311754
-105.00 -45.00 -0.00327099
-100.00 -45.00 -0.00322488
-95.00 -45.00 -0.00336162
-90.00 -45.00 -0.00366564
-85.00 -45.00 -0.00357852
-80.00 -45.00 -0.00256536
-75.00 -45.00 -0.00075183
-70.00 -45.00 0.00112956
-65.00 -45.00 0.00237363
-60.00 -45.00 0.00275508
-55.00 -45.00 0.00243243
-50.00 -45.00 0.00168369
-45.00 -45.00 0.0008685
-40.00 -45.00 0.0004401
-35.00 -45.00 0.00067755
-30.00 -45.00 0.00133197
-25.00 -45.00 0.0017241
-20.00 -45.00 0.00136635
-15.00 -45.00 0.00047142
-10.00 -45.00 -0.00025635
-5.00 -45.00 -0.00032937
0.00 -45.00 0.0001134
5.00 -45.00 0.00059064
10.00 -45.00 0.00080709
15.00 -45.00 0.00079734
20.00 -45.00 0.00068238
25.00 -45.00 0.00050187
30.00 -45.00 0.00030051
35.00 -45.00 0.00018999
40.00 -45.00 0.00020739
45.00 -45.00 0.00020031
50.00 -45.00 -1.767e-05
55.00 -45.00 -0.00039186
60.00 -45.00 -0.00059373
65.00 -45.00 -0.00032802
70.00 -45.00 0.0003213
75.00 -45.00 0.00088038
80.00 -45.00 0.00085503
85.00 -45.00 0.00013656
90.00 -45.00 -0.00092604
95.00 -45.00 -0.00179538
100.00 -45.00 -0.00206253
105.00 -45.00 -0.00160788
110.00 -45.00 -0.00062661
115.00 -45.00 0.00045921
120.00 -45.00 0.00124953
125.00 -45.00 0.00164232
130.00 -45.00 0.00182097
135.00 -45.00 0.00191103
140.00 -45.00 0.0017394
145.00 -45.00 0.00105858
150.00 -45.00 -2.808e-05
155.00 -45.00 -0.00102477
160.00 -45.00 -0.00150231
165.00 -45.00 -0.00153771
170.00 -45.00 -0.00161337
175.00 -45.00 -0.00206004
180.00 -45.00 -0.00264102
-180.00 -40.00 2.172e-05
-175.00 -40.00 -0.00096765
-170.00 -40.00 -0.00153057
-165.00 -40.00 -0.00128433
-160.00 -40.00 -0.00081279
-155.00 -40.00 -0.00080634
-150.00 -40.00 -0.00124182
-145.00 -40.00 -0.00164391
-140.00 -40.00 -0.00181629
-135.00 -40.00 -0.00194238
-130.00 -40.00 -0.00216375
-125.00 -40.00 -0.00244173
-120.00 -40.00 -0.00273993
-115.00 -40.00 -0.00300198
-110.00 -40.00 -0.00300609
-105.00 -40.00 -0.0025905
-100.00 -40.00 -0.00203436
-95.00 -40.00 -0.00185586
-90.00 -40.00 -0.0021012
-85.00 -40.00 -0.00213354
-80.00 -40.00 -0.00135465
-75.00 -40.00 6.513e-05
-70.00 -40.00 0.00142884
-65.00 -40.00 0.00231834
-60.00 -40.00 0.00281601
-55.00 -40.00 0.00298455
-50.00 -40.00 0.00257775
-45.00 -40.00 0.00149604
-40.00 -40.00 0.00025335
-35.00 -40.00 -0.0003651
-30.00 -40.00 -0.00011451
-25.00 -40.00 0.0004554
-20.00 -40.00 0.00062748
-15.00 -40.00 0.00025656
-10.00 -40.00 -0.00023049
-5.00 -40.00 -0.00044406
0.00 -40.00 -0.00037989
5.00 -40.00 -0.00013323
10.00 -40.00 0.00038874
15.00 -40.00 0.00118704
20.00 -40.00 0.00182283
25.00 -40.00 0.00177765
30.00 -40.00 0.001167
35.00 -40.00 0.00072036
40.00 -40.00 0.00090972
45.00 -40.00 0.00135123
50.00 -40.00 0.00125418
55.00 -40.00 0.00033582
60.00 -40.00 -0.00086448
65.00 -40.00 -0.00155181
70.00 -40.00 -0.0014697
75.00 -40.00 -0.0011073
80.00 -40.00 -0.00113958
85.00 -40.00 -0.00173649
90.00 -40.00 -0.00249108
95.00 -40.00 -0.00291609
100.00 -40.00 -0.00279753
105.00 -40.00 -0.00211344
110.00 -40.00 -0.00095775
115.00 -40.00 0.00030819
120.00 -40.00 0.00113241
125.00 -40.00 0.00127824
130.00 -40.00 0.00109485
135.00 -40.00 0.00102855
140.00 -40.00 0.00098577
145.00 -40.00 0.00046806
150.00 -40.00 -0.00067293
155.00 -40.00 -0.00185547
160.00 -40.00 -0.00223503
165.00 -40.00 -0.00150765
170.00 -40.00 -0.00027093
175.00 -40.00 0.00042306
180.00 -40.00 2.172e-05
-180.00 -35.00 0.00174009
-175.00 -35.00 0.00015717
-170.00 -35.00 -0.00161664
-165.00 -35.00 -0.00213351
-160.00 -35.00 -0.0017358
-155.00 -35.00 -0.00164862
-150.00 -35.00 -0.00217014
-145.00 -35.00 -0.00262167
-140.00 -35.00 -0.0026349
-135.00 -35.00 -0.00255222
-130.00 -35.00 -0.00268956
-125.00 -35.00 -0.00295005
-120.00 -35.00 -0.00314247
-115.00 -35.00 -0.00310677
-110.00 -35.00 -0.00255432
-105.00 -35.00 -0.00133335
-100.00 -35.00 7.902e-05
-95.00 -35.00 0.00083691
-90.00 -35.00 0.00067635
-85.00 -35.00 0.00026802
-80.00 -35.00 0.00040497
-75.00 -35.00 0.00113454
-70.00 -35.00 0.00197394
-65.00 -35.00 0.00268209
-60.00 -35.00 0.0033354
-55.00 -35.00 0.00376401
-50.00 -35.00 0.00349578
-45.00 -35.00 0.00242595
-40.00 -35.00 0.00115158
-35.00 -35.00 0.00041121
-30.00 -35.00 0.0003786
-25.00 -35.00 0.00063672
-20.00 -35.00 0.00071157
-15.00 -35.00 0.00051663
-10.00 -35.00 0.00028713
-5.00 -35.00 0.00016845
0.00 -35.00 9.162e-05
5.00 -35.00 0.00016938
10.00 -35.00 0.00083547
15.00 -35.00 0.00213516
20.00 -35.00 0.00317505
25.00 -35.00 0.00297243
30.00 -35.00 0.00179061
35.00 -35.00 0.00093873
40.00 -35.00 0.00114975
45.00 -35.00 0.00175074
50.00 -35.00 0.00160875
55.00 -35.00 0.00043395
60.00 -35.00 -0.00105462
65.00 -35.00 -0.00196872
70.00 -35.00 -0.00210174
75.00 -35.00 -0.00203484
80.00 -35.00 -0.00239166
85.00 -35.00 -0.00302823
90.00 -35.00 -0.00321957
95.00 -35.00 -0.00264477
100.00 -35.00 -0.00173592
105.00 -35.00 -0.0009279
110.00 -35.00 -0.00013068
115.00 -35.00 0.00072777
120.00 -35.00 0.00119853
125.00 -35.00 0.00090435
130.00 -35.00 0.0002745
135.00 -35.00 8.859e-05
140.00 -35.00 0.00043281
145.00 -35.00 0.00059169
150.00 -35.00 -6.222e-05
155.00 -35.00 -0.00135075
160.00 -35.00 -0.00234531
165.00 -35.00 -0.00203265
170.00 -35.00 -0.00030693
175.00 -35.00 0.0015186
180.00 -35.00 0.00174009
-180.00 -30.00 0.00329361
-175.00 -30.00 0.00139698
-170.00 -30.00 -0.00141705
-165.00 -30.00 -0.00250059
-160.00 -30.00 -0.0020106
-155.00 -30.00 -0.00201426
-150.00 -30.00 -0.00314622
-145.00 -30.00 -0.00404178
-140.00 -30.00 -0.00367794
-135.00 -30.00 -0.00261009
-130.00 -30.00 -0.00188229
-125.00 -30.00 -0.0018915
-120.00 -30.00 -0.0023973
-115.00 -30.00 -0.00281205
-110.00 -30.00 -0.00241479
-105.00 -30.00 -0.00091446
-100.00 -30.00 0.00104541
-95.00 -30.00 0.00231459
-90.00 -30.00 0.00232572
-85.00 -30.00 0.00159384
-80.00 -30.00 0.001083
-75.00 -30.00 0.00129768
-70.00 -30.00 0.00211254
-65.00 -30.00 0.00314892
-60.00 -30.00 0.00392928
-55.00 -30.00 0.00394167
-50.00 -30.00 0.00313143
-45.00 -30.00 0.00220218
-40.00 -30.00 0.00189012
-35.00 -30.00 0.00208725
-30.00 -30.00 0.00216942
-25.00 -30.00 0.00191712
-20.00 -30.00 0.00159177
-15.00 -30.00 0.00141513
-10.00 -30.00 0.00144102
-5.00 -30.00 0.00162432
0.00 -30.00 0.00175683
5.00 -30.00 0.00175962
10.00 -30.00 0.00202956
15.00 -30.00 0.00280086
20.00 -30.00 0.00332325
25.00 -30.00 0.00267492
30.00 -30.00 0.00127467
35.00 -30.00 0.0004506
40.00 -30.00 0.00055482
45.00 -30.00 0.00064446
50.00 -30.00 3.681e-05
55.00 -30.00 -0.00087618
60.00 -30.00 -0.00141885
65.00 -30.00 -0.00139992
70.00 -30.00 -0.00109155
75.00 -30.00 -0.00100848
80.00 -30.00 -0.00149976
85.00 -30.00 -0.00214521
90.00 -30.00 -0.00201411
95.00 -30.00 -0.00094236
100.00 -30.00 7.002e-05
105.00 -30.00 0.00022272
110.00 -30.00 -4.038e-05
115.00 -30.00 4.608e-05
120.00 -30.00 0.00034476
125.00 -30.00 0.00031257
130.00 -30.00 0.00013329
135.00 -30.00 0.00046425
140.00 -30.00 0.00136809
145.00 -30.00 0.00218637
150.00 -30.00 0.00221547
155.00 -30.00 0.00113973
160.00 -30.00 -0.00059982
165.00 -30.00 -0.00152694
170.00 -30.00 -0.00028011
175.00 -30.00 0.00227208
180.00 -30.00 0.00329364
-180.00 -25.00 0.00514908
-175.00 -25.00 0.00252603
-170.00 -25.00 -0.0015072
-165.00 -25.00 -0.00302403
-160.00 -25.00 -0.00194682
-155.00 -25.00 -0.00137769
-150.00 -25.00 -0.00265464
-145.00 -25.00 -0.00398469
-140.00 -25.00 -0.00362808
-135.00 -25.00 -0.00205434
-130.00 -25.00 -0.00082062
-125.00 -25.00 -0.00084198
-120.00 -25.00 -0.00189564
-115.00 -25.00 -0.0029409
-110.00 -25.00 -0.00288006
-105.00 -25.00 -0.00145026
-100.00 -25.00 0.00056841
-95.00 -25.00 0.00201615
-90.00 -25.00 0.00219351
-85.00 -25.00 0.00133071
-80.00 -25.00 0.00043722
-75.00 -25.00 0.00051576
-70.00 -25.00 0.00176082
-65.00 -25.00 0.00341379
-60.00 -25.00 0.00424449
-55.00 -25.00 0.00348738
-50.00 -25.00 0.00182094
-45.00 -25.00 0.00099813
-40.00 -25.00 0.00179451
-35.00 -25.00 0.0029658
-30.00 -25.00 0.00308535
-25.00 -25.00 0.00243831
-20.00 -25.00 0.00203529
-15.00 -25.00 0.00195525
-10.00 -25.00 0.00189771
-5.00 -25.00 0.00212994
0.00 -25.00 0.00270864
5.00 -25.00 0.00297291
10.00 -25.00 0.00265191
15.00 -25.00 0.00219729
20.00 -25.00 0.00164901
25.00 -25.00 0.00070293
30.00 -25.00 -8.427e-05
35.00 -25.00 5.103e-05
40.00 -25.00 0.00041082
45.00 -25.00 -0.00027492
50.00 -25.00 -0.00160929
55.00 -25.00 -0.00206808
60.00 -25.00 -0.00137682
65.00 -25.00 -0.00059103
70.00 -25.00 -0.00028362
75.00 -25.00 -0.00023007
80.00 -25.00 -0.00036291
85.00 -25.00 -0.00066147
90.00 -25.00 -0.00064905
95.00 -25.00 -0.0001494
100.00 -25.00 6.894e-05
105.00 -25.00 -0.00060798
110.00 -25.00 -0.00154515
115.00 -25.00 -0.00175143
120.00 -25.00 -0.00120987
125.00 -25.00 -0.00048876
130.00 -25.00 0.0002889
135.00 -25.00 0.00123291
140.00 -25.00 0.00209358
145.00 -25.00 0.00266958
150.00 -25.00 0.00308175
155.00 -25.00 0.00301713
160.00 -25.00 0.00190284
165.00 -25.00 0.00063327
170.00 -25.00 0.00133569
175.00 -25.00 0.00396816
180.00 -25.00 0.00514908
-180.00 -20.00 0.00551319
-175.00 -20.00 0.00213108
-170.00 -20.00 -0.00253167
-165.00 -20.00 -0.0040128
-160.00 -20.00 -0.0020952
-155.00 -20.00 -0.00045807
-150.00 -20.00 -0.00109023
-145.00 -20.00 -0.00241776
-140.00 -20.00 -0.00251277
-135.00 -20.00 -0.00146148
-130.00 -20.00 -0.00057825
-125.00 -20.00 -0.00085242
-120.00 -20.00 -0.00211896
-115.00 -20.00 -0.00316638
-110.00 -20.00 -0.00292869
-105.00 -20.00 -0.00152895
-100.00 -20.00 0.00014802
-95.00 -20.00 0.00132498
-90.00 -20.00 0.00149187
-85.00 -20.00 0.00066927
-80.00 -20.00 -0.00015504
-75.00 -20.00 0.00022278
-70.00 -20.00 0.00184044
-65.00 -20.00 0.00350694
-60.00 -20.00 0.0039045
-55.00 -20.00 0.00260304
-50.00 -20.00 0.00069021
-45.00 -20.00 0.00013455
-40.00 -20.00 0.00144282
-35.00 -20.00 0.00274431
-30.00 -20.00 0.00252453
-25.00 -20.00 0.00174852
-20.00 -20.00 0.00162462
-15.00 -20.00 0.00144774
-10.00 -20.00 0.00068376
-5.00 -20.00 0.00067872
0.00 -20.00 0.00213333
5.00 -20.00 0.00338385
10.00 -20.00 0.00300897
15.00 -20.00 0.00168099
20.00 -20.00 0.0003525
25.00 -20.00 -0.00073506
30.00 -20.00 -0.00088047
35.00 -20.00 0.00031758
40.00 -20.00 0.00119916
45.00 -20.00 3.381e-05
50.00 -20.00 -0.00186207
55.00 -20.00 -0.00198066
60.00 -20.00 -0.00060495
65.00 -20.00 3.567e-05
70.00 -20.00 -0.00048525
75.00 -20.00 -0.00074022
80.00 -20.00 -0.00027732
85.00 -20.00 -2.079e-05
90.00 -20.00 -0.00040266
95.00 -20.00 -0.00096483
100.00 -20.00 -0.00142593
105.00 -20.00 -0.00184155
110.00 -20.00 -0.00203925
115.00 -20.00 -0.0017706
120.00 -20.00 -0.0011193
125.00 -20.00 -0.00024882
130.00 -20.00 0.00077925
135.00 -20.00 0.00155832
140.00 -20.00 0.00150444
145.00 -20.00 0.00102918
150.00 -20.00 0.00145911
155.00 -20.00 0.00291804
160.00 -20.00 0.0037413
165.00 -20.00 0.00330654
170.00 -20.00 0.00348042
175.00 -20.00 0.00513897
180.00 -20.00 0.00551319
-180.00 -15.00 0.00327429
-175.00 -15.00 0.00032496
-170.00 -15.00 -0.00307203
-165.00 -15.00 -0.00364332
-160.00 -15.00 -0.0014889
-155.00 -15.00 0.00025668
-150.00 -15.00 9.75e-06
-145.00 -15.00 -0.00100284
-140.00 -15.00 -0.00134061
-135.00 -15.00 -0.00089235
-130.00 -15.00 -0.00040281
-125.00 -15.00 -0.00069573
-120.00 -15.00 -0.00175938
-115.00 -15.00 -0.00247893
-110.00 -15.00 -0.00205044
-105.00 -15.00 -0.00098841
-100.00 -15.00 -2.895e-05
-95.00 -15.00 0.00067428
-90.00 -15.00 0.00084855
-85.00 -15.00 0.00036117
-80.00 -15.00 0.00022416
-75.00 -15.00 0.00140457
-70.00 -15.00 0.00302346
-65.00 -15.00 0.00351486
-60.00 -15.00 0.00268251
-55.00 -15.00 0.0013065
-50.00 -15.00 0.00016797
-45.00 -15.00 0.00012612
-40.00 -15.00 0.00126636
-35.00 -15.00 0.00210972
-30.00 -15.00 0.00171405
-25.00 -15.00 0.00126837
-20.00 -15.00 0.00143832
-15.00 -15.00 0.00074298
-10.00 -15.00 -0.00096831
-5.00 -15.00 -0.00100323
0.00 -15.00 0.00157806
5.00 -15.00 0.0038274
10.00 -15.00 0.00360486
15.00 -15.00 0.00221901
20.00 -15.00 0.00098427
25.00 -15.00 -0.00032499
30.00 -15.00 -0.0009609
35.00 -15.00 0.00016878
40.00 -15.00 0.00140307
45.00 -15.00 0.00036231
50.00 -15.00 -0.00169218
55.00 -15.00 -0.00180885
60.00 -15.00 -0.00033681
65.00 -15.00 0.00010482
70.00 -15.00 -0.00077151
75.00 -15.00 -0.00104313
80.00 -15.00 -0.00021207
85.00 -15.00 0.00026883
90.00 -15.00 -0.0004578
95.00 -15.00 -0.00155931
100.00 -15.00 -0.00179373
105.00 -15.00 -0.00090528
110.00 -15.00 0.00027969
115.00 -15.00 0.00088728
120.00 -15.00 0.00097392
125.00 -15.00 0.00122937
130.00 -15.00 0.00181275
135.00 -15.00 0.00197874
140.00 -15.00 0.00114465
145.00 -15.00 0.00015123
150.00 -15.00 0.00075069
155.00 -15.00 0.00323091
160.00 -15.00 0.00543513
165.00 -15.00 0.00550914
170.00 -15.00 0.00450084
175.00 -15.00 0.00409929
180.00 -15.00 0.00327429
-180.00 -10.00 0.00041559
-175.00 -10.00 -0.0010677
-170.00 -10.00 -0.0019911
-165.00 -10.00 -0.00142782
-160.00 -10.00 -9.501e-05
-155.00 -10.00 0.00033474
-150.00 -10.00 -0.00028893
-145.00 -10.00 -0.00084879
-140.00 -10.00 -0.0008004
-135.00 -10.00 -0.00032766
-130.00 -10.00 0.00015306
-125.00 -10.00 -1.2e-07
-120.00 -10.00 -0.00088146
-115.00 -10.00 -0.00155742
-110.00 -10.00 -0.00149661
-105.00 -10.00 -0.00127716
-100.00 -10.00 -0.00108399
-95.00 -10.00 -0.00049338
-90.00 -10.00 5.136e-05
-85.00 -10.00 9.978e-05
-80.00 -10.00 0.00085245
-75.00 -10.00 0.00297906
-70.00 -10.00 0.0043401
-65.00 -10.00 0.00308691
-60.00 -10.00 0.00085374
-55.00 -10.00 -2.061e-05
-50.00 -10.00 0.00025935
-45.00 -10.00 0.00063132
-40.00 -10.00 0.00102255
-35.00 -10.00 0.00129465
-30.00 -10.00 0.00128337
-25.00 -10.00 0.0016443
-20.00 -10.00 0.00208797
-15.00 -10.00 0.00094671
-10.00 -10.00 -0.00108093
-5.00 -10.00 -0.00066465
0.00 -10.00 0.00239064
5.00 -10.00 0.00418095
10.00 -10.00 0.00326838
15.00 -10.00 0.00229389
20.00 -10.00 0.00205056
25.00 -10.00 0.00055242
30.00 -10.00 -0.00157269
35.00 -10.00 -0.00147438
40.00 -10.00 0.00022239
45.00 -10.00 0.0002676
50.00 -10.00 -0.00140826
55.00 -10.00 -0.00211833
60.00 -10.00 -0.0013626
65.00 -10.00 -0.00082371
70.00 -10.00 -0.00086709
75.00 -10.00 -0.00054171
80.00 -10.00 0.00015399
85.00 -10.00 0.00030495
90.00 -10.00 -0.00038373
95.00 -10.00 -0.00106281
100.00 -10.00 -0.00049215
105.00 -10.00 0.00144912
110.00 -10.00 0.00313587
115.00 -10.00 0.00312555
120.00 -10.00 0.00219522
125.00 -10.00 0.00197919
130.00 -10.00 0.00246342
135.00 -10.00 0.00251457
140.00 -10.00 0.0019851
145.00 -10.00 0.00187824
150.00 -10.00 0.00306327
155.00 -10.00 0.00532266
160.00 -10.00 0.00710499
165.00 -10.00 0.00673623
170.00 -10.00 0.00446349
175.00 -10.00 0.00209532
180.00 -10.00 0.00041559
-180.00 -5.00 -0.00066867
-175.00 -5.00 -0.0011271
-170.00 -5.00 -0.00059559
-165.00 -5.00 0.00020913
-160.00 -5.00 0.00034359
-155.00 -5.00 -0.00050025
-150.00 -5.00 -0.00135987
-145.00 -5.00 -0.0013392
-140.00 -5.00 -0.00074676
-135.00 -5.00 -0.00019182
-130.00 -5.00 9.03e-05
-125.00 -5.00 -0.00017754
-120.00 -5.00 -0.00093375
-115.00 -5.00 -0.00149577
-110.00 -5.00 -0.00175317
-105.00 -5.00 -0.00219297
-100.00 -5.00 -0.00229497
-95.00 -5.00 -0.00131979
-90.00 -5.00 -0.00030462
-85.00 -5.00 -0.00013926
-80.00 -5.00 0.00079197
-75.00 -5.00 0.0032838
-70.00 -5.00 0.00437196
-65.00 -5.00 0.00201042
-60.00 -5.00 -0.00077994
-55.00 -5.00 -0.00065631
-50.00 -5.00 0.00102399
-45.00 -5.00 0.00146943
-40.00 -5.00 0.00072327
-35.00 -5.00 0.00017502
-30.00 -5.00 0.00041883
-25.00 -5.00 0.00147564
-20.00 -5.00 0.00232248
-15.00 -5.00 0.00149031
-10.00 -5.00 0.0001935
-5.00 -5.00 0.00130614
0.00 -5.00 0.0038187
5.00 -5.00 0.00380607
10.00 -5.00 0.00164388
15.00 -5.00 0.00130608
20.00 -5.00 0.00241239
25.00 -5.00 0.00089961
30.00 -5.00 -0.00268761
35.00 -5.00 -0.00360732
40.00 -5.00 -0.00112479
45.00 -5.00 0.0007989
50.00 -5.00 0.00015096
55.00 -5.00 -0.00144624
60.00 -5.00 -0.00236643
65.00 -5.00 -0.00227484
70.00 -5.00 -0.00132594
75.00 -5.00 -0.0003117
80.00 -5.00 -9.711e-05
85.00 -5.00 -0.00042147
90.00 -5.00 -0.00058548
95.00 -5.00 -0.00034497
100.00 -5.00 0.00075867
105.00 -5.00 0.00284442
110.00 -5.00 0.00423384
115.00 -5.00 0.00336471
120.00 -5.00 0.00164625
125.00 -5.00 0.00136575
130.00 -5.00 0.00215061
135.00 -5.00 0.00253959
140.00 -5.00 0.00295434
145.00 -5.00 0.00427509
150.00 -5.00 0.00576888
155.00 -5.00 0.00652053
160.00 -5.00 0.00661311
165.00 -5.00 0.00587154
170.00 -5.00 0.00381768
175.00 -5.00 0.00115881
180.00 -5.00 -0.00066867
-180.00 0.00 -0.0002154
-175.00 0.00 -0.00053853
-170.00 0.00 -0.00010641
-165.00 0.00 0.00021666
-160.00 0.00 -0.00015639
-155.00 0.00 -0.00103617
-150.00 0.00 -0.00152655
-145.00 0.00 -0.00117798
-140.00 0.00 -0.00059406
-135.00 0.00 -0.00040845
-130.00 0.00 -0.00062472
-125.00 0.00 -0.00107547
-120.00 0.00 -0.00146928
-115.00 0.00 -0.0014886
-110.00 0.00 -0.00153969
-105.00 0.00 -0.0020511
-100.00 0.00 -0.00206079
-95.00 0.00 -0.00082356
-90.00 0.00 0.00014736
-85.00 0.00 -0.00019545
-80.00 0.00 0.00018966
-75.00 0.00 0.00244014
-70.00 0.00 0.00346032
-65.00 0.00 0.001086
-60.00 0.00 -0.00140655
-55.00 0.00 -0.00053742
-50.00 0.00 0.00185085
-45.00 0.00 0.00227598
-40.00 0.00 0.00070569
-35.00 0.00 -0.00084618
-30.00 0.00 -0.00117282
-25.00 0.00 -0.00012747
-20.00 0.00 0.00120195
-15.00 0.00 0.00136866
-10.00 0.00 0.00125727
-5.00 0.00 0.00280671
0.00 0.00 0.00445014
5.00 0.00 0.00311001
10.00 0.00 0.0005823
15.00 0.00 0.00106047
20.00 0.00 0.00306267
25.00 0.00 0.00159768
30.00 0.00 -0.00271113
35.00 0.00 -0.00439389
40.00 0.00 -0.00183846
45.00 0.00 0.0013056
50.00 0.00 0.00196416
55.00 0.00 0.00018936
60.00 0.00 -0.00224775
65.00 0.00 -0.00315774
70.00 0.00 -0.00190638
75.00 0.00 -0.00052683
80.00 0.00 -0.0006765
85.00 0.00 -0.00113277
90.00 0.00 -0.0005727
95.00 0.00 0.00027243
100.00 0.00 0.0011421
105.00 0.00 0.00289326
110.00 0.00 0.00450819
115.00 0.00 0.00394962
120.00 0.00 0.00210651
125.00 0.00 0.00145656
130.00 0.00 0.00196437
135.00 0.00 0.00243849
140.00 0.00 0.00352806
145.00 0.00 0.00553047
150.00 0.00 0.00637227
155.00 0.00 0.00499488
160.00 0.00 0.0033723
165.00 0.00 0.00294468
170.00 0.00 0.00252681
175.00 0.00 0.00114738
180.00 0.00 -0.00021537
-180.00 5.00 0.00010287
-175.00 5.00 -0.00013164
-170.00 5.00 0.00016833
-165.00 5.00 0.00043251
-160.00 5.00 0.00040506
-155.00 5.00 8.829e-05
-150.00 5.00 -0.00021879
-145.00 5.00 -0.00025695
-140.00 5.00 -0.00024513
-135.00 5.00 -0.00047304
-130.00 5.00 -0.00085665
-125.00 5.00 -0.00117243
-120.00 5.00 -0.00121602
-115.00 5.00 -0.00097653
-110.00 5.00 -0.00096225
-105.00 5.00 -0.00141921
-100.00 5.00 -0.00144609
-95.00 5.00 -0.00056301
-90.00 5.00 -0.00012303
-85.00 5.00 -0.00075906
-80.00 5.00 -0.00045711
-75.00 5.00 0.00172644
-70.00 5.00 0.00294633
-65.00 5.00 0.00116904
-60.00 5.00 -0.00094329
-55.00 5.00 -0.0003729
-50.00 5.00 0.00160227
-45.00 5.00 0.00214503
-40.00 5.00 0.00083742
-35.00 5.00 -0.00102249
-30.00 5.00 -0.00209211
-25.00 5.00 -0.00144123
-20.00 5.00 0.00032298
-15.00 5.00 0.00146778
-10.00 5.00 0.00199512
-5.00 5.00 0.00319632
0.00 5.00 0.00403356
5.00 5.00 0.00260517
10.00 5.00 0.00081957
15.00 5.00 0.00183327
20.00 5.00 0.003834
25.00 5.00 0.00258111
30.00 5.00 -0.0013272
35.00 5.00 -0.00352839
40.00 5.00 -0.00238956
45.00 5.00 0.00010797
50.00 5.00 0.0016407
55.00 5.00 0.00088959
60.00 5.00 -0.00159939
65.00 5.00 -0.00303657
70.00 5.00 -0.00187851
75.00 5.00 -0.00042069
80.00 5.00 -0.00070794
85.00 5.00 -0.00105486
90.00 5.00 3.717e-05
95.00 5.00 0.00096993
100.00 5.00 0.00106671
105.00 5.00 0.00231084
110.00 5.00 0.00477588
115.00 5.00 0.00568458
120.00 5.00 0.00430587
125.00 5.00 0.00280632
130.00 5.00 0.00233889
135.00 5.00 0.00268158
140.00 5.00 0.00416085
145.00 5.00 0.00607263
150.00 5.00 0.00586863
155.00 5.00 0.00307824
160.00 5.00 0.00075984
165.00 5.00 0.00081498
170.00 5.00 0.00149466
175.00 5.00 0.00102099
180.00 5.00 0.00010287
-180.00 10.00 -0.00033603
-175.00 10.00 -0.00019908
-170.00 10.00 0.00060951
-165.00 10.00 0.00128475
-160.00 10.00 0.00156642
-155.00 10.00 0.00136131
-150.00 10.00 0.00077373
-145.00 10.00 0.00015504
-140.00 10.00 -0.00032838
-135.00 10.00 -0.00071424
-130.00 10.00 -0.00095889
-125.00 10.00 -0.00106671
-120.00 10.00 -0.00116685
-115.00 10.00 -0.00132558
-110.00 10.00 -0.00159054
-105.00 10.00 -0.00192444
-100.00 10.00 -0.00201771
-95.00 10.00 -0.0018486
-90.00 10.00 -0.00196296
-85.00 10.00 -0.0021405
-80.00 10.00 -0.00103122
-75.00 10.00 0.00134784
-70.00 10.00 0.00263814
-65.00 10.00 0.00150408
-60.00 10.00 -0.0002373
-55.00 10.00 -0.00053823
-50.00 10.00 0.00024162
-45.00 10.00 0.00080931
-40.00 10.00 0.00061854
-35.00 10.00 -0.00035082
-30.00 10.00 -0.00131205
-25.00 10.00 -0.0007866
-20.00 10.00 0.00120591
-15.00 10.00 0.00275859
-10.00 10.00 0.0030705
-5.00 10.00 0.00311655
0.00 10.00 0.00289191
5.00 10.00 0.00163902
10.00 10.00 0.0006225
15.00 10.00 0.00154425
20.00 10.00 0.00296559
25.00 10.00 0.00228471
30.00 10.00 -0.00014328
35.00 10.00 -0.00210888
40.00 10.00 -0.00258765
45.00 10.00 -0.00155094
50.00 10.00 0.00033114
55.00 10.00 0.00098211
60.00 10.00 -0.00063624
65.00 10.00 -0.00208605
70.00 10.00 -0.00121941
75.00 10.00 -5.49e-06
80.00 10.00 -0.00054414
85.00 10.00 -0.00100572
90.00 10.00 0.00028545
95.00 10.00 0.00132492
100.00 10.00 0.00086295
105.00 10.00 0.00130605
110.00 10.00 0.0038766
115.00 10.00 0.00585903
120.00 10.00 0.00514899
125.00 10.00 0.00318162
130.00 10.00 0.00211314
135.00 10.00 0.00265776
140.00 10.00 0.00450915
145.00 10.00 0.0060921
150.00 10.00 0.00533418
155.00 10.00 0.00270426
160.00 10.00 0.00109659
165.00 10.00 0.00147603
170.00 10.00 0.00175374
175.00 10.00 0.00070605
180.00 10.00 -0.00033603
-180.00 15.00 -0.00086895
-175.00 15.00 -0.00042111
-170.00 15.00 0.00057867
-165.00 15.00 0.00096204
-160.00 15.00 0.00067488
-155.00 15.00 0.00015717
-150.00 15.00 -0.00026295
-145.00 15.00 -0.00054351
-140.00 15.00 -0.00093042
-135.00 15.00 -0.00149946
-130.00 15.00 -0.00191373
-125.00 15.00 -0.00203475
-120.00 15.00 -0.00219738
-115.00 15.00 -0.00248949
-110.00 15.00 -0.00249942
-105.00 15.00 -0.00212412
-100.00 15.00 -0.00193902
-95.00 15.00 -0.0024177
-90.00 15.00 -0.00311502
-85.00 15.00 -0.00292392
-80.00 15.00 -0.00136716
-75.00 15.00 0.00050421
-70.00 15.00 0.00117918
-65.00 15.00 0.000552
-60.00 15.00 -0.00029184
-55.00 15.00 -0.00080121
-50.00 15.00 -0.00106602
-45.00 15.00 -0.00084597
-40.00 15.00 -0.00016104
-35.00 15.00 0.00010095
-30.00 15.00 -0.00021234
-25.00 15.00 0.00023805
-20.00 15.00 0.00194481
-15.00 15.00 0.00336105
-10.00 15.00 0.0032667
-5.00 15.00 0.00219801
0.00 15.00 0.00088617
5.00 15.00 -0.00037266
10.00 15.00 -0.00079248
15.00 15.00 5.28e-05
20.00 15.00 0.00099153
25.00 15.00 0.00081948
30.00 15.00 -0.00012942
35.00 15.00 -0.0011589
40.00 15.00 -0.00185592
45.00 15.00 -0.00122742
50.00 15.00 0.00090072
55.00 15.00 0.002166
60.00 15.00 0.00082293
65.00 15.00 -0.00091524
70.00 15.00 -0.00052647
75.00 15.00 0.00042345
80.00 15.00 -0.00027918
85.00 15.00 -0.00105219
90.00 15.00 9.555e-05
95.00 15.00 0.00145872
100.00 15.00 0.0011076
105.00 15.00 0.00069801
110.00 15.00 0.00212256
115.00 15.00 0.00387855
120.00 15.00 0.00378051
125.00 15.00 0.00239904
130.00 15.00 0.00177171
135.00 15.00 0.00276747
140.00 15.00 0.00454815
145.00 15.00 0.00534822
150.00 15.00 0.0041712
155.00 15.00 0.00233745
160.00 15.00 0.00192129
165.00 15.00 0.00256452
170.00 15.00 0.0021171
175.00 15.00 0.00031305
180.00 15.00 -0.00086895
-180.00 20.00 -0.00067443
-175.00 20.00 0.00011586
-170.00 20.00 0.00059025
-165.00 20.00 -0.00026163
-160.00 20.00 -0.00173727
-155.00 20.00 -0.00248172
-150.00 20.00 -0.00201291
-145.00 20.00 -0.00115689
-140.00 20.00 -0.001098
-135.00 20.00 -0.00193965
-130.00 20.00 -0.00265239
-125.00 20.00 -0.00263463
-120.00 20.00 -0.00238443
-115.00 20.00 -0.00221445
-110.00 20.00 -0.00155538
-105.00 20.00 -0.00030084
-100.00 20.00 0.00036846
-95.00 20.00 -0.0004338
-90.00 20.00 -0.0017634
-85.00 20.00 -0.00204207
-80.00 20.00 -0.00127617
-75.00 20.00 -0.00084675
-70.00 20.00 -0.00125784
-65.00 20.00 -0.0015369
-60.00 20.00 -0.00118455
-55.00 20.00 -0.00109809
-50.00 20.00 -0.00172737
-45.00 20.00 -0.00198384
-40.00 20.00 -0.0011862
-35.00 20.00 -0.00042192
-30.00 20.00 -0.00058677
-25.00 20.00 -0.00073479
-20.00 20.00 0.00016548
-15.00 20.00 0.00134607
-10.00 20.00 0.00139779
-5.00 20.00 0.00010767
0.00 20.00 -0.00159096
5.00 20.00 -0.00249507
10.00 20.00 -0.00191154
15.00 20.00 -0.00046623
20.00 20.00 0.00035892
25.00 20.00 6.489e-05
30.00 20.00 -0.00055473
35.00 20.00 -0.00096879
40.00 20.00 -0.00101082
45.00 20.00 5.586e-05
50.00 20.00 0.00213765
55.00 20.00 0.00298224
60.00 20.00 0.00120081
65.00 20.00 -0.0008583
70.00 20.00 -0.00051612
75.00 20.00 0.00095964
80.00 20.00 0.00101148
85.00 20.00 0.00032943
90.00 20.00 0.00094407
95.00 20.00 0.00215664
100.00 20.00 0.0021066
105.00 20.00 0.00135138
110.00 20.00 0.00162717
115.00 20.00 0.00274413
120.00 20.00 0.00330981
125.00 20.00 0.00322533
130.00 20.00 0.00355695
135.00 20.00 0.0046722
140.00 20.00 0.00557328
145.00 20.00 0.00495258
150.00 20.00 0.00284412
155.00 20.00 0.00098838
160.00 20.00 0.00078651
165.00 20.00 0.00134565
170.00 20.00 0.00091974
175.00 20.00 -0.00030381
180.00 20.00 -0.00067443
-180.00 25.00 0.00021393
-175.00 25.00 0.00148911
-170.00 25.00 0.00156042
-165.00 25.00 -9.999e-05
-160.00 25.00 -0.00215562
-155.00 25.00 -0.00283575
-150.00 25.00 -0.00185001
-145.00 25.00 -0.00065565
-140.00 25.00 -0.00072297
-135.00 25.00 -0.00174264
-130.00 25.00 -0.00217338
-125.00 25.00 -0.00150048
-120.00 25.00 -0.00080103
-115.00 25.00 -0.00074202
-110.00 25.00 -0.00045465
-105.00 25.00 0.00073521
-100.00 25.00 0.00178848
-95.00 25.00 0.00142518
-90.00 25.00 0.00012531
-85.00 25.00 -0.00074631
-80.00 25.00 -0.00109938
-75.00 25.00 -0.00183513
-70.00 25.00 -0.00280614
-65.00 25.00 -0.00284055
-60.00 25.00 -0.00189828
-55.00 25.00 -0.00140778
-50.00 25.00 -0.00193707
-45.00 25.00 -0.00225903
-40.00 25.00 -0.00156936
-35.00 25.00 -0.00097134
-30.00 25.00 -0.00157971
-25.00 25.00 -0.00254607
-20.00 25.00 -0.00234213
-15.00 25.00 -0.00109305
-10.00 25.00 -0.00039837
-5.00 25.00 -0.00122142
0.00 25.00 -0.00271035
5.00 25.00 -0.00309609
10.00 25.00 -0.00166023
15.00 25.00 0.00031755
20.00 25.00 0.00102948
25.00 25.00 0.00030105
30.00 25.00 -0.00063156
35.00 25.00 -0.00102069
40.00 25.00 -0.00087279
45.00 25.00 -7.59e-06
50.00 25.00 0.00126603
55.00 25.00 0.00135828
60.00 25.00 -0.0004857
65.00 25.00 -0.00218679
70.00 25.00 -0.00136452
75.00 25.00 0.00112908
80.00 25.00 0.00266748
85.00 25.00 0.0027012
90.00 25.00 0.00260226
95.00 25.00 0.00276378
100.00 25.00 0.00245982
105.00 25.00 0.00188841
110.00 25.00 0.00211404
115.00 25.00 0.00331566
120.00 25.00 0.00467109
125.00 25.00 0.00569886
130.00 25.00 0.00657894
135.00 25.00 0.00726213
140.00 25.00 0.00704325
145.00 25.00 0.00530757
150.00 25.00 0.00256287
155.00 25.00 0.00029706
160.00 25.00 -0.00056292
165.00 25.00 -0.00060603
170.00 25.00 -0.00074559
175.00 25.00 -0.00071418
180.00 25.00 0.00021393
-180.00 30.00 0.00064113
-175.00 30.00 0.00190671
-170.00 30.00 0.00208518
-165.00 30.00 0.00102678
-160.00 30.00 -0.00014982
-155.00 30.00 -0.00036003
-150.00 30.00 0.00011511
-145.00 30.00 -3.147e-05
-140.00 30.00 -0.00133938
-135.00 30.00 -0.00257508
-130.00 30.00 -0.00218943
-125.00 30.00 -0.00057594
-120.00 30.00 0.00020682
-115.00 30.00 -0.00078006
-110.00 30.00 -0.00203763
-105.00 30.00 -0.00178596
-100.00 30.00 -0.00036552
-95.00 30.00 0.00053997
-90.00 30.00 0.00025284
-85.00 30.00 -0.00055698
-80.00 30.00 -0.00134166
-75.00 30.00 -0.00211635
-70.00 30.00 -0.00259878
-65.00 30.00 -0.00226686
-60.00 30.00 -0.00144201
-55.00 30.00 -0.00111537
-50.00 30.00 -0.00139632
-45.00 30.00 -0.00129897
-40.00 30.00 -0.00051885
-35.00 30.00 -0.00021579
-30.00 30.00 -0.00124044
-25.00 30.00 -0.00255723
-20.00 30.00 -0.002478
-15.00 30.00 -0.0009669
-10.00 30.00 0.00026799
-5.00 30.00 -5.679e-05
0.00 30.00 -0.00124275
5.00 30.00 -0.0015486
10.00 30.00 -0.00040485
15.00 30.00 0.00090177
20.00 30.00 0.0009852
25.00 30.00 0.0001092
30.00 30.00 -0.00053103
35.00 30.00 -0.00059655
40.00 30.00 -0.00055908
45.00 30.00 -0.0004635
50.00 30.00 -0.00015234
55.00 30.00 -0.0002649
60.00 30.00 -0.00139926
65.00 30.00 -0.0025476
70.00 30.00 -0.00200166
75.00 30.00 0.00025413
80.00 30.00 0.00246663
85.00 30.00 0.00331533
90.00 30.00 0.00293772
95.00 30.00 0.00199122
100.00 30.00 0.00099786
105.00 30.00 0.00060027
110.00 30.00 0.00136386
115.00 30.00 0.00309906
120.00 30.00 0.00496002
125.00 30.00 0.00626805
130.00 30.00 0.0068754
135.00 30.00 0.00680307
140.00 30.00 0.00594168
145.00 30.00 0.00428391
150.00 30.00 0.0022806
155.00 30.00 0.00065202
160.00 30.00 -0.00027453
165.00 30.00 -0.00075819
170.00 30.00 -0.000975
175.00 30.00 -0.00057267
180.00 30.00 0.00064113
-180.00 35.00 -0.00025716
-175.00 35.00 0.00015564
-170.00 35.00 0.00031368
-165.00 35.00 0.00040392
-160.00 35.00 0.00083832
-155.00 35.00 0.00142608
-150.00 35.00 0.00114981
-145.00 35.00 -0.00077733
-140.00 35.00 -0.00355176
-135.00 35.00 -0.00500487
-130.00 35.00 -0.00380253
-125.00 35.00 -0.00126174
-120.00 35.00 -0.00019116
-115.00 35.00 -0.00171846
-110.00 35.00 -0.00400479
-105.00 35.00 -0.00453057
-100.00 35.00 -0.00296628
-95.00 35.00 -0.00111354
-90.00 35.00 -0.00054366
-85.00 35.00 -0.00118626
-80.00 35.00 -0.00203283
-75.00 35.00 -0.00230745
-70.00 35.00 -0.00181521
-65.00 35.00 -0.00085656
-60.00 35.00 -6.42e-05
-55.00 35.00 0.00015252
-50.00 35.00 0.0001515
-45.00 35.00 0.00057057
-40.00 35.00 0.00121176
-35.00 35.00 0.00107109
-30.00 35.00 -0.00019584
-25.00 35.00 -0.00145206
-20.00 35.00 -0.00130578
-15.00 35.00 0.00016191
-10.00 35.00 0.00150759
-5.00 35.00 0.00170457
0.00 35.00 0.0012306
5.00 35.00 0.00113484
10.00 35.00 0.0014745
15.00 35.00 0.00131871
20.00 35.00 0.00028632
25.00 35.00 -0.00070488
30.00 35.00 -0.0006927
35.00 35.00 -2.388e-05
40.00 35.00 0.00032193
45.00 35.00 0.00027213
50.00 35.00 0.00049788
55.00 35.00 0.00094281
60.00 35.00 0.00069765
65.00 35.00 -0.0004704
70.00 35.00 -0.00145788
75.00 35.00 -0.00112941
80.00 35.00 0.00032082
85.00 35.00 0.00164976
90.00 35.00 0.00181563
95.00 35.00 0.00077754
100.00 35.00 -0.00057582
105.00 35.00 -0.00110226
110.00 35.00 -0.00025944
115.00 35.00 0.00150576
120.00 35.00 0.00320172
125.00 35.00 0.00408561
130.00 35.00 0.00402639
135.00 35.00 0.00330276
140.00 35.00 0.00228084
145.00 35.00 0.00128049
150.00 35.00 0.0005442
155.00 35.00 0.00014538
160.00 35.00 -7.797e-05
165.00 35.00 -0.00034446
170.00 35.00 -0.00061737
175.00 35.00 -0.00061914
180.00 35.00 -0.00025716
-180.00 40.00 -0.00135726
-175.00 40.00 -0.00179133
-170.00 40.00 -0.00216783
-165.00 40.00 -0.00186747
-160.00 40.00 -0.00076023
-155.00 40.00 0.0002643
-150.00 40.00 -0.00018885
-145.00 40.00 -0.00259254
-140.00 40.00 -0.00554424
-135.00 40.00 -0.00665427
-130.00 40.00 -0.00482631
-125.00 40.00 -0.00159396
-120.00 40.00 0.00024102
-115.00 40.00 -0.00057024
-110.00 40.00 -0.00258621
-105.00 40.00 -0.00348453
-100.00 40.00 -0.00258858
-95.00 40.00 -0.00123633
-90.00 40.00 -0.00095916
-85.00 40.00 -0.00186471
-80.00 40.00 -0.00282522
-75.00 40.00 -0.00277494
-70.00 40.00 -0.00160233
-65.00 40.00 -3.741e-05
-60.00 40.00 0.00108795
-55.00 40.00 0.00152409
-50.00 40.00 0.00164733
-45.00 40.00 0.00180936
-40.00 40.00 0.00176145
-35.00 40.00 0.00098319
-30.00 40.00 -0.00042474
-25.00 40.00 -0.00154248
-20.00 40.00 -0.00154479
-15.00 40.00 -0.00058041
-10.00 40.00 0.0005424
-5.00 40.00 0.00138543
0.00 40.00 0.00217719
5.00 40.00 0.00301947
10.00 40.00 0.00327558
15.00 40.00 0.00224103
20.00 40.00 0.00030909
25.00 40.00 -0.00111744
30.00 40.00 -0.00112281
35.00 40.00 -0.00024411
40.00 40.00 0.00044397
45.00 40.00 0.00079188
50.00 40.00 0.00144795
55.00 40.00 0.00242367
60.00 40.00 0.00264504
65.00 40.00 0.00130749
70.00 40.00 -0.00083859
75.00 40.00 -0.00208575
80.00 40.00 -0.00154212
85.00 40.00 1.488e-05
90.00 40.00 0.0010311
95.00 40.00 0.00070044
100.00 40.00 -0.00041841
105.00 40.00 -0.00110979
110.00 40.00 -0.00066732
115.00 40.00 0.00060423
120.00 40.00 0.00184254
125.00 40.00 0.00239271
130.00 40.00 0.00215526
135.00 40.00 0.00141357
140.00 40.00 0.00051246
145.00 40.00 -0.00031404
150.00 40.00 -0.00095388
155.00 40.00 -0.00137328
160.00 40.00 -0.00157314
165.00 40.00 -0.00156426
170.00 40.00 -0.00139944
175.00 40.00 -0.00124767
180.00 40.00 -0.00135726
-180.00 45.00 -0.00075516
-175.00 45.00 -0.00116469
-170.00 45.00 -0.00211206
-165.00 45.00 -0.00268962
-160.00 45.00 -0.0024447
-155.00 45.00 -0.00194187
-150.00 45.00 -0.00226881
-145.00 45.00 -0.00381384
-140.00 45.00 -0.00555168
-135.00 45.00 -0.00577677
-130.00 45.00 -0.00376278
-125.00 45.00 -0.00066078
-120.00 45.00 0.00144513
-115.00 45.00 0.00144651
-110.00 45.00 8.433e-05
-105.00 45.00 -0.00106923
-100.00 45.00 -0.00127023
-95.00 45.00 -0.00108702
-90.00 45.00 -0.00141219
-85.00 45.00 -0.00232809
-80.00 45.00 -0.00304509
-75.00 45.00 -0.00276711
-70.00 45.00 -0.00145206
-65.00 45.00 0.00022134
-60.00 45.00 0.00148353
-55.00 45.00 0.00202206
-50.00 45.00 0.00198627
-45.00 45.00 0.00159018
-40.00 45.00 0.00085224
-35.00 45.00 -0.00022662
-30.00 45.00 -0.00136431
-25.00 45.00 -0.0020841
-20.00 45.00 -0.00214035
-15.00 45.00 -0.00169848
-10.00 45.00 -0.00099432
-5.00 45.00 1.998e-05
0.00 45.00 0.00144234
5.00 45.00 0.00285636
10.00 45.00 0.00333858
15.00 45.00 0.00232425
20.00 45.00 0.00039042
25.00 45.00 -0.00112914
30.00 45.00 -0.00141099
35.00 45.00 -0.00081882
40.00 45.00 -0.00020748
45.00 45.00 0.00015399
50.00 45.00 0.00060984
55.00 45.00 0.00120102
60.00 45.00 0.00125688
65.00 45.00 0.00020079
70.00 45.00 -0.00148713
75.00 45.00 -0.00251163
80.00 45.00 -0.00204174
85.00 45.00 -0.00056379
90.00 45.00 0.0006327
95.00 45.00 0.00071937
100.00 45.00 4.83e-06
105.00 45.00 -0.00054102
110.00 45.00 -0.00025818
115.00 45.00 0.00073353
120.00 45.00 0.00185436
125.00 45.00 0.00264621
130.00 45.00 0.00300402
135.00 45.00 0.0029805
140.00 45.00 0.00253122
145.00 45.00 0.00152085
150.00 45.00 -3.423e-05
155.00 45.00 -0.00176001
160.00 45.00 -0.00300597
165.00 45.00 -0.00323262
170.00 45.00 -0.00244971
175.00 45.00 -0.00132405
180.00 45.00 -0.00075516
-180.00 50.00 0.00131613
-175.00 50.00 0.00148086
-170.00 50.00 0.00048459
-165.00 50.00 -0.00086556
-160.00 50.00 -0.00180981
-155.00 50.00 -0.00224751
-150.00 50.00 -0.00262851
-145.00 50.00 -0.00326829
-140.00 50.00 -0.00383703
-135.00 50.00 -0.00361794
-130.00 50.00 -0.0023094
-125.00 50.00 -0.00050784
-120.00 50.00 0.00070731
-115.00 50.00 0.00070587
-110.00 50.00 -0.00019545
-105.00 50.00 -0.00114834
-100.00 50.00 -0.00159915
-95.00 50.00 -0.00165648
-90.00 50.00 -0.00172713
-85.00 50.00 -0.00194208
-80.00 50.00 -0.00200817
-75.00 50.00 -0.00155847
-70.00 50.00 -0.0005586
-65.00 50.00 0.00063459
-60.00 50.00 0.00154959
-55.00 50.00 0.00189981
-50.00 50.00 0.00166638
-45.00 50.00 0.00100041
-40.00 50.00 0.00012612
-35.00 50.00 -0.00068496
-30.00 50.00 -0.00116991
-25.00 50.00 -0.0012207
-20.00 50.00 -0.0009765
-15.00 50.00 -0.00068256
-10.00 50.00 -0.00041418
-5.00 50.00 -1.215e-05
0.00 50.00 0.00061896
5.00 50.00 0.00118947
10.00 50.00 0.0011619
15.00 50.00 0.00032127
20.00 50.00 -0.00085152
25.00 50.00 -0.0015231
30.00 50.00 -0.00127917
35.00 50.00 -0.00048747
40.00 50.00 0.00013827
45.00 50.00 0.00023481
50.00 50.00 -4.047e-05
55.00 50.00 -0.00042813
60.00 50.00 -0.00091494
65.00 50.00 -0.00156369
70.00 50.00 -0.00215832
75.00 50.00 -0.00226215
80.00 50.00 -0.00169926
85.00 50.00 -0.00085686
90.00 50.00 -0.00037821
95.00 50.00 -0.00054291
100.00 50.00 -0.00100071
105.00 50.00 -0.00112242
110.00 50.00 -0.0005664
115.00 50.00 0.00051015
120.00 50.00 0.00171945
125.00 50.00 0.00281283
130.00 50.00 0.00374685
135.00 50.00 0.00444387
140.00 50.00 0.00459213
145.00 50.00 0.00378147
150.00 50.00 0.00191148
155.00 50.00 -0.00049563
160.00 50.00 -0.00242694
165.00 50.00 -0.00296433
170.00 50.00 -0.00193392
175.00 50.00 -0.00010038
180.00 50.00 0.00131613
-180.00 55.00 0.00257439
-175.00 55.00 0.00302814
-170.00 55.00 0.00244986
-165.00 55.00 0.00129864
-160.00 55.00 0.00019818
-155.00 55.00 -0.00051651
-150.00 55.00 -0.00091404
-145.00 55.00 -0.00121851
-140.00 55.00 -0.00150774
-135.00 55.00 -0.00166839
-130.00 55.00 -0.00161007
-125.00 55.00 -0.00145269
-120.00 55.00 -0.00144849
-115.00 55.00 -0.00171471
-110.00 55.00 -0.00207954
-105.00 55.00 -0.00222285
-100.00 55.00 -0.00197118
-95.00 55.00 -0.00144465
-90.00 55.00 -0.00092289
-85.00 55.00 -0.0005853
-80.00 55.00 -0.00038025
-75.00 55.00 -0.0001179
-70.00 55.00 0.00033381
-65.00 55.00 0.00092826
-60.00 55.00 0.0014661
-55.00 55.00 0.00171483
-50.00 55.00 0.00153414
-45.00 55.00 0.0009558
-40.00 55.00 0.00019386
-35.00 55.00 -0.00043482
-30.00 55.00 -0.00067047
-25.00 55.00 -0.00046623
-20.00 55.00 -1.521e-05
-15.00 55.00 0.00039222
-10.00 55.00 0.00056331
-5.00 55.00 0.00047013
0.00 55.00 0.00015036
5.00 55.00 -0.00040041
10.00 55.00 -0.0011736
15.00 55.00 -0.00198057
20.00 55.00 -0.0024198
25.00 55.00 -0.0021234
30.00 55.00 -0.00110151
35.00 55.00 0.00016899
40.00 55.00 0.00104589
45.00 55.00 0.00115911
50.00 55.00 0.0006024
55.00 55.00 -0.00023187
60.00 55.00 -0.00095274
65.00 55.00 -0.0013425
70.00 55.00 -0.00136257
75.00 55.00 -0.00111801
80.00 55.00 -0.00083427
85.00 55.00 -0.0007716
90.00 55.00 -0.00104589
95.00 55.00 -0.0014919
100.00 55.00 -0.00174105
105.00 55.00 -0.00149493
110.00 55.00 -0.0007554
115.00 55.00 0.0002073
120.00 55.00 0.00111042
125.00 55.00 0.00187611
130.00 55.00 0.00259383
135.00 55.00 0.00327909
140.00 55.00 0.00369567
145.00 55.00 0.00346089
150.00 55.00 0.00238887
155.00 55.00 0.00078234
160.00 55.00 -0.00061758
165.00 55.00 -0.00105738
170.00 55.00 -0.00028845
175.00 55.00 0.00122169
180.00 55.00 0.00257439
-180.00 60.00 0.00178332
-175.00 60.00 0.00198903
-170.00 60.00 0.00180372
-165.00 60.00 0.00139689
-160.00 60.00 0.0010281
-155.00 60.00 0.00084465
-150.00 60.00 0.00079395
-145.00 60.00 0.00069915
-140.00 60.00 0.00040962
-135.00 60.00 -0.0001008
-130.00 60.00 -0.0007425
-125.00 60.00 -0.00137826
-120.00 60.00 -0.00187566
-115.00 60.00 -0.00212235
-110.00 60.00 -0.00204102
-105.00 60.00 -0.00163242
-100.00 60.00 -0.00101613
-95.00 60.00 -0.00040821
-90.00 60.00 -1.926e-05
-85.00 60.00 6.843e-05
-80.00 60.00 -4.566e-05
-75.00 60.00 -0.00014085
-70.00 60.00 -1.347e-05
-65.00 60.00 0.00039243
-60.00 60.00 0.0009381
-55.00 60.00 0.00135219
-50.00 60.00 0.00136941
-45.00 60.00 0.000876
-40.00 60.00 -1.536e-05
-35.00 60.00 -0.00100737
-30.00 60.00 -0.00175956
-25.00 60.00 -0.0020502
-20.00 60.00 -0.00186663
-15.00 60.00 -0.00138237
-10.00 60.00 -0.00085617
-5.00 60.00 -0.00052557
0.00 60.00 -0.00053772
5.00 60.00 -0.00091104
10.00 60.00 -0.00151269
15.00 60.00 -0.00207552
20.00 60.00 -0.0022953
25.00 60.00 -0.00199503
30.00 60.00 -0.00125718
35.00 60.00 -0.00040758
40.00 60.00 0.00016662
45.00 60.00 0.0002478
50.00 60.00 -9.525e-05
55.00 60.00 -0.00057651
60.00 60.00 -0.00088257
65.00 60.00 -0.00084942
70.00 60.00 -0.00052947
75.00 60.00 -0.00013476
80.00 60.00 9.777e-05
85.00 60.00 4.803e-05
90.00 60.00 -0.00021159
95.00 60.00 -0.00045831
100.00 60.00 -0.00046545
105.00 60.00 -0.00016092
110.00 60.00 0.00032142
115.00 60.00 0.00074667
120.00 60.00 0.00096198
125.00 60.00 0.00100782
130.00 60.00 0.00106215
135.00 60.00 0.00126348
140.00 60.00 0.00156678
145.00 60.00 0.00176241
150.00 60.00 0.00165138
155.00 60.00 0.00123468
160.00 60.00 0.00075291
165.00 60.00 0.00053091
170.00 60.00 0.00074031
175.00 60.00 0.00126591
180.00 60.00 0.00178332
-180.00 65.00 0.00018441
-175.00 65.00 -4.248e-05
-170.00 65.00 -0.00018006
-165.00 65.00 -0.0001707
-160.00 65.00 1.614e-05
-155.00 65.00 0.0003411
-150.00 65.00 0.00068832
-145.00 65.00 0.00090912
-140.00 65.00 0.00089157
-135.00 65.00 0.00061464
-130.00 65.00 0.00015714
-125.00 65.00 -0.00033828
-120.00 65.00 -0.00072468
-115.00 65.00 -0.00090708
-110.00 65.00 -0.00087645
-105.00 65.00 -0.00071217
-100.00 65.00 -0.00054963
-95.00 65.00 -0.00051987
-90.00 65.00 -0.00068199
-85.00 65.00 -0.00098076
-80.00 65.00 -0.00125736
-75.00 65.00 -0.00131853
-70.00 65.00 -0.00103698
-65.00 65.00 -0.00043473
-60.00 65.00 0.00029601
-55.00 65.00 0.00085296
-50.00 65.00 0.00094368
-45.00 65.00 0.00041367
-40.00 65.00 -0.00067614
-35.00 65.00 -0.00206025
-30.00 65.00 -0.00336303
-25.00 65.00 -0.00423444
-20.00 65.00 -0.00446862
-15.00 65.00 -0.00406029
-10.00 65.00 -0.00318618
-5.00 65.00 -0.00212892
0.00 65.00 -0.00117702
5.00 65.00 -0.00053496
10.00 65.00 -0.00027243
15.00 65.00 -0.00032856
20.00 65.00 -0.00056859
25.00 65.00 -0.00086454
30.00 65.00 -0.00115524
35.00 65.00 -0.0014508
40.00 65.00 -0.001782
45.00 65.00 -0.00213477
50.00 65.00 -0.00242019
55.00 65.00 -0.00250587
60.00 65.00 -0.00228921
65.00 65.00 -0.00176463
70.00 65.00 -0.00104016
75.00 65.00 -0.00029187
80.00 65.00 0.00031833
85.00 65.00 0.00071439
90.00 65.00 0.0009261
95.00 65.00 0.00104655
100.00 65.00 0.00115533
105.00 65.00 0.00125916
110.00 65.00 0.00129192
115.00 65.00 0.00117609
120.00 65.00 0.0009012
125.00 65.00 0.00055941
130.00 65.00 0.00030654
135.00 65.00 0.00027114
140.00 65.00 0.00047394
145.00 65.00 0.00081342
150.00 65.00 0.00112644
155.00 65.00 0.00128001
160.00 65.00 0.00123216
165.00 65.00 0.00102813
170.00 65.00 0.00074844
175.00 65.00 0.00045639
180.00 65.00 0.00018441
-180.00 70.00 -0.00025983
-175.00 70.00 -0.00068136
-170.00 70.00 -0.0009387
-165.00 70.00 -0.00099099
-160.00 70.00 -0.00084606
-155.00 70.00 -0.00055992
-150.00 70.00 -0.00022182
-145.00 70.00 7.194e-05
-140.00 70.00 0.00024732
-135.00 70.00 0.00027324
-130.00 70.00 0.00016503
-125.00 70.00 -3.015e-05
-120.00 70.00 -0.00025878
-115.00 70.00 -0.00048495
-110.00 70.00 -0.00070242
-105.00 70.00 -0.00092901
-100.00 70.00 -0.00118635
-95.00 70.00 -0.00147411
-90.00 70.00 -0.00175188
-85.00 70.00 -0.00193989
-80.00 70.00 -0.00194316
-75.00 70.00 -0.00169284
-70.00 70.00 -0.0011892
-65.00 70.00 -0.00052626
-60.00 70.00 0.0001173
-55.00 70.00 0.00052419
-50.00 70.00 0.00050868
-45.00 70.00 -1.428e-05
-40.00 70.00 -0.00098787
-35.00 70.00 -0.00221832
-30.00 70.00 -0.00342576
-25.00 70.00 -0.00432411
-20.00 70.00 -0.00470214
-15.00 70.00 -0.00447939
-10.00 70.00 -0.00372072
-5.00 70.00 -0.00260934
0.00 70.00 -0.0013905
5.00 70.00 -0.00030585
10.00 70.00 0.00046107
15.00 70.00 0.00081465
20.00 70.00 0.00074949
25.00 70.00 0.0003315
30.00 70.00 -0.0003291
35.00 70.00 -0.00110154
40.00 70.00 -0.00185109
45.00 70.00 -0.00245133
50.00 70.00 -0.00279786
55.00 70.00 -0.00282609
60.00 70.00 -0.00252789
65.00 70.00 -0.00195786
70.00 70.00 -0.00122184
75.00 70.00 -0.0004488
80.00 70.00 0.00024423
85.00 70.00 0.00077952
90.00 70.00 0.0011271
95.00 70.00 0.00129417
100.00 70.00 0.00130458
105.00 70.00 0.00118329
110.00 70.00 0.00095484
115.00 70.00 0.00065445
120.00 70.00 0.0003393
125.00 70.00 8.688e-05
130.00 70.00 -2.514e-05
135.00 70.00 4.992e-05
140.00 70.00 0.00030258
145.00 70.00 0.00066246
150.00 70.00 0.00101898
155.00 70.00 0.00125802
160.00 70.00 0.00129834
165.00 70.00 0.00111429
170.00 70.00 0.00073806
175.00 70.00 0.00024669
180.00 70.00 -0.00025983
-180.00 75.00 0.00090927
-175.00 75.00 0.00062619
-170.00 75.00 0.00039375
-165.00 75.00 0.00024021
-160.00 75.00 0.00017241
-155.00 75.00 0.00017658
-150.00 75.00 0.00022392
-145.00 75.00 0.00027897
-140.00 75.00 0.00030843
-135.00 75.00 0.00028821
-130.00 75.00 0.00020676
-125.00 75.00 6.45e-05
-120.00 75.00 -0.00012948
-115.00 75.00 -0.00036123
-110.00 75.00 -0.00061419
-105.00 75.00 -0.00086946
-100.00 75.00 -0.00110412
-95.00 75.00 -0.00129015
-90.00 75.00 -0.00139638
-85.00 75.00 -0.00139506
-80.00 75.00 -0.00127212
-75.00 75.00 -0.00103767
-70.00 75.00 -0.00073293
-65.00 75.00 -0.00042858
-60.00 75.00 -0.00021291
-55.00 75.00 -0.00017133
-50.00 75.00 -0.00036249
-45.00 75.00 -0.00079809
-40.00 75.00 -0.00143313
-35.00 75.00 -0.00217068
-30.00 75.00 -0.0028812
-25.00 75.00 -0.00343137
-20.00 75.00 -0.00371493
-15.00 75.00 -0.00367674
-10.00 75.00 -0.00332454
-5.00 75.00 -0.00272493
0.00 75.00 -0.00198627
5.00 75.00 -0.00123333
10.00 75.00 -0.00058131
15.00 75.00 -0.00011439
20.00 75.00 0.00012642
25.00 75.00 0.00014565
30.00 75.00 -1.311e-05
35.00 75.00 -0.00027915
40.00 75.00 -0.00057003
45.00 75.00 -0.00080721
50.00 75.00 -0.00092979
55.00 75.00 -0.00090447
60.00 75.00 -0.00072984
65.00 75.00 -0.00043434
70.00 75.00 -6.819e-05
75.00 75.00 0.00030858
80.00 75.00 0.00063888
85.00 75.00 0.00087903
90.00 75.00 0.00100461
95.00 75.00 0.00101214
100.00 75.00 0.00091656
105.00 75.00 0.00074736
110.00 75.00 0.00054387
115.00 75.00 0.00035049
120.00 75.00 0.00021099
125.00 75.00 0.00016173
130.00 75.00 0.00022428
135.00 75.00 0.00039906
140.00 75.00 0.00066279
145.00 75.00 0.00097107
150.00 75.00 0.0012669
155.00 75.00 0.00149343
160.00 75.00 0.00160686
165.00 75.00 0.00158664
170.00 75.00 0.00143976
175.00 75.00 0.00119796
180.00 75.00 0.00090927
-180.00 80.00 0.00210723
-175.00 80.00 0.00203304
-170.00 80.00 0.00193905
-165.00 80.00 0.00183357
-160.00 80.00 0.00172197
-155.00 80.00 0.00160614
-150.00 80.00 0.001485
-145.00 80.00 0.00135531
-140.00 80.00 0.00121302
-135.00 80.00 0.00105474
-130.00 80.00 0.00087867
-125.00 80.00 0.00068532
-120.00 80.00 0.00047754
-115.00 80.00 0.00026046
-110.00 80.00 4.119e-05
-105.00 80.00 -0.00017202
-100.00 80.00 -0.00037092
-95.00 80.00 -0.00054879
-90.00 80.00 -0.00070161
-85.00 80.00 -0.00082962
-80.00 80.00 -0.00093825
-75.00 80.00 -0.00103866
-70.00 80.00 -0.00114645
-65.00 80.00 -0.00127935
-60.00 80.00 -0.00145383
-55.00 80.00 -0.00168129
-50.00 80.00 -0.00196455
-45.00 80.00 -0.00229533
-40.00 80.00 -0.00265398
-35.00 80.00 -0.00301134
-30.00 80.00 -0.00333324
-25.00 80.00 -0.00358581
-20.00 80.00 -0.00374109
-15.00 80.00 -0.00378195
-10.00 80.00 -0.00370476
-5.00 80.00 -0.00351957
0.00 80.00 -0.00324795
5.00 80.00 -0.00291861
10.00 80.00 -0.00256239
15.00 80.00 -0.00220722
20.00 80.00 -0.00187425
25.00 80.00 -0.00157563
30.00 80.00 -0.00131436
35.00 80.00 -0.00108573
40.00 80.00 -0.00088002
45.00 80.00 -0.00068595
50.00 80.00 -0.0004941
55.00 80.00 -0.00029907
60.00 80.00 -0.0001008
65.00 80.00 9.582e-05
70.00 80.00 0.00028194
75.00 80.00 0.00044703
80.00 80.00 0.00058143
85.00 80.00 0.00067884
90.00 80.00 0.00073773
95.00 80.00 0.00076188
100.00 80.00 0.00076026
105.00 80.00 0.00074598
110.00 80.00 0.00073446
115.00 80.00 0.00074103
120.00 80.00 0.00077859
125.00 80.00 0.00085566
130.00 80.00 0.00097497
135.00 80.00 0.00113274
140.00 80.00 0.00131877
145.00 80.00 0.00151797
150.00 80.00 0.00171279
155.00 80.00 0.00188595
160.00 80.00 0.00202293
165.00 80.00 0.00211419
170.00 80.00 0.00215625
175.00 80.00 0.00215154
180.00 80.00 0.00210723
-180.00 85.00 0.00130344
-175.00 85.00 0.00129129
-170.00 85.00 0.00125943
-165.00 85.00 0.00120822
-160.00 85.00 0.00113922
-155.00 85.00 0.00105402
-150.00 85.00 0.00095343
-145.00 85.00 0.00083736
-140.00 85.00 0.00070605
-135.00 85.00 0.00056082
-130.00 85.00 0.00040395
-125.00 85.00 0.00023754
-120.00 85.00 6.273e-05
-115.00 85.00 -0.00012036
-110.00 85.00 -0.00031125
-105.00 85.00 -0.00050853
-100.00 85.00 -0.00071001
-95.00 85.00 -0.00091383
-90.00 85.00 -0.00111945
-85.00 85.00 -0.00132726
-80.00 85.00 -0.0015375
-75.00 85.00 -0.00174918
-70.00 85.00 -0.00196032
-65.00 85.00 -0.00216897
-60.00 85.00 -0.00237375
-55.00 85.00 -0.00257367
-50.00 85.00 -0.00276657
-45.00 85.00 -0.00294873
-40.00 85.00 -0.00311499
-35.00 85.00 -0.00326043
-30.00 85.00 -0.00338121
-25.00 85.00 -0.00347463
-20.00 85.00 -0.00353838
-15.00 85.00 -0.00356988
-10.00 85.00 -0.00356706
-5.00 85.00 -0.00352941
0.00 85.00 -0.00345867
5.00 85.00 -0.00335838
10.00 85.00 -0.00323244
15.00 85.00 -0.0030843
20.00 85.00 -0.00291693
25.00 85.00 -0.00273375
30.00 85.00 -0.00253905
35.00 85.00 -0.00233751
40.00 85.00 -0.00213312
45.00 85.00 -0.00192858
50.00 85.00 -0.00172551
55.00 85.00 -0.00152553
60.00 85.00 -0.00133089
65.00 85.00 -0.00114408
70.00 85.00 -0.00096696
75.00 85.00 -0.00079998
80.00 85.00 -0.00064245
85.00 85.00 -0.00049341
90.00 85.00 -0.00035241
95.00 85.00 -0.00021918
100.00 85.00 -9.309e-05
105.00 85.00 2.76e-05
110.00 85.00 0.0001452
115.00 85.00 0.00026169
120.00 85.00 0.0003777
125.00 85.00 0.00049266
130.00 85.00 0.00060549
135.00 85.00 0.00071544
140.00 85.00 0.00082194
145.00 85.00 0.00092388
150.00 85.00 0.00101889
155.00 85.00 0.00110379
160.00 85.00 0.00117546
165.00 85.00 0.00123201
170.00 85.00 0.0012726
175.00 85.00 0.00129672
180.00 85.00 0.00130344
-180.00 90.00 -0.00138948
-175.00 90.00 -0.00138948
-170.00 90.00 -0.00138948
-165.00 90.00 -0.00138948
-160.00 90.00 -0.00138948
-155.00 90.00 -0.00138948
-150.00 90.00 -0.00138948
-145.00 90.00 -0.00138948
-140.00 90.00 -0.00138948
-135.00 90.00 -0.00138948
-130.00 90.00 -0.00138948
-125.00 90.00 -0.00138948
-120.00 90.00 -0.00138948
-115.00 90.00 -0.00138948
-110.00 90.00 -0.00138948
-105.00 90.00 -0.00138948
-100.00 90.00 -0.00138948
-95.00 90.00 -0.00138948
-90.00 90.00 -0.00138948
-85.00 90.00 -0.00138948
-80.00 90.00 -0.00138948
-75.00 90.00 -0.00138948
-70.00 90.00 -0.00138948
-65.00 90.00 -0.00138948
-60.00 90.00 -0.00138948
-55.00 90.00 -0.00138948
-50.00 90.00 -0.00138948
-45.00 90.00 -0.00138948
-40.00 90.00 -0.00138948
-35.00 90.00 -0.00138948
-30.00 90.00 -0.00138948
-25.00 90.00 -0.00138948
-20.00 90.00 -0.00138948
-15.00 90.00 -0.00138948
-10.00 90.00 -0.00138948
-5.00 90.00 -0.00138948
0.00 90.00 -0.00138948
5.00 90.00 -0.00138948
10.00 90.00 -0.00138948
15.00 90.00 -0.00138948
20.00 90.00 -0.00138948
25.00 90.00 -0.00138948
30.00 90.00 -0.00138948
35.00 90.00 -0.00138948
40.00 90.00 -0.00138948
45.00 90.00 -0.00138948
50.00 90.00 -0.00138948
55.00 90.00 -0.00138948
60.00 90.00 -0.00138948
65.00 90.00 -0.00138948
70.00 90.00 -0.00138948
75.00 90.00 -0.00138948
80.00 90.00 -0.00138948
85.00 90.00 -0.00138948
90.00 90.00 -0.00138948
95.00 90.00 -0.00138948
100.00 90.00 -0.00138948
105.00 90.00 -0.00138948
110.00 90.00 -0.00138948
115.00 90.00 -0.00138948
120.00 90.00 -0.00138948
125.00 90.00 -0.00138948
130.00 90.00 -0.00138948
135.00 90.00 -0.00138948
140.00 90.00 -0.00138948
145.00 90.00 -0.00138948
150.00 90.00 -0.00138948
155.00 90.00 -0.00138948
160.00 90.00 -0.00138948
165.00 90.00 -0.00138948
170.00 90.00 -0.00138948
175.00 90.00 -0.00138948
180.00 90.00 -0.00138948
