-180.00 -90.00 -0.00055533
-175.00 -90.00 -0.0005553
-170.00 -90.00 -0.00055524
-165.00 -90.00 -0.00055521
-160.00 -90.00 -0.00055521
-155.00 -90.00 -0.00055518
-150.00 -90.00 -0.00055518
-145.00 -90.00 -0.00055518
-140.00 -90.00 -0.00055521
-135.00 -90.00 -0.00055521
-130.00 -90.00 -0.00055524
-125.00 -90.00 -0.00055527
-120.00 -90.00 -0.00055533
-115.00 -90.00 -0.00055536
-110.00 -90.00 -0.00055542
-105.00 -90.00 -0.00055545
-100.00 -90.00 -0.00055551
-95.00 -90.00 -0.00055557
-90.00 -90.00 -0.0005556
-85.00 -90.00 -0.00055566
-80.00 -90.00 -0.00055569
-75.00 -90.00 -0.00055572
-70.00 -90.00 -0.00055575
-65.00 -90.00 -0.00055575
-60.00 -90.00 -0.00055575
-55.00 -90.00 -0.00055575
-50.00 -90.00 -0.00055575
-45.00 -90.00 -0.00055572
-40.00 -90.00 -0.00055569
-35.00 -90.00 -0.00055566
-30.00 -90.00 -0.00055563
-25.00 -90.00 -0.00055557
-20.00 -90.00 -0.00055554
-15.00 -90.00 -0.00055548
-10.00 -90.00 -0.00055542
-5.00 -90.00 -0.00055539
0.00 -90.00 -0.00055533
5.00 -90.00 -0.0005553
10.00 -90.00 -0.00055524
15.00 -90.00 -0.00055521
20.00 -90.00 -0.00055521
25.00 -90.00 -0.00055518
30.00 -90.00 -0.00055518
35.00 -90.00 -0.00055518
40.00 -90.00 -0.00055518
45.00 -90.00 -0.00055521
50.00 -90.00 -0.00055524
55.00 -90.00 -0.00055527
60.00 -90.00 -0.0005553
65.00 -90.00 -0.00055536
70.00 -90.00 -0.00055542
75.00 -90.00 -0.00055545
80.00 -90.00 -0.00055551
85.00 -90.00 -0.00055557
90.00 -90.00 -0.0005556
95.00 -90.00 -0.00055566
100.00 -90.00 -0.00055569
105.00 -90.00 -0.00055572
110.00 -90.00 -0.00055575
115.00 -90.00 -0.00055575
120.00 -90.00 -0.00055575
125.00 -90.00 -0.00055575
130.00 -90.00 -0.00055575
135.00 -90.00 -0.00055572
140.00 -90.00 -0.00055569
145.00 -90.00 -0.00055566
150.00 -90.00 -0.00055563
155.00 -90.00 -0.00055557
160.00 -90.00 -0.00055554
165.00 -90.00 -0.00055548
170.00 -90.00 -0.00055542
175.00 -90.00 -0.00055539
180.00 -90.00 -0.00055533
-180.00 -85.00 -0.00147069
-175.00 -85.00 -0.00146781
-170.00 -85.00 -0.00146421
-165.00 -85.00 -0.00146178
-160.00 -85.00 -0.00146196
-155.00 -85.00 -0.00146574
-150.00 -85.00 -0.00147381
-145.00 -85.00 -0.00148659
-140.00 -85.00 -0.00150399
-135.00 -85.00 -0.00152559
-130.00 -85.00 -0.00155076
-125.00 -85.00 -0.00157896
-120.00 -85.00 -0.00160965
-115.00 -85.00 -0.00164214
-110.00 -85.00 -0.00167562
-105.00 -85.00 -0.0017091
-100.00 -85.00 -0.00174144
-95.00 -85.00 -0.00177156
-90.00 -85.00 -0.00179811
-85.00 -85.00 -0.00181947
-80.00 -85.00 -0.00183375
-75.00 -85.00 -0.001839
-70.00 -85.00 -0.00183324
-65.00 -85.00 -0.00181473
-60.00 -85.00 -0.00178179
-55.00 -85.00 -0.00173298
-50.00 -85.00 -0.00166722
-45.00 -85.00 -0.00158391
-40.00 -85.00 -0.00148302
-35.00 -85.00 -0.00136503
-30.00 -85.00 -0.00123093
-25.00 -85.00 -0.00108237
-20.00 -85.00 -0.00092148
-15.00 -85.00 -0.00075084
-10.00 -85.00 -0.00057339
-5.00 -85.00 -0.00039243
0.00 -85.00 -0.0002115
5.00 -85.00 -3.435e-05
10.00 -85.00 0.00013527
15.00 -85.00 0.00029391
20.00 -85.00 0.0004383
25.00 -85.00 0.00056547
30.00 -85.00 0.00067269
35.00 -85.00 0.00075768
40.00 -85.00 0.00081894
45.00 -85.00 0.00085557
50.00 -85.00 0.00086721
55.00 -85.00 0.00085389
60.00 -85.00 0.00081612
65.00 -85.00 0.00075507
70.00 -85.00 0.00067248
75.00 -85.00 0.00057063
80.00 -85.00 0.00045183
85.00 -85.00 0.00031875
90.00 -85.00 0.0001743
95.00 -85.00 2.175e-05
100.00 -85.00 -0.00013545
105.00 -85.00 -0.00029397
110.00 -85.00 -0.00045069
115.00 -85.00 -0.00060267
120.00 -85.00 -0.00074703
125.00 -85.00 -0.00088122
130.00 -85.00 -0.00100314
135.00 -85.00 -0.00111126
140.00 -85.00 -0.00120465
145.00 -85.00 -0.00128289
150.00 -85.00 -0.00134586
155.00 -85.00 -0.00139413
160.00 -85.00 -0.00142893
165.00 -85.00 -0.00145191
170.00 -85.00 -0.00146508
175.00 -85.00 -0.00147057
180.00 -85.00 -0.00147069
-180.00 -80.00 -0.00183702
-175.00 -80.00 -0.00181353
-170.00 -80.00 -0.00180036
-165.00 -80.00 -0.00180306
-160.00 -80.00 -0.00182919
-155.00 -80.00 -0.00188136
-150.00 -80.00 -0.00195153
-145.00 -80.00 -0.00202707
-140.00 -80.00 -0.00209937
-135.00 -80.00 -0.00216243
-130.00 -80.00 -0.0022074
-125.00 -80.00 -0.00222687
-120.00 -80.00 -0.00222294
-115.00 -80.00 -0.00220554
-110.00 -80.00 -0.00218307
-105.00 -80.00 -0.00216045
-100.00 -80.00 -0.00214515
-95.00 -80.00 -0.00214737
-90.00 -80.00 -0.00217143
-85.00 -80.00 -0.0022128
-80.00 -80.00 -0.00226542
-75.00 -80.00 -0.00232668
-70.00 -80.00 -0.00239175
-65.00 -80.00 -0.00244944
-60.00 -80.00 -0.00248862
-55.00 -80.00 -0.00250488
-50.00 -80.00 -0.00249672
-45.00 -80.00 -0.0024588
-40.00 -80.00 -0.00238506
-35.00 -80.00 -0.00227616
-30.00 -80.00 -0.00213717
-25.00 -80.00 -0.00196956
-20.00 -80.00 -0.0017715
-15.00 -80.00 -0.00154593
-10.00 -80.00 -0.00130116
-5.00 -80.00 -0.00104319
0.00 -80.00 -0.00077349
5.00 -80.00 -0.00049644
10.00 -80.00 -0.00022227
15.00 -80.00 3.99e-05
20.00 -80.00 0.00028707
25.00 -80.00 0.0005166
30.00 -80.00 0.00072069
35.00 -80.00 0.00089193
40.00 -80.00 0.00102969
45.00 -80.00 0.00113631
50.00 -80.00 0.00120969
55.00 -80.00 0.00124581
60.00 -80.00 0.00124611
65.00 -80.00 0.00121587
70.00 -80.00 0.00115605
75.00 -80.00 0.00106317
80.00 -80.00 0.00093756
85.00 -80.00 0.00078507
90.00 -80.00 0.00060966
95.00 -80.00 0.00041106
100.00 -80.00 0.00019191
105.00 -80.00 -3.825e-05
110.00 -80.00 -0.00027003
115.00 -80.00 -0.00050016
120.00 -80.00 -0.00072618
125.00 -80.00 -0.00094089
130.00 -80.00 -0.00113679
135.00 -80.00 -0.00131301
140.00 -80.00 -0.00147144
145.00 -80.00 -0.00160875
150.00 -80.00 -0.00171831
155.00 -80.00 -0.00179844
160.00 -80.00 -0.00185235
165.00 -80.00 -0.00188106
170.00 -80.00 -0.00188343
175.00 -80.00 -0.00186444
180.00 -80.00 -0.00183702
-180.00 -75.00 -0.00184719
-175.00 -75.00 -0.00187059
-170.00 -75.00 -0.00190611
-165.00 -75.00 -0.00199068
-160.00 -75.00 -0.00214566
-155.00 -75.00 -0.00237
-150.00 -75.00 -0.00263874
-145.00 -75.00 -0.00290757
-140.00 -75.00 -0.00312432
-135.00 -75.00 -0.00324219
-130.00 -75.00 -0.00323082
-125.00 -75.00 -0.00308334
-120.00 -75.00 -0.00281796
-115.00 -75.00 -0.00247257
-110.00 -75.00 -0.00209457
-105.00 -75.00 -0.00173007
-100.00 -75.00 -0.00141534
-95.00 -75.00 -0.0011715
-90.00 -75.00 -0.00100398
-85.00 -75.00 -0.00090654
-80.00 -75.00 -0.0008664
-75.00 -75.00 -0.00086844
-70.00 -75.00 -0.00089805
-65.00 -75.00 -0.00094293
-60.00 -75.00 -0.0009933
-55.00 -75.00 -0.00104175
-50.00 -75.00 -0.00108375
-45.00 -75.00 -0.00111795
-40.00 -75.00 -0.00114501
-35.00 -75.00 -0.00116631
-30.00 -75.00 -0.00118281
-25.00 -75.00 -0.00119406
-20.00 -75.00 -0.0011985
-15.00 -75.00 -0.00119457
-10.00 -75.00 -0.00118251
-5.00 -75.00 -0.00116418
0.00 -75.00 -0.0011418
5.00 -75.00 -0.00111642
10.00 -75.00 -0.00108618
15.00 -75.00 -0.00104565
20.00 -75.00 -0.0009876
25.00 -75.00 -0.00090588
30.00 -75.00 -0.00079722
35.00 -75.00 -0.00066216
40.00 -75.00 -0.00050457
45.00 -75.00 -0.00032961
50.00 -75.00 -0.00014133
55.00 -75.00 5.79e-05
60.00 -75.00 0.00026616
65.00 -75.00 0.00048006
70.00 -75.00 0.00069327
75.00 -75.00 0.00089451
80.00 -75.00 0.0010686
85.00 -75.00 0.00119973
90.00 -75.00 0.0012756
95.00 -75.00 0.00129036
100.00 -75.00 0.00124662
105.00 -75.00 0.00115533
110.00 -75.00 0.00103215
115.00 -75.00 0.0008916
120.00 -75.00 0.00074304
125.00 -75.00 0.00058773
130.00 -75.00 0.00041817
135.00 -75.00 0.00022146
140.00 -75.00 -1.392e-05
145.00 -75.00 -0.0002916
150.00 -75.00 -0.00060336
155.00 -75.00 -0.00092811
160.00 -75.00 -0.00123543
165.00 -75.00 -0.00149406
170.00 -75.00 -0.00168228
175.00 -75.00 -0.00179511
180.00 -75.00 -0.00184719
-180.00 -70.00 -0.00263481
-175.00 -70.00 -0.0025098
-170.00 -70.00 -0.00234645
-165.00 -70.00 -0.00225393
-160.00 -70.00 -0.00230775
-155.00 -70.00 -0.00252774
-150.00 -70.00 -0.00287373
-145.00 -70.00 -0.00325896
-140.00 -70.00 -0.00357519
-135.00 -70.00 -0.00372348
-130.00 -70.00 -0.00364173
-125.00 -70.00 -0.00332229
-120.00 -70.00 -0.00281397
-115.00 -70.00 -0.00220656
-110.00 -70.00 -0.00160266
-105.00 -70.00 -0.00108597
-100.00 -70.00 -0.00069831
-95.00 -70.00 -0.00043422
-90.00 -70.00 -0.00025398
-85.00 -70.00 -0.00010773
-80.00 -70.00 4.128e-05
-75.00 -70.00 0.00020508
-70.00 -70.00 0.00037368
-65.00 -70.00 0.00052725
-60.00 -70.00 0.00064839
-55.00 -70.00 0.00072768
-50.00 -70.00 0.00076143
-45.00 -70.00 0.00074658
-40.00 -70.00 0.00067905
-35.00 -70.00 0.00055767
-30.00 -70.00 0.0003903
-25.00 -70.00 0.00019593
-20.00 -70.00 -1.8e-06
-15.00 -70.00 -0.00018738
-10.00 -70.00 -0.00036492
-5.00 -70.00 -0.0005589
0.00 -70.00 -0.00080112
5.00 -70.00 -0.00110943
10.00 -70.00 -0.00147045
15.00 -70.00 -0.00183699
20.00 -70.00 -0.00214311
25.00 -70.00 -0.00232902
30.00 -70.00 -0.00236322
35.00 -70.00 -0.00225096
40.00 -70.00 -0.00202647
45.00 -70.00 -0.0017343
50.00 -70.00 -0.00141063
55.00 -70.00 -0.00107202
60.00 -70.00 -0.00071667
65.00 -70.00 -0.00033477
70.00 -70.00 7.716e-05
75.00 -70.00 0.00050592
80.00 -70.00 0.0009201
85.00 -70.00 0.00127833
90.00 -70.00 0.00154356
95.00 -70.00 0.00169656
100.00 -70.00 0.00174312
105.00 -70.00 0.00171183
110.00 -70.00 0.00164409
115.00 -70.00 0.00157941
120.00 -70.00 0.00154092
125.00 -70.00 0.0015246
130.00 -70.00 0.00149625
135.00 -70.00 0.00139908
140.00 -70.00 0.00117132
145.00 -70.00 0.00077016
150.00 -70.00 0.00019365
155.00 -70.00 -0.00050886
160.00 -70.00 -0.00124368
165.00 -70.00 -0.00189735
170.00 -70.00 -0.00237105
175.00 -70.00 -0.00261276
180.00 -70.00 -0.00263481
-180.00 -65.00 -0.00386175
-175.00 -65.00 -0.00340602
-170.00 -65.00 -0.0028404
-165.00 -65.00 -0.00233181
-160.00 -65.00 -0.00199536
-155.00 -65.00 -0.00187191
-150.00 -65.00 -0.00193395
-145.00 -65.00 -0.00210777
-140.00 -65.00 -0.00229797
-135.00 -65.00 -0.0024093
-130.00 -65.00 -0.00236874
-125.00 -65.00 -0.00214884
-120.00 -65.00 -0.00178518
-115.00 -65.00 -0.00137364
-110.00 -65.00 -0.00103881
-105.00 -65.00 -0.00088026
-100.00 -65.00 -0.00092079
-95.00 -65.00 -0.00108729
-90.00 -65.00 -0.00123975
-85.00 -65.00 -0.00123759
-80.00 -65.00 -0.00100728
-75.00 -65.00 -0.00057339
-70.00 -65.00 -3.711e-05
-65.00 -65.00 0.00047934
-60.00 -65.00 0.0008856
-55.00 -65.00 0.00114282
-50.00 -65.00 0.00124743
-45.00 -65.00 0.00120264
-40.00 -65.00 0.00100611
-35.00 -65.00 0.00066561
-30.00 -65.00 0.00022728
-25.00 -65.00 -0.00021402
-20.00 -65.00 -0.00054378
-15.00 -65.00 -0.00068829
-10.00 -65.00 -0.00066936
-5.00 -65.00 -0.00061086
0.00 -65.00 -0.00068076
5.00 -65.00 -0.00099618
10.00 -65.00 -0.00154764
15.00 -65.00 -0.00219102
20.00 -65.00 -0.00271368
25.00 -65.00 -0.00293601
30.00 -65.00 -0.00279072
35.00 -65.00 -0.00234144
40.00 -65.00 -0.00174054
45.00 -65.00 -0.00115647
50.00 -65.00 -0.00070794
55.00 -65.00 -0.00043053
60.00 -65.00 -0.00028173
65.00 -65.00 -0.00017739
70.00 -65.00 -4.086e-05
75.00 -65.00 0.00015819
80.00 -65.00 0.00039405
85.00 -65.00 0.0006084
90.00 -65.00 0.0007497
95.00 -65.00 0.00080157
100.00 -65.00 0.00078408
105.00 -65.00 0.00073362
110.00 -65.00 0.00068262
115.00 -65.00 0.00065268
120.00 -65.00 0.0006567
125.00 -65.00 0.00069573
130.00 -65.00 0.00074484
135.00 -65.00 0.00074043
140.00 -65.00 0.00058785
145.00 -65.00 0.00019635
150.00 -65.00 -0.0004725
155.00 -65.00 -0.00136902
160.00 -65.00 -0.00235356
165.00 -65.00 -0.00323463
170.00 -65.00 -0.00383202
175.00 -65.00 -0.00403974
180.00 -65.00 -0.00386175
-180.00 -60.00 -0.00378399
-175.00 -60.00 -0.00327033
-170.00 -60.00 -0.00269409
-165.00 -60.00 -0.00218229
-160.00 -60.00 -0.00177621
-155.00 -60.00 -0.00145092
-150.00 -60.00 -0.00117537
-145.00 -60.00 -0.00095868
-140.00 -60.00 -0.00084426
-135.00 -60.00 -0.0008604
-130.00 -60.00 -0.00097422
-125.00 -60.00 -0.00109353
-120.00 -60.00 -0.0011232
-115.00 -60.00 -0.00103899
-110.00 -60.00 -0.00092217
-105.00 -60.00 -0.00091818
-100.00 -60.00 -0.00113286
-95.00 -60.00 -0.00153288
-90.00 -60.00 -0.00192852
-85.00 -60.00 -0.00206691
-80.00 -60.00 -0.00177972
-75.00 -60.00 -0.00108417
-70.00 -60.00 -0.00016899
-65.00 -60.00 0.00071466
-60.00 -60.00 0.00137334
-55.00 -60.00 0.00172404
-50.00 -60.00 0.00176589
-45.00 -60.00 0.00151659
-40.00 -60.00 0.00097878
-35.00 -60.00 0.00016788
-30.00 -60.00 -0.00082179
-25.00 -60.00 -0.0017787
-20.00 -60.00 -0.00242496
-15.00 -60.00 -0.00255678
-10.00 -60.00 -0.00219291
-5.00 -60.00 -0.0016134
0.00 -60.00 -0.00122778
5.00 -60.00 -0.00133509
10.00 -60.00 -0.00193245
15.00 -60.00 -0.0027069
20.00 -60.00 -0.00321855
25.00 -60.00 -0.00314778
30.00 -60.00 -0.00244965
35.00 -60.00 -0.00134244
40.00 -60.00 -0.00017412
45.00 -60.00 0.00073371
50.00 -60.00 0.00119292
55.00 -60.00 0.00118857
60.00 -60.00 0.00085959
65.00 -60.00 0.00042774
70.00 -60.00 9.042e-05
75.00 -60.00 -7.542e-05
80.00 -60.00 -0.000132
85.00 -60.00 -0.00019788
90.00 -60.00 -0.00032475
95.00 -60.00 -0.00044241
100.00 -60.00 -0.00042657
105.00 -60.00 -0.00022617
110.00 -60.00 7.368e-05
115.00 -60.00 0.00031482
120.00 -60.00 0.00039072
125.00 -60.00 0.00031335
130.00 -60.00 0.00016731
135.00 -60.00 7.32e-06
140.00 -60.00 -0.00020154
145.00 -60.00 -0.00055539
150.00 -60.00 -0.00112926
155.00 -60.00 -0.00190713
160.00 -60.00 -0.00276651
165.00 -60.00 -0.00351936
170.00 -60.00 -0.00398535
175.00 -60.00 -0.00406572
180.00 -60.00 -0.00378399
-180.00 -55.00 -0.00216354
-175.00 -55.00 -0.00194508
-170.00 -55.00 -0.00184647
-165.00 -55.00 -0.0019254
-160.00 -55.00 -0.00208908
-155.00 -55.00 -0.00215484
-150.00 -55.00 -0.00199272
-145.00 -55.00 -0.0016368
-140.00 -55.00 -0.00127272
-135.00 -55.00 -0.00111186
-130.00 -55.00 -0.00124515
-125.00 -55.00 -0.0015726
-120.00 -55.00 -0.00185007
-115.00 -55.00 -0.00183585
-110.00 -55.00 -0.00146175
-105.00 -55.00 -0.00091095
-100.00 -55.00 -0.00051276
-95.00 -55.00 -0.00049647
-90.00 -55.00 -0.0007914
-85.00 -55.00 -0.0010539
-80.00 -55.00 -0.00091239
-75.00 -55.00 -0.00022725
-70.00 -55.00 0.00083463
-65.00 -55.00 0.00193161
-60.00 -55.00 0.00274602
-55.00 -55.00 0.00310848
-50.00 -55.00 0.0030051
-45.00 -55.00 0.00250806
-40.00 -55.00 0.0016944
-35.00 -55.00 0.00061671
-30.00 -55.00 -0.00064476
-25.00 -55.00 -0.00189237
-20.00 -55.00 -0.002799
-15.00 -55.00 -0.00305727
-10.00 -55.00 -0.00262344
-5.00 -55.00 -0.00184734
0.00 -55.00 -0.0013149
5.00 -55.00 -0.00146307
10.00 -55.00 -0.00225618
15.00 -55.00 -0.0031968
20.00 -55.00 -0.00366858
25.00 -55.00 -0.00332991
30.00 -55.00 -0.00226695
35.00 -55.00 -0.00085821
40.00 -55.00 0.00046611
45.00 -55.00 0.00138249
50.00 -55.00 0.00172191
55.00 -55.00 0.00149019
60.00 -55.00 0.00089301
65.00 -55.00 0.00029046
70.00 -55.00 1.182e-05
75.00 -55.00 0.00011787
80.00 -55.00 0.00033321
85.00 -55.00 0.00028068
90.00 -55.00 -0.00014328
95.00 -55.00 -0.0006156
100.00 -55.00 -0.00065109
105.00 -55.00 -5.973e-05
110.00 -55.00 0.00085377
115.00 -55.00 0.00154806
120.00 -55.00 0.00169458
125.00 -55.00 0.00138114
130.00 -55.00 0.00092712
135.00 -55.00 0.00056028
140.00 -55.00 0.00027585
145.00 -55.00 -5.895e-05
150.00 -55.00 -0.00053094
155.00 -55.00 -0.00110832
160.00 -55.00 -0.00168045
165.00 -55.00 -0.00212595
170.00 -55.00 -0.00235701
175.00 -55.00 -0.00234858
180.00 -55.00 -0.00216354
-180.00 -50.00 -0.00078648
-175.00 -50.00 -0.00085926
-170.00 -50.00 -0.00109479
-165.00 -50.00 -0.00157296
-160.00 -50.00 -0.0022209
-155.00 -50.00 -0.00280902
-150.00 -50.00 -0.00309003
-145.00 -50.00 -0.00296187
-140.00 -50.00 -0.00252621
-135.00 -50.00 -0.0020289
-130.00 -50.00 -0.00174081
-125.00 -50.00 -0.00181248
-120.00 -50.00 -0.00214005
-115.00 -50.00 -0.00236217
-110.00 -50.00 -0.00209826
-105.00 -50.00 -0.0013029
-100.00 -50.00 -0.00038532
-95.00 -50.00 0.00010779
-90.00 -50.00 -1.392e-05
-85.00 -50.00 -0.00040683
-80.00 -50.00 -0.00050268
-75.00 -50.00 2.841e-05
-70.00 -50.00 0.00108174
-65.00 -50.00 0.00225786
-60.00 -50.00 0.00311769
-55.00 -50.00 0.0033774
-50.00 -50.00 0.00301545
-45.00 -50.00 0.00226794
-40.00 -50.00 0.00146679
-35.00 -50.00 0.00080325
-30.00 -50.00 0.00023298
-25.00 -50.00 -0.0003633
-20.00 -50.00 -0.00093432
-15.00 -50.00 -0.00122679
-10.00 -50.00 -0.00105618
-5.00 -50.00 -0.00060855
0.00 -50.00 -0.00040053
5.00 -50.00 -0.00085068
10.00 -50.00 -0.00186552
15.00 -50.00 -0.00288483
20.00 -50.00 -0.00335568
25.00 -50.00 -0.00314313
30.00 -50.00 -0.00249525
35.00 -50.00 -0.00170985
40.00 -50.00 -0.0009342
45.00 -50.00 -0.0002622
50.00 -50.00 0.00012141
55.00 -50.00 3.441e-05
60.00 -50.00 -0.00042675
65.00 -50.00 -0.0007782
70.00 -50.00 -0.00046146
75.00 -50.00 0.00060108
80.00 -50.00 0.00176052
85.00 -50.00 0.00210501
90.00 -50.00 0.00133248
95.00 -50.00 0.00015786
100.00 -50.00 -0.0002871
105.00 -50.00 0.00046266
110.00 -50.00 0.00177354
115.00 -50.00 0.00259332
120.00 -50.00 0.00247179
125.00 -50.00 0.00183264
130.00 -50.00 0.00134526
135.00 -50.00 0.00122622
140.00 -50.00 0.00119388
145.00 -50.00 0.00093099
150.00 -50.00 0.00042804
155.00 -50.00 -9.435e-05
160.00 -50.00 -0.00045438
165.00 -50.00 -0.00063702
170.00 -50.00 -0.00071976
175.00 -50.00 -0.00076056
180.00 -50.00 -0.00078648
-180.00 -45.00 -0.00045684
-175.00 -45.00 -0.00085044
-170.00 -45.00 -0.00110379
-165.00 -45.00 -0.00130887
-160.00 -45.00 -0.00161814
-155.00 -45.00 -0.00206526
-150.00 -45.00 -0.00250989
-145.00 -45.00 -0.00270756
-140.00 -45.00 -0.00243567
-135.00 -45.00 -0.00166377
-130.00 -45.00 -0.00070746
-125.00 -45.00 -0.00015327
-120.00 -45.00 -0.00043251
-115.00 -45.00 -0.00135576
-110.00 -45.00 -0.00217263
-105.00 -45.00 -0.00225432
-100.00 -45.00 -0.0017106
-95.00 -45.00 -0.00120969
-90.00 -45.00 -0.00119613
-85.00 -45.00 -0.00143625
-80.00 -45.00 -0.00136023
-75.00 -45.00 -0.00067476
-70.00 -45.00 0.00044712
-65.00 -45.00 0.00159012
-60.00 -45.00 0.00231984
-55.00 -45.00 0.0023133
-50.00 -45.00 0.00155817
-45.00 -45.00 0.00049377
-40.00 -45.00 -0.00022119
-35.00 -45.00 -0.00022905
-30.00 -45.00 0.00024087
-25.00 -45.00 0.00063762
-20.00 -45.00 0.00062769
-15.00 -45.00 0.00035865
-10.00 -45.00 0.00019785
-5.00 -45.00 0.00024372
0.00 -45.00 0.00018012
5.00 -45.00 -0.0003159
10.00 -45.00 -0.00110646
15.00 -45.00 -0.00171369
20.00 -45.00 -0.00191736
25.00 -45.00 -0.00201195
30.00 -45.00 -0.00233892
35.00 -45.00 -0.00274182
40.00 -45.00 -0.00272418
45.00 -45.00 -0.00211893
50.00 -45.00 -0.00139215
55.00 -45.00 -0.00118617
60.00 -45.00 -0.00160608
65.00 -45.00 -0.00199212
70.00 -45.00 -0.00144651
75.00 -45.00 0.00026016
80.00 -45.00 0.0022119
85.00 -45.00 0.0029679
90.00 -45.00 0.00195888
95.00 -45.00 0.00024951
100.00 -45.00 -0.00040842
105.00 -45.00 0.00059598
110.00 -45.00 0.00210702
115.00 -45.00 0.00256986
120.00 -45.00 0.00174873
125.00 -45.00 0.00076884
130.00 -45.00 0.00063633
135.00 -45.00 0.00118113
140.00 -45.00 0.00153111
145.00 -45.00 0.00122103
150.00 -45.00 0.00055857
155.00 -45.00 9.729e-05
160.00 -45.00 4.893e-05
165.00 -45.00 0.00020442
170.00 -45.00 0.00023163
175.00 -45.00 -2.406e-05
180.00 -45.00 -0.00045684
-180.00 -40.00 1.119e-05
-175.00 -40.00 -0.00086988
-170.00 -40.00 -0.00127929
-165.00 -40.00 -0.00113814
-160.00 -40.00 -0.00077994
-155.00 -40.00 -0.00063456
-150.00 -40.00 -0.00089787
-145.00 -40.00 -0.00137637
-140.00 -40.00 -0.0015768
-135.00 -40.00 -0.00106746
-130.00 -40.00 5.667e-05
-125.00 -40.00 0.00103803
-120.00 -40.00 0.0009816
-115.00 -40.00 -0.00027969
-110.00 -40.00 -0.00189483
-105.00 -40.00 -0.00277362
-100.00 -40.00 -0.00264798
-95.00 -40.00 -0.00214494
-90.00 -40.00 -0.00183921
-85.00 -40.00 -0.00160209
-80.00 -40.00 -0.0010158
-75.00 -40.00 -4.482e-05
-70.00 -40.00 0.00099312
-65.00 -40.00 0.0018294
-60.00 -40.00 0.00227058
-55.00 -40.00 0.00205491
-50.00 -40.00 0.00111681
-45.00 -40.00 -6.351e-05
-40.00 -40.00 -0.00074472
-35.00 -40.00 -0.00062877
-30.00 -40.00 -0.00010104
-25.00 -40.00 0.0002262
-20.00 -40.00 7.887e-05
-15.00 -40.00 -0.00031785
-10.00 -40.00 -0.0005307
-5.00 -40.00 -0.00040932
0.00 -40.00 -0.00027189
5.00 -40.00 -0.00043917
10.00 -40.00 -0.00066549
15.00 -40.00 -0.0004305
20.00 -40.00 0.00014124
25.00 -40.00 0.00017709
30.00 -40.00 -0.00080292
35.00 -40.00 -0.00206169
40.00 -40.00 -0.00243912
45.00 -40.00 -0.00175263
50.00 -40.00 -0.00094929
55.00 -40.00 -0.00095268
60.00 -40.00 -0.0017367
65.00 -40.00 -0.00248313
70.00 -40.00 -0.00232725
75.00 -40.00 -0.00104871
80.00 -40.00 0.00057813
85.00 -40.00 0.00120933
90.00 -40.00 0.00024759
95.00 -40.00 -0.00119862
100.00 -40.00 -0.00127893
105.00 -40.00 0.00040107
110.00 -40.00 0.00213693
115.00 -40.00 0.00216087
120.00 -40.00 0.00080295
125.00 -40.00 -9.153e-05
130.00 -40.00 0.00042153
135.00 -40.00 0.00143217
140.00 -40.00 0.00164313
145.00 -40.00 0.00094005
150.00 -40.00 0.00018
155.00 -40.00 2.922e-05
160.00 -40.00 0.00045582
165.00 -40.00 0.00102315
170.00 -40.00 0.00125874
175.00 -40.00 0.00088335
180.00 -40.00 1.119e-05
-180.00 -35.00 0.00108174
-175.00 -35.00 0.00014766
-170.00 -35.00 -0.00044733
-165.00 -35.00 -0.00046965
-160.00 -35.00 -0.00017835
-155.00 -35.00 -5.214e-05
-150.00 -35.00 -0.00041316
-145.00 -35.00 -0.00115122
-140.00 -35.00 -0.0017787
-135.00 -35.00 -0.00183423
-130.00 -35.00 -0.00127785
-125.00 -35.00 -0.00056514
-120.00 -35.00 -0.00035154
-115.00 -35.00 -0.00092172
-110.00 -35.00 -0.00178047
-105.00 -35.00 -0.00204888
-100.00 -35.00 -0.00143655
-95.00 -35.00 -0.0005184
-90.00 -35.00 0.00013146
-85.00 -35.00 0.00062925
-80.00 -35.00 0.00129363
-75.00 -35.00 0.00198597
-70.00 -35.00 0.00242112
-65.00 -35.00 0.00268728
-60.00 -35.00 0.00290901
-55.00 -35.00 0.00279399
-50.00 -35.00 0.00210642
-45.00 -35.00 0.00125271
-40.00 -35.00 0.00079941
-35.00 -35.00 0.00067095
-30.00 -35.00 0.00035604
-25.00 -35.00 -0.00032364
-20.00 -35.00 -0.00108186
-15.00 -35.00 -0.00154695
-10.00 -35.00 -0.00146451
-5.00 -35.00 -0.00088032
0.00 -35.00 -0.00033162
5.00 -35.00 -0.00032469
10.00 -35.00 -0.00043785
15.00 -35.00 0.00028596
20.00 -35.00 0.00173412
25.00 -35.00 0.00245268
30.00 -35.00 0.00158415
35.00 -35.00 0.00018285
40.00 -35.00 -0.00024666
45.00 -35.00 0.0002016
50.00 -35.00 0.00025425
55.00 -35.00 -0.00056076
60.00 -35.00 -0.00145275
65.00 -35.00 -0.00172125
70.00 -35.00 -0.00153939
75.00 -35.00 -0.00131472
80.00 -35.00 -0.00118722
85.00 -35.00 -0.00136215
90.00 -35.00 -0.00203322
95.00 -35.00 -0.0026031
100.00 -35.00 -0.00192747
105.00 -35.00 2.37e-06
110.00 -35.00 0.00149487
115.00 -35.00 0.00122703
120.00 -35.00 0.00016698
125.00 -35.00 0.00024405
130.00 -35.00 0.00159414
135.00 -35.00 0.00251613
140.00 -35.00 0.00200583
145.00 -35.00 0.0009147
150.00 -35.00 0.00041934
155.00 -35.00 0.00061239
160.00 -35.00 0.00101601
165.00 -35.00 0.00144789
170.00 -35.00 0.00181494
175.00 -35.00 0.00176046
180.00 -35.00 0.00108174
-180.00 -30.00 0.00151107
-175.00 -30.00 0.0014019
-170.00 -30.00 0.00113457
-165.00 -30.00 0.00065967
-160.00 -30.00 1.524e-05
-155.00 -30.00 -0.00073878
-150.00 -30.00 -0.0016101
-145.00 -30.00 -0.00238173
-140.00 -30.00 -0.0026745
-135.00 -30.00 -0.00253458
-130.00 -30.00 -0.00241815
-125.00 -30.00 -0.00246342
-120.00 -30.00 -0.00237375
-115.00 -30.00 -0.00202164
-110.00 -30.00 -0.0015051
-105.00 -30.00 -0.00070173
-100.00 -30.00 0.00051315
-95.00 -30.00 0.00174768
-90.00 -30.00 0.00248703
-85.00 -30.00 0.00278559
-80.00 -30.00 0.00294408
-75.00 -30.00 0.00290004
-70.00 -30.00 0.00260592
-65.00 -30.00 0.00247473
-60.00 -30.00 0.00270018
-55.00 -30.00 0.00273018
-50.00 -30.00 0.00218946
-45.00 -30.00 0.00164124
-40.00 -30.00 0.00161226
-35.00 -30.00 0.00160788
-30.00 -30.00 0.00096432
-25.00 -30.00 -5.784e-05
-20.00 -30.00 -0.00082428
-15.00 -30.00 -0.00116844
-10.00 -30.00 -0.0010263
-5.00 -30.00 -0.00023853
0.00 -30.00 0.00065541
5.00 -30.00 0.00065739
10.00 -30.00 2.805e-05
15.00 -30.00 0.00034017
20.00 -30.00 0.00199767
25.00 -30.00 0.00326157
30.00 -30.00 0.00280332
35.00 -30.00 0.00165975
40.00 -30.00 0.00131019
45.00 -30.00 0.0012489
50.00 -30.00 0.0001806
55.00 -30.00 -0.00136809
60.00 -30.00 -0.00157377
65.00 -30.00 -0.00016773
70.00 -30.00 0.00098646
75.00 -30.00 0.00044055
80.00 -30.00 -0.0011016
85.00 -30.00 -0.00214239
90.00 -30.00 -0.00228978
95.00 -30.00 -0.00196395
100.00 -30.00 -0.00126726
105.00 -30.00 -0.00032682
110.00 -30.00 7.731e-05
115.00 -30.00 -0.00036501
120.00 -30.00 -0.0004209
125.00 -30.00 0.00105408
130.00 -30.00 0.00299052
135.00 -30.00 0.00338313
140.00 -30.00 0.00224745
145.00 -30.00 0.00139224
150.00 -30.00 0.001536
155.00 -30.00 0.00165009
160.00 -30.00 0.00112932
165.00 -30.00 0.0006978
170.00 -30.00 0.00091926
175.00 -30.00 0.00135954
180.00 -30.00 0.00151107
-180.00 -25.00 0.00081042
-175.00 -25.00 0.0015822
-170.00 -25.00 0.00191106
-165.00 -25.00 0.0009636
-160.00 -25.00 -0.00067191
-155.00 -25.00 -0.00202671
-150.00 -25.00 -0.00296385
-145.00 -25.00 -0.00337044
-140.00 -25.00 -0.00274746
-135.00 -25.00 -0.00151473
-130.00 -25.00 -0.00105906
-125.00 -25.00 -0.00168885
-120.00 -25.00 -0.00212136
-115.00 -25.00 -0.00154416
-110.00 -25.00 -0.00058215
-105.00 -25.00 0.00017334
-100.00 -25.00 0.00098961
-95.00 -25.00 0.00196899
-90.00 -25.00 0.0026145
-85.00 -25.00 0.00271344
-80.00 -25.00 0.00255654
-75.00 -25.00 0.00228639
-70.00 -25.00 0.00196326
-65.00 -25.00 0.0019215
-60.00 -25.00 0.00213735
-55.00 -25.00 0.00187299
-50.00 -25.00 0.00089181
-45.00 -25.00 0.0001587
-40.00 -25.00 0.00035634
-35.00 -25.00 0.00077745
-30.00 -25.00 0.00066423
-25.00 -25.00 0.00034962
-20.00 -25.00 0.00012453
-15.00 -25.00 -0.00043512
-10.00 -25.00 -0.00104412
-5.00 -25.00 -0.00050409
0.00 -25.00 0.0010182
5.00 -25.00 0.00161937
10.00 -25.00 0.00071574
15.00 -25.00 0.00018753
20.00 -25.00 0.00119925
25.00 -25.00 0.00226296
30.00 -25.00 0.00194124
35.00 -25.00 0.00114732
40.00 -25.00 0.00104724
45.00 -25.00 0.00076104
50.00 -25.00 -0.00084024
55.00 -25.00 -0.00253029
60.00 -25.00 -0.00205206
65.00 -25.00 0.00051036
70.00 -25.00 0.00247176
75.00 -25.00 0.00185967
80.00 -25.00 -0.00026736
85.00 -25.00 -0.00146928
90.00 -25.00 -0.00099063
95.00 -25.00 -8.376e-05
100.00 -25.00 0.0001488
105.00 -25.00 -0.00021849
110.00 -25.00 -0.00077382
115.00 -25.00 -0.00104427
120.00 -25.00 -0.00018864
125.00 -25.00 0.00187902
130.00 -25.00 0.00347301
135.00 -25.00 0.00312219
140.00 -25.00 0.00192243
145.00 -25.00 0.00181467
150.00 -25.00 0.00242985
155.00 -25.00 0.00205218
160.00 -25.00 0.00075711
165.00 -25.00 3.468e-05
170.00 -25.00 0.00017559
175.00 -25.00 0.00042807
180.00 -25.00 0.00081042
-180.00 -20.00 -2.013e-05
-175.00 -20.00 0.00099438
-170.00 -20.00 0.00165996
-165.00 -20.00 0.00016476
-160.00 -20.00 -0.00192498
-155.00 -20.00 -0.00266982
-150.00 -20.00 -0.00268335
-145.00 -20.00 -0.00278277
-140.00 -20.00 -0.00204549
-135.00 -20.00 -0.00029022
-130.00 -20.00 0.00064941
-125.00 -20.00 -5.391e-05
-120.00 -20.00 -0.00075108
-115.00 -20.00 -0.00025182
-110.00 -20.00 0.00042267
-105.00 -20.00 0.00033261
-100.00 -20.00 0.00020493
-95.00 -20.00 0.00072426
-90.00 -20.00 0.00131553
-85.00 -20.00 0.00145314
-80.00 -20.00 0.00153396
-75.00 -20.00 0.00191556
-70.00 -20.00 0.002367
-65.00 -20.00 0.00262533
-60.00 -20.00 0.00247245
-55.00 -20.00 0.00156765
-50.00 -20.00 0.00016536
-45.00 -20.00 -0.00067125
-40.00 -20.00 -0.00048714
-35.00 -20.00 -8.703e-05
-30.00 -20.00 -3.21e-05
-25.00 -20.00 2.715e-05
-20.00 -20.00 -0.00014283
-15.00 -20.00 -0.00139389
-10.00 -20.00 -0.00289989
-5.00 -20.00 -0.00241611
0.00 -20.00 7.629e-05
5.00 -20.00 0.00177369
10.00 -20.00 0.00124686
15.00 -20.00 0.00028926
20.00 -20.00 0.00043827
25.00 -20.00 0.00075168
30.00 -20.00 0.00030822
35.00 -20.00 -4.248e-05
40.00 -20.00 0.00024141
45.00 -20.00 8.997e-05
50.00 -20.00 -0.0011739
55.00 -20.00 -0.00240318
60.00 -20.00 -0.00215058
65.00 -20.00 -0.00051648
70.00 -20.00 0.00099219
75.00 -20.00 0.00102573
80.00 -20.00 -0.00015081
85.00 -20.00 -0.00090423
90.00 -20.00 -0.00032613
95.00 -20.00 0.00062046
100.00 -20.00 0.00072759
105.00 -20.00 0.00020403
110.00 -20.00 -9.249e-05
115.00 -20.00 0.00022197
120.00 -20.00 0.00124896
125.00 -20.00 0.00262146
130.00 -20.00 0.00311337
135.00 -20.00 0.00219693
140.00 -20.00 0.00134343
145.00 -20.00 0.00174243
150.00 -20.00 0.0021405
155.00 -20.00 0.00132366
160.00 -20.00 0.00062874
165.00 -20.00 0.00124665
170.00 -20.00 0.00164688
175.00 -20.00 0.00063354
180.00 -20.00 -2.013e-05
-180.00 -15.00 -0.00069906
-175.00 -15.00 0.00071025
-170.00 -15.00 0.00184953
-165.00 -15.00 5.112e-05
-160.00 -15.00 -0.00197187
-155.00 -15.00 -0.00153105
-150.00 -15.00 -0.00050361
-145.00 -15.00 -0.00100095
-140.00 -15.00 -0.00153573
-135.00 -15.00 -0.00061524
-130.00 -15.00 0.00028116
-125.00 -15.00 -9.669e-05
-120.00 -15.00 -0.0004269
-115.00 -15.00 0.00029475
-110.00 -15.00 0.00082911
-105.00 -15.00 0.00024603
-100.00 -15.00 -0.00039177
-95.00 -15.00 -0.00014082
-90.00 -15.00 0.00034809
-85.00 -15.00 0.00046587
-80.00 -15.00 0.00085122
-75.00 -15.00 0.00205764
-70.00 -15.00 0.00338904
-65.00 -15.00 0.00377421
-60.00 -15.00 0.00296067
-55.00 -15.00 0.0015663
-50.00 -15.00 0.00053655
-45.00 -15.00 0.00042057
-40.00 -15.00 0.00073884
-35.00 -15.00 0.00055425
-30.00 -15.00 -0.0001404
-25.00 -15.00 -0.0006684
-20.00 -15.00 -0.00129786
-15.00 -15.00 -0.00275802
-10.00 -15.00 -0.00401607
-5.00 -15.00 -0.00307431
0.00 -15.00 -0.00038079
5.00 -15.00 0.00135558
10.00 -15.00 0.00113424
15.00 -15.00 0.00049317
20.00 -15.00 0.00028041
25.00 -15.00 -0.00018483
30.00 -15.00 -0.00078543
35.00 -15.00 -0.00062373
40.00 -15.00 -9.903e-05
45.00 -15.00 -0.0002205
50.00 -15.00 -0.00066267
55.00 -15.00 -0.00077841
60.00 -15.00 -0.00103623
65.00 -15.00 -0.00156237
70.00 -15.00 -0.00132903
75.00 -15.00 -0.00026937
80.00 -15.00 0.00020238
85.00 -15.00 -0.00027498
90.00 -15.00 -0.00048498
95.00 -15.00 2.691e-05
100.00 -15.00 0.00055407
105.00 -15.00 0.00092652
110.00 -15.00 0.00147252
115.00 -15.00 0.00202365
120.00 -15.00 0.00241863
125.00 -15.00 0.00275316
130.00 -15.00 0.00259557
135.00 -15.00 0.00173202
140.00 -15.00 0.00122328
145.00 -15.00 0.00156441
150.00 -15.00 0.00141066
155.00 -15.00 0.00054066
160.00 -15.00 0.00114102
165.00 -15.00 0.00336006
170.00 -15.00 0.0037014
175.00 -15.00 0.00103956
180.00 -15.00 -0.00069906
-180.00 -10.00 -0.00187749
-175.00 -10.00 0.00050601
-170.00 -10.00 0.00254997
-165.00 -10.00 0.00130524
-160.00 -10.00 -0.00011094
-155.00 -10.00 0.00091554
-150.00 -10.00 0.00186813
-145.00 -10.00 0.00044643
-140.00 -10.00 -0.00132525
-135.00 -10.00 -0.00129228
-130.00 -10.00 -0.00057018
-125.00 -10.00 -0.00050748
-120.00 -10.00 -0.00032541
-115.00 -10.00 0.00053952
-110.00 -10.00 0.00098193
-105.00 -10.00 0.00034893
-100.00 -10.00 -0.00038769
-95.00 -10.00 -0.00039783
-90.00 -10.00 -0.00013449
-85.00 -10.00 -6.147e-05
-80.00 -10.00 0.00041055
-75.00 -10.00 0.00188874
-70.00 -10.00 0.00360642
-65.00 -10.00 0.00399714
-60.00 -10.00 0.00265323
-55.00 -10.00 0.00101175
-50.00 -10.00 0.00070554
-45.00 -10.00 0.00163101
-40.00 -10.00 0.00221139
-35.00 -10.00 0.00146514
-30.00 -10.00 7.794e-05
-25.00 -10.00 -0.00090093
-20.00 -10.00 -0.0015267
-15.00 -10.00 -0.0021723
-10.00 -10.00 -0.0022047
-5.00 -10.00 -0.00105777
0.00 -10.00 0.00019923
5.00 -10.00 0.0003492
10.00 -10.00 0.00010248
15.00 -10.00 0.00046593
20.00 -10.00 0.00052722
25.00 -10.00 -0.00055875
30.00 -10.00 -0.00138021
35.00 -10.00 -0.00083976
40.00 -10.00 -0.00033831
45.00 -10.00 -0.00070269
50.00 -10.00 -0.00031011
55.00 -10.00 0.00113277
60.00 -10.00 0.00110925
65.00 -10.00 -0.0008913
70.00 -10.00 -0.00172851
75.00 -10.00 -6.003e-05
80.00 -10.00 0.00136692
85.00 -10.00 0.00071157
90.00 -10.00 -0.00029826
95.00 -10.00 5.133e-05
100.00 -10.00 0.00125385
105.00 -10.00 0.00240225
110.00 -10.00 0.00306522
115.00 -10.00 0.00286554
120.00 -10.00 0.00227148
125.00 -10.00 0.00232338
130.00 -10.00 0.00266727
135.00 -10.00 0.00222717
140.00 -10.00 0.00155673
145.00 -10.00 0.00157041
150.00 -10.00 0.00144696
155.00 -10.00 0.00094974
160.00 -10.00 0.0018594
165.00 -10.00 0.00382512
170.00 -10.00 0.0032433
175.00 -10.00 -0.00027102
180.00 -10.00 -0.00187749
-180.00 -5.00 -0.00295797
-175.00 -5.00 -0.00049026
-170.00 -5.00 0.00179109
-165.00 -5.00 0.0018105
-160.00 -5.00 0.00173625
-155.00 -5.00 0.00270975
-150.00 -5.00 0.00257652
-145.00 -5.00 0.0005658
-140.00 -5.00 -0.00098859
-135.00 -5.00 -0.0007893
-130.00 -5.00 -0.00017265
-125.00 -5.00 -8.475e-05
-120.00 -5.00 0.00011232
-115.00 -5.00 0.00071445
-110.00 -5.00 0.00103428
-105.00 -5.00 0.00065559
-100.00 -5.00 -4.629e-05
-95.00 -5.00 -0.0004686
-90.00 -5.00 -0.00036213
-85.00 -5.00 4.329e-05
-80.00 -5.00 0.00062232
-75.00 -5.00 0.00175773
-70.00 -5.00 0.00329751
-65.00 -5.00 0.00377628
-60.00 -5.00 0.00227487
-55.00 -5.00 0.00036837
-50.00 -5.00 0.00026379
-45.00 -5.00 0.00159714
-40.00 -5.00 0.00211119
-35.00 -5.00 0.00102123
-30.00 -5.00 -0.00031284
-25.00 -5.00 -0.00079644
-20.00 -5.00 -0.00072816
-15.00 -5.00 -0.00046017
-10.00 -5.00 0.00017919
-5.00 -5.00 0.00068229
0.00 -5.00 6.54e-06
5.00 -5.00 -0.00126876
10.00 -5.00 -0.00109374
15.00 -5.00 0.00057978
20.00 -5.00 0.00113595
25.00 -5.00 -0.00035787
30.00 -5.00 -0.00146007
35.00 -5.00 -0.00087465
40.00 -5.00 -0.00055707
45.00 -5.00 -0.00117174
50.00 -5.00 -0.00036684
55.00 -5.00 0.00202671
60.00 -5.00 0.00256638
65.00 -5.00 0.00039972
70.00 -5.00 -0.0008463
75.00 -5.00 0.00050583
80.00 -5.00 0.0016641
85.00 -5.00 0.0009174
90.00 -5.00 0.0002076
95.00 -5.00 0.00108819
100.00 -5.00 0.00271506
105.00 -5.00 0.0039711
110.00 -5.00 0.00420795
115.00 -5.00 0.00308418
120.00 -5.00 0.00185541
125.00 -5.00 0.00233013
130.00 -5.00 0.00354762
135.00 -5.00 0.00307647
140.00 -5.00 0.00146862
145.00 -5.00 0.0010983
150.00 -5.00 0.00175071
155.00 -5.00 0.00186999
160.00 -5.00 0.00190644
165.00 -5.00 0.00215811
170.00 -5.00 0.00078348
175.00 -5.00 -0.00212331
180.00 -5.00 -0.00295797
-180.00 0.00 -0.00243195
-175.00 0.00 -0.00165756
-170.00 0.00 -0.00065925
-165.00 0.00 0.00033078
-160.00 0.00 0.00187104
-155.00 0.00 0.00284928
-150.00 0.00 0.00180996
-145.00 0.00 -4.8e-06
-140.00 0.00 -0.00045282
-135.00 0.00 7.509e-05
-130.00 0.00 -3.156e-05
-125.00 0.00 -0.00071157
-120.00 0.00 -0.00093075
-115.00 0.00 -0.00045138
-110.00 0.00 0.00035634
-105.00 0.00 0.00090939
-100.00 0.00 0.00058521
-95.00 0.00 -0.00020829
-90.00 0.00 -0.00018156
-85.00 0.00 0.00074769
-80.00 0.00 0.00145386
-75.00 0.00 0.00196749
-70.00 0.00 0.00305526
-65.00 0.00 0.00365643
-60.00 0.00 0.00219198
-55.00 0.00 -3.03e-06
-50.00 0.00 -0.00024639
-45.00 0.00 0.00106434
-40.00 0.00 0.0012123
-35.00 0.00 -0.00029592
-30.00 0.00 -0.00136827
-25.00 0.00 -0.00098739
-20.00 0.00 -0.00019443
-15.00 0.00 0.00024342
-10.00 0.00 0.00051204
-5.00 0.00 0.00029292
0.00 0.00 -0.00091548
5.00 0.00 -0.00195927
10.00 0.00 -0.00099825
15.00 0.00 0.00127596
20.00 0.00 0.00203433
25.00 0.00 0.00060831
30.00 0.00 -0.00062259
35.00 0.00 -0.00049731
40.00 0.00 -0.00055257
45.00 0.00 -0.00113364
50.00 0.00 -0.00035796
55.00 0.00 0.00164763
60.00 0.00 0.0021174
65.00 0.00 0.00056916
70.00 0.00 -0.00035661
75.00 0.00 0.00023238
80.00 0.00 0.0005448
85.00 0.00 0.0001902
90.00 0.00 0.00059721
95.00 0.00 0.00183663
100.00 0.00 0.00290637
105.00 0.00 0.00375579
110.00 0.00 0.00417873
115.00 0.00 0.00335535
120.00 0.00 0.00233232
125.00 0.00 0.00311976
130.00 0.00 0.00448083
135.00 0.00 0.0034203
140.00 0.00 0.00080175
145.00 0.00 9.57e-05
150.00 0.00 0.00134133
155.00 0.00 0.00175821
160.00 0.00 0.00086496
165.00 0.00 6.09e-05
170.00 0.00 -0.00073488
175.00 0.00 -0.00194034
180.00 0.00 -0.00243195
-180.00 5.00 -0.00053703
-175.00 5.00 -0.00139971
-170.00 5.00 -0.00203442
-165.00 5.00 -0.00117306
-160.00 5.00 0.00093318
-155.00 5.00 0.00192801
-150.00 5.00 0.00082161
-145.00 5.00 -0.00031146
-140.00 5.00 -4.854e-05
-135.00 5.00 0.00010185
-130.00 5.00 -0.00113286
-125.00 5.00 -0.00262866
-120.00 5.00 -0.0030444
-115.00 5.00 -0.00226308
-110.00 5.00 -0.00057588
-105.00 5.00 0.00110778
-100.00 5.00 0.00133806
-95.00 5.00 0.00037185
-90.00 5.00 0.00021312
-85.00 5.00 0.00119847
-80.00 5.00 0.00169479
-75.00 5.00 0.00166125
-70.00 5.00 0.0024369
-65.00 5.00 0.00306576
-60.00 5.00 0.0015225
-55.00 5.00 -0.0008304
-50.00 5.00 -0.00089331
-45.00 5.00 0.00074601
-40.00 5.00 0.0008076
-35.00 5.00 -0.00104943
-30.00 5.00 -0.00205245
-25.00 5.00 -0.00111699
-20.00 5.00 7.038e-05
-15.00 5.00 0.00034452
-10.00 5.00 0.00025662
-5.00 5.00 0.00019728
0.00 5.00 -0.00013416
5.00 5.00 -0.00037404
10.00 5.00 0.00036696
15.00 5.00 0.00178086
20.00 5.00 0.00240069
25.00 5.00 0.00165726
30.00 5.00 0.00045087
35.00 5.00 -0.00048777
40.00 5.00 -0.0011568
45.00 5.00 -0.00116739
50.00 5.00 -9.012e-05
55.00 5.00 0.00109617
60.00 5.00 0.0010806
65.00 5.00 0.00038535
70.00 5.00 0.00021081
75.00 5.00 0.00019926
80.00 5.00 -0.000204
85.00 5.00 1.344e-05
90.00 5.00 0.00126945
95.00 5.00 0.0019455
100.00 5.00 0.00145647
105.00 5.00 0.00157974
110.00 5.00 0.00284337
115.00 5.00 0.00349065
120.00 5.00 0.00329238
125.00 5.00 0.00384534
130.00 5.00 0.00452997
135.00 5.00 0.00319845
140.00 5.00 0.00080517
145.00 5.00 0.00021843
150.00 5.00 0.00111075
155.00 5.00 0.00089136
160.00 5.00 -0.00051924
165.00 5.00 -0.00114876
170.00 5.00 -0.00065337
175.00 5.00 -0.00023817
180.00 5.00 -0.00053703
-180.00 10.00 0.0007572
-175.00 10.00 0.00018582
-170.00 10.00 -0.00092475
-165.00 10.00 -0.00117345
-160.00 10.00 -0.00020799
-155.00 10.00 0.00033261
-150.00 10.00 -0.00033288
-145.00 10.00 -0.00078096
-140.00 10.00 -0.00035691
-135.00 10.00 -0.00046491
-130.00 10.00 -0.00172002
-125.00 10.00 -0.00284055
-120.00 10.00 -0.00289971
-115.00 10.00 -0.00202623
-110.00 10.00 -0.00037551
-105.00 10.00 0.00132078
-100.00 10.00 0.00168186
-95.00 10.00 0.00089988
-90.00 10.00 0.00070614
-85.00 10.00 0.00121731
-80.00 10.00 0.00105294
-75.00 10.00 0.00066951
-70.00 10.00 0.00146121
-65.00 10.00 0.00206571
-60.00 10.00 0.00030063
-55.00 10.00 -0.00213237
-50.00 10.00 -0.00188436
-45.00 10.00 0.000237
-40.00 10.00 0.0006681
-35.00 10.00 -0.00088719
-30.00 10.00 -0.00153792
-25.00 10.00 -0.00032982
-20.00 10.00 0.00087987
-15.00 10.00 0.00106002
-10.00 10.00 0.00113604
-5.00 10.00 0.00169422
0.00 10.00 0.00201894
5.00 10.00 0.00156762
10.00 10.00 0.0009246
15.00 10.00 0.00096378
20.00 10.00 0.00164091
25.00 10.00 0.0018534
30.00 10.00 0.00059919
35.00 10.00 -0.00159402
40.00 10.00 -0.00277833
45.00 10.00 -0.0017205
50.00 10.00 0.0004095
55.00 10.00 0.00147828
60.00 10.00 0.0012219
65.00 10.00 0.00106542
70.00 10.00 0.00129888
75.00 10.00 0.00083916
80.00 10.00 3.162e-05
85.00 10.00 0.00059862
90.00 10.00 0.00212202
95.00 10.00 0.00209109
100.00 10.00 0.00035301
105.00 10.00 -0.0002718
110.00 10.00 0.00130908
115.00 10.00 0.00304254
120.00 10.00 0.00358779
125.00 10.00 0.00368658
130.00 10.00 0.00356688
135.00 10.00 0.00275022
140.00 10.00 0.00202713
145.00 10.00 0.00222822
150.00 10.00 0.00213111
155.00 10.00 0.00054399
160.00 10.00 -0.00123753
165.00 10.00 -0.00148671
170.00 10.00 -0.00053439
175.00 10.00 0.00041292
180.00 10.00 0.0007572
-180.00 15.00 0.00041886
-175.00 15.00 0.00100944
-170.00 15.00 0.00026478
-165.00 15.00 -0.00110766
-160.00 15.00 -0.00165648
-155.00 15.00 -0.00157563
-150.00 15.00 -0.00173469
-145.00 15.00 -0.001839
-140.00 15.00 -0.00143166
-135.00 15.00 -0.00102711
-130.00 15.00 -0.00098031
-125.00 15.00 -0.00089289
-120.00 15.00 -0.00061458
-115.00 15.00 -0.00029277
-110.00 15.00 0.0002484
-105.00 15.00 0.00091215
-100.00 15.00 0.00115491
-95.00 15.00 0.00116928
-90.00 15.00 0.0015225
-85.00 15.00 0.00154905
-80.00 15.00 0.00053391
-75.00 15.00 -0.00015216
-70.00 15.00 0.00076944
-65.00 15.00 0.00141936
-60.00 15.00 -0.00038781
-55.00 15.00 -0.00282303
-50.00 15.00 -0.00269505
-45.00 15.00 -0.00071652
-40.00 15.00 7.668e-05
-35.00 15.00 -0.00050751
-30.00 15.00 -0.0003105
-25.00 15.00 0.00094188
-20.00 15.00 0.00161388
-15.00 15.00 0.00138477
-10.00 15.00 0.00145119
-5.00 15.00 0.00205908
0.00 15.00 0.0020793
5.00 15.00 0.00091614
10.00 15.00 -0.0004764
15.00 15.00 -0.00065238
20.00 15.00 0.00054768
25.00 15.00 0.00142401
30.00 15.00 0.00021015
35.00 15.00 -0.00236538
40.00 15.00 -0.00343209
45.00 15.00 -0.00158334
50.00 15.00 0.00117828
55.00 15.00 0.00224133
60.00 15.00 0.00174528
65.00 15.00 0.00144333
70.00 15.00 0.00152505
75.00 15.00 0.00099141
80.00 15.00 0.00034086
85.00 15.00 0.00100395
90.00 15.00 0.00237468
95.00 15.00 0.00232374
100.00 15.00 0.00072528
105.00 15.00 -0.00026943
110.00 15.00 0.00044076
115.00 15.00 0.00177666
120.00 15.00 0.00255075
125.00 15.00 0.00256059
130.00 15.00 0.00210726
135.00 15.00 0.00202059
140.00 15.00 0.00304092
145.00 15.00 0.00409164
150.00 15.00 0.00311034
155.00 15.00 0.00038628
160.00 15.00 -0.00149037
165.00 15.00 -0.00147054
170.00 15.00 -0.00088017
175.00 15.00 -0.00040824
180.00 15.00 0.00041886
-180.00 20.00 -0.00072675
-175.00 20.00 -0.00011421
-170.00 20.00 -0.00067635
-165.00 20.00 -0.00207633
-160.00 20.00 -0.00260619
-155.00 20.00 -0.00212046
-150.00 20.00 -0.00190719
-145.00 20.00 -0.00220467
-140.00 20.00 -0.0020646
-135.00 20.00 -0.00117711
-130.00 20.00 -0.00022629
-125.00 20.00 0.00016791
-120.00 20.00 -2.742e-05
-115.00 20.00 -0.00043668
-110.00 20.00 -0.00064218
-105.00 20.00 -0.00049782
-100.00 20.00 6.471e-05
-95.00 20.00 0.00117984
-90.00 20.00 0.00226365
-85.00 20.00 0.0019617
-80.00 20.00 0.00024567
-75.00 20.00 -0.00074103
-70.00 20.00 0.00018006
-65.00 20.00 0.00095172
-60.00 20.00 -0.00047433
-55.00 20.00 -0.00259104
-50.00 20.00 -0.00281529
-45.00 20.00 -0.00152868
-40.00 20.00 -0.00070413
-35.00 20.00 -0.00039225
-30.00 20.00 0.00047211
-25.00 20.00 0.00139158
-20.00 20.00 0.00118218
-15.00 20.00 0.00027918
-10.00 20.00 -8.058e-05
-5.00 20.00 1.065e-05
0.00 20.00 -0.00042783
5.00 20.00 -0.00142758
10.00 20.00 -0.00195624
15.00 20.00 -0.00128193
20.00 20.00 0.00014856
25.00 20.00 0.00101193
30.00 20.00 0.00038628
35.00 20.00 -0.00097362
40.00 20.00 -0.00120105
45.00 20.00 0.00032349
50.00 20.00 0.0019902
55.00 20.00 0.00209412
60.00 20.00 0.00103305
65.00 20.00 0.00036
70.00 20.00 0.00053571
75.00 20.00 0.00090318
80.00 20.00 0.00120468
85.00 20.00 0.00171384
90.00 20.00 0.00223953
95.00 20.00 0.00222582
100.00 20.00 0.00161763
105.00 20.00 0.00082149
110.00 20.00 0.00022677
115.00 20.00 0.00020001
120.00 20.00 0.00075888
125.00 20.00 0.00113541
130.00 20.00 0.00088569
135.00 20.00 0.00112431
140.00 20.00 0.00275052
145.00 20.00 0.00403134
150.00 20.00 0.00264846
155.00 20.00 -0.00036957
160.00 20.00 -0.0019044
165.00 20.00 -0.00141114
170.00 20.00 -0.00092943
175.00 20.00 -0.00107931
180.00 20.00 -0.00072675
-180.00 25.00 -0.00148341
-175.00 25.00 -0.00178851
-170.00 25.00 -0.0023109
-165.00 25.00 -0.00259248
-160.00 25.00 -0.00175776
-155.00 25.00 -0.00050634
-150.00 25.00 -0.0003783
-145.00 25.00 -0.00122943
-140.00 25.00 -0.00143451
-135.00 25.00 -0.00049782
-130.00 25.00 0.00026637
-125.00 25.00 -0.00022287
-120.00 25.00 -0.00141708
-115.00 25.00 -0.0021231
-110.00 25.00 -0.00196389
-105.00 25.00 -0.00127686
-100.00 25.00 -0.00015036
-95.00 25.00 0.00141474
-90.00 25.00 0.00248208
-85.00 25.00 0.00175554
-80.00 25.00 -0.0002829
-75.00 25.00 -0.00137985
-70.00 25.00 -0.00061947
-65.00 25.00 0.00015441
-60.00 25.00 -0.00071808
-55.00 25.00 -0.00217191
-50.00 25.00 -0.00240108
-45.00 25.00 -0.0015924
-40.00 25.00 -0.00090471
-35.00 25.00 -0.00036192
-30.00 25.00 0.00042054
-25.00 25.00 0.00081912
-20.00 25.00 0.00020082
-15.00 25.00 -0.00079992
-10.00 25.00 -0.00132978
-5.00 25.00 -0.00156819
0.00 25.00 -0.00189204
5.00 25.00 -0.00188511
10.00 25.00 -0.00114981
15.00 25.00 -0.00020121
20.00 25.00 0.00027645
25.00 25.00 0.00040089
30.00 25.00 0.00073011
35.00 25.00 0.00143565
40.00 25.00 0.00221577
45.00 25.00 0.00263034
50.00 25.00 0.00230886
55.00 25.00 0.00120678
60.00 25.00 -0.00011829
65.00 25.00 -0.00071418
70.00 25.00 2.073e-05
75.00 25.00 0.00168663
80.00 25.00 0.00302793
85.00 25.00 0.00304416
90.00 25.00 0.00212478
95.00 25.00 0.00161475
100.00 25.00 0.00194304
105.00 25.00 0.00198186
110.00 25.00 0.00095409
115.00 25.00 -9.93e-05
120.00 25.00 5.1e-07
125.00 25.00 0.00057837
130.00 25.00 0.0005478
135.00 25.00 0.00065484
140.00 25.00 0.00195066
145.00 25.00 0.00307899
150.00 25.00 0.00193233
155.00 25.00 -0.00066654
160.00 25.00 -0.00192063
165.00 25.00 -0.00125058
170.00 25.00 -0.00060138
175.00 25.00 -0.00096006
180.00 25.00 -0.00148341
-180.00 30.00 -0.0014355
-175.00 30.00 -0.00211341
-170.00 30.00 -0.00237381
-165.00 30.00 -0.00170667
-160.00 30.00 -0.00021075
-155.00 30.00 0.000792
-150.00 30.00 0.00021624
-145.00 30.00 -0.00100275
-140.00 30.00 -0.00100353
-135.00 30.00 0.00029832
-130.00 30.00 0.00105375
-125.00 30.00 0.00013683
-120.00 30.00 -0.00137712
-115.00 30.00 -0.00182856
-110.00 30.00 -0.00097833
-105.00 30.00 0.00031434
-100.00 30.00 0.00154695
-95.00 30.00 0.00261816
-90.00 30.00 0.0029016
-85.00 30.00 0.00169104
-80.00 30.00 -0.00032412
-75.00 30.00 -0.00140754
-70.00 30.00 -0.00105318
-65.00 30.00 -0.00063603
-60.00 30.00 -0.00120867
-55.00 30.00 -0.00198972
-50.00 30.00 -0.00186015
-45.00 30.00 -0.00108357
-40.00 30.00 -0.00053715
-35.00 30.00 -0.00030975
-30.00 30.00 -6.909e-05
-25.00 30.00 5.835e-05
-20.00 30.00 -0.00014457
-15.00 30.00 -0.00045555
-10.00 30.00 -0.000663
-5.00 30.00 -0.000813
0.00 30.00 -0.00063996
5.00 30.00 0.0002946
10.00 30.00 0.00149022
15.00 30.00 0.00162486
20.00 30.00 0.00042525
25.00 30.00 -0.00054213
30.00 30.00 0.0002244
35.00 30.00 0.00215448
40.00 30.00 0.00336816
45.00 30.00 0.00298839
50.00 30.00 0.00178218
55.00 30.00 0.00072699
60.00 30.00 1.404e-05
65.00 30.00 -0.00027366
70.00 30.00 0.00042849
75.00 30.00 0.00216669
80.00 30.00 0.0035208
85.00 30.00 0.00296985
90.00 30.00 0.0011529
95.00 30.00 0.00038307
100.00 30.00 0.00153534
105.00 30.00 0.00285429
110.00 30.00 0.00263205
115.00 30.00 0.00156711
120.00 30.00 0.00117681
125.00 30.00 0.00128748
130.00 30.00 0.00091947
135.00 30.00 0.00055131
140.00 30.00 0.00129096
145.00 30.00 0.00243318
150.00 30.00 0.00214674
155.00 30.00 0.00039366
160.00 30.00 -0.00096273
165.00 30.00 -0.00096279
170.00 30.00 -0.00055794
175.00 30.00 -0.00075309
180.00 30.00 -0.0014355
-180.00 35.00 -0.00089052
-175.00 35.00 -0.00120507
-170.00 35.00 -0.00135561
-165.00 35.00 -0.00095487
-160.00 35.00 -0.00034365
-155.00 35.00 -0.00051807
-150.00 35.00 -0.00176841
-145.00 35.00 -0.00282612
-140.00 35.00 -0.00223569
-135.00 35.00 -0.00035094
-130.00 35.00 0.00099246
-125.00 35.00 0.00081429
-120.00 35.00 7.23e-05
-115.00 35.00 0.00017511
-110.00 35.00 0.00128457
-105.00 35.00 0.00259761
-100.00 35.00 0.00357582
-95.00 35.00 0.00409518
-90.00 35.00 0.00382806
-85.00 35.00 0.00248166
-80.00 35.00 0.00062568
-75.00 35.00 -0.00062793
-70.00 35.00 -0.00096699
-65.00 35.00 -0.00112899
-60.00 35.00 -0.00159222
-55.00 35.00 -0.00184974
-50.00 35.00 -0.00139215
-45.00 35.00 -0.00064854
-40.00 35.00 -0.00036588
-35.00 35.00 -0.00057987
-30.00 35.00 -0.00074304
-25.00 35.00 -0.00051648
-20.00 35.00 -3e-05
-15.00 35.00 0.00037869
-10.00 35.00 0.00048036
-5.00 35.00 0.00049953
0.00 35.00 0.00110589
5.00 35.00 0.00251367
10.00 35.00 0.00363825
15.00 35.00 0.00301203
20.00 35.00 0.00080973
25.00 35.00 -0.00091572
30.00 35.00 -0.00059763
35.00 35.00 0.00094704
40.00 35.00 0.00174402
45.00 35.00 0.00123504
50.00 35.00 0.00059469
55.00 35.00 0.00068376
60.00 35.00 0.00093633
65.00 35.00 0.00067929
70.00 35.00 0.00042342
75.00 35.00 0.00087201
80.00 35.00 0.001377
85.00 35.00 0.00072453
90.00 35.00 -0.0007116
95.00 35.00 -0.00103641
100.00 35.00 0.00057966
105.00 35.00 0.00265863
110.00 35.00 0.00345078
115.00 35.00 0.00306318
120.00 35.00 0.00258132
125.00 35.00 0.00212535
130.00 35.00 0.00118833
135.00 35.00 0.00024879
140.00 35.00 0.00041019
145.00 35.00 0.00152307
150.00 35.00 0.00209595
155.00 35.00 0.00129171
160.00 35.00 -9.774e-05
165.00 35.00 -0.00091857
170.00 35.00 -0.00097608
175.00 35.00 -0.00081519
180.00 35.00 -0.00089052
-180.00 40.00 -0.00034668
-175.00 40.00 -0.00048237
-170.00 40.00 -0.00098295
-165.00 40.00 -0.00143076
-160.00 40.00 -0.00180336
-155.00 40.00 -0.00248676
-150.00 40.00 -0.00349929
-145.00 40.00 -0.00408189
-140.00 40.00 -0.00349572
-135.00 40.00 -0.00204054
-130.00 40.00 -0.00077946
-125.00 40.00 -0.00027135
-120.00 40.00 -5.397e-05
-115.00 40.00 0.00053748
-110.00 40.00 0.00153288
-105.00 40.00 0.00254082
-100.00 40.00 0.00334677
-95.00 40.00 0.00387132
-90.00 40.00 0.00381405
-85.00 40.00 0.00288189
-80.00 40.00 0.00134748
-75.00 40.00 -6.69e-05
-70.00 40.00 -0.00092784
-65.00 40.00 -0.00135426
-60.00 40.00 -0.00151275
-55.00 40.00 -0.00131022
-50.00 40.00 -0.0007881
-45.00 40.00 -0.00041274
-40.00 40.00 -0.00060405
-35.00 40.00 -0.00114696
-30.00 40.00 -0.00137226
-25.00 40.00 -0.00088893
-20.00 40.00 1.791e-05
-15.00 40.00 0.0007083
-10.00 40.00 0.00088002
-5.00 40.00 0.00097041
0.00 40.00 0.00172332
5.00 40.00 0.00315216
10.00 40.00 0.00413196
15.00 40.00 0.00349407
20.00 40.00 0.00152889
25.00 40.00 -0.00015288
30.00 40.00 -0.00046881
35.00 40.00 -3.144e-05
40.00 40.00 -4.905e-05
45.00 40.00 -0.00056892
50.00 40.00 -0.00058713
55.00 40.00 0.00025329
60.00 40.00 0.00099972
65.00 40.00 0.00074697
70.00 40.00 -9.768e-05
75.00 40.00 -0.00054558
80.00 40.00 -0.00052167
85.00 40.00 -0.00076473
90.00 40.00 -0.00139242
95.00 40.00 -0.00152406
100.00 40.00 -0.00059004
105.00 40.00 0.00078345
110.00 40.00 0.00167451
115.00 40.00 0.00200829
120.00 40.00 0.00218526
125.00 40.00 0.00210099
130.00 40.00 0.00138345
135.00 40.00 0.00038637
140.00 40.00 4.965e-05
145.00 40.00 0.0006276
150.00 40.00 0.00123309
155.00 40.00 0.00093327
160.00 40.00 -0.00014436
165.00 40.00 -0.00107439
170.00 40.00 -0.0012078
175.00 40.00 -0.00073737
180.00 40.00 -0.00034668
-180.00 45.00 8.391e-05
-175.00 45.00 -0.00039555
-170.00 45.00 -0.00127755
-165.00 45.00 -0.00197922
-160.00 45.00 -0.00218793
-155.00 45.00 -0.00212301
-150.00 45.00 -0.00216465
-145.00 45.00 -0.00238866
-140.00 45.00 -0.00258192
-135.00 45.00 -0.00257661
-130.00 45.00 -0.00236697
-125.00 45.00 -0.0019509
-120.00 45.00 -0.00129261
-115.00 45.00 -0.00048891
-110.00 45.00 0.00022884
-105.00 45.00 0.00076272
-100.00 45.00 0.00125883
-95.00 45.00 0.00180624
-90.00 45.00 0.00215196
-85.00 45.00 0.00192015
-80.00 45.00 0.00109116
-75.00 45.00 9.507e-05
-70.00 45.00 -0.00057981
-65.00 45.00 -0.00074058
-60.00 45.00 -0.00048216
-55.00 45.00 -4.596e-05
-50.00 45.00 0.00023199
-45.00 45.00 3.9e-05
-40.00 45.00 -0.00062652
-35.00 45.00 -0.00131112
-30.00 45.00 -0.00142116
-25.00 45.00 -0.00076782
-20.00 45.00 0.0002307
-15.00 45.00 0.00094317
-10.00 45.00 0.00115239
-5.00 45.00 0.00127023
0.00 45.00 0.00184458
5.00 45.00 0.00282339
10.00 45.00 0.00345429
15.00 45.00 0.00307962
20.00 45.00 0.00193998
25.00 45.00 0.00092727
30.00 45.00 0.0005283
35.00 45.00 0.00033543
40.00 45.00 -0.00021759
45.00 45.00 -0.00094503
50.00 45.00 -0.00113541
55.00 45.00 -0.00058911
60.00 45.00 4.494e-05
65.00 45.00 0.00012462
70.00 45.00 -0.00017745
75.00 45.00 -0.00024477
80.00 45.00 4.449e-05
85.00 45.00 0.00017982
90.00 45.00 -0.00021954
95.00 45.00 -0.00091695
100.00 45.00 -0.0014343
105.00 45.00 -0.00155589
110.00 45.00 -0.00126018
115.00 45.00 -0.00048171
120.00 45.00 0.00069636
125.00 45.00 0.00177753
130.00 45.00 0.0021897
135.00 45.00 0.00192441
140.00 45.00 0.0015396
145.00 45.00 0.00144063
150.00 45.00 0.00141066
155.00 45.00 0.0010065
160.00 45.00 0.00023685
165.00 45.00 -0.00038001
170.00 45.00 -0.00041925
175.00 45.00 -5.946e-05
180.00 45.00 8.391e-05
-180.00 50.00 0.00063339
-175.00 50.00 -0.00025959
-170.00 50.00 -0.00117309
-165.00 50.00 -0.00154347
-160.00 50.00 -0.00113718
-155.00 50.00 -0.00031617
-150.00 50.00 0.00022749
-145.00 50.00 1.929e-05
-140.00 50.00 -0.00085185
-135.00 50.00 -0.00183129
-130.00 50.00 -0.00230223
-125.00 50.00 -0.00199248
-120.00 50.00 -0.0011385
-115.00 50.00 -0.00029931
-110.00 50.00 7.425e-05
-105.00 50.00 -1.911e-05
-100.00 50.00 -0.0001953
-95.00 50.00 -9.876e-05
-90.00 50.00 0.00026367
-85.00 50.00 0.00060159
-80.00 50.00 0.00069435
-75.00 50.00 0.00060513
-70.00 50.00 0.00056817
-65.00 50.00 0.00073422
-60.00 50.00 0.00103455
-55.00 50.00 0.00123006
-50.00 50.00 0.00107073
-45.00 50.00 0.00048216
-40.00 50.00 -0.00031797
-35.00 50.00 -0.00089844
-30.00 50.00 -0.00090141
-25.00 50.00 -0.00032928
-20.00 50.00 0.00044577
-15.00 50.00 0.00099771
-10.00 50.00 0.00120873
-5.00 50.00 0.00132021
0.00 50.00 0.00161049
5.00 50.00 0.00204117
10.00 50.00 0.00228336
15.00 50.00 0.00211539
20.00 50.00 0.00171102
25.00 50.00 0.00142857
30.00 50.00 0.00134091
35.00 50.00 0.00112302
40.00 50.00 0.00047997
45.00 50.00 -0.00042234
50.00 50.00 -0.00109014
55.00 50.00 -0.00122541
60.00 50.00 -0.00096663
65.00 50.00 -0.00059334
70.00 50.00 -0.00017025
75.00 50.00 0.00037761
80.00 50.00 0.00093342
85.00 50.00 0.00113265
90.00 50.00 0.0006924
95.00 50.00 -0.0002919
100.00 50.00 -0.00140109
105.00 50.00 -0.00214872
110.00 50.00 -0.00216939
115.00 50.00 -0.00132867
120.00 50.00 0.00016674
125.00 50.00 0.00178635
130.00 50.00 0.00296814
135.00 50.00 0.00348867
140.00 50.00 0.00352377
145.00 50.00 0.00334578
150.00 50.00 0.00304284
155.00 50.00 0.00257526
160.00 50.00 0.00201081
165.00 50.00 0.00155973
170.00 50.00 0.00133119
175.00 50.00 0.00113481
180.00 50.00 0.00063339
-180.00 55.00 0.0011985
-175.00 55.00 0.00023955
-170.00 55.00 -0.00047763
-165.00 55.00 -0.0006387
-160.00 55.00 -0.0002298
-155.00 55.00 0.00036441
-150.00 55.00 0.00058884
-145.00 55.00 0.00012411
-140.00 55.00 -0.00085011
-135.00 55.00 -0.00175527
-130.00 55.00 -0.00201657
-125.00 55.00 -0.00147444
-120.00 55.00 -0.00050175
-115.00 55.00 0.00026274
-110.00 55.00 0.0003687
-105.00 55.00 -0.00014691
-100.00 55.00 -0.00083481
-95.00 55.00 -0.0011943
-90.00 55.00 -0.00101058
-85.00 55.00 -0.0004206
-80.00 55.00 0.0002748
-75.00 55.00 0.00083898
-70.00 55.00 0.00118812
-65.00 55.00 0.00133473
-60.00 55.00 0.00129621
-55.00 55.00 0.00106347
-50.00 55.00 0.00064113
-45.00 55.00 0.00010773
-40.00 55.00 -0.00037257
-35.00 55.00 -0.00062154
-30.00 55.00 -0.00056364
-25.00 55.00 -0.00029085
-20.00 55.00 -2.1e-07
-15.00 55.00 0.00016155
-10.00 55.00 0.00021216
-5.00 55.00 0.00029487
0.00 55.00 0.00051939
5.00 55.00 0.00084501
10.00 55.00 0.00113175
15.00 55.00 0.00129906
20.00 55.00 0.00139926
25.00 55.00 0.00150627
30.00 55.00 0.00155352
35.00 55.00 0.00134097
40.00 55.00 0.00073974
45.00 55.00 -0.0001263
50.00 55.00 -0.00093396
55.00 55.00 -0.00139563
60.00 55.00 -0.00143043
65.00 55.00 -0.00113427
70.00 55.00 -0.00065115
75.00 55.00 -0.00011283
80.00 55.00 0.00034047
85.00 55.00 0.00056643
90.00 55.00 0.00049566
95.00 55.00 0.0001947
100.00 55.00 -0.00015936
105.00 55.00 -0.00036591
110.00 55.00 -0.00027918
115.00 55.00 0.00014391
120.00 55.00 0.00082314
125.00 55.00 0.00158454
130.00 55.00 0.00225537
135.00 55.00 0.0027615
140.00 55.00 0.00313302
145.00 55.00 0.00341493
150.00 55.00 0.0035919
155.00 55.00 0.00361134
160.00 55.00 0.00345627
165.00 55.00 0.00315495
170.00 55.00 0.00271173
175.00 55.00 0.00206961
180.00 55.00 0.0011985
-180.00 60.00 0.00135096
-175.00 60.00 0.00071571
-170.00 60.00 0.00029808
-165.00 60.00 0.00016857
-160.00 60.00 0.00022599
-155.00 60.00 0.00022329
-150.00 60.00 -8.34e-05
-145.00 60.00 -0.00074973
-140.00 60.00 -0.00156339
-135.00 60.00 -0.00215283
-130.00 60.00 -0.0022287
-125.00 60.00 -0.00179199
-120.00 60.00 -0.00115428
-115.00 60.00 -0.00074424
-110.00 60.00 -0.00083064
-105.00 60.00 -0.00135381
-100.00 60.00 -0.00197796
-95.00 60.00 -0.00231516
-90.00 60.00 -0.00215805
-85.00 60.00 -0.00157266
-80.00 60.00 -0.00081972
-75.00 60.00 -0.00018909
-70.00 60.00 0.00013833
-65.00 60.00 0.00013797
-60.00 60.00 -9.312e-05
-55.00 60.00 -0.00040656
-50.00 60.00 -0.00066645
-45.00 60.00 -0.00078972
-40.00 60.00 -0.00076314
-35.00 60.00 -0.00064143
-30.00 60.00 -0.00052341
-25.00 60.00 -0.00050463
-20.00 60.00 -0.0006192
-15.00 60.00 -0.00080397
-10.00 60.00 -0.00091938
-5.00 60.00 -0.00082659
0.00 60.00 -0.00047421
5.00 60.00 6.876e-05
10.00 60.00 0.00065847
15.00 60.00 0.00115791
20.00 60.00 0.00148551
25.00 60.00 0.00160167
30.00 60.00 0.00147471
35.00 60.00 0.00108537
40.00 60.00 0.00047472
45.00 60.00 -0.00022398
50.00 60.00 -0.00082413
55.00 60.00 -0.00117813
60.00 60.00 -0.001248
65.00 60.00 -0.0011001
70.00 60.00 -0.00083826
75.00 60.00 -0.00053559
80.00 60.00 -0.00020754
85.00 60.00 0.0001707
90.00 60.00 0.00062292
95.00 60.00 0.00112998
100.00 60.00 0.00160998
105.00 60.00 0.00193782
110.00 60.00 0.00200199
115.00 60.00 0.00176829
120.00 60.00 0.00131193
125.00 60.00 0.00080019
130.00 60.00 0.00043485
135.00 60.00 0.00037755
140.00 60.00 0.0006849
145.00 60.00 0.00128049
150.00 60.00 0.00198336
155.00 60.00 0.00258318
160.00 60.00 0.00291963
165.00 60.00 0.00292212
170.00 60.00 0.00260322
175.00 60.00 0.00203712
180.00 60.00 0.00135096
-180.00 65.00 0.00106434
-175.00 65.00 0.00089205
-170.00 65.00 0.00085623
-165.00 65.00 0.000924
-160.00 65.00 0.00098952
-155.00 65.00 0.00092199
-150.00 65.00 0.00063702
-145.00 65.00 0.0001524
-140.00 65.00 -0.00041025
-135.00 65.00 -0.00088869
-130.00 65.00 -0.00117456
-125.00 65.00 -0.00127929
-120.00 65.00 -0.00132462
-115.00 65.00 -0.00146007
-110.00 65.00 -0.00175968
-105.00 65.00 -0.00216642
-100.00 65.00 -0.00252108
-95.00 65.00 -0.00265647
-90.00 65.00 -0.00249609
-85.00 65.00 -0.00209694
-80.00 65.00 -0.00161622
-75.00 65.00 -0.00122724
-70.00 65.00 -0.0010359
-65.00 65.00 -0.00103992
-60.00 65.00 -0.0011445
-55.00 65.00 -0.00121866
-50.00 65.00 -0.00116115
-45.00 65.00 -0.00094632
-40.00 65.00 -0.0006327
-35.00 65.00 -0.00033318
-30.00 65.00 -0.0001602
-25.00 65.00 -0.00016983
-20.00 65.00 -0.00032907
-15.00 65.00 -0.00052413
-10.00 65.00 -0.00060858
-5.00 65.00 -0.00047001
0.00 65.00 -8.298e-05
5.00 65.00 0.00047814
10.00 65.00 0.00107055
15.00 65.00 0.00153906
20.00 65.00 0.00176754
25.00 65.00 0.00170682
30.00 65.00 0.00137814
35.00 65.00 0.00086127
40.00 65.00 0.00027405
45.00 65.00 -0.00025701
50.00 65.00 -0.00063255
55.00 65.00 -0.00081042
60.00 65.00 -0.00081252
65.00 65.00 -0.00070008
70.00 65.00 -0.00053004
75.00 65.00 -0.00031845
80.00 65.00 -3.507e-05
85.00 65.00 0.00036606
90.00 65.00 0.00089622
95.00 65.00 0.00149217
100.00 65.00 0.00201381
105.00 65.00 0.00228825
110.00 65.00 0.00218358
115.00 65.00 0.00167724
120.00 65.00 0.00088386
125.00 65.00 2.511e-05
130.00 65.00 -0.00064704
135.00 65.00 -0.00094155
140.00 65.00 -0.00079539
145.00 65.00 -0.00028896
150.00 65.00 0.00039351
155.00 65.00 0.00103884
160.00 65.00 0.00148044
165.00 65.00 0.00164523
170.00 65.00 0.00155976
175.00 65.00 0.00132342
180.00 65.00 0.00106437
-180.00 70.00 0.00063168
-175.00 70.00 0.00072525
-170.00 70.00 0.00094065
-165.00 70.00 0.00124044
-160.00 70.00 0.0015528
-155.00 70.00 0.00179763
-150.00 70.00 0.00191511
-145.00 70.00 0.00188352
-140.00 70.00 0.00171963
-135.00 70.00 0.00146235
-130.00 70.00 0.00114963
-125.00 70.00 0.00080325
-120.00 70.00 0.00042918
-115.00 70.00 3.231e-05
-110.00 70.00 -0.00036654
-105.00 70.00 -0.00072507
-100.00 70.00 -0.00099129
-95.00 70.00 -0.00112728
-90.00 70.00 -0.00113016
-85.00 70.00 -0.00103749
-80.00 70.00 -0.00091194
-75.00 70.00 -0.0008133
-70.00 70.00 -0.0007716
-65.00 70.00 -0.00077523
-60.00 70.00 -0.00077928
-55.00 70.00 -0.00072987
-50.00 70.00 -0.00059217
-45.00 70.00 -0.00036891
-40.00 70.00 -0.00010095
-35.00 70.00 0.00015072
-30.00 70.00 0.00033312
-25.00 70.00 0.00042654
-20.00 70.00 0.00045507
-15.00 70.00 0.00047709
-10.00 70.00 0.00055947
-5.00 70.00 0.00074685
0.00 70.00 0.00103938
5.00 70.00 0.00138813
10.00 70.00 0.00171027
15.00 70.00 0.00191658
20.00 70.00 0.00194103
25.00 70.00 0.00176148
30.00 70.00 0.00140526
35.00 70.00 0.0009393
40.00 70.00 0.00044883
45.00 70.00 1.206e-05
50.00 70.00 -0.0003201
55.00 70.00 -0.0005331
60.00 70.00 -0.00064332
65.00 70.00 -0.00068121
70.00 70.00 -0.00067167
75.00 70.00 -0.00062106
80.00 70.00 -0.00051816
85.00 70.00 -0.00034869
90.00 70.00 -0.00011547
95.00 70.00 0.00014739
100.00 70.00 0.00037644
105.00 70.00 0.0004992
110.00 70.00 0.00046503
115.00 70.00 0.00027207
120.00 70.00 -2.385e-05
125.00 70.00 -0.00032478
130.00 70.00 -0.00052548
135.00 70.00 -0.00055275
140.00 70.00 -0.00039273
145.00 70.00 -9.426e-05
150.00 70.00 0.00025176
155.00 70.00 0.00054813
160.00 70.00 0.00072717
165.00 70.00 0.00077286
170.00 70.00 0.00072255
175.00 70.00 0.00064914
180.00 70.00 0.00063168
-180.00 75.00 0.00011421
-175.00 75.00 0.0001812
-170.00 75.00 0.00034875
-165.00 75.00 0.00060186
-160.00 75.00 0.0009081
-155.00 75.00 0.0012258
-150.00 75.00 0.00151323
-145.00 75.00 0.00173607
-140.00 75.00 0.00187197
-135.00 75.00 0.00191166
-130.00 75.00 0.00185772
-125.00 75.00 0.00172188
-120.00 75.00 0.00152238
-115.00 75.00 0.00128166
-110.00 75.00 0.00102384
-105.00 75.00 0.00077142
-100.00 75.00 0.00054222
-95.00 75.00 0.00034626
-90.00 75.00 0.00018462
-85.00 75.00 5.07e-05
-80.00 75.00 -6.537e-05
-75.00 75.00 -0.00017124
-70.00 75.00 -0.0002679
-65.00 75.00 -0.00034806
-60.00 75.00 -0.00039852
-55.00 75.00 -0.00040542
-50.00 75.00 -0.00036036
-45.00 75.00 -0.000264
-40.00 75.00 -0.00012582
-35.00 75.00 3.978e-05
-30.00 75.00 0.0002196
-25.00 75.00 0.00040659
-20.00 75.00 0.00060168
-15.00 75.00 0.00081081
-10.00 75.00 0.00103923
-5.00 75.00 0.00128478
0.00 75.00 0.00153384
5.00 75.00 0.00176148
10.00 75.00 0.00193605
15.00 75.00 0.00202719
20.00 75.00 0.00201393
25.00 75.00 0.00189039
30.00 75.00 0.00166737
35.00 75.00 0.00136911
40.00 75.00 0.00102699
45.00 75.00 0.00067176
50.00 75.00 0.00032763
55.00 75.00 9.39e-06
60.00 75.00 -0.0002763
65.00 75.00 -0.00052755
70.00 75.00 -0.00074247
75.00 75.00 -0.0009165
80.00 75.00 -0.00104241
85.00 75.00 -0.00111309
90.00 75.00 -0.00112545
95.00 75.00 -0.00108303
100.00 75.00 -0.00099606
105.00 75.00 -0.00087852
110.00 75.00 -0.00074322
115.00 75.00 -0.00059787
120.00 75.00 -0.00044388
125.00 75.00 -0.00027879
130.00 75.00 -0.00010161
135.00 75.00 8.208e-05
140.00 75.00 0.00025725
145.00 75.00 0.00040131
150.00 75.00 0.0004908
155.00 75.00 0.00051
160.00 75.00 0.00045861
165.00 75.00 0.00035523
170.00 75.00 0.00023496
175.00 75.00 0.00014112
180.00 75.00 0.00011421
-180.00 80.00 -0.00032706
-175.00 80.00 -0.00038271
-170.00 80.00 -0.0003927
-165.00 80.00 -0.00035787
-160.00 80.00 -0.00028479
-155.00 80.00 -0.00018447
-150.00 80.00 -7.056e-05
-145.00 80.00 4.272e-05
-140.00 80.00 0.00014244
-135.00 80.00 0.00021846
-130.00 80.00 0.000264
-125.00 80.00 0.00027609
-120.00 80.00 0.00025521
-115.00 80.00 0.00020463
-110.00 80.00 0.00012945
-105.00 80.00 3.564e-05
-100.00 80.00 -7.068e-05
-95.00 80.00 -0.00018372
-90.00 80.00 -0.00029844
-85.00 80.00 -0.00041028
-80.00 80.00 -0.00051477
-75.00 80.00 -0.00060705
-70.00 80.00 -0.00068178
-65.00 80.00 -0.00073335
-60.00 80.00 -0.0007563
-55.00 80.00 -0.00074571
-50.00 80.00 -0.00069801
-45.00 80.00 -0.00061152
-40.00 80.00 -0.00048654
-35.00 80.00 -0.00032532
-30.00 80.00 -0.00013143
-25.00 80.00 9.027e-05
-20.00 80.00 0.00033363
-15.00 80.00 0.00059148
-10.00 80.00 0.0008553
-5.00 80.00 0.00111528
0.00 80.00 0.00136032
5.00 80.00 0.00157866
10.00 80.00 0.0017589
15.00 80.00 0.00189132
20.00 80.00 0.00196896
25.00 80.00 0.00198831
30.00 80.00 0.00194991
35.00 80.00 0.00185784
40.00 80.00 0.00171921
45.00 80.00 0.00154293
50.00 80.00 0.00133902
55.00 80.00 0.00111774
60.00 80.00 0.00088932
65.00 80.00 0.00066363
70.00 80.00 0.00045027
75.00 80.00 0.00025827
80.00 80.00 9.576e-05
85.00 80.00 -3.069e-05
90.00 80.00 -0.00011643
95.00 80.00 -0.00015948
100.00 80.00 -0.00016074
105.00 80.00 -0.00012414
110.00 80.00 -5.634e-05
115.00 80.00 3.381e-05
120.00 80.00 0.00013575
125.00 80.00 0.00023775
130.00 80.00 0.00032772
135.00 80.00 0.00039429
140.00 80.00 0.00042792
145.00 80.00 0.00042204
150.00 80.00 0.00037425
155.00 80.00 0.00028722
160.00 80.00 0.00016914
165.00 80.00 3.267e-05
170.00 80.00 -0.00010632
175.00 80.00 -0.00023124
180.00 80.00 -0.00032706
-180.00 85.00 -0.00021528
-175.00 85.00 -0.00030294
-170.00 85.00 -0.00038211
-165.00 85.00 -0.00045192
-160.00 85.00 -0.00051153
-155.00 85.00 -0.00056079
-150.00 85.00 -0.0006006
-145.00 85.00 -0.00063282
-140.00 85.00 -0.00065952
-135.00 85.00 -0.00068214
-130.00 85.00 -0.00070149
-125.00 85.00 -0.00071802
-120.00 85.00 -0.0007326
-115.00 85.00 -0.00074613
-110.00 85.00 -0.00075903
-105.00 85.00 -0.00077076
-100.00 85.00 -0.00077982
-95.00 85.00 -0.00078462
-90.00 85.00 -0.00078393
-85.00 85.00 -0.00077691
-80.00 85.00 -0.00076251
-75.00 85.00 -0.00073899
-70.00 85.00 -0.00070425
-65.00 85.00 -0.00065658
-60.00 85.00 -0.00059499
-55.00 85.00 -0.00051936
-50.00 85.00 -0.00042969
-45.00 85.00 -0.00032586
-40.00 85.00 -0.00020787
-35.00 85.00 -7.641e-05
-30.00 85.00 6.663e-05
-25.00 85.00 0.00021861
-20.00 85.00 0.00037656
-15.00 85.00 0.00053763
-10.00 85.00 0.00069906
-5.00 85.00 0.00085773
0.00 85.00 0.00100998
5.00 85.00 0.001152
10.00 85.00 0.00128037
15.00 85.00 0.0013926
20.00 85.00 0.00148704
25.00 85.00 0.00156258
30.00 85.00 0.00161838
35.00 85.00 0.00165402
40.00 85.00 0.00166977
45.00 85.00 0.00166701
50.00 85.00 0.00164796
55.00 85.00 0.00161514
60.00 85.00 0.00157104
65.00 85.00 0.00151785
70.00 85.00 0.00145776
75.00 85.00 0.00139323
80.00 85.00 0.0013269
85.00 85.00 0.00126093
90.00 85.00 0.0011967
95.00 85.00 0.00113469
100.00 85.00 0.00107472
105.00 85.00 0.0010164
110.00 85.00 0.0009594
115.00 85.00 0.00090288
120.00 85.00 0.00084546
125.00 85.00 0.00078504
130.00 85.00 0.00071958
135.00 85.00 0.00064761
140.00 85.00 0.00056868
145.00 85.00 0.00048303
150.00 85.00 0.00039105
155.00 85.00 0.00029328
160.00 85.00 0.00019083
165.00 85.00 8.577e-05
170.00 85.00 -1.89e-05
175.00 85.00 -0.00012009
180.00 85.00 -0.00021528
-180.00 90.00 0.00042837
-175.00 90.00 0.00042837
-170.00 90.00 0.00042837
-165.00 90.00 0.00042837
-160.00 90.00 0.00042837
-155.00 90.00 0.00042837
-150.00 90.00 0.00042837
-145.00 90.00 0.00042837
-140.00 90.00 0.00042837
-135.00 90.00 0.00042837
-130.00 90.00 0.00042837
-125.00 90.00 0.00042837
-120.00 90.00 0.00042837
-115.00 90.00 0.00042837
-110.00 90.00 0.00042837
-105.00 90.00 0.00042837
-100.00 90.00 0.00042837
-95.00 90.00 0.00042837
-90.00 90.00 0.00042837
-85.00 90.00 0.00042837
-80.00 90.00 0.00042837
-75.00 90.00 0.00042837
-70.00 90.00 0.00042837
-65.00 90.00 0.00042837
-60.00 90.00 0.00042837
-55.00 90.00 0.00042837
-50.00 90.00 0.00042837
-45.00 90.00 0.00042837
-40.00 90.00 0.00042837
-35.00 90.00 0.00042837
-30.00 90.00 0.00042837
-25.00 90.00 0.00042837
-20.00 90.00 0.00042837
-15.00 90.00 0.00042837
-10.00 90.00 0.00042837
-5.00 90.00 0.00042837
0.00 90.00 0.00042837
5.00 90.00 0.00042837
10.00 90.00 0.00042837
15.00 90.00 0.00042837
20.00 90.00 0.00042837
25.00 90.00 0.00042837
30.00 90.00 0.00042837
35.00 90.00 0.00042837
40.00 90.00 0.00042837
45.00 90.00 0.00042837
50.00 90.00 0.00042837
55.00 90.00 0.00042837
60.00 90.00 0.00042837
65.00 90.00 0.00042837
70.00 90.00 0.00042837
75.00 90.00 0.00042837
80.00 90.00 0.00042837
85.00 90.00 0.00042837
90.00 90.00 0.00042837
95.00 90.00 0.00042837
100.00 90.00 0.00042837
105.00 90.00 0.00042837
110.00 90.00 0.00042837
115.00 90.00 0.00042837
120.00 90.00 0.00042837
125.00 90.00 0.00042837
130.00 90.00 0.00042837
135.00 90.00 0.00042837
140.00 90.00 0.00042837
145.00 90.00 0.00042837
150.00 90.00 0.00042837
155.00 90.00 0.00042837
160.00 90.00 0.00042837
165.00 90.00 0.00042837
170.00 90.00 0.00042837
175.00 90.00 0.00042837
180.00 90.00 0.00042837
