-180.00 -90.00 0.0010878
-175.00 -90.00 0.0010879
-170.00 -90.00 0.0010879
-165.00 -90.00 0.0010879
-160.00 -90.00 0.0010879
-155.00 -90.00 0.0010878
-150.00 -90.00 0.0010878
-145.00 -90.00 0.0010877
-140.00 -90.00 0.0010876
-135.00 -90.00 0.0010875
-130.00 -90.00 0.0010873
-125.00 -90.00 0.0010872
-120.00 -90.00 0.0010871
-115.00 -90.00 0.0010869
-110.00 -90.00 0.0010868
-105.00 -90.00 0.0010867
-100.00 -90.00 0.0010866
-95.00 -90.00 0.0010865
-90.00 -90.00 0.0010864
-85.00 -90.00 0.0010864
-80.00 -90.00 0.0010864
-75.00 -90.00 0.0010863
-70.00 -90.00 0.0010864
-65.00 -90.00 0.0010864
-60.00 -90.00 0.0010865
-55.00 -90.00 0.0010866
-50.00 -90.00 0.0010867
-45.00 -90.00 0.0010868
-40.00 -90.00 0.0010869
-35.00 -90.00 0.001087
-30.00 -90.00 0.0010872
-25.00 -90.00 0.0010873
-20.00 -90.00 0.0010874
-15.00 -90.00 0.0010875
-10.00 -90.00 0.0010876
-5.00 -90.00 0.0010877
0.00 -90.00 0.0010878
5.00 -90.00 0.0010879
10.00 -90.00 0.0010879
15.00 -90.00 0.0010879
20.00 -90.00 0.0010879
25.00 -90.00 0.0010878
30.00 -90.00 0.0010878
35.00 -90.00 0.0010877
40.00 -90.00 0.0010876
45.00 -90.00 0.0010875
50.00 -90.00 0.0010873
55.00 -90.00 0.0010872
60.00 -90.00 0.0010871
65.00 -90.00 0.0010869
70.00 -90.00 0.0010868
75.00 -90.00 0.0010867
80.00 -90.00 0.0010866
85.00 -90.00 0.0010865
90.00 -90.00 0.0010864
95.00 -90.00 0.0010864
100.00 -90.00 0.0010864
105.00 -90.00 0.0010864
110.00 -90.00 0.0010864
115.00 -90.00 0.0010864
120.00 -90.00 0.0010865
125.00 -90.00 0.0010866
130.00 -90.00 0.0010867
135.00 -90.00 0.0010868
140.00 -90.00 0.0010869
145.00 -90.00 0.001087
150.00 -90.00 0.0010872
155.00 -90.00 0.0010873
160.00 -90.00 0.0010874
165.00 -90.00 0.0010875
170.00 -90.00 0.0010877
175.00 -90.00 0.0010877
180.00 -90.00 0.0010878
-180.00 -85.00 0.0010184
-175.00 -85.00 0.000949
-170.00 -85.00 0.0008678
-165.00 -85.00 0.0007765
-160.00 -85.00 0.0006765
-155.00 -85.00 0.0005693
-150.00 -85.00 0.0004561
-145.00 -85.00 0.0003382
-140.00 -85.00 0.000216
-135.00 -85.00 8.96e-05
-130.00 -85.00 -4.09e-05
-125.00 -85.00 -0.0001751
-120.00 -85.00 -0.0003115
-115.00 -85.00 -0.0004488
-110.00 -85.00 -0.0005851
-105.00 -85.00 -0.0007183
-100.00 -85.00 -0.0008453
-95.00 -85.00 -0.0009625
-90.00 -85.00 -0.0010656
-85.00 -85.00 -0.0011512
-80.00 -85.00 -0.0012161
-75.00 -85.00 -0.0012573
-70.00 -85.00 -0.0012715
-65.00 -85.00 -0.0012561
-60.00 -85.00 -0.0012092
-55.00 -85.00 -0.0011299
-50.00 -85.00 -0.0010183
-45.00 -85.00 -0.0008752
-40.00 -85.00 -0.0007021
-35.00 -85.00 -0.0005021
-30.00 -85.00 -0.0002797
-25.00 -85.00 -4.07e-05
-20.00 -85.00 0.0002082
-15.00 -85.00 0.0004597
-10.00 -85.00 0.000706
-5.00 -85.00 0.000939
0.00 -85.00 0.0011517
5.00 -85.00 0.0013376
10.00 -85.00 0.0014919
15.00 -85.00 0.0016112
20.00 -85.00 0.0016937
25.00 -85.00 0.0017396
30.00 -85.00 0.001751
35.00 -85.00 0.0017317
40.00 -85.00 0.0016861
45.00 -85.00 0.0016193
50.00 -85.00 0.0015368
55.00 -85.00 0.0014448
60.00 -85.00 0.0013493
65.00 -85.00 0.0012554
70.00 -85.00 0.0011671
75.00 -85.00 0.0010876
80.00 -85.00 0.0010192
85.00 -85.00 0.0009641
90.00 -85.00 0.0009235
95.00 -85.00 0.0008972
100.00 -85.00 0.0008843
105.00 -85.00 0.0008835
110.00 -85.00 0.0008938
115.00 -85.00 0.000914
120.00 -85.00 0.0009422
125.00 -85.00 0.0009759
130.00 -85.00 0.0010125
135.00 -85.00 0.0010497
140.00 -85.00 0.0010851
145.00 -85.00 0.001116
150.00 -85.00 0.0011396
155.00 -85.00 0.0011531
160.00 -85.00 0.0011546
165.00 -85.00 0.0011425
170.00 -85.00 0.0011159
175.00 -85.00 0.0010744
180.00 -85.00 0.0010184
-180.00 -80.00 0.0003513
-175.00 -80.00 0.000187
-170.00 -80.00 -5.3e-06
-165.00 -80.00 -0.0002043
-160.00 -80.00 -0.0003897
-155.00 -80.00 -0.0005459
-150.00 -80.00 -0.0006686
-145.00 -80.00 -0.0007637
-140.00 -80.00 -0.000843
-135.00 -80.00 -0.0009214
-130.00 -80.00 -0.0010172
-125.00 -80.00 -0.0011489
-120.00 -80.00 -0.0013279
-115.00 -80.00 -0.0015552
-110.00 -80.00 -0.0018237
-105.00 -80.00 -0.0021215
-100.00 -80.00 -0.0024318
-95.00 -80.00 -0.002734
-90.00 -80.00 -0.0030103
-85.00 -80.00 -0.0032516
-80.00 -80.00 -0.0034559
-75.00 -80.00 -0.003624
-70.00 -80.00 -0.0037583
-65.00 -80.00 -0.0038625
-60.00 -80.00 -0.0039375
-55.00 -80.00 -0.0039746
-50.00 -80.00 -0.0039567
-45.00 -80.00 -0.0038637
-40.00 -80.00 -0.0036771
-35.00 -80.00 -0.0033804
-30.00 -80.00 -0.0029631
-25.00 -80.00 -0.0024275
-20.00 -80.00 -0.0017917
-15.00 -80.00 -0.0010857
-10.00 -80.00 -0.0003457
-5.00 -80.00 0.0003867
0.00 -80.00 0.001067
5.00 -80.00 0.0016553
10.00 -80.00 0.0021234
15.00 -80.00 0.0024551
20.00 -80.00 0.0026438
25.00 -80.00 0.002693
30.00 -80.00 0.002618
35.00 -80.00 0.0024428
40.00 -80.00 0.0021926
45.00 -80.00 0.0018912
50.00 -80.00 0.0015625
55.00 -80.00 0.0012292
60.00 -80.00 0.0009085
65.00 -80.00 0.0006105
70.00 -80.00 0.0003417
75.00 -80.00 0.0001075
80.00 -80.00 -9.04e-05
85.00 -80.00 -0.0002558
90.00 -80.00 -0.0003945
95.00 -80.00 -0.00051
100.00 -80.00 -0.0006046
105.00 -80.00 -0.0006814
110.00 -80.00 -0.000741
115.00 -80.00 -0.0007785
120.00 -80.00 -0.0007843
125.00 -80.00 -0.0007501
130.00 -80.00 -0.0006713
135.00 -80.00 -0.0005459
140.00 -80.00 -0.0003767
145.00 -80.00 -0.0001759
150.00 -80.00 3.5e-05
155.00 -80.00 0.0002306
160.00 -80.00 0.000388
165.00 -80.00 0.0004878
170.00 -80.00 0.0005154
175.00 -80.00 0.0004668
180.00 -80.00 0.0003513
-180.00 -75.00 0.000116
-175.00 -75.00 -0.0002604
-170.00 -75.00 -0.0006827
-165.00 -75.00 -0.0010642
-160.00 -75.00 -0.0013381
-155.00 -75.00 -0.0014675
-150.00 -75.00 -0.0014453
-145.00 -75.00 -0.0012911
-140.00 -75.00 -0.0010484
-135.00 -75.00 -0.0007819
-130.00 -75.00 -0.0005668
-125.00 -75.00 -0.0004725
-120.00 -75.00 -0.0005483
-115.00 -75.00 -0.0008083
-110.00 -75.00 -0.0012223
-105.00 -75.00 -0.0017192
-100.00 -75.00 -0.002206
-95.00 -75.00 -0.0025915
-90.00 -75.00 -0.0028118
-85.00 -75.00 -0.0028506
-80.00 -75.00 -0.0027481
-75.00 -75.00 -0.0025891
-70.00 -75.00 -0.0024791
-65.00 -75.00 -0.002515
-60.00 -75.00 -0.002757
-55.00 -75.00 -0.0032084
-50.00 -75.00 -0.0038137
-45.00 -75.00 -0.0044721
-40.00 -75.00 -0.0050594
-35.00 -75.00 -0.0054539
-30.00 -75.00 -0.0055628
-25.00 -75.00 -0.0053389
-20.00 -75.00 -0.0047865
-15.00 -75.00 -0.0039573
-10.00 -75.00 -0.0029413
-5.00 -75.00 -0.0018473
0.00 -75.00 -0.000783
5.00 -75.00 0.0001598
10.00 -75.00 0.0009163
15.00 -75.00 0.0014552
20.00 -75.00 0.0017781
25.00 -75.00 0.0019113
30.00 -75.00 0.0018979
35.00 -75.00 0.0017889
40.00 -75.00 0.001631
45.00 -75.00 0.0014571
50.00 -75.00 0.0012838
55.00 -75.00 0.0011117
60.00 -75.00 0.0009292
65.00 -75.00 0.0007201
70.00 -75.00 0.0004735
75.00 -75.00 0.0001875
80.00 -75.00 -0.0001343
85.00 -75.00 -0.0004859
90.00 -75.00 -0.0008633
95.00 -75.00 -0.0012687
100.00 -75.00 -0.0017097
105.00 -75.00 -0.0021889
110.00 -75.00 -0.0026934
115.00 -75.00 -0.0031904
120.00 -75.00 -0.0036249
125.00 -75.00 -0.003925
130.00 -75.00 -0.0040187
135.00 -75.00 -0.0038563
140.00 -75.00 -0.003427
145.00 -75.00 -0.0027677
150.00 -75.00 -0.0019643
155.00 -75.00 -0.0011367
160.00 -75.00 -0.0004107
165.00 -75.00 0.0001105
170.00 -75.00 0.0003667
175.00 -75.00 0.0003526
180.00 -75.00 0.000116
-180.00 -70.00 3.5e-05
-175.00 -70.00 -0.0005651
-170.00 -70.00 -0.0010144
-165.00 -70.00 -0.0012325
-160.00 -70.00 -0.0012344
-155.00 -70.00 -0.0010789
-150.00 -70.00 -0.0008144
-145.00 -70.00 -0.0004567
-140.00 -70.00 -8.3e-06
-135.00 -70.00 0.0005002
-130.00 -70.00 0.0009825
-125.00 -70.00 0.0013057
-120.00 -70.00 0.0013357
-115.00 -70.00 0.0009983
-110.00 -70.00 0.000325
-105.00 -70.00 -0.0005364
-100.00 -70.00 -0.0013545
-95.00 -70.00 -0.0018787
-90.00 -70.00 -0.0019193
-85.00 -70.00 -0.0014156
-80.00 -70.00 -0.0004695
-75.00 -70.00 0.0006728
-70.00 -70.00 0.0016897
-65.00 -70.00 0.0022798
-60.00 -70.00 0.0022499
-55.00 -70.00 0.0015623
-50.00 -70.00 0.0003293
-45.00 -70.00 -0.0012329
-40.00 -70.00 -0.0028681
-35.00 -70.00 -0.0043358
-30.00 -70.00 -0.0054499
-25.00 -70.00 -0.0060992
-20.00 -70.00 -0.0062553
-15.00 -70.00 -0.005969
-10.00 -70.00 -0.0053538
-5.00 -70.00 -0.0045573
0.00 -70.00 -0.0037263
5.00 -70.00 -0.0029765
10.00 -70.00 -0.0023768
15.00 -70.00 -0.0019479
20.00 -70.00 -0.0016705
25.00 -70.00 -0.0014968
30.00 -70.00 -0.0013602
35.00 -70.00 -0.0011877
40.00 -70.00 -0.000918
45.00 -70.00 -0.0005242
50.00 -70.00 -3.34e-05
55.00 -70.00 0.0004715
60.00 -70.00 0.0008735
65.00 -70.00 0.0010617
70.00 -70.00 0.0009727
75.00 -70.00 0.000612
80.00 -70.00 4.44e-05
85.00 -70.00 -0.0006416
90.00 -70.00 -0.0013753
95.00 -70.00 -0.0021302
100.00 -70.00 -0.0029222
105.00 -70.00 -0.0037826
110.00 -70.00 -0.0047197
115.00 -70.00 -0.0056873
120.00 -70.00 -0.0065733
125.00 -70.00 -0.0072154
130.00 -70.00 -0.0074404
135.00 -70.00 -0.0071174
140.00 -70.00 -0.0062105
145.00 -70.00 -0.0048106
150.00 -70.00 -0.0031336
155.00 -70.00 -0.0014757
160.00 -70.00 -0.0001359
165.00 -70.00 0.0006719
170.00 -70.00 0.0008839
175.00 -70.00 0.0005997
180.00 -70.00 3.5e-05
-180.00 -65.00 -0.0024617
-175.00 -65.00 -0.0030147
-170.00 -65.00 -0.0026729
-165.00 -65.00 -0.001657
-160.00 -65.00 -0.0004661
-155.00 -65.00 0.0004193
-150.00 -65.00 0.0007994
-145.00 -65.00 0.0008178
-140.00 -65.00 0.0008039
-135.00 -65.00 0.0010238
-130.00 -65.00 0.0015101
-125.00 -65.00 0.0020629
-120.00 -65.00 0.002388
-115.00 -65.00 0.0022614
-110.00 -65.00 0.0016306
-105.00 -65.00 0.0006308
-100.00 -65.00 -0.0004564
-95.00 -65.00 -0.0012734
-90.00 -65.00 -0.0014832
-85.00 -65.00 -0.0008902
-80.00 -65.00 0.0004537
-75.00 -65.00 0.0022257
-70.00 -65.00 0.0039348
-65.00 -65.00 0.0051145
-60.00 -65.00 0.0055024
-55.00 -65.00 0.0051008
-50.00 -65.00 0.0040999
-45.00 -65.00 0.0027367
-40.00 -65.00 0.001194
-35.00 -65.00 -0.0004075
-30.00 -65.00 -0.0019567
-25.00 -65.00 -0.0033143
-20.00 -65.00 -0.0043365
-15.00 -65.00 -0.0049407
-10.00 -65.00 -0.0051548
-5.00 -65.00 -0.0051023
0.00 -65.00 -0.004935
5.00 -65.00 -0.0047623
10.00 -65.00 -0.0046263
15.00 -65.00 -0.0045249
20.00 -65.00 -0.0044499
25.00 -65.00 -0.0043985
30.00 -65.00 -0.00435
35.00 -65.00 -0.004236
40.00 -65.00 -0.0039442
45.00 -65.00 -0.0033737
50.00 -65.00 -0.0025157
55.00 -65.00 -0.0015036
60.00 -65.00 -0.0005859
65.00 -65.00 -2.28e-05
70.00 -65.00 3.95e-05
75.00 -65.00 -0.000364
80.00 -65.00 -0.0010513
85.00 -65.00 -0.001806
90.00 -65.00 -0.002494
95.00 -65.00 -0.0031123
100.00 -65.00 -0.0037503
105.00 -65.00 -0.0045016
110.00 -65.00 -0.0053811
115.00 -65.00 -0.0062917
120.00 -65.00 -0.0070444
125.00 -65.00 -0.007416
130.00 -65.00 -0.0072193
135.00 -65.00 -0.0063648
140.00 -65.00 -0.0049031
145.00 -65.00 -0.0030391
150.00 -65.00 -0.0011143
155.00 -65.00 0.0004545
160.00 -65.00 0.0012837
165.00 -65.00 0.0011663
170.00 -65.00 0.0001951
175.00 -65.00 -0.0012152
180.00 -65.00 -0.0024617
-180.00 -60.00 -0.0062883
-175.00 -60.00 -0.0064611
-170.00 -60.00 -0.0047896
-165.00 -60.00 -0.0019922
-160.00 -60.00 0.0006303
-155.00 -60.00 0.0019696
-150.00 -60.00 0.001763
-145.00 -60.00 0.0006501
-140.00 -60.00 -0.0003694
-135.00 -60.00 -0.0006213
-130.00 -60.00 -8.47e-05
-125.00 -60.00 0.0007889
-120.00 -60.00 0.0015085
-115.00 -60.00 0.0018421
-110.00 -60.00 0.0018049
-105.00 -60.00 0.0014744
-100.00 -60.00 0.0008915
-95.00 -60.00 0.000153
-90.00 -60.00 -0.0004594
-85.00 -60.00 -0.0005385
-80.00 -60.00 0.0001703
-75.00 -60.00 0.0015121
-70.00 -60.00 0.0029607
-65.00 -60.00 0.0039698
-60.00 -60.00 0.0043432
-55.00 -60.00 0.0042979
-50.00 -60.00 0.0041754
-45.00 -60.00 0.0040808
-40.00 -60.00 0.0037809
-35.00 -60.00 0.0029379
-30.00 -60.00 0.0014525
-25.00 -60.00 -0.0003894
-20.00 -60.00 -0.0020795
-15.00 -60.00 -0.0032104
-10.00 -60.00 -0.0037009
-5.00 -60.00 -0.003771
0.00 -60.00 -0.003727
5.00 -60.00 -0.0037467
10.00 -60.00 -0.0038231
15.00 -60.00 -0.0038687
20.00 -60.00 -0.003858
25.00 -60.00 -0.0038766
30.00 -60.00 -0.0040411
35.00 -60.00 -0.0043659
40.00 -60.00 -0.0046937
45.00 -60.00 -0.0047643
50.00 -60.00 -0.0043909
55.00 -60.00 -0.0036249
60.00 -60.00 -0.0027668
65.00 -60.00 -0.0021849
70.00 -60.00 -0.0020586
75.00 -60.00 -0.0022499
80.00 -60.00 -0.0024195
85.00 -60.00 -0.0023029
90.00 -60.00 -0.0019234
95.00 -60.00 -0.0015756
100.00 -60.00 -0.0016054
105.00 -60.00 -0.0021624
110.00 -60.00 -0.003092
115.00 -60.00 -0.0040087
120.00 -60.00 -0.004477
125.00 -60.00 -0.0042001
130.00 -60.00 -0.0031392
135.00 -60.00 -0.001525
140.00 -60.00 0.0002426
145.00 -60.00 0.0017515
150.00 -60.00 0.0026952
155.00 -60.00 0.0028808
160.00 -60.00 0.0021756
165.00 -60.00 0.0005241
170.00 -60.00 -0.0018919
175.00 -60.00 -0.0044774
180.00 -60.00 -0.0062883
-180.00 -55.00 -0.0060346
-175.00 -55.00 -0.0059675
-170.00 -55.00 -0.0038695
-165.00 -55.00 -0.0005669
-160.00 -55.00 0.0020764
-155.00 -55.00 0.0025354
-150.00 -55.00 0.0008064
-145.00 -55.00 -0.0016661
-140.00 -55.00 -0.0032067
-135.00 -55.00 -0.0031499
-130.00 -55.00 -0.0020879
-125.00 -55.00 -0.0010846
-120.00 -55.00 -0.0006805
-115.00 -55.00 -0.0005637
-110.00 -55.00 -9.72e-05
-105.00 -55.00 0.0008866
-100.00 -55.00 0.0018295
-95.00 -55.00 0.0019936
-90.00 -55.00 0.0012626
-85.00 -55.00 0.0003522
-80.00 -55.00 0.0001658
-75.00 -55.00 0.0009356
-70.00 -55.00 0.0020369
-65.00 -55.00 0.002659
-60.00 -55.00 0.0026128
-55.00 -55.00 0.0024351
-50.00 -55.00 0.0027233
-45.00 -55.00 0.0034282
-40.00 -55.00 0.0038243
-35.00 -55.00 0.0031602
-30.00 -55.00 0.0013459
-25.00 -55.00 -0.0009282
-20.00 -55.00 -0.0026899
-15.00 -55.00 -0.0033474
-10.00 -55.00 -0.0030052
-5.00 -55.00 -0.0022639
0.00 -55.00 -0.0017334
5.00 -55.00 -0.0016545
10.00 -55.00 -0.001875
15.00 -55.00 -0.0021067
20.00 -55.00 -0.0021956
25.00 -55.00 -0.0022051
30.00 -55.00 -0.0023168
35.00 -55.00 -0.0026701
40.00 -55.00 -0.0032379
45.00 -55.00 -0.0038049
50.00 -55.00 -0.0040953
55.00 -55.00 -0.0040042
60.00 -55.00 -0.0037263
65.00 -55.00 -0.0035882
70.00 -55.00 -0.003672
75.00 -55.00 -0.0036139
80.00 -55.00 -0.0028605
85.00 -55.00 -0.0012041
90.00 -55.00 0.0009065
95.00 -55.00 0.0025972
100.00 -55.00 0.0031425
105.00 -55.00 0.0023997
110.00 -55.00 0.0008274
115.00 -55.00 -0.0007987
120.00 -55.00 -0.0017186
125.00 -55.00 -0.0014577
130.00 -55.00 -4.24e-05
135.00 -55.00 0.0019204
140.00 -55.00 0.0034751
145.00 -55.00 0.003856
150.00 -55.00 0.0029797
155.00 -55.00 0.0014332
160.00 -55.00 -9.73e-05
165.00 -55.00 -0.0014332
170.00 -55.00 -0.0028958
175.00 -55.00 -0.0046362
180.00 -55.00 -0.0060346
-180.00 -50.00 -0.0009007
-175.00 -50.00 -0.0014963
-170.00 -50.00 -0.0006911
-165.00 -50.00 0.0013475
-160.00 -50.00 0.0026744
-155.00 -50.00 0.0016112
-150.00 -50.00 -0.0014392
-145.00 -50.00 -0.0043339
-140.00 -50.00 -0.005203
-135.00 -50.00 -0.0040198
-130.00 -50.00 -0.00235
-125.00 -50.00 -0.0017884
-120.00 -50.00 -0.0025877
-115.00 -50.00 -0.0035517
-110.00 -50.00 -0.0031751
-105.00 -50.00 -0.0010792
-100.00 -50.00 0.0015104
-95.00 -50.00 0.0028034
-90.00 -50.00 0.0021308
-85.00 -50.00 0.0005952
-80.00 -50.00 -5.57e-05
-75.00 -50.00 0.000838
-70.00 -50.00 0.0023579
-65.00 -50.00 0.0031835
-60.00 -50.00 0.002994
-55.00 -50.00 0.0025521
-50.00 -50.00 0.0025789
-45.00 -50.00 0.00286
-40.00 -50.00 0.0025534
-35.00 -50.00 0.0011967
-30.00 -50.00 -0.0007589
-25.00 -50.00 -0.0023492
-20.00 -50.00 -0.0028824
-15.00 -50.00 -0.0023653
-10.00 -50.00 -0.0013583
-5.00 -50.00 -0.0005314
0.00 -50.00 -0.0002698
5.00 -50.00 -0.0005546
10.00 -50.00 -0.0011439
15.00 -50.00 -0.0018345
20.00 -50.00 -0.0025203
25.00 -50.00 -0.0030536
30.00 -50.00 -0.0032282
35.00 -50.00 -0.0030129
40.00 -50.00 -0.0026982
45.00 -50.00 -0.0026433
50.00 -50.00 -0.002898
55.00 -50.00 -0.0032235
60.00 -50.00 -0.003485
65.00 -50.00 -0.0038033
70.00 -50.00 -0.0041767
75.00 -50.00 -0.0041076
80.00 -50.00 -0.0028952
85.00 -50.00 -0.00041
90.00 -50.00 0.0025393
95.00 -50.00 0.0047353
100.00 -50.00 0.0054364
105.00 -50.00 0.0047199
110.00 -50.00 0.0031176
115.00 -50.00 0.0011851
120.00 -50.00 -0.0005087
125.00 -50.00 -0.0012841
130.00 -50.00 -0.0006983
135.00 -50.00 0.0008159
140.00 -50.00 0.0018724
145.00 -50.00 0.0010987
150.00 -50.00 -0.0015362
155.00 -50.00 -0.0043934
160.00 -50.00 -0.0054355
165.00 -50.00 -0.0040773
170.00 -50.00 -0.0017631
175.00 -50.00 -0.0005228
180.00 -50.00 -0.0009007
-180.00 -45.00 0.003174
-175.00 -45.00 0.0007402
-170.00 -45.00 -0.000373
-165.00 -45.00 0.0005338
-160.00 -45.00 0.0013502
-155.00 -45.00 0.0001105
-150.00 -45.00 -0.0025767
-145.00 -45.00 -0.0044102
-140.00 -45.00 -0.0040711
-135.00 -45.00 -0.0023909
-130.00 -45.00 -0.0011623
-125.00 -45.00 -0.0014533
-120.00 -45.00 -0.0029959
-115.00 -45.00 -0.0045227
-110.00 -45.00 -0.0045497
-105.00 -45.00 -0.0025056
-100.00 -45.00 0.0004532
-95.00 -45.00 0.002161
-90.00 -45.00 0.0015167
-85.00 -45.00 -0.0003022
-80.00 -45.00 -0.0011143
-75.00 -45.00 -9.22e-05
-70.00 -45.00 0.0016162
-65.00 -45.00 0.0025556
-60.00 -45.00 0.0025874
-55.00 -45.00 0.0025008
-50.00 -45.00 0.002512
-45.00 -45.00 0.0019147
-40.00 -45.00 0.0003164
-35.00 -45.00 -0.00139
-30.00 -45.00 -0.0017879
-25.00 -45.00 -0.0005225
-20.00 -45.00 0.0012746
-15.00 -45.00 0.0021581
-10.00 -45.00 0.0016686
-5.00 -45.00 0.0004456
0.00 -45.00 -0.0005884
5.00 -45.00 -0.0009898
10.00 -45.00 -0.0010547
15.00 -45.00 -0.0015772
20.00 -45.00 -0.0031162
25.00 -45.00 -0.0052089
30.00 -45.00 -0.0065097
35.00 -45.00 -0.0060779
40.00 -45.00 -0.0044468
45.00 -45.00 -0.0030759
50.00 -45.00 -0.0028097
55.00 -45.00 -0.0032565
60.00 -45.00 -0.0036584
65.00 -45.00 -0.0038275
70.00 -45.00 -0.003925
75.00 -45.00 -0.0037227
80.00 -45.00 -0.0026703
85.00 -45.00 -0.0007431
90.00 -45.00 0.0012224
95.00 -45.00 0.0023359
100.00 -45.00 0.0025886
105.00 -45.00 0.0026213
110.00 -45.00 0.0026266
115.00 -45.00 0.0019806
120.00 -45.00 0.000257
125.00 -45.00 -0.0017362
130.00 -45.00 -0.0025081
135.00 -45.00 -0.001628
140.00 -45.00 -0.0005876
145.00 -45.00 -0.0015218
150.00 -45.00 -0.0048652
155.00 -45.00 -0.0083597
160.00 -45.00 -0.0087651
165.00 -45.00 -0.0049816
170.00 -45.00 0.000516
175.00 -45.00 0.0037823
180.00 -45.00 0.003174
-180.00 -40.00 0.0028118
-175.00 -40.00 -0.0016027
-170.00 -40.00 -0.0034215
-165.00 -40.00 -0.0019657
-160.00 -40.00 -0.0001482
-155.00 -40.00 -0.0002705
-150.00 -40.00 -0.0014091
-145.00 -40.00 -0.0014997
-140.00 -40.00 -0.0004745
-135.00 -40.00 6.52e-05
-130.00 -40.00 -0.0005434
-125.00 -40.00 -0.0014259
-120.00 -40.00 -0.0019846
-115.00 -40.00 -0.0026275
-110.00 -40.00 -0.0033407
-105.00 -40.00 -0.0030893
-100.00 -40.00 -0.0015077
-95.00 -40.00 -1.75e-05
-90.00 -40.00 -0.0001181
-85.00 -40.00 -0.0012909
-80.00 -40.00 -0.0017907
-75.00 -40.00 -0.0011119
-70.00 -40.00 -0.0003959
-65.00 -40.00 -0.0004033
-60.00 -40.00 -0.0003943
-55.00 -40.00 0.0003435
-50.00 -40.00 0.0008255
-45.00 -40.00 -0.0005588
-40.00 -40.00 -0.0033909
-35.00 -40.00 -0.0048089
-30.00 -40.00 -0.0025048
-25.00 -40.00 0.0023065
-20.00 -40.00 0.0057516
-15.00 -40.00 0.0051625
-10.00 -40.00 0.0014892
-5.00 -40.00 -0.00212
0.00 -40.00 -0.0033394
5.00 -40.00 -0.002086
10.00 -40.00 6.4e-06
15.00 -40.00 0.0007206
20.00 -40.00 -0.0013649
25.00 -40.00 -0.0054577
30.00 -40.00 -0.0087115
35.00 -40.00 -0.0087809
40.00 -40.00 -0.0062455
45.00 -40.00 -0.0037965
50.00 -40.00 -0.0031731
55.00 -40.00 -0.0037473
60.00 -40.00 -0.0040614
65.00 -40.00 -0.0036804
70.00 -40.00 -0.0030719
75.00 -40.00 -0.0024528
80.00 -40.00 -0.0015907
85.00 -40.00 -0.0005926
90.00 -40.00 -0.0001413
95.00 -40.00 -0.0005497
100.00 -40.00 -0.000963
105.00 -40.00 -0.0002122
110.00 -40.00 0.0014407
115.00 -40.00 0.0021568
120.00 -40.00 0.0006718
125.00 -40.00 -0.0018975
130.00 -40.00 -0.0031418
135.00 -40.00 -0.0021285
140.00 -40.00 -0.0004851
145.00 -40.00 -0.0006308
150.00 -40.00 -0.0031576
155.00 -40.00 -0.0059136
160.00 -40.00 -0.0057323
165.00 -40.00 -0.0016106
170.00 -40.00 0.0036326
175.00 -40.00 0.0056
180.00 -40.00 0.0028119
-180.00 -35.00 0.0004379
-175.00 -35.00 -0.00424
-170.00 -35.00 -0.0049209
-165.00 -35.00 -0.0021871
-160.00 -35.00 0.0001159
-155.00 -35.00 8.79e-05
-150.00 -35.00 -0.0003227
-145.00 -35.00 0.000788
-140.00 -35.00 0.001903
-135.00 -35.00 0.0006445
-130.00 -35.00 -0.0019324
-125.00 -35.00 -0.0025657
-120.00 -35.00 -0.0008567
-115.00 -35.00 1.69e-05
-110.00 -35.00 -0.0017953
-105.00 -35.00 -0.0041252
-100.00 -35.00 -0.0043159
-95.00 -35.00 -0.002946
-90.00 -35.00 -0.0021528
-85.00 -35.00 -0.002157
-80.00 -35.00 -0.0017221
-75.00 -35.00 -0.0009238
-70.00 -35.00 -0.0010654
-65.00 -35.00 -0.002111
-60.00 -35.00 -0.0023528
-55.00 -35.00 -0.0011859
-50.00 -35.00 -0.0006294
-45.00 -35.00 -0.0028347
-40.00 -35.00 -0.0066229
-35.00 -35.00 -0.0079087
-30.00 -35.00 -0.0042268
-25.00 -35.00 0.0018409
-20.00 -35.00 0.0048654
-15.00 -35.00 0.0022763
-10.00 -35.00 -0.0031024
-5.00 -35.00 -0.0064481
0.00 -35.00 -0.0056545
5.00 -35.00 -0.0021291
10.00 -35.00 0.0014513
15.00 -35.00 0.0027093
20.00 -35.00 0.0002701
25.00 -35.00 -0.0048742
30.00 -35.00 -0.0091275
35.00 -35.00 -0.0093891
40.00 -35.00 -0.0063915
45.00 -35.00 -0.0035383
50.00 -35.00 -0.0027568
55.00 -35.00 -0.0030594
60.00 -35.00 -0.0028969
65.00 -35.00 -0.00213
70.00 -35.00 -0.0013996
75.00 -35.00 -0.0009046
80.00 -35.00 -0.0004116
85.00 -35.00 0.000101
90.00 -35.00 0.0002772
95.00 -35.00 -4.52e-05
100.00 -35.00 -0.000222
105.00 -35.00 0.0006079
110.00 -35.00 0.0019406
115.00 -35.00 0.0018718
120.00 -35.00 -0.0003887
125.00 -35.00 -0.0028754
130.00 -35.00 -0.0030772
135.00 -35.00 -0.0011298
140.00 -35.00 0.0005662
145.00 -35.00 0.0004296
150.00 -35.00 -0.0008103
155.00 -35.00 -0.0012674
160.00 -35.00 0.0004026
165.00 -35.00 0.0038059
170.00 -35.00 0.0064134
175.00 -35.00 0.0052841
180.00 -35.00 0.0004379
-180.00 -30.00 -0.0024502
-175.00 -30.00 -0.0051269
-170.00 -30.00 -0.0039719
-165.00 -30.00 -0.0010527
-160.00 -30.00 -2.68e-05
-155.00 -30.00 -0.0014158
-150.00 -30.00 -0.0021766
-145.00 -30.00 -0.000644
-140.00 -30.00 0.0004671
-135.00 -30.00 -0.0017389
-130.00 -30.00 -0.0050328
-125.00 -30.00 -0.0047188
-120.00 -30.00 -0.0009525
-115.00 -30.00 0.0010531
-110.00 -30.00 -0.0012449
-105.00 -30.00 -0.0043119
-100.00 -30.00 -0.0044841
-95.00 -30.00 -0.0030355
-90.00 -30.00 -0.0027813
-85.00 -30.00 -0.003255
-80.00 -30.00 -0.0024498
-75.00 -30.00 -0.0008193
-70.00 -30.00 -0.0003039
-65.00 -30.00 -0.0008398
-60.00 -30.00 -0.0007149
-55.00 -30.00 0.0002065
-50.00 -30.00 -6.08e-05
-45.00 -30.00 -0.0027413
-40.00 -30.00 -0.0062032
-35.00 -30.00 -0.0072761
-30.00 -30.00 -0.0045486
-25.00 -30.00 -0.0003113
-20.00 -30.00 0.0013052
-15.00 -30.00 -0.0012564
-10.00 -30.00 -0.0050642
-5.00 -30.00 -0.0061166
0.00 -30.00 -0.0037757
5.00 -30.00 -0.0005196
10.00 -30.00 0.0014175
15.00 -30.00 0.0011567
20.00 -30.00 -0.001697
25.00 -30.00 -0.006242
30.00 -30.00 -0.0094269
35.00 -30.00 -0.0088572
40.00 -30.00 -0.0059421
45.00 -30.00 -0.0038225
50.00 -30.00 -0.0030909
55.00 -30.00 -0.0020874
60.00 -30.00 -0.0003516
65.00 -30.00 0.000906
70.00 -30.00 0.0010074
75.00 -30.00 0.000346
80.00 -30.00 -0.0005181
85.00 -30.00 -0.000893
90.00 -30.00 -0.0001163
95.00 -30.00 0.0014828
100.00 -30.00 0.0029118
105.00 -30.00 0.0037808
110.00 -30.00 0.0038024
115.00 -30.00 0.0019996
120.00 -30.00 -0.0013624
125.00 -30.00 -0.003373
130.00 -30.00 -0.0018709
135.00 -30.00 0.0009487
140.00 -30.00 0.0013017
145.00 -30.00 -0.0008635
150.00 -30.00 -0.0021736
155.00 -30.00 -0.0005732
160.00 -30.00 0.0027437
165.00 -30.00 0.0053284
170.00 -30.00 0.0053157
175.00 -30.00 0.0021638
180.00 -30.00 -0.0024502
-180.00 -25.00 -0.0062483
-175.00 -25.00 -0.0065068
-170.00 -25.00 -0.0046256
-165.00 -25.00 -0.0030161
-160.00 -25.00 -0.0034672
-155.00 -25.00 -0.0051023
-150.00 -25.00 -0.0053977
-145.00 -25.00 -0.0036256
-140.00 -25.00 -0.0025145
-135.00 -25.00 -0.0045762
-130.00 -25.00 -0.0074493
-125.00 -25.00 -0.0065145
-120.00 -25.00 -0.0021707
-115.00 -25.00 0.0003554
-110.00 -25.00 -0.000721
-105.00 -25.00 -0.0013642
-100.00 -25.00 0.0006686
-95.00 -25.00 0.0018949
-90.00 -25.00 -0.0004334
-85.00 -25.00 -0.0034698
-80.00 -25.00 -0.0036748
-75.00 -25.00 -0.0019538
-70.00 -25.00 -0.0007083
-65.00 -25.00 0.0002515
-60.00 -25.00 0.0017187
-55.00 -25.00 0.0022978
-50.00 -25.00 0.000626
-45.00 -25.00 -0.0019439
-40.00 -25.00 -0.0032585
-35.00 -25.00 -0.0030753
-30.00 -25.00 -0.0021816
-25.00 -25.00 -0.0008236
-20.00 -25.00 0.000491
-15.00 -25.00 0.0006497
-10.00 -25.00 -0.0002373
-5.00 -25.00 -0.0005734
0.00 -25.00 0.0001933
5.00 -25.00 0.0007398
10.00 -25.00 1.2e-05
15.00 -25.00 -0.0019406
20.00 -25.00 -0.0050094
25.00 -25.00 -0.0083447
30.00 -25.00 -0.0095648
35.00 -25.00 -0.0076985
40.00 -25.00 -0.0054557
45.00 -25.00 -0.005257
50.00 -25.00 -0.0051792
55.00 -25.00 -0.0025047
60.00 -25.00 0.0013632
65.00 -25.00 0.0032904
70.00 -25.00 0.0028229
75.00 -25.00 0.0010049
80.00 -25.00 -0.0017399
85.00 -25.00 -0.0038819
90.00 -25.00 -0.0028952
95.00 -25.00 0.0007719
100.00 -25.00 0.0037373
105.00 -25.00 0.0045336
110.00 -25.00 0.0042203
115.00 -25.00 0.0027806
120.00 -25.00 -5.8e-06
125.00 -25.00 -0.0013872
130.00 -25.00 0.0010048
135.00 -25.00 0.0040136
140.00 -25.00 0.0027165
145.00 -25.00 -0.0020426
150.00 -25.00 -0.0048771
155.00 -25.00 -0.0033447
160.00 -25.00 -8.27e-05
165.00 -25.00 0.0013923
170.00 -25.00 -0.0001125
175.00 -25.00 -0.0034647
180.00 -25.00 -0.0062483
-180.00 -20.00 -0.0082695
-175.00 -20.00 -0.007726
-170.00 -20.00 -0.0067452
-165.00 -20.00 -0.0069631
-160.00 -20.00 -0.0076336
-155.00 -20.00 -0.0074346
-150.00 -20.00 -0.0061936
-145.00 -20.00 -0.0043748
-140.00 -20.00 -0.0032079
-135.00 -20.00 -0.0042107
-130.00 -20.00 -0.006277
-125.00 -20.00 -0.0059922
-120.00 -20.00 -0.003003
-115.00 -20.00 -0.000748
-110.00 -20.00 3.74e-05
-105.00 -20.00 0.0025355
-100.00 -20.00 0.006509
-95.00 -20.00 0.0068903
-90.00 -20.00 0.0023325
-85.00 -20.00 -0.0019737
-80.00 -20.00 -0.0026039
-75.00 -20.00 -0.0020112
-70.00 -20.00 -0.0020475
-65.00 -20.00 -0.0005921
-60.00 -20.00 0.002562
-55.00 -20.00 0.0032614
-50.00 -20.00 -0.0001274
-45.00 -20.00 -0.0031835
-40.00 -20.00 -0.0023635
-35.00 -20.00 -0.0003474
-30.00 -20.00 -0.0006029
-25.00 -20.00 -0.0013015
-20.00 -20.00 0.0007878
-15.00 -20.00 0.0040899
-10.00 -20.00 0.0047217
-5.00 -20.00 0.0025293
0.00 -20.00 0.0004005
5.00 -20.00 -0.0003817
10.00 -20.00 -0.0008836
15.00 -20.00 -0.0024442
20.00 -20.00 -0.0055536
25.00 -20.00 -0.0087896
30.00 -20.00 -0.0091162
35.00 -20.00 -0.0061111
40.00 -20.00 -0.0038981
45.00 -20.00 -0.0049935
50.00 -20.00 -0.005732
55.00 -20.00 -0.0025772
60.00 -20.00 0.0016594
65.00 -20.00 0.0029955
70.00 -20.00 0.0021304
75.00 -20.00 0.0005063
80.00 -20.00 -0.0027531
85.00 -20.00 -0.0059927
90.00 -20.00 -0.0048367
95.00 -20.00 -2.71e-05
100.00 -20.00 0.0026398
105.00 -20.00 0.0018251
110.00 -20.00 0.0014955
115.00 -20.00 0.0023297
120.00 -20.00 0.0015782
125.00 -20.00 0.0004743
130.00 -20.00 0.0024012
135.00 -20.00 0.0051386
140.00 -20.00 0.0035207
145.00 -20.00 -0.0018882
150.00 -20.00 -0.0057862
155.00 -20.00 -0.0057824
160.00 -20.00 -0.0039523
165.00 -20.00 -0.0030182
170.00 -20.00 -0.0041958
175.00 -20.00 -0.006718
180.00 -20.00 -0.0082694
-180.00 -15.00 -0.00586
-175.00 -15.00 -0.0057481
-170.00 -15.00 -0.0057318
-165.00 -15.00 -0.0070782
-160.00 -15.00 -0.0076072
-155.00 -15.00 -0.0063314
-150.00 -15.00 -0.0051436
-145.00 -15.00 -0.0043255
-140.00 -15.00 -0.0026004
-135.00 -15.00 -0.0012778
-130.00 -15.00 -0.00214
-125.00 -15.00 -0.0033047
-120.00 -15.00 -0.0026172
-115.00 -15.00 -0.001272
-110.00 -15.00 0.0001216
-105.00 -15.00 0.0032183
-100.00 -15.00 0.0064925
-95.00 -15.00 0.0055228
-90.00 -15.00 0.0012054
-85.00 -15.00 -0.0005075
-80.00 -15.00 0.0012753
-75.00 -15.00 0.0014093
-70.00 -15.00 -0.0009123
-65.00 -15.00 -0.000393
-60.00 -15.00 0.0037591
-55.00 -15.00 0.004883
-50.00 -15.00 -0.0001022
-45.00 -15.00 -0.0050106
-40.00 -15.00 -0.0042526
-35.00 -15.00 -0.0013217
-30.00 -15.00 -0.0017601
-25.00 -15.00 -0.0035526
-20.00 -15.00 -0.0015846
-15.00 -15.00 0.0025732
-10.00 -15.00 0.0030618
-5.00 -15.00 -0.0006038
0.00 -15.00 -0.0034034
5.00 -15.00 -0.002787
10.00 -15.00 -0.0010844
15.00 -15.00 -0.0013675
20.00 -15.00 -0.0045682
25.00 -15.00 -0.0086808
30.00 -15.00 -0.0095847
35.00 -15.00 -0.0059401
40.00 -15.00 -0.002149
45.00 -15.00 -0.0018959
50.00 -15.00 -0.0022708
55.00 -15.00 -5.54e-05
60.00 -15.00 0.0018357
65.00 -15.00 0.0006741
70.00 -15.00 -0.0006471
75.00 -15.00 -0.0005597
80.00 -15.00 -0.0021647
85.00 -15.00 -0.0047675
90.00 -15.00 -0.0029904
95.00 -15.00 0.0020715
100.00 -15.00 0.0030396
105.00 -15.00 -0.0004502
110.00 -15.00 -0.001564
115.00 -15.00 0.000561
120.00 -15.00 0.000676
125.00 -15.00 -0.0010446
130.00 -15.00 -4.47e-05
135.00 -15.00 0.0025303
140.00 -15.00 0.0017981
145.00 -15.00 -0.0020808
150.00 -15.00 -0.0053109
155.00 -15.00 -0.0064456
160.00 -15.00 -0.0058053
165.00 -15.00 -0.0039228
170.00 -15.00 -0.0029042
175.00 -15.00 -0.0042574
180.00 -15.00 -0.00586
-180.00 -10.00 -0.0024038
-175.00 -10.00 -0.0021726
-170.00 -10.00 -0.0015488
-165.00 -10.00 -0.0027755
-160.00 -10.00 -0.0039416
-155.00 -10.00 -0.0043568
-150.00 -10.00 -0.0059778
-145.00 -10.00 -0.0071542
-140.00 -10.00 -0.0044029
-135.00 -10.00 -0.0002081
-130.00 -10.00 0.0003594
-125.00 -10.00 -0.0016592
-120.00 -10.00 -0.0021799
-115.00 -10.00 -0.0012661
-110.00 -10.00 -0.0004369
-105.00 -10.00 0.0009851
-100.00 -10.00 0.0020086
-95.00 -10.00 -1.7e-06
-90.00 -10.00 -0.0026568
-85.00 -10.00 -0.0005336
-80.00 -10.00 0.0048811
-75.00 -10.00 0.0065456
-70.00 -10.00 0.0037368
-65.00 -10.00 0.0029954
-60.00 -10.00 0.0062364
-55.00 -10.00 0.0071247
-50.00 -10.00 0.0018154
-45.00 -10.00 -0.0044007
-40.00 -10.00 -0.0053143
-35.00 -10.00 -0.0029186
-30.00 -10.00 -0.0028409
-25.00 -10.00 -0.0047528
-20.00 -10.00 -0.0042289
-15.00 -10.00 -0.0016827
-10.00 -10.00 -0.0016699
-5.00 -10.00 -0.0044346
0.00 -10.00 -0.0057118
5.00 -10.00 -0.0041738
10.00 -10.00 -0.0025687
15.00 -10.00 -0.0028883
20.00 -10.00 -0.0053049
25.00 -10.00 -0.008976
30.00 -10.00 -0.0107897
35.00 -10.00 -0.0079294
40.00 -10.00 -0.0028515
45.00 -10.00 4.61e-05
50.00 -10.00 0.0011747
55.00 -10.00 0.0024634
60.00 -10.00 0.0018881
65.00 -10.00 -0.0011982
70.00 -10.00 -0.002216
75.00 -10.00 0.0001369
80.00 -10.00 0.0008029
85.00 -10.00 -0.000904
90.00 -10.00 0.0005663
95.00 -10.00 0.004669
100.00 -10.00 0.0045693
105.00 -10.00 0.0007682
110.00 -10.00 5.32e-05
115.00 -10.00 0.0018004
120.00 -10.00 0.0002405
125.00 -10.00 -0.0029449
130.00 -10.00 -0.0023165
135.00 -10.00 0.0002699
140.00 -10.00 5.85e-05
145.00 -10.00 -0.0020051
150.00 -10.00 -0.0034984
155.00 -10.00 -0.005004
160.00 -10.00 -0.0055713
165.00 -10.00 -0.0030035
170.00 -10.00 3.77e-05
175.00 -10.00 -0.0004623
180.00 -10.00 -0.0024038
-180.00 -5.00 -0.0021507
-175.00 -5.00 -0.000958
-170.00 -5.00 0.0010774
-165.00 -5.00 0.0005021
-160.00 -5.00 -0.0014812
-155.00 -5.00 -0.00401
-150.00 -5.00 -0.0080103
-145.00 -5.00 -0.0103079
-140.00 -5.00 -0.0069946
-135.00 -5.00 -0.001888
-130.00 -5.00 -0.001131
-125.00 -5.00 -0.0030558
-120.00 -5.00 -0.0028914
-115.00 -5.00 -0.0014646
-110.00 -5.00 -0.0012496
-105.00 -5.00 -0.0011412
-100.00 -5.00 -0.0008172
-95.00 -5.00 -0.0022123
-90.00 -5.00 -0.0035495
-85.00 -5.00 -0.0004054
-80.00 -5.00 0.0060078
-75.00 -5.00 0.0096499
-70.00 -5.00 0.0087356
-65.00 -5.00 0.0070607
-60.00 -5.00 0.0068232
-55.00 -5.00 0.0058467
-50.00 -5.00 0.0021521
-45.00 -5.00 -0.0024192
-40.00 -5.00 -0.0045011
-35.00 -5.00 -0.0037529
-30.00 -5.00 -0.0029235
-25.00 -5.00 -0.0032944
-20.00 -5.00 -0.0033375
-15.00 -5.00 -0.0026948
-10.00 -5.00 -0.0030703
-5.00 -5.00 -0.0043047
0.00 -5.00 -0.0045904
5.00 -5.00 -0.0044953
10.00 -5.00 -0.0055037
15.00 -5.00 -0.0064044
20.00 -5.00 -0.0063009
25.00 -5.00 -0.0072894
30.00 -5.00 -0.0094933
35.00 -5.00 -0.009237
40.00 -5.00 -0.0056765
45.00 -5.00 -0.0022774
50.00 -5.00 -0.0003709
55.00 -5.00 0.0010801
60.00 -5.00 0.0009162
65.00 -5.00 -0.0010272
70.00 -5.00 -0.0007238
75.00 -5.00 0.002782
80.00 -5.00 0.0043739
85.00 -5.00 0.0026477
90.00 -5.00 0.0024498
95.00 -5.00 0.0044527
100.00 -5.00 0.0045489
105.00 -5.00 0.0039431
110.00 -5.00 0.0062919
115.00 -5.00 0.0077333
120.00 -5.00 0.0035907
125.00 -5.00 -0.0010489
130.00 -5.00 -0.0003086
135.00 -5.00 0.0018634
140.00 -5.00 0.0007774
145.00 -5.00 -0.0006594
150.00 -5.00 -0.0005722
155.00 -5.00 -0.0021572
160.00 -5.00 -0.0045894
165.00 -5.00 -0.0033188
170.00 -5.00 -0.0002145
175.00 -5.00 -0.0004448
180.00 -5.00 -0.0021507
-180.00 0.00 -0.0030315
-175.00 0.00 -0.0014102
-170.00 0.00 0.0007514
-165.00 0.00 8.59e-05
-160.00 0.00 -0.0020202
-155.00 0.00 -0.0041889
-150.00 0.00 -0.0069305
-145.00 0.00 -0.0079351
-140.00 0.00 -0.005035
-135.00 0.00 -0.0021641
-130.00 0.00 -0.0032407
-125.00 0.00 -0.0049781
-120.00 0.00 -0.0037325
-115.00 0.00 -0.0021531
-110.00 0.00 -0.0025934
-105.00 0.00 -0.0024731
-100.00 0.00 -0.0006422
-95.00 0.00 0.0002514
-90.00 0.00 -4.63e-05
-85.00 0.00 0.0014461
-80.00 0.00 0.0053316
-75.00 0.00 0.0091027
-70.00 0.00 0.0105107
-65.00 0.00 0.0085183
-60.00 0.00 0.0039647
-55.00 0.00 0.0001216
-50.00 0.00 -0.0010531
-45.00 0.00 -0.0017692
-40.00 0.00 -0.0040045
-35.00 0.00 -0.0057183
-30.00 0.00 -0.0047463
-25.00 0.00 -0.0023886
-20.00 0.00 -0.0008634
-15.00 0.00 -0.0008269
-10.00 0.00 -0.0019119
-5.00 0.00 -0.0030908
0.00 0.00 -0.0036878
5.00 0.00 -0.0047737
10.00 0.00 -0.006708
15.00 0.00 -0.0069269
20.00 0.00 -0.0045399
25.00 0.00 -0.0034219
30.00 0.00 -0.0057735
35.00 0.00 -0.008025
40.00 0.00 -0.0074771
45.00 0.00 -0.006091
50.00 0.00 -0.0048591
55.00 0.00 -0.0023533
60.00 0.00 0.000342
65.00 0.00 0.0012056
70.00 0.00 0.0019351
75.00 0.00 0.0040114
80.00 0.00 0.0048963
85.00 0.00 0.0036347
90.00 0.00 0.0030859
95.00 0.00 0.0036532
100.00 0.00 0.0036837
105.00 0.00 0.0053934
110.00 0.00 0.0100334
115.00 0.00 0.0116419
120.00 0.00 0.0066838
125.00 0.00 0.0020375
130.00 0.00 0.0029164
135.00 0.00 0.0039015
140.00 0.00 0.0009661
145.00 0.00 -0.0011634
150.00 0.00 -0.0004914
155.00 0.00 -0.0017344
160.00 0.00 -0.0048855
165.00 0.00 -0.0046896
170.00 0.00 -0.0020413
175.00 0.00 -0.0019435
180.00 0.00 -0.0030315
-180.00 5.00 -0.0017988
-175.00 5.00 -0.0008642
-170.00 5.00 7.74e-05
-165.00 5.00 -0.0014067
-160.00 5.00 -0.0033599
-155.00 5.00 -0.0038674
-150.00 5.00 -0.0034822
-145.00 5.00 -0.0020235
-140.00 5.00 0.0001905
-135.00 5.00 0.0001313
-130.00 5.00 -0.0028051
-125.00 5.00 -0.0044451
-120.00 5.00 -0.0032047
-115.00 5.00 -0.0026165
-110.00 5.00 -0.0036627
-105.00 5.00 -0.0029781
-100.00 5.00 5.37e-05
-95.00 5.00 0.0024029
-90.00 5.00 0.0030505
-85.00 5.00 0.0033179
-80.00 5.00 0.0040307
-75.00 5.00 0.0058868
-70.00 5.00 0.0082306
-65.00 5.00 0.0071122
-60.00 5.00 0.0009342
-55.00 5.00 -0.0044232
-50.00 5.00 -0.0038251
-45.00 5.00 -0.0016018
-40.00 5.00 -0.0038262
-35.00 5.00 -0.0078607
-30.00 5.00 -0.0076964
-25.00 5.00 -0.0037694
-20.00 5.00 -0.0007518
-15.00 5.00 -0.0006172
-10.00 5.00 -0.0022294
-5.00 5.00 -0.0039366
0.00 5.00 -0.0046502
5.00 5.00 -0.0044976
10.00 5.00 -0.0040611
15.00 5.00 -0.0029364
20.00 5.00 -0.0014136
25.00 5.00 -0.0017855
30.00 5.00 -0.004599
35.00 5.00 -0.0069402
40.00 5.00 -0.0073856
45.00 5.00 -0.0075382
50.00 5.00 -0.0068874
55.00 5.00 -0.0030365
60.00 5.00 0.0022502
65.00 5.00 0.004593
70.00 5.00 0.0038175
75.00 5.00 0.0027876
80.00 5.00 0.0024131
85.00 5.00 0.0028165
90.00 5.00 0.0045
95.00 5.00 0.005572
100.00 5.00 0.0042145
105.00 5.00 0.0034661
110.00 5.00 0.0058914
115.00 5.00 0.0073822
120.00 5.00 0.0047265
125.00 5.00 0.0023899
130.00 5.00 0.0034135
135.00 5.00 0.0030517
140.00 5.00 -0.0012122
145.00 5.00 -0.0045091
150.00 5.00 -0.0046755
155.00 5.00 -0.0053661
160.00 5.00 -0.0066246
165.00 5.00 -0.0047682
170.00 5.00 -0.0013956
175.00 5.00 -0.0008745
180.00 5.00 -0.0017988
-180.00 10.00 -0.0006479
-175.00 10.00 -0.0002066
-170.00 10.00 0.0003412
-165.00 10.00 -0.0013332
-160.00 10.00 -0.0036334
-155.00 10.00 -0.0043058
-150.00 10.00 -0.0031683
-145.00 10.00 -0.0008556
-140.00 10.00 0.0010381
-135.00 10.00 0.0003993
-130.00 10.00 -0.0018986
-125.00 10.00 -0.0027521
-120.00 10.00 -0.0021634
-115.00 10.00 -0.002394
-110.00 10.00 -0.0026661
-105.00 10.00 -0.001033
-100.00 10.00 0.000997
-95.00 10.00 0.0016044
-90.00 10.00 0.0021608
-85.00 10.00 0.0032048
-80.00 10.00 0.0030258
-75.00 10.00 0.0025499
-70.00 10.00 0.0039078
-65.00 10.00 0.004307
-60.00 10.00 0.0004186
-55.00 10.00 -0.0036413
-50.00 10.00 -0.0026653
-45.00 10.00 -0.0003139
-40.00 10.00 -0.0026298
-35.00 10.00 -0.0071064
-30.00 10.00 -0.0076943
-25.00 10.00 -0.0049301
-20.00 10.00 -0.0031843
-15.00 10.00 -0.00334
-10.00 10.00 -0.0039298
-5.00 10.00 -0.0045776
0.00 10.00 -0.0047496
5.00 10.00 -0.0031529
10.00 10.00 -0.0002013
15.00 10.00 0.0015752
20.00 10.00 0.0001577
25.00 10.00 -0.0037925
30.00 10.00 -0.0071942
35.00 10.00 -0.007752
40.00 10.00 -0.0068654
45.00 10.00 -0.0067537
50.00 10.00 -0.0057074
55.00 10.00 -0.0010191
60.00 10.00 0.0048416
65.00 10.00 0.0069883
70.00 10.00 0.0052226
75.00 10.00 0.0029154
80.00 10.00 0.0019032
85.00 10.00 0.0028215
90.00 10.00 0.0057684
95.00 10.00 0.0076585
100.00 10.00 0.0049058
105.00 10.00 -7.43e-05
110.00 10.00 -0.0017594
115.00 10.00 6.66e-05
120.00 10.00 0.0017724
125.00 10.00 0.0026476
130.00 10.00 0.0033705
135.00 10.00 0.0022317
140.00 10.00 -0.0013431
145.00 10.00 -0.0046633
150.00 10.00 -0.0064182
155.00 10.00 -0.0074429
160.00 10.00 -0.0065358
165.00 10.00 -0.0025735
170.00 10.00 0.0009875
175.00 10.00 0.0008072
180.00 10.00 -0.0006479
-180.00 15.00 -0.0020595
-175.00 15.00 -0.0004868
-170.00 15.00 0.0014872
-165.00 15.00 0.000636
-160.00 15.00 -0.0024594
-155.00 15.00 -0.0053224
-150.00 15.00 -0.0064043
-145.00 15.00 -0.0055589
-140.00 15.00 -0.0040427
-135.00 15.00 -0.003278
-130.00 15.00 -0.0029611
-125.00 15.00 -0.0023437
-120.00 15.00 -0.002101
-115.00 15.00 -0.0020139
-110.00 15.00 -4.45e-05
-105.00 15.00 0.0029394
-100.00 15.00 0.0027763
-95.00 15.00 -0.0003448
-90.00 15.00 -0.0009543
-85.00 15.00 0.0020917
-80.00 15.00 0.0036211
-75.00 15.00 0.0018621
-70.00 15.00 0.0007181
-65.00 15.00 0.0013051
-60.00 15.00 0.0008376
-55.00 15.00 -0.0003681
-50.00 15.00 5.62e-05
-45.00 15.00 0.0004047
-40.00 15.00 -0.0019008
-35.00 15.00 -0.004504
-30.00 15.00 -0.0046308
-25.00 15.00 -0.004479
-20.00 15.00 -0.0061082
-15.00 15.00 -0.0068376
-10.00 15.00 -0.0047622
-5.00 15.00 -0.0027504
0.00 15.00 -0.0028184
5.00 15.00 -0.0023175
10.00 15.00 0.0006622
15.00 15.00 0.0028874
20.00 15.00 0.0005065
25.00 15.00 -0.0049196
30.00 15.00 -0.0081834
35.00 15.00 -0.0072888
40.00 15.00 -0.0053543
45.00 15.00 -0.0048708
50.00 15.00 -0.0037313
55.00 15.00 0.0002187
60.00 15.00 0.0045036
65.00 15.00 0.006013
70.00 15.00 0.0058538
75.00 15.00 0.0060002
80.00 15.00 0.0055976
85.00 15.00 0.0044762
90.00 15.00 0.0048205
95.00 15.00 0.0058977
100.00 15.00 0.0035598
105.00 15.00 -0.0019659
110.00 15.00 -0.0045941
115.00 15.00 -0.0012994
120.00 15.00 0.0037582
125.00 15.00 0.0058312
130.00 15.00 0.004934
135.00 15.00 0.0034816
140.00 15.00 0.0025299
145.00 15.00 0.0012321
150.00 15.00 -0.0013235
155.00 15.00 -0.0037595
160.00 15.00 -0.0032655
165.00 15.00 -0.0002186
170.00 15.00 0.0012047
175.00 15.00 -0.0006216
180.00 15.00 -0.0020595
-180.00 20.00 -0.0032723
-175.00 20.00 0.0004667
-170.00 20.00 0.0039258
-165.00 20.00 0.0035355
-160.00 20.00 -0.0002448
-155.00 20.00 -0.0046143
-150.00 20.00 -0.0074456
-145.00 20.00 -0.0082394
-140.00 20.00 -0.0075672
-135.00 20.00 -0.0059438
-130.00 20.00 -0.0036677
-125.00 20.00 -0.0019455
-120.00 20.00 -0.0018825
-115.00 20.00 -0.001602
-110.00 20.00 0.001592
-105.00 20.00 0.0051993
-100.00 20.00 0.0037334
-95.00 20.00 -0.0015685
-90.00 20.00 -0.0029571
-85.00 20.00 0.0017263
-80.00 20.00 0.0055915
-75.00 20.00 0.0038616
-70.00 20.00 0.0001232
-65.00 20.00 -0.0009966
-60.00 20.00 0.0001567
-55.00 20.00 0.0013212
-50.00 20.00 0.0012933
-45.00 20.00 -0.0004722
-40.00 20.00 -0.0027822
-35.00 20.00 -0.0030503
-30.00 20.00 -0.0019739
-25.00 20.00 -0.0036388
-20.00 20.00 -0.0079664
-15.00 20.00 -0.0090942
-10.00 20.00 -0.0047571
-5.00 20.00 -0.0006167
0.00 20.00 -0.0012187
5.00 20.00 -0.0030816
10.00 20.00 -0.0014281
15.00 20.00 0.0016518
20.00 20.00 0.0010833
25.00 20.00 -0.0027025
30.00 20.00 -0.0046434
35.00 20.00 -0.0029624
40.00 20.00 -0.0010254
45.00 20.00 -0.0010625
50.00 20.00 -0.0010372
55.00 20.00 0.0006166
60.00 20.00 0.002069
65.00 20.00 0.0024795
70.00 20.00 0.0042542
75.00 20.00 0.0077084
80.00 20.00 0.0088033
85.00 20.00 0.0058333
90.00 20.00 0.0027934
95.00 20.00 0.0023876
100.00 20.00 0.0017254
105.00 20.00 -0.0010242
110.00 20.00 -0.0019154
115.00 20.00 0.0021331
120.00 20.00 0.0072241
125.00 20.00 0.0078908
130.00 20.00 0.0049411
135.00 20.00 0.0034493
140.00 20.00 0.0050186
145.00 20.00 0.0060883
150.00 20.00 0.0038041
155.00 20.00 0.0002524
160.00 20.00 -0.001023
165.00 20.00 -0.0005295
170.00 20.00 -0.0014243
175.00 20.00 -0.0035567
180.00 20.00 -0.0032723
-180.00 25.00 -0.0016398
-175.00 25.00 0.0030584
-170.00 25.00 0.0061678
-165.00 25.00 0.0050653
-160.00 25.00 0.0012066
-155.00 25.00 -0.0023308
-150.00 25.00 -0.0041423
-145.00 25.00 -0.0047878
-140.00 25.00 -0.0048307
-135.00 25.00 -0.0037023
-130.00 25.00 -0.0012223
-125.00 25.00 0.0006946
-120.00 25.00 0.0002446
-115.00 25.00 -0.0007224
-110.00 25.00 0.0009115
-105.00 25.00 0.0035568
-100.00 25.00 0.0024863
-95.00 25.00 -0.0017742
-90.00 25.00 -0.0028295
-85.00 25.00 0.0017851
-80.00 25.00 0.0063615
-75.00 25.00 0.005374
-70.00 25.00 0.0007488
-65.00 25.00 -0.002043
-60.00 25.00 -0.0010319
-55.00 25.00 0.0013625
-50.00 25.00 0.001833
-45.00 25.00 -0.0004274
-40.00 25.00 -0.002691
-35.00 25.00 -0.0021431
-30.00 25.00 -0.000705
-25.00 25.00 -0.002836
-20.00 25.00 -0.0077317
-15.00 25.00 -0.009087
-10.00 25.00 -0.00469
-5.00 25.00 -0.0003298
0.00 25.00 -0.0008822
5.00 25.00 -0.0031643
10.00 25.00 -0.0020176
15.00 25.00 0.0012722
20.00 25.00 0.0019598
25.00 25.00 8.17e-05
30.00 25.00 -3.2e-05
35.00 25.00 0.0027623
40.00 25.00 0.0048824
45.00 25.00 0.0041972
50.00 25.00 0.0027764
55.00 25.00 0.0023066
60.00 25.00 0.001543
65.00 25.00 0.0002986
70.00 25.00 0.0012149
75.00 25.00 0.004748
80.00 25.00 0.0068711
85.00 25.00 0.0050349
90.00 25.00 0.0021915
95.00 25.00 0.0015411
100.00 25.00 0.0016306
105.00 25.00 0.0004278
110.00 25.00 -1.64e-05
115.00 25.00 0.0025589
120.00 25.00 0.005532
125.00 25.00 0.0049461
130.00 25.00 0.0019372
135.00 25.00 0.0010433
140.00 25.00 0.0031414
145.00 25.00 0.0043527
150.00 25.00 0.0021881
155.00 25.00 -0.0010297
160.00 25.00 -0.0023076
165.00 25.00 -0.0023562
170.00 25.00 -0.0032367
175.00 25.00 -0.0039119
180.00 25.00 -0.0016398
-180.00 30.00 0.0004034
-175.00 30.00 0.0036897
-170.00 30.00 0.005208
-165.00 30.00 0.0034401
-160.00 30.00 0.0004031
-155.00 30.00 -0.0010753
-150.00 30.00 -0.0005995
-145.00 30.00 9.84e-05
-140.00 30.00 9.53e-05
-135.00 30.00 0.0005693
-130.00 30.00 0.0024324
-125.00 30.00 0.0039282
-120.00 30.00 0.002706
-115.00 30.00 -0.000213
-110.00 30.00 -0.0014465
-105.00 30.00 -0.0004144
-100.00 30.00 -5e-05
-95.00 30.00 -0.0014629
-90.00 30.00 -0.0016888
-85.00 30.00 0.0013353
-80.00 30.00 0.0048575
-75.00 30.00 0.0048795
-70.00 30.00 0.0014834
-65.00 30.00 -0.001597
-60.00 30.00 -0.0015667
-55.00 30.00 0.0006952
-50.00 30.00 0.0020963
-45.00 30.00 0.001036
-40.00 30.00 -0.0007307
-35.00 30.00 -0.0008682
-30.00 30.00 -0.0004042
-25.00 30.00 -0.0022396
-20.00 30.00 -0.0057563
-15.00 30.00 -0.0067102
-10.00 30.00 -0.0036251
-5.00 30.00 -0.0002862
0.00 30.00 0.0001772
5.00 30.00 -0.0002051
10.00 30.00 0.0014638
15.00 30.00 0.0036675
20.00 30.00 0.003387
25.00 30.00 0.0018616
30.00 30.00 0.0029383
35.00 30.00 0.0066379
40.00 30.00 0.0088011
45.00 30.00 0.007365
50.00 30.00 0.0048956
55.00 30.00 0.0038147
60.00 30.00 0.002983
65.00 30.00 0.0009682
70.00 30.00 -0.0006929
75.00 30.00 -0.0001302
80.00 30.00 0.0015686
85.00 30.00 0.0023464
90.00 30.00 0.0022832
95.00 30.00 0.0022523
100.00 30.00 0.0016087
105.00 30.00 -0.0001598
110.00 30.00 -0.0013775
115.00 30.00 -0.0005012
120.00 30.00 0.0010358
125.00 30.00 0.0009559
130.00 30.00 -0.0001761
135.00 30.00 -0.0001713
140.00 30.00 0.0007767
145.00 30.00 0.0003192
150.00 30.00 -0.0019196
155.00 30.00 -0.0033946
160.00 30.00 -0.0025721
165.00 30.00 -0.0012109
170.00 30.00 -0.0012352
175.00 30.00 -0.0014575
180.00 30.00 0.0004034
-180.00 35.00 -1.65e-05
-175.00 35.00 0.0010266
-170.00 35.00 0.0016721
-165.00 35.00 0.0005843
-160.00 35.00 -0.0010017
-155.00 35.00 -0.0010892
-150.00 35.00 0.0004285
-145.00 35.00 0.0018686
-140.00 35.00 0.0022678
-135.00 35.00 0.0026021
-130.00 35.00 0.003803
-125.00 35.00 0.004566
-120.00 35.00 0.0027784
-115.00 35.00 -0.0010739
-110.00 35.00 -0.0038729
-105.00 35.00 -0.0037575
-100.00 35.00 -0.0022154
-95.00 35.00 -0.0013582
-90.00 35.00 -0.0008579
-85.00 35.00 0.0008697
-80.00 35.00 0.0035643
-75.00 35.00 0.0049605
-70.00 35.00 0.0035931
-65.00 35.00 0.0006451
-60.00 35.00 -0.0013197
-55.00 35.00 -0.0010905
-50.00 35.00 0.0001057
-45.00 35.00 0.0003787
-40.00 35.00 -0.0005219
-35.00 35.00 -0.0014949
-30.00 35.00 -0.002168
-25.00 35.00 -0.0030964
-20.00 35.00 -0.0038967
-15.00 35.00 -0.0031718
-10.00 35.00 -0.0008826
-5.00 35.00 0.0011689
0.00 35.00 0.0021111
5.00 35.00 0.0032368
10.00 35.00 0.0052228
15.00 35.00 0.0062639
20.00 35.00 0.0049989
25.00 35.00 0.0035391
30.00 35.00 0.0048418
35.00 35.00 0.0079456
40.00 35.00 0.008836
45.00 35.00 0.0061254
50.00 35.00 0.0029354
55.00 35.00 0.0021965
60.00 35.00 0.0027085
65.00 35.00 0.0016241
70.00 35.00 -0.0010949
75.00 35.00 -0.0029012
80.00 35.00 -0.0023272
85.00 35.00 -0.0004414
90.00 35.00 0.0009124
95.00 35.00 0.0008041
100.00 35.00 -0.0005393
105.00 35.00 -0.0019541
110.00 35.00 -0.0020748
115.00 35.00 -0.0007793
120.00 35.00 0.0004883
125.00 35.00 0.0005715
130.00 35.00 5.49e-05
135.00 35.00 -5.48e-05
140.00 35.00 -0.0001686
145.00 35.00 -0.0011545
150.00 35.00 -0.0021433
155.00 35.00 -0.0012199
160.00 35.00 0.001523
165.00 35.00 0.0034412
170.00 35.00 0.0026757
175.00 35.00 0.0006393
180.00 35.00 -1.65e-05
-180.00 40.00 -0.0017814
-175.00 40.00 -0.0015692
-170.00 40.00 -0.000534
-165.00 40.00 -0.000277
-160.00 40.00 -0.0006952
-155.00 40.00 -0.0006134
-150.00 40.00 0.0003763
-145.00 40.00 0.0014626
-140.00 40.00 0.0019476
-135.00 40.00 0.0021992
-130.00 40.00 0.0027158
-125.00 40.00 0.0028191
-120.00 40.00 0.0013284
-115.00 40.00 -0.0014508
-110.00 40.00 -0.0035024
-105.00 40.00 -0.0033882
-100.00 40.00 -0.0019279
-95.00 40.00 -0.0008329
-90.00 40.00 -0.0002584
-85.00 40.00 0.0012224
-80.00 40.00 0.0042162
-75.00 40.00 0.0070122
-70.00 40.00 0.0070805
-65.00 40.00 0.0038509
-60.00 40.00 -0.0004965
-55.00 40.00 -0.0031752
-50.00 40.00 -0.0034308
-45.00 40.00 -0.0027735
-40.00 40.00 -0.0029
-35.00 40.00 -0.0039826
-30.00 40.00 -0.004941
-25.00 40.00 -0.0046833
-20.00 40.00 -0.0029054
-15.00 40.00 -0.0003213
-10.00 40.00 0.0016636
-5.00 40.00 0.0021542
0.00 40.00 0.0018779
5.00 40.00 0.00237
10.00 40.00 0.0038066
15.00 40.00 0.0046609
20.00 40.00 0.0040969
25.00 40.00 0.0035247
30.00 40.00 0.0045245
35.00 40.00 0.0060457
40.00 40.00 0.0054586
45.00 40.00 0.0023478
50.00 40.00 -0.0005485
55.00 40.00 -0.0008734
60.00 40.00 0.0003354
65.00 40.00 0.0003516
70.00 40.00 -0.0014689
75.00 40.00 -0.0031065
80.00 40.00 -0.0028309
85.00 40.00 -0.0013782
90.00 40.00 -0.0007747
95.00 40.00 -0.001768
100.00 40.00 -0.0029963
105.00 40.00 -0.0025504
110.00 40.00 -0.0001104
115.00 40.00 0.0025427
120.00 40.00 0.00325
125.00 40.00 0.0016731
130.00 40.00 -0.0005278
135.00 40.00 -0.0016904
140.00 40.00 -0.0016711
145.00 40.00 -0.0010529
150.00 40.00 0.0002967
155.00 40.00 0.002779
160.00 40.00 0.0054346
165.00 40.00 0.006104
170.00 40.00 0.0038231
175.00 40.00 0.0002979
180.00 40.00 -0.0017814
-180.00 45.00 -0.0026239
-175.00 45.00 -0.0017445
-170.00 45.00 -0.0002717
-165.00 45.00 0.0004741
-160.00 45.00 0.0003444
-155.00 45.00 0.0001556
-150.00 45.00 0.0004861
-145.00 45.00 0.0010564
-140.00 45.00 0.0013078
-135.00 45.00 0.0011868
-130.00 45.00 0.0010517
-125.00 45.00 0.0010344
-120.00 45.00 0.0009564
-115.00 45.00 0.0008729
-110.00 45.00 0.0011772
-105.00 45.00 0.001895
-100.00 45.00 0.0023104
-95.00 45.00 0.0018475
-90.00 45.00 0.0012051
-85.00 45.00 0.001957
-80.00 45.00 0.0046503
-75.00 45.00 0.0075913
-70.00 45.00 0.0080621
-65.00 45.00 0.0049555
-60.00 45.00 2.21e-05
-55.00 45.00 -0.0037043
-50.00 45.00 -0.004668
-45.00 45.00 -0.0038705
-40.00 45.00 -0.0033634
-35.00 45.00 -0.0040121
-30.00 45.00 -0.0048418
-25.00 45.00 -0.004335
-20.00 45.00 -0.0021584
-15.00 45.00 0.0003512
-10.00 45.00 0.0013685
-5.00 45.00 0.000344
0.00 45.00 -0.0014202
5.00 45.00 -0.0021253
10.00 45.00 -0.001343
15.00 45.00 -0.0002048
20.00 45.00 0.0002379
25.00 45.00 0.0002219
30.00 45.00 0.00048
35.00 45.00 0.0008376
40.00 45.00 0.000441
45.00 45.00 -0.0007446
50.00 45.00 -0.0016024
55.00 45.00 -0.0013874
60.00 45.00 -0.0008585
65.00 45.00 -0.0012171
70.00 45.00 -0.0023013
75.00 45.00 -0.0026799
80.00 45.00 -0.0016271
85.00 45.00 -0.0002835
90.00 45.00 -0.0003519
95.00 45.00 -0.0019007
100.00 45.00 -0.0030124
105.00 45.00 -0.0018139
110.00 45.00 0.0013431
115.00 45.00 0.0039927
120.00 45.00 0.0039156
125.00 45.00 0.0012755
130.00 45.00 -0.0016744
135.00 45.00 -0.0028164
140.00 45.00 -0.0018219
145.00 45.00 0.0002567
150.00 45.00 0.0023622
155.00 45.00 0.0039322
160.00 45.00 0.0044344
165.00 45.00 0.0033166
170.00 45.00 0.0008084
175.00 45.00 -0.0016904
180.00 45.00 -0.0026239
-180.00 50.00 -0.0022791
-175.00 50.00 -0.0007932
-170.00 50.00 0.0003142
-165.00 50.00 0.0005795
-160.00 50.00 0.0003377
-155.00 50.00 0.0003036
-150.00 50.00 0.0007763
-145.00 50.00 0.0013252
-140.00 50.00 0.0012948
-135.00 50.00 0.0005612
-130.00 50.00 -0.0002549
-125.00 50.00 -0.0002656
-120.00 50.00 0.0010358
-115.00 50.00 0.0034472
-110.00 50.00 0.0061033
-105.00 50.00 0.0078021
-100.00 50.00 0.007628
-95.00 50.00 0.0056826
-90.00 50.00 0.0032799
-85.00 50.00 0.0020846
-80.00 50.00 0.0026807
-75.00 50.00 0.0039236
-70.00 50.00 0.0039159
-65.00 50.00 0.0018268
-60.00 50.00 -0.0012366
-55.00 50.00 -0.0032357
-50.00 50.00 -0.0031018
-45.00 50.00 -0.0016288
-40.00 50.00 -0.0005444
-35.00 50.00 -0.0008134
-30.00 50.00 -0.001893
-25.00 50.00 -0.0025481
-20.00 50.00 -0.0022418
-15.00 50.00 -0.0016498
-10.00 50.00 -0.0018312
-5.00 50.00 -0.0029854
0.00 50.00 -0.0041516
5.00 50.00 -0.0042061
10.00 50.00 -0.003083
15.00 50.00 -0.001866
20.00 50.00 -0.0016695
25.00 50.00 -0.0025716
30.00 50.00 -0.0036857
35.00 50.00 -0.0040682
40.00 50.00 -0.0033957
45.00 50.00 -0.0019701
50.00 50.00 -0.0004718
55.00 50.00 0.000246
60.00 50.00 -0.0004204
65.00 50.00 -0.0021736
70.00 50.00 -0.0036799
75.00 50.00 -0.0035481
80.00 50.00 -0.0017019
85.00 50.00 0.0003734
90.00 50.00 0.0010078
95.00 50.00 7.1e-06
100.00 50.00 -0.0011868
105.00 50.00 -0.0010348
110.00 50.00 0.0005051
115.00 50.00 0.0020141
120.00 50.00 0.0021797
125.00 50.00 0.0011661
130.00 50.00 0.0003624
135.00 50.00 0.0008891
140.00 50.00 0.0025048
145.00 50.00 0.0039392
150.00 50.00 0.0040826
155.00 50.00 0.0027588
160.00 50.00 0.0005798
165.00 50.00 -0.0015979
170.00 50.00 -0.0030263
175.00 50.00 -0.0032403
180.00 50.00 -0.0022791
-180.00 55.00 -0.0016393
-175.00 55.00 -0.000302
-170.00 55.00 0.0001824
-165.00 55.00 7.66e-05
-160.00 55.00 5.93e-05
-155.00 55.00 0.0006342
-150.00 55.00 0.0016516
-145.00 55.00 0.0023637
-140.00 55.00 0.0020288
-135.00 55.00 0.0005947
-130.00 55.00 -0.0011033
-125.00 55.00 -0.0018143
-120.00 55.00 -0.0006787
-115.00 55.00 0.0021778
-110.00 55.00 0.0056338
-105.00 55.00 0.0081521
-100.00 55.00 0.0086291
-95.00 55.00 0.0070193
-90.00 55.00 0.004306
-85.00 55.00 0.0017879
-80.00 55.00 0.000181
-75.00 55.00 -0.0007381
-70.00 55.00 -0.0016463
-65.00 55.00 -0.0028152
-60.00 55.00 -0.003728
-55.00 55.00 -0.0035721
-50.00 55.00 -0.0021273
-45.00 55.00 -0.0001572
-40.00 55.00 0.0011044
-35.00 55.00 0.000892
-30.00 55.00 -0.0005883
-25.00 55.00 -0.0024809
-20.00 55.00 -0.0040151
-15.00 55.00 -0.0049243
-10.00 55.00 -0.0052526
-5.00 55.00 -0.0049355
0.00 55.00 -0.0037472
5.00 55.00 -0.0017285
10.00 55.00 0.0004194
15.00 55.00 0.0015555
20.00 55.00 0.000898
25.00 55.00 -0.0012754
30.00 55.00 -0.0036856
35.00 55.00 -0.0048686
40.00 55.00 -0.004139
45.00 55.00 -0.0020342
50.00 55.00 1.01e-05
55.00 55.00 0.0005475
60.00 55.00 -0.000929
65.00 55.00 -0.0035682
70.00 55.00 -0.0056504
75.00 55.00 -0.0057648
80.00 55.00 -0.0038305
85.00 55.00 -0.0011135
90.00 55.00 0.000803
95.00 55.00 0.0012065
100.00 55.00 0.0005908
105.00 55.00 -2.41e-05
110.00 55.00 -1.01e-05
115.00 55.00 0.0005823
120.00 55.00 0.0014563
125.00 55.00 0.0025533
130.00 55.00 0.0039886
135.00 55.00 0.0055734
140.00 55.00 0.0065767
145.00 55.00 0.0061218
150.00 55.00 0.0039032
155.00 55.00 0.0005564
160.00 55.00 -0.0026538
165.00 55.00 -0.0045577
170.00 55.00 -0.004684
175.00 55.00 -0.0034062
180.00 55.00 -0.0016393
-180.00 60.00 -0.0014223
-175.00 60.00 -0.0005725
-170.00 60.00 -0.0004025
-165.00 60.00 -0.0004318
-160.00 60.00 -8.08e-05
-155.00 60.00 0.0008663
-150.00 60.00 0.0020423
-145.00 60.00 0.002694
-140.00 60.00 0.0021901
-135.00 60.00 0.0005072
-130.00 60.00 -0.0016462
-125.00 60.00 -0.0031716
-120.00 60.00 -0.0031873
-115.00 60.00 -0.0015256
-110.00 60.00 0.0011721
-105.00 60.00 0.0038058
-100.00 60.00 0.0053861
-95.00 60.00 0.0054839
-90.00 60.00 0.0043123
-85.00 60.00 0.0024475
-80.00 60.00 0.0004341
-75.00 60.00 -0.0014285
-70.00 60.00 -0.0030086
-65.00 60.00 -0.004134
-60.00 60.00 -0.0045278
-55.00 60.00 -0.0040001
-50.00 60.00 -0.0027226
-45.00 60.00 -0.0012967
-40.00 60.00 -0.0004868
-35.00 60.00 -0.0007923
-30.00 60.00 -0.0021742
-25.00 60.00 -0.0041109
-20.00 60.00 -0.0058878
-15.00 60.00 -0.0068832
-10.00 60.00 -0.0067101
-5.00 60.00 -0.0052619
0.00 60.00 -0.0027717
5.00 60.00 0.0001276
10.00 60.00 0.0024969
15.00 60.00 0.0034449
20.00 60.00 0.0026175
25.00 60.00 0.0004902
30.00 60.00 -0.00181
35.00 60.00 -0.0031185
40.00 60.00 -0.0029198
45.00 60.00 -0.0016612
50.00 60.00 -0.0004719
55.00 60.00 -0.0004408
60.00 60.00 -0.0018995
65.00 60.00 -0.0041755
70.00 60.00 -0.0059954
75.00 60.00 -0.0062835
80.00 60.00 -0.0048188
85.00 60.00 -0.0023107
90.00 60.00 0.0001165
95.00 60.00 0.0016192
100.00 60.00 0.0020235
105.00 60.00 0.001728
110.00 60.00 0.0013218
115.00 60.00 0.0012518
120.00 60.00 0.0016976
125.00 60.00 0.002579
130.00 60.00 0.0035771
135.00 60.00 0.0041769
140.00 60.00 0.0038337
145.00 60.00 0.0022731
150.00 60.00 -0.0002476
155.00 60.00 -0.0029494
160.00 60.00 -0.0048792
165.00 60.00 -0.0054058
170.00 60.00 -0.0045503
175.00 60.00 -0.0029404
180.00 60.00 -0.0014223
-180.00 65.00 -0.0014944
-175.00 65.00 -0.0013343
-170.00 65.00 -0.0015554
-165.00 65.00 -0.0017712
-160.00 65.00 -0.0016344
-155.00 65.00 -0.0010681
-150.00 65.00 -0.0003364
-145.00 65.00 9.83e-05
-140.00 65.00 -0.0001445
-135.00 65.00 -0.0011089
-130.00 65.00 -0.0024297
-125.00 65.00 -0.0034859
-120.00 65.00 -0.0036994
-115.00 65.00 -0.0028116
-110.00 65.00 -0.0009978
-105.00 65.00 0.001228
-100.00 65.00 0.0032443
-95.00 65.00 0.0045591
-90.00 65.00 0.0049425
-85.00 65.00 0.004425
-80.00 65.00 0.0032131
-75.00 65.00 0.0015989
-70.00 65.00 -9.44e-05
-65.00 65.00 -0.0015491
-60.00 65.00 -0.00251
-55.00 65.00 -0.002871
-50.00 65.00 -0.0027408
-45.00 65.00 -0.0024256
-40.00 65.00 -0.0023067
-35.00 65.00 -0.0026669
-30.00 65.00 -0.0035575
-25.00 65.00 -0.004773
-20.00 65.00 -0.0059341
-15.00 65.00 -0.0066309
-10.00 65.00 -0.0065674
-5.00 65.00 -0.0056722
0.00 65.00 -0.0041485
5.00 65.00 -0.0024365
10.00 65.00 -0.0010708
15.00 65.00 -0.0004598
20.00 65.00 -0.0006825
25.00 65.00 -0.0014252
30.00 65.00 -0.0021261
35.00 65.00 -0.0022754
40.00 65.00 -0.001707
45.00 65.00 -0.0007046
50.00 65.00 0.0001577
55.00 65.00 0.0003558
60.00 65.00 -0.0002618
65.00 65.00 -0.0013674
70.00 65.00 -0.0023302
75.00 65.00 -0.002568
80.00 65.00 -0.0018598
85.00 65.00 -0.0004399
90.00 65.00 0.001159
95.00 65.00 0.0023936
100.00 65.00 0.0029501
105.00 65.00 0.0028223
110.00 65.00 0.0022302
115.00 65.00 0.0014633
120.00 65.00 0.0007381
125.00 65.00 0.0001217
130.00 65.00 -0.0004664
135.00 65.00 -0.0011818
140.00 65.00 -0.002136
145.00 65.00 -0.0032837
150.00 65.00 -0.0043865
155.00 65.00 -0.0050965
160.00 65.00 -0.005134
165.00 65.00 -0.0044608
170.00 65.00 -0.0033378
175.00 65.00 -0.002213
180.00 65.00 -0.0014944
-180.00 70.00 -0.0006038
-175.00 70.00 -0.0013069
-170.00 70.00 -0.0022162
-165.00 70.00 -0.0030764
-160.00 70.00 -0.0036747
-155.00 70.00 -0.0039229
-150.00 70.00 -0.0038782
-145.00 70.00 -0.003692
-140.00 70.00 -0.0035134
-135.00 70.00 -0.0033992
-130.00 70.00 -0.0032753
-125.00 70.00 -0.0029712
-120.00 70.00 -0.0023078
-115.00 70.00 -0.0011931
-110.00 70.00 0.0003183
-105.00 70.00 0.0020286
-100.00 70.00 0.0036541
-95.00 70.00 0.0049092
-90.00 70.00 0.0055822
-85.00 70.00 0.0055807
-80.00 70.00 0.0049418
-75.00 70.00 0.0038128
-70.00 70.00 0.002413
-65.00 70.00 0.0009825
-60.00 70.00 -0.0002729
-55.00 70.00 -0.0012298
-50.00 70.00 -0.0018734
-45.00 70.00 -0.0022893
-40.00 70.00 -0.0026218
-35.00 70.00 -0.0030124
-30.00 70.00 -0.0035443
-25.00 70.00 -0.0042121
-20.00 70.00 -0.0049294
-15.00 70.00 -0.0055661
-10.00 70.00 -0.0060005
-5.00 70.00 -0.0061658
0.00 70.00 -0.0060725
5.00 70.00 -0.0057952
10.00 70.00 -0.0054288
15.00 70.00 -0.0050305
20.00 70.00 -0.0045807
25.00 70.00 -0.0039865
30.00 70.00 -0.003135
35.00 70.00 -0.0019742
40.00 70.00 -0.0005754
45.00 70.00 0.000863
50.00 70.00 0.0020807
55.00 70.00 0.002864
60.00 70.00 0.0031401
65.00 70.00 0.0030074
70.00 70.00 0.0026851
75.00 70.00 0.002407
80.00 70.00 0.0023183
85.00 70.00 0.0024216
90.00 70.00 0.0025963
95.00 70.00 0.002669
100.00 70.00 0.0024952
105.00 70.00 0.0020147
110.00 70.00 0.0012614
115.00 70.00 0.0003366
120.00 70.00 -0.000634
125.00 70.00 -0.0015382
130.00 70.00 -0.0022946
135.00 70.00 -0.0028501
140.00 70.00 -0.0031659
145.00 70.00 -0.0032085
150.00 70.00 -0.002958
155.00 70.00 -0.0024342
160.00 70.00 -0.0017262
165.00 70.00 -0.0009989
170.00 70.00 -0.0004621
175.00 70.00 -0.0003018
180.00 70.00 -0.0006038
-180.00 75.00 0.0016117
-175.00 75.00 0.0005197
-170.00 75.00 -0.000688
-165.00 75.00 -0.0018603
-160.00 75.00 -0.0028617
-155.00 75.00 -0.0035963
-150.00 75.00 -0.0040184
-145.00 75.00 -0.0041276
-140.00 75.00 -0.0039523
-135.00 75.00 -0.0035306
-130.00 75.00 -0.002897
-125.00 75.00 -0.0020808
-120.00 75.00 -0.0011138
-115.00 75.00 -4.27e-05
-110.00 75.00 0.0010623
-105.00 75.00 0.0021072
-100.00 75.00 0.0029855
-95.00 75.00 0.0035965
-90.00 75.00 0.0038667
-85.00 75.00 0.0037654
-80.00 75.00 0.0033128
-75.00 75.00 0.0025764
-70.00 75.00 0.0016572
-65.00 75.00 0.0006698
-60.00 75.00 -0.0002803
-55.00 75.00 -0.0011157
-50.00 75.00 -0.0017989
-45.00 75.00 -0.0023337
-40.00 75.00 -0.0027566
-35.00 75.00 -0.0031202
-30.00 75.00 -0.0034753
-25.00 75.00 -0.0038548
-20.00 75.00 -0.0042654
-15.00 75.00 -0.0046873
-10.00 75.00 -0.0050814
-5.00 75.00 -0.0053987
0.00 75.00 -0.005589
5.00 75.00 -0.005607
10.00 75.00 -0.0054144
15.00 75.00 -0.0049825
20.00 75.00 -0.0042951
25.00 75.00 -0.0033568
30.00 75.00 -0.0022017
35.00 75.00 -0.0008992
40.00 75.00 0.0004487
45.00 75.00 0.0017195
50.00 75.00 0.0027932
55.00 75.00 0.003577
60.00 75.00 0.0040253
65.00 75.00 0.0041465
70.00 75.00 0.0039941
75.00 75.00 0.0036473
80.00 75.00 0.0031866
85.00 75.00 0.0026747
90.00 75.00 0.0021494
95.00 75.00 0.0016277
100.00 75.00 0.0011179
105.00 75.00 0.0006327
110.00 75.00 0.0001962
115.00 75.00 -0.0001549
120.00 75.00 -0.0003789
125.00 75.00 -0.0004382
130.00 75.00 -0.0003088
135.00 75.00 1.31e-05
140.00 75.00 0.000507
145.00 75.00 0.0011251
150.00 75.00 0.0017934
155.00 75.00 0.0024153
160.00 75.00 0.0028817
165.00 75.00 0.003088
170.00 75.00 0.0029557
175.00 75.00 0.0024537
180.00 75.00 0.0016117
-180.00 80.00 0.0029158
-175.00 80.00 0.0022318
-170.00 80.00 0.0014841
-165.00 80.00 0.0007326
-160.00 80.00 3.51e-05
-155.00 80.00 -0.0005594
-150.00 80.00 -0.0010153
-145.00 80.00 -0.0013126
-140.00 80.00 -0.0014467
-135.00 80.00 -0.0014271
-130.00 80.00 -0.0012749
-125.00 80.00 -0.00102
-120.00 80.00 -0.0006988
-115.00 80.00 -0.0003512
-110.00 80.00 -1.78e-05
-105.00 80.00 0.0002624
-100.00 80.00 0.000456
-95.00 80.00 0.0005382
-90.00 80.00 0.0004956
-85.00 80.00 0.0003275
-80.00 80.00 4.62e-05
-75.00 80.00 -0.0003254
-70.00 80.00 -0.0007569
-65.00 80.00 -0.0012152
-60.00 80.00 -0.0016684
-55.00 80.00 -0.0020907
-50.00 80.00 -0.0024647
-45.00 80.00 -0.0027822
-40.00 80.00 -0.0030432
-35.00 80.00 -0.0032534
-30.00 80.00 -0.0034211
-25.00 80.00 -0.0035538
-20.00 80.00 -0.0036546
-15.00 80.00 -0.0037213
-10.00 80.00 -0.0037459
-5.00 80.00 -0.0037158
0.00 80.00 -0.0036161
5.00 80.00 -0.0034318
10.00 80.00 -0.003152
15.00 80.00 -0.0027722
20.00 80.00 -0.0022972
25.00 80.00 -0.001742
30.00 80.00 -0.0011321
35.00 80.00 -0.0005016
40.00 80.00 0.0001095
45.00 80.00 0.0006607
50.00 80.00 0.0011158
55.00 80.00 0.0014477
60.00 80.00 0.0016419
65.00 80.00 0.0016982
70.00 80.00 0.0016304
75.00 80.00 0.0014634
80.00 80.00 0.0012298
85.00 80.00 0.0009659
90.00 80.00 0.0007082
95.00 80.00 0.0004901
100.00 80.00 0.0003402
105.00 80.00 0.0002813
110.00 80.00 0.0003292
115.00 80.00 0.0004919
120.00 80.00 0.0007688
125.00 80.00 0.0011499
130.00 80.00 0.0016157
135.00 80.00 0.0021373
140.00 80.00 0.0026771
145.00 80.00 0.003191
150.00 80.00 0.0036319
155.00 80.00 0.0039545
160.00 80.00 0.00412
165.00 80.00 0.0041007
170.00 80.00 0.0038853
175.00 80.00 0.0034814
180.00 80.00 0.0029158
-180.00 85.00 0.0015241
-175.00 85.00 0.0013578
-170.00 85.00 0.0011653
-165.00 85.00 0.0009566
-160.00 85.00 0.0007411
-155.00 85.00 0.0005265
-150.00 85.00 0.0003185
-145.00 85.00 0.0001217
-140.00 85.00 -6e-05
-135.00 85.00 -0.0002236
-130.00 85.00 -0.0003686
-125.00 85.00 -0.0004974
-120.00 85.00 -0.0006146
-115.00 85.00 -0.0007251
-110.00 85.00 -0.0008328
-105.00 85.00 -0.0009405
-100.00 85.00 -0.0010506
-95.00 85.00 -0.001166
-90.00 85.00 -0.0012893
-85.00 85.00 -0.0014216
-80.00 85.00 -0.0015611
-75.00 85.00 -0.0017039
-70.00 85.00 -0.0018456
-65.00 85.00 -0.001983
-60.00 85.00 -0.0021136
-55.00 85.00 -0.0022349
-50.00 85.00 -0.002343
-45.00 85.00 -0.0024337
-40.00 85.00 -0.0025037
-35.00 85.00 -0.002552
-30.00 85.00 -0.0025794
-25.00 85.00 -0.0025864
-20.00 85.00 -0.0025724
-15.00 85.00 -0.0025359
-10.00 85.00 -0.002476
-5.00 85.00 -0.0023939
0.00 85.00 -0.0022922
5.00 85.00 -0.0021733
10.00 85.00 -0.0020388
15.00 85.00 -0.0018898
20.00 85.00 -0.0017286
25.00 85.00 -0.0015601
30.00 85.00 -0.0013905
35.00 85.00 -0.0012256
40.00 85.00 -0.0010693
45.00 85.00 -0.0009238
50.00 85.00 -0.0007912
55.00 85.00 -0.0006739
60.00 85.00 -0.0005736
65.00 85.00 -0.0004897
70.00 85.00 -0.0004185
75.00 85.00 -0.0003542
80.00 85.00 -0.0002907
85.00 85.00 -0.0002232
90.00 85.00 -0.0001478
95.00 85.00 -6.03e-05
100.00 85.00 4.38e-05
105.00 85.00 0.0001684
110.00 85.00 0.0003147
115.00 85.00 0.0004804
120.00 85.00 0.0006606
125.00 85.00 0.0008494
130.00 85.00 0.0010406
135.00 85.00 0.0012275
140.00 85.00 0.0014022
145.00 85.00 0.0015553
150.00 85.00 0.0016774
155.00 85.00 0.0017607
160.00 85.00 0.001801
165.00 85.00 0.0017966
170.00 85.00 0.0017478
175.00 85.00 0.001656
180.00 85.00 0.0015241
-180.00 90.00 -0.0008862
-175.00 90.00 -0.0008862
-170.00 90.00 -0.0008862
-165.00 90.00 -0.0008862
-160.00 90.00 -0.0008862
-155.00 90.00 -0.0008862
-150.00 90.00 -0.0008862
-145.00 90.00 -0.0008862
-140.00 90.00 -0.0008862
-135.00 90.00 -0.0008862
-130.00 90.00 -0.0008862
-125.00 90.00 -0.0008862
-120.00 90.00 -0.0008862
-115.00 90.00 -0.0008862
-110.00 90.00 -0.0008862
-105.00 90.00 -0.0008862
-100.00 90.00 -0.0008862
-95.00 90.00 -0.0008862
-90.00 90.00 -0.0008862
-85.00 90.00 -0.0008862
-80.00 90.00 -0.0008862
-75.00 90.00 -0.0008862
-70.00 90.00 -0.0008862
-65.00 90.00 -0.0008862
-60.00 90.00 -0.0008862
-55.00 90.00 -0.0008862
-50.00 90.00 -0.0008862
-45.00 90.00 -0.0008862
-40.00 90.00 -0.0008862
-35.00 90.00 -0.0008862
-30.00 90.00 -0.0008862
-25.00 90.00 -0.0008862
-20.00 90.00 -0.0008862
-15.00 90.00 -0.0008862
-10.00 90.00 -0.0008862
-5.00 90.00 -0.0008862
0.00 90.00 -0.0008862
5.00 90.00 -0.0008862
10.00 90.00 -0.0008862
15.00 90.00 -0.0008862
20.00 90.00 -0.0008862
25.00 90.00 -0.0008862
30.00 90.00 -0.0008862
35.00 90.00 -0.0008862
40.00 90.00 -0.0008862
45.00 90.00 -0.0008862
50.00 90.00 -0.0008862
55.00 90.00 -0.0008862
60.00 90.00 -0.0008862
65.00 90.00 -0.0008862
70.00 90.00 -0.0008862
75.00 90.00 -0.0008862
80.00 90.00 -0.0008862
85.00 90.00 -0.0008862
90.00 90.00 -0.0008862
95.00 90.00 -0.0008862
100.00 90.00 -0.0008862
105.00 90.00 -0.0008862
110.00 90.00 -0.0008862
115.00 90.00 -0.0008862
120.00 90.00 -0.0008862
125.00 90.00 -0.0008862
130.00 90.00 -0.0008862
135.00 90.00 -0.0008862
140.00 90.00 -0.0008862
145.00 90.00 -0.0008862
150.00 90.00 -0.0008862
155.00 90.00 -0.0008862
160.00 90.00 -0.0008862
165.00 90.00 -0.0008862
170.00 90.00 -0.0008862
175.00 90.00 -0.0008862
180.00 90.00 -0.0008862
