-180.00 -90.00 -0.00019563
-175.00 -90.00 -0.00019557
-170.00 -90.00 -0.00019551
-165.00 -90.00 -0.00019542
-160.00 -90.00 -0.00019539
-155.00 -90.00 -0.00019533
-150.00 -90.00 -0.0001953
-145.00 -90.00 -0.00019527
-140.00 -90.00 -0.00019524
-135.00 -90.00 -0.00019524
-130.00 -90.00 -0.00019524
-125.00 -90.00 -0.00019527
-120.00 -90.00 -0.00019527
-115.00 -90.00 -0.00019533
-110.00 -90.00 -0.00019536
-105.00 -90.00 -0.00019542
-100.00 -90.00 -0.00019548
-95.00 -90.00 -0.00019557
-90.00 -90.00 -0.00019563
-85.00 -90.00 -0.00019569
-80.00 -90.00 -0.00019575
-75.00 -90.00 -0.00019581
-70.00 -90.00 -0.00019587
-65.00 -90.00 -0.00019593
-60.00 -90.00 -0.00019596
-55.00 -90.00 -0.00019599
-50.00 -90.00 -0.00019602
-45.00 -90.00 -0.00019602
-40.00 -90.00 -0.00019602
-35.00 -90.00 -0.00019599
-30.00 -90.00 -0.00019596
-25.00 -90.00 -0.00019593
-20.00 -90.00 -0.00019587
-15.00 -90.00 -0.00019584
-10.00 -90.00 -0.00019575
-5.00 -90.00 -0.00019569
0.00 -90.00 -0.00019563
5.00 -90.00 -0.00019557
10.00 -90.00 -0.00019548
15.00 -90.00 -0.00019542
20.00 -90.00 -0.00019536
25.00 -90.00 -0.00019533
30.00 -90.00 -0.00019527
35.00 -90.00 -0.00019524
40.00 -90.00 -0.00019524
45.00 -90.00 -0.00019524
50.00 -90.00 -0.00019524
55.00 -90.00 -0.00019524
60.00 -90.00 -0.00019527
65.00 -90.00 -0.00019533
70.00 -90.00 -0.00019536
75.00 -90.00 -0.00019542
80.00 -90.00 -0.00019548
85.00 -90.00 -0.00019557
90.00 -90.00 -0.00019563
95.00 -90.00 -0.00019569
100.00 -90.00 -0.00019575
105.00 -90.00 -0.00019581
110.00 -90.00 -0.00019587
115.00 -90.00 -0.00019593
120.00 -90.00 -0.00019596
125.00 -90.00 -0.00019599
130.00 -90.00 -0.00019602
135.00 -90.00 -0.00019602
140.00 -90.00 -0.00019602
145.00 -90.00 -0.00019599
150.00 -90.00 -0.00019596
155.00 -90.00 -0.00019593
160.00 -90.00 -0.0001959
165.00 -90.00 -0.00019584
170.00 -90.00 -0.00019578
175.00 -90.00 -0.00019569
180.00 -90.00 -0.00019563
-180.00 -85.00 -0.00126582
-175.00 -85.00 -0.0012726
-170.00 -85.00 -0.00127008
-165.00 -85.00 -0.00125829
-160.00 -85.00 -0.00123738
-155.00 -85.00 -0.00120768
-150.00 -85.00 -0.00116967
-145.00 -85.00 -0.00112407
-140.00 -85.00 -0.00107151
-135.00 -85.00 -0.00101289
-130.00 -85.00 -0.00094911
-125.00 -85.00 -0.0008814
-120.00 -85.00 -0.00081108
-115.00 -85.00 -0.00073953
-110.00 -85.00 -0.00066819
-105.00 -85.00 -0.00059847
-100.00 -85.00 -0.00053184
-95.00 -85.00 -0.00046959
-90.00 -85.00 -0.0004128
-85.00 -85.00 -0.00036228
-80.00 -85.00 -0.00031836
-75.00 -85.00 -0.00028113
-70.00 -85.00 -0.00025023
-65.00 -85.00 -0.00022497
-60.00 -85.00 -0.00020433
-55.00 -85.00 -0.00018705
-50.00 -85.00 -0.00017172
-45.00 -85.00 -0.00015681
-40.00 -85.00 -0.00014082
-35.00 -85.00 -0.00012234
-30.00 -85.00 -0.00010026
-25.00 -85.00 -7.371e-05
-20.00 -85.00 -4.221e-05
-15.00 -85.00 -5.55e-06
-10.00 -85.00 3.612e-05
-5.00 -85.00 8.223e-05
0.00 -85.00 0.0001317
5.00 -85.00 0.00018324
10.00 -85.00 0.00023523
15.00 -85.00 0.00028614
20.00 -85.00 0.0003342
25.00 -85.00 0.00037752
30.00 -85.00 0.00041424
35.00 -85.00 0.00044259
40.00 -85.00 0.00046113
45.00 -85.00 0.00046872
50.00 -85.00 0.00046443
55.00 -85.00 0.00044748
60.00 -85.00 0.00041754
65.00 -85.00 0.00037473
70.00 -85.00 0.00031965
75.00 -85.00 0.00025323
80.00 -85.00 0.00017676
85.00 -85.00 9.165e-05
90.00 -85.00 -2.4e-07
95.00 -85.00 -9.696e-05
100.00 -85.00 -0.00019644
105.00 -85.00 -0.00029679
110.00 -85.00 -0.00039639
115.00 -85.00 -0.00049377
120.00 -85.00 -0.00058782
125.00 -85.00 -0.00067758
130.00 -85.00 -0.00076242
135.00 -85.00 -0.00084201
140.00 -85.00 -0.00091605
145.00 -85.00 -0.00098427
150.00 -85.00 -0.00104637
155.00 -85.00 -0.00110193
160.00 -85.00 -0.00115059
165.00 -85.00 -0.00119181
170.00 -85.00 -0.00122511
175.00 -85.00 -0.00124992
180.00 -85.00 -0.00126582
-180.00 -80.00 -0.00217137
-175.00 -80.00 -0.00224757
-170.00 -80.00 -0.00229563
-165.00 -80.00 -0.00231576
-160.00 -80.00 -0.00231414
-155.00 -80.00 -0.00229689
-150.00 -80.00 -0.00226422
-145.00 -80.00 -0.002214
-140.00 -80.00 -0.00214713
-135.00 -80.00 -0.0020649
-130.00 -80.00 -0.00196404
-125.00 -80.00 -0.00183954
-120.00 -80.00 -0.00169245
-115.00 -80.00 -0.00152928
-110.00 -80.00 -0.00135573
-105.00 -80.00 -0.00117591
-100.00 -80.00 -0.00099795
-95.00 -80.00 -0.00083418
-90.00 -80.00 -0.0006939
-85.00 -80.00 -0.00057981
-80.00 -80.00 -0.00049365
-75.00 -80.00 -0.0004395
-70.00 -80.00 -0.00041874
-65.00 -80.00 -0.00042594
-60.00 -80.00 -0.00045369
-55.00 -80.00 -0.00049824
-50.00 -80.00 -0.00055614
-45.00 -80.00 -0.00061875
-40.00 -80.00 -0.00067497
-35.00 -80.00 -0.00071823
-30.00 -80.00 -0.00074538
-25.00 -80.00 -0.00075063
-20.00 -80.00 -0.0007266
-15.00 -80.00 -0.00067128
-10.00 -80.00 -0.00058902
-5.00 -80.00 -0.00048405
0.00 -80.00 -0.00035781
5.00 -80.00 -0.00021462
10.00 -80.00 -6.39e-05
15.00 -80.00 8.619e-05
20.00 -80.00 0.00023316
25.00 -80.00 0.00037557
30.00 -80.00 0.00050799
35.00 -80.00 0.00062481
40.00 -80.00 0.0007254
45.00 -80.00 0.00081081
50.00 -80.00 0.00087726
55.00 -80.00 0.00091794
60.00 -80.00 0.00092985
65.00 -80.00 0.00091323
70.00 -80.00 0.00086571
75.00 -80.00 0.00078279
80.00 -80.00 0.00066507
85.00 -80.00 0.00052032
90.00 -80.00 0.00035697
95.00 -80.00 0.00018096
100.00 -80.00 2.7e-07
105.00 -80.00 -0.00017295
110.00 -80.00 -0.00032934
115.00 -80.00 -0.00046791
120.00 -80.00 -0.00059226
125.00 -80.00 -0.00070488
130.00 -80.00 -0.00080967
135.00 -80.00 -0.00091596
140.00 -80.00 -0.00103419
145.00 -80.00 -0.00116799
150.00 -80.00 -0.00131448
155.00 -80.00 -0.00147063
160.00 -80.00 -0.00163362
165.00 -80.00 -0.00179547
170.00 -80.00 -0.00194382
175.00 -80.00 -0.00206982
180.00 -80.00 -0.00217137
-180.00 -75.00 -0.00249057
-175.00 -75.00 -0.00262731
-170.00 -75.00 -0.00269691
-165.00 -75.00 -0.0027204
-160.00 -75.00 -0.00272166
-155.00 -75.00 -0.00272235
-150.00 -75.00 -0.00273657
-145.00 -75.00 -0.00276771
-140.00 -75.00 -0.00280752
-135.00 -75.00 -0.00283728
-130.00 -75.00 -0.0028317
-125.00 -75.00 -0.00276615
-120.00 -75.00 -0.00262425
-115.00 -75.00 -0.00240309
-110.00 -75.00 -0.00211497
-105.00 -75.00 -0.00178479
-100.00 -75.00 -0.0014436
-95.00 -75.00 -0.00112068
-90.00 -75.00 -0.00083826
-85.00 -75.00 -0.00060945
-80.00 -75.00 -0.00043875
-75.00 -75.00 -0.00032493
-70.00 -75.00 -0.0002646
-65.00 -75.00 -0.00025422
-60.00 -75.00 -0.00028989
-55.00 -75.00 -0.00036696
-50.00 -75.00 -0.00047919
-45.00 -75.00 -0.00061686
-40.00 -75.00 -0.0007656
-35.00 -75.00 -0.00090738
-30.00 -75.00 -0.00102231
-25.00 -75.00 -0.0010911
-20.00 -75.00 -0.00109965
-15.00 -75.00 -0.00104373
-10.00 -75.00 -0.00093084
-5.00 -75.00 -0.00077847
0.00 -75.00 -0.00061029
5.00 -75.00 -0.0004503
10.00 -75.00 -0.00031605
15.00 -75.00 -0.00021462
20.00 -75.00 -0.00014343
25.00 -75.00 -9.288e-05
30.00 -75.00 -4.953e-05
35.00 -75.00 6e-08
40.00 -75.00 6.621e-05
45.00 -75.00 0.00015579
50.00 -75.00 0.00027237
55.00 -75.00 0.00041442
60.00 -75.00 0.00057369
65.00 -75.00 0.00073536
70.00 -75.00 0.00087903
75.00 -75.00 0.0009813
80.00 -75.00 0.00102162
85.00 -75.00 0.00098931
90.00 -75.00 0.00088815
95.00 -75.00 0.00073647
100.00 -75.00 0.000564
105.00 -75.00 0.00040488
110.00 -75.00 0.00028719
115.00 -75.00 0.00022443
120.00 -75.00 0.00021177
125.00 -75.00 0.00022677
130.00 -75.00 0.0002343
135.00 -75.00 0.00019602
140.00 -75.00 8.079e-05
145.00 -75.00 -0.00012771
150.00 -75.00 -0.00042741
155.00 -75.00 -0.00079797
160.00 -75.00 -0.00120534
165.00 -75.00 -0.00161001
170.00 -75.00 -0.00197526
175.00 -75.00 -0.00227349
180.00 -75.00 -0.00249057
-180.00 -70.00 -0.002463
-175.00 -70.00 -0.00251454
-170.00 -70.00 -0.00247581
-165.00 -70.00 -0.00238857
-160.00 -70.00 -0.00229263
-155.00 -70.00 -0.002223
-150.00 -70.00 -0.00220917
-145.00 -70.00 -0.00227163
-140.00 -70.00 -0.00241332
-135.00 -70.00 -0.00260916
-130.00 -70.00 -0.00280383
-125.00 -70.00 -0.00292434
-120.00 -70.00 -0.00290637
-115.00 -70.00 -0.00272208
-110.00 -70.00 -0.00239337
-105.00 -70.00 -0.00198198
-100.00 -70.00 -0.0015612
-95.00 -70.00 -0.00118506
-90.00 -70.00 -0.00087171
-85.00 -70.00 -0.00060792
-80.00 -70.00 -0.00036855
-75.00 -70.00 -0.00013791
-70.00 -70.00 7.938e-05
-65.00 -70.00 0.00026106
-60.00 -70.00 0.00037845
-55.00 -70.00 0.0004083
-50.00 -70.00 0.00033957
-45.00 -70.00 0.00017574
-40.00 -70.00 -6.51e-05
-35.00 -70.00 -0.00034923
-30.00 -70.00 -0.00062784
-25.00 -70.00 -0.00084318
-20.00 -70.00 -0.00094299
-15.00 -70.00 -0.00090084
-10.00 -70.00 -0.00073224
-5.00 -70.00 -0.00049614
0.00 -70.00 -0.00027681
5.00 -70.00 -0.00015201
10.00 -70.00 -0.00016287
15.00 -70.00 -0.00030078
20.00 -70.00 -0.0005169
25.00 -70.00 -0.00074787
30.00 -70.00 -0.00094218
35.00 -70.00 -0.00107379
40.00 -70.00 -0.00113832
45.00 -70.00 -0.00113865
50.00 -70.00 -0.00107106
55.00 -70.00 -0.00092184
60.00 -70.00 -0.00067635
65.00 -70.00 -0.00033489
70.00 -70.00 7.491e-05
75.00 -70.00 0.00049746
80.00 -70.00 0.00086304
85.00 -70.00 0.00111105
90.00 -70.00 0.00121275
95.00 -70.00 0.00118242
100.00 -70.00 0.00107253
105.00 -70.00 0.00095388
110.00 -70.00 0.0008898
115.00 -70.00 0.00091374
120.00 -70.00 0.0010182
125.00 -70.00 0.00115764
130.00 -70.00 0.00126303
135.00 -70.00 0.00126318
140.00 -70.00 0.00110592
145.00 -70.00 0.00077292
150.00 -70.00 0.00028482
155.00 -70.00 -0.00030471
160.00 -70.00 -0.00092277
165.00 -70.00 -0.00149472
170.00 -70.00 -0.00196035
175.00 -70.00 -0.00228495
180.00 -70.00 -0.002463
-180.00 -65.00 -0.00242154
-175.00 -65.00 -0.00231483
-170.00 -65.00 -0.00218901
-165.00 -65.00 -0.00208071
-160.00 -65.00 -0.0019824
-155.00 -65.00 -0.00185895
-150.00 -65.00 -0.00169476
-145.00 -65.00 -0.00153318
-140.00 -65.00 -0.00146598
-135.00 -65.00 -0.0015681
-130.00 -65.00 -0.00182427
-125.00 -65.00 -0.00211164
-120.00 -65.00 -0.00226365
-115.00 -65.00 -0.00217614
-110.00 -65.00 -0.00187716
-105.00 -65.00 -0.00150711
-100.00 -65.00 -0.00122169
-95.00 -65.00 -0.00108807
-90.00 -65.00 -0.00104661
-85.00 -65.00 -0.00096027
-80.00 -65.00 -0.00071028
-75.00 -65.00 -0.00027111
-70.00 -65.00 0.00028011
-65.00 -65.00 0.00081339
-60.00 -65.00 0.00121305
-55.00 -65.00 0.00141804
-50.00 -65.00 0.00142035
-45.00 -65.00 0.00123744
-40.00 -65.00 0.00088959
-35.00 -65.00 0.00040275
-30.00 -65.00 -0.0001674
-25.00 -65.00 -0.00071703
-20.00 -65.00 -0.00111009
-15.00 -65.00 -0.00123534
-10.00 -65.00 -0.0010755
-5.00 -65.00 -0.00074016
0.00 -65.00 -0.00042714
5.00 -65.00 -0.00032433
10.00 -65.00 -0.00050835
15.00 -65.00 -0.00090465
20.00 -65.00 -0.0013356
25.00 -65.00 -0.00162381
30.00 -65.00 -0.00168534
35.00 -65.00 -0.00155871
40.00 -65.00 -0.00136254
45.00 -65.00 -0.00121593
50.00 -65.00 -0.00117141
55.00 -65.00 -0.00119364
60.00 -65.00 -0.00118797
65.00 -65.00 -0.00105852
70.00 -65.00 -0.0007635
75.00 -65.00 -0.00033933
80.00 -65.00 0.00011787
85.00 -65.00 0.00050229
90.00 -65.00 0.00075
95.00 -65.00 0.00086364
100.00 -65.00 0.00089817
105.00 -65.00 0.00092205
110.00 -65.00 0.00097932
115.00 -65.00 0.00107253
120.00 -65.00 0.00116811
125.00 -65.00 0.00121314
130.00 -65.00 0.00115341
135.00 -65.00 0.00094854
140.00 -65.00 0.00058482
145.00 -65.00 8.295e-05
150.00 -65.00 -0.00050415
155.00 -65.00 -0.00110457
160.00 -65.00 -0.00164571
165.00 -65.00 -0.00206904
170.00 -65.00 -0.00233874
175.00 -65.00 -0.00244764
180.00 -65.00 -0.00242154
-180.00 -60.00 -0.00255738
-175.00 -60.00 -0.00226125
-170.00 -60.00 -0.00207351
-165.00 -60.00 -0.0021168
-160.00 -60.00 -0.00233925
-155.00 -60.00 -0.0025005
-150.00 -60.00 -0.00233964
-145.00 -60.00 -0.00180576
-140.00 -60.00 -0.0011421
-135.00 -60.00 -0.0007203
-130.00 -60.00 -0.00074682
-125.00 -60.00 -0.00109218
-120.00 -60.00 -0.00139701
-115.00 -60.00 -0.00136911
-110.00 -60.00 -0.00101985
-105.00 -60.00 -0.00064311
-100.00 -60.00 -0.0005616
-95.00 -60.00 -0.00085485
-90.00 -60.00 -0.00128586
-85.00 -60.00 -0.00147201
-80.00 -60.00 -0.00115254
-75.00 -60.00 -0.00035079
-70.00 -60.00 0.00066612
-65.00 -60.00 0.00156741
-60.00 -60.00 0.00213657
-55.00 -60.00 0.00233928
-50.00 -60.00 0.00227055
-45.00 -60.00 0.00204192
-40.00 -60.00 0.00169041
-35.00 -60.00 0.00116811
-30.00 -60.00 0.00042012
-25.00 -60.00 -0.00050319
-20.00 -60.00 -0.00139617
-15.00 -60.00 -0.00197931
-10.00 -60.00 -0.00208185
-5.00 -60.00 -0.00179121
0.00 -60.00 -0.00143115
5.00 -60.00 -0.00135468
10.00 -60.00 -0.00169461
15.00 -60.00 -0.00226383
20.00 -60.00 -0.00268209
25.00 -60.00 -0.00262968
30.00 -60.00 -0.00204132
35.00 -60.00 -0.00112209
40.00 -60.00 -0.0002103
45.00 -60.00 0.00040005
50.00 -60.00 0.00057684
55.00 -60.00 0.00037431
60.00 -60.00 -2.082e-05
65.00 -60.00 -0.00038838
70.00 -60.00 -0.00057888
75.00 -60.00 -0.00057276
80.00 -60.00 -0.00045864
85.00 -60.00 -0.0003432
90.00 -60.00 -0.00025914
95.00 -60.00 -0.00014502
100.00 -60.00 8.712e-05
105.00 -60.00 0.00045579
110.00 -60.00 0.00087018
115.00 -60.00 0.00117873
120.00 -60.00 0.00125982
125.00 -60.00 0.00107829
130.00 -60.00 0.00067371
135.00 -60.00 0.00011352
140.00 -60.00 -0.0005358
145.00 -60.00 -0.00120546
150.00 -60.00 -0.00181905
155.00 -60.00 -0.00231087
160.00 -60.00 -0.00265185
165.00 -60.00 -0.00284646
170.00 -60.00 -0.00289965
175.00 -60.00 -0.00279999
180.00 -60.00 -0.00255738
-180.00 -55.00 -0.00277533
-175.00 -55.00 -0.00219585
-170.00 -55.00 -0.00164145
-165.00 -55.00 -0.00160467
-160.00 -55.00 -0.00224499
-155.00 -55.00 -0.00312009
-150.00 -55.00 -0.00346689
-145.00 -55.00 -0.00284766
-140.00 -55.00 -0.00156876
-135.00 -55.00 -0.00045069
-130.00 -55.00 -0.00013929
-125.00 -55.00 -0.00058638
-120.00 -55.00 -0.00115959
-115.00 -55.00 -0.0012462
-110.00 -55.00 -0.00078375
-105.00 -55.00 -0.00025968
-100.00 -55.00 -0.00022404
-95.00 -55.00 -0.00077598
-90.00 -55.00 -0.00146544
-85.00 -55.00 -0.00165993
-80.00 -55.00 -0.00103146
-75.00 -55.00 0.00023514
-70.00 -55.00 0.00162405
-65.00 -55.00 0.00264402
-60.00 -55.00 0.00307359
-55.00 -55.00 0.00298773
-50.00 -55.00 0.00263922
-45.00 -55.00 0.00229584
-40.00 -55.00 0.00208599
-35.00 -55.00 0.00190938
-30.00 -55.00 0.00149961
-25.00 -55.00 0.00065376
-20.00 -55.00 -0.00052638
-15.00 -55.00 -0.00162093
-10.00 -55.00 -0.00218535
-5.00 -55.00 -0.00212853
0.00 -55.00 -0.00181956
5.00 -55.00 -0.00178401
10.00 -55.00 -0.00224397
15.00 -55.00 -0.00292053
20.00 -55.00 -0.0032721
25.00 -55.00 -0.00292869
30.00 -55.00 -0.00193527
35.00 -55.00 -0.00065232
40.00 -55.00 0.00051222
45.00 -55.00 0.00128886
50.00 -55.00 0.00157911
55.00 -55.00 0.00142839
60.00 -55.00 0.001008
65.00 -55.00 0.00056487
70.00 -55.00 0.00029361
75.00 -55.00 0.00020403
80.00 -55.00 0.00012474
85.00 -55.00 -0.00011829
90.00 -55.00 -0.00049461
95.00 -55.00 -0.0007416
100.00 -55.00 -0.00057096
105.00 -55.00 6.534e-05
110.00 -55.00 0.00089976
115.00 -55.00 0.00153975
120.00 -55.00 0.00174654
125.00 -55.00 0.00154833
130.00 -55.00 0.00111504
135.00 -55.00 0.00056433
140.00 -55.00 -9.123e-05
145.00 -55.00 -0.00083721
150.00 -55.00 -0.00156429
155.00 -55.00 -0.00212835
160.00 -55.00 -0.00249048
165.00 -55.00 -0.002742
170.00 -55.00 -0.00295368
175.00 -55.00 -0.00302751
180.00 -55.00 -0.00277533
-180.00 -50.00 -0.00248601
-175.00 -50.00 -0.00194352
-170.00 -50.00 -0.00089766
-165.00 -50.00 -0.00030834
-160.00 -50.00 -0.0009045
-155.00 -50.00 -0.00235752
-150.00 -50.00 -0.00345051
-145.00 -50.00 -0.00317829
-140.00 -50.00 -0.00170094
-135.00 -50.00 -0.00018906
-130.00 -50.00 0.00026316
-125.00 -50.00 -0.00043446
-120.00 -50.00 -0.00144171
-115.00 -50.00 -0.00186447
-110.00 -50.00 -0.00153519
-105.00 -50.00 -0.00102384
-100.00 -50.00 -0.0009807
-95.00 -50.00 -0.00147699
-90.00 -50.00 -0.00193761
-85.00 -50.00 -0.0016827
-80.00 -50.00 -0.00053499
-75.00 -50.00 0.00106707
-70.00 -50.00 0.00247653
-65.00 -50.00 0.00328944
-60.00 -50.00 0.00344658
-55.00 -50.00 0.00307722
-50.00 -50.00 0.0024036
-45.00 -50.00 0.00176112
-40.00 -50.00 0.00150447
-35.00 -50.00 0.00172476
-30.00 -50.00 0.00206604
-25.00 -50.00 0.00195543
-20.00 -50.00 0.0011286
-15.00 -50.00 -6.018e-05
-10.00 -50.00 -0.00091818
-5.00 -50.00 -0.0010629
0.00 -50.00 -0.00078489
5.00 -50.00 -0.00072363
10.00 -50.00 -0.00118977
15.00 -50.00 -0.00186729
20.00 -50.00 -0.00219393
25.00 -50.00 -0.00194436
30.00 -50.00 -0.00136521
35.00 -50.00 -0.00080907
40.00 -50.00 -0.00039147
45.00 -50.00 -4.785e-05
50.00 -50.00 0.00021255
55.00 -50.00 0.00027366
60.00 -50.00 0.00014064
65.00 -50.00 6.939e-05
70.00 -50.00 0.0003468
75.00 -50.00 0.0009297
80.00 -50.00 0.00137562
85.00 -50.00 0.00121341
90.00 -50.00 0.0004242
95.00 -50.00 -0.00045447
100.00 -50.00 -0.00074721
105.00 -50.00 -0.00021357
110.00 -50.00 0.000768
115.00 -50.00 0.00158064
120.00 -50.00 0.00192213
125.00 -50.00 0.0019692
130.00 -50.00 0.00202269
135.00 -50.00 0.00207768
140.00 -50.00 0.00182721
145.00 -50.00 0.00108255
150.00 -50.00 8.706e-05
155.00 -50.00 -0.00068208
160.00 -50.00 -0.00101787
165.00 -50.00 -0.00119742
170.00 -50.00 -0.0016146
175.00 -50.00 -0.00222624
180.00 -50.00 -0.00248601
-180.00 -45.00 -0.0011853
-175.00 -45.00 -0.00155814
-170.00 -45.00 -0.00076878
-165.00 -45.00 0.00027951
-160.00 -45.00 0.00034215
-155.00 -45.00 -0.00081072
-150.00 -45.00 -0.0020955
-145.00 -45.00 -0.00225621
-140.00 -45.00 -0.00117975
-135.00 -45.00 5.475e-05
-130.00 -45.00 0.00033438
-125.00 -45.00 -0.00047085
-120.00 -45.00 -0.00160311
-115.00 -45.00 -0.00227547
-110.00 -45.00 -0.00232494
-105.00 -45.00 -0.00216321
-100.00 -45.00 -0.00223767
-95.00 -45.00 -0.00252573
-90.00 -45.00 -0.00251175
-85.00 -45.00 -0.00170655
-80.00 -45.00 -0.00020502
-75.00 -45.00 0.00135732
-70.00 -45.00 0.0024153
-65.00 -45.00 0.00289644
-60.00 -45.00 0.00298026
-55.00 -45.00 0.00266796
-50.00 -45.00 0.00185532
-45.00 -45.00 0.00077301
-40.00 -45.00 5.211e-05
-35.00 -45.00 0.00017664
-30.00 -45.00 0.00093993
-25.00 -45.00 0.0015669
-20.00 -45.00 0.00142494
-15.00 -45.00 0.00062178
-10.00 -45.00 -0.00012144
-5.00 -45.00 -0.00022551
0.00 -45.00 0.0001527
5.00 -45.00 0.00037065
10.00 -45.00 0.00010335
15.00 -45.00 -0.0003126
20.00 -45.00 -0.00042099
25.00 -45.00 -0.0002973
30.00 -45.00 -0.0003984
35.00 -45.00 -0.00085935
40.00 -45.00 -0.00126672
45.00 -45.00 -0.00122868
50.00 -45.00 -0.00092508
55.00 -45.00 -0.00086577
60.00 -45.00 -0.00117798
65.00 -45.00 -0.00135936
70.00 -45.00 -0.00082803
75.00 -45.00 0.00036387
80.00 -45.00 0.00145296
85.00 -45.00 0.00162063
90.00 -45.00 0.00074787
95.00 -45.00 -0.00044001
100.00 -45.00 -0.00098301
105.00 -45.00 -0.00050799
110.00 -45.00 0.00050391
115.00 -45.00 0.00126993
120.00 -45.00 0.0015114
125.00 -45.00 0.00164049
130.00 -45.00 0.0021252
135.00 -45.00 0.00279051
140.00 -45.00 0.00292263
145.00 -45.00 0.00210282
150.00 -45.00 0.00080205
155.00 -45.00 -6.6e-07
160.00 -45.00 0.00018636
165.00 -45.00 0.00083112
170.00 -45.00 0.00091308
175.00 -45.00 1.212e-05
180.00 -45.00 -0.0011853
-180.00 -40.00 0.00066114
-175.00 -40.00 -0.00080907
-170.00 -40.00 -0.00119724
-165.00 -40.00 -0.00054105
-160.00 -40.00 0.00011358
-155.00 -40.00 -6.321e-05
-150.00 -40.00 -0.00079386
-145.00 -40.00 -0.00120486
-140.00 -40.00 -0.00097545
-135.00 -40.00 -0.00060213
-130.00 -40.00 -0.0006255
-125.00 -40.00 -0.00103329
-120.00 -40.00 -0.00150057
-115.00 -40.00 -0.00183933
-110.00 -40.00 -0.00203577
-105.00 -40.00 -0.00211476
-100.00 -40.00 -0.00213924
-95.00 -40.00 -0.00212868
-90.00 -40.00 -0.00186255
-85.00 -40.00 -0.0010332
-80.00 -40.00 0.00025353
-75.00 -40.00 0.00142254
-70.00 -40.00 0.00207771
-65.00 -40.00 0.00240414
-60.00 -40.00 0.00265983
-55.00 -40.00 0.002595
-50.00 -40.00 0.00180207
-45.00 -40.00 0.00047253
-40.00 -40.00 -0.00063117
-35.00 -40.00 -0.00094884
-30.00 -40.00 -0.00059514
-25.00 -40.00 -0.00011349
-20.00 -40.00 1.677e-05
-15.00 -40.00 -0.00028326
-10.00 -40.00 -0.00063939
-5.00 -40.00 -0.00059508
0.00 -40.00 -0.00015813
5.00 -40.00 0.00021675
10.00 -40.00 0.00031062
15.00 -40.00 0.00046095
20.00 -40.00 0.00092385
25.00 -40.00 0.00127902
30.00 -40.00 0.00095619
35.00 -40.00 0.00016749
40.00 -40.00 -0.00024708
45.00 -40.00 4.761e-05
50.00 -40.00 0.00038574
55.00 -40.00 -3.531e-05
60.00 -40.00 -0.00110028
65.00 -40.00 -0.00188406
70.00 -40.00 -0.00170103
75.00 -40.00 -0.0008025
80.00 -40.00 -4.716e-05
85.00 -40.00 -6.372e-05
90.00 -40.00 -0.00074892
95.00 -40.00 -0.00141129
100.00 -40.00 -0.00134559
105.00 -40.00 -0.00042474
110.00 -40.00 0.00075465
115.00 -40.00 0.00141135
120.00 -40.00 0.00137244
125.00 -40.00 0.00123654
130.00 -40.00 0.00161487
135.00 -40.00 0.00230595
140.00 -40.00 0.00245133
145.00 -40.00 0.00155304
150.00 -40.00 0.00016203
155.00 -40.00 -0.00057012
160.00 -40.00 9.42e-06
165.00 -40.00 0.00142071
170.00 -40.00 0.0024393
175.00 -40.00 0.00212949
180.00 -40.00 0.00066114
-180.00 -35.00 0.00209298
-175.00 -35.00 0.00081576
-170.00 -35.00 -0.00066036
-165.00 -35.00 -0.00123387
-160.00 -35.00 -0.00088395
-155.00 -35.00 -0.0005121
-150.00 -35.00 -0.00070812
-145.00 -35.00 -0.00123528
-140.00 -35.00 -0.00167826
-135.00 -35.00 -0.00194313
-130.00 -35.00 -0.00200049
-125.00 -35.00 -0.00174696
-120.00 -35.00 -0.00134301
-115.00 -35.00 -0.00116547
-110.00 -35.00 -0.00119859
-105.00 -35.00 -0.00097659
-100.00 -35.00 -0.00035676
-95.00 -35.00 0.0001992
-90.00 -35.00 0.00040221
-85.00 -35.00 0.00061629
-80.00 -35.00 0.00119055
-75.00 -35.00 0.00188934
-70.00 -35.00 0.00242601
-65.00 -35.00 0.00295539
-60.00 -35.00 0.00349431
-55.00 -35.00 0.00347505
-50.00 -35.00 0.0025581
-45.00 -35.00 0.00135279
-40.00 -35.00 0.00061812
-35.00 -35.00 0.00024825
-30.00 -35.00 -0.00023121
-25.00 -35.00 -0.00069003
-20.00 -35.00 -0.00072069
-15.00 -35.00 -0.00048435
-10.00 -35.00 -0.00042492
-5.00 -35.00 -0.00050052
0.00 -35.00 -0.00039894
5.00 -35.00 -0.0001317
10.00 -35.00 0.00022152
15.00 -35.00 0.00089754
20.00 -35.00 0.0019053
25.00 -35.00 0.00256593
30.00 -35.00 0.00234414
35.00 -35.00 0.00176175
40.00 -35.00 0.00169989
45.00 -35.00 0.00203355
50.00 -35.00 0.00176967
55.00 -35.00 0.00053331
60.00 -35.00 -0.00081498
65.00 -35.00 -0.0012852
70.00 -35.00 -0.0009747
75.00 -35.00 -0.00080511
80.00 -35.00 -0.00130926
85.00 -35.00 -0.00209214
90.00 -35.00 -0.00243324
95.00 -35.00 -0.00202749
100.00 -35.00 -0.00104505
105.00 -35.00 0.00016362
110.00 -35.00 0.00117945
115.00 -35.00 0.00162147
120.00 -35.00 0.00149706
125.00 -35.00 0.00132549
130.00 -35.00 0.00159057
135.00 -35.00 0.00210615
140.00 -35.00 0.00220275
145.00 -35.00 0.00154452
150.00 -35.00 0.0005064
155.00 -35.00 -0.00026445
160.00 -35.00 -0.00037722
165.00 -35.00 0.00022983
170.00 -35.00 0.00131682
175.00 -35.00 0.00221529
180.00 -35.00 0.00209298
-180.00 -30.00 0.0029649
-175.00 -30.00 0.00294882
-170.00 -30.00 0.00109065
-165.00 -30.00 -0.00079806
-160.00 -30.00 -0.00143607
-155.00 -30.00 -0.00136716
-150.00 -30.00 -0.00161802
-145.00 -30.00 -0.00220428
-140.00 -30.00 -0.00253269
-135.00 -30.00 -0.00240957
-130.00 -30.00 -0.00202155
-125.00 -30.00 -0.00154068
-120.00 -30.00 -0.00122247
-115.00 -30.00 -0.00128622
-110.00 -30.00 -0.00131859
-105.00 -30.00 -0.00050601
-100.00 -30.00 0.00110718
-95.00 -30.00 0.00235653
-90.00 -30.00 0.002463
-85.00 -30.00 0.00201831
-80.00 -30.00 0.00192894
-75.00 -30.00 0.0022773
-70.00 -30.00 0.00286101
-65.00 -30.00 0.00378444
-60.00 -30.00 0.00467229
-55.00 -30.00 0.00447327
-50.00 -30.00 0.00310626
-45.00 -30.00 0.00208659
-40.00 -30.00 0.00231393
-35.00 -30.00 0.00256227
-30.00 -30.00 0.00158418
-25.00 -30.00 0.00032886
-20.00 -30.00 0.00035853
-15.00 -30.00 0.00127992
-10.00 -30.00 0.00157521
-5.00 -30.00 0.00101604
0.00 -30.00 0.00053907
5.00 -30.00 0.00054
10.00 -30.00 0.00080526
15.00 -30.00 0.00139137
20.00 -30.00 0.00226896
25.00 -30.00 0.00280548
30.00 -30.00 0.00266934
35.00 -30.00 0.00247854
40.00 -30.00 0.00261888
45.00 -30.00 0.00228303
50.00 -30.00 0.00073503
55.00 -30.00 -0.0011385
60.00 -30.00 -0.00166902
65.00 -30.00 -0.00058107
70.00 -30.00 0.00057027
75.00 -30.00 0.00026139
80.00 -30.00 -0.00127092
85.00 -30.00 -0.0024645
90.00 -30.00 -0.00228027
95.00 -30.00 -0.00115296
100.00 -30.00 -0.00013869
105.00 -30.00 0.00031314
110.00 -30.00 0.00044832
115.00 -30.00 0.00055923
120.00 -30.00 0.00077592
125.00 -30.00 0.00125811
130.00 -30.00 0.00205047
135.00 -30.00 0.0028002
140.00 -30.00 0.00305208
145.00 -30.00 0.00280953
150.00 -30.00 0.00239685
155.00 -30.00 0.00179772
160.00 -30.00 0.00073263
165.00 -30.00 -0.00039783
170.00 -30.00 -0.00039507
175.00 -30.00 0.00120264
180.00 -30.00 0.0029649
-180.00 -25.00 0.0037269
-175.00 -25.00 0.0041409
-170.00 -25.00 0.00215352
-165.00 -25.00 -0.00032697
-160.00 -25.00 -0.0014397
-155.00 -25.00 -0.00163869
-150.00 -25.00 -0.00219495
-145.00 -25.00 -0.00291663
-140.00 -25.00 -0.00273771
-135.00 -25.00 -0.00163758
-130.00 -25.00 -0.00066801
-125.00 -25.00 -0.00056376
-120.00 -25.00 -0.00122583
-115.00 -25.00 -0.00208437
-110.00 -25.00 -0.00227121
-105.00 -25.00 -0.00106704
-100.00 -25.00 0.00108315
-95.00 -25.00 0.00263502
-90.00 -25.00 0.00272235
-85.00 -25.00 0.00214113
-80.00 -25.00 0.00194448
-75.00 -25.00 0.00214365
-70.00 -25.00 0.00257958
-65.00 -25.00 0.00359346
-60.00 -25.00 0.00468516
-55.00 -25.00 0.00427386
-50.00 -25.00 0.00232512
-45.00 -25.00 0.0012441
-40.00 -25.00 0.00229947
-35.00 -25.00 0.0033627
-30.00 -25.00 0.00242364
-25.00 -25.00 0.00098025
-20.00 -25.00 0.00129027
-15.00 -25.00 0.00253401
-10.00 -25.00 0.00259683
-5.00 -25.00 0.00167727
0.00 -25.00 0.00132396
5.00 -25.00 0.00158637
10.00 -25.00 0.0015729
15.00 -25.00 0.00134457
20.00 -25.00 0.00133203
25.00 -25.00 0.00131907
30.00 -25.00 0.00133029
35.00 -25.00 0.00189318
40.00 -25.00 0.00246978
45.00 -25.00 0.00150675
50.00 -25.00 -0.00100218
55.00 -25.00 -0.00277425
60.00 -25.00 -0.00206667
65.00 -25.00 7.959e-05
70.00 -25.00 0.00127452
75.00 -25.00 0.00055464
80.00 -25.00 -0.00093888
85.00 -25.00 -0.0015594
90.00 -25.00 -0.00090981
95.00 -25.00 -1.05e-06
100.00 -25.00 0.00011229
105.00 -25.00 -0.00051108
110.00 -25.00 -0.00105561
115.00 -25.00 -0.00098898
120.00 -25.00 -0.0003096
125.00 -25.00 0.00084102
130.00 -25.00 0.00220653
135.00 -25.00 0.00323829
140.00 -25.00 0.00348606
145.00 -25.00 0.00320955
150.00 -25.00 0.00310374
155.00 -25.00 0.00323142
160.00 -25.00 0.00279642
165.00 -25.00 0.00152829
170.00 -25.00 0.00072237
175.00 -25.00 0.00175188
180.00 -25.00 0.00372687
-180.00 -20.00 0.0040041
-175.00 -20.00 0.00359331
-170.00 -20.00 0.00166041
-165.00 -20.00 -0.00037524
-160.00 -20.00 -0.00093072
-155.00 -20.00 -0.00074115
-150.00 -20.00 -0.00138093
-145.00 -20.00 -0.00248361
-140.00 -20.00 -0.00240279
-135.00 -20.00 -0.00095958
-130.00 -20.00 0.00024915
-125.00 -20.00 4.251e-05
-120.00 -20.00 -0.00117033
-115.00 -20.00 -0.00225333
-110.00 -20.00 -0.00234357
-105.00 -20.00 -0.00118182
-100.00 -20.00 0.00061218
-95.00 -20.00 0.00179172
-90.00 -20.00 0.00182256
-85.00 -20.00 0.00156825
-80.00 -20.00 0.00187338
-75.00 -20.00 0.0023451
-70.00 -20.00 0.00256002
-65.00 -20.00 0.00307512
-60.00 -20.00 0.00377046
-55.00 -20.00 0.00307038
-50.00 -20.00 0.00081777
-45.00 -20.00 -0.00034602
-40.00 -20.00 0.00105525
-35.00 -20.00 0.00258588
-30.00 -20.00 0.00190758
-25.00 -20.00 0.00056982
-20.00 -20.00 0.00070914
-15.00 -20.00 0.00120894
-10.00 -20.00 0.00049035
-5.00 -20.00 -0.00011694
0.00 -20.00 0.00090144
5.00 -20.00 0.00219243
10.00 -20.00 0.00203178
15.00 -20.00 0.00100347
20.00 -20.00 0.00017778
25.00 -20.00 -0.00043731
30.00 -20.00 -0.00042879
35.00 -20.00 0.00085383
40.00 -20.00 0.00204084
45.00 -20.00 0.00097818
50.00 -20.00 -0.00150828
55.00 -20.00 -0.0023496
60.00 -20.00 -0.00079887
65.00 -20.00 0.00076911
70.00 -20.00 0.00061968
75.00 -20.00 -0.00041709
80.00 -20.00 -0.00088491
85.00 -20.00 -0.00055377
90.00 -20.00 -9.588e-05
95.00 -20.00 -8.994e-05
100.00 -20.00 -0.00054468
105.00 -20.00 -0.0009813
110.00 -20.00 -0.0009678
115.00 -20.00 -0.00051567
120.00 -20.00 0.00018171
125.00 -20.00 0.00107811
130.00 -20.00 0.00206193
135.00 -20.00 0.00271278
140.00 -20.00 0.00262107
145.00 -20.00 0.00198423
150.00 -20.00 0.00172233
155.00 -20.00 0.0025935
160.00 -20.00 0.00404568
165.00 -20.00 0.00466353
170.00 -20.00 0.00415044
175.00 -20.00 0.00375165
180.00 -20.00 0.0040041
-180.00 -15.00 0.00284328
-175.00 -15.00 0.00212034
-170.00 -15.00 0.00111171
-165.00 -15.00 0.00010683
-160.00 -15.00 0.00013779
-155.00 -15.00 0.00065274
-150.00 -15.00 0.00013305
-145.00 -15.00 -0.00127119
-140.00 -15.00 -0.00182985
-135.00 -15.00 -0.00089376
-130.00 -15.00 0.00024552
-125.00 -15.00 0.00030915
-120.00 -15.00 -0.00048525
-115.00 -15.00 -0.00117813
-110.00 -15.00 -0.00124797
-105.00 -15.00 -0.00067515
-100.00 -15.00 0.00026904
-95.00 -15.00 0.00096225
-90.00 -15.00 0.0010347
-85.00 -15.00 0.00114942
-80.00 -15.00 0.00209643
-75.00 -15.00 0.00329877
-70.00 -15.00 0.00367419
-65.00 -15.00 0.00342645
-60.00 -15.00 0.00313122
-55.00 -15.00 0.00213918
-50.00 -15.00 0.00025311
-45.00 -15.00 -0.0006303
-40.00 -15.00 0.00063081
-35.00 -15.00 0.00199407
-30.00 -15.00 0.00154434
-25.00 -15.00 0.00051831
-20.00 -15.00 0.00021219
-15.00 -15.00 -0.00055143
-10.00 -15.00 -0.00202548
-5.00 -15.00 -0.00181089
0.00 -15.00 0.00071328
5.00 -15.00 0.0026292
10.00 -15.00 0.00229806
15.00 -15.00 0.00136941
20.00 -15.00 0.00078828
25.00 -15.00 -0.00026016
30.00 -15.00 -0.00103689
35.00 -15.00 -4.062e-05
40.00 -15.00 0.00118974
45.00 -15.00 0.00014454
50.00 -15.00 -0.00179436
55.00 -15.00 -0.00151236
60.00 -15.00 0.00031617
65.00 -15.00 0.00062697
70.00 -15.00 -0.00069531
75.00 -15.00 -0.00120531
80.00 -15.00 -0.00030015
85.00 -15.00 0.00034602
90.00 -15.00 -0.00012531
95.00 -15.00 -0.00079242
100.00 -15.00 -0.00062742
105.00 -15.00 0.00034008
110.00 -15.00 0.00136749
115.00 -15.00 0.00190974
120.00 -15.00 0.00208548
125.00 -15.00 0.00221367
130.00 -15.00 0.00224967
135.00 -15.00 0.00207381
140.00 -15.00 0.00180858
145.00 -15.00 0.00151857
150.00 -15.00 0.00140877
155.00 -15.00 0.00228309
160.00 -15.00 0.00442128
165.00 -15.00 0.00625302
170.00 -15.00 0.00599379
175.00 -15.00 0.00422619
180.00 -15.00 0.00284331
-180.00 -10.00 0.00054618
-175.00 -10.00 0.00076569
-170.00 -10.00 0.0013014
-165.00 -10.00 0.00108081
-160.00 -10.00 0.00083412
-155.00 -10.00 0.0009855
-150.00 -10.00 0.00070914
-145.00 -10.00 -0.00032226
-140.00 -10.00 -0.00107355
-135.00 -10.00 -0.00068103
-130.00 -10.00 0.00030873
-125.00 -10.00 0.00081306
-120.00 -10.00 0.00055629
-115.00 -10.00 -3.516e-05
-110.00 -10.00 -0.00062136
-105.00 -10.00 -0.00092202
-100.00 -10.00 -0.00056841
-95.00 -10.00 0.00021945
-90.00 -10.00 0.00066381
-85.00 -10.00 0.00088269
-80.00 -10.00 0.00194586
-75.00 -10.00 0.00370731
-70.00 -10.00 0.00448548
-65.00 -10.00 0.00368742
-60.00 -10.00 0.00253671
-55.00 -10.00 0.00175611
-50.00 -10.00 0.00104322
-45.00 -10.00 0.00072834
-40.00 -10.00 0.00123483
-35.00 -10.00 0.00163812
-30.00 -10.00 0.00126858
-25.00 -10.00 0.00101817
-20.00 -10.00 0.00098604
-15.00 -10.00 -0.00011823
-10.00 -10.00 -0.00152088
-5.00 -10.00 -0.00063774
0.00 -10.00 0.0019197
5.00 -10.00 0.00279006
10.00 -10.00 0.00188166
15.00 -10.00 0.00198495
20.00 -10.00 0.00269772
25.00 -10.00 0.00137964
30.00 -10.00 -0.00085572
35.00 -10.00 -0.00094542
40.00 -10.00 5.622e-05
45.00 -10.00 -0.00069648
50.00 -10.00 -0.00198291
55.00 -10.00 -0.0012117
60.00 -10.00 0.00013569
65.00 -10.00 -0.00052434
70.00 -10.00 -0.00176505
75.00 -10.00 -0.00099123
80.00 -10.00 0.00075135
85.00 -10.00 0.00090225
90.00 -10.00 -0.0002934
95.00 -10.00 -0.00062484
100.00 -10.00 0.00075156
105.00 -10.00 0.00267414
110.00 -10.00 0.00367386
115.00 -10.00 0.00351633
120.00 -10.00 0.00317121
125.00 -10.00 0.00319326
130.00 -10.00 0.00294315
135.00 -10.00 0.002208
140.00 -10.00 0.00207351
145.00 -10.00 0.00295797
150.00 -10.00 0.00375228
155.00 -10.00 0.00406506
160.00 -10.00 0.00480978
165.00 -10.00 0.00561573
170.00 -10.00 0.00469434
175.00 -10.00 0.00219153
180.00 -10.00 0.00054618
-180.00 -5.00 -0.00120489
-175.00 -5.00 -0.00035685
-170.00 -5.00 0.00094239
-165.00 -5.00 0.00100344
-160.00 -5.00 0.00041427
-155.00 -5.00 0.00030132
-150.00 -5.00 0.0004452
-145.00 -5.00 0.00014232
-140.00 -5.00 -0.00038025
-135.00 -5.00 -0.00035751
-130.00 -5.00 0.0002613
-125.00 -5.00 0.00072912
-120.00 -5.00 0.0005421
-115.00 -5.00 -0.00013368
-110.00 -5.00 -0.0009735
-105.00 -5.00 -0.00156192
-100.00 -5.00 -0.00125286
-95.00 -5.00 -0.00011064
-90.00 -5.00 0.00067659
-85.00 -5.00 0.00068259
-80.00 -5.00 0.00123135
-75.00 -5.00 0.00285168
-70.00 -5.00 0.00372324
-65.00 -5.00 0.00263973
-60.00 -5.00 0.00121584
-55.00 -5.00 0.00119811
-50.00 -5.00 0.0019599
-45.00 -5.00 0.00213912
-40.00 -5.00 0.00148851
-35.00 -5.00 0.00046389
-30.00 -5.00 -0.00010638
-25.00 -5.00 0.00050619
-20.00 -5.00 0.00143943
-15.00 -5.00 0.00120765
-10.00 -5.00 0.00074595
-5.00 -5.00 0.0019191
0.00 -5.00 0.00322467
5.00 -5.00 0.00209589
10.00 -5.00 0.00047808
15.00 -5.00 0.00173988
20.00 -5.00 0.00376737
25.00 -5.00 0.00233619
30.00 -5.00 -0.000993
35.00 -5.00 -0.00175131
40.00 -5.00 -0.00034869
45.00 -5.00 3.303e-05
50.00 -5.00 -0.00032121
55.00 -5.00 0.00017346
60.00 -5.00 0.00017328
65.00 -5.00 -0.00134373
70.00 -5.00 -0.00203247
75.00 -5.00 -0.0004671
80.00 -5.00 0.00100539
85.00 -5.00 0.00054954
90.00 -5.00 -0.00023013
95.00 -5.00 0.00056622
100.00 -5.00 0.00249636
105.00 -5.00 0.00406077
110.00 -5.00 0.00434946
115.00 -5.00 0.00361686
120.00 -5.00 0.0031692
125.00 -5.00 0.00362997
130.00 -5.00 0.00376872
135.00 -5.00 0.0028746
140.00 -5.00 0.00262662
145.00 -5.00 0.00415005
150.00 -5.00 0.00561534
155.00 -5.00 0.00535218
160.00 -5.00 0.00443988
165.00 -5.00 0.00387099
170.00 -5.00 0.00252663
175.00 -5.00 0.00013269
180.00 -5.00 -0.00120489
-180.00 0.00 -0.00140415
-175.00 0.00 -0.00123306
-170.00 0.00 -0.00042339
-165.00 0.00 -0.00013773
-160.00 0.00 -1.485e-05
-155.00 0.00 0.00055356
-150.00 0.00 0.00106857
-145.00 0.00 0.00077673
-140.00 0.00 -8.595e-05
-135.00 0.00 -0.00063798
-130.00 0.00 -0.00060555
-125.00 0.00 -0.00055578
-120.00 0.00 -0.00082503
-115.00 0.00 -0.00104661
-110.00 0.00 -0.00099636
-105.00 0.00 -0.00084216
-100.00 0.00 -0.00041034
-95.00 0.00 0.000423
-90.00 0.00 0.00087819
-85.00 0.00 0.00056025
-80.00 0.00 0.00072519
-75.00 0.00 0.00209256
-70.00 0.00 0.0028938
-65.00 0.00 0.0016569
-60.00 0.00 6.156e-05
-55.00 0.00 0.00035742
-50.00 0.00 0.00186939
-45.00 0.00 0.00236169
-40.00 0.00 0.00112473
-35.00 0.00 -0.00073446
-30.00 0.00 -0.0016347
-25.00 0.00 -0.00085221
-20.00 0.00 0.00057672
-15.00 0.00 0.00126873
-10.00 0.00 0.00181941
-5.00 0.00 0.00314889
0.00 0.00 0.00348849
5.00 0.00 0.00129807
10.00 0.00 -0.00049026
15.00 0.00 0.00126951
20.00 0.00 0.00373104
25.00 0.00 0.0024333
30.00 0.00 -0.00097971
35.00 0.00 -0.0018801
40.00 0.00 -0.00014802
45.00 0.00 0.00137421
50.00 0.00 0.00204924
55.00 0.00 0.00216858
60.00 0.00 0.00084654
65.00 0.00 -0.00123567
70.00 0.00 -0.00156495
75.00 0.00 -0.00021222
80.00 0.00 0.00027246
85.00 0.00 -0.00027618
90.00 0.00 0.00022464
95.00 0.00 0.00186999
100.00 0.00 0.00311751
105.00 0.00 0.00379668
110.00 0.00 0.00434388
115.00 0.00 0.00433875
120.00 0.00 0.00395619
125.00 0.00 0.00405969
130.00 0.00 0.00413967
135.00 0.00 0.0033453
140.00 0.00 0.00287424
145.00 0.00 0.00388065
150.00 0.00 0.00473967
155.00 0.00 0.00379623
160.00 0.00 0.0023724
165.00 0.00 0.00198414
170.00 0.00 0.00153411
175.00 0.00 -4.629e-05
180.00 0.00 -0.00140415
-180.00 5.00 -0.00073173
-175.00 5.00 -0.00131757
-170.00 5.00 -0.00117645
-165.00 5.00 -0.00065649
-160.00 5.00 0.00049962
-155.00 5.00 0.00196035
-150.00 5.00 0.00247131
-145.00 5.00 0.00143097
-140.00 5.00 -0.000216
-135.00 5.00 -0.00116535
-130.00 5.00 -0.00130839
-125.00 5.00 -0.00149352
-120.00 5.00 -0.00189207
-115.00 5.00 -0.00164424
-110.00 5.00 -0.00046926
-105.00 5.00 0.0006807
-100.00 5.00 0.00110367
-95.00 5.00 0.00104121
-90.00 5.00 0.00067884
-85.00 5.00 0.00022332
-80.00 5.00 0.00068436
-75.00 5.00 0.00239154
-70.00 5.00 0.0034701
-65.00 5.00 0.00225384
-60.00 5.00 0.00014499
-55.00 5.00 -0.0003759
-50.00 5.00 0.00069351
-45.00 5.00 0.00144324
-40.00 5.00 0.00085848
-35.00 5.00 -0.00045822
-30.00 5.00 -0.00127839
-25.00 5.00 -0.00085122
-20.00 5.00 0.00031548
-15.00 5.00 0.00126846
-10.00 5.00 0.00219723
-5.00 5.00 0.00341958
0.00 5.00 0.00351252
5.00 5.00 0.00158466
10.00 5.00 0.00013683
15.00 5.00 0.00157164
20.00 5.00 0.00361944
25.00 5.00 0.00276693
30.00 5.00 -1.311e-05
35.00 5.00 -0.0013725
40.00 5.00 -0.0006906
45.00 5.00 0.00066396
50.00 5.00 0.0019389
55.00 5.00 0.00221484
60.00 5.00 0.00067374
65.00 5.00 -0.00109368
70.00 5.00 -0.00097158
75.00 5.00 -6.987e-05
80.00 5.00 -0.00035193
85.00 5.00 -0.00055212
90.00 5.00 0.00099198
95.00 5.00 0.00255597
100.00 5.00 0.00250035
105.00 5.00 0.00269034
110.00 5.00 0.00458148
115.00 5.00 0.00612027
120.00 5.00 0.00557865
125.00 5.00 0.00426114
130.00 5.00 0.0035472
135.00 5.00 0.00323826
140.00 5.00 0.00336351
145.00 5.00 0.00393549
150.00 5.00 0.00359676
155.00 5.00 0.00175041
160.00 5.00 0.00033738
165.00 5.00 0.00075678
170.00 5.00 0.00142329
175.00 5.00 0.00064692
180.00 5.00 -0.00073173
-180.00 10.00 -0.00031521
-175.00 10.00 -0.00054732
-170.00 10.00 -0.00045387
-165.00 10.00 -0.00029421
-160.00 10.00 0.00055584
-155.00 10.00 0.00188382
-150.00 10.00 0.00223152
-145.00 10.00 0.00094746
-140.00 10.00 -0.00071331
-135.00 10.00 -0.00124665
-130.00 10.00 -0.00086649
-125.00 10.00 -0.00094443
-120.00 10.00 -0.00174084
-115.00 10.00 -0.00191493
-110.00 10.00 -0.00067833
-105.00 10.00 0.00090735
-100.00 10.00 0.00151002
-95.00 10.00 0.00109005
-90.00 10.00 0.00032103
-85.00 10.00 -9.213e-05
-80.00 10.00 0.0006723
-75.00 10.00 0.00258432
-70.00 10.00 0.00383715
-65.00 10.00 0.00276729
-60.00 10.00 0.00031179
-55.00 10.00 -0.00119484
-50.00 10.00 -0.0009729
-45.00 10.00 -5.37e-05
-40.00 10.00 0.0004989
-35.00 10.00 0.00045798
-30.00 10.00 0.00030738
-25.00 10.00 0.00074904
-20.00 10.00 0.00181101
-15.00 10.00 0.0028167
-10.00 10.00 0.00349956
-5.00 10.00 0.00394683
0.00 10.00 0.00355599
5.00 10.00 0.00202551
10.00 10.00 0.00090486
15.00 10.00 0.00166698
20.00 10.00 0.00303063
25.00 10.00 0.00274557
30.00 10.00 0.00084585
35.00 10.00 -0.00104037
40.00 10.00 -0.00189354
45.00 10.00 -0.00133146
50.00 10.00 0.00027648
55.00 10.00 0.00112059
60.00 10.00 5.88e-05
65.00 10.00 -0.0011436
70.00 10.00 -0.0006756
75.00 10.00 0.00012489
80.00 10.00 -0.00019626
85.00 10.00 -6.576e-05
90.00 10.00 0.00158865
95.00 10.00 0.00256992
100.00 10.00 0.00178392
105.00 10.00 0.00195078
110.00 10.00 0.00458055
115.00 10.00 0.00678963
120.00 10.00 0.006012
125.00 10.00 0.00371091
130.00 10.00 0.00243099
135.00 10.00 0.00277191
140.00 10.00 0.00408468
145.00 10.00 0.00511854
150.00 10.00 0.004317
155.00 10.00 0.00190902
160.00 10.00 0.0003294
165.00 10.00 0.00072975
170.00 10.00 0.00133089
175.00 10.00 0.00066552
180.00 10.00 -0.00031521
-180.00 15.00 -0.00044595
-175.00 15.00 0.00018816
-170.00 15.00 0.00049368
-165.00 15.00 -0.00033783
-160.00 15.00 -0.001068
-155.00 15.00 -0.0007227
-150.00 15.00 -0.00022806
-145.00 15.00 -0.00067158
-140.00 15.00 -0.00143931
-135.00 15.00 -0.00127473
-130.00 15.00 -0.00040143
-125.00 15.00 -0.00029448
-120.00 15.00 -0.00137715
-115.00 15.00 -0.00220449
-110.00 15.00 -0.00148209
-105.00 15.00 0.00019179
-100.00 15.00 0.00135003
-95.00 15.00 0.00143718
-90.00 15.00 0.00088728
-85.00 15.00 0.0004086
-80.00 15.00 0.00065703
-75.00 15.00 0.00160569
-70.00 15.00 0.00208812
-65.00 15.00 0.00104232
-60.00 15.00 -0.00092313
-55.00 15.00 -0.00223158
-50.00 15.00 -0.00220956
-45.00 15.00 -0.00137232
-40.00 15.00 -0.00044511
-35.00 15.00 0.0001917
-30.00 15.00 0.00065895
-25.00 15.00 0.00148113
-20.00 15.00 0.00281529
-15.00 15.00 0.00398535
-10.00 15.00 0.00427464
-5.00 15.00 0.00363003
0.00 15.00 0.00232905
5.00 15.00 0.00085728
10.00 15.00 0.00010872
15.00 15.00 0.00055434
20.00 15.00 0.00137328
25.00 15.00 0.0013875
30.00 15.00 0.00036753
35.00 15.00 -0.00111207
40.00 15.00 -0.00208275
45.00 15.00 -0.0014502
50.00 15.00 0.00054693
55.00 15.00 0.00169245
60.00 15.00 0.0006294
65.00 15.00 -0.00084711
70.00 15.00 -0.00063984
75.00 15.00 0.00042495
80.00 15.00 0.00078507
85.00 15.00 0.00103911
90.00 15.00 0.00195573
95.00 15.00 0.00243603
100.00 15.00 0.00201306
105.00 15.00 0.00237222
110.00 15.00 0.00420696
115.00 15.00 0.00555501
120.00 15.00 0.00491037
125.00 15.00 0.00329061
130.00 15.00 0.0023526
135.00 15.00 0.00274824
140.00 15.00 0.00423993
145.00 15.00 0.00550287
150.00 15.00 0.00481092
155.00 15.00 0.00248574
160.00 15.00 0.00090552
165.00 15.00 0.0009507
170.00 15.00 0.00094194
175.00 15.00 1.977e-05
180.00 15.00 -0.00044595
-180.00 20.00 -0.00061692
-175.00 20.00 0.00034296
-170.00 20.00 0.00068448
-165.00 20.00 -0.0007758
-160.00 20.00 -0.0026049
-155.00 20.00 -0.00296544
-150.00 20.00 -0.00218448
-145.00 20.00 -0.00173493
-140.00 20.00 -0.00184314
-135.00 20.00 -0.0015714
-130.00 20.00 -0.00076929
-125.00 20.00 -0.00049176
-120.00 20.00 -0.00123867
-115.00 20.00 -0.00192423
-110.00 20.00 -0.00128772
-105.00 20.00 0.00042141
-100.00 20.00 0.00189813
-95.00 20.00 0.00234951
-90.00 20.00 0.00195999
-85.00 20.00 0.00128769
-80.00 20.00 0.00073368
-75.00 20.00 0.00027489
-70.00 20.00 -0.0004737
-65.00 20.00 -0.00161532
-60.00 20.00 -0.00256812
-55.00 20.00 -0.00274803
-50.00 20.00 -0.00230208
-45.00 20.00 -0.00172308
-40.00 20.00 -0.0012108
-35.00 20.00 -0.00076623
-30.00 20.00 -0.00034581
-25.00 20.00 0.00031704
-20.00 20.00 0.00142851
-15.00 20.00 0.00252582
-10.00 20.00 0.00271488
-5.00 20.00 0.00164874
0.00 20.00 -2.064e-05
5.00 20.00 -0.00117255
10.00 20.00 -0.00118302
15.00 20.00 -0.0004791
20.00 20.00 1.368e-05
25.00 20.00 -5.265e-05
30.00 20.00 -0.00037452
35.00 20.00 -0.00069879
40.00 20.00 -0.0006993
45.00 20.00 0.0002988
50.00 20.00 0.0020937
55.00 20.00 0.0028494
60.00 20.00 0.00136668
65.00 20.00 -0.0006942
70.00 20.00 -0.00084933
75.00 20.00 0.0008226
80.00 20.00 0.00229395
85.00 20.00 0.00260679
90.00 20.00 0.00241326
95.00 20.00 0.00242133
100.00 20.00 0.00281931
105.00 20.00 0.00349689
110.00 20.00 0.00401652
115.00 20.00 0.00408441
120.00 20.00 0.00406161
125.00 20.00 0.00419772
130.00 20.00 0.00408363
135.00 20.00 0.00375303
140.00 20.00 0.0039336
145.00 20.00 0.00427692
150.00 20.00 0.00331401
155.00 20.00 0.00115008
160.00 20.00 -0.00016824
165.00 20.00 6.771e-05
170.00 20.00 0.00022824
175.00 20.00 -0.00046296
180.00 20.00 -0.00061692
-180.00 25.00 -0.00031755
-175.00 25.00 0.00035361
-170.00 25.00 0.00064803
-165.00 25.00 -0.00041622
-160.00 25.00 -0.00190134
-155.00 25.00 -0.00231351
-150.00 25.00 -0.00177423
-145.00 25.00 -0.00148968
-140.00 25.00 -0.0017199
-135.00 25.00 -0.00159924
-130.00 25.00 -0.00080574
-125.00 25.00 -0.00018981
-120.00 25.00 -0.00039204
-115.00 25.00 -0.00073797
-110.00 25.00 -0.00016863
-105.00 25.00 0.00124776
-100.00 25.00 0.00242304
-95.00 25.00 0.00260472
-90.00 25.00 0.00202272
-85.00 25.00 0.00128109
-80.00 25.00 0.00058737
-75.00 25.00 -0.00029571
-70.00 25.00 -0.00148677
-65.00 25.00 -0.00254496
-60.00 25.00 -0.00282714
-55.00 25.00 -0.00229659
-50.00 25.00 -0.00158406
-45.00 25.00 -0.00114411
-40.00 25.00 -0.0008622
-35.00 25.00 -0.00063306
-30.00 25.00 -0.0006519
-25.00 25.00 -0.00083475
-20.00 25.00 -0.00063069
-15.00 25.00 0.00011424
-10.00 25.00 0.00062058
-5.00 25.00 8.913e-05
0.00 25.00 -0.00108516
5.00 25.00 -0.00162699
10.00 25.00 -0.00098997
15.00 25.00 -5.583e-05
20.00 25.00 0.00016641
25.00 25.00 -6.198e-05
30.00 25.00 0.00013272
35.00 25.00 0.00074355
40.00 25.00 0.00115584
45.00 25.00 0.0014346
50.00 25.00 0.00193149
55.00 25.00 0.00198048
60.00 25.00 0.00069147
65.00 25.00 -0.00104022
70.00 25.00 -0.00110046
75.00 25.00 0.00096573
80.00 25.00 0.00313668
85.00 25.00 0.003483
90.00 25.00 0.00245892
95.00 25.00 0.00197631
100.00 25.00 0.00281274
105.00 25.00 0.00380979
110.00 25.00 0.00380853
115.00 25.00 0.00350823
120.00 25.00 0.00431019
125.00 25.00 0.00580143
130.00 25.00 0.00614628
135.00 25.00 0.00497967
140.00 25.00 0.00379617
145.00 25.00 0.0031374
150.00 25.00 0.00181536
155.00 25.00 -0.00037056
160.00 25.00 -0.00167628
165.00 25.00 -0.00121527
170.00 25.00 -0.00037737
175.00 25.00 -0.00033111
180.00 25.00 -0.00031755
-180.00 30.00 0.00010716
-175.00 30.00 0.00033213
-170.00 30.00 0.00056841
-165.00 30.00 0.00038757
-160.00 30.00 -1.779e-05
-155.00 30.00 -0.00025473
-150.00 30.00 -0.00057171
-145.00 30.00 -0.0013401
-140.00 30.00 -0.00202011
-135.00 30.00 -0.00160791
-130.00 30.00 -0.00013989
-125.00 30.00 0.00107628
-120.00 30.00 0.00105402
-115.00 30.00 0.00036228
-110.00 30.00 0.00030084
-105.00 30.00 0.00121692
-100.00 30.00 0.0022023
-95.00 30.00 0.0023328
-90.00 30.00 0.00166095
-85.00 30.00 0.00085779
-80.00 30.00 0.00027318
-75.00 30.00 -0.00031218
-70.00 30.00 -0.00109248
-65.00 30.00 -0.00176256
-60.00 30.00 -0.00187257
-55.00 30.00 -0.00145764
-50.00 30.00 -0.00093942
-45.00 30.00 -0.00048768
-40.00 30.00 2.331e-05
-35.00 30.00 0.00040581
-30.00 30.00 0.00016104
-25.00 30.00 -0.00062772
-20.00 30.00 -0.00102585
-15.00 30.00 -0.00039975
-10.00 30.00 0.00059493
-5.00 30.00 0.00083679
0.00 30.00 0.00031752
5.00 30.00 9.999e-05
10.00 30.00 0.00064746
15.00 30.00 0.00111183
20.00 30.00 0.00078252
25.00 30.00 0.00038709
30.00 30.00 0.00098658
35.00 30.00 0.00214449
40.00 30.00 0.00244854
45.00 30.00 0.00163518
50.00 30.00 0.00082962
55.00 30.00 0.00060603
60.00 30.00 0.00026682
65.00 30.00 -0.00049644
70.00 30.00 -0.00063186
75.00 30.00 0.00064959
80.00 30.00 0.00228018
85.00 30.00 0.00257409
90.00 30.00 0.00159858
95.00 30.00 0.00105969
100.00 30.00 0.00181953
105.00 30.00 0.00282441
110.00 30.00 0.00306918
115.00 30.00 0.00335721
120.00 30.00 0.00481515
125.00 30.00 0.00654327
130.00 30.00 0.00657069
135.00 30.00 0.0048426
140.00 30.00 0.00326559
145.00 30.00 0.00266928
150.00 30.00 0.00181641
155.00 30.00 -2.163e-05
160.00 30.00 -0.00155229
165.00 30.00 -0.00151476
170.00 30.00 -0.00056781
175.00 30.00 -1.38e-06
180.00 30.00 0.00010716
-180.00 35.00 -0.00033621
-175.00 35.00 -0.00045201
-170.00 35.00 -0.00041217
-165.00 35.00 -5.592e-05
-160.00 35.00 0.00040257
-155.00 35.00 0.00039324
-150.00 35.00 -0.00063369
-145.00 35.00 -0.00238251
-140.00 35.00 -0.00348168
-135.00 35.00 -0.00268857
-130.00 35.00 -0.00039876
-125.00 35.00 0.00153411
-120.00 35.00 0.00172524
-115.00 35.00 0.00069516
-110.00 35.00 0.00011844
-105.00 35.00 0.00088596
-100.00 35.00 0.00227991
-95.00 35.00 0.00297879
-90.00 35.00 0.00245583
-85.00 35.00 0.00123585
-80.00 35.00 9.711e-05
-75.00 35.00 -0.00061746
-70.00 35.00 -0.0009492
-65.00 35.00 -0.0009786
-60.00 35.00 -0.00077706
-55.00 35.00 -0.00051882
-50.00 35.00 -0.00033252
-45.00 35.00 -9.285e-05
-40.00 35.00 0.0003354
-35.00 35.00 0.00067521
-30.00 35.00 0.00047814
-25.00 35.00 -9.348e-05
-20.00 35.00 -0.00018816
-15.00 35.00 0.00069237
-10.00 35.00 0.0019323
-5.00 35.00 0.00255846
0.00 35.00 0.00250407
5.00 35.00 0.00246858
10.00 35.00 0.00258849
15.00 35.00 0.00212085
20.00 35.00 0.00083625
25.00 35.00 -9.987e-05
30.00 35.00 0.00049524
35.00 35.00 0.00201408
40.00 35.00 0.00268788
45.00 35.00 0.00194403
50.00 35.00 0.00103629
55.00 35.00 0.00107601
60.00 35.00 0.00152715
65.00 35.00 0.00131655
70.00 35.00 0.00057498
75.00 35.00 0.00029454
80.00 35.00 0.00070551
85.00 35.00 0.00106047
90.00 35.00 0.00097005
95.00 35.00 0.00093732
100.00 35.00 0.0013287
105.00 35.00 0.0017748
110.00 35.00 0.00211641
115.00 35.00 0.00302808
120.00 35.00 0.00478107
125.00 35.00 0.006084
130.00 35.00 0.00542607
135.00 35.00 0.00330222
140.00 35.00 0.00175035
145.00 35.00 0.00161208
150.00 35.00 0.00160827
155.00 35.00 0.00051537
160.00 35.00 -0.00103125
165.00 35.00 -0.00165036
170.00 35.00 -0.00115935
175.00 35.00 -0.00050601
180.00 35.00 -0.00033621
-180.00 40.00 -0.00147009
-175.00 40.00 -0.00177498
-170.00 40.00 -0.00209391
-165.00 40.00 -0.00180093
-160.00 40.00 -0.00101799
-155.00 40.00 -0.00068385
-150.00 40.00 -0.00166824
-145.00 40.00 -0.00364875
-140.00 40.00 -0.00504564
-135.00 40.00 -0.00441921
-130.00 40.00 -0.00198951
-125.00 40.00 0.00047505
-120.00 40.00 0.00141048
-115.00 40.00 0.00094863
-110.00 40.00 0.00054414
-105.00 40.00 0.00127728
-100.00 40.00 0.00275502
-95.00 40.00 0.00365454
-90.00 40.00 0.00309618
-85.00 40.00 0.00137562
-80.00 40.00 -0.00045264
-75.00 40.00 -0.00146331
-70.00 40.00 -0.00138285
-65.00 40.00 -0.00055257
-60.00 40.00 0.00039282
-55.00 40.00 0.00090345
-50.00 40.00 0.00082437
-45.00 40.00 0.00042819
-40.00 40.00 7.881e-05
-35.00 40.00 -0.00012021
-30.00 40.00 -0.00023799
-25.00 40.00 -0.00015879
-20.00 40.00 0.0004017
-15.00 40.00 0.0014277
-10.00 40.00 0.00244437
-5.00 40.00 0.00307509
0.00 40.00 0.0035169
5.00 40.00 0.00405819
10.00 40.00 0.0042636
15.00 40.00 0.00327303
20.00 40.00 0.00114927
25.00 40.00 -0.00064416
30.00 40.00 -0.00069423
35.00 40.00 0.00068505
40.00 40.00 0.00186
45.00 40.00 0.00189756
50.00 40.00 0.00147393
55.00 40.00 0.00157734
60.00 40.00 0.00203148
65.00 40.00 0.00190005
70.00 40.00 0.0009621
75.00 40.00 6.027e-05
80.00 40.00 5.67e-06
85.00 40.00 0.00070902
90.00 40.00 0.00150888
95.00 40.00 0.00189117
100.00 40.00 0.0017262
105.00 40.00 0.00127164
110.00 40.00 0.00121515
115.00 40.00 0.00223203
120.00 40.00 0.00401691
125.00 40.00 0.00511506
130.00 40.00 0.00436119
135.00 40.00 0.00234831
140.00 40.00 0.0008061
145.00 40.00 0.00051453
150.00 40.00 0.000534
155.00 40.00 -0.00029097
160.00 40.00 -0.00174915
165.00 40.00 -0.00266706
170.00 40.00 -0.00247116
175.00 40.00 -0.00176814
180.00 40.00 -0.00147009
-180.00 45.00 -0.00129162
-175.00 45.00 -0.00172875
-170.00 45.00 -0.00249402
-165.00 45.00 -0.00273066
-160.00 45.00 -0.00223014
-155.00 45.00 -0.00175119
-150.00 45.00 -0.00225426
-145.00 45.00 -0.00377133
-140.00 45.00 -0.00513768
-135.00 45.00 -0.00500211
-130.00 45.00 -0.00313863
-125.00 45.00 -0.00067893
-120.00 45.00 0.00097878
-115.00 45.00 0.00141348
-110.00 45.00 0.00131466
-105.00 45.00 0.00151476
-100.00 45.00 0.00206004
-95.00 45.00 0.00225624
-90.00 45.00 0.00149631
-85.00 45.00 -5.559e-05
-80.00 45.00 -0.00154473
-75.00 45.00 -0.00208353
-70.00 45.00 -0.00137034
-65.00 45.00 0.00015759
-60.00 45.00 0.00164205
-55.00 45.00 0.00233046
-50.00 45.00 0.00198774
-45.00 45.00 0.00095652
-40.00 45.00 -0.00013968
-35.00 45.00 -0.00078843
-30.00 45.00 -0.00078858
-25.00 45.00 -0.00022806
-20.00 45.00 0.00060363
-15.00 45.00 0.00134286
-10.00 45.00 0.00181263
-5.00 45.00 0.00225276
0.00 45.00 0.00309981
5.00 45.00 0.00431511
10.00 45.00 0.00504273
15.00 45.00 0.00430482
20.00 45.00 0.00218685
25.00 45.00 6.216e-05
30.00 45.00 -0.00065964
35.00 45.00 7.293e-05
40.00 45.00 0.00105495
45.00 45.00 0.00124683
50.00 45.00 0.00074919
55.00 45.00 0.0002955
60.00 45.00 0.00018486
65.00 45.00 9.144e-05
70.00 45.00 -0.00022131
75.00 45.00 -0.00043497
80.00 45.00 -6.972e-05
85.00 45.00 0.00087123
90.00 45.00 0.00180885
95.00 45.00 0.00207549
100.00 45.00 0.00147699
105.00 45.00 0.00052638
110.00 45.00 0.00016755
115.00 45.00 0.00103074
120.00 45.00 0.00274575
125.00 45.00 0.00411537
130.00 45.00 0.0042099
135.00 45.00 0.00325146
140.00 45.00 0.00220797
145.00 45.00 0.00158202
150.00 45.00 0.00093606
155.00 45.00 -0.00028752
160.00 45.00 -0.00181323
165.00 45.00 -0.00272064
170.00 45.00 -0.00250866
175.00 45.00 -0.0016992
180.00 45.00 -0.00129162
-180.00 50.00 0.00116487
-175.00 50.00 0.00057129
-170.00 50.00 -0.00056181
-165.00 50.00 -0.00143943
-160.00 50.00 -0.00163065
-155.00 50.00 -0.00148608
-150.00 50.00 -0.00173322
-145.00 50.00 -0.00265341
-140.00 50.00 -0.00369195
-135.00 50.00 -0.00392577
-130.00 50.00 -0.0029292
-125.00 50.00 -0.00117579
-120.00 50.00 0.00038925
-115.00 50.00 0.00113142
-110.00 50.00 0.00110334
-105.00 50.00 0.00075717
-100.00 50.00 0.00041097
-95.00 50.00 3.258e-05
-90.00 50.00 -0.00052866
-85.00 50.00 -0.00119976
-80.00 50.00 -0.00161427
-75.00 50.00 -0.00137397
-70.00 50.00 -0.00039039
-65.00 50.00 0.00098238
-60.00 50.00 0.00212178
-55.00 50.00 0.00249444
-50.00 50.00 0.00196521
-45.00 50.00 0.00086622
-40.00 50.00 -0.00020895
-35.00 50.00 -0.00074784
-30.00 50.00 -0.00059121
-25.00 50.00 1.335e-05
-20.00 50.00 0.00060264
-15.00 50.00 0.00084453
-10.00 50.00 0.00083076
-5.00 50.00 0.00104481
0.00 50.00 0.00191016
5.00 50.00 0.00324753
10.00 50.00 0.00422931
15.00 50.00 0.00404946
20.00 50.00 0.00273804
25.00 50.00 0.00123687
30.00 50.00 0.00055272
35.00 50.00 0.000831
40.00 50.00 0.00132117
45.00 50.00 0.00121632
50.00 50.00 0.00041325
55.00 50.00 -0.00055512
60.00 50.00 -0.00115965
65.00 50.00 -0.00129468
70.00 50.00 -0.00113763
75.00 50.00 -0.00081318
80.00 50.00 -0.00031854
85.00 50.00 0.0002886
90.00 50.00 0.00076371
95.00 50.00 0.00081276
100.00 50.00 0.00038157
105.00 50.00 -0.0001809
110.00 50.00 -0.00029175
115.00 50.00 0.00042693
120.00 50.00 0.0018003
125.00 50.00 0.00321384
130.00 50.00 0.00412608
135.00 50.00 0.00445173
140.00 50.00 0.0044082
145.00 50.00 0.0040728
150.00 50.00 0.00326991
155.00 50.00 0.00196068
160.00 50.00 0.00059979
165.00 50.00 -0.00010224
170.00 50.00 0.00014964
175.00 50.00 0.00086622
180.00 50.00 0.00116487
-180.00 55.00 0.0035316
-175.00 55.00 0.00292443
-170.00 55.00 0.00183852
-165.00 55.00 0.00080262
-160.00 55.00 0.00020244
-155.00 55.00 -3.369e-05
-150.00 55.00 -0.00030381
-145.00 55.00 -0.00089733
-140.00 55.00 -0.00168396
-135.00 55.00 -0.00222069
-130.00 55.00 -0.00215637
-125.00 55.00 -0.00154113
-120.00 55.00 -0.00076866
-115.00 55.00 -0.00024411
-110.00 55.00 -0.00010143
-105.00 55.00 -0.00019311
-100.00 55.00 -0.00029385
-95.00 55.00 -0.00029043
-90.00 55.00 -0.00020427
-85.00 55.00 -8.478e-05
-80.00 55.00 8.244e-05
-75.00 55.00 0.00035985
-70.00 55.00 0.0007638
-65.00 55.00 0.00119277
-60.00 55.00 0.00145323
-55.00 55.00 0.00137478
-50.00 55.00 0.00093546
-45.00 55.00 0.00030372
-40.00 55.00 -0.00024456
-35.00 55.00 -0.00049074
-30.00 55.00 -0.000414
-25.00 55.00 -0.00020214
-20.00 55.00 -0.00010332
-15.00 55.00 -0.00020619
-10.00 55.00 -0.00032037
-5.00 55.00 -9.684e-05
0.00 55.00 0.00065655
5.00 55.00 0.00172053
10.00 55.00 0.00254541
15.00 55.00 0.0026694
20.00 55.00 0.00212298
25.00 55.00 0.00141948
30.00 55.00 0.00110541
35.00 55.00 0.00128823
40.00 55.00 0.00159222
45.00 55.00 0.00155742
50.00 55.00 0.00106311
55.00 55.00 0.0003798
60.00 55.00 -0.00013035
65.00 55.00 -0.00031881
70.00 55.00 -0.00028956
75.00 55.00 -0.00021624
80.00 55.00 -0.00017013
85.00 55.00 -0.00010887
90.00 55.00 2.154e-05
95.00 55.00 0.00021054
100.00 55.00 0.0004074
105.00 55.00 0.00059916
110.00 55.00 0.00084243
115.00 55.00 0.00120903
120.00 55.00 0.0017124
125.00 55.00 0.00230352
130.00 55.00 0.00293025
135.00 55.00 0.00355749
140.00 55.00 0.00410067
145.00 55.00 0.00437634
150.00 55.00 0.00420738
155.00 55.00 0.00363681
160.00 55.00 0.00301029
165.00 55.00 0.00275745
170.00 55.00 0.00301608
175.00 55.00 0.00345855
180.00 55.00 0.0035316
-180.00 60.00 0.00311178
-175.00 60.00 0.00276642
-170.00 60.00 0.00222579
-165.00 60.00 0.00173034
-160.00 60.00 0.00145149
-155.00 60.00 0.00134931
-150.00 60.00 0.00120732
-145.00 60.00 0.00081411
-140.00 60.00 0.00013581
-135.00 60.00 -0.00065979
-130.00 60.00 -0.00132987
-125.00 60.00 -0.00171318
-120.00 60.00 -0.00179148
-115.00 60.00 -0.00163509
-110.00 60.00 -0.00131199
-105.00 60.00 -0.00085056
-100.00 60.00 -0.00027462
-95.00 60.00 0.00034494
-90.00 60.00 0.00088437
-85.00 60.00 0.00121944
-80.00 60.00 0.00129354
-75.00 60.00 0.00114771
-70.00 60.00 0.00089163
-65.00 60.00 0.00063894
-60.00 60.00 0.00045066
-55.00 60.00 0.00031995
-50.00 60.00 0.00019854
-45.00 60.00 3.852e-05
-40.00 60.00 -0.00018219
-35.00 60.00 -0.00046248
-30.00 60.00 -0.00079212
-25.00 60.00 -0.00114975
-20.00 60.00 -0.00147552
-15.00 60.00 -0.00164718
-10.00 60.00 -0.00150666
-5.00 60.00 -0.00095481
0.00 60.00 -6.372e-05
5.00 60.00 0.00089364
10.00 60.00 0.00155901
15.00 60.00 0.00169878
20.00 60.00 0.00135591
25.00 60.00 0.00081555
30.00 60.00 0.00040221
35.00 60.00 0.00027114
40.00 60.00 0.00035703
45.00 60.00 0.00049548
50.00 60.00 0.0005835
55.00 60.00 0.00063288
60.00 60.00 0.00069741
65.00 60.00 0.00077757
70.00 60.00 0.00080976
75.00 60.00 0.00074571
80.00 60.00 0.00063333
85.00 60.00 0.00061197
90.00 60.00 0.00081705
95.00 60.00 0.00126927
100.00 60.00 0.00183468
105.00 60.00 0.00228597
110.00 60.00 0.00242355
115.00 60.00 0.00218292
120.00 60.00 0.00167244
125.00 60.00 0.00112677
130.00 60.00 0.00079797
135.00 60.00 0.00083235
140.00 60.00 0.0011958
145.00 60.00 0.00170094
150.00 60.00 0.00213285
155.00 60.00 0.00239205
160.00 60.00 0.00254124
165.00 60.00 0.00271218
170.00 60.00 0.00295092
175.00 60.00 0.0031455
180.00 60.00 0.00311178
-180.00 65.00 0.00092169
-175.00 65.00 0.00083418
-170.00 65.00 0.0008268
-165.00 65.00 0.00096312
-160.00 65.00 0.00123849
-155.00 65.00 0.00155235
-150.00 65.00 0.00173742
-145.00 65.00 0.00163719
-140.00 65.00 0.00118635
-135.00 65.00 0.00044571
-130.00 65.00 -0.00042417
-125.00 65.00 -0.00122814
-120.00 65.00 -0.00180135
-115.00 65.00 -0.0020475
-110.00 65.00 -0.00194892
-105.00 65.00 -0.00156057
-100.00 65.00 -0.00099594
-95.00 65.00 -0.00040347
-90.00 65.00 7.086e-05
-85.00 65.00 0.00032865
-80.00 65.00 0.00035379
-75.00 65.00 0.00021648
-70.00 65.00 3.927e-05
-65.00 65.00 -6.144e-05
-60.00 65.00 -3.195e-05
-55.00 65.00 9.246e-05
-50.00 65.00 0.00020298
-45.00 65.00 0.00016695
-40.00 65.00 -0.00011148
-35.00 65.00 -0.00064425
-30.00 65.00 -0.00134271
-25.00 65.00 -0.00203502
-20.00 65.00 -0.00251181
-15.00 65.00 -0.00258987
-10.00 65.00 -0.00217887
-5.00 65.00 -0.00133032
0.00 65.00 -0.00024366
5.00 65.00 0.00078681
10.00 65.00 0.00147399
15.00 65.00 0.00164775
20.00 65.00 0.00131724
25.00 65.00 0.00065205
30.00 65.00 -0.0001038
35.00 65.00 -0.00073302
40.00 65.00 -0.00110742
45.00 65.00 -0.00119421
50.00 65.00 -0.0010278
55.00 65.00 -0.00068025
60.00 65.00 -0.00024408
65.00 65.00 0.00018366
70.00 65.00 0.00052926
75.00 65.00 0.00077541
80.00 65.00 0.00097341
85.00 65.00 0.00121374
90.00 65.00 0.00156213
95.00 65.00 0.001998
100.00 65.00 0.00239772
105.00 65.00 0.00258063
110.00 65.00 0.00239796
115.00 65.00 0.00181788
120.00 65.00 0.00095925
125.00 65.00 5.418e-05
130.00 65.00 -0.00064464
135.00 65.00 -0.00096621
140.00 65.00 -0.0008829
145.00 65.00 -0.0005028
150.00 65.00 -2.22e-06
155.00 65.00 0.00045921
160.00 65.00 0.00079221
165.00 65.00 0.00097944
170.00 65.00 0.00104208
175.00 65.00 0.00101046
180.00 65.00 0.00092169
-180.00 70.00 -9.369e-05
-175.00 70.00 -0.00020394
-170.00 70.00 -0.00014358
-165.00 70.00 9.594e-05
-160.00 70.00 0.00046716
-155.00 70.00 0.00087366
-150.00 70.00 0.00119466
-145.00 70.00 0.00132126
-140.00 70.00 0.00119169
-135.00 70.00 0.00081138
-130.00 70.00 0.00025062
-125.00 70.00 -0.00037839
-120.00 70.00 -0.00095529
-115.00 70.00 -0.00138411
-110.00 70.00 -0.00161457
-105.00 70.00 -0.00164823
-100.00 70.00 -0.0015294
-95.00 70.00 -0.00132504
-90.00 70.00 -0.0010998
-85.00 70.00 -0.00089448
-80.00 70.00 -0.00071577
-75.00 70.00 -0.00054198
-70.00 70.00 -0.00034293
-65.00 70.00 -0.00010641
-60.00 70.00 0.00014205
-55.00 70.00 0.00033591
-50.00 70.00 0.00038595
-45.00 70.00 0.00021429
-40.00 70.00 -0.00020865
-35.00 70.00 -0.00083898
-30.00 70.00 -0.00155742
-25.00 70.00 -0.00219402
-20.00 70.00 -0.00257328
-15.00 70.00 -0.00256668
-10.00 70.00 -0.00213546
-5.00 70.00 -0.00134958
0.00 70.00 -0.00037356
5.00 70.00 0.00057714
10.00 70.00 0.00129729
15.00 70.00 0.00164883
20.00 70.00 0.00159513
25.00 70.00 0.00120159
30.00 70.00 0.00060561
35.00 70.00 -2.928e-05
40.00 70.00 -0.00055875
45.00 70.00 -0.00088818
50.00 70.00 -0.00098442
55.00 70.00 -0.00087036
60.00 70.00 -0.00060693
65.00 70.00 -0.00026898
70.00 70.00 7.89e-05
75.00 70.00 0.00039873
80.00 70.00 0.00068208
85.00 70.00 0.00093741
90.00 70.00 0.00116868
95.00 70.00 0.00135735
100.00 70.00 0.0014598
105.00 70.00 0.00142416
110.00 70.00 0.00122007
115.00 70.00 0.00086454
120.00 70.00 0.00042945
125.00 70.00 2.28e-05
130.00 70.00 -0.00024888
135.00 70.00 -0.00032073
140.00 70.00 -0.00019362
145.00 70.00 6.78e-05
150.00 70.00 0.00036129
155.00 70.00 0.00058431
160.00 70.00 0.00066738
165.00 70.00 0.00059178
170.00 70.00 0.00038982
175.00 70.00 0.00013194
180.00 70.00 -9.369e-05
-180.00 75.00 0.00044154
-175.00 75.00 0.00022545
-170.00 75.00 0.00011886
-165.00 75.00 0.00012984
-160.00 75.00 0.0002397
-155.00 75.00 0.00040761
-150.00 75.00 0.00058089
-145.00 75.00 0.00070791
-140.00 75.00 0.00075033
-135.00 75.00 0.00069186
-130.00 75.00 0.00054042
-125.00 75.00 0.00032427
-120.00 75.00 8.304e-05
-115.00 75.00 -0.00014262
-110.00 75.00 -0.00032004
-105.00 75.00 -0.00042951
-100.00 75.00 -0.00046512
-95.00 75.00 -0.00043131
-90.00 75.00 -0.00033852
-85.00 75.00 -0.00019962
-80.00 75.00 -2.832e-05
-75.00 75.00 0.00015924
-70.00 75.00 0.00034185
-65.00 75.00 0.00049107
-60.00 75.00 0.00057192
-55.00 75.00 0.00054837
-50.00 75.00 0.00039252
-45.00 75.00 9.543e-05
-40.00 75.00 -0.00032373
-35.00 75.00 -0.00081438
-30.00 75.00 -0.00129981
-25.00 75.00 -0.00169104
-20.00 75.00 -0.00190605
-15.00 75.00 -0.00188979
-10.00 75.00 -0.00162912
-5.00 75.00 -0.00115764
0.00 75.00 -0.00054879
5.00 75.00 0.00010074
10.00 75.00 0.00069291
15.00 75.00 0.00114954
20.00 75.00 0.00142692
25.00 75.00 0.00152106
30.00 75.00 0.00146247
35.00 75.00 0.00130419
40.00 75.00 0.00110619
45.00 75.00 0.00092073
50.00 75.00 0.00078255
55.00 75.00 0.00070542
60.00 75.00 0.00068481
65.00 75.00 0.00070443
70.00 75.00 0.0007443
75.00 75.00 0.0007872
80.00 75.00 0.00082215
85.00 75.00 0.00084408
90.00 75.00 0.0008517
95.00 75.00 0.00084552
100.00 75.00 0.00082719
105.00 75.00 0.00080076
110.00 75.00 0.0007749
115.00 75.00 0.0007638
120.00 75.00 0.00078522
125.00 75.00 0.00085497
130.00 75.00 0.00097983
135.00 75.00 0.00115149
140.00 75.00 0.00134445
145.00 75.00 0.00151962
150.00 75.00 0.00163347
155.00 75.00 0.00164973
160.00 75.00 0.00155016
165.00 75.00 0.00134085
170.00 75.00 0.00105249
175.00 75.00 0.00073401
180.00 75.00 0.00044154
-180.00 80.00 0.00065829
-175.00 80.00 0.00051075
-170.00 80.00 0.00039765
-165.00 80.00 0.00032598
-160.00 80.00 0.00029625
-155.00 80.00 0.00030312
-150.00 80.00 0.00033699
-145.00 80.00 0.00038625
-140.00 80.00 0.00043977
-135.00 80.00 0.00048879
-130.00 80.00 0.00052824
-125.00 80.00 0.00055674
-120.00 80.00 0.00057606
-115.00 80.00 0.00059019
-110.00 80.00 0.00060375
-105.00 80.00 0.00062088
-100.00 80.00 0.00064377
-95.00 80.00 0.00067224
-90.00 80.00 0.0007035
-85.00 80.00 0.00073227
-80.00 80.00 0.00075099
-75.00 80.00 0.00075039
-70.00 80.00 0.00072057
-65.00 80.00 0.00065241
-60.00 80.00 0.00053901
-55.00 80.00 0.00037749
-50.00 80.00 0.0001707
-45.00 80.00 -7.167e-05
-40.00 80.00 -0.00033282
-35.00 80.00 -0.00059007
-30.00 80.00 -0.00081741
-25.00 80.00 -0.00098901
-20.00 80.00 -0.00108309
-15.00 80.00 -0.00108567
-10.00 80.00 -0.00099297
-5.00 80.00 -0.00081225
0.00 80.00 -0.0005607
5.00 80.00 -0.00026259
10.00 80.00 5.469e-05
15.00 80.00 0.00036474
20.00 80.00 0.00064566
25.00 80.00 0.00088227
30.00 80.00 0.00106689
35.00 80.00 0.00119874
40.00 80.00 0.00128223
45.00 80.00 0.00132453
50.00 80.00 0.00133371
55.00 80.00 0.00131724
60.00 80.00 0.0012813
65.00 80.00 0.00123084
70.00 80.00 0.00116991
75.00 80.00 0.00110232
80.00 80.00 0.00103239
85.00 80.00 0.00096501
90.00 80.00 0.00090576
95.00 80.00 0.00086031
100.00 80.00 0.000834
105.00 80.00 0.00083133
110.00 80.00 0.00085512
115.00 80.00 0.00090576
120.00 80.00 0.00098064
125.00 80.00 0.00107373
130.00 80.00 0.0011757
135.00 80.00 0.00127446
140.00 80.00 0.00135621
145.00 80.00 0.00140745
150.00 80.00 0.00141702
155.00 80.00 0.00137841
160.00 80.00 0.00129108
165.00 80.00 0.00116127
170.00 80.00 0.00100119
175.00 80.00 0.00082743
180.00 80.00 0.00065829
-180.00 85.00 -1.59e-06
-175.00 85.00 -2.769e-05
-170.00 85.00 -4.938e-05
-165.00 85.00 -6.552e-05
-160.00 85.00 -7.455e-05
-155.00 85.00 -7.521e-05
-150.00 85.00 -6.756e-05
-145.00 85.00 -5.319e-05
-140.00 85.00 -3.42e-05
-135.00 85.00 -1.23e-05
-130.00 85.00 1.185e-05
-125.00 85.00 3.756e-05
-120.00 85.00 6.333e-05
-115.00 85.00 8.667e-05
-110.00 85.00 0.00010512
-105.00 85.00 0.00011721
-100.00 85.00 0.00012258
-95.00 85.00 0.00012108
-90.00 85.00 0.00011181
-85.00 85.00 9.294e-05
-80.00 85.00 6.297e-05
-75.00 85.00 2.172e-05
-70.00 85.00 -2.964e-05
-65.00 85.00 -8.94e-05
-60.00 85.00 -0.00015618
-55.00 85.00 -0.00022893
-50.00 85.00 -0.00030588
-45.00 85.00 -0.00038367
-40.00 85.00 -0.00045777
-35.00 85.00 -0.00052356
-30.00 85.00 -0.00057747
-25.00 85.00 -0.00061725
-20.00 85.00 -0.00064116
-15.00 85.00 -0.00064749
-10.00 85.00 -0.0006348
-5.00 85.00 -0.00060285
0.00 85.00 -0.0005535
5.00 85.00 -0.00049014
10.00 85.00 -0.00041679
15.00 85.00 -0.00033702
20.00 85.00 -0.00025377
25.00 85.00 -0.00016995
30.00 85.00 -8.898e-05
35.00 85.00 -1.434e-05
40.00 85.00 5.115e-05
45.00 85.00 0.00010614
50.00 85.00 0.0001506
55.00 85.00 0.0001851
60.00 85.00 0.00021012
65.00 85.00 0.00022581
70.00 85.00 0.0002328
75.00 85.00 0.00023262
80.00 85.00 0.00022764
85.00 85.00 0.00022038
90.00 85.00 0.00021258
95.00 85.00 0.00020505
100.00 85.00 0.00019827
105.00 85.00 0.0001929
110.00 85.00 0.00018978
115.00 85.00 0.00018957
120.00 85.00 0.00019173
125.00 85.00 0.00019458
130.00 85.00 0.00019602
135.00 85.00 0.00019443
140.00 85.00 0.00018906
145.00 85.00 0.00017967
150.00 85.00 0.00016587
155.00 85.00 0.00014682
160.00 85.00 0.0001221
165.00 85.00 9.252e-05
170.00 85.00 6.027e-05
175.00 85.00 2.814e-05
180.00 85.00 -1.59e-06
-180.00 90.00 -0.0005184
-175.00 90.00 -0.0005184
-170.00 90.00 -0.0005184
-165.00 90.00 -0.0005184
-160.00 90.00 -0.0005184
-155.00 90.00 -0.0005184
-150.00 90.00 -0.0005184
-145.00 90.00 -0.0005184
-140.00 90.00 -0.0005184
-135.00 90.00 -0.0005184
-130.00 90.00 -0.0005184
-125.00 90.00 -0.0005184
-120.00 90.00 -0.0005184
-115.00 90.00 -0.0005184
-110.00 90.00 -0.0005184
-105.00 90.00 -0.0005184
-100.00 90.00 -0.0005184
-95.00 90.00 -0.0005184
-90.00 90.00 -0.0005184
-85.00 90.00 -0.0005184
-80.00 90.00 -0.0005184
-75.00 90.00 -0.0005184
-70.00 90.00 -0.0005184
-65.00 90.00 -0.0005184
-60.00 90.00 -0.0005184
-55.00 90.00 -0.0005184
-50.00 90.00 -0.0005184
-45.00 90.00 -0.0005184
-40.00 90.00 -0.0005184
-35.00 90.00 -0.0005184
-30.00 90.00 -0.0005184
-25.00 90.00 -0.0005184
-20.00 90.00 -0.0005184
-15.00 90.00 -0.0005184
-10.00 90.00 -0.0005184
-5.00 90.00 -0.0005184
0.00 90.00 -0.0005184
5.00 90.00 -0.0005184
10.00 90.00 -0.0005184
15.00 90.00 -0.0005184
20.00 90.00 -0.0005184
25.00 90.00 -0.0005184
30.00 90.00 -0.0005184
35.00 90.00 -0.0005184
40.00 90.00 -0.0005184
45.00 90.00 -0.0005184
50.00 90.00 -0.0005184
55.00 90.00 -0.0005184
60.00 90.00 -0.0005184
65.00 90.00 -0.0005184
70.00 90.00 -0.0005184
75.00 90.00 -0.0005184
80.00 90.00 -0.0005184
85.00 90.00 -0.0005184
90.00 90.00 -0.0005184
95.00 90.00 -0.0005184
100.00 90.00 -0.0005184
105.00 90.00 -0.0005184
110.00 90.00 -0.0005184
115.00 90.00 -0.0005184
120.00 90.00 -0.0005184
125.00 90.00 -0.0005184
130.00 90.00 -0.0005184
135.00 90.00 -0.0005184
140.00 90.00 -0.0005184
145.00 90.00 -0.0005184
150.00 90.00 -0.0005184
155.00 90.00 -0.0005184
160.00 90.00 -0.0005184
165.00 90.00 -0.0005184
170.00 90.00 -0.0005184
175.00 90.00 -0.0005184
180.00 90.00 -0.0005184
