-180.00 -90.00 0.0018191
-175.00 -90.00 0.0018191
-170.00 -90.00 0.0018192
-165.00 -90.00 0.0018192
-160.00 -90.00 0.0018191
-155.00 -90.00 0.0018191
-150.00 -90.00 0.001819
-145.00 -90.00 0.001819
-140.00 -90.00 0.0018189
-135.00 -90.00 0.0018187
-130.00 -90.00 0.0018186
-125.00 -90.00 0.0018185
-120.00 -90.00 0.0018184
-115.00 -90.00 0.0018182
-110.00 -90.00 0.0018181
-105.00 -90.00 0.001818
-100.00 -90.00 0.0018179
-95.00 -90.00 0.0018178
-90.00 -90.00 0.0018178
-85.00 -90.00 0.0018177
-80.00 -90.00 0.0018177
-75.00 -90.00 0.0018177
-70.00 -90.00 0.0018177
-65.00 -90.00 0.0018178
-60.00 -90.00 0.0018178
-55.00 -90.00 0.0018179
-50.00 -90.00 0.001818
-45.00 -90.00 0.0018181
-40.00 -90.00 0.0018182
-35.00 -90.00 0.0018184
-30.00 -90.00 0.0018185
-25.00 -90.00 0.0018186
-20.00 -90.00 0.0018187
-15.00 -90.00 0.0018189
-10.00 -90.00 0.001819
-5.00 -90.00 0.001819
0.00 -90.00 0.0018191
5.00 -90.00 0.0018191
10.00 -90.00 0.0018192
15.00 -90.00 0.0018192
20.00 -90.00 0.0018191
25.00 -90.00 0.0018191
30.00 -90.00 0.001819
35.00 -90.00 0.0018189
40.00 -90.00 0.0018189
45.00 -90.00 0.0018187
50.00 -90.00 0.0018186
55.00 -90.00 0.0018185
60.00 -90.00 0.0018184
65.00 -90.00 0.0018182
70.00 -90.00 0.0018181
75.00 -90.00 0.001818
80.00 -90.00 0.0018179
85.00 -90.00 0.0018178
90.00 -90.00 0.0018178
95.00 -90.00 0.0018177
100.00 -90.00 0.0018177
105.00 -90.00 0.0018177
110.00 -90.00 0.0018177
115.00 -90.00 0.0018178
120.00 -90.00 0.0018178
125.00 -90.00 0.0018179
130.00 -90.00 0.001818
135.00 -90.00 0.0018181
140.00 -90.00 0.0018183
145.00 -90.00 0.0018184
150.00 -90.00 0.0018185
155.00 -90.00 0.0018186
160.00 -90.00 0.0018188
165.00 -90.00 0.0018189
170.00 -90.00 0.001819
175.00 -90.00 0.001819
180.00 -90.00 0.0018191
-180.00 -85.00 0.0027809
-175.00 -85.00 0.0027295
-170.00 -85.00 0.0026616
-165.00 -85.00 0.0025784
-160.00 -85.00 0.0024817
-155.00 -85.00 0.002373
-150.00 -85.00 0.002254
-145.00 -85.00 0.0021259
-140.00 -85.00 0.0019893
-135.00 -85.00 0.0018444
-130.00 -85.00 0.0016908
-125.00 -85.00 0.0015285
-120.00 -85.00 0.0013573
-115.00 -85.00 0.0011766
-110.00 -85.00 0.0009864
-105.00 -85.00 0.0007869
-100.00 -85.00 0.0005796
-95.00 -85.00 0.000367
-90.00 -85.00 0.0001524
-85.00 -85.00 -6.02e-05
-80.00 -85.00 -0.0002662
-75.00 -85.00 -0.0004601
-70.00 -85.00 -0.0006356
-65.00 -85.00 -0.0007863
-60.00 -85.00 -0.0009064
-55.00 -85.00 -0.000991
-50.00 -85.00 -0.0010358
-45.00 -85.00 -0.0010377
-40.00 -85.00 -0.0009948
-35.00 -85.00 -0.0009072
-30.00 -85.00 -0.0007767
-25.00 -85.00 -0.0006068
-20.00 -85.00 -0.0004024
-15.00 -85.00 -0.0001696
-10.00 -85.00 8.44e-05
-5.00 -85.00 0.0003515
0.00 -85.00 0.0006236
5.00 -85.00 0.0008928
10.00 -85.00 0.0011516
15.00 -85.00 0.0013934
20.00 -85.00 0.0016125
25.00 -85.00 0.0018048
30.00 -85.00 0.001968
35.00 -85.00 0.0021014
40.00 -85.00 0.0022052
45.00 -85.00 0.0022809
50.00 -85.00 0.002331
55.00 -85.00 0.0023593
60.00 -85.00 0.0023703
65.00 -85.00 0.0023684
70.00 -85.00 0.0023573
75.00 -85.00 0.0023408
80.00 -85.00 0.0023224
85.00 -85.00 0.0023058
90.00 -85.00 0.0022939
95.00 -85.00 0.0022888
100.00 -85.00 0.0022915
105.00 -85.00 0.0023032
110.00 -85.00 0.0023245
115.00 -85.00 0.0023559
120.00 -85.00 0.002397
125.00 -85.00 0.0024463
130.00 -85.00 0.0025018
135.00 -85.00 0.0025611
140.00 -85.00 0.0026216
145.00 -85.00 0.0026803
150.00 -85.00 0.0027337
155.00 -85.00 0.0027783
160.00 -85.00 0.0028108
165.00 -85.00 0.0028289
170.00 -85.00 0.0028306
175.00 -85.00 0.0028147
180.00 -85.00 0.0027809
-180.00 -80.00 0.0022473
-175.00 -80.00 0.0020762
-170.00 -80.00 0.0018684
-165.00 -80.00 0.0016443
-160.00 -80.00 0.0014194
-155.00 -80.00 0.0012087
-150.00 -80.00 0.001027
-145.00 -80.00 0.0008807
-140.00 -80.00 0.0007665
-135.00 -80.00 0.0006791
-130.00 -80.00 0.0006137
-125.00 -80.00 0.0005617
-120.00 -80.00 0.0005069
-115.00 -80.00 0.000432
-110.00 -80.00 0.0003253
-105.00 -80.00 0.0001772
-100.00 -80.00 -2.45e-05
-95.00 -80.00 -0.0002895
-90.00 -80.00 -0.0006172
-85.00 -80.00 -0.0009992
-80.00 -80.00 -0.0014253
-75.00 -80.00 -0.0018825
-70.00 -80.00 -0.0023486
-65.00 -80.00 -0.0027938
-60.00 -80.00 -0.0031892
-55.00 -80.00 -0.0035108
-50.00 -80.00 -0.0037347
-45.00 -80.00 -0.0038369
-40.00 -80.00 -0.0038015
-35.00 -80.00 -0.0036257
-30.00 -80.00 -0.0033139
-25.00 -80.00 -0.0028727
-20.00 -80.00 -0.0023158
-15.00 -80.00 -0.0016677
-10.00 -80.00 -0.0009586
-5.00 -80.00 -0.0002173
0.00 -80.00 0.0005278
5.00 -80.00 0.0012439
10.00 -80.00 0.0018969
15.00 -80.00 0.0024611
20.00 -80.00 0.0029202
25.00 -80.00 0.0032619
30.00 -80.00 0.003478
35.00 -80.00 0.0035717
40.00 -80.00 0.003558
45.00 -80.00 0.0034561
50.00 -80.00 0.0032837
55.00 -80.00 0.0030606
60.00 -80.00 0.0028103
65.00 -80.00 0.0025536
70.00 -80.00 0.0023014
75.00 -80.00 0.0020596
80.00 -80.00 0.0018347
85.00 -80.00 0.0016317
90.00 -80.00 0.0014488
95.00 -80.00 0.0012816
100.00 -80.00 0.0011315
105.00 -80.00 0.0010051
110.00 -80.00 0.0009087
115.00 -80.00 0.000847
120.00 -80.00 0.000829
125.00 -80.00 0.0008672
130.00 -80.00 0.0009677
135.00 -80.00 0.0011259
140.00 -80.00 0.0013307
145.00 -80.00 0.0015682
150.00 -80.00 0.0018172
155.00 -80.00 0.0020481
160.00 -80.00 0.0022321
165.00 -80.00 0.0023505
170.00 -80.00 0.0023941
175.00 -80.00 0.0023585
180.00 -80.00 0.0022473
-180.00 -75.00 0.0014225
-175.00 -75.00 0.0010281
-170.00 -75.00 0.0006228
-165.00 -75.00 0.0002643
-160.00 -75.00 -1.39e-05
-155.00 -75.00 -0.000202
-150.00 -75.00 -0.0003058
-145.00 -75.00 -0.0003349
-140.00 -75.00 -0.0002991
-135.00 -75.00 -0.0002086
-130.00 -75.00 -7.37e-05
-125.00 -75.00 9.51e-05
-120.00 -75.00 0.0002829
-115.00 -75.00 0.0004701
-110.00 -75.00 0.0006356
-105.00 -75.00 0.000758
-100.00 -75.00 0.0008143
-95.00 -75.00 0.000782
-90.00 -75.00 0.0006425
-85.00 -75.00 0.0003815
-80.00 -75.00 -9.1e-06
-75.00 -75.00 -0.0005245
-70.00 -75.00 -0.0011426
-65.00 -75.00 -0.0018249
-60.00 -75.00 -0.0025192
-55.00 -75.00 -0.0031644
-50.00 -75.00 -0.003702
-45.00 -75.00 -0.0040877
-40.00 -75.00 -0.0042945
-35.00 -75.00 -0.0043128
-30.00 -75.00 -0.0041481
-25.00 -75.00 -0.0038151
-20.00 -75.00 -0.0033309
-15.00 -75.00 -0.0027138
-10.00 -75.00 -0.0019871
-5.00 -75.00 -0.0011805
0.00 -75.00 -0.0003308
5.00 -75.00 0.0005162
10.00 -75.00 0.0013083
15.00 -75.00 0.001996
20.00 -75.00 0.0025392
25.00 -75.00 0.0029121
30.00 -75.00 0.0031076
35.00 -75.00 0.0031403
40.00 -75.00 0.0030404
45.00 -75.00 0.0028451
50.00 -75.00 0.0025939
55.00 -75.00 0.002322
60.00 -75.00 0.0020535
65.00 -75.00 0.0017998
70.00 -75.00 0.0015636
75.00 -75.00 0.0013398
80.00 -75.00 0.0011157
85.00 -75.00 0.000875
90.00 -75.00 0.0006029
95.00 -75.00 0.0002865
100.00 -75.00 -8.18e-05
105.00 -75.00 -0.0004967
110.00 -75.00 -0.0009344
115.00 -75.00 -0.0013539
120.00 -75.00 -0.0016982
125.00 -75.00 -0.0019006
130.00 -75.00 -0.0019009
135.00 -75.00 -0.0016655
140.00 -75.00 -0.0012005
145.00 -75.00 -0.0005563
150.00 -75.00 0.0001744
155.00 -75.00 0.0008752
160.00 -75.00 0.0014357
165.00 -75.00 0.0017775
170.00 -75.00 0.001869
175.00 -75.00 0.0017299
180.00 -75.00 0.0014225
-180.00 -70.00 0.0004356
-175.00 -70.00 -5.4e-05
-170.00 -70.00 -0.0002493
-165.00 -70.00 -0.000137
-160.00 -70.00 0.0001893
-155.00 -70.00 0.0005946
-150.00 -70.00 0.0009664
-145.00 -70.00 0.001249
-140.00 -70.00 0.0014408
-135.00 -70.00 0.0015689
-130.00 -70.00 0.0016633
-125.00 -70.00 0.0017425
-120.00 -70.00 0.0018137
-115.00 -70.00 0.0018797
-110.00 -70.00 0.0019451
-105.00 -70.00 0.0020192
-100.00 -70.00 0.0021129
-95.00 -70.00 0.0022313
-90.00 -70.00 0.0023619
-85.00 -70.00 0.0024661
-80.00 -70.00 0.002479
-75.00 -70.00 0.0023272
-70.00 -70.00 0.0019585
-65.00 -70.00 0.0013722
-60.00 -70.00 0.0006294
-55.00 -70.00 -0.0001655
-50.00 -70.00 -0.0009062
-45.00 -70.00 -0.0015259
-40.00 -70.00 -0.0020162
-35.00 -70.00 -0.0024135
-30.00 -70.00 -0.0027635
-25.00 -70.00 -0.0030857
-20.00 -70.00 -0.0033576
-15.00 -70.00 -0.003526
-10.00 -70.00 -0.0035344
-5.00 -70.00 -0.0033514
0.00 -70.00 -0.0029876
5.00 -70.00 -0.0024944
10.00 -70.00 -0.00195
15.00 -70.00 -0.0014375
20.00 -70.00 -0.0010227
25.00 -70.00 -0.0007366
30.00 -70.00 -0.0005687
35.00 -70.00 -0.0004738
40.00 -70.00 -0.0003902
45.00 -70.00 -0.0002638
50.00 -70.00 -6.89e-05
55.00 -70.00 0.0001829
60.00 -70.00 0.0004489
65.00 -70.00 0.0006716
70.00 -70.00 0.0007986
75.00 -70.00 0.0007956
80.00 -70.00 0.0006506
85.00 -70.00 0.000369
90.00 -70.00 -3.57e-05
95.00 -70.00 -0.0005499
100.00 -70.00 -0.0011641
105.00 -70.00 -0.0018696
110.00 -70.00 -0.0026461
115.00 -70.00 -0.0034445
120.00 -70.00 -0.0041711
125.00 -70.00 -0.0046878
130.00 -70.00 -0.0048383
135.00 -70.00 -0.0044995
140.00 -70.00 -0.0036406
145.00 -70.00 -0.0023644
150.00 -70.00 -0.0009029
155.00 -70.00 0.0004399
160.00 -70.00 0.0013836
165.00 -70.00 0.0017671
170.00 -70.00 0.0016041
175.00 -70.00 0.0010717
180.00 -70.00 0.0004356
-180.00 -65.00 -0.0023676
-175.00 -65.00 -0.0025999
-170.00 -65.00 -0.0018524
-165.00 -65.00 -0.0004388
-160.00 -65.00 0.0011227
-155.00 -65.00 0.0023858
-150.00 -65.00 0.003163
-145.00 -65.00 0.0035293
-140.00 -65.00 0.0036793
-135.00 -65.00 0.003766
-130.00 -65.00 0.0038255
-125.00 -65.00 0.0038086
-120.00 -65.00 0.0036581
-115.00 -65.00 0.0033634
-110.00 -65.00 0.0029672
-105.00 -65.00 0.0025499
-100.00 -65.00 0.0022161
-95.00 -65.00 0.0020833
-90.00 -65.00 0.0022483
-85.00 -65.00 0.002726
-80.00 -65.00 0.0033983
-75.00 -65.00 0.0040273
-70.00 -65.00 0.0043549
-65.00 -65.00 0.0042415
-60.00 -65.00 0.0037471
-55.00 -65.00 0.0030895
-50.00 -65.00 0.002497
-45.00 -65.00 0.0020557
-40.00 -65.00 0.0016599
-35.00 -65.00 0.0010991
-30.00 -65.00 0.0002163
-25.00 -65.00 -0.0009737
-20.00 -65.00 -0.0022806
-15.00 -65.00 -0.0034388
-10.00 -65.00 -0.0042361
-5.00 -65.00 -0.0045928
0.00 -65.00 -0.004565
5.00 -65.00 -0.004294
10.00 -65.00 -0.0039449
15.00 -65.00 -0.0036579
20.00 -65.00 -0.0035162
25.00 -65.00 -0.0035255
30.00 -65.00 -0.0036117
35.00 -65.00 -0.0036454
40.00 -65.00 -0.0034916
45.00 -65.00 -0.0030677
50.00 -65.00 -0.0023832
55.00 -65.00 -0.0015431
60.00 -65.00 -0.0007098
65.00 -65.00 -4.43e-05
70.00 -65.00 0.0003462
75.00 -65.00 0.0004273
80.00 -65.00 0.0002238
85.00 -65.00 -0.0002084
90.00 -65.00 -0.0008015
95.00 -65.00 -0.001484
100.00 -65.00 -0.0021912
105.00 -65.00 -0.0028832
110.00 -65.00 -0.0035574
115.00 -65.00 -0.0042267
120.00 -65.00 -0.0048633
125.00 -65.00 -0.005345
130.00 -65.00 -0.0054571
135.00 -65.00 -0.0049755
140.00 -65.00 -0.0038023
145.00 -65.00 -0.0020784
150.00 -65.00 -0.0001996
155.00 -65.00 0.0012947
160.00 -65.00 0.0019309
165.00 -65.00 0.0015194
170.00 -65.00 0.0002737
175.00 -65.00 -0.0012467
180.00 -65.00 -0.0023676
-180.00 -60.00 -0.0059551
-175.00 -60.00 -0.0053853
-170.00 -60.00 -0.0032221
-165.00 -60.00 -0.0004519
-160.00 -60.00 0.0017535
-155.00 -60.00 0.0027271
-150.00 -60.00 0.0026212
-145.00 -60.00 0.0021476
-140.00 -60.00 0.0019914
-135.00 -60.00 0.0023657
-130.00 -60.00 0.0029978
-125.00 -60.00 0.0034536
-120.00 -60.00 0.0034725
-115.00 -60.00 0.0030662
-110.00 -60.00 0.0023944
-105.00 -60.00 0.0016111
-100.00 -60.00 0.0008436
-95.00 -60.00 0.0002787
-90.00 -60.00 0.0001946
-85.00 -60.00 0.0008228
-80.00 -60.00 0.002116
-75.00 -60.00 0.003648
-70.00 -60.00 0.0048085
-65.00 -60.00 0.0051955
-60.00 -60.00 0.0048971
-55.00 -60.00 0.0044064
-50.00 -60.00 0.0042115
-45.00 -60.00 0.0043886
-40.00 -60.00 0.0045292
-35.00 -60.00 0.0040579
-30.00 -60.00 0.0026785
-25.00 -60.00 0.0006086
-20.00 -60.00 -0.0015523
-15.00 -60.00 -0.0031839
-10.00 -60.00 -0.0039642
-5.00 -60.00 -0.003953
0.00 -60.00 -0.0034527
5.00 -60.00 -0.0028029
10.00 -60.00 -0.0022536
15.00 -60.00 -0.0019443
20.00 -60.00 -0.0019256
25.00 -60.00 -0.0021678
30.00 -60.00 -0.0025591
35.00 -60.00 -0.0029288
40.00 -60.00 -0.0031063
45.00 -60.00 -0.0029886
50.00 -60.00 -0.0025846
55.00 -60.00 -0.0020123
60.00 -60.00 -0.0014418
65.00 -60.00 -0.0010037
70.00 -60.00 -0.0007223
75.00 -60.00 -0.0005335
80.00 -60.00 -0.000384
85.00 -60.00 -0.0003136
90.00 -60.00 -0.0004272
95.00 -60.00 -0.0007751
100.00 -60.00 -0.001271
105.00 -60.00 -0.0017471
110.00 -60.00 -0.0020964
115.00 -60.00 -0.0023474
120.00 -60.00 -0.0025825
125.00 -60.00 -0.0027817
130.00 -60.00 -0.0027547
135.00 -60.00 -0.0022474
140.00 -60.00 -0.0011477
145.00 -60.00 0.0003598
150.00 -60.00 0.0017931
155.00 -60.00 0.0025321
160.00 -60.00 0.0020774
165.00 -60.00 0.0003265
170.00 -60.00 -0.0022545
175.00 -60.00 -0.004705
180.00 -60.00 -0.0059551
-180.00 -55.00 -0.006563
-175.00 -55.00 -0.0048854
-170.00 -55.00 -0.0016488
-165.00 -55.00 0.0015286
-160.00 -55.00 0.0029206
-155.00 -55.00 0.0019469
-150.00 -55.00 -0.0003919
-145.00 -55.00 -0.0023215
-140.00 -55.00 -0.0026452
-135.00 -55.00 -0.001486
-130.00 -55.00 9.03e-05
-125.00 -55.00 0.0010656
-120.00 -55.00 0.0011567
-115.00 -55.00 0.0007422
-110.00 -55.00 0.0002973
-105.00 -55.00 -5.21e-05
-100.00 -55.00 -0.0004842
-95.00 -55.00 -0.0010667
-90.00 -55.00 -0.001448
-85.00 -55.00 -0.0010375
-80.00 -55.00 0.0004224
-75.00 -55.00 0.0024445
-70.00 -55.00 0.0040386
-65.00 -55.00 0.0044876
-60.00 -55.00 0.0039622
-55.00 -55.00 0.0033625
-50.00 -55.00 0.0034922
-45.00 -55.00 0.0043166
-40.00 -55.00 0.0049707
-35.00 -55.00 0.0044882
-30.00 -55.00 0.002597
-25.00 -55.00 -6.65e-05
-20.00 -55.00 -0.0024249
-15.00 -55.00 -0.0036738
-10.00 -55.00 -0.0036954
-5.00 -55.00 -0.0029436
0.00 -55.00 -0.0020042
5.00 -55.00 -0.0012292
10.00 -55.00 -0.0006846
15.00 -55.00 -0.0003207
20.00 -55.00 -0.0001126
25.00 -55.00 -5.45e-05
30.00 -55.00 -0.0001165
35.00 -55.00 -0.0002703
40.00 -55.00 -0.0005351
45.00 -55.00 -0.0009405
50.00 -55.00 -0.0014512
55.00 -55.00 -0.0019734
60.00 -55.00 -0.0024259
65.00 -55.00 -0.0027309
70.00 -55.00 -0.0027159
75.00 -55.00 -0.0021279
80.00 -55.00 -0.0008805
85.00 -55.00 0.0006972
90.00 -55.00 0.0019687
95.00 -55.00 0.0024547
100.00 -55.00 0.0022044
105.00 -55.00 0.0016747
110.00 -55.00 0.0012599
115.00 -55.00 0.0009931
120.00 -55.00 0.0007084
125.00 -55.00 0.0003986
130.00 -55.00 0.0003085
135.00 -55.00 0.0006628
140.00 -55.00 0.0013674
145.00 -55.00 0.0020178
150.00 -55.00 0.0021724
155.00 -55.00 0.0015795
160.00 -55.00 0.0001917
165.00 -55.00 -0.0018785
170.00 -55.00 -0.0042561
175.00 -55.00 -0.0061563
180.00 -55.00 -0.006563
-180.00 -50.00 -0.0031153
-175.00 -50.00 -0.0014235
-170.00 -50.00 0.0014039
-165.00 -50.00 0.0038454
-160.00 -50.00 0.003939
-155.00 -50.00 0.0011898
-150.00 -50.00 -0.0027002
-145.00 -50.00 -0.0052013
-140.00 -50.00 -0.0050906
-135.00 -50.00 -0.0032422
-130.00 -50.00 -0.0015006
-125.00 -50.00 -0.0009947
-120.00 -50.00 -0.0014812
-115.00 -50.00 -0.0019727
-110.00 -50.00 -0.0017653
-105.00 -50.00 -0.0009749
-100.00 -50.00 -0.0003071
-95.00 -50.00 -0.0003275
-90.00 -50.00 -0.0008302
-85.00 -50.00 -0.000933
-80.00 -50.00 5.37e-05
-75.00 -50.00 0.0018
-70.00 -50.00 0.0031323
-65.00 -50.00 0.0031624
-60.00 -50.00 0.0022002
-55.00 -50.00 0.0014348
-50.00 -50.00 0.0017061
-45.00 -50.00 0.0026714
-40.00 -50.00 0.0031923
-35.00 -50.00 0.0024503
-30.00 -50.00 0.0006485
-25.00 -50.00 -0.0012545
-20.00 -50.00 -0.0023561
-15.00 -50.00 -0.0024086
-10.00 -50.00 -0.0018374
-5.00 -50.00 -0.0013109
0.00 -50.00 -0.0012296
5.00 -50.00 -0.0015107
10.00 -50.00 -0.0018116
15.00 -50.00 -0.0019164
20.00 -50.00 -0.0018334
25.00 -50.00 -0.0015672
30.00 -50.00 -0.0010215
35.00 -50.00 -0.0002774
40.00 -50.00 0.0001987
45.00 -50.00 -0.0001036
50.00 -50.00 -0.0011773
55.00 -50.00 -0.002476
60.00 -50.00 -0.0034761
65.00 -50.00 -0.0040282
70.00 -50.00 -0.0040553
75.00 -50.00 -0.0032057
80.00 -50.00 -0.0011886
85.00 -50.00 0.0015473
90.00 -50.00 0.0038348
95.00 -50.00 0.0047415
100.00 -50.00 0.0044057
105.00 -50.00 0.0037299
110.00 -50.00 0.0033106
115.00 -50.00 0.0029247
120.00 -50.00 0.0021333
125.00 -50.00 0.0011086
130.00 -50.00 0.0005528
135.00 -50.00 0.0008039
140.00 -50.00 0.0012808
145.00 -50.00 0.0010005
150.00 -50.00 -0.0003911
155.00 -50.00 -0.0022308
160.00 -50.00 -0.0035159
165.00 -50.00 -0.0038811
170.00 -50.00 -0.0037734
175.00 -50.00 -0.003635
180.00 -50.00 -0.0031153
-180.00 -45.00 0.0012221
-175.00 -45.00 0.0004717
-170.00 -45.00 0.0010095
-165.00 -45.00 0.0023537
-160.00 -45.00 0.0024284
-155.00 -45.00 0.0002147
-150.00 -45.00 -0.0027966
-145.00 -45.00 -0.004212
-140.00 -45.00 -0.0033728
-135.00 -45.00 -0.0018076
-130.00 -45.00 -0.0012504
-125.00 -45.00 -0.001901
-120.00 -45.00 -0.0027366
-115.00 -45.00 -0.0028495
-110.00 -45.00 -0.0020687
-105.00 -45.00 -0.0007498
-100.00 -45.00 0.0004746
-95.00 -45.00 0.0009513
-90.00 -45.00 0.000578
-85.00 -45.00 0.0001105
-80.00 -45.00 0.0004378
-75.00 -45.00 0.0014639
-70.00 -45.00 0.0021132
-65.00 -45.00 0.0016373
-60.00 -45.00 0.0005697
-55.00 -45.00 4.51e-05
-50.00 -45.00 0.0003602
-45.00 -45.00 0.0006596
-40.00 -45.00 0.0001317
-35.00 -45.00 -0.0008724
-30.00 -45.00 -0.0012285
-25.00 -45.00 -0.0003769
-20.00 -45.00 0.0010831
-15.00 -45.00 0.0021074
-10.00 -45.00 0.0021581
-5.00 -45.00 0.0013735
0.00 -45.00 0.0001888
5.00 -45.00 -0.0009622
10.00 -45.00 -0.0018528
15.00 -45.00 -0.0026564
20.00 -45.00 -0.0037003
25.00 -45.00 -0.004764
30.00 -45.00 -0.0049723
35.00 -45.00 -0.0038657
40.00 -45.00 -0.0023304
45.00 -45.00 -0.0018168
50.00 -45.00 -0.0026491
55.00 -45.00 -0.0037384
60.00 -45.00 -0.004086
65.00 -45.00 -0.0038843
70.00 -45.00 -0.0037271
75.00 -45.00 -0.0033373
80.00 -45.00 -0.0018831
85.00 -45.00 0.0005378
90.00 -45.00 0.0025416
95.00 -45.00 0.0029839
100.00 -45.00 0.0023701
105.00 -45.00 0.0021457
110.00 -45.00 0.0027409
115.00 -45.00 0.0030176
120.00 -45.00 0.0019025
125.00 -45.00 -6.9e-06
130.00 -45.00 -0.0010565
135.00 -45.00 -0.0005965
140.00 -45.00 0.000137
145.00 -45.00 -0.0005996
150.00 -45.00 -0.0030275
155.00 -45.00 -0.005394
160.00 -45.00 -0.0055782
165.00 -45.00 -0.0031818
170.00 -45.00 -2.14e-05
175.00 -45.00 0.0016082
180.00 -45.00 0.0012221
-180.00 -40.00 0.0030307
-175.00 -40.00 -0.0012264
-170.00 -40.00 -0.0032036
-165.00 -40.00 -0.0021645
-160.00 -40.00 -0.0005205
-155.00 -40.00 -0.0004093
-150.00 -40.00 -0.0011951
-145.00 -40.00 -0.0010727
-140.00 -40.00 -5.65e-05
-135.00 -40.00 0.000153
-130.00 -40.00 -0.0010442
-125.00 -40.00 -0.0021958
-120.00 -40.00 -0.0020304
-115.00 -40.00 -0.0011777
-110.00 -40.00 -0.0008452
-105.00 -40.00 -0.0009597
-100.00 -40.00 -0.0007375
-95.00 -40.00 -0.0002708
-90.00 -40.00 -0.0002611
-85.00 -40.00 -0.0005856
-80.00 -40.00 -0.000406
-75.00 -40.00 0.0003206
-70.00 -40.00 0.0005805
-65.00 -40.00 -0.0001482
-60.00 -40.00 -0.0010174
-55.00 -40.00 -0.0010903
-50.00 -40.00 -0.0008926
-45.00 -40.00 -0.0017712
-40.00 -40.00 -0.0037123
-35.00 -40.00 -0.0046767
-30.00 -40.00 -0.0027791
-25.00 -40.00 0.0012087
-20.00 -40.00 0.0043493
-15.00 -40.00 0.004629
-10.00 -40.00 0.0028362
-5.00 -40.00 0.0011423
0.00 -40.00 0.0006842
5.00 -40.00 0.0010816
10.00 -40.00 0.0014146
15.00 -40.00 0.0007188
20.00 -40.00 -0.0017356
25.00 -40.00 -0.0053792
30.00 -40.00 -0.0079766
35.00 -40.00 -0.0076954
40.00 -40.00 -0.0054356
45.00 -40.00 -0.003824
50.00 -40.00 -0.0039196
55.00 -40.00 -0.0042992
60.00 -40.00 -0.0036276
65.00 -40.00 -0.0026184
70.00 -40.00 -0.0025908
75.00 -40.00 -0.0031843
80.00 -40.00 -0.0028189
85.00 -40.00 -0.0011282
90.00 -40.00 0.0003366
95.00 -40.00 0.0002684
100.00 -40.00 -0.0004326
105.00 -40.00 0.0001417
110.00 -40.00 0.0020374
115.00 -40.00 0.0030394
120.00 -40.00 0.0015932
125.00 -40.00 -0.0009492
130.00 -40.00 -0.0019723
135.00 -40.00 -0.0008978
140.00 -40.00 0.0002322
145.00 -40.00 -0.000638
150.00 -40.00 -0.0031871
155.00 -40.00 -0.0049915
160.00 -40.00 -0.0037748
165.00 -40.00 0.0004135
170.00 -40.00 0.0047961
175.00 -40.00 0.0059552
180.00 -40.00 0.0030307
-180.00 -35.00 0.0015253
-175.00 -35.00 -0.0038328
-170.00 -35.00 -0.0061601
-165.00 -35.00 -0.0043015
-160.00 -35.00 -0.0010788
-155.00 -35.00 0.0005326
-150.00 -35.00 0.0007497
-145.00 -35.00 0.0012807
-140.00 -35.00 0.0017819
-135.00 -35.00 0.0005262
-130.00 -35.00 -0.0018717
-125.00 -35.00 -0.0024691
-120.00 -35.00 -0.0004774
-115.00 -35.00 0.0010936
-110.00 -35.00 -0.0002445
-105.00 -35.00 -0.0029182
-100.00 -35.00 -0.0039992
-95.00 -35.00 -0.0034078
-90.00 -35.00 -0.0030761
-85.00 -35.00 -0.0033756
-80.00 -35.00 -0.0029774
-75.00 -35.00 -0.0016639
-70.00 -35.00 -0.0008786
-65.00 -35.00 -0.001348
-60.00 -35.00 -0.0020355
-55.00 -35.00 -0.0020499
-50.00 -35.00 -0.0022625
-45.00 -35.00 -0.0039867
-40.00 -35.00 -0.0064986
-35.00 -35.00 -0.0070065
-30.00 -35.00 -0.0037842
-25.00 -35.00 0.0010708
-20.00 -35.00 0.003227
-15.00 -35.00 0.0009411
-10.00 -35.00 -0.0028331
-5.00 -35.00 -0.0040135
0.00 -35.00 -0.001871
5.00 -35.00 0.0012655
10.00 -35.00 0.0032934
15.00 -35.00 0.0033114
20.00 -35.00 0.0006289
25.00 -35.00 -0.0043516
30.00 -35.00 -0.0087149
35.00 -35.00 -0.009316
40.00 -35.00 -0.0066314
45.00 -35.00 -0.0040178
50.00 -35.00 -0.0031575
55.00 -35.00 -0.0026597
60.00 -35.00 -0.0013505
65.00 -35.00 -0.0003666
70.00 -35.00 -0.0010137
75.00 -35.00 -0.0023934
80.00 -35.00 -0.002506
85.00 -35.00 -0.0009466
90.00 -35.00 0.0006201
95.00 -35.00 0.0007684
100.00 -35.00 0.0003289
105.00 -35.00 0.0011602
110.00 -35.00 0.0030391
115.00 -35.00 0.0034021
120.00 -35.00 0.0010482
125.00 -35.00 -0.0015925
130.00 -35.00 -0.0015616
135.00 -35.00 0.0005368
140.00 -35.00 0.0015427
145.00 -35.00 4.6e-05
150.00 -35.00 -0.0022176
155.00 -35.00 -0.002807
160.00 -35.00 -0.0008097
165.00 -35.00 0.0028854
170.00 -35.00 0.0059699
175.00 -35.00 0.0057477
180.00 -35.00 0.0015254
-180.00 -30.00 -0.0018123
-175.00 -30.00 -0.004972
-170.00 -30.00 -0.0056802
-165.00 -30.00 -0.0031356
-160.00 -30.00 4.02e-05
-155.00 -30.00 0.0010722
-150.00 -30.00 0.0005473
-145.00 -30.00 0.0006555
-140.00 -30.00 0.000957
-135.00 -30.00 -0.0007536
-130.00 -30.00 -0.003497
-125.00 -30.00 -0.0033792
-120.00 -30.00 -3.5e-05
-115.00 -30.00 0.0017249
-110.00 -30.00 -0.0009939
-105.00 -30.00 -0.0047123
-100.00 -30.00 -0.0052189
-95.00 -30.00 -0.00375
-90.00 -30.00 -0.0038747
-85.00 -30.00 -0.0053845
-80.00 -30.00 -0.0053572
-75.00 -30.00 -0.0032952
-70.00 -30.00 -0.0014263
-65.00 -30.00 -0.0009401
-60.00 -30.00 -0.0010296
-55.00 -30.00 -0.0012056
-50.00 -30.00 -0.0021153
-45.00 -30.00 -0.0039685
-40.00 -30.00 -0.0055998
-35.00 -30.00 -0.0053645
-30.00 -30.00 -0.0027938
-25.00 -30.00 0.0002266
-20.00 -30.00 0.0004742
-15.00 -30.00 -0.0030018
-10.00 -30.00 -0.0068659
-5.00 -30.00 -0.0070695
0.00 -30.00 -0.0038209
5.00 -30.00 -0.0006334
10.00 -30.00 0.0005878
15.00 -30.00 0.000349
20.00 -30.00 -0.0014621
25.00 -30.00 -0.0052834
30.00 -30.00 -0.0089533
35.00 -30.00 -0.0092773
40.00 -30.00 -0.0065644
45.00 -30.00 -0.0039354
50.00 -30.00 -0.0024657
55.00 -30.00 -0.0006919
60.00 -30.00 0.001538
65.00 -30.00 0.0024337
70.00 -30.00 0.001392
75.00 -30.00 -0.0001115
80.00 -30.00 -0.0006386
85.00 -30.00 2.47e-05
90.00 -30.00 0.0012474
95.00 -30.00 0.0021356
100.00 -30.00 0.0025196
105.00 -30.00 0.0032347
110.00 -30.00 0.004166
115.00 -30.00 0.0033563
120.00 -30.00 0.0003216
125.00 -30.00 -0.0016698
130.00 -30.00 0.0001467
135.00 -30.00 0.0033324
140.00 -30.00 0.0034488
145.00 -30.00 0.0004166
150.00 -30.00 -0.0019737
155.00 -30.00 -0.0016633
160.00 -30.00 1.66e-05
165.00 -30.00 0.0013842
170.00 -30.00 0.0018963
175.00 -30.00 0.0009733
180.00 -30.00 -0.0018123
-180.00 -25.00 -0.0045873
-175.00 -25.00 -0.0053763
-170.00 -25.00 -0.0051893
-165.00 -25.00 -0.0035424
-160.00 -25.00 -0.0018961
-155.00 -25.00 -0.0020572
-150.00 -25.00 -0.0031543
-145.00 -25.00 -0.0027304
-140.00 -25.00 -0.0013372
-135.00 -25.00 -0.0021648
-130.00 -25.00 -0.004836
-125.00 -25.00 -0.0047606
-120.00 -25.00 -0.0010089
-115.00 -25.00 0.0011438
-110.00 -25.00 -0.001146
-105.00 -25.00 -0.0034021
-100.00 -25.00 -0.00173
-95.00 -25.00 0.0005454
-90.00 -25.00 -0.0009799
-85.00 -25.00 -0.004393
-80.00 -25.00 -0.0052624
-75.00 -25.00 -0.003463
-70.00 -25.00 -0.0015584
-65.00 -25.00 -5.79e-05
-60.00 -25.00 0.0014782
-55.00 -25.00 0.0016985
-50.00 -25.00 -0.0003128
-45.00 -25.00 -0.0025085
-40.00 -25.00 -0.0026922
-35.00 -25.00 -0.0016153
-30.00 -25.00 -0.0008782
-25.00 -25.00 -0.0003593
-20.00 -25.00 0.0001152
-15.00 -25.00 -0.0005133
-10.00 -25.00 -0.0020726
-5.00 -25.00 -0.0024994
0.00 -25.00 -0.0013998
5.00 -25.00 -0.000977
10.00 -25.00 -0.0022109
15.00 -25.00 -0.0037979
20.00 -25.00 -0.0054005
25.00 -25.00 -0.007689
30.00 -25.00 -0.0092469
35.00 -25.00 -0.0081562
40.00 -25.00 -0.0059669
45.00 -25.00 -0.0052233
50.00 -25.00 -0.004622
55.00 -25.00 -0.0016832
60.00 -25.00 0.0020757
65.00 -25.00 0.0036156
70.00 -25.00 0.003168
75.00 -25.00 0.0022495
80.00 -25.00 0.0005518
85.00 -25.00 -0.0015572
90.00 -25.00 -0.0017166
95.00 -25.00 0.0004217
100.00 -25.00 0.0023156
105.00 -25.00 0.0029787
110.00 -25.00 0.0034308
115.00 -25.00 0.0029913
120.00 -25.00 0.0008055
125.00 -25.00 -0.000235
130.00 -25.00 0.0026452
135.00 -25.00 0.0061185
140.00 -25.00 0.0049587
145.00 -25.00 0.0002516
150.00 -25.00 -0.0025619
155.00 -25.00 -0.0018903
160.00 -25.00 -0.0008433
165.00 -25.00 -0.0014801
170.00 -25.00 -0.0028185
175.00 -25.00 -0.0037666
180.00 -25.00 -0.0045873
-180.00 -20.00 -0.0052546
-175.00 -20.00 -0.0059641
-170.00 -20.00 -0.0066288
-165.00 -20.00 -0.006864
-160.00 -20.00 -0.0066735
-155.00 -20.00 -0.0070354
-150.00 -20.00 -0.0076303
-145.00 -20.00 -0.0061366
-140.00 -20.00 -0.0027928
-135.00 -20.00 -0.0017711
-130.00 -20.00 -0.0041722
-125.00 -20.00 -0.0050677
-120.00 -20.00 -0.0019046
-115.00 -20.00 0.000846
-110.00 -20.00 0.0001781
-105.00 -20.00 -3.1e-06
-100.00 -20.00 0.0029138
-95.00 -20.00 0.0045922
-90.00 -20.00 0.0017308
-85.00 -20.00 -0.0018671
-80.00 -20.00 -0.0023142
-75.00 -20.00 -0.001577
-70.00 -20.00 -0.0017673
-65.00 -20.00 -0.0005638
-60.00 -20.00 0.0028865
-55.00 -20.00 0.0041161
-50.00 -20.00 0.0005449
-45.00 -20.00 -0.0032641
-40.00 -20.00 -0.0028154
-35.00 -20.00 -0.0007956
-30.00 -20.00 -0.0013901
-25.00 -20.00 -0.0025583
-20.00 -20.00 -0.000318
-15.00 -20.00 0.0035177
-10.00 -20.00 0.0043879
-5.00 -20.00 0.0023659
0.00 -20.00 0.0007095
5.00 -20.00 0.0001197
10.00 -20.00 -0.0008909
15.00 -20.00 -0.0029206
20.00 -20.00 -0.005855
25.00 -20.00 -0.0087378
30.00 -20.00 -0.0089241
35.00 -20.00 -0.0058011
40.00 -20.00 -0.0037174
45.00 -20.00 -0.0056005
50.00 -20.00 -0.0072077
55.00 -20.00 -0.0042029
60.00 -20.00 0.0002923
65.00 -20.00 0.0019591
70.00 -20.00 0.0022264
75.00 -20.00 0.0025157
80.00 -20.00 3.29e-05
85.00 -20.00 -0.0047028
90.00 -20.00 -0.0056421
95.00 -20.00 -0.0014936
100.00 -20.00 0.001706
105.00 -20.00 0.0013879
110.00 -20.00 0.0013064
115.00 -20.00 0.0024304
120.00 -20.00 0.0019375
125.00 -20.00 0.0010639
130.00 -20.00 0.0032592
135.00 -20.00 0.0059222
140.00 -20.00 0.0038287
145.00 -20.00 -0.0014732
150.00 -20.00 -0.0041602
155.00 -20.00 -0.0031706
160.00 -20.00 -0.0019808
165.00 -20.00 -0.002376
170.00 -20.00 -0.0034746
175.00 -20.00 -0.0044633
180.00 -20.00 -0.0052546
-180.00 -15.00 -0.0043547
-175.00 -15.00 -0.0057933
-170.00 -15.00 -0.0069921
-165.00 -15.00 -0.0081298
-160.00 -15.00 -0.008407
-155.00 -15.00 -0.0085808
-150.00 -15.00 -0.0093661
-145.00 -15.00 -0.0081629
-140.00 -15.00 -0.0036262
-135.00 -15.00 -0.0003064
-130.00 -15.00 -0.0017059
-125.00 -15.00 -0.003751
-120.00 -15.00 -0.0021532
-115.00 -15.00 0.0004108
-110.00 -15.00 0.0009089
-105.00 -15.00 0.0017076
-100.00 -15.00 0.0039166
-95.00 -15.00 0.0037421
-90.00 -15.00 0.0005091
-85.00 -15.00 -0.0006602
-80.00 -15.00 0.0016773
-75.00 -15.00 0.0022882
-70.00 -15.00 -0.0005461
-65.00 -15.00 -0.001161
-60.00 -15.00 0.0028393
-55.00 -15.00 0.0049316
-50.00 -15.00 0.0002953
-45.00 -15.00 -0.0055846
-40.00 -15.00 -0.005782
-35.00 -15.00 -0.0029755
-30.00 -15.00 -0.0035087
-25.00 -15.00 -0.0056799
-20.00 -15.00 -0.0035038
-15.00 -15.00 0.001537
-10.00 -15.00 0.0026108
-5.00 -15.00 -0.0008221
0.00 -15.00 -0.0028392
5.00 -15.00 -0.0009723
10.00 -15.00 0.0013275
15.00 -15.00 0.0004996
20.00 -15.00 -0.0037884
25.00 -15.00 -0.0084915
30.00 -15.00 -0.008735
35.00 -15.00 -0.0039257
40.00 -15.00 -0.000671
45.00 -15.00 -0.0032698
50.00 -15.00 -0.0061385
55.00 -15.00 -0.0037331
60.00 -15.00 -0.0002589
65.00 -15.00 -0.0003818
70.00 -15.00 -0.0004926
75.00 -15.00 0.001563
80.00 -15.00 0.0004835
85.00 -15.00 -0.00432
90.00 -15.00 -0.0047437
95.00 -15.00 0.0008731
100.00 -15.00 0.003905
105.00 -15.00 0.001422
110.00 -15.00 8.87e-05
115.00 -15.00 0.001847
120.00 -15.00 0.0016659
125.00 -15.00 -0.0003435
130.00 -15.00 0.0004572
135.00 -15.00 0.002422
140.00 -15.00 0.0004634
145.00 -15.00 -0.003894
150.00 -15.00 -0.0056665
155.00 -15.00 -0.0046824
160.00 -15.00 -0.0033842
165.00 -15.00 -0.002185
170.00 -15.00 -0.0014562
175.00 -15.00 -0.002409
180.00 -15.00 -0.0043547
-180.00 -10.00 -0.0033419
-175.00 -10.00 -0.0040464
-170.00 -10.00 -0.0040547
-165.00 -10.00 -0.0047353
-160.00 -10.00 -0.0050813
-155.00 -10.00 -0.0058522
-150.00 -10.00 -0.0086446
-145.00 -10.00 -0.0100565
-140.00 -10.00 -0.0061881
-135.00 -10.00 -0.0009857
-130.00 -10.00 -0.0004023
-125.00 -10.00 -0.0025317
-120.00 -10.00 -0.0025025
-115.00 -10.00 -0.0009765
-110.00 -10.00 -0.0001921
-105.00 -10.00 0.0009481
-100.00 -10.00 0.0021635
-95.00 -10.00 0.0005228
-90.00 -10.00 -0.0024039
-85.00 -10.00 -0.0010281
-80.00 -10.00 0.0042372
-75.00 -10.00 0.0064028
-70.00 -10.00 0.0032976
-65.00 -10.00 0.0010218
-60.00 -10.00 0.0034162
-55.00 -10.00 0.0055298
-50.00 -10.00 0.0018642
-45.00 -10.00 -0.0043469
-40.00 -10.00 -0.006136
-35.00 -10.00 -0.0037867
-30.00 -10.00 -0.0032937
-25.00 -10.00 -0.0054611
-20.00 -10.00 -0.0054925
-15.00 -10.00 -0.0031367
-10.00 -10.00 -0.0033876
-5.00 -10.00 -0.0065457
0.00 -10.00 -0.007226
5.00 -10.00 -0.0037291
10.00 -10.00 -0.0001732
15.00 -10.00 -3.59e-05
20.00 -10.00 -0.0034681
25.00 -10.00 -0.0080596
30.00 -10.00 -0.0091299
35.00 -10.00 -0.0047667
40.00 -10.00 -0.0005616
45.00 -10.00 -0.0015618
50.00 -10.00 -0.0033107
55.00 -10.00 -0.0007873
60.00 -10.00 0.0013351
65.00 -10.00 -0.0011422
70.00 -10.00 -0.0022959
75.00 -10.00 0.0016192
80.00 -10.00 0.0036531
85.00 -10.00 0.0005546
90.00 -10.00 -0.0001027
95.00 -10.00 0.0043231
100.00 -10.00 0.0060965
105.00 -10.00 0.0030438
110.00 -10.00 0.001818
115.00 -10.00 0.0030087
120.00 -10.00 0.0009259
125.00 -10.00 -0.0028726
130.00 -10.00 -0.0024896
135.00 -10.00 -5.2e-06
140.00 -10.00 -0.0007734
145.00 -10.00 -0.0031574
150.00 -10.00 -0.0037241
155.00 -10.00 -0.0039129
160.00 -10.00 -0.0044609
165.00 -10.00 -0.0030419
170.00 -10.00 -0.0007612
175.00 -10.00 -0.0012042
180.00 -10.00 -0.0033419
-180.00 -5.00 -0.0026058
-175.00 -5.00 -0.0017083
-170.00 -5.00 -0.0003138
-165.00 -5.00 -0.0007208
-160.00 -5.00 -0.0014236
-155.00 -5.00 -0.0027347
-150.00 -5.00 -0.0069285
-145.00 -5.00 -0.0107382
-140.00 -5.00 -0.0087904
-135.00 -5.00 -0.003601
-130.00 -5.00 -0.001563
-125.00 -5.00 -0.0025873
-120.00 -5.00 -0.0028554
-115.00 -5.00 -0.0021806
-110.00 -5.00 -0.001554
-105.00 -5.00 -9.79e-05
-100.00 -5.00 0.001176
-95.00 -5.00 -0.0002307
-90.00 -5.00 -0.0024299
-85.00 -5.00 -0.0008306
-80.00 -5.00 0.0042632
-75.00 -5.00 0.0078631
-70.00 -5.00 0.0073422
-65.00 -5.00 0.0049661
-60.00 -5.00 0.0040859
-55.00 -5.00 0.0048607
-50.00 -5.00 0.0041411
-45.00 -5.00 0.000328
-40.00 -5.00 -0.0033018
-35.00 -5.00 -0.0033835
-30.00 -5.00 -0.0018613
-25.00 -5.00 -0.0020212
-20.00 -5.00 -0.0030993
-15.00 -5.00 -0.0035589
-10.00 -5.00 -0.004494
-5.00 -5.00 -0.0059143
0.00 -5.00 -0.0057303
5.00 -5.00 -0.004364
10.00 -5.00 -0.0040422
15.00 -5.00 -0.0043931
20.00 -5.00 -0.0046874
25.00 -5.00 -0.0063345
30.00 -5.00 -0.0082699
35.00 -5.00 -0.0069791
40.00 -5.00 -0.0039358
45.00 -5.00 -0.0034321
50.00 -5.00 -0.0033897
55.00 -5.00 -3.22e-05
60.00 -5.00 0.0023773
65.00 -5.00 -0.0003651
70.00 -5.00 -0.0021532
75.00 -5.00 0.0022444
80.00 -5.00 0.0063998
85.00 -5.00 0.0046735
90.00 -5.00 0.0022761
95.00 -5.00 0.0034455
100.00 -5.00 0.0044471
105.00 -5.00 0.0040926
110.00 -5.00 0.0055239
115.00 -5.00 0.0061955
120.00 -5.00 0.0017645
125.00 -5.00 -0.0030844
130.00 -5.00 -0.0021751
135.00 -5.00 0.0008738
140.00 -5.00 0.0009452
145.00 -5.00 0.0004293
150.00 -5.00 0.0009257
155.00 -5.00 -0.0011106
160.00 -5.00 -0.0048289
165.00 -5.00 -0.0047803
170.00 -5.00 -0.0018852
175.00 -5.00 -0.0014394
180.00 -5.00 -0.0026058
-180.00 0.00 -0.001758
-175.00 0.00 -0.0003245
-170.00 0.00 0.0010385
-165.00 0.00 -6.34e-05
-160.00 0.00 -0.0011739
-155.00 0.00 -0.0015293
-150.00 0.00 -0.0037998
-145.00 0.00 -0.0067322
-140.00 0.00 -0.0063203
-135.00 0.00 -0.0036891
-130.00 0.00 -0.0026793
-125.00 0.00 -0.0029415
-120.00 0.00 -0.0025514
-115.00 0.00 -0.0021802
-110.00 0.00 -0.0020454
-105.00 0.00 -0.0007948
-100.00 0.00 0.0008134
-95.00 0.00 0.0009232
-90.00 0.00 0.0003588
-85.00 0.00 0.0009103
-80.00 0.00 0.0027589
-75.00 0.00 0.0055934
-70.00 0.00 0.0079415
-65.00 0.00 0.0066241
-60.00 0.00 0.0021484
-55.00 0.00 0.0001689
-50.00 0.00 0.0021866
-45.00 0.00 0.0022444
-40.00 0.00 -0.002113
-35.00 0.00 -0.0051092
-30.00 0.00 -0.00321
-25.00 0.00 -0.0004147
-20.00 0.00 -0.0003111
-15.00 0.00 -0.0016293
-10.00 0.00 -0.0024432
-5.00 0.00 -0.00235
0.00 0.00 -0.0019173
5.00 0.00 -0.0029804
10.00 0.00 -0.0058056
15.00 0.00 -0.0067738
20.00 0.00 -0.0043928
25.00 0.00 -0.0032413
30.00 0.00 -0.0057534
35.00 0.00 -0.0075827
40.00 0.00 -0.0065416
45.00 0.00 -0.0059238
50.00 0.00 -0.0055196
55.00 0.00 -0.0017185
60.00 0.00 0.0026716
65.00 0.00 0.0021974
70.00 0.00 3.08e-05
75.00 0.00 0.0021138
80.00 0.00 0.0054875
85.00 0.00 0.0046468
90.00 0.00 0.0017449
95.00 0.00 0.0009176
100.00 0.00 0.0017107
105.00 0.00 0.0035552
110.00 0.00 0.0064912
115.00 0.00 0.0067876
120.00 0.00 0.002421
125.00 0.00 -0.0010469
130.00 0.00 0.0002907
135.00 0.00 0.0018749
140.00 0.00 0.0008128
145.00 0.00 0.0008178
150.00 0.00 0.0017636
155.00 0.00 -0.0013073
160.00 0.00 -0.0063034
165.00 0.00 -0.0062621
170.00 0.00 -0.0024862
175.00 0.00 -0.0012348
180.00 0.00 -0.001758
-180.00 5.00 -0.0011573
-175.00 5.00 -0.0003479
-170.00 5.00 0.0003043
-165.00 5.00 -0.0014943
-160.00 5.00 -0.0028877
-155.00 5.00 -0.0019266
-150.00 5.00 -0.0007525
-145.00 5.00 -0.0004538
-140.00 5.00 -0.000237
-135.00 5.00 -0.0007497
-130.00 5.00 -0.0022405
-125.00 5.00 -0.0027949
-120.00 5.00 -0.0020842
-115.00 5.00 -0.0019393
-110.00 5.00 -0.0022029
-105.00 5.00 -0.0014544
-100.00 5.00 -0.0002721
-95.00 5.00 0.0007351
-90.00 5.00 0.0021381
-85.00 5.00 0.002723
-80.00 5.00 0.0015496
-75.00 5.00 0.0019155
-70.00 5.00 0.005138
-65.00 5.00 0.0051378
-60.00 5.00 -0.0011028
-55.00 5.00 -0.0057264
-50.00 5.00 -0.0030573
-45.00 5.00 4.94e-05
-40.00 5.00 -0.0028981
-35.00 5.00 -0.006709
-30.00 5.00 -0.005245
-25.00 5.00 -0.0017088
-20.00 5.00 -0.00109
-15.00 5.00 -0.0025333
-10.00 5.00 -0.0033955
-5.00 5.00 -0.0031679
0.00 5.00 -0.0024362
5.00 5.00 -0.0025149
10.00 5.00 -0.0039416
15.00 5.00 -0.0043094
20.00 5.00 -0.0023406
25.00 5.00 -0.0017184
30.00 5.00 -0.0046323
35.00 5.00 -0.0069797
40.00 5.00 -0.0062367
45.00 5.00 -0.0057271
50.00 5.00 -0.0058793
55.00 5.00 -0.00218
60.00 5.00 0.0043353
65.00 5.00 0.0067061
70.00 5.00 0.0040836
75.00 5.00 0.0022933
80.00 5.00 0.0030187
85.00 5.00 0.0032208
90.00 5.00 0.0025232
95.00 5.00 0.0024281
100.00 5.00 0.0023595
105.00 5.00 0.0018861
110.00 5.00 0.001812
115.00 5.00 0.0016026
120.00 5.00 0.001033
125.00 5.00 0.0018761
130.00 5.00 0.0032876
135.00 5.00 0.0016451
140.00 5.00 -0.0018949
145.00 5.00 -0.0027459
150.00 5.00 -0.0024666
155.00 5.00 -0.0056081
160.00 5.00 -0.0089296
165.00 5.00 -0.006499
170.00 5.00 -0.0014396
175.00 5.00 -0.0001682
180.00 5.00 -0.0011573
-180.00 10.00 -0.0017218
-175.00 10.00 -0.0010216
-170.00 10.00 -0.0001394
-165.00 10.00 -0.0017805
-160.00 10.00 -0.003831
-155.00 10.00 -0.0036958
-150.00 10.00 -0.001865
-145.00 10.00 0.000154
-140.00 10.00 0.0009655
-135.00 10.00 -0.0003336
-130.00 10.00 -0.0022655
-125.00 10.00 -0.0025958
-120.00 10.00 -0.0020498
-115.00 10.00 -0.002161
-110.00 10.00 -0.0018243
-105.00 10.00 -0.0005102
-100.00 10.00 -0.0001662
-95.00 10.00 -0.000394
-90.00 10.00 0.0013236
-85.00 10.00 0.0031777
-80.00 10.00 0.001811
-75.00 10.00 0.0002246
-70.00 10.00 0.002258
-65.00 10.00 0.0033876
-60.00 10.00 -0.0011854
-55.00 10.00 -0.0059524
-50.00 10.00 -0.004541
-45.00 10.00 -0.0012132
-40.00 10.00 -0.0020055
-35.00 10.00 -0.0041748
-30.00 10.00 -0.0036165
-25.00 10.00 -0.0026583
-20.00 10.00 -0.0037844
-15.00 10.00 -0.0050657
-10.00 10.00 -0.0053473
-5.00 10.00 -0.0057079
0.00 10.00 -0.0054323
5.00 10.00 -0.0032829
10.00 10.00 -0.0007657
15.00 10.00 0.000269
20.00 10.00 -0.0003307
25.00 10.00 -0.002704
30.00 10.00 -0.0059438
35.00 10.00 -0.006976
40.00 10.00 -0.0053377
45.00 10.00 -0.0045788
50.00 10.00 -0.0047873
55.00 10.00 -0.0012428
60.00 10.00 0.0058547
65.00 10.00 0.0095973
70.00 10.00 0.0072784
75.00 10.00 0.0038123
80.00 10.00 0.0029338
85.00 10.00 0.0036092
90.00 10.00 0.0047252
95.00 10.00 0.0057681
100.00 10.00 0.0045472
105.00 10.00 0.0001402
110.00 10.00 -0.0040795
115.00 10.00 -0.0039755
120.00 10.00 0.0006795
125.00 10.00 0.0059316
130.00 10.00 0.0068692
135.00 10.00 0.0026606
140.00 10.00 -0.001885
145.00 10.00 -0.0031153
150.00 10.00 -0.0039825
155.00 10.00 -0.0072401
160.00 10.00 -0.0086656
165.00 10.00 -0.0046852
170.00 10.00 -0.000105
175.00 10.00 -7.89e-05
180.00 10.00 -0.0017218
-180.00 15.00 -0.0032857
-175.00 15.00 -0.0010274
-170.00 15.00 0.0011716
-165.00 15.00 0.0001099
-160.00 15.00 -0.0030187
-155.00 15.00 -0.005547
-150.00 15.00 -0.0062921
-145.00 15.00 -0.0055104
-140.00 15.00 -0.0045173
-135.00 15.00 -0.0042061
-130.00 15.00 -0.0036117
-125.00 15.00 -0.0022513
-120.00 15.00 -0.0017726
-115.00 15.00 -0.002118
-110.00 15.00 -0.0005028
-105.00 15.00 0.002464
-100.00 15.00 0.0023557
-95.00 15.00 -0.0004602
-90.00 15.00 -0.0004512
-85.00 15.00 0.0027663
-80.00 15.00 0.003778
-75.00 15.00 0.001866
-70.00 15.00 0.0014541
-65.00 15.00 0.0026673
-60.00 15.00 0.0019305
-55.00 15.00 -0.0001138
-50.00 15.00 -0.0005347
-45.00 15.00 -0.0002017
-40.00 15.00 -0.0007356
-35.00 15.00 -0.000908
-30.00 15.00 -0.0009298
-25.00 15.00 -0.0032023
-20.00 15.00 -0.0062537
-15.00 15.00 -0.0061142
-10.00 15.00 -0.0040967
-5.00 15.00 -0.0045369
0.00 15.00 -0.0061587
5.00 15.00 -0.0042974
10.00 15.00 0.0003876
15.00 15.00 0.0028001
20.00 15.00 0.0007816
25.00 15.00 -0.0033335
30.00 15.00 -0.0061843
35.00 15.00 -0.0061256
40.00 15.00 -0.0045747
45.00 15.00 -0.004128
50.00 15.00 -0.0039879
55.00 15.00 -0.000839
60.00 15.00 0.0045528
65.00 15.00 0.0073443
70.00 15.00 0.0063116
75.00 15.00 0.0050656
80.00 15.00 0.005249
85.00 15.00 0.0052093
90.00 15.00 0.0048196
95.00 15.00 0.0050246
100.00 15.00 0.0039195
105.00 15.00 -0.0004381
110.00 15.00 -0.0046936
115.00 15.00 -0.0033092
120.00 15.00 0.0034767
125.00 15.00 0.0090295
130.00 15.00 0.0082902
135.00 15.00 0.003683
140.00 15.00 0.0010762
145.00 15.00 0.0013911
150.00 15.00 0.0004222
155.00 15.00 -0.0028927
160.00 15.00 -0.0042592
165.00 15.00 -0.002095
170.00 15.00 -0.0007167
175.00 15.00 -0.002366
180.00 15.00 -0.0032857
-180.00 20.00 -0.0041298
-175.00 20.00 0.000535
-170.00 20.00 0.0038601
-165.00 20.00 0.002916
-160.00 20.00 -0.0009221
-155.00 20.00 -0.0049264
-150.00 20.00 -0.0074608
-145.00 20.00 -0.0082048
-140.00 20.00 -0.007739
-135.00 20.00 -0.0063091
-130.00 20.00 -0.0036097
-125.00 20.00 -0.0009568
-120.00 20.00 -0.000708
-115.00 20.00 -0.0016167
-110.00 20.00 0.0003149
-105.00 20.00 0.0041246
-100.00 20.00 0.0039642
-95.00 20.00 -0.0004596
-90.00 20.00 -0.0019542
-85.00 20.00 0.0024156
-80.00 20.00 0.0064874
-75.00 20.00 0.005309
-70.00 20.00 0.0020335
-65.00 20.00 0.0014407
-60.00 20.00 0.0033302
-55.00 20.00 0.0045312
-50.00 20.00 0.0030264
-45.00 20.00 -0.0003524
-40.00 20.00 -0.0023813
-35.00 20.00 -0.0015227
-30.00 20.00 -0.001262
-25.00 20.00 -0.0048231
-20.00 20.00 -0.0084081
-15.00 20.00 -0.0066601
-10.00 20.00 -0.0023893
-5.00 20.00 -0.0023426
0.00 20.00 -0.0056674
5.00 20.00 -0.0056238
10.00 20.00 -0.0010634
15.00 20.00 0.0022202
20.00 20.00 0.0008038
25.00 20.00 -0.0024048
30.00 20.00 -0.0035058
35.00 20.00 -0.0024203
40.00 20.00 -0.0016359
45.00 20.00 -0.0021338
50.00 20.00 -0.0019658
55.00 20.00 0.0004147
60.00 20.00 0.0029939
65.00 20.00 0.0032485
70.00 20.00 0.0027896
75.00 20.00 0.0045772
80.00 20.00 0.0070511
85.00 20.00 0.0064037
90.00 20.00 0.003281
95.00 20.00 0.0014843
100.00 20.00 0.0013587
105.00 20.00 0.0003554
110.00 20.00 -0.0009052
115.00 20.00 0.00087
120.00 20.00 0.0051515
125.00 20.00 0.0070264
130.00 20.00 0.0043444
135.00 20.00 0.001087
140.00 20.00 0.0013913
145.00 20.00 0.0036057
150.00 20.00 0.0035659
155.00 20.00 0.0012077
160.00 20.00 -0.0004762
165.00 20.00 -0.0013014
170.00 20.00 -0.0033634
175.00 20.00 -0.0055139
180.00 20.00 -0.0041298
-180.00 25.00 -0.0028212
-175.00 25.00 0.0029338
-170.00 25.00 0.0060072
-165.00 25.00 0.0044192
-160.00 25.00 0.0005824
-155.00 25.00 -0.0024098
-150.00 25.00 -0.0034923
-145.00 25.00 -0.0034327
-140.00 25.00 -0.0032213
-135.00 25.00 -0.0025632
-130.00 25.00 -0.0006805
-125.00 25.00 0.0011616
-120.00 25.00 0.0006595
-115.00 25.00 -0.0010793
-110.00 25.00 -0.0003326
-105.00 25.00 0.0024304
-100.00 25.00 0.0021554
-95.00 25.00 -0.0018925
-90.00 25.00 -0.0032824
-85.00 25.00 0.0017641
-80.00 25.00 0.0077522
-75.00 25.00 0.0076516
-70.00 25.00 0.0025837
-65.00 25.00 -0.0006992
-60.00 25.00 0.0008402
-55.00 25.00 0.0034815
-50.00 25.00 0.0024288
-45.00 25.00 -0.0017471
-40.00 25.00 -0.0040387
-35.00 25.00 -0.0025222
-30.00 25.00 -0.0016357
-25.00 25.00 -0.0049709
-20.00 25.00 -0.008643
-15.00 25.00 -0.0072953
-10.00 25.00 -0.0032877
-5.00 25.00 -0.0028546
0.00 25.00 -0.0055826
5.00 25.00 -0.0054664
10.00 25.00 -0.0012727
15.00 25.00 0.0016906
20.00 25.00 0.000415
25.00 25.00 -0.0015991
30.00 25.00 -0.0004617
35.00 25.00 0.0024472
40.00 25.00 0.0033579
45.00 25.00 0.0019998
50.00 25.00 0.0015707
55.00 25.00 0.0033054
60.00 25.00 0.0043497
65.00 25.00 0.0026645
70.00 25.00 0.0010396
75.00 25.00 0.0028764
80.00 25.00 0.0062445
85.00 25.00 0.006478
90.00 25.00 0.0032748
95.00 25.00 0.0006189
100.00 25.00 0.0004666
105.00 25.00 0.0010846
110.00 25.00 0.0013054
115.00 25.00 0.001946
120.00 25.00 0.0026988
125.00 25.00 0.0017013
130.00 25.00 -0.0008502
135.00 25.00 -0.0020723
140.00 25.00 -0.0006453
145.00 25.00 0.0012062
150.00 25.00 0.0013867
155.00 25.00 0.0007107
160.00 25.00 0.0001778
165.00 25.00 -0.0014658
170.00 25.00 -0.0046351
175.00 25.00 -0.0060877
180.00 25.00 -0.0028213
-180.00 30.00 -0.0002834
-175.00 30.00 0.0040866
-170.00 30.00 0.0057006
-165.00 30.00 0.0033207
-160.00 30.00 -0.0002141
-155.00 30.00 -0.001592
-150.00 30.00 -0.0001755
-145.00 30.00 0.0020604
-140.00 30.00 0.0030288
-135.00 30.00 0.0028018
-130.00 30.00 0.002811
-125.00 30.00 0.0030092
-120.00 30.00 0.001893
-115.00 30.00 -0.0001957
-110.00 30.00 -0.0008363
-105.00 30.00 0.0001203
-100.00 30.00 -0.0004187
-95.00 30.00 -0.0032349
-90.00 30.00 -0.0040586
-85.00 30.00 0.0003385
-80.00 30.00 0.0063229
-75.00 30.00 0.0075211
-70.00 30.00 0.0031174
-65.00 30.00 -0.001533
-60.00 30.00 -0.0021565
-55.00 30.00 -0.0003573
-50.00 30.00 -0.0001523
-45.00 30.00 -0.001869
-40.00 30.00 -0.0022024
-35.00 30.00 -0.0001323
-30.00 30.00 0.0007896
-25.00 30.00 -0.001966
-20.00 30.00 -0.0053694
-15.00 30.00 -0.0053804
-10.00 30.00 -0.0032406
-5.00 30.00 -0.0027233
0.00 30.00 -0.0032642
5.00 30.00 -0.0012344
10.00 30.00 0.00289
15.00 30.00 0.0043153
20.00 30.00 0.0015429
25.00 30.00 -0.000764
30.00 30.00 0.0015009
35.00 30.00 0.0059463
40.00 30.00 0.0073022
45.00 30.00 0.0048536
50.00 30.00 0.0028568
55.00 30.00 0.003903
60.00 30.00 0.0053686
65.00 30.00 0.0039787
70.00 30.00 0.0010813
75.00 30.00 0.0004953
80.00 30.00 0.0026983
85.00 30.00 0.0044664
90.00 30.00 0.0037698
95.00 30.00 0.001924
100.00 30.00 0.0007776
105.00 30.00 0.0004789
110.00 30.00 0.0004845
115.00 30.00 0.0005857
120.00 30.00 0.0004151
125.00 30.00 -0.0003542
130.00 30.00 -0.0010471
135.00 30.00 -0.0007602
140.00 30.00 -7.15e-05
145.00 30.00 -0.0002378
150.00 30.00 -0.0007943
155.00 30.00 -0.0001541
160.00 30.00 0.0011933
165.00 30.00 0.0007445
170.00 30.00 -0.0017899
175.00 30.00 -0.002992
180.00 30.00 -0.0002834
-180.00 35.00 0.0011167
-175.00 35.00 0.0029959
-170.00 35.00 0.0033567
-165.00 35.00 0.0010789
-160.00 35.00 -0.001907
-155.00 35.00 -0.0028301
-150.00 35.00 -0.0008823
-145.00 35.00 0.0021932
-140.00 35.00 0.0040993
-135.00 35.00 0.0043166
-130.00 35.00 0.0039636
-125.00 35.00 0.0036031
-120.00 35.00 0.002573
-115.00 35.00 0.0008458
-110.00 35.00 -0.0002682
-105.00 35.00 -0.0003321
-100.00 35.00 -0.0008771
-95.00 35.00 -0.0026641
-90.00 35.00 -0.0034621
-85.00 35.00 -0.0007875
-80.00 35.00 0.0039916
-75.00 35.00 0.0065809
-70.00 35.00 0.0047801
-65.00 35.00 0.0007714
-60.00 35.00 -0.0019845
-55.00 35.00 -0.0025559
-50.00 35.00 -0.00225
-45.00 35.00 -0.0017481
-40.00 35.00 -0.0004802
-35.00 35.00 0.0012333
-30.00 35.00 0.001637
-25.00 35.00 0.0002001
-20.00 35.00 -0.0010482
-15.00 35.00 -0.0004457
-10.00 35.00 0.0007558
-5.00 35.00 0.0008813
0.00 35.00 0.0012165
5.00 35.00 0.0039002
10.00 35.00 0.0073584
15.00 35.00 0.0074777
20.00 35.00 0.0037799
25.00 35.00 0.0010604
30.00 35.00 0.0031641
35.00 35.00 0.007553
40.00 35.00 0.0085604
45.00 35.00 0.0048618
50.00 35.00 0.0008774
55.00 35.00 0.0005745
60.00 35.00 0.0025361
65.00 35.00 0.0027086
70.00 35.00 0.0002205
75.00 35.00 -0.00191
80.00 35.00 -0.0013108
85.00 35.00 0.0008329
90.00 35.00 0.0018486
95.00 35.00 0.0008919
100.00 35.00 -0.0006377
105.00 35.00 -0.0010539
110.00 35.00 -2.37e-05
115.00 35.00 0.0013617
120.00 35.00 0.0018161
125.00 35.00 0.0012672
130.00 35.00 0.0008163
135.00 35.00 0.0010658
140.00 35.00 0.0012177
145.00 35.00 0.0006158
150.00 35.00 0.0003439
155.00 35.00 0.0017983
160.00 35.00 0.0040505
165.00 35.00 0.0045094
170.00 35.00 0.0025379
175.00 35.00 0.0006345
180.00 35.00 0.0011167
-180.00 40.00 0.0007131
-175.00 40.00 0.0011049
-170.00 40.00 0.0012876
-165.00 40.00 0.0001382
-160.00 40.00 -0.0017967
-155.00 40.00 -0.0029163
-150.00 40.00 -0.0022383
-145.00 40.00 -0.0003228
-140.00 40.00 0.0014747
-135.00 40.00 0.0024361
-130.00 40.00 0.0027913
-125.00 40.00 0.0027608
-120.00 40.00 0.0021113
-115.00 40.00 0.0009692
-110.00 40.00 0.0001929
-105.00 40.00 0.000208
-100.00 40.00 0.0001734
-95.00 40.00 -0.0007064
-90.00 40.00 -0.0014723
-85.00 40.00 -0.0002188
-80.00 40.00 0.003269
-75.00 40.00 0.0066501
-70.00 40.00 0.0072561
-65.00 40.00 0.0046855
-60.00 40.00 0.0008467
-55.00 40.00 -0.002081
-50.00 40.00 -0.0032231
-45.00 40.00 -0.0029644
-40.00 40.00 -0.002202
-35.00 40.00 -0.0017346
-30.00 40.00 -0.0016455
-25.00 40.00 -0.0010185
-20.00 40.00 0.0010148
-15.00 40.00 0.0036285
-10.00 40.00 0.0046933
-5.00 40.00 0.0035577
0.00 40.00 0.0024051
5.00 40.00 0.0034898
10.00 40.00 0.0057265
15.00 40.00 0.0059021
20.00 40.00 0.0033266
25.00 40.00 0.0012627
30.00 40.00 0.0026691
35.00 40.00 0.0059867
40.00 40.00 0.0069048
45.00 40.00 0.0038304
50.00 40.00 -0.000241
55.00 40.00 -0.0017065
60.00 40.00 -0.0006337
65.00 40.00 0.0001017
70.00 40.00 -0.0010008
75.00 40.00 -0.0024304
80.00 40.00 -0.002278
85.00 40.00 -0.0010018
90.00 40.00 -0.0006541
95.00 40.00 -0.001963
100.00 40.00 -0.003217
105.00 40.00 -0.0022687
110.00 40.00 0.0008229
115.00 40.00 0.0035878
120.00 40.00 0.0036548
125.00 40.00 0.0012088
130.00 40.00 -0.0013594
135.00 40.00 -0.0020934
140.00 40.00 -0.0011513
145.00 40.00 0.0002718
150.00 40.00 0.001776
155.00 40.00 0.0036287
160.00 40.00 0.0053067
165.00 40.00 0.0054779
170.00 40.00 0.0037663
175.00 40.00 0.0016092
180.00 40.00 0.0007131
-180.00 45.00 9.61e-05
-175.00 45.00 0.0002314
-170.00 45.00 0.0005368
-165.00 45.00 0.000346
-160.00 45.00 -0.0004433
-155.00 45.00 -0.001265
-150.00 45.00 -0.0014569
-145.00 45.00 -0.000876
-140.00 45.00 8.68e-05
-135.00 45.00 0.0009778
-130.00 45.00 0.0015625
-125.00 45.00 0.0017081
-120.00 45.00 0.0013715
-115.00 45.00 0.0008781
-110.00 45.00 0.0008501
-105.00 45.00 0.0014789
-100.00 45.00 0.0020874
-95.00 45.00 0.0019111
-90.00 45.00 0.0012984
-85.00 45.00 0.0016069
-80.00 45.00 0.0036105
-75.00 45.00 0.0062769
-70.00 45.00 0.0074933
-65.00 45.00 0.0060312
-60.00 45.00 0.0026485
-55.00 45.00 -0.0007132
-50.00 45.00 -0.0026571
-45.00 45.00 -0.0032677
-40.00 45.00 -0.0035376
-35.00 45.00 -0.0040101
-30.00 45.00 -0.0040285
-25.00 45.00 -0.0024696
-20.00 45.00 0.0006151
-15.00 45.00 0.0033251
-10.00 45.00 0.0034795
-5.00 45.00 0.0010814
0.00 45.00 -0.0013493
5.00 45.00 -0.001463
10.00 45.00 0.0002361
15.00 45.00 0.0011368
20.00 45.00 -0.0001301
25.00 45.00 -0.0020008
30.00 45.00 -0.0020568
35.00 45.00 -6.35e-05
40.00 45.00 0.0019048
45.00 45.00 0.0021089
50.00 45.00 0.0009477
55.00 45.00 -0.000114
60.00 45.00 -0.0005459
65.00 45.00 -0.0009051
70.00 45.00 -0.0013924
75.00 45.00 -0.0013113
80.00 45.00 -0.0003103
85.00 45.00 0.0005612
90.00 45.00 -0.0001464
95.00 45.00 -0.0022556
100.00 45.00 -0.0036094
105.00 45.00 -0.0022331
110.00 45.00 0.0012689
115.00 45.00 0.0039113
120.00 45.00 0.0031706
125.00 45.00 -0.0004743
130.00 45.00 -0.0040089
135.00 45.00 -0.0047797
140.00 45.00 -0.0026858
145.00 45.00 0.000375
150.00 45.00 0.0026314
155.00 45.00 0.003615
160.00 45.00 0.0036448
165.00 45.00 0.0029868
170.00 45.00 0.0018351
175.00 45.00 0.0006717
180.00 45.00 9.61e-05
-180.00 50.00 0.0002298
-175.00 50.00 0.0003308
-170.00 50.00 0.0002305
-165.00 50.00 3.39e-05
-160.00 50.00 -0.0001244
-155.00 50.00 -0.0001001
-150.00 50.00 0.0001985
-145.00 50.00 0.0007249
-140.00 50.00 0.0013014
-135.00 50.00 0.0017376
-130.00 50.00 0.0019346
-125.00 50.00 0.0019205
-120.00 50.00 0.0018806
-115.00 50.00 0.002149
-110.00 50.00 0.0029867
-105.00 50.00 0.0042064
-100.00 50.00 0.0051053
-95.00 50.00 0.0050206
-90.00 50.00 0.0040511
-85.00 50.00 0.0030782
-80.00 50.00 0.0029015
-75.00 50.00 0.0033748
-70.00 50.00 0.003529
-65.00 50.00 0.0025956
-60.00 50.00 0.0008263
-55.00 50.00 -0.0007708
-50.00 50.00 -0.0014664
-45.00 50.00 -0.0014878
-40.00 50.00 -0.0016305
-35.00 50.00 -0.0022611
-30.00 50.00 -0.0028549
-25.00 50.00 -0.0026548
-20.00 50.00 -0.0017568
-15.00 50.00 -0.0012795
-10.00 50.00 -0.002172
-5.00 50.00 -0.003889
0.00 50.00 -0.0046326
5.00 50.00 -0.0032325
10.00 50.00 -0.000678
15.00 50.00 0.0005871
20.00 50.00 -0.000942
25.00 50.00 -0.004271
30.00 50.00 -0.0068108
35.00 50.00 -0.0066978
40.00 50.00 -0.0041735
45.00 50.00 -0.0010016
50.00 50.00 0.0010448
55.00 50.00 0.0011741
60.00 50.00 -0.0002996
65.00 50.00 -0.0022423
70.00 50.00 -0.0032116
75.00 50.00 -0.0023217
80.00 50.00 -6.47e-05
85.00 50.00 0.0018523
90.00 50.00 0.0019231
95.00 50.00 0.0003247
100.00 50.00 -0.0011434
105.00 50.00 -0.000814
110.00 50.00 0.0011263
115.00 50.00 0.0027962
120.00 50.00 0.0025629
125.00 50.00 0.0007443
130.00 50.00 -0.0007192
135.00 50.00 -0.0002372
140.00 50.00 0.0019033
145.00 50.00 0.0039394
150.00 50.00 0.0043532
155.00 50.00 0.00309
160.00 50.00 0.001271
165.00 50.00 2.69e-05
170.00 50.00 -0.0003006
175.00 50.00 -6.69e-05
180.00 50.00 0.0002298
-180.00 55.00 0.0003348
-175.00 55.00 0.0004581
-170.00 55.00 4.3e-06
-165.00 55.00 -0.0004325
-160.00 55.00 -0.0003449
-155.00 55.00 0.0003902
-150.00 55.00 0.0015047
-145.00 55.00 0.0025435
-140.00 55.00 0.0031245
-135.00 55.00 0.0031216
-130.00 55.00 0.0027082
-125.00 55.00 0.0022712
-120.00 55.00 0.0022524
-115.00 55.00 0.0029541
-110.00 55.00 0.0043421
-105.00 55.00 0.0059502
-100.00 55.00 0.0070332
-95.00 55.00 0.0069795
-90.00 55.00 0.0057121
-85.00 55.00 0.0037259
-80.00 55.00 0.0016959
-75.00 55.00 2.13e-05
-70.00 55.00 -0.0012697
-65.00 55.00 -0.0022264
-60.00 55.00 -0.0026988
-55.00 55.00 -0.0024431
-50.00 55.00 -0.0015119
-45.00 55.00 -0.0004557
-40.00 55.00 -3.63e-05
-35.00 55.00 -0.0006762
-30.00 55.00 -0.0021817
-25.00 55.00 -0.0039956
-20.00 55.00 -0.0056577
-15.00 55.00 -0.0069285
-10.00 55.00 -0.0074787
-5.00 55.00 -0.0066729
0.00 55.00 -0.0039956
5.00 55.00 0.0001009
10.00 55.00 0.0038692
15.00 55.00 0.005139
20.00 55.00 0.0029062
25.00 55.00 -0.0017117
30.00 55.00 -0.0060882
35.00 55.00 -0.0078523
40.00 55.00 -0.006428
45.00 55.00 -0.0032478
50.00 55.00 -0.0006448
55.00 55.00 -0.0003104
60.00 55.00 -0.0023071
65.00 55.00 -0.0051434
70.00 55.00 -0.0067958
75.00 55.00 -0.0060456
80.00 55.00 -0.0032667
85.00 55.00 -8.91e-05
90.00 55.00 0.0018419
95.00 55.00 0.0020322
100.00 55.00 0.0012878
105.00 55.00 0.0008074
110.00 55.00 0.0011381
115.00 55.00 0.0019573
120.00 55.00 0.0027332
125.00 55.00 0.0034119
130.00 55.00 0.0043477
135.00 55.00 0.0056154
140.00 55.00 0.0065672
145.00 55.00 0.006236
150.00 55.00 0.0042417
155.00 55.00 0.0012942
160.00 55.00 -0.001231
165.00 55.00 -0.0022737
170.00 55.00 -0.0017776
175.00 55.00 -0.0005738
180.00 55.00 0.0003348
-180.00 60.00 9.4e-05
-175.00 60.00 0.000505
-170.00 60.00 0.0003162
-165.00 60.00 8.02e-05
-160.00 60.00 0.0002899
-155.00 60.00 0.0010617
-150.00 60.00 0.0020917
-145.00 60.00 0.0028663
-140.00 60.00 0.0029696
-135.00 60.00 0.0023162
-130.00 60.00 0.0012028
-125.00 60.00 0.0001776
-120.00 60.00 -0.0002003
-115.00 60.00 0.0003909
-110.00 60.00 0.001876
-105.00 60.00 0.0037845
-100.00 60.00 0.0054297
-95.00 60.00 0.006198
-90.00 60.00 0.0058021
-85.00 60.00 0.0043597
-80.00 60.00 0.0022762
-75.00 60.00 4.62e-05
-70.00 60.00 -0.0018887
-65.00 60.00 -0.0031844
-60.00 60.00 -0.0036234
-55.00 60.00 -0.0031996
-50.00 60.00 -0.0022128
-45.00 60.00 -0.0012423
-40.00 60.00 -0.0009319
-35.00 60.00 -0.0016856
-30.00 60.00 -0.0034676
-25.00 60.00 -0.0058134
-20.00 60.00 -0.0079978
-15.00 60.00 -0.0092279
-10.00 60.00 -0.0088239
-5.00 60.00 -0.0064509
0.00 60.00 -0.0024114
5.00 60.00 0.0021968
10.00 60.00 0.0057412
15.00 60.00 0.0067921
20.00 60.00 0.004965
25.00 60.00 0.0012692
30.00 60.00 -0.0023876
35.00 60.00 -0.0042933
40.00 60.00 -0.0039204
45.00 60.00 -0.0021596
50.00 60.00 -0.0006649
55.00 60.00 -0.0007632
60.00 60.00 -0.0026315
65.00 60.00 -0.0052389
70.00 60.00 -0.0070438
75.00 60.00 -0.0069688
80.00 60.00 -0.0050212
85.00 60.00 -0.0021893
90.00 60.00 0.0002514
95.00 60.00 0.0015034
100.00 60.00 0.0015774
105.00 60.00 0.0010637
110.00 60.00 0.0006423
115.00 60.00 0.0007258
120.00 60.00 0.0013954
125.00 60.00 0.0024914
130.00 60.00 0.0036699
135.00 60.00 0.0044231
140.00 60.00 0.0042107
145.00 60.00 0.0027648
150.00 60.00 0.0003813
155.00 60.00 -0.0020933
160.00 60.00 -0.0036737
165.00 60.00 -0.0038067
170.00 60.00 -0.0026899
175.00 60.00 -0.0011071
180.00 60.00 9.4e-05
-180.00 65.00 0.0003598
-175.00 65.00 0.0007123
-170.00 65.00 0.0006729
-165.00 65.00 0.0005204
-160.00 65.00 0.0005027
-155.00 65.00 0.0006702
-150.00 65.00 0.0008468
-145.00 65.00 0.0007447
-140.00 65.00 0.0001479
-135.00 65.00 -0.0009374
-130.00 65.00 -0.0022434
-125.00 65.00 -0.0033267
-120.00 65.00 -0.0037392
-115.00 65.00 -0.0032078
-110.00 65.00 -0.0017497
-105.00 65.00 0.0003212
-100.00 65.00 0.002498
-95.00 65.00 0.0042484
-90.00 65.00 0.0051798
-85.00 65.00 0.0051398
-80.00 65.00 0.0042285
-75.00 65.00 0.0027398
-70.00 65.00 0.0010647
-65.00 65.00 -0.0004124
-60.00 65.00 -0.0014139
-55.00 65.00 -0.0018487
-50.00 65.00 -0.0018459
-45.00 65.00 -0.0017128
-40.00 65.00 -0.0018141
-35.00 65.00 -0.0024148
-30.00 65.00 -0.0035529
-25.00 65.00 -0.0049975
-20.00 65.00 -0.0063084
-15.00 65.00 -0.0069783
-10.00 65.00 -0.0066202
-5.00 65.00 -0.0051497
0.00 65.00 -0.0028887
5.00 65.00 -0.000515
10.00 65.00 0.0011802
15.00 65.00 0.0016515
20.00 65.00 0.0008969
25.00 65.00 -0.0005012
30.00 65.00 -0.0016601
35.00 65.00 -0.0018716
40.00 65.00 -0.0009963
45.00 65.00 0.0004661
50.00 65.00 0.0016772
55.00 65.00 0.0019506
60.00 65.00 0.0011396
65.00 65.00 -0.0003042
70.00 65.00 -0.0016163
75.00 65.00 -0.0021619
80.00 65.00 -0.0017657
85.00 65.00 -0.0007509
90.00 65.00 0.0002999
95.00 65.00 0.0008858
100.00 65.00 0.0008261
105.00 65.00 0.0002863
110.00 65.00 -0.0003727
115.00 65.00 -0.000804
120.00 65.00 -0.0008337
125.00 65.00 -0.0005195
130.00 65.00 -0.0001126
135.00 65.00 5.86e-05
140.00 65.00 -0.0002513
145.00 65.00 -0.0010591
150.00 65.00 -0.0021037
155.00 65.00 -0.0029454
160.00 65.00 -0.0031853
165.00 65.00 -0.0026834
170.00 65.00 -0.0016412
175.00 65.00 -0.0004877
180.00 65.00 0.0003598
-180.00 70.00 0.0012113
-175.00 70.00 0.000866
-170.00 70.00 0.0003673
-165.00 70.00 -0.0001756
-160.00 70.00 -0.000674
-155.00 70.00 -0.0011063
-150.00 70.00 -0.0015212
-145.00 70.00 -0.0019976
-140.00 70.00 -0.0025807
-135.00 70.00 -0.003229
-130.00 70.00 -0.0038012
-125.00 70.00 -0.0040911
-120.00 70.00 -0.0038992
-115.00 70.00 -0.0031118
-110.00 70.00 -0.001756
-105.00 70.00 -9.3e-06
-100.00 70.00 0.0018386
-95.00 70.00 0.0034596
-90.00 70.00 0.0045705
-85.00 70.00 0.0050002
-80.00 70.00 0.0047241
-75.00 70.00 0.0038598
-70.00 70.00 0.0026279
-65.00 70.00 0.0012911
-60.00 70.00 8.59e-05
-55.00 70.00 -0.0008341
-50.00 70.00 -0.001429
-45.00 70.00 -0.0017664
-40.00 70.00 -0.0019815
-35.00 70.00 -0.0022169
-30.00 70.00 -0.0025645
-25.00 70.00 -0.0030321
-20.00 70.00 -0.0035458
-15.00 70.00 -0.0039897
-10.00 70.00 -0.0042632
-5.00 70.00 -0.004334
0.00 70.00 -0.0042577
5.00 70.00 -0.0041493
10.00 70.00 -0.0041133
15.00 70.00 -0.0041643
20.00 70.00 -0.0041847
25.00 70.00 -0.0039549
30.00 70.00 -0.0032534
35.00 70.00 -0.0019823
40.00 70.00 -0.0002508
45.00 70.00 0.0016364
50.00 70.00 0.0032884
55.00 70.00 0.0043827
60.00 70.00 0.0047887
65.00 70.00 0.0045979
70.00 70.00 0.0040516
75.00 70.00 0.003413
80.00 70.00 0.0028523
85.00 70.00 0.0024009
90.00 70.00 0.0019865
95.00 70.00 0.0015145
100.00 70.00 0.0009459
105.00 70.00 0.000329
110.00 70.00 -0.0002226
115.00 70.00 -0.0005878
120.00 70.00 -0.0006965
125.00 70.00 -0.000562
130.00 70.00 -0.0002733
135.00 70.00 4.76e-05
140.00 70.00 0.0003008
145.00 70.00 0.0004518
150.00 70.00 0.0005379
155.00 70.00 0.0006349
160.00 70.00 0.000801
165.00 70.00 0.0010304
170.00 70.00 0.0012454
175.00 70.00 0.0013341
180.00 70.00 0.0012113
-180.00 75.00 0.0017034
-175.00 75.00 0.0009271
-170.00 75.00 0.0001507
-165.00 75.00 -0.0005641
-160.00 75.00 -0.001169
-155.00 75.00 -0.0016369
-150.00 75.00 -0.0019614
-145.00 75.00 -0.0021477
-140.00 75.00 -0.0022015
-135.00 75.00 -0.0021179
-130.00 75.00 -0.0018804
-125.00 75.00 -0.0014673
-120.00 75.00 -0.0008681
-115.00 75.00 -9.85e-05
-110.00 75.00 0.0007875
-105.00 75.00 0.0016982
-100.00 75.00 0.0025158
-95.00 75.00 0.0031182
-90.00 75.00 0.0034053
-85.00 75.00 0.0033206
-80.00 75.00 0.0028653
-75.00 75.00 0.0020993
-70.00 75.00 0.0011291
-65.00 75.00 8.62e-05
-60.00 75.00 -0.0009
-55.00 75.00 -0.0017266
-50.00 75.00 -0.0023352
-45.00 75.00 -0.0027186
-40.00 75.00 -0.0029143
-35.00 75.00 -0.0029897
-30.00 75.00 -0.0030216
-25.00 75.00 -0.0030779
-20.00 75.00 -0.003205
-15.00 75.00 -0.0034221
-10.00 75.00 -0.003723
-5.00 75.00 -0.0040802
0.00 75.00 -0.0044484
5.00 75.00 -0.0047661
10.00 75.00 -0.0049579
15.00 75.00 -0.0049401
20.00 75.00 -0.0046327
25.00 75.00 -0.0039798
30.00 75.00 -0.0029707
35.00 75.00 -0.0016561
40.00 75.00 -0.0001488
45.00 75.00 0.0013933
50.00 75.00 0.0027988
55.00 75.00 0.0039206
60.00 75.00 0.004666
65.00 75.00 0.0050101
70.00 75.00 0.0049899
75.00 75.00 0.0046836
80.00 75.00 0.0041851
85.00 75.00 0.0035834
90.00 75.00 0.0029532
95.00 75.00 0.0023552
100.00 75.00 0.0018414
105.00 75.00 0.0014583
110.00 75.00 0.0012441
115.00 75.00 0.0012222
120.00 75.00 0.0013917
125.00 75.00 0.0017242
130.00 75.00 0.0021666
135.00 75.00 0.0026514
140.00 75.00 0.0031098
145.00 75.00 0.0034825
150.00 75.00 0.0037255
155.00 75.00 0.0038105
160.00 75.00 0.0037218
165.00 75.00 0.0034538
170.00 75.00 0.0030121
175.00 75.00 0.0024162
180.00 75.00 0.0017034
-180.00 80.00 0.0015375
-175.00 80.00 0.0010865
-170.00 80.00 0.000668
-165.00 80.00 0.0003112
-160.00 80.00 3.92e-05
-155.00 80.00 -0.0001332
-150.00 80.00 -0.0001997
-145.00 80.00 -0.0001621
-140.00 80.00 -2.96e-05
-135.00 80.00 0.0001827
-130.00 80.00 0.0004552
-125.00 80.00 0.000764
-120.00 80.00 0.0010815
-115.00 80.00 0.0013767
-110.00 80.00 0.0016171
-105.00 80.00 0.0017707
-100.00 80.00 0.0018092
-95.00 80.00 0.0017123
-90.00 80.00 0.0014705
-85.00 80.00 0.0010885
-80.00 80.00 0.0005856
-75.00 80.00 -6.2e-06
-70.00 80.00 -0.0006457
-65.00 80.00 -0.0012872
-60.00 80.00 -0.001887
-55.00 80.00 -0.002409
-50.00 80.00 -0.0028293
-45.00 80.00 -0.003138
-40.00 80.00 -0.0033387
-35.00 80.00 -0.0034469
-30.00 80.00 -0.0034852
-25.00 80.00 -0.0034786
-20.00 80.00 -0.0034489
-15.00 80.00 -0.0034108
-10.00 80.00 -0.00337
-5.00 80.00 -0.0033213
0.00 80.00 -0.0032498
5.00 80.00 -0.0031336
10.00 80.00 -0.0029481
15.00 80.00 -0.002671
20.00 80.00 -0.0022871
25.00 80.00 -0.0017924
30.00 80.00 -0.0011976
35.00 80.00 -0.0005284
40.00 80.00 0.0001771
45.00 80.00 0.0008734
50.00 80.00 0.0015134
55.00 80.00 0.0020557
60.00 80.00 0.0024697
65.00 80.00 0.0027403
70.00 80.00 0.0028686
75.00 80.00 0.0028703
80.00 80.00 0.0027728
85.00 80.00 0.0026109
90.00 80.00 0.0024223
95.00 80.00 0.0022431
100.00 80.00 0.0021041
105.00 80.00 0.0020285
110.00 80.00 0.0020297
115.00 80.00 0.0021097
120.00 80.00 0.0022599
125.00 80.00 0.0024618
130.00 80.00 0.0026897
135.00 80.00 0.0029132
140.00 80.00 0.0031011
145.00 80.00 0.0032252
150.00 80.00 0.0032628
155.00 80.00 0.0031997
160.00 80.00 0.0030308
165.00 80.00 0.0027612
170.00 80.00 0.0024059
175.00 80.00 0.0019882
180.00 80.00 0.0015375
-180.00 85.00 0.0010578
-175.00 85.00 0.0009789
-170.00 85.00 0.000906
-165.00 85.00 0.0008432
-160.00 85.00 0.0007932
-155.00 85.00 0.0007565
-150.00 85.00 0.0007318
-145.00 85.00 0.0007172
-140.00 85.00 0.0007101
-135.00 85.00 0.000707
-130.00 85.00 0.0007034
-125.00 85.00 0.0006931
-120.00 85.00 0.0006697
-115.00 85.00 0.0006275
-110.00 85.00 0.0005626
-105.00 85.00 0.0004729
-100.00 85.00 0.0003571
-95.00 85.00 0.0002149
-90.00 85.00 4.72e-05
-85.00 85.00 -0.0001427
-80.00 85.00 -0.0003493
-75.00 85.00 -0.0005649
-70.00 85.00 -0.0007818
-65.00 85.00 -0.0009927
-60.00 85.00 -0.0011914
-55.00 85.00 -0.0013722
-50.00 85.00 -0.001529
-45.00 85.00 -0.0016569
-40.00 85.00 -0.0017525
-35.00 85.00 -0.0018153
-30.00 85.00 -0.0018466
-25.00 85.00 -0.0018481
-20.00 85.00 -0.0018211
-15.00 85.00 -0.0017663
-10.00 85.00 -0.0016849
-5.00 85.00 -0.0015794
0.00 85.00 -0.0014528
5.00 85.00 -0.0013073
10.00 85.00 -0.0011441
15.00 85.00 -0.0009642
20.00 85.00 -0.0007697
25.00 85.00 -0.0005646
30.00 85.00 -0.0003544
35.00 85.00 -0.0001443
40.00 85.00 6.13e-05
45.00 85.00 0.0002585
50.00 85.00 0.0004431
55.00 85.00 0.0006104
60.00 85.00 0.0007564
65.00 85.00 0.0008793
70.00 85.00 0.0009799
75.00 85.00 0.001061
80.00 85.00 0.0011253
85.00 85.00 0.0011756
90.00 85.00 0.0012145
95.00 85.00 0.0012456
100.00 85.00 0.001273
105.00 85.00 0.0013003
110.00 85.00 0.0013293
115.00 85.00 0.0013595
120.00 85.00 0.001389
125.00 85.00 0.0014158
130.00 85.00 0.0014381
135.00 85.00 0.0014541
140.00 85.00 0.0014611
145.00 85.00 0.0014558
150.00 85.00 0.0014357
155.00 85.00 0.0013997
160.00 85.00 0.0013493
165.00 85.00 0.0012868
170.00 85.00 0.0012154
175.00 85.00 0.001138
180.00 85.00 0.0010578
-180.00 90.00 0.0001311
-175.00 90.00 0.0001311
-170.00 90.00 0.0001311
-165.00 90.00 0.0001311
-160.00 90.00 0.0001311
-155.00 90.00 0.0001311
-150.00 90.00 0.0001311
-145.00 90.00 0.0001311
-140.00 90.00 0.0001311
-135.00 90.00 0.0001311
-130.00 90.00 0.0001311
-125.00 90.00 0.0001311
-120.00 90.00 0.0001311
-115.00 90.00 0.0001311
-110.00 90.00 0.0001311
-105.00 90.00 0.0001311
-100.00 90.00 0.0001311
-95.00 90.00 0.0001311
-90.00 90.00 0.0001311
-85.00 90.00 0.0001311
-80.00 90.00 0.0001311
-75.00 90.00 0.0001311
-70.00 90.00 0.0001311
-65.00 90.00 0.0001311
-60.00 90.00 0.0001311
-55.00 90.00 0.0001311
-50.00 90.00 0.0001311
-45.00 90.00 0.0001311
-40.00 90.00 0.0001311
-35.00 90.00 0.0001311
-30.00 90.00 0.0001311
-25.00 90.00 0.0001311
-20.00 90.00 0.0001311
-15.00 90.00 0.0001311
-10.00 90.00 0.0001311
-5.00 90.00 0.0001311
0.00 90.00 0.0001311
5.00 90.00 0.0001311
10.00 90.00 0.0001311
15.00 90.00 0.0001311
20.00 90.00 0.0001311
25.00 90.00 0.0001311
30.00 90.00 0.0001311
35.00 90.00 0.0001311
40.00 90.00 0.0001311
45.00 90.00 0.0001311
50.00 90.00 0.0001311
55.00 90.00 0.0001311
60.00 90.00 0.0001311
65.00 90.00 0.0001311
70.00 90.00 0.0001311
75.00 90.00 0.0001311
80.00 90.00 0.0001311
85.00 90.00 0.0001311
90.00 90.00 0.0001311
95.00 90.00 0.0001311
100.00 90.00 0.0001311
105.00 90.00 0.0001311
110.00 90.00 0.0001311
115.00 90.00 0.0001311
120.00 90.00 0.0001311
125.00 90.00 0.0001311
130.00 90.00 0.0001311
135.00 90.00 0.0001311
140.00 90.00 0.0001311
145.00 90.00 0.0001311
150.00 90.00 0.0001311
155.00 90.00 0.0001311
160.00 90.00 0.0001311
165.00 90.00 0.0001311
170.00 90.00 0.0001311
175.00 90.00 0.0001311
180.00 90.00 0.0001311
