-180.00 -90.00 0.00160272
-175.00 -90.00 0.00160278
-170.00 -90.00 0.00160278
-165.00 -90.00 0.00160278
-160.00 -90.00 0.00160278
-155.00 -90.00 0.00160272
-150.00 -90.00 0.00160266
-145.00 -90.00 0.00160254
-140.00 -90.00 0.00160245
-135.00 -90.00 0.00160233
-130.00 -90.00 0.00160218
-125.00 -90.00 0.00160206
-120.00 -90.00 0.00160191
-115.00 -90.00 0.00160179
-110.00 -90.00 0.00160164
-105.00 -90.00 0.00160152
-100.00 -90.00 0.00160143
-95.00 -90.00 0.00160134
-90.00 -90.00 0.00160128
-85.00 -90.00 0.00160122
-80.00 -90.00 0.00160122
-75.00 -90.00 0.00160122
-70.00 -90.00 0.00160122
-65.00 -90.00 0.00160128
-60.00 -90.00 0.00160137
-55.00 -90.00 0.00160146
-50.00 -90.00 0.00160155
-45.00 -90.00 0.00160167
-40.00 -90.00 0.00160179
-35.00 -90.00 0.00160194
-30.00 -90.00 0.00160209
-25.00 -90.00 0.00160221
-20.00 -90.00 0.00160236
-15.00 -90.00 0.00160245
-10.00 -90.00 0.00160257
-5.00 -90.00 0.00160266
0.00 -90.00 0.00160272
5.00 -90.00 0.00160278
10.00 -90.00 0.00160278
15.00 -90.00 0.00160278
20.00 -90.00 0.00160275
25.00 -90.00 0.00160272
30.00 -90.00 0.00160263
35.00 -90.00 0.00160254
40.00 -90.00 0.00160245
45.00 -90.00 0.00160233
50.00 -90.00 0.00160218
55.00 -90.00 0.00160206
60.00 -90.00 0.00160191
65.00 -90.00 0.00160179
70.00 -90.00 0.00160164
75.00 -90.00 0.00160152
80.00 -90.00 0.00160143
85.00 -90.00 0.00160134
90.00 -90.00 0.00160128
95.00 -90.00 0.00160122
100.00 -90.00 0.00160122
105.00 -90.00 0.00160122
110.00 -90.00 0.00160125
115.00 -90.00 0.00160128
120.00 -90.00 0.00160137
125.00 -90.00 0.00160146
130.00 -90.00 0.00160155
135.00 -90.00 0.00160167
140.00 -90.00 0.00160182
145.00 -90.00 0.00160194
150.00 -90.00 0.00160209
155.00 -90.00 0.00160221
160.00 -90.00 0.00160236
165.00 -90.00 0.00160248
170.00 -90.00 0.00160257
175.00 -90.00 0.00160266
180.00 -90.00 0.00160272
-180.00 -85.00 0.0029955
-175.00 -85.00 0.00293265
-170.00 -85.00 0.00285438
-165.00 -85.00 0.00276165
-160.00 -85.00 0.00265581
-155.00 -85.00 0.00253875
-150.00 -85.00 0.00241269
-145.00 -85.00 0.00228012
-140.00 -85.00 0.0021435
-135.00 -85.00 0.0020052
-130.00 -85.00 0.00186726
-125.00 -85.00 0.00173163
-120.00 -85.00 0.00160008
-115.00 -85.00 0.00147423
-110.00 -85.00 0.00135537
-105.00 -85.00 0.00124449
-100.00 -85.00 0.00114228
-95.00 -85.00 0.00104958
-90.00 -85.00 0.00096714
-85.00 -85.00 0.00089559
-80.00 -85.00 0.00083532
-75.00 -85.00 0.00078651
-70.00 -85.00 0.00074907
-65.00 -85.00 0.000723
-60.00 -85.00 0.00070815
-55.00 -85.00 0.00070413
-50.00 -85.00 0.00071019
-45.00 -85.00 0.00072537
-40.00 -85.00 0.00074859
-35.00 -85.00 0.00077877
-30.00 -85.00 0.00081483
-25.00 -85.00 0.0008556
-20.00 -85.00 0.00089985
-15.00 -85.00 0.00094644
-10.00 -85.00 0.00099447
-5.00 -85.00 0.00104322
0.00 -85.00 0.00109224
5.00 -85.00 0.00114123
10.00 -85.00 0.0011901
15.00 -85.00 0.00123894
20.00 -85.00 0.00128808
25.00 -85.00 0.00133797
30.00 -85.00 0.00138927
35.00 -85.00 0.00144261
40.00 -85.00 0.00149865
45.00 -85.00 0.00155799
50.00 -85.00 0.00162111
55.00 -85.00 0.00168828
60.00 -85.00 0.00175971
65.00 -85.00 0.00183537
70.00 -85.00 0.00191493
75.00 -85.00 0.00199782
80.00 -85.00 0.00208329
85.00 -85.00 0.00217047
90.00 -85.00 0.00225846
95.00 -85.00 0.00234633
100.00 -85.00 0.00243309
105.00 -85.00 0.00251769
110.00 -85.00 0.00259926
115.00 -85.00 0.00267705
120.00 -85.00 0.0027504
125.00 -85.00 0.00281877
130.00 -85.00 0.00288144
135.00 -85.00 0.00293775
140.00 -85.00 0.00298689
145.00 -85.00 0.00302802
150.00 -85.00 0.00306018
155.00 -85.00 0.00308217
160.00 -85.00 0.00309267
165.00 -85.00 0.00309033
170.00 -85.00 0.00307398
175.00 -85.00 0.00304254
180.00 -85.00 0.0029955
-180.00 -80.00 0.00390849
-175.00 -80.00 0.00375195
-170.00 -80.00 0.00354213
-165.00 -80.00 0.00328602
-160.00 -80.00 0.00299373
-155.00 -80.00 0.00267891
-150.00 -80.00 0.00235956
-145.00 -80.00 0.00205344
-140.00 -80.00 0.0017724
-135.00 -80.00 0.00152226
-130.00 -80.00 0.00130608
-125.00 -80.00 0.00112419
-120.00 -80.00 0.00097194
-115.00 -80.00 0.00084135
-110.00 -80.00 0.00072642
-105.00 -80.00 0.00062496
-100.00 -80.00 0.00053553
-95.00 -80.00 0.00045606
-90.00 -80.00 0.00038679
-85.00 -80.00 0.00033153
-80.00 -80.00 0.00029388
-75.00 -80.00 0.00027423
-70.00 -80.00 0.0002724
-65.00 -80.00 0.00029022
-60.00 -80.00 0.00032949
-55.00 -80.00 0.00038841
-50.00 -80.00 0.0004635
-45.00 -80.00 0.00055296
-40.00 -80.00 0.00065574
-35.00 -80.00 0.00076791
-30.00 -80.00 0.0008832
-25.00 -80.00 0.00099741
-20.00 -80.00 0.00110904
-15.00 -80.00 0.00121575
-10.00 -80.00 0.00131361
-5.00 -80.00 0.00140079
0.00 -80.00 0.00147888
5.00 -80.00 0.00154947
10.00 -80.00 0.00161139
15.00 -80.00 0.00166392
20.00 -80.00 0.00170955
25.00 -80.00 0.00175188
30.00 -80.00 0.00179235
35.00 -80.00 0.00183249
40.00 -80.00 0.00187725
45.00 -80.00 0.00193344
50.00 -80.00 0.00200493
55.00 -80.00 0.00209283
60.00 -80.00 0.00219873
65.00 -80.00 0.00232482
70.00 -80.00 0.00246987
75.00 -80.00 0.00262884
80.00 -80.00 0.00279699
85.00 -80.00 0.00297201
90.00 -80.00 0.00315036
95.00 -80.00 0.00332532
100.00 -80.00 0.00349002
105.00 -80.00 0.00364041
110.00 -80.00 0.00377289
115.00 -80.00 0.00388197
120.00 -80.00 0.00396333
125.00 -80.00 0.00401796
130.00 -80.00 0.00405108
135.00 -80.00 0.00406809
140.00 -80.00 0.00407409
145.00 -80.00 0.0040761
150.00 -80.00 0.00408099
155.00 -80.00 0.00408996
160.00 -80.00 0.0040971
165.00 -80.00 0.00409323
170.00 -80.00 0.00406857
175.00 -80.00 0.00401127
180.00 -80.00 0.00390849
-180.00 -75.00 0.00356679
-175.00 -75.00 0.00333423
-170.00 -75.00 0.00296445
-165.00 -75.00 0.00247935
-160.00 -75.00 0.00192579
-155.00 -75.00 0.00136563
-150.00 -75.00 0.00086226
-145.00 -75.00 0.00046659
-140.00 -75.00 0.00020745
-135.00 -75.00 8.778e-05
-130.00 -75.00 8.649e-05
-125.00 -75.00 0.00016542
-120.00 -75.00 0.00028074
-115.00 -75.00 0.00039375
-110.00 -75.00 0.00047841
-105.00 -75.00 0.00052443
-100.00 -75.00 0.00053622
-95.00 -75.00 0.00052743
-90.00 -75.00 0.00051378
-85.00 -75.00 0.00050796
-80.00 -75.00 0.00051708
-75.00 -75.00 0.00054216
-70.00 -75.00 0.00057996
-65.00 -75.00 0.00062664
-60.00 -75.00 0.0006804
-55.00 -75.00 0.00074184
-50.00 -75.00 0.00081351
-45.00 -75.00 0.00089862
-40.00 -75.00 0.00099843
-35.00 -75.00 0.00111009
-30.00 -75.00 0.00122691
-25.00 -75.00 0.00134016
-20.00 -75.00 0.00144111
-15.00 -75.00 0.00152352
-10.00 -75.00 0.00158652
-5.00 -75.00 0.00163455
0.00 -75.00 0.00167508
5.00 -75.00 0.00171591
10.00 -75.00 0.00176241
15.00 -75.00 0.001815
20.00 -75.00 0.00186873
25.00 -75.00 0.00191646
30.00 -75.00 0.00195267
35.00 -75.00 0.00197655
40.00 -75.00 0.00199404
45.00 -75.00 0.00201747
50.00 -75.00 0.00206175
55.00 -75.00 0.002139
60.00 -75.00 0.00225501
65.00 -75.00 0.00240855
70.00 -75.00 0.00259278
75.00 -75.00 0.00279942
80.00 -75.00 0.0030237
85.00 -75.00 0.00326652
90.00 -75.00 0.0035319
95.00 -75.00 0.00382221
100.00 -75.00 0.00413235
105.00 -75.00 0.00444471
110.00 -75.00 0.00472857
115.00 -75.00 0.00494592
120.00 -75.00 0.00506118
125.00 -75.00 0.00505161
130.00 -75.00 0.00491634
135.00 -75.00 0.00468006
140.00 -75.00 0.00438864
145.00 -75.00 0.00409797
150.00 -75.00 0.00385962
155.00 -75.00 0.00370734
160.00 -75.00 0.00364683
165.00 -75.00 0.00365397
170.00 -75.00 0.00368127
175.00 -75.00 0.00367038
180.00 -75.00 0.00356679
-180.00 -70.00 0.00266364
-175.00 -70.00 0.00242427
-170.00 -70.00 0.00195555
-165.00 -70.00 0.00131202
-160.00 -70.00 0.00059415
-155.00 -70.00 -7.686e-05
-150.00 -70.00 -0.00058695
-145.00 -70.00 -0.00085449
-140.00 -70.00 -0.00084783
-135.00 -70.00 -0.00059196
-130.00 -70.00 -0.00016173
-125.00 -70.00 0.00033774
-120.00 -70.00 0.00079944
-115.00 -70.00 0.00114276
-110.00 -70.00 0.00133227
-105.00 -70.00 0.00138054
-100.00 -70.00 0.00133503
-95.00 -70.00 0.00125571
-90.00 -70.00 0.00119334
-85.00 -70.00 0.00117567
-80.00 -70.00 0.00120495
-75.00 -70.00 0.00126384
-70.00 -70.00 0.00132576
-65.00 -70.00 0.00136569
-60.00 -70.00 0.00136851
-55.00 -70.00 0.0013341
-50.00 -70.00 0.00127716
-45.00 -70.00 0.00122235
-40.00 -70.00 0.00119514
-35.00 -70.00 0.00121164
-30.00 -70.00 0.00127158
-25.00 -70.00 0.00135726
-20.00 -70.00 0.00143952
-15.00 -70.00 0.00148887
-10.00 -70.00 0.00148746
-5.00 -70.00 0.00143721
0.00 -70.00 0.00136047
5.00 -70.00 0.00129237
10.00 -70.00 0.00126717
15.00 -70.00 0.00130407
20.00 -70.00 0.00139863
25.00 -70.00 0.0015243
30.00 -70.00 0.00164397
35.00 -70.00 0.00172698
40.00 -70.00 0.00176379
45.00 -70.00 0.00177039
50.00 -70.00 0.00177951
55.00 -70.00 0.00182283
60.00 -70.00 0.00191295
65.00 -70.00 0.00203619
70.00 -70.00 0.0021612
75.00 -70.00 0.00226047
80.00 -70.00 0.00233298
85.00 -70.00 0.00241506
90.00 -70.00 0.0025719
95.00 -70.00 0.00287076
100.00 -70.00 0.00334776
105.00 -70.00 0.00398166
110.00 -70.00 0.00468708
115.00 -70.00 0.00533103
120.00 -70.00 0.00576855
125.00 -70.00 0.00588696
130.00 -70.00 0.00564318
135.00 -70.00 0.0050817
140.00 -70.00 0.00432492
145.00 -70.00 0.00353841
150.00 -70.00 0.00288216
155.00 -70.00 0.00246465
160.00 -70.00 0.00231474
165.00 -70.00 0.0023796
170.00 -70.00 0.00254676
175.00 -70.00 0.00268092
180.00 -70.00 0.00266364
-180.00 -65.00 0.00203445
-175.00 -65.00 0.00170931
-170.00 -65.00 0.00121467
-165.00 -65.00 0.00064557
-160.00 -65.00 0.00010434
-155.00 -65.00 -0.00032241
-150.00 -65.00 -0.00057195
-145.00 -65.00 -0.00060408
-140.00 -65.00 -0.00040251
-135.00 -65.00 1.44e-05
-130.00 -65.00 0.00058107
-125.00 -65.00 0.0011871
-120.00 -65.00 0.00170538
-115.00 -65.00 0.00203721
-110.00 -65.00 0.00214977
-105.00 -65.00 0.00208233
-100.00 -65.00 0.00191796
-95.00 -65.00 0.0017409
-90.00 -65.00 0.00160578
-85.00 -65.00 0.00153228
-80.00 -65.00 0.00151767
-75.00 -65.00 0.00154968
-70.00 -65.00 0.00160866
-65.00 -65.00 0.00166359
-60.00 -65.00 0.0016743
-55.00 -65.00 0.00160596
-50.00 -65.00 0.0014496
-45.00 -65.00 0.00123489
-40.00 -65.00 0.0010245
-35.00 -65.00 0.00089073
-30.00 -65.00 0.00088476
-25.00 -65.00 0.00101202
-20.00 -65.00 0.00122418
-15.00 -65.00 0.00143277
-10.00 -65.00 0.00154167
-5.00 -65.00 0.00148704
0.00 -65.00 0.0012684
5.00 -65.00 0.00095451
10.00 -65.00 0.00065856
15.00 -65.00 0.00049116
20.00 -65.00 0.00051303
25.00 -65.00 0.00070932
30.00 -65.00 0.00099852
35.00 -65.00 0.00127242
40.00 -65.00 0.00144795
45.00 -65.00 0.00150453
50.00 -65.00 0.00148641
55.00 -65.00 0.00146643
60.00 -65.00 0.0014922
65.00 -65.00 0.00154851
70.00 -65.00 0.00156408
75.00 -65.00 0.00146286
80.00 -65.00 0.00122931
85.00 -65.00 0.00094491
90.00 -65.00 0.00077016
95.00 -65.00 0.00087906
100.00 -65.00 0.00138021
105.00 -65.00 0.00226173
110.00 -65.00 0.00338169
115.00 -65.00 0.00450345
120.00 -65.00 0.00536241
125.00 -65.00 0.00574572
130.00 -65.00 0.00556212
135.00 -65.00 0.00487758
140.00 -65.00 0.00389754
145.00 -65.00 0.00289632
150.00 -65.00 0.00211992
155.00 -65.00 0.00170403
160.00 -65.00 0.00164181
165.00 -65.00 0.00180906
170.00 -65.00 0.00202773
175.00 -65.00 0.0021354
180.00 -65.00 0.00203445
-180.00 -60.00 0.00170901
-175.00 -60.00 0.00113211
-170.00 -60.00 0.0006711
-165.00 -60.00 0.00043191
-160.00 -60.00 0.00041361
-155.00 -60.00 0.00051228
-150.00 -60.00 0.00058398
-145.00 -60.00 0.00053925
-140.00 -60.00 0.00040638
-135.00 -60.00 0.00031008
-130.00 -60.00 0.00037608
-125.00 -60.00 0.00063528
-120.00 -60.00 0.00100434
-115.00 -60.00 0.00135474
-110.00 -60.00 0.00160647
-105.00 -60.00 0.00176439
-100.00 -60.00 0.00187392
-95.00 -60.00 0.00194934
-90.00 -60.00 0.00195078
-85.00 -60.00 0.00183405
-80.00 -60.00 0.00162084
-75.00 -60.00 0.00141414
-70.00 -60.00 0.0013356
-65.00 -60.00 0.00143445
-60.00 -60.00 0.00164418
-55.00 -60.00 0.0018201
-50.00 -60.00 0.00182688
-45.00 -60.00 0.00161586
-40.00 -60.00 0.0012504
-35.00 -60.00 0.00087642
-30.00 -60.00 0.00065895
-25.00 -60.00 0.00070914
-20.00 -60.00 0.00102624
-15.00 -60.00 0.00147981
-10.00 -60.00 0.00185217
-5.00 -60.00 0.00193356
0.00 -60.00 0.00162777
5.00 -60.00 0.00100914
10.00 -60.00 0.00029592
15.00 -60.00 -0.00024714
20.00 -60.00 -0.00042579
25.00 -60.00 -0.0001974
30.00 -60.00 0.00031542
35.00 -60.00 0.00088146
40.00 -60.00 0.00126537
45.00 -60.00 0.00133677
50.00 -60.00 0.00112872
55.00 -60.00 0.00080469
60.00 -60.00 0.00054579
65.00 -60.00 0.00042906
70.00 -60.00 0.00038604
75.00 -60.00 0.00027486
80.00 -60.00 1.119e-05
85.00 -60.00 -0.00034506
90.00 -60.00 -0.00061251
95.00 -60.00 -0.00059589
100.00 -60.00 -0.00019323
105.00 -60.00 0.00056421
110.00 -60.00 0.00153828
115.00 -60.00 0.00253224
120.00 -60.00 0.00333201
125.00 -60.00 0.00375183
130.00 -60.00 0.00370056
135.00 -60.00 0.00324444
140.00 -60.00 0.00260811
145.00 -60.00 0.00208131
150.00 -60.00 0.00187242
155.00 -60.00 0.00200187
160.00 -60.00 0.002307
165.00 -60.00 0.0025482
170.00 -60.00 0.00254049
175.00 -60.00 0.0022329
180.00 -60.00 0.00170901
-180.00 -55.00 0.00151092
-175.00 -55.00 0.00085437
-170.00 -55.00 0.0005394
-165.00 -55.00 0.0006228
-160.00 -55.00 0.00100497
-155.00 -55.00 0.00141903
-150.00 -55.00 0.00152586
-145.00 -55.00 0.00111579
-140.00 -55.00 0.00027867
-135.00 -55.00 -0.00061935
-130.00 -55.00 -0.00116559
-125.00 -55.00 -0.0011634
-120.00 -55.00 -0.00071847
-115.00 -55.00 -9.327e-05
-110.00 -55.00 0.00052224
-105.00 -55.00 0.00111204
-100.00 -55.00 0.00173181
-95.00 -55.00 0.00233274
-90.00 -55.00 0.00271632
-85.00 -55.00 0.00268734
-80.00 -55.00 0.00225885
-75.00 -55.00 0.00169821
-70.00 -55.00 0.00135678
-65.00 -55.00 0.00143148
-60.00 -55.00 0.0018555
-55.00 -55.00 0.00237753
-50.00 -55.00 0.00273021
-45.00 -55.00 0.00275676
-40.00 -55.00 0.00244896
-35.00 -55.00 0.00192921
-30.00 -55.00 0.00140796
-25.00 -55.00 0.00110964
-20.00 -55.00 0.00116166
-15.00 -55.00 0.00149664
-10.00 -55.00 0.00185463
-5.00 -55.00 0.00192162
0.00 -55.00 0.00152697
5.00 -55.00 0.00075789
10.00 -55.00 -9.141e-05
15.00 -55.00 -0.00068718
20.00 -55.00 -0.0008163
25.00 -55.00 -0.00045759
30.00 -55.00 0.00022755
35.00 -55.00 0.00094551
40.00 -55.00 0.00135864
45.00 -55.00 0.00122343
50.00 -55.00 0.00053313
55.00 -55.00 -0.00044508
60.00 -55.00 -0.00130998
65.00 -55.00 -0.00176967
70.00 -55.00 -0.00180297
75.00 -55.00 -0.00160731
80.00 -55.00 -0.00139209
85.00 -55.00 -0.0012147
90.00 -55.00 -0.00099855
95.00 -55.00 -0.0006786
100.00 -55.00 -0.00029709
105.00 -55.00 4.95e-05
110.00 -55.00 0.00032988
115.00 -55.00 0.00060582
120.00 -55.00 0.00092808
125.00 -55.00 0.00123153
130.00 -55.00 0.00137694
135.00 -55.00 0.00131889
140.00 -55.00 0.00121665
145.00 -55.00 0.00134124
150.00 -55.00 0.00184029
155.00 -55.00 0.00257835
160.00 -55.00 0.00320589
165.00 -55.00 0.00339732
170.00 -55.00 0.0030549
175.00 -55.00 0.00233271
180.00 -55.00 0.00151092
-180.00 -50.00 0.0013218
-175.00 -50.00 0.00097209
-170.00 -50.00 0.00082848
-165.00 -50.00 0.00085869
-160.00 -50.00 0.00103179
-155.00 -50.00 0.00119277
-150.00 -50.00 0.00104436
-145.00 -50.00 0.00036546
-140.00 -50.00 -0.00072099
-135.00 -50.00 -0.00173943
-130.00 -50.00 -0.00217773
-125.00 -50.00 -0.00186432
-120.00 -50.00 -0.00107403
-115.00 -50.00 -0.00027144
-110.00 -50.00 0.00028284
-105.00 -50.00 0.00071049
-100.00 -50.00 0.00131028
-95.00 -50.00 0.00216831
-90.00 -50.00 0.0029904
-85.00 -50.00 0.00334935
-80.00 -50.00 0.00309465
-75.00 -50.00 0.0024954
-70.00 -50.00 0.00199305
-65.00 -50.00 0.00185625
-60.00 -50.00 0.00207153
-55.00 -50.00 0.00248289
-50.00 -50.00 0.00294441
-45.00 -50.00 0.00333309
-40.00 -50.00 0.00350217
-35.00 -50.00 0.00332211
-30.00 -50.00 0.00280434
-25.00 -50.00 0.00215418
-20.00 -50.00 0.0016404
-15.00 -50.00 0.00136758
-10.00 -50.00 0.00117576
-5.00 -50.00 0.00079716
0.00 -50.00 0.00013944
5.00 -50.00 -0.00058794
10.00 -50.00 -0.00104046
15.00 -50.00 -0.00102792
20.00 -50.00 -0.00063501
25.00 -50.00 -8.907e-05
30.00 -50.00 0.0004296
35.00 -50.00 0.00081432
40.00 -50.00 0.00092121
45.00 -50.00 0.00053982
50.00 -50.00 -0.0004386
55.00 -50.00 -0.00181416
60.00 -50.00 -0.00309729
65.00 -50.00 -0.00380448
70.00 -50.00 -0.00377391
75.00 -50.00 -0.00320535
80.00 -50.00 -0.0024147
85.00 -50.00 -0.00158598
90.00 -50.00 -0.00076683
95.00 -50.00 -4.08e-05
100.00 -50.00 0.00040221
105.00 -50.00 0.00043221
110.00 -50.00 0.00019149
115.00 -50.00 5.376e-05
120.00 -50.00 0.00029973
125.00 -50.00 0.00083316
130.00 -50.00 0.00126888
135.00 -50.00 0.00133527
140.00 -50.00 0.0011727
145.00 -50.00 0.00120189
150.00 -50.00 0.00169182
155.00 -50.00 0.00247029
160.00 -50.00 0.00306219
165.00 -50.00 0.00310062
170.00 -50.00 0.00260709
175.00 -50.00 0.00190668
180.00 -50.00 0.0013218
-180.00 -45.00 0.00059922
-175.00 -45.00 0.00043311
-170.00 -45.00 0.00029103
-165.00 -45.00 2.787e-05
-160.00 -45.00 -0.00027555
-155.00 -45.00 -0.0005199
-150.00 -45.00 -0.0007812
-145.00 -45.00 -0.0011934
-140.00 -45.00 -0.0016917
-135.00 -45.00 -0.00198036
-130.00 -45.00 -0.00177954
-125.00 -45.00 -0.00108738
-120.00 -45.00 -0.00023148
-115.00 -45.00 0.00033075
-110.00 -45.00 0.00036765
-105.00 -45.00 0.00012921
-100.00 -45.00 0.00018813
-95.00 -45.00 0.00089766
-90.00 -45.00 0.00200742
-85.00 -45.00 0.00290148
-80.00 -45.00 0.00319248
-75.00 -45.00 0.00297843
-70.00 -45.00 0.00255606
-65.00 -45.00 0.00208341
-60.00 -45.00 0.00162141
-55.00 -45.00 0.00135435
-50.00 -45.00 0.00155007
-45.00 -45.00 0.00224901
-40.00 -45.00 0.00309
-35.00 -45.00 0.00353286
-30.00 -45.00 0.00327801
-25.00 -45.00 0.00247482
-20.00 -45.00 0.00153054
-15.00 -45.00 0.00071544
-10.00 -45.00 -4.203e-05
-5.00 -45.00 -0.0009543
0.00 -45.00 -0.0019809
5.00 -45.00 -0.00270801
10.00 -45.00 -0.00270078
15.00 -45.00 -0.00197709
20.00 -45.00 -0.00106449
25.00 -45.00 -0.00054864
30.00 -45.00 -0.00058743
35.00 -45.00 -0.00088863
40.00 -45.00 -0.00112599
45.00 -45.00 -0.00130875
50.00 -45.00 -0.00171252
55.00 -45.00 -0.00248187
60.00 -45.00 -0.0033711
65.00 -45.00 -0.00391524
70.00 -45.00 -0.00382896
75.00 -45.00 -0.00319788
80.00 -45.00 -0.00230805
85.00 -45.00 -0.0013806
90.00 -45.00 -0.00051777
95.00 -45.00 0.00016839
100.00 -45.00 0.00051807
105.00 -45.00 0.00050121
110.00 -45.00 0.00039465
115.00 -45.00 0.00064896
120.00 -45.00 0.00145965
125.00 -45.00 0.00247059
130.00 -45.00 0.00300906
135.00 -45.00 0.00270366
140.00 -45.00 0.00186801
145.00 -45.00 0.00123234
150.00 -45.00 0.00128397
155.00 -45.00 0.00186342
160.00 -45.00 0.00236754
165.00 -45.00 0.00231384
170.00 -45.00 0.00172803
175.00 -45.00 0.00103269
180.00 -45.00 0.00059922
-180.00 -40.00 -0.00113913
-175.00 -40.00 -0.00162681
-170.00 -40.00 -0.00174837
-165.00 -40.00 -0.00186417
-160.00 -40.00 -0.00206781
-155.00 -40.00 -0.00222876
-150.00 -40.00 -0.00224673
-145.00 -40.00 -0.00210324
-140.00 -40.00 -0.00180042
-135.00 -40.00 -0.00141591
-130.00 -40.00 -0.00110541
-125.00 -40.00 -0.00090639
-120.00 -40.00 -0.0006831
-115.00 -40.00 -0.00041961
-110.00 -40.00 -0.00035817
-105.00 -40.00 -0.00058995
-100.00 -40.00 -0.00069693
-95.00 -40.00 -0.00015813
-90.00 -40.00 0.0009588
-85.00 -40.00 0.00204642
-80.00 -40.00 0.0026598
-75.00 -40.00 0.00282237
-70.00 -40.00 0.00263001
-65.00 -40.00 0.00198495
-60.00 -40.00 0.00095007
-55.00 -40.00 7.53e-05
-50.00 -40.00 1.725e-05
-45.00 -40.00 0.00084315
-40.00 -40.00 0.00189606
-35.00 -40.00 0.00237777
-30.00 -40.00 0.00199062
-25.00 -40.00 0.00104895
-20.00 -40.00 8.331e-05
-15.00 -40.00 -0.00064413
-10.00 -40.00 -0.00130806
-5.00 -40.00 -0.00222999
0.00 -40.00 -0.00339444
5.00 -40.00 -0.00430449
10.00 -40.00 -0.00441915
15.00 -40.00 -0.00373872
20.00 -40.00 -0.0028722
25.00 -40.00 -0.00249264
30.00 -40.00 -0.00275751
35.00 -40.00 -0.00324951
40.00 -40.00 -0.00342369
45.00 -40.00 -0.00310065
50.00 -40.00 -0.00256695
55.00 -40.00 -0.00223224
60.00 -40.00 -0.00222054
65.00 -40.00 -0.00231252
70.00 -40.00 -0.00222903
75.00 -40.00 -0.00187848
80.00 -40.00 -0.00134883
85.00 -40.00 -0.00078804
90.00 -40.00 -0.00034299
95.00 -40.00 -0.00011772
100.00 -40.00 -9.036e-05
105.00 -40.00 -6.03e-05
110.00 -40.00 0.00027678
115.00 -40.00 0.0011178
120.00 -40.00 0.00230817
125.00 -40.00 0.00329637
130.00 -40.00 0.00347562
135.00 -40.00 0.00271482
140.00 -40.00 0.00154914
145.00 -40.00 0.00077844
150.00 -40.00 0.00084519
155.00 -40.00 0.00154068
160.00 -40.00 0.0021966
165.00 -40.00 0.00215967
170.00 -40.00 0.00125646
175.00 -40.00 -7.005e-05
180.00 -40.00 -0.00113913
-180.00 -35.00 -0.00316416
-175.00 -35.00 -0.00380727
-170.00 -35.00 -0.00349041
-165.00 -35.00 -0.00295167
-160.00 -35.00 -0.00265596
-155.00 -35.00 -0.00255054
-150.00 -35.00 -0.00238737
-145.00 -35.00 -0.00196113
-140.00 -35.00 -0.00128193
-135.00 -35.00 -0.00080505
-130.00 -35.00 -0.00114117
-125.00 -35.00 -0.00216669
-120.00 -35.00 -0.00283503
-115.00 -35.00 -0.00238158
-110.00 -35.00 -0.00132546
-105.00 -35.00 -0.00067308
-100.00 -35.00 -0.00050532
-95.00 -35.00 -0.00010335
-90.00 -35.00 0.00079125
-85.00 -35.00 0.00169002
-80.00 -35.00 0.00224919
-75.00 -35.00 0.00260946
-70.00 -35.00 0.00274311
-65.00 -35.00 0.00224331
-60.00 -35.00 0.00109674
-55.00 -35.00 9.924e-05
-50.00 -35.00 4.464e-05
-45.00 -35.00 0.00076059
-40.00 -35.00 0.0013104
-35.00 -35.00 0.00102321
-30.00 -35.00 5.433e-05
-25.00 -35.00 -0.00097782
-20.00 -35.00 -0.00162669
-15.00 -35.00 -0.00189378
-10.00 -35.00 -0.00211884
-5.00 -35.00 -0.00267666
0.00 -35.00 -0.00363804
5.00 -35.00 -0.00465999
10.00 -35.00 -0.00527715
15.00 -35.00 -0.00529716
20.00 -35.00 -0.00486267
25.00 -35.00 -0.00423666
30.00 -35.00 -0.00365658
35.00 -35.00 -0.00328206
40.00 -35.00 -0.00309279
45.00 -35.00 -0.00287868
50.00 -35.00 -0.00245943
55.00 -35.00 -0.0018726
60.00 -35.00 -0.00129123
65.00 -35.00 -0.00085809
70.00 -35.00 -0.00062784
75.00 -35.00 -0.00053139
80.00 -35.00 -0.00038676
85.00 -35.00 -0.00010851
90.00 -35.00 0.00011505
95.00 -35.00 5.436e-05
100.00 -35.00 -0.00016947
105.00 -35.00 -0.00014019
110.00 -35.00 0.00039348
115.00 -35.00 0.00126135
120.00 -35.00 0.0020352
125.00 -35.00 0.00232077
130.00 -35.00 0.00198651
135.00 -35.00 0.00127899
140.00 -35.00 0.00067356
145.00 -35.00 0.00051261
150.00 -35.00 0.00082212
155.00 -35.00 0.00141651
160.00 -35.00 0.00193836
165.00 -35.00 0.00181215
170.00 -35.00 0.00058917
175.00 -35.00 -0.00141996
180.00 -35.00 -0.00316416
-180.00 -30.00 -0.00408678
-175.00 -30.00 -0.00406338
-170.00 -30.00 -0.00316368
-165.00 -30.00 -0.00249105
-160.00 -30.00 -0.00248448
-155.00 -30.00 -0.00274716
-150.00 -30.00 -0.00279372
-145.00 -30.00 -0.00238974
-140.00 -30.00 -0.00160575
-135.00 -30.00 -0.00112641
-130.00 -30.00 -0.00188349
-125.00 -30.00 -0.00362109
-120.00 -30.00 -0.00455271
-115.00 -30.00 -0.0034506
-110.00 -30.00 -0.00139866
-105.00 -30.00 -0.00032139
-100.00 -30.00 -0.0004197
-95.00 -30.00 -0.00037983
-90.00 -30.00 0.0004182
-85.00 -30.00 0.00138096
-80.00 -30.00 0.00210147
-75.00 -30.00 0.00279435
-70.00 -30.00 0.00329823
-65.00 -30.00 0.00295317
-60.00 -30.00 0.00178854
-55.00 -30.00 0.0008505
-50.00 -30.00 0.00089919
-45.00 -30.00 0.00141549
-40.00 -30.00 0.00133788
-35.00 -30.00 0.00037875
-30.00 -30.00 -0.00082221
-25.00 -30.00 -0.00162228
-20.00 -30.00 -0.00199845
-15.00 -30.00 -0.00228342
-10.00 -30.00 -0.0026907
-5.00 -30.00 -0.00323379
0.00 -30.00 -0.00385455
5.00 -30.00 -0.00448266
10.00 -30.00 -0.00505614
15.00 -30.00 -0.00544296
20.00 -30.00 -0.0052722
25.00 -30.00 -0.00414087
30.00 -30.00 -0.00228759
35.00 -30.00 -0.00075891
40.00 -30.00 -0.00047052
45.00 -30.00 -0.00125484
50.00 -30.00 -0.00212475
55.00 -30.00 -0.00225936
60.00 -30.00 -0.00153744
65.00 -30.00 -0.00044646
70.00 -30.00 0.00031062
75.00 -30.00 0.00042243
80.00 -30.00 0.00029379
85.00 -30.00 0.00047634
90.00 -30.00 0.00088533
95.00 -30.00 0.00103998
100.00 -30.00 0.00092004
105.00 -30.00 0.00098256
110.00 -30.00 0.0013899
115.00 -30.00 0.00177876
120.00 -30.00 0.00179274
125.00 -30.00 0.00143613
130.00 -30.00 0.00095793
135.00 -30.00 0.0006768
140.00 -30.00 0.00077367
145.00 -30.00 0.00104517
150.00 -30.00 0.00108756
155.00 -30.00 0.00083769
160.00 -30.00 0.00054093
165.00 -30.00 7.737e-05
170.00 -30.00 -0.00106314
175.00 -30.00 -0.00280086
180.00 -30.00 -0.00408678
-180.00 -25.00 -0.003846
-175.00 -25.00 -0.00302709
-170.00 -25.00 -0.00212634
-165.00 -25.00 -0.00228576
-160.00 -25.00 -0.00336342
-155.00 -25.00 -0.00430566
-150.00 -25.00 -0.00453438
-145.00 -25.00 -0.00413106
-140.00 -25.00 -0.00329247
-135.00 -25.00 -0.00260169
-130.00 -25.00 -0.00302409
-125.00 -25.00 -0.00439842
-120.00 -25.00 -0.00486576
-115.00 -25.00 -0.00328482
-110.00 -25.00 -0.00122418
-105.00 -25.00 -0.00083955
-100.00 -25.00 -0.001749
-95.00 -25.00 -0.0019062
-90.00 -25.00 -0.00069096
-85.00 -25.00 0.00084552
-80.00 -25.00 0.00207846
-75.00 -25.00 0.00315801
-70.00 -25.00 0.00371679
-65.00 -25.00 0.00308022
-60.00 -25.00 0.00169041
-55.00 -25.00 0.00089754
-50.00 -25.00 0.00121866
-45.00 -25.00 0.00177255
-40.00 -25.00 0.00157998
-35.00 -25.00 0.00071337
-30.00 -25.00 -0.00011544
-25.00 -25.00 -0.00065463
-20.00 -25.00 -0.00133383
-15.00 -25.00 -0.0024777
-10.00 -25.00 -0.00376857
-5.00 -25.00 -0.00463896
0.00 -25.00 -0.00485697
5.00 -25.00 -0.00461052
10.00 -25.00 -0.00430761
15.00 -25.00 -0.00422703
20.00 -25.00 -0.00402063
25.00 -25.00 -0.00288561
30.00 -25.00 -0.00078591
35.00 -25.00 0.00094044
40.00 -25.00 0.0009324
45.00 -25.00 -0.00059682
50.00 -25.00 -0.00221037
55.00 -25.00 -0.00272133
60.00 -25.00 -0.00187521
65.00 -25.00 -0.00025608
70.00 -25.00 0.00103422
75.00 -25.00 0.00126867
80.00 -25.00 0.00092817
85.00 -25.00 0.0010068
90.00 -25.00 0.00159666
95.00 -25.00 0.0020211
100.00 -25.00 0.00210015
105.00 -25.00 0.00222843
110.00 -25.00 0.00242595
115.00 -25.00 0.00233751
120.00 -25.00 0.00198219
125.00 -25.00 0.00166383
130.00 -25.00 0.00140757
135.00 -25.00 0.00114432
140.00 -25.00 0.00104481
145.00 -25.00 0.00109437
150.00 -25.00 0.00082716
155.00 -25.00 -1.8e-06
160.00 -25.00 -0.00100611
165.00 -25.00 -0.00186066
170.00 -25.00 -0.0027534
175.00 -25.00 -0.00364836
180.00 -25.00 -0.003846
-180.00 -20.00 -0.00386964
-175.00 -20.00 -0.00316206
-170.00 -20.00 -0.00276192
-165.00 -20.00 -0.00344001
-160.00 -20.00 -0.00470028
-155.00 -20.00 -0.00546402
-150.00 -20.00 -0.00549327
-145.00 -20.00 -0.0051996
-140.00 -20.00 -0.00463698
-135.00 -20.00 -0.00391101
-130.00 -20.00 -0.00381402
-125.00 -20.00 -0.00454302
-120.00 -20.00 -0.00473895
-115.00 -20.00 -0.00353661
-110.00 -20.00 -0.0023805
-105.00 -20.00 -0.00280152
-100.00 -20.00 -0.00371448
-95.00 -20.00 -0.0031083
-90.00 -20.00 -0.0010971
-85.00 -20.00 0.00083619
-80.00 -20.00 0.0022338
-75.00 -20.00 0.00325458
-70.00 -20.00 0.00328488
-65.00 -20.00 0.00196596
-60.00 -20.00 0.00052077
-55.00 -20.00 0.00040374
-50.00 -20.00 0.00140586
-45.00 -20.00 0.00221901
-40.00 -20.00 0.00220167
-35.00 -20.00 0.00174474
-30.00 -20.00 0.00128007
-25.00 -20.00 0.00055488
-20.00 -20.00 -0.00096942
-15.00 -20.00 -0.00315045
-10.00 -20.00 -0.00501717
-5.00 -20.00 -0.00578829
0.00 -20.00 -0.00555315
5.00 -20.00 -0.00477219
10.00 -20.00 -0.00381513
15.00 -20.00 -0.00308901
20.00 -20.00 -0.00271581
25.00 -20.00 -0.00211611
30.00 -20.00 -0.00090327
35.00 -20.00 0.00011796
40.00 -20.00 -4.02e-05
45.00 -20.00 -0.00103329
50.00 -20.00 -0.00173982
55.00 -20.00 -0.00165366
60.00 -20.00 -0.00086412
65.00 -20.00 0.00040437
70.00 -20.00 0.00153672
75.00 -20.00 0.00187872
80.00 -20.00 0.00174036
85.00 -20.00 0.00193335
90.00 -20.00 0.00236901
95.00 -20.00 0.00240717
100.00 -20.00 0.00220374
105.00 -20.00 0.00229116
110.00 -20.00 0.00240783
115.00 -20.00 0.00213342
120.00 -20.00 0.00191085
125.00 -20.00 0.0021198
130.00 -20.00 0.00204936
135.00 -20.00 0.00106263
140.00 -20.00 -0.00012204
145.00 -20.00 -0.00048627
150.00 -20.00 -0.00025989
155.00 -20.00 -0.00041028
160.00 -20.00 -0.00124215
165.00 -20.00 -0.00233976
170.00 -20.00 -0.0033321
175.00 -20.00 -0.00395865
180.00 -20.00 -0.00386964
-180.00 -15.00 -0.00473505
-175.00 -15.00 -0.00477144
-170.00 -15.00 -0.00461433
-165.00 -15.00 -0.00448371
-160.00 -15.00 -0.00439491
-155.00 -15.00 -0.00425205
-150.00 -15.00 -0.0042447
-145.00 -15.00 -0.00449079
-140.00 -15.00 -0.00447096
-135.00 -15.00 -0.00384072
-130.00 -15.00 -0.00338208
-125.00 -15.00 -0.00381804
-120.00 -15.00 -0.00443652
-115.00 -15.00 -0.0044586
-110.00 -15.00 -0.00454752
-105.00 -15.00 -0.00512652
-100.00 -15.00 -0.0048438
-95.00 -15.00 -0.00276135
-90.00 -15.00 -0.00022953
-85.00 -15.00 0.00131145
-80.00 -15.00 0.00224763
-75.00 -15.00 0.0029034
-70.00 -15.00 0.00232149
-65.00 -15.00 0.00054237
-60.00 -15.00 -0.00043599
-55.00 -15.00 0.00054822
-50.00 -15.00 0.0021945
-45.00 -15.00 0.00288156
-40.00 -15.00 0.0026163
-35.00 -15.00 0.0022128
-30.00 -15.00 0.00186336
-25.00 -15.00 0.0009819
-20.00 -15.00 -0.0009645
-15.00 -15.00 -0.00345168
-10.00 -15.00 -0.00506436
-5.00 -15.00 -0.00518922
0.00 -15.00 -0.00474609
5.00 -15.00 -0.00455547
10.00 -15.00 -0.00424569
15.00 -15.00 -0.00350496
20.00 -15.00 -0.00283785
25.00 -15.00 -0.00243003
30.00 -15.00 -0.00187284
35.00 -15.00 -0.00127602
40.00 -15.00 -0.00104712
45.00 -15.00 -0.00079089
50.00 -15.00 1.134e-05
55.00 -15.00 0.00086199
60.00 -15.00 0.00114405
65.00 -15.00 0.00119439
70.00 -15.00 0.00149925
75.00 -15.00 0.00201351
80.00 -15.00 0.00272634
85.00 -15.00 0.00351453
90.00 -15.00 0.00358287
95.00 -15.00 0.00259704
100.00 -15.00 0.00168957
105.00 -15.00 0.00177705
110.00 -15.00 0.00208128
115.00 -15.00 0.00184461
120.00 -15.00 0.00181023
125.00 -15.00 0.0023748
130.00 -15.00 0.00217215
135.00 -15.00 0.00026247
140.00 -15.00 -0.00191115
145.00 -15.00 -0.00239868
150.00 -15.00 -0.00136857
155.00 -15.00 -0.00057015
160.00 -15.00 -0.00103389
165.00 -15.00 -0.0023208
170.00 -15.00 -0.00355788
175.00 -15.00 -0.00435603
180.00 -15.00 -0.00473505
-180.00 -10.00 -0.00512613
-175.00 -10.00 -0.00549885
-170.00 -10.00 -0.00530265
-165.00 -10.00 -0.00426171
-160.00 -10.00 -0.00313896
-155.00 -10.00 -0.00280605
-150.00 -10.00 -0.0033402
-145.00 -10.00 -0.0040596
-140.00 -10.00 -0.00404304
-135.00 -10.00 -0.00306057
-130.00 -10.00 -0.00210591
-125.00 -10.00 -0.00221196
-120.00 -10.00 -0.00311709
-115.00 -10.00 -0.00414141
-110.00 -10.00 -0.00524754
-105.00 -10.00 -0.00587271
-100.00 -10.00 -0.00458517
-95.00 -10.00 -0.00157506
-90.00 -10.00 0.00080334
-85.00 -10.00 0.00147138
-80.00 -10.00 0.00181665
-75.00 -10.00 0.00236766
-70.00 -10.00 0.00178644
-65.00 -10.00 0.00021159
-60.00 -10.00 -0.00010611
-55.00 -10.00 0.00149019
-50.00 -10.00 0.00298905
-45.00 -10.00 0.00290925
-40.00 -10.00 0.00190803
-35.00 -10.00 0.00112848
-30.00 -10.00 0.00086127
-25.00 -10.00 0.00055404
-20.00 -10.00 -0.0006678
-15.00 -10.00 -0.00269328
-10.00 -10.00 -0.003963
-5.00 -10.00 -0.00370182
0.00 -10.00 -0.00342042
5.00 -10.00 -0.00439932
10.00 -10.00 -0.00546603
15.00 -10.00 -0.00518181
20.00 -10.00 -0.00412932
25.00 -10.00 -0.00333108
30.00 -10.00 -0.00260013
35.00 -10.00 -0.00166098
40.00 -10.00 -0.0007785
45.00 -10.00 0.00023556
50.00 -10.00 0.00167841
55.00 -10.00 0.00280911
60.00 -10.00 0.00276627
65.00 -10.00 0.00199419
70.00 -10.00 0.00157305
75.00 -10.00 0.00207219
80.00 -10.00 0.00343446
85.00 -10.00 0.00473913
90.00 -10.00 0.00453459
95.00 -10.00 0.00286065
100.00 -10.00 0.00173352
105.00 -10.00 0.00218436
110.00 -10.00 0.00278082
115.00 -10.00 0.00246744
120.00 -10.00 0.00224202
125.00 -10.00 0.00253428
130.00 -10.00 0.00180621
135.00 -10.00 -0.00060999
140.00 -10.00 -0.00281646
145.00 -10.00 -0.00297558
150.00 -10.00 -0.00176169
155.00 -10.00 -0.00114576
160.00 -10.00 -0.00198408
165.00 -10.00 -0.00349323
170.00 -10.00 -0.00451671
175.00 -10.00 -0.0048516
180.00 -10.00 -0.00512613
-180.00 -5.00 -0.0041421
-175.00 -5.00 -0.00416115
-170.00 -5.00 -0.00428061
-165.00 -5.00 -0.00385596
-160.00 -5.00 -0.00352206
-155.00 -5.00 -0.00399564
-150.00 -5.00 -0.0048222
-145.00 -5.00 -0.00503496
-140.00 -5.00 -0.00419148
-135.00 -5.00 -0.00262917
-130.00 -5.00 -0.00125382
-125.00 -5.00 -0.00075195
-120.00 -5.00 -0.00098202
-115.00 -5.00 -0.00171228
-110.00 -5.00 -0.00301929
-105.00 -5.00 -0.00397665
-100.00 -5.00 -0.00284475
-95.00 -5.00 2.565e-05
-90.00 -5.00 0.00195072
-85.00 -5.00 0.00190026
-80.00 -5.00 0.00167124
-75.00 -5.00 0.00211713
-70.00 -5.00 0.00193014
-65.00 -5.00 0.00098682
-60.00 -5.00 0.00100854
-55.00 -5.00 0.00227412
-50.00 -5.00 0.00307782
-45.00 -5.00 0.00250668
-40.00 -5.00 0.00115704
-35.00 -5.00 -0.00014973
-30.00 -5.00 -0.0006609
-25.00 -5.00 -0.00023217
-20.00 -5.00 -0.000243
-15.00 -5.00 -0.00178797
-10.00 -5.00 -0.0034116
-5.00 -5.00 -0.00344133
0.00 -5.00 -0.00316071
5.00 -5.00 -0.00441372
10.00 -5.00 -0.00605268
15.00 -5.00 -0.0060561
20.00 -5.00 -0.00489516
25.00 -5.00 -0.00394614
30.00 -5.00 -0.00300336
35.00 -5.00 -0.00155784
40.00 -5.00 -0.00015885
45.00 -5.00 0.00087411
50.00 -5.00 0.00197466
55.00 -5.00 0.00306264
60.00 -5.00 0.00350298
65.00 -5.00 0.00320355
70.00 -5.00 0.00267201
75.00 -5.00 0.00255528
80.00 -5.00 0.00328176
85.00 -5.00 0.00422619
90.00 -5.00 0.00402228
95.00 -5.00 0.00280824
100.00 -5.00 0.00243525
105.00 -5.00 0.00334209
110.00 -5.00 0.00376053
115.00 -5.00 0.00299922
120.00 -5.00 0.00237261
125.00 -5.00 0.00208503
130.00 -5.00 0.00067548
135.00 -5.00 -0.00176292
140.00 -5.00 -0.00313497
145.00 -5.00 -0.00263007
150.00 -5.00 -0.00179397
155.00 -5.00 -0.00216744
160.00 -5.00 -0.00369576
165.00 -5.00 -0.00523755
170.00 -5.00 -0.00565251
175.00 -5.00 -0.00489495
180.00 -5.00 -0.0041421
-180.00 0.00 -0.00309291
-175.00 0.00 -0.00261864
-170.00 0.00 -0.00332448
-165.00 0.00 -0.00438372
-160.00 0.00 -0.00545898
-155.00 0.00 -0.0063342
-150.00 0.00 -0.00638001
-145.00 0.00 -0.00535503
-140.00 0.00 -0.00378945
-135.00 0.00 -0.00227715
-130.00 0.00 -0.00109503
-125.00 0.00 -0.00022956
-120.00 0.00 0.00052305
-115.00 0.00 0.00090291
-110.00 0.00 0.000243
-105.00 0.00 -0.00081948
-100.00 0.00 -0.00027837
-95.00 0.00 0.00211149
-90.00 0.00 0.00386079
-85.00 0.00 0.00347304
-80.00 0.00 0.00244014
-75.00 0.00 0.00218628
-70.00 0.00 0.00211176
-65.00 0.00 0.00171999
-60.00 0.00 0.00166815
-55.00 0.00 0.00214614
-50.00 0.00 0.00261324
-45.00 0.00 0.00276135
-40.00 0.00 0.00214842
-35.00 0.00 0.00047664
-30.00 0.00 -0.00092379
-25.00 0.00 -0.00059133
-20.00 0.00 2.154e-05
-15.00 0.00 -0.00142131
-10.00 0.00 -0.00376605
-5.00 0.00 -0.00423369
0.00 0.00 -0.00335268
5.00 0.00 -0.0035886
10.00 0.00 -0.00475539
15.00 0.00 -0.00499563
20.00 0.00 -0.00435948
25.00 0.00 -0.00383481
30.00 0.00 -0.00296427
35.00 0.00 -0.001191
40.00 0.00 0.0005316
45.00 0.00 0.00131274
50.00 0.00 0.00166149
55.00 0.00 0.00235602
60.00 0.00 0.00338694
65.00 0.00 0.00417072
70.00 0.00 0.00408315
75.00 0.00 0.00321951
80.00 0.00 0.00254838
85.00 0.00 0.00252981
90.00 0.00 0.00252495
95.00 0.00 0.0024114
100.00 0.00 0.00292296
105.00 0.00 0.00363594
110.00 0.00 0.00319407
115.00 0.00 0.00197118
120.00 0.00 0.0014601
125.00 0.00 0.00115815
130.00 0.00 -0.00047703
135.00 0.00 -0.0025971
140.00 0.00 -0.00309123
145.00 0.00 -0.0022599
150.00 0.00 -0.00215715
155.00 0.00 -0.00338925
160.00 0.00 -0.00499887
165.00 0.00 -0.00610437
170.00 0.00 -0.00607326
175.00 0.00 -0.00471324
180.00 0.00 -0.00309291
-180.00 5.00 -0.00335139
-175.00 5.00 -0.00282693
-170.00 5.00 -0.00370449
-165.00 5.00 -0.00525819
-160.00 5.00 -0.00647343
-155.00 5.00 -0.00664197
-150.00 5.00 -0.00559371
-145.00 5.00 -0.00398037
-140.00 5.00 -0.00263331
-135.00 5.00 -0.00166347
-130.00 5.00 -0.00080976
-125.00 5.00 -2.16e-06
-120.00 5.00 0.00084783
-115.00 5.00 0.00159306
-110.00 5.00 0.00157398
-105.00 5.00 0.00095742
-100.00 5.00 0.00137436
-95.00 5.00 0.00344271
-90.00 5.00 0.00516411
-85.00 5.00 0.00472509
-80.00 5.00 0.00309642
-75.00 5.00 0.00212637
-70.00 5.00 0.00199743
-65.00 5.00 0.00191136
-60.00 5.00 0.0015801
-55.00 5.00 0.00136098
-50.00 5.00 0.00194415
-45.00 5.00 0.0033636
-40.00 5.00 0.00394617
-35.00 5.00 0.00223761
-30.00 5.00 -8.511e-05
-25.00 5.00 -0.00041061
-20.00 5.00 0.00021969
-15.00 5.00 -0.00110421
-10.00 5.00 -0.00364497
-5.00 5.00 -0.004125
0.00 5.00 -0.00245496
5.00 5.00 -0.00155157
10.00 5.00 -0.00238473
15.00 5.00 -0.00340722
20.00 5.00 -0.00373224
25.00 5.00 -0.00346623
30.00 5.00 -0.00226665
35.00 5.00 -0.00013899
40.00 5.00 0.00166092
45.00 5.00 0.0021018
50.00 5.00 0.00163293
55.00 5.00 0.00140469
60.00 5.00 0.00210711
65.00 5.00 0.00340263
70.00 5.00 0.00408213
75.00 5.00 0.00343977
80.00 5.00 0.0022995
85.00 5.00 0.00177375
90.00 5.00 0.00187137
95.00 5.00 0.00222336
100.00 5.00 0.00267444
105.00 5.00 0.00254802
110.00 5.00 0.00136089
115.00 5.00 0.00030321
120.00 5.00 0.00055104
125.00 5.00 0.00085893
130.00 5.00 -0.00031401
135.00 5.00 -0.00177375
140.00 5.00 -0.0018204
145.00 5.00 -0.00152346
150.00 5.00 -0.00265296
155.00 5.00 -0.00452229
160.00 5.00 -0.00556842
165.00 5.00 -0.00578625
170.00 5.00 -0.00560313
175.00 5.00 -0.00470067
180.00 5.00 -0.00335139
-180.00 10.00 -0.00390828
-175.00 10.00 -0.00395943
-170.00 10.00 -0.00454389
-165.00 10.00 -0.00531048
-160.00 10.00 -0.00553626
-155.00 10.00 -0.00485397
-150.00 10.00 -0.00361419
-145.00 10.00 -0.00259731
-140.00 10.00 -0.0019818
-135.00 10.00 -0.00112425
-130.00 10.00 0.00012435
-125.00 10.00 0.00097077
-120.00 10.00 0.00107367
-115.00 10.00 0.00098961
-110.00 10.00 0.00098736
-105.00 10.00 0.00102522
-100.00 10.00 0.00167064
-95.00 10.00 0.00319971
-90.00 10.00 0.00436812
-85.00 10.00 0.00393591
-80.00 10.00 0.00261753
-75.00 10.00 0.00192828
-70.00 10.00 0.00204435
-65.00 10.00 0.00203685
-60.00 10.00 0.00143208
-55.00 10.00 0.00088011
-50.00 10.00 0.00153354
-45.00 10.00 0.00335319
-40.00 10.00 0.00423819
-35.00 10.00 0.00251898
-30.00 10.00 -0.00010845
-25.00 10.00 -0.00083775
-20.00 10.00 -0.00027345
-15.00 10.00 -0.0011079
-10.00 10.00 -0.00301806
-5.00 10.00 -0.00311598
0.00 10.00 -0.00108948
5.00 10.00 0.00021327
10.00 10.00 -0.00079113
15.00 10.00 -0.00271974
20.00 10.00 -0.00368793
25.00 10.00 -0.00304542
30.00 10.00 -0.00112986
35.00 10.00 0.00105909
40.00 10.00 0.00236643
45.00 10.00 0.00237741
50.00 10.00 0.00150393
55.00 10.00 0.00049524
60.00 10.00 0.0002499
65.00 10.00 0.0011982
70.00 10.00 0.002529
75.00 10.00 0.00308037
80.00 10.00 0.00288009
85.00 10.00 0.00267606
90.00 10.00 0.00259185
95.00 10.00 0.00237519
100.00 10.00 0.00201024
105.00 10.00 0.00135285
110.00 10.00 0.00041574
115.00 10.00 3.264e-05
120.00 10.00 0.00060576
125.00 10.00 0.00093195
130.00 10.00 0.00019785
135.00 10.00 -0.00037092
140.00 10.00 4.74e-06
145.00 10.00 -0.00028644
150.00 10.00 -0.00234969
155.00 10.00 -0.00441447
160.00 10.00 -0.00465471
165.00 10.00 -0.00391743
170.00 10.00 -0.00372609
175.00 10.00 -0.00393732
180.00 10.00 -0.00390828
-180.00 15.00 -0.00316881
-175.00 15.00 -0.00390015
-170.00 15.00 -0.00411654
-165.00 15.00 -0.00398787
-160.00 15.00 -0.0035169
-155.00 15.00 -0.00273342
-150.00 15.00 -0.0019839
-145.00 15.00 -0.00167304
-140.00 15.00 -0.00142305
-135.00 15.00 -0.00030306
-130.00 15.00 0.00153021
-125.00 15.00 0.00257367
-120.00 15.00 0.00207702
-115.00 15.00 0.00111273
-110.00 15.00 0.0009267
-105.00 15.00 0.00155193
-100.00 15.00 0.00243063
-95.00 15.00 0.00309105
-90.00 15.00 0.00309786
-85.00 15.00 0.00248493
-80.00 15.00 0.0020358
-75.00 15.00 0.00224469
-70.00 15.00 0.00252927
-65.00 15.00 0.00216597
-60.00 15.00 0.00138921
-55.00 15.00 0.00111432
-50.00 15.00 0.0019179
-45.00 15.00 0.0031782
-40.00 15.00 0.00320682
-35.00 15.00 0.00113193
-30.00 15.00 -0.00148857
-25.00 15.00 -0.00247791
-20.00 15.00 -0.00214287
-15.00 15.00 -0.00242277
-10.00 15.00 -0.00334365
-5.00 15.00 -0.00301761
0.00 15.00 -0.0011337
5.00 15.00 0.0002079
10.00 15.00 -0.00047673
15.00 15.00 -0.00215604
20.00 15.00 -0.00280482
25.00 15.00 -0.00165393
30.00 15.00 0.00031293
35.00 15.00 0.00161901
40.00 15.00 0.00183972
45.00 15.00 0.00160401
50.00 15.00 0.00122856
55.00 15.00 0.00045042
60.00 15.00 -0.00036303
65.00 15.00 -0.00020832
70.00 15.00 0.00103782
75.00 15.00 0.00244056
80.00 15.00 0.00336594
85.00 15.00 0.00376299
90.00 15.00 0.00347949
95.00 15.00 0.00254847
100.00 15.00 0.00162942
105.00 15.00 0.00124722
110.00 15.00 0.00123915
115.00 15.00 0.00127743
120.00 15.00 0.00106506
125.00 15.00 0.00028416
130.00 15.00 -0.00062013
135.00 15.00 -0.0005025
140.00 15.00 0.00050706
145.00 15.00 0.00059799
150.00 15.00 -0.00087657
155.00 15.00 -0.0020577
160.00 15.00 -0.00148317
165.00 15.00 -0.0003465
170.00 15.00 -0.00047187
175.00 15.00 -0.0018165
180.00 15.00 -0.00316881
-180.00 20.00 -0.00168204
-175.00 20.00 -0.00223659
-170.00 20.00 -0.00197361
-165.00 20.00 -0.00158214
-160.00 20.00 -0.0013812
-155.00 20.00 -0.00110913
-150.00 20.00 -0.00058659
-145.00 20.00 -9.75e-05
-140.00 20.00 0.00032742
-135.00 20.00 0.00125034
-130.00 20.00 0.00270033
-125.00 20.00 0.00356292
-120.00 20.00 0.0030444
-115.00 20.00 0.00199713
-110.00 20.00 0.00187491
-105.00 20.00 0.00292344
-100.00 20.00 0.00406197
-95.00 20.00 0.00418428
-90.00 20.00 0.00327345
-85.00 20.00 0.00241065
-80.00 20.00 0.00254007
-75.00 20.00 0.00318999
-70.00 20.00 0.00304401
-65.00 20.00 0.00185919
-60.00 20.00 0.00090468
-55.00 20.00 0.00127041
-50.00 20.00 0.0025506
-45.00 20.00 0.00335892
-40.00 20.00 0.00258207
-35.00 20.00 0.00026547
-30.00 20.00 -0.00231075
-25.00 20.00 -0.00377799
-20.00 20.00 -0.00409131
-15.00 20.00 -0.0041967
-10.00 20.00 -0.00435393
-5.00 20.00 -0.00383622
0.00 20.00 -0.00242571
5.00 20.00 -0.00109356
10.00 20.00 -0.00074076
15.00 20.00 -0.0009657
20.00 20.00 -0.00061584
25.00 20.00 0.00063123
30.00 20.00 0.00173472
35.00 20.00 0.00167628
40.00 20.00 0.00096759
45.00 20.00 0.0008931
50.00 20.00 0.00147882
55.00 20.00 0.00152442
60.00 20.00 0.00068523
65.00 20.00 5.679e-05
70.00 20.00 0.00049011
75.00 20.00 0.00166236
80.00 20.00 0.00290124
85.00 20.00 0.00371907
90.00 20.00 0.00366408
95.00 20.00 0.00277992
100.00 20.00 0.00197892
105.00 20.00 0.00204708
110.00 20.00 0.00260232
115.00 20.00 0.00263064
120.00 20.00 0.00164808
125.00 20.00 9.579e-05
130.00 20.00 -0.0009774
135.00 20.00 -0.00077229
140.00 20.00 0.00028494
145.00 20.00 0.00094533
150.00 20.00 0.00088467
155.00 20.00 0.00109023
160.00 20.00 0.00203103
165.00 20.00 0.00263778
170.00 20.00 0.00180405
175.00 20.00 -7.428e-05
180.00 20.00 -0.00168204
-180.00 25.00 -0.00068739
-175.00 25.00 -0.00017172
-170.00 25.00 0.00063003
-165.00 25.00 0.00071043
-160.00 25.00 -1.647e-05
-155.00 25.00 -0.00053154
-150.00 25.00 -5.94e-06
-145.00 25.00 0.00111672
-140.00 25.00 0.00190293
-135.00 25.00 0.00227367
-130.00 25.00 0.00271065
-125.00 25.00 0.00306837
-120.00 25.00 0.00275442
-115.00 25.00 0.00198036
-110.00 25.00 0.00184101
-105.00 25.00 0.00288879
-100.00 25.00 0.00422922
-95.00 25.00 0.00448719
-90.00 25.00 0.00353433
-85.00 25.00 0.00272811
-80.00 25.00 0.00309882
-75.00 25.00 0.00381303
-70.00 25.00 0.00327939
-65.00 25.00 0.00151572
-60.00 25.00 0.00028107
-55.00 25.00 0.00075384
-50.00 25.00 0.00214923
-45.00 25.00 0.00290478
-40.00 25.00 0.00231435
-35.00 25.00 0.00068322
-30.00 25.00 -0.0013272
-25.00 25.00 -0.00307206
-20.00 25.00 -0.00411438
-15.00 25.00 -0.00441807
-10.00 25.00 -0.00423069
-5.00 25.00 -0.00373164
0.00 25.00 -0.00295392
5.00 25.00 -0.00201159
10.00 25.00 -0.00112671
15.00 25.00 -0.00032406
20.00 25.00 0.00061023
25.00 25.00 0.0015861
30.00 25.00 0.00196179
35.00 25.00 0.0014097
40.00 25.00 0.00074877
45.00 25.00 0.00105033
50.00 25.00 0.00203907
55.00 25.00 0.0023943
60.00 25.00 0.00163824
65.00 25.00 0.00067647
70.00 25.00 0.00042654
75.00 25.00 0.00093705
80.00 25.00 0.00187251
85.00 25.00 0.00286863
90.00 25.00 0.00340944
95.00 25.00 0.0032367
100.00 25.00 0.0028464
105.00 25.00 0.00289113
110.00 25.00 0.00325779
115.00 25.00 0.00330873
120.00 25.00 0.00280212
125.00 25.00 0.0020904
130.00 25.00 0.00159213
135.00 25.00 0.00140781
140.00 25.00 0.00138906
145.00 25.00 0.00145818
150.00 25.00 0.00178365
155.00 25.00 0.00244305
160.00 25.00 0.00296004
165.00 25.00 0.00260541
170.00 25.00 0.00129585
175.00 25.00 -0.00013119
180.00 25.00 -0.00068739
-180.00 30.00 0.00031191
-175.00 30.00 0.00144441
-170.00 30.00 0.0022113
-165.00 30.00 0.00169965
-160.00 30.00 0.00012327
-155.00 30.00 -0.00111675
-150.00 30.00 -0.00088071
-145.00 30.00 0.00040809
-140.00 30.00 0.00143937
-135.00 30.00 0.00170586
-130.00 30.00 0.00175437
-125.00 30.00 0.00190746
-120.00 30.00 0.00172182
-115.00 30.00 0.00100863
-110.00 30.00 0.00056595
-105.00 30.00 0.00121587
-100.00 30.00 0.00248439
-95.00 30.00 0.00302388
-90.00 30.00 0.002418
-85.00 30.00 0.00182016
-80.00 30.00 0.00232686
-75.00 30.00 0.00332391
-70.00 30.00 0.00329022
-65.00 30.00 0.00194724
-60.00 30.00 0.00060555
-55.00 30.00 0.00035304
-50.00 30.00 0.00087969
-45.00 30.00 0.00133401
-40.00 30.00 0.00141036
-35.00 30.00 0.00112323
-30.00 30.00 0.00027693
-25.00 30.00 -0.00116235
-20.00 30.00 -0.00257649
-15.00 30.00 -0.00319518
-10.00 30.00 -0.00294357
-5.00 30.00 -0.00238197
0.00 30.00 -0.00193929
5.00 30.00 -0.00159381
10.00 30.00 -0.00120987
15.00 30.00 -0.00076335
20.00 30.00 -0.00023619
25.00 30.00 0.00033897
30.00 30.00 0.00074379
35.00 30.00 0.00086091
40.00 30.00 0.00101697
45.00 30.00 0.00156366
50.00 30.00 0.00219693
55.00 30.00 0.00226056
60.00 30.00 0.00168963
65.00 30.00 0.00107274
70.00 30.00 0.00083106
75.00 30.00 0.00094134
80.00 30.00 0.00139068
85.00 30.00 0.00222708
90.00 30.00 0.00314781
95.00 30.00 0.00363789
100.00 30.00 0.00357972
105.00 30.00 0.00331395
110.00 30.00 0.00316485
115.00 30.00 0.00326931
120.00 30.00 0.00370269
125.00 30.00 0.00433341
130.00 30.00 0.00465036
135.00 30.00 0.00416925
140.00 30.00 0.00306648
145.00 30.00 0.0021183
150.00 30.00 0.00188493
155.00 30.00 0.00210399
160.00 30.00 0.00202605
165.00 30.00 0.00128187
170.00 30.00 0.00028503
175.00 30.00 -0.00018438
180.00 30.00 0.00031191
-180.00 35.00 0.00181617
-175.00 35.00 0.00225468
-170.00 35.00 0.00230448
-165.00 35.00 0.00151734
-160.00 35.00 6.654e-05
-155.00 35.00 -0.00111276
-150.00 35.00 -0.00117798
-145.00 35.00 -0.0003048
-140.00 35.00 0.00062025
-135.00 35.00 0.00112101
-130.00 35.00 0.00143043
-125.00 35.00 0.00168786
-120.00 35.00 0.00152646
-115.00 35.00 0.00081303
-110.00 35.00 0.00026322
-105.00 35.00 0.00068049
-100.00 35.00 0.0017478
-95.00 35.00 0.0022458
-90.00 35.00 0.00163086
-85.00 35.00 0.00081948
-80.00 35.00 0.00099624
-75.00 35.00 0.00205776
-70.00 35.00 0.00281826
-65.00 35.00 0.00254139
-60.00 35.00 0.00161118
-55.00 35.00 0.00073083
-50.00 35.00 0.0001728
-45.00 35.00 -3.72e-06
-40.00 35.00 0.00031125
-35.00 35.00 0.00088572
-30.00 35.00 0.0009684
-25.00 35.00 5.595e-05
-20.00 35.00 -0.00135408
-15.00 35.00 -0.00221526
-10.00 35.00 -0.00205164
-5.00 35.00 -0.00129777
0.00 35.00 -0.00063372
5.00 35.00 -0.00036561
10.00 35.00 -0.00044313
15.00 35.00 -0.00068034
20.00 35.00 -0.0008106
25.00 35.00 -0.00058692
30.00 35.00 4.44e-06
35.00 35.00 0.00074238
40.00 35.00 0.00140481
45.00 35.00 0.00186816
50.00 35.00 0.00204708
55.00 35.00 0.00196989
60.00 35.00 0.00186213
65.00 35.00 0.00190326
70.00 35.00 0.00196671
75.00 35.00 0.00187854
80.00 35.00 0.00183939
85.00 35.00 0.00223269
90.00 35.00 0.00302694
95.00 35.00 0.00369798
100.00 35.00 0.00379239
105.00 35.00 0.00335148
110.00 35.00 0.00280068
115.00 35.00 0.0026211
120.00 35.00 0.00305007
125.00 35.00 0.00384144
130.00 35.00 0.00434211
135.00 35.00 0.00405954
140.00 35.00 0.00319503
145.00 35.00 0.00243432
150.00 35.00 0.00218799
155.00 35.00 0.00222744
160.00 35.00 0.00211386
165.00 35.00 0.00176508
170.00 35.00 0.00146265
175.00 35.00 0.00147201
180.00 35.00 0.00181617
-180.00 40.00 0.00223881
-175.00 40.00 0.00165372
-170.00 40.00 0.00124776
-165.00 40.00 0.00104166
-160.00 40.00 0.00088821
-155.00 40.00 0.00079512
-150.00 40.00 0.00091629
-145.00 40.00 0.00125763
-140.00 40.00 0.00164184
-135.00 40.00 0.00197538
-130.00 40.00 0.00229008
-125.00 40.00 0.00246825
-120.00 40.00 0.00224721
-115.00 40.00 0.00170226
-110.00 40.00 0.00145299
-105.00 40.00 0.00201081
-100.00 40.00 0.00298356
-95.00 40.00 0.00332583
-90.00 40.00 0.00252291
-85.00 40.00 0.00124281
-80.00 40.00 0.00059322
-75.00 40.00 0.00092949
-70.00 40.00 0.00165351
-65.00 40.00 0.00202068
-60.00 40.00 0.00178647
-55.00 40.00 0.00111999
-50.00 40.00 0.00032439
-45.00 40.00 -0.00021105
-40.00 40.00 -0.00015558
-35.00 40.00 0.00036114
-30.00 40.00 0.00067584
-25.00 40.00 0.00022206
-20.00 40.00 -0.00080865
-15.00 40.00 -0.0016365
-10.00 40.00 -0.00168726
-5.00 40.00 -0.00105252
0.00 40.00 -0.00022728
5.00 40.00 0.00037227
10.00 40.00 0.00060741
15.00 40.00 0.00057216
20.00 40.00 0.00049866
25.00 40.00 0.00060957
30.00 40.00 0.00094101
35.00 40.00 0.00131958
40.00 40.00 0.00154515
45.00 40.00 0.00157572
50.00 40.00 0.00154797
55.00 40.00 0.00166068
60.00 40.00 0.00199827
65.00 40.00 0.00240228
70.00 40.00 0.00257913
75.00 40.00 0.00244203
80.00 40.00 0.00228918
85.00 40.00 0.00249867
90.00 40.00 0.00306462
95.00 40.00 0.00356742
100.00 40.00 0.00360447
105.00 40.00 0.0031473
110.00 40.00 0.00249561
115.00 40.00 0.00200715
120.00 40.00 0.00187638
125.00 40.00 0.00205215
130.00 40.00 0.0023178
135.00 40.00 0.0025017
140.00 40.00 0.00261453
145.00 40.00 0.00274278
150.00 40.00 0.00286632
155.00 40.00 0.00289548
160.00 40.00 0.00285516
165.00 40.00 0.00286416
170.00 40.00 0.00289359
175.00 40.00 0.00272172
180.00 40.00 0.00223881
-180.00 45.00 0.00058773
-175.00 45.00 -0.00010806
-170.00 45.00 -0.00017595
-165.00 45.00 0.00057852
-160.00 45.00 0.00175443
-155.00 45.00 0.00273855
-150.00 45.00 0.00318036
-145.00 45.00 0.0031389
-140.00 45.00 0.00291636
-135.00 45.00 0.00279729
-130.00 45.00 0.00284157
-125.00 45.00 0.00285507
-120.00 45.00 0.00263046
-115.00 45.00 0.00227913
-110.00 45.00 0.00222903
-105.00 45.00 0.00275595
-100.00 45.00 0.00354411
-95.00 45.00 0.00387408
-90.00 45.00 0.00331917
-85.00 45.00 0.00217329
-80.00 45.00 0.00113706
-75.00 45.00 0.00067218
-70.00 45.00 0.0007317
-65.00 45.00 0.00099039
-60.00 45.00 0.00114447
-55.00 45.00 0.0010113
-50.00 45.00 0.00056583
-45.00 45.00 5.52e-06
-40.00 45.00 -0.00033789
-35.00 45.00 -0.0002982
-30.00 45.00 -6.594e-05
-25.00 45.00 6.33e-06
-20.00 45.00 -0.00022722
-15.00 45.00 -0.00059493
-10.00 45.00 -0.00082569
-5.00 45.00 -0.00077796
0.00 45.00 -0.00045678
5.00 45.00 7.827e-05
10.00 45.00 0.00074628
15.00 45.00 0.00142335
20.00 45.00 0.00194988
25.00 45.00 0.00217686
30.00 45.00 0.00202179
35.00 45.00 0.00152556
40.00 45.00 0.00087927
45.00 45.00 0.00036117
50.00 45.00 0.00018726
55.00 45.00 0.00038058
60.00 45.00 0.00076548
65.00 45.00 0.0011049
70.00 45.00 0.00129651
75.00 45.00 0.00146934
80.00 45.00 0.00185307
85.00 45.00 0.00250188
90.00 45.00 0.00316425
95.00 45.00 0.00347961
100.00 45.00 0.00330873
105.00 45.00 0.00284049
110.00 45.00 0.00239169
115.00 45.00 0.00215727
120.00 45.00 0.00215424
125.00 45.00 0.00232821
130.00 45.00 0.00263856
135.00 45.00 0.00302742
140.00 45.00 0.00334368
145.00 45.00 0.00336402
150.00 45.00 0.0029682
155.00 45.00 0.00231939
160.00 45.00 0.00179298
165.00 45.00 0.00161835
170.00 45.00 0.00159753
175.00 45.00 0.00129819
180.00 45.00 0.00058773
-180.00 50.00 -0.00100149
-175.00 50.00 -0.00115998
-170.00 50.00 -0.00077676
-165.00 50.00 0.00028413
-160.00 50.00 0.00164037
-155.00 50.00 0.00267768
-150.00 50.00 0.00302424
-145.00 50.00 0.00278766
-140.00 50.00 0.00239994
-135.00 50.00 0.00224961
-130.00 50.00 0.00240606
-125.00 50.00 0.00263184
-120.00 50.00 0.00265134
-115.00 50.00 0.00243168
-110.00 50.00 0.00221157
-105.00 50.00 0.00224688
-100.00 50.00 0.00253719
-95.00 50.00 0.00281913
-90.00 50.00 0.00281808
-85.00 50.00 0.00247965
-80.00 50.00 0.00197052
-75.00 50.00 0.00151611
-70.00 50.00 0.0012645
-65.00 50.00 0.00123873
-60.00 50.00 0.00132174
-55.00 50.00 0.00128022
-50.00 50.00 0.00089799
-45.00 50.00 0.00017415
-40.00 50.00 -0.00060894
-35.00 50.00 -0.00106458
-30.00 50.00 -0.00098847
-25.00 50.00 -0.00050046
-20.00 50.00 5.754e-05
-15.00 50.00 0.00035202
-10.00 50.00 0.00025011
-5.00 50.00 -0.00011352
0.00 50.00 -0.00041061
5.00 50.00 -0.00030798
10.00 50.00 0.00031542
15.00 50.00 0.0012594
20.00 50.00 0.00208893
25.00 50.00 0.00237519
30.00 50.00 0.00194451
35.00 50.00 0.00098067
40.00 50.00 -8.646e-05
45.00 50.00 -0.00084087
50.00 50.00 -0.00111651
55.00 50.00 -0.0010419
60.00 50.00 -0.0008637
65.00 50.00 -0.00069624
70.00 50.00 -0.00041079
75.00 50.00 0.00022872
80.00 50.00 0.00128802
85.00 50.00 0.0024954
90.00 50.00 0.00337179
95.00 50.00 0.00358194
100.00 50.00 0.00320286
105.00 50.00 0.00266361
110.00 50.00 0.00241839
115.00 50.00 0.00265161
120.00 50.00 0.00324045
125.00 50.00 0.00392433
130.00 50.00 0.00446526
135.00 50.00 0.0046743
140.00 50.00 0.00438072
145.00 50.00 0.00348846
150.00 50.00 0.00212325
155.00 50.00 0.00068892
160.00 50.00 -0.00033069
165.00 50.00 -0.00072507
170.00 50.00 -0.00072513
175.00 50.00 -0.00076032
180.00 50.00 -0.00100149
-180.00 55.00 -0.00049755
-175.00 55.00 -0.00037602
-170.00 55.00 -2.046e-05
-165.00 55.00 0.00062268
-160.00 55.00 0.00134151
-155.00 55.00 0.00181347
-150.00 55.00 0.00187686
-145.00 55.00 0.00167271
-140.00 55.00 0.00153726
-135.00 55.00 0.00174111
-130.00 55.00 0.00228561
-125.00 55.00 0.00290853
-120.00 55.00 0.00328245
-115.00 55.00 0.00324678
-110.00 55.00 0.00290103
-105.00 55.00 0.00250734
-100.00 55.00 0.00229986
-95.00 55.00 0.00235032
-90.00 55.00 0.00256554
-85.00 55.00 0.00278208
-80.00 55.00 0.00287625
-75.00 55.00 0.00282813
-70.00 55.00 0.00271062
-65.00 55.00 0.00260514
-60.00 55.00 0.00249285
-55.00 55.00 0.00221949
-50.00 55.00 0.00159969
-45.00 55.00 0.00060426
-40.00 55.00 -0.00053088
-35.00 55.00 -0.00139701
-30.00 55.00 -0.00166032
-25.00 55.00 -0.0012828
-20.00 55.00 -0.00055131
-15.00 55.00 0.00010437
-10.00 55.00 0.00037854
-5.00 55.00 0.00026694
0.00 55.00 4.404e-05
5.00 55.00 5.844e-05
10.00 55.00 0.00048084
15.00 55.00 0.00117348
20.00 55.00 0.00177039
25.00 55.00 0.00191499
30.00 55.00 0.00149331
35.00 55.00 0.00070368
40.00 55.00 -8.19e-05
45.00 55.00 -0.00056289
50.00 55.00 -0.00068151
55.00 55.00 -0.00059592
60.00 55.00 -0.00048468
65.00 55.00 -0.00035157
70.00 55.00 -5.49e-06
75.00 55.00 0.0007539
80.00 55.00 0.00189633
85.00 55.00 0.00308463
90.00 55.00 0.00385551
95.00 55.00 0.00393318
100.00 55.00 0.00342795
105.00 55.00 0.00276201
110.00 55.00 0.002388
115.00 55.00 0.00252228
120.00 55.00 0.00306771
125.00 55.00 0.00372603
130.00 55.00 0.00416859
135.00 55.00 0.00415278
140.00 55.00 0.00357411
145.00 55.00 0.00249918
150.00 55.00 0.00118038
155.00 55.00 -8.22e-06
160.00 55.00 -0.00074325
165.00 55.00 -0.00094017
170.00 55.00 -0.00079326
175.00 55.00 -0.00059865
180.00 55.00 -0.00049755
-180.00 60.00 0.000747
-175.00 60.00 0.00082959
-170.00 60.00 0.00103098
-165.00 60.00 0.00135948
-160.00 60.00 0.00171087
-155.00 60.00 0.00194508
-150.00 60.00 0.00200625
-145.00 60.00 0.00198357
-140.00 60.00 0.00205797
-135.00 60.00 0.00237174
-130.00 60.00 0.00291882
-125.00 60.00 0.00353547
-120.00 60.00 0.00399723
-115.00 60.00 0.00415251
-110.00 60.00 0.00400515
-105.00 60.00 0.00369771
-100.00 60.00 0.0034164
-95.00 60.00 0.00328458
-90.00 60.00 0.00330912
-85.00 60.00 0.00340392
-80.00 60.00 0.00346491
-75.00 60.00 0.00344022
-70.00 60.00 0.00334575
-65.00 60.00 0.00321549
-60.00 60.00 0.00302949
-55.00 60.00 0.00268848
-50.00 60.00 0.0020736
-45.00 60.00 0.00115755
-40.00 60.00 7.911e-05
-35.00 60.00 -0.00089091
-30.00 60.00 -0.00148449
-25.00 60.00 -0.0015834
-20.00 60.00 -0.00127773
-15.00 60.00 -0.00079653
-10.00 60.00 -0.00036135
-5.00 60.00 -6.408e-05
0.00 60.00 0.00015201
5.00 60.00 0.00040449
10.00 60.00 0.00074904
15.00 60.00 0.0011154
20.00 60.00 0.00134985
25.00 60.00 0.00133176
30.00 60.00 0.00107592
35.00 60.00 0.00074034
40.00 60.00 0.00052962
45.00 60.00 0.00056331
50.00 60.00 0.00080739
55.00 60.00 0.00112245
60.00 60.00 0.00139041
65.00 60.00 0.0016176
70.00 60.00 0.00192627
75.00 60.00 0.00243555
80.00 60.00 0.00312558
85.00 60.00 0.00379932
90.00 60.00 0.00418365
95.00 60.00 0.00410079
100.00 60.00 0.00358542
105.00 60.00 0.00286425
110.00 60.00 0.00222015
115.00 60.00 0.00184044
120.00 60.00 0.00174444
125.00 60.00 0.00181374
130.00 60.00 0.00188055
135.00 60.00 0.00181281
140.00 60.00 0.00156276
145.00 60.00 0.00117654
150.00 60.00 0.00077064
155.00 60.00 0.00047766
160.00 60.00 0.00037647
165.00 60.00 0.00044607
170.00 60.00 0.00058464
175.00 60.00 0.00069084
180.00 60.00 0.000747
-180.00 65.00 0.00087669
-175.00 65.00 0.00102885
-170.00 65.00 0.00134127
-165.00 65.00 0.00178074
-160.00 65.00 0.00225207
-155.00 65.00 0.00264375
-150.00 65.00 0.00288654
-145.00 65.00 0.00298761
-140.00 65.00 0.00301926
-135.00 65.00 0.00307113
-130.00 65.00 0.0031974
-125.00 65.00 0.00339177
-120.00 65.00 0.00360114
-115.00 65.00 0.00376428
-110.00 65.00 0.00384714
-105.00 65.00 0.00385353
-100.00 65.00 0.00380883
-95.00 65.00 0.00373347
-90.00 65.00 0.00362796
-85.00 65.00 0.00347961
-80.00 65.00 0.00328428
-75.00 65.00 0.00306234
-70.00 65.00 0.00285225
-65.00 65.00 0.00268131
-60.00 65.00 0.00253449
-55.00 65.00 0.00234732
-50.00 65.00 0.0020361
-45.00 65.00 0.00155082
-40.00 65.00 0.00091704
-35.00 65.00 0.00023694
-30.00 65.00 -0.00035382
-25.00 65.00 -0.0007476
-20.00 65.00 -0.00090723
-15.00 65.00 -0.00086697
-10.00 65.00 -0.00069867
-5.00 65.00 -0.00047067
0.00 65.00 -0.00022734
5.00 65.00 4.71e-06
10.00 65.00 0.00019863
15.00 65.00 0.00032196
20.00 65.00 0.00035337
25.00 65.00 0.00031014
30.00 65.00 0.00025971
35.00 65.00 0.00029808
40.00 65.00 0.00050133
45.00 65.00 0.00087993
50.00 65.00 0.00136836
55.00 65.00 0.00186123
60.00 65.00 0.00227337
65.00 65.00 0.00258426
70.00 65.00 0.00283524
75.00 65.00 0.00308232
80.00 65.00 0.00333885
85.00 65.00 0.00355056
90.00 65.00 0.00362097
95.00 65.00 0.00346959
100.00 65.00 0.00308238
105.00 65.00 0.00252318
110.00 65.00 0.00190293
115.00 65.00 0.00133131
120.00 65.00 0.0008805
125.00 65.00 0.00057567
130.00 65.00 0.00040761
135.00 65.00 0.00035166
140.00 65.00 0.00038085
145.00 65.00 0.00047007
150.00 65.00 0.00059394
155.00 65.00 0.00072318
160.00 65.00 0.00082572
165.00 65.00 0.000876
170.00 65.00 0.00087198
175.00 65.00 0.00084912
180.00 65.00 0.00087669
-180.00 70.00 0.00079989
-175.00 70.00 0.00114825
-170.00 70.00 0.00163626
-165.00 70.00 0.0022077
-160.00 70.00 0.0027732
-155.00 70.00 0.0032376
-150.00 70.00 0.00353082
-145.00 70.00 0.00362955
-140.00 70.00 0.00356103
-135.00 70.00 0.00338907
-130.00 70.00 0.00318981
-125.00 70.00 0.00302802
-120.00 70.00 0.00294186
-115.00 70.00 0.00293895
-110.00 70.00 0.00300114
-105.00 70.00 0.00309363
-100.00 70.00 0.00317535
-95.00 70.00 0.00320898
-90.00 70.00 0.00317046
-85.00 70.00 0.00305628
-80.00 70.00 0.00288615
-75.00 70.00 0.00269769
-70.00 70.00 0.00253287
-65.00 70.00 0.00242043
-60.00 70.00 0.0023619
-55.00 70.00 0.00232887
-50.00 70.00 0.00227415
-45.00 70.00 0.0021522
-40.00 70.00 0.00193926
-35.00 70.00 0.00164313
-30.00 70.00 0.00129924
-25.00 70.00 0.00095559
-20.00 70.00 0.00065541
-15.00 70.00 0.00042492
-10.00 70.00 0.00026985
-5.00 70.00 0.00017919
0.00 70.00 0.00013224
5.00 70.00 0.0001062
10.00 70.00 8.313e-05
15.00 70.00 5.679e-05
20.00 70.00 3.738e-05
25.00 70.00 5.196e-05
30.00 70.00 0.00013695
35.00 70.00 0.00032358
40.00 70.00 0.00062133
45.00 70.00 0.00100812
50.00 70.00 0.00143379
55.00 70.00 0.00183684
60.00 70.00 0.0021666
65.00 70.00 0.00239931
70.00 70.00 0.00253974
75.00 70.00 0.00260901
80.00 70.00 0.00262665
85.00 70.00 0.00259761
90.00 70.00 0.00251145
95.00 70.00 0.00235206
100.00 70.00 0.00211131
105.00 70.00 0.00179844
110.00 70.00 0.00144108
115.00 70.00 0.00107901
120.00 70.00 0.00075426
125.00 70.00 0.00050157
130.00 70.00 0.00034125
135.00 70.00 0.00027561
140.00 70.00 0.00028884
145.00 70.00 0.00035112
150.00 70.00 0.00042651
155.00 70.00 0.00048381
160.00 70.00 0.00050805
165.00 70.00 0.00050895
170.00 70.00 0.00052227
175.00 70.00 0.00060147
180.00 70.00 0.00079989
-180.00 75.00 0.00171849
-175.00 75.00 0.00215247
-170.00 75.00 0.00263373
-165.00 75.00 0.00312081
-160.00 75.00 0.0035634
-155.00 75.00 0.00391329
-150.00 75.00 0.00413556
-145.00 75.00 0.00421677
-140.00 75.00 0.00416775
-135.00 75.00 0.00402012
-130.00 75.00 0.00381777
-125.00 75.00 0.00360624
-120.00 75.00 0.00342276
-115.00 75.00 0.00328953
-110.00 75.00 0.00321159
-105.00 75.00 0.00317904
-100.00 75.00 0.00317268
-95.00 75.00 0.0031713
-90.00 75.00 0.00315861
-85.00 75.00 0.00312762
-80.00 75.00 0.00308199
-75.00 75.00 0.00303327
-70.00 75.00 0.00299568
-65.00 75.00 0.00297972
-60.00 75.00 0.00298767
-55.00 75.00 0.00301167
-50.00 75.00 0.00303591
-45.00 75.00 0.00304134
-40.00 75.00 0.00301161
-35.00 75.00 0.00293778
-30.00 75.00 0.00282042
-25.00 75.00 0.00266874
-20.00 75.00 0.00249729
-15.00 75.00 0.002322
-10.00 75.00 0.00215643
-5.00 75.00 0.00201003
0.00 75.00 0.00188811
5.00 75.00 0.00179334
10.00 75.00 0.00172785
15.00 75.00 0.00169491
20.00 75.00 0.00169944
25.00 75.00 0.00174645
30.00 75.00 0.00183831
35.00 75.00 0.00197169
40.00 75.00 0.00213528
45.00 75.00 0.00230982
50.00 75.00 0.00247116
55.00 75.00 0.00259503
60.00 75.00 0.0026625
65.00 75.00 0.00266376
70.00 75.00 0.00259944
75.00 75.00 0.00247851
80.00 75.00 0.00231456
85.00 75.00 0.0021216
90.00 75.00 0.00191127
95.00 75.00 0.00169185
100.00 75.00 0.00146958
105.00 75.00 0.0012504
110.00 75.00 0.0010416
115.00 75.00 0.00085218
120.00 75.00 0.00069189
125.00 75.00 0.00056898
130.00 75.00 0.00048825
135.00 75.00 0.00044979
140.00 75.00 0.00044913
145.00 75.00 0.00047946
150.00 75.00 0.00053484
155.00 75.00 0.00061362
160.00 75.00 0.00072123
165.00 75.00 0.00087009
170.00 75.00 0.001077
175.00 75.00 0.00135744
180.00 75.00 0.00171849
-180.00 80.00 0.00250533
-175.00 80.00 0.00284322
-170.00 80.00 0.00317535
-165.00 80.00 0.00348555
-160.00 80.00 0.00375777
-155.00 80.00 0.00397842
-150.00 80.00 0.00413835
-145.00 80.00 0.00423405
-140.00 80.00 0.00426819
-135.00 80.00 0.00424884
-130.00 80.00 0.00418821
-125.00 80.00 0.00410022
-120.00 80.00 0.00399852
-115.00 80.00 0.00389442
-110.00 80.00 0.00379605
-105.00 80.00 0.00370818
-100.00 80.00 0.00363258
-95.00 80.00 0.00356901
-90.00 80.00 0.00351639
-85.00 80.00 0.00347388
-80.00 80.00 0.00344127
-75.00 80.00 0.00341898
-70.00 80.00 0.00340758
-65.00 80.00 0.00340716
-60.00 80.00 0.00341688
-55.00 80.00 0.00343458
-50.00 80.00 0.00345696
-45.00 80.00 0.00347985
-40.00 80.00 0.00349926
-35.00 80.00 0.00351201
-30.00 80.00 0.00351645
-25.00 80.00 0.00351252
-20.00 80.00 0.00350175
-15.00 80.00 0.00348675
-10.00 80.00 0.00347073
-5.00 80.00 0.00345693
0.00 80.00 0.00344796
5.00 80.00 0.00344559
10.00 80.00 0.00345054
15.00 80.00 0.00346233
20.00 80.00 0.00347928
25.00 80.00 0.00349833
30.00 80.00 0.00351486
35.00 80.00 0.00352302
40.00 80.00 0.00351609
45.00 80.00 0.00348705
50.00 80.00 0.00342942
55.00 80.00 0.00333822
60.00 80.00 0.00321069
65.00 80.00 0.00304722
70.00 80.00 0.00285099
75.00 80.00 0.00262782
80.00 80.00 0.00238557
85.00 80.00 0.00213315
90.00 80.00 0.00187995
95.00 80.00 0.00163485
100.00 80.00 0.00140586
105.00 80.00 0.00119988
110.00 80.00 0.00102264
115.00 80.00 0.0008787
120.00 80.00 0.00077139
125.00 80.00 0.00070287
130.00 80.00 0.0006744
135.00 80.00 0.0006864
140.00 80.00 0.00073872
145.00 80.00 0.00083097
150.00 80.00 0.00096258
155.00 80.00 0.0011331
160.00 80.00 0.00134193
165.00 80.00 0.00158772
170.00 80.00 0.00186759
175.00 80.00 0.00217623
180.00 80.00 0.00250533
-180.00 85.00 0.002244
-175.00 85.00 0.00238479
-170.00 85.00 0.00252162
-165.00 85.00 0.00265107
-160.00 85.00 0.0027699
-155.00 85.00 0.00287553
-150.00 85.00 0.00296631
-145.00 85.00 0.00304149
-140.00 85.00 0.00310101
-135.00 85.00 0.00314526
-130.00 85.00 0.00317514
-125.00 85.00 0.00319203
-120.00 85.00 0.00319785
-115.00 85.00 0.00319488
-110.00 85.00 0.00318537
-105.00 85.00 0.00317127
-100.00 85.00 0.0031542
-95.00 85.00 0.00313572
-90.00 85.00 0.00311736
-85.00 85.00 0.00310053
-80.00 85.00 0.00308643
-75.00 85.00 0.00307575
-70.00 85.00 0.00306882
-65.00 85.00 0.00306576
-60.00 85.00 0.00306663
-55.00 85.00 0.00307146
-50.00 85.00 0.00308001
-45.00 85.00 0.00309177
-40.00 85.00 0.0031059
-35.00 85.00 0.0031215
-30.00 85.00 0.00313791
-25.00 85.00 0.00315459
-20.00 85.00 0.00317103
-15.00 85.00 0.00318651
-10.00 85.00 0.00320007
-5.00 85.00 0.00321078
0.00 85.00 0.00321774
5.00 85.00 0.00322023
10.00 85.00 0.00321744
15.00 85.00 0.00320823
20.00 85.00 0.00319113
25.00 85.00 0.00316476
30.00 85.00 0.00312789
35.00 85.00 0.00307983
40.00 85.00 0.00301992
45.00 85.00 0.0029478
50.00 85.00 0.00286314
55.00 85.00 0.00276612
60.00 85.00 0.00265773
65.00 85.00 0.00253968
70.00 85.00 0.00241425
75.00 85.00 0.00228381
80.00 85.00 0.00215094
85.00 85.00 0.0020184
90.00 85.00 0.0018894
95.00 85.00 0.00176733
100.00 85.00 0.00165546
105.00 85.00 0.00155655
110.00 85.00 0.00147285
115.00 85.00 0.00140619
120.00 85.00 0.00135831
125.00 85.00 0.00133077
130.00 85.00 0.0013245
135.00 85.00 0.00133974
140.00 85.00 0.00137604
145.00 85.00 0.00143247
150.00 85.00 0.00150798
155.00 85.00 0.00160119
160.00 85.00 0.00171018
165.00 85.00 0.00183231
170.00 85.00 0.00196431
175.00 85.00 0.0021027
180.00 85.00 0.002244
-180.00 90.00 0.00224907
-175.00 90.00 0.00224907
-170.00 90.00 0.00224907
-165.00 90.00 0.00224907
-160.00 90.00 0.00224907
-155.00 90.00 0.00224907
-150.00 90.00 0.00224907
-145.00 90.00 0.00224907
-140.00 90.00 0.00224907
-135.00 90.00 0.00224907
-130.00 90.00 0.00224907
-125.00 90.00 0.00224907
-120.00 90.00 0.00224907
-115.00 90.00 0.00224907
-110.00 90.00 0.00224907
-105.00 90.00 0.00224907
-100.00 90.00 0.00224907
-95.00 90.00 0.00224907
-90.00 90.00 0.00224907
-85.00 90.00 0.00224907
-80.00 90.00 0.00224907
-75.00 90.00 0.00224907
-70.00 90.00 0.00224907
-65.00 90.00 0.00224907
-60.00 90.00 0.00224907
-55.00 90.00 0.00224907
-50.00 90.00 0.00224907
-45.00 90.00 0.00224907
-40.00 90.00 0.00224907
-35.00 90.00 0.00224907
-30.00 90.00 0.00224907
-25.00 90.00 0.00224907
-20.00 90.00 0.00224907
-15.00 90.00 0.00224907
-10.00 90.00 0.00224907
-5.00 90.00 0.00224907
0.00 90.00 0.00224907
5.00 90.00 0.00224907
10.00 90.00 0.00224907
15.00 90.00 0.00224907
20.00 90.00 0.00224907
25.00 90.00 0.00224907
30.00 90.00 0.00224907
35.00 90.00 0.00224907
40.00 90.00 0.00224907
45.00 90.00 0.00224907
50.00 90.00 0.00224907
55.00 90.00 0.00224907
60.00 90.00 0.00224907
65.00 90.00 0.00224907
70.00 90.00 0.00224907
75.00 90.00 0.00224907
80.00 90.00 0.00224907
85.00 90.00 0.00224907
90.00 90.00 0.00224907
95.00 90.00 0.00224907
100.00 90.00 0.00224907
105.00 90.00 0.00224907
110.00 90.00 0.00224907
115.00 90.00 0.00224907
120.00 90.00 0.00224907
125.00 90.00 0.00224907
130.00 90.00 0.00224907
135.00 90.00 0.00224907
140.00 90.00 0.00224907
145.00 90.00 0.00224907
150.00 90.00 0.00224907
155.00 90.00 0.00224907
160.00 90.00 0.00224907
165.00 90.00 0.00224907
170.00 90.00 0.00224907
175.00 90.00 0.00224907
180.00 90.00 0.00224907
