-180.00 -90.00 0.0035348
-175.00 -90.00 0.0035349
-170.00 -90.00 0.0035349
-165.00 -90.00 0.0035349
-160.00 -90.00 0.0035349
-155.00 -90.00 0.0035348
-150.00 -90.00 0.0035347
-145.00 -90.00 0.0035347
-140.00 -90.00 0.0035345
-135.00 -90.00 0.0035344
-130.00 -90.00 0.0035343
-125.00 -90.00 0.0035342
-120.00 -90.00 0.003534
-115.00 -90.00 0.0035339
-110.00 -90.00 0.0035337
-105.00 -90.00 0.0035336
-100.00 -90.00 0.0035335
-95.00 -90.00 0.0035334
-90.00 -90.00 0.0035334
-85.00 -90.00 0.0035333
-80.00 -90.00 0.0035333
-75.00 -90.00 0.0035333
-70.00 -90.00 0.0035333
-65.00 -90.00 0.0035334
-60.00 -90.00 0.0035334
-55.00 -90.00 0.0035335
-50.00 -90.00 0.0035336
-45.00 -90.00 0.0035337
-40.00 -90.00 0.0035339
-35.00 -90.00 0.003534
-30.00 -90.00 0.0035342
-25.00 -90.00 0.0035343
-20.00 -90.00 0.0035344
-15.00 -90.00 0.0035345
-10.00 -90.00 0.0035346
-5.00 -90.00 0.0035347
0.00 -90.00 0.0035348
5.00 -90.00 0.0035349
10.00 -90.00 0.0035349
15.00 -90.00 0.0035349
20.00 -90.00 0.0035349
25.00 -90.00 0.0035348
30.00 -90.00 0.0035347
35.00 -90.00 0.0035346
40.00 -90.00 0.0035345
45.00 -90.00 0.0035344
50.00 -90.00 0.0035343
55.00 -90.00 0.0035341
60.00 -90.00 0.003534
65.00 -90.00 0.0035339
70.00 -90.00 0.0035337
75.00 -90.00 0.0035336
80.00 -90.00 0.0035335
85.00 -90.00 0.0035334
90.00 -90.00 0.0035333
95.00 -90.00 0.0035333
100.00 -90.00 0.0035333
105.00 -90.00 0.0035333
110.00 -90.00 0.0035333
115.00 -90.00 0.0035334
120.00 -90.00 0.0035334
125.00 -90.00 0.0035335
130.00 -90.00 0.0035336
135.00 -90.00 0.0035337
140.00 -90.00 0.0035339
145.00 -90.00 0.003534
150.00 -90.00 0.0035342
155.00 -90.00 0.0035343
160.00 -90.00 0.0035344
165.00 -90.00 0.0035345
170.00 -90.00 0.0035347
175.00 -90.00 0.0035347
180.00 -90.00 0.0035348
-180.00 -85.00 0.0046918
-175.00 -85.00 0.00481
-170.00 -85.00 0.0049152
-165.00 -85.00 0.0050064
-160.00 -85.00 0.0050826
-155.00 -85.00 0.005143
-150.00 -85.00 0.0051869
-145.00 -85.00 0.0052137
-140.00 -85.00 0.0052227
-135.00 -85.00 0.0052135
-130.00 -85.00 0.0051855
-125.00 -85.00 0.0051388
-120.00 -85.00 0.0050738
-115.00 -85.00 0.0049913
-110.00 -85.00 0.0048925
-105.00 -85.00 0.0047791
-100.00 -85.00 0.0046535
-95.00 -85.00 0.0045182
-90.00 -85.00 0.0043762
-85.00 -85.00 0.0042307
-80.00 -85.00 0.0040845
-75.00 -85.00 0.0039405
-70.00 -85.00 0.0038015
-65.00 -85.00 0.0036698
-60.00 -85.00 0.0035476
-55.00 -85.00 0.0034366
-50.00 -85.00 0.0033381
-45.00 -85.00 0.0032529
-40.00 -85.00 0.0031812
-35.00 -85.00 0.0031232
-30.00 -85.00 0.0030785
-25.00 -85.00 0.0030463
-20.00 -85.00 0.0030253
-15.00 -85.00 0.003014
-10.00 -85.00 0.0030106
-5.00 -85.00 0.0030133
0.00 -85.00 0.0030208
5.00 -85.00 0.0030314
10.00 -85.00 0.0030436
15.00 -85.00 0.0030561
20.00 -85.00 0.0030681
25.00 -85.00 0.0030793
30.00 -85.00 0.0030895
35.00 -85.00 0.0030987
40.00 -85.00 0.0031065
45.00 -85.00 0.0031128
50.00 -85.00 0.0031173
55.00 -85.00 0.0031202
60.00 -85.00 0.0031211
65.00 -85.00 0.0031199
70.00 -85.00 0.003116
75.00 -85.00 0.0031095
80.00 -85.00 0.0031011
85.00 -85.00 0.0030919
90.00 -85.00 0.0030837
95.00 -85.00 0.0030785
100.00 -85.00 0.0030786
105.00 -85.00 0.003087
110.00 -85.00 0.0031065
115.00 -85.00 0.0031399
120.00 -85.00 0.0031893
125.00 -85.00 0.0032559
130.00 -85.00 0.0033402
135.00 -85.00 0.0034416
140.00 -85.00 0.0035587
145.00 -85.00 0.0036891
150.00 -85.00 0.0038298
155.00 -85.00 0.0039772
160.00 -85.00 0.0041276
165.00 -85.00 0.0042775
170.00 -85.00 0.0044233
175.00 -85.00 0.0045623
180.00 -85.00 0.0046918
-180.00 -80.00 0.005644
-175.00 -80.00 0.0057379
-170.00 -80.00 0.0057999
-165.00 -80.00 0.0058471
-160.00 -80.00 0.0058944
-155.00 -80.00 0.0059477
-150.00 -80.00 0.0060053
-145.00 -80.00 0.0060628
-140.00 -80.00 0.0061123
-135.00 -80.00 0.0061412
-130.00 -80.00 0.006135
-125.00 -80.00 0.0060851
-120.00 -80.00 0.0059901
-115.00 -80.00 0.0058515
-110.00 -80.00 0.0056731
-105.00 -80.00 0.0054639
-100.00 -80.00 0.0052377
-95.00 -80.00 0.0050069
-90.00 -80.00 0.0047785
-85.00 -80.00 0.0045568
-80.00 -80.00 0.004346
-75.00 -80.00 0.0041472
-70.00 -80.00 0.0039565
-65.00 -80.00 0.0037686
-60.00 -80.00 0.0035829
-55.00 -80.00 0.0034017
-50.00 -80.00 0.0032262
-45.00 -80.00 0.0030576
-40.00 -80.00 0.0029007
-35.00 -80.00 0.0027623
-30.00 -80.00 0.0026447
-25.00 -80.00 0.0025455
-20.00 -80.00 0.0024622
-15.00 -80.00 0.0023937
-10.00 -80.00 0.002336
-5.00 -80.00 0.0022826
0.00 -80.00 0.0022294
5.00 -80.00 0.0021781
10.00 -80.00 0.0021321
15.00 -80.00 0.0020937
20.00 -80.00 0.0020665
25.00 -80.00 0.002058
30.00 -80.00 0.0020768
35.00 -80.00 0.0021269
40.00 -80.00 0.002209
45.00 -80.00 0.002325
50.00 -80.00 0.0024757
55.00 -80.00 0.0026554
60.00 -80.00 0.0028517
65.00 -80.00 0.003051
70.00 -80.00 0.0032396
75.00 -80.00 0.0034008
80.00 -80.00 0.0035158
85.00 -80.00 0.0035713
90.00 -80.00 0.003564
95.00 -80.00 0.0034985
100.00 -80.00 0.0033846
105.00 -80.00 0.0032401
110.00 -80.00 0.0030922
115.00 -80.00 0.0029708
120.00 -80.00 0.0029009
125.00 -80.00 0.0029006
130.00 -80.00 0.0029831
135.00 -80.00 0.0031535
140.00 -80.00 0.0034035
145.00 -80.00 0.0037134
150.00 -80.00 0.0040592
155.00 -80.00 0.0044164
160.00 -80.00 0.0047594
165.00 -80.00 0.0050636
170.00 -80.00 0.0053134
175.00 -80.00 0.0055053
180.00 -80.00 0.005644
-180.00 -75.00 0.0054816
-175.00 -75.00 0.0051797
-170.00 -75.00 0.0048451
-165.00 -75.00 0.0045533
-160.00 -75.00 0.0043619
-155.00 -75.00 0.0042984
-150.00 -75.00 0.0043554
-145.00 -75.00 0.0044965
-140.00 -75.00 0.0046685
-135.00 -75.00 0.0048134
-130.00 -75.00 0.004881
-125.00 -75.00 0.0048412
-120.00 -75.00 0.0046898
-115.00 -75.00 0.0044467
-110.00 -75.00 0.0041516
-105.00 -75.00 0.0038572
-100.00 -75.00 0.0036174
-95.00 -75.00 0.0034746
-90.00 -75.00 0.0034522
-85.00 -75.00 0.0035496
-80.00 -75.00 0.0037406
-75.00 -75.00 0.0039782
-70.00 -75.00 0.0042073
-65.00 -75.00 0.0043765
-60.00 -75.00 0.0044479
-55.00 -75.00 0.0044043
-50.00 -75.00 0.0042512
-45.00 -75.00 0.004011
-40.00 -75.00 0.0037132
-35.00 -75.00 0.0033874
-30.00 -75.00 0.0030564
-25.00 -75.00 0.0027307
-20.00 -75.00 0.0024081
-15.00 -75.00 0.0020789
-10.00 -75.00 0.0017315
-5.00 -75.00 0.0013577
0.00 -75.00 0.0009603
5.00 -75.00 0.0005563
10.00 -75.00 0.0001735
15.00 -75.00 -0.0001562
20.00 -75.00 -0.0004028
25.00 -75.00 -0.0005447
30.00 -75.00 -0.0005719
35.00 -75.00 -0.000484
40.00 -75.00 -0.000284
45.00 -75.00 2.48e-05
50.00 -75.00 0.000439
55.00 -75.00 0.0009532
60.00 -75.00 0.0015545
65.00 -75.00 0.002216
70.00 -75.00 0.0028932
75.00 -75.00 0.0035282
80.00 -75.00 0.0040565
85.00 -75.00 0.0044177
90.00 -75.00 0.0045689
95.00 -75.00 0.0044961
100.00 -75.00 0.0042184
105.00 -75.00 0.0037867
110.00 -75.00 0.0032773
115.00 -75.00 0.002779
120.00 -75.00 0.0023776
125.00 -75.00 0.0021434
130.00 -75.00 0.0021208
135.00 -75.00 0.0023224
140.00 -75.00 0.0027271
145.00 -75.00 0.0032851
150.00 -75.00 0.0039246
155.00 -75.00 0.0045606
160.00 -75.00 0.0051082
165.00 -75.00 0.005498
170.00 -75.00 0.0056882
175.00 -75.00 0.0056722
180.00 -75.00 0.0054816
-180.00 -70.00 0.0052292
-175.00 -70.00 0.0044953
-170.00 -70.00 0.0037395
-165.00 -70.00 0.0031192
-160.00 -70.00 0.0027398
-155.00 -70.00 0.0026342
-150.00 -70.00 0.0027639
-145.00 -70.00 0.0030377
-140.00 -70.00 0.0033373
-135.00 -70.00 0.0035449
-130.00 -70.00 0.0035694
-125.00 -70.00 0.0033657
-120.00 -70.00 0.0029445
-115.00 -70.00 0.0023685
-110.00 -70.00 0.0017398
-105.00 -70.00 0.0011796
-100.00 -70.00 0.0008083
-95.00 -70.00 0.0007239
-90.00 -70.00 0.000981
-85.00 -70.00 0.0015732
-80.00 -70.00 0.0024242
-75.00 -70.00 0.0033982
-70.00 -70.00 0.0043291
-65.00 -70.00 0.0050641
-60.00 -70.00 0.0055041
-55.00 -70.00 0.0056239
-50.00 -70.00 0.0054674
-45.00 -70.00 0.0051205
-40.00 -70.00 0.0046784
-35.00 -70.00 0.0042195
-30.00 -70.00 0.0037926
-25.00 -70.00 0.0034122
-20.00 -70.00 0.00306
-15.00 -70.00 0.0026895
-10.00 -70.00 0.0022399
-5.00 -70.00 0.0016608
0.00 -70.00 0.0009422
5.00 -70.00 0.0001328
10.00 -70.00 -0.0006659
15.00 -70.00 -0.0013319
20.00 -70.00 -0.0017692
25.00 -70.00 -0.0019417
30.00 -70.00 -0.001881
35.00 -70.00 -0.0016622
40.00 -70.00 -0.0013644
45.00 -70.00 -0.0010361
50.00 -70.00 -0.0006814
55.00 -70.00 -0.0002704
60.00 -70.00 0.000235
65.00 -70.00 0.0008536
70.00 -70.00 0.0015662
75.00 -70.00 0.0023132
80.00 -70.00 0.0030044
85.00 -70.00 0.0035404
90.00 -70.00 0.0038371
95.00 -70.00 0.0038477
100.00 -70.00 0.0035777
105.00 -70.00 0.0030877
110.00 -70.00 0.0024829
115.00 -70.00 0.0018909
120.00 -70.00 0.001434
125.00 -70.00 0.0012045
130.00 -70.00 0.0012505
135.00 -70.00 0.0015752
140.00 -70.00 0.0021457
145.00 -70.00 0.0029024
150.00 -70.00 0.0037635
155.00 -70.00 0.0046245
160.00 -70.00 0.0053622
165.00 -70.00 0.0058518
170.00 -70.00 0.0059989
175.00 -70.00 0.0057734
180.00 -70.00 0.0052292
-180.00 -65.00 0.0054311
-175.00 -65.00 0.0046988
-170.00 -65.00 0.0039756
-165.00 -65.00 0.0034163
-160.00 -65.00 0.0030857
-155.00 -65.00 0.0029745
-150.00 -65.00 0.0030412
-145.00 -65.00 0.0032301
-140.00 -65.00 0.0034608
-135.00 -65.00 0.0036192
-130.00 -65.00 0.0035838
-125.00 -65.00 0.00328
-120.00 -65.00 0.002722
-115.00 -65.00 0.0020072
-110.00 -65.00 0.0012698
-105.00 -65.00 0.0006338
-100.00 -65.00 0.0001977
-95.00 -65.00 4.7e-05
-90.00 -65.00 0.0002601
-85.00 -65.00 0.0008798
-80.00 -65.00 0.0018615
-75.00 -65.00 0.0030411
-70.00 -65.00 0.0041649
-65.00 -65.00 0.004981
-60.00 -65.00 0.0053449
-55.00 -65.00 0.0052726
-50.00 -65.00 0.0049091
-45.00 -65.00 0.0044362
-40.00 -65.00 0.003987
-35.00 -65.00 0.0036201
-30.00 -65.00 0.0033515
-25.00 -65.00 0.0031952
-20.00 -65.00 0.0031599
-15.00 -65.00 0.003205
-10.00 -65.00 0.0032076
-5.00 -65.00 0.0029955
0.00 -65.00 0.0024459
5.00 -65.00 0.0015843
10.00 -65.00 0.000606
15.00 -65.00 -0.0002105
20.00 -65.00 -0.0006476
25.00 -65.00 -0.0006573
30.00 -65.00 -0.0003696
35.00 -65.00 -2.1e-06
40.00 -65.00 0.0002612
45.00 -65.00 0.0003478
50.00 -65.00 0.0002963
55.00 -65.00 0.0002001
60.00 -65.00 0.0001437
65.00 -65.00 0.0001681
70.00 -65.00 0.000274
75.00 -65.00 0.0004403
80.00 -65.00 0.0006413
85.00 -65.00 0.0008501
90.00 -65.00 0.0010347
95.00 -65.00 0.0011586
100.00 -65.00 0.0011919
105.00 -65.00 0.0011334
110.00 -65.00 0.0010302
115.00 -65.00 0.0009755
120.00 -65.00 0.001075
125.00 -65.00 0.001394
130.00 -65.00 0.0019188
135.00 -65.00 0.0025636
140.00 -65.00 0.0032251
145.00 -65.00 0.0038452
150.00 -65.00 0.0044307
155.00 -65.00 0.0050119
160.00 -65.00 0.0055712
165.00 -65.00 0.0060073
170.00 -65.00 0.0061739
175.00 -65.00 0.0059731
180.00 -65.00 0.0054311
-180.00 -60.00 0.0046574
-175.00 -60.00 0.0043793
-170.00 -60.00 0.0042214
-165.00 -60.00 0.0041259
-160.00 -60.00 0.0038887
-155.00 -60.00 0.0033892
-150.00 -60.00 0.0027619
-145.00 -60.00 0.0023163
-140.00 -60.00 0.0022654
-135.00 -60.00 0.0025254
-130.00 -60.00 0.0027833
-125.00 -60.00 0.0027705
-120.00 -60.00 0.0024846
-115.00 -60.00 0.0021607
-110.00 -60.00 0.0020405
-105.00 -60.00 0.0021623
-100.00 -60.00 0.0023576
-95.00 -60.00 0.0024361
-90.00 -60.00 0.0023793
-85.00 -60.00 0.0023674
-80.00 -60.00 0.0026197
-75.00 -60.00 0.0031839
-70.00 -60.00 0.0038568
-65.00 -60.00 0.0043101
-60.00 -60.00 0.0043298
-55.00 -60.00 0.0039763
-50.00 -60.00 0.0035249
-45.00 -60.00 0.003231
-40.00 -60.00 0.0031241
-35.00 -60.00 0.0030179
-30.00 -60.00 0.0027287
-25.00 -60.00 0.002294
-20.00 -60.00 0.0019724
-15.00 -60.00 0.0020097
-10.00 -60.00 0.0023846
-5.00 -60.00 0.002777
0.00 -60.00 0.0028045
5.00 -60.00 0.0023306
10.00 -60.00 0.0015776
15.00 -60.00 0.0009514
20.00 -60.00 0.0007286
25.00 -60.00 0.0008659
30.00 -60.00 0.0010742
35.00 -60.00 0.0010749
40.00 -60.00 0.0008176
45.00 -60.00 0.0004938
50.00 -60.00 0.0003602
55.00 -60.00 0.0005294
60.00 -60.00 0.0008893
65.00 -60.00 0.0011906
70.00 -60.00 0.001218
75.00 -60.00 0.0009227
80.00 -60.00 0.0004414
85.00 -60.00 1.19e-05
90.00 -60.00 -0.0001572
95.00 -60.00 6.2e-06
100.00 -60.00 0.0004064
105.00 -60.00 0.0008476
110.00 -60.00 0.0011727
115.00 -60.00 0.0013894
120.00 -60.00 0.0016789
125.00 -60.00 0.0022563
130.00 -60.00 0.0031722
135.00 -60.00 0.0042185
140.00 -60.00 0.0050411
145.00 -60.00 0.0053875
150.00 -60.00 0.0052913
155.00 -60.00 0.0050303
160.00 -60.00 0.0048888
165.00 -60.00 0.0049343
170.00 -60.00 0.005007
175.00 -60.00 0.0049194
180.00 -60.00 0.0046574
-180.00 -55.00 0.0026618
-175.00 -55.00 0.0028619
-170.00 -55.00 0.0034511
-165.00 -55.00 0.0039724
-160.00 -55.00 0.0036513
-155.00 -55.00 0.0021592
-150.00 -55.00 9e-05
-145.00 -55.00 -0.0014122
-140.00 -55.00 -0.0015916
-135.00 -55.00 -0.0007004
-130.00 -55.00 0.0002934
-125.00 -55.00 0.0006166
-120.00 -55.00 0.0003512
-115.00 -55.00 0.0002645
-110.00 -55.00 0.0010387
-105.00 -55.00 0.0026351
-100.00 -55.00 0.0043194
-95.00 -55.00 0.0052508
-90.00 -55.00 0.0051065
-85.00 -55.00 0.0042668
-80.00 -55.00 0.0034797
-75.00 -55.00 0.003298
-70.00 -55.00 0.0037128
-65.00 -55.00 0.0042467
-60.00 -55.00 0.0044194
-55.00 -55.00 0.0041888
-50.00 -55.00 0.0039616
-45.00 -55.00 0.0041385
-40.00 -55.00 0.0046209
-35.00 -55.00 0.0047962
-30.00 -55.00 0.0040734
-25.00 -55.00 0.0024775
-20.00 -55.00 0.0007154
-15.00 -55.00 -0.0003776
-10.00 -55.00 -0.0004982
-5.00 -55.00 -4.07e-05
0.00 -55.00 0.0003478
5.00 -55.00 0.0003665
10.00 -55.00 0.0002483
15.00 -55.00 0.0003984
20.00 -55.00 0.0008746
25.00 -55.00 0.0012328
30.00 -55.00 0.0008981
35.00 -55.00 -0.0002751
40.00 -55.00 -0.001763
45.00 -55.00 -0.0026747
50.00 -55.00 -0.0023546
55.00 -55.00 -0.0008163
60.00 -55.00 0.0012874
65.00 -55.00 0.0030824
70.00 -55.00 0.0039544
75.00 -55.00 0.0038019
80.00 -55.00 0.0029883
85.00 -55.00 0.0021046
90.00 -55.00 0.0016886
95.00 -55.00 0.0019874
100.00 -55.00 0.0028217
105.00 -55.00 0.0036445
110.00 -55.00 0.0038528
115.00 -55.00 0.0032251
120.00 -55.00 0.002162
125.00 -55.00 0.001463
130.00 -55.00 0.0017339
135.00 -55.00 0.0028843
140.00 -55.00 0.0041639
145.00 -55.00 0.0047466
150.00 -55.00 0.0043738
155.00 -55.00 0.0034966
160.00 -55.00 0.0028052
165.00 -55.00 0.0026143
170.00 -55.00 0.0027019
175.00 -55.00 0.0027175
180.00 -55.00 0.0026618
-180.00 -50.00 0.0015653
-175.00 -50.00 0.0016504
-170.00 -50.00 0.0025785
-165.00 -50.00 0.003599
-160.00 -50.00 0.0032229
-155.00 -50.00 0.0007828
-150.00 -50.00 -0.0026023
-145.00 -50.00 -0.0048106
-140.00 -50.00 -0.0045886
-135.00 -50.00 -0.0026632
-130.00 -50.00 -0.0009785
-125.00 -50.00 -0.0008425
-120.00 -50.00 -0.0018089
-115.00 -50.00 -0.0022637
-110.00 -50.00 -0.0009865
-105.00 -50.00 0.0018104
-100.00 -50.00 0.0047399
-95.00 -50.00 0.0063548
-90.00 -50.00 0.0061375
-85.00 -50.00 0.0047257
-80.00 -50.00 0.0033808
-75.00 -50.00 0.0031256
-70.00 -50.00 0.0040892
-65.00 -50.00 0.0054845
-60.00 -50.00 0.0062856
-55.00 -50.00 0.006115
-50.00 -50.00 0.0055382
-45.00 -50.00 0.0054129
-40.00 -50.00 0.0058967
-35.00 -50.00 0.0061703
-30.00 -50.00 0.0052252
-25.00 -50.00 0.0029132
-20.00 -50.00 0.0001621
-15.00 -50.00 -0.0018401
-10.00 -50.00 -0.0026271
-5.00 -50.00 -0.0026432
0.00 -50.00 -0.0025653
5.00 -50.00 -0.0025422
10.00 -50.00 -0.0021369
15.00 -50.00 -0.000987
20.00 -50.00 0.0005354
25.00 -50.00 0.0013882
30.00 -50.00 0.0006686
35.00 -50.00 -0.0015424
40.00 -50.00 -0.0040746
45.00 -50.00 -0.0054233
50.00 -50.00 -0.0047479
55.00 -50.00 -0.0023466
60.00 -50.00 0.0006567
65.00 -50.00 0.0030612
70.00 -50.00 0.0042071
75.00 -50.00 0.0041408
80.00 -50.00 0.0033914
85.00 -50.00 0.0026443
90.00 -50.00 0.0025076
95.00 -50.00 0.0033304
100.00 -50.00 0.0049626
105.00 -50.00 0.0065951
110.00 -50.00 0.0070418
115.00 -50.00 0.0055405
120.00 -50.00 0.0025082
125.00 -50.00 -0.0005302
130.00 -50.00 -0.0019772
135.00 -50.00 -0.0013613
140.00 -50.00 0.0003473
145.00 -50.00 0.0016118
150.00 -50.00 0.0016321
155.00 -50.00 0.0008978
160.00 -50.00 0.0004975
165.00 -50.00 0.0009188
170.00 -50.00 0.0016222
175.00 -50.00 0.0018296
180.00 -50.00 0.0015653
-180.00 -45.00 0.0020739
-175.00 -45.00 0.0012492
-170.00 -45.00 0.0017683
-165.00 -45.00 0.0029582
-160.00 -45.00 0.0029093
-155.00 -45.00 0.0006389
-150.00 -45.00 -0.0026043
-145.00 -45.00 -0.0043967
-140.00 -45.00 -0.0035216
-135.00 -45.00 -0.0011637
-130.00 -45.00 0.0003585
-125.00 -45.00 -6.36e-05
-120.00 -45.00 -0.0013881
-115.00 -45.00 -0.0016827
-110.00 -45.00 -4.16e-05
-105.00 -45.00 0.00274
-100.00 -45.00 0.0050393
-95.00 -45.00 0.0057154
-90.00 -45.00 0.0047686
-85.00 -45.00 0.0031444
-80.00 -45.00 0.0020933
-75.00 -45.00 0.0024922
-70.00 -45.00 0.0043185
-65.00 -45.00 0.0065205
-60.00 -45.00 0.0076184
-55.00 -45.00 0.0068602
-50.00 -45.00 0.004926
-45.00 -45.00 0.0032855
-40.00 -45.00 0.0027447
-35.00 -45.00 0.0027642
-30.00 -45.00 0.0022718
-25.00 -45.00 0.0009263
-20.00 -45.00 -0.0006215
-15.00 -45.00 -0.0015894
-10.00 -45.00 -0.0019065
-5.00 -45.00 -0.0021314
0.00 -45.00 -0.0026848
5.00 -45.00 -0.0033026
10.00 -45.00 -0.0032736
15.00 -45.00 -0.0022122
20.00 -45.00 -0.000609
25.00 -45.00 0.0004143
30.00 -45.00 -1.1e-06
35.00 -45.00 -0.001692
40.00 -45.00 -0.0035617
45.00 -45.00 -0.0044358
50.00 -45.00 -0.0038892
55.00 -45.00 -0.0023775
60.00 -45.00 -0.0007524
65.00 -45.00 0.0003039
70.00 -45.00 0.0005762
75.00 -45.00 0.0003125
80.00 -45.00 -1.34e-05
85.00 -45.00 -2.9e-06
90.00 -45.00 0.0005796
95.00 -45.00 0.0019291
100.00 -45.00 0.0041075
105.00 -45.00 0.0065744
110.00 -45.00 0.0080022
115.00 -45.00 0.0070685
120.00 -45.00 0.0037341
125.00 -45.00 -0.0003662
130.00 -45.00 -0.0030334
135.00 -45.00 -0.0031856
140.00 -45.00 -0.0016094
145.00 -45.00 -0.0001259
150.00 -45.00 0.000104
155.00 -45.00 -0.0004173
160.00 -45.00 -0.0002633
165.00 -45.00 0.0011417
170.00 -45.00 0.0027368
175.00 -45.00 0.0030623
180.00 -45.00 0.0020739
-180.00 -40.00 0.0023296
-175.00 -40.00 0.0007626
-170.00 -40.00 0.0006398
-165.00 -40.00 0.0014535
-160.00 -40.00 0.0016482
-155.00 -40.00 0.0005439
-150.00 -40.00 -0.0009307
-145.00 -40.00 -0.0013166
-140.00 -40.00 -0.0002767
-135.00 -40.00 0.0009958
-130.00 -40.00 0.0011794
-125.00 -40.00 0.000439
-120.00 -40.00 0.0002274
-115.00 -40.00 0.0015251
-110.00 -40.00 0.0037175
-105.00 -40.00 0.0052738
-100.00 -40.00 0.0051658
-95.00 -40.00 0.0035612
-90.00 -40.00 0.0014941
-85.00 -40.00 7.23e-05
-80.00 -40.00 -0.0001194
-75.00 -40.00 0.0009239
-70.00 -40.00 0.0028176
-65.00 -40.00 0.004755
-60.00 -40.00 0.0055573
-55.00 -40.00 0.0044324
-50.00 -40.00 0.0018779
-45.00 -40.00 -0.0006262
-40.00 -40.00 -0.002029
-35.00 -40.00 -0.0024661
-30.00 -40.00 -0.0025391
-25.00 -40.00 -0.0023828
-20.00 -40.00 -0.0017812
-15.00 -40.00 -0.0008366
-10.00 -40.00 -7.08e-05
-5.00 -40.00 6.82e-05
0.00 -40.00 -0.0004595
5.00 -40.00 -0.0013881
10.00 -40.00 -0.002363
15.00 -40.00 -0.0030661
20.00 -40.00 -0.0033341
25.00 -40.00 -0.0032483
30.00 -40.00 -0.0030163
35.00 -40.00 -0.0027298
40.00 -40.00 -0.0023552
45.00 -40.00 -0.0019766
50.00 -40.00 -0.0018196
55.00 -40.00 -0.0019098
60.00 -40.00 -0.0019609
65.00 -40.00 -0.0018101
70.00 -40.00 -0.0016905
75.00 -40.00 -0.0017666
80.00 -40.00 -0.0016841
85.00 -40.00 -0.0010122
90.00 -40.00 0.0001076
95.00 -40.00 0.001274
100.00 -40.00 0.0025628
105.00 -40.00 0.0042592
110.00 -40.00 0.0058891
115.00 -40.00 0.0062701
120.00 -40.00 0.0048168
125.00 -40.00 0.0023714
130.00 -40.00 0.000511
135.00 -40.00 0.0002139
140.00 -40.00 0.0011417
145.00 -40.00 0.0019785
150.00 -40.00 0.0016734
155.00 -40.00 0.0006619
160.00 -40.00 0.0005276
165.00 -40.00 0.0020088
170.00 -40.00 0.0037803
175.00 -40.00 0.0039262
180.00 -40.00 0.0023297
-180.00 -35.00 0.0014647
-175.00 -35.00 0.0006275
-170.00 -35.00 0.0005298
-165.00 -35.00 0.0002673
-160.00 -35.00 -0.0005104
-155.00 -35.00 -0.0010091
-150.00 -35.00 -0.0005783
-145.00 -35.00 0.0003992
-140.00 -35.00 0.0009237
-135.00 -35.00 0.0003013
-130.00 -35.00 -0.0010409
-125.00 -35.00 -0.001577
-120.00 -35.00 -0.0001446
-115.00 -35.00 0.0025683
-110.00 -35.00 0.0046138
-105.00 -35.00 0.0047198
-100.00 -35.00 0.0030687
-95.00 -35.00 0.0006391
-90.00 -35.00 -0.001405
-85.00 -35.00 -0.0021368
-80.00 -35.00 -0.0015398
-75.00 -35.00 -0.0004989
-70.00 -35.00 0.0002903
-65.00 -35.00 0.0008651
-60.00 -35.00 0.0012304
-55.00 -35.00 0.0009545
-50.00 -35.00 -7.43e-05
-45.00 -35.00 -0.0013238
-40.00 -35.00 -0.0023824
-35.00 -35.00 -0.0032557
-30.00 -35.00 -0.0037151
-25.00 -35.00 -0.0032642
-20.00 -35.00 -0.0020358
-15.00 -35.00 -0.0008929
-10.00 -35.00 -0.0003042
-5.00 -35.00 0.0001613
0.00 -35.00 0.0008288
5.00 -35.00 0.0010031
10.00 -35.00 -0.0003452
15.00 -35.00 -0.0031536
20.00 -35.00 -0.0059938
25.00 -35.00 -0.0072959
30.00 -35.00 -0.006602
35.00 -35.00 -0.0046354
40.00 -35.00 -0.0025928
45.00 -35.00 -0.0015364
50.00 -35.00 -0.0018398
55.00 -35.00 -0.002655
60.00 -35.00 -0.0024427
65.00 -35.00 -0.0007645
70.00 -35.00 0.0009447
75.00 -35.00 0.0012568
80.00 -35.00 0.0007996
85.00 -35.00 0.001203
90.00 -35.00 0.0025
95.00 -35.00 0.003169
100.00 -35.00 0.0026337
105.00 -35.00 0.0020592
110.00 -35.00 0.0024431
115.00 -35.00 0.0033954
120.00 -35.00 0.0041581
125.00 -35.00 0.0045752
130.00 -35.00 0.004741
135.00 -35.00 0.0047167
140.00 -35.00 0.0046919
145.00 -35.00 0.004561
150.00 -35.00 0.0036697
155.00 -35.00 0.0019934
160.00 -35.00 0.0009153
165.00 -35.00 0.0014978
170.00 -35.00 0.0026661
175.00 -35.00 0.0026315
180.00 -35.00 0.0014647
-180.00 -30.00 0.0002386
-175.00 -30.00 0.001036
-170.00 -30.00 0.0015622
-165.00 -30.00 -8.63e-05
-160.00 -30.00 -0.0027848
-155.00 -30.00 -0.0037459
-150.00 -30.00 -0.0025353
-145.00 -30.00 -0.0012079
-140.00 -30.00 -0.0013521
-135.00 -30.00 -0.0027612
-130.00 -30.00 -0.0041029
-125.00 -30.00 -0.003946
-120.00 -30.00 -0.0021528
-115.00 -30.00 -0.0004088
-110.00 -30.00 -0.0001994
-105.00 -30.00 -0.000889
-100.00 -30.00 -0.0011959
-95.00 -30.00 -0.0012751
-90.00 -30.00 -0.001612
-85.00 -30.00 -0.0014666
-80.00 -30.00 -0.0003612
-75.00 -30.00 0.0004919
-70.00 -30.00 6.87e-05
-65.00 -30.00 -0.0007022
-60.00 -30.00 -0.00053
-55.00 -30.00 0.0003746
-50.00 -30.00 0.0010808
-45.00 -30.00 0.0011263
-40.00 -30.00 0.0003316
-35.00 -30.00 -0.0010948
-30.00 -30.00 -0.002066
-25.00 -30.00 -0.0017455
-20.00 -30.00 -0.0010703
-15.00 -30.00 -0.0015382
-10.00 -30.00 -0.0026631
-5.00 -30.00 -0.0023852
0.00 -30.00 -0.0001862
5.00 -30.00 0.0016755
10.00 -30.00 0.0006349
15.00 -30.00 -0.0032157
20.00 -30.00 -0.0071809
25.00 -30.00 -0.0087078
30.00 -30.00 -0.0075611
35.00 -30.00 -0.0052909
40.00 -30.00 -0.0034053
45.00 -30.00 -0.0026687
50.00 -30.00 -0.003194
55.00 -30.00 -0.0039123
60.00 -30.00 -0.0027929
65.00 -30.00 0.0006404
70.00 -30.00 0.0037316
75.00 -30.00 0.0037599
80.00 -30.00 0.0019141
85.00 -30.00 0.001605
90.00 -30.00 0.0032974
95.00 -30.00 0.0041305
100.00 -30.00 0.002695
105.00 -30.00 0.0009252
110.00 -30.00 0.0007396
115.00 -30.00 0.0018275
120.00 -30.00 0.0033697
125.00 -30.00 0.0051254
130.00 -30.00 0.0062866
135.00 -30.00 0.0058857
140.00 -30.00 0.0046198
145.00 -30.00 0.0038619
150.00 -30.00 0.0032062
155.00 -30.00 0.0015724
160.00 -30.00 -0.0001061
165.00 -30.00 -0.0002316
170.00 -30.00 0.0004864
175.00 -30.00 0.000452
180.00 -30.00 0.0002386
-180.00 -25.00 -0.0016247
-175.00 -25.00 -0.000509
-170.00 -25.00 0.0001977
-165.00 -25.00 -0.0021313
-160.00 -25.00 -0.005422
-155.00 -25.00 -0.0061078
-150.00 -25.00 -0.0047939
-145.00 -25.00 -0.0042866
-140.00 -25.00 -0.0048665
-135.00 -25.00 -0.0050702
-130.00 -25.00 -0.0044564
-125.00 -25.00 -0.0033794
-120.00 -25.00 -0.0025582
-115.00 -25.00 -0.0033559
-110.00 -25.00 -0.0056975
-105.00 -25.00 -0.0067183
-100.00 -25.00 -0.0046019
-95.00 -25.00 -0.0016775
-90.00 -25.00 -0.0005013
-85.00 -25.00 9.79e-05
-80.00 -25.00 0.0017611
-75.00 -25.00 0.003012
-70.00 -25.00 0.0023269
-65.00 -25.00 0.001321
-60.00 -25.00 0.0018848
-55.00 -25.00 0.0031682
-50.00 -25.00 0.0034622
-45.00 -25.00 0.0023938
-40.00 -25.00 0.0003493
-35.00 -25.00 -0.0017357
-30.00 -25.00 -0.002155
-25.00 -25.00 -0.0005934
-20.00 -25.00 0.000364
-15.00 -25.00 -0.0014548
-10.00 -25.00 -0.0041805
-5.00 -25.00 -0.0042834
0.00 -25.00 -0.0016038
5.00 -25.00 0.0003824
10.00 -25.00 -0.0011208
15.00 -25.00 -0.0052265
20.00 -25.00 -0.0085868
25.00 -25.00 -0.0088827
30.00 -25.00 -0.0068463
35.00 -25.00 -0.0047235
40.00 -25.00 -0.0034799
45.00 -25.00 -0.0027662
50.00 -25.00 -0.0027278
55.00 -25.00 -0.0034527
60.00 -25.00 -0.0032882
65.00 -25.00 -0.0008382
70.00 -25.00 0.001798
75.00 -25.00 0.0014441
80.00 -25.00 -0.0008186
85.00 -25.00 -0.0009842
90.00 -25.00 0.0013203
95.00 -25.00 0.0024488
100.00 -25.00 0.0012225
105.00 -25.00 0.0006047
110.00 -25.00 0.0020983
115.00 -25.00 0.0036728
120.00 -25.00 0.0042426
125.00 -25.00 0.0050765
130.00 -25.00 0.0059216
135.00 -25.00 0.0048809
140.00 -25.00 0.0026991
145.00 -25.00 0.002025
150.00 -25.00 0.0024056
155.00 -25.00 0.0012588
160.00 -25.00 -0.0008378
165.00 -25.00 -0.0012895
170.00 -25.00 -0.0006453
175.00 -25.00 -0.0010797
180.00 -25.00 -0.0016247
-180.00 -20.00 -0.0044204
-175.00 -20.00 -0.0046879
-170.00 -20.00 -0.0045377
-165.00 -20.00 -0.0063956
-160.00 -20.00 -0.0079309
-155.00 -20.00 -0.0066425
-150.00 -20.00 -0.0051848
-145.00 -20.00 -0.0060635
-140.00 -20.00 -0.0066828
-135.00 -20.00 -0.0045791
-130.00 -20.00 -0.0017396
-125.00 -20.00 -0.0004714
-120.00 -20.00 -0.0007323
-115.00 -20.00 -0.002662
-110.00 -20.00 -0.0059106
-105.00 -20.00 -0.0072979
-100.00 -20.00 -0.0048648
-95.00 -20.00 -0.0017477
-90.00 -20.00 -0.0009178
-85.00 -20.00 -0.0003543
-80.00 -20.00 0.0018764
-75.00 -20.00 0.0033426
-70.00 -20.00 0.0024451
-65.00 -20.00 0.0019756
-60.00 -20.00 0.0037869
-55.00 -20.00 0.0054265
-50.00 -20.00 0.0045064
-45.00 -20.00 0.0016145
-40.00 -20.00 -0.0017942
-35.00 -20.00 -0.00412
-30.00 -20.00 -0.0033196
-25.00 -20.00 5.75e-05
-20.00 -20.00 0.0017568
-15.00 -20.00 -0.0005971
-10.00 -20.00 -0.0037513
-5.00 -20.00 -0.0038384
0.00 -20.00 -0.0018956
5.00 -20.00 -0.0016089
10.00 -20.00 -0.0043373
15.00 -20.00 -0.0083117
20.00 -20.00 -0.0107279
25.00 -20.00 -0.0099156
30.00 -20.00 -0.0068554
35.00 -20.00 -0.0040986
40.00 -20.00 -0.0025311
45.00 -20.00 -0.0011234
50.00 -20.00 -0.0001263
55.00 -20.00 -0.0010669
60.00 -20.00 -0.0030286
65.00 -20.00 -0.0031474
70.00 -20.00 -0.0015407
75.00 -20.00 -0.0011324
80.00 -20.00 -0.002022
85.00 -20.00 -0.0013291
90.00 -20.00 0.0007885
95.00 -20.00 0.001029
100.00 -20.00 -0.0003248
105.00 -20.00 0.0007466
110.00 -20.00 0.0043093
115.00 -20.00 0.005781
120.00 -20.00 0.0041938
125.00 -20.00 0.0035656
130.00 -20.00 0.0048208
135.00 -20.00 0.0044558
140.00 -20.00 0.0023337
145.00 -20.00 0.002259
150.00 -20.00 0.0039494
155.00 -20.00 0.0031497
160.00 -20.00 6.7e-06
165.00 -20.00 -0.0013654
170.00 -20.00 -0.0010157
175.00 -20.00 -0.0022652
180.00 -20.00 -0.0044204
-180.00 -15.00 -0.0061307
-175.00 -15.00 -0.0069545
-170.00 -15.00 -0.0069866
-165.00 -15.00 -0.0081261
-160.00 -15.00 -0.0080185
-155.00 -15.00 -0.0054146
-150.00 -15.00 -0.0043345
-145.00 -15.00 -0.0061719
-140.00 -15.00 -0.0059253
-135.00 -15.00 -0.001643
-130.00 -15.00 0.0016824
-125.00 -15.00 0.0012884
-120.00 -15.00 9.64e-05
-115.00 -15.00 -0.0005502
-110.00 -15.00 -0.0021516
-105.00 -15.00 -0.0035535
-100.00 -15.00 -0.002737
-95.00 -15.00 -0.0015461
-90.00 -15.00 -0.001683
-85.00 -15.00 -0.0009093
-80.00 -15.00 0.0013145
-75.00 -15.00 0.0013604
-70.00 -15.00 -0.0011641
-65.00 -15.00 -0.0015258
-60.00 -15.00 0.0017183
-55.00 -15.00 0.004358
-50.00 -15.00 0.0037667
-45.00 -15.00 0.0012883
-40.00 -15.00 -0.0017061
-35.00 -15.00 -0.0038405
-30.00 -15.00 -0.0027065
-25.00 -15.00 0.0008749
-20.00 -15.00 0.0019599
-15.00 -15.00 -0.0010768
-10.00 -15.00 -0.0037907
-5.00 -15.00 -0.0032571
0.00 -15.00 -0.00214
5.00 -15.00 -0.0031622
10.00 -15.00 -0.0055796
15.00 -15.00 -0.008129
20.00 -15.00 -0.0101303
25.00 -15.00 -0.0099291
30.00 -15.00 -0.0067937
35.00 -15.00 -0.0030437
40.00 -15.00 -0.0008531
45.00 -15.00 0.0004846
50.00 -15.00 0.0015188
55.00 -15.00 0.000764
60.00 -15.00 -0.001635
65.00 -15.00 -0.0026861
70.00 -15.00 -0.0012872
75.00 -15.00 0.0001835
80.00 -15.00 0.0006032
85.00 -15.00 0.0014911
90.00 -15.00 0.0024937
95.00 -15.00 0.0013247
100.00 -15.00 -0.0005963
105.00 -15.00 0.0008249
110.00 -15.00 0.0043787
115.00 -15.00 0.0043564
120.00 -15.00 0.000798
125.00 -15.00 3.7e-06
130.00 -15.00 0.0031022
135.00 -15.00 0.0042269
140.00 -15.00 0.0020432
145.00 -15.00 0.0019621
150.00 -15.00 0.0047469
155.00 -15.00 0.0045628
160.00 -15.00 0.0003271
165.00 -15.00 -0.0025211
170.00 -15.00 -0.0025767
175.00 -15.00 -0.0036905
180.00 -15.00 -0.0061307
-180.00 -10.00 -0.0052981
-175.00 -10.00 -0.0045085
-170.00 -10.00 -0.0035634
-165.00 -10.00 -0.0045413
-160.00 -10.00 -0.005257
-155.00 -10.00 -0.0041852
-150.00 -10.00 -0.0043552
-145.00 -10.00 -0.0058823
-140.00 -10.00 -0.0037951
-135.00 -10.00 0.0016508
-130.00 -10.00 0.0034784
-125.00 -10.00 0.000231
-120.00 -10.00 -0.0019103
-115.00 -10.00 -0.0006359
-110.00 -10.00 0.0002955
-105.00 -10.00 -0.0002954
-100.00 -10.00 -0.000384
-95.00 -10.00 -0.000126
-90.00 -10.00 5e-06
-85.00 -10.00 0.0014989
-80.00 -10.00 0.0030475
-75.00 -10.00 0.000827
-70.00 -10.00 -0.0035609
-65.00 -10.00 -0.0042017
-60.00 -10.00 -0.0007158
-55.00 -10.00 0.001984
-50.00 -10.00 0.002247
-45.00 -10.00 0.0015903
-40.00 -10.00 -0.0001693
-35.00 -10.00 -0.0024285
-30.00 -10.00 -0.0020664
-25.00 -10.00 0.0003617
-20.00 -10.00 -5.71e-05
-15.00 -10.00 -0.003708
-10.00 -10.00 -0.0054514
-5.00 -10.00 -0.0040484
0.00 -10.00 -0.0033486
5.00 -10.00 -0.0041073
10.00 -10.00 -0.0038346
15.00 -10.00 -0.0034454
20.00 -10.00 -0.0053808
25.00 -10.00 -0.0073686
30.00 -10.00 -0.0057039
35.00 -10.00 -0.0019031
40.00 -10.00 0.0001362
45.00 -10.00 0.0002578
50.00 -10.00 0.000402
55.00 -10.00 0.000489
60.00 -10.00 -5.41e-05
65.00 -10.00 -4.93e-05
70.00 -10.00 0.0011345
75.00 -10.00 0.0021162
80.00 -10.00 0.0022726
85.00 -10.00 0.0027016
90.00 -10.00 0.0031514
95.00 -10.00 0.0019256
100.00 -10.00 -2e-07
105.00 -10.00 0.0003776
110.00 -10.00 0.002053
115.00 -10.00 0.0007646
120.00 -10.00 -0.0025876
125.00 -10.00 -0.0021209
130.00 -10.00 0.0021554
135.00 -10.00 0.0031823
140.00 -10.00 -0.0004648
145.00 -10.00 -0.0017572
150.00 -10.00 0.0014552
155.00 -10.00 0.0023695
160.00 -10.00 -0.0018715
165.00 -10.00 -0.0055167
170.00 -10.00 -0.0054032
175.00 -10.00 -0.0048977
180.00 -10.00 -0.0052981
-180.00 -5.00 -0.003722
-175.00 -5.00 -0.0016503
-170.00 -5.00 0.0004357
-165.00 -5.00 -0.0003566
-160.00 -5.00 -0.0028452
-155.00 -5.00 -0.0043317
-150.00 -5.00 -0.005233
-145.00 -5.00 -0.0052067
-140.00 -5.00 -0.0017517
-135.00 -5.00 0.0028941
-130.00 -5.00 0.002644
-125.00 -5.00 -0.0019122
-120.00 -5.00 -0.0039047
-115.00 -5.00 -0.0016552
-110.00 -5.00 0.0003807
-105.00 -5.00 0.0006085
-100.00 -5.00 0.0009581
-95.00 -5.00 0.0017022
-90.00 -5.00 0.0026027
-85.00 -5.00 0.0043766
-80.00 -5.00 0.0051586
-75.00 -5.00 0.002255
-70.00 -5.00 -0.001622
-65.00 -5.00 -0.001809
-60.00 -5.00 0.0003527
-55.00 -5.00 0.001013
-50.00 -5.00 0.0008253
-45.00 -5.00 0.0011323
-40.00 -5.00 -0.000118
-35.00 -5.00 -0.002702
-30.00 -5.00 -0.0027937
-25.00 -5.00 -0.0010589
-20.00 -5.00 -0.0022945
-15.00 -5.00 -0.0056803
-10.00 -5.00 -0.0060934
-5.00 -5.00 -0.0041882
0.00 -5.00 -0.0042003
5.00 -5.00 -0.0046414
10.00 -5.00 -0.001964
15.00 -5.00 0.0007528
20.00 -5.00 -0.0011744
25.00 -5.00 -0.0050395
30.00 -5.00 -0.0053289
35.00 -5.00 -0.002594
40.00 -5.00 -0.0009847
45.00 -5.00 -0.0012529
50.00 -5.00 -0.0013085
55.00 -5.00 -0.000349
60.00 -5.00 0.0009388
65.00 -5.00 0.0019716
70.00 -5.00 0.0023339
75.00 -5.00 0.0018834
80.00 -5.00 0.0014404
85.00 -5.00 0.002036
90.00 -5.00 0.0031531
95.00 -5.00 0.0030392
100.00 -5.00 0.0013423
105.00 -5.00 -0.0001798
110.00 -5.00 -0.0006395
115.00 -5.00 -0.0012439
120.00 -5.00 -0.0018208
125.00 -5.00 -0.0001024
130.00 -5.00 0.0028155
135.00 -5.00 0.0020008
140.00 -5.00 -0.0026453
145.00 -5.00 -0.004605
150.00 -5.00 -0.0018522
155.00 -5.00 -0.000772
160.00 -5.00 -0.004557
165.00 -5.00 -0.0078247
170.00 -5.00 -0.0068912
175.00 -5.00 -0.0048733
180.00 -5.00 -0.003722
-180.00 0.00 -0.0027285
-175.00 0.00 -0.0021542
-170.00 0.00 -0.0003242
-165.00 0.00 -0.0004805
-160.00 0.00 -0.0032333
-155.00 0.00 -0.0053876
-150.00 0.00 -0.0052174
-145.00 0.00 -0.0032652
-140.00 0.00 -0.0003638
-135.00 0.00 0.0013565
-130.00 0.00 -0.0001812
-125.00 0.00 -0.0028191
-120.00 0.00 -0.0027031
-115.00 0.00 -0.0005709
-110.00 0.00 0.0003507
-105.00 0.00 0.0002665
-100.00 0.00 0.0010048
-95.00 0.00 0.0021168
-90.00 0.00 0.0030044
-85.00 0.00 0.004147
-80.00 0.00 0.0043856
-75.00 0.00 0.0025755
-70.00 0.00 0.001078
-65.00 0.00 0.001745
-60.00 0.00 0.0020009
-55.00 0.00 0.0003588
-50.00 0.00 -0.0002976
-45.00 0.00 0.0006682
-40.00 0.00 -5.46e-05
-35.00 0.00 -0.0021036
-30.00 0.00 -0.0017741
-25.00 0.00 -0.0004827
-20.00 0.00 -0.0023562
-15.00 0.00 -0.0051517
-10.00 0.00 -0.0043561
-5.00 0.00 -0.0023851
0.00 0.00 -0.0033486
5.00 0.00 -0.0044466
10.00 0.00 -0.0021044
15.00 0.00 0.0001535
20.00 0.00 -0.001837
25.00 0.00 -0.0054176
30.00 0.00 -0.0062799
35.00 0.00 -0.0047684
40.00 0.00 -0.0031401
45.00 0.00 -0.0019563
50.00 0.00 -0.0010785
55.00 0.00 -0.0003151
60.00 0.00 0.0009452
65.00 0.00 0.0024458
70.00 0.00 0.0029455
75.00 0.00 0.0024565
80.00 0.00 0.0024208
85.00 0.00 0.0034961
90.00 0.00 0.0049114
95.00 0.00 0.0053056
100.00 0.00 0.0035674
105.00 0.00 0.0004016
110.00 0.00 -0.0014636
115.00 0.00 -0.0005073
120.00 0.00 0.0016692
125.00 0.00 0.0029458
130.00 0.00 0.0026199
135.00 0.00 0.0006223
140.00 0.00 -0.0017819
145.00 0.00 -0.001977
150.00 0.00 -0.0004016
155.00 0.00 -0.0013425
160.00 0.00 -0.0054997
165.00 0.00 -0.0076129
170.00 0.00 -0.0053129
175.00 0.00 -0.0028515
180.00 0.00 -0.0027285
-180.00 5.00 -0.0009354
-175.00 5.00 -0.0028353
-170.00 5.00 -0.0025752
-165.00 5.00 -0.002731
-160.00 5.00 -0.0050674
-155.00 5.00 -0.006449
-150.00 5.00 -0.0042453
-145.00 5.00 -0.0006724
-140.00 5.00 0.0005769
-135.00 5.00 -0.0010827
-130.00 5.00 -0.002936
-125.00 5.00 -0.0022458
-120.00 5.00 0.0002892
-115.00 5.00 0.0013294
-110.00 5.00 -0.0001328
-105.00 5.00 -0.0013761
-100.00 5.00 -0.0005953
-95.00 5.00 0.000962
-90.00 5.00 0.0021987
-85.00 5.00 0.0031385
-80.00 5.00 0.00307
-75.00 5.00 0.0019092
-70.00 5.00 0.001407
-65.00 5.00 0.0016253
-60.00 5.00 0.0003455
-55.00 5.00 -0.0017003
-50.00 5.00 -0.0011993
-45.00 5.00 0.0010547
-40.00 5.00 0.0013778
-35.00 5.00 0.0004203
-30.00 5.00 0.0008569
-25.00 5.00 0.0006858
-20.00 5.00 -0.0024207
-15.00 5.00 -0.0047826
-10.00 5.00 -0.0031088
-5.00 5.00 -0.0009648
0.00 5.00 -0.0017477
5.00 5.00 -0.0028552
10.00 5.00 -0.0023224
15.00 5.00 -0.0027814
20.00 5.00 -0.0051427
25.00 5.00 -0.0066142
30.00 5.00 -0.0063754
35.00 5.00 -0.0058052
40.00 5.00 -0.0043377
45.00 5.00 -0.0015537
50.00 5.00 2.6e-06
55.00 5.00 -0.0007084
60.00 5.00 -0.0006742
65.00 5.00 0.0017703
70.00 5.00 0.0043878
75.00 5.00 0.0055399
80.00 5.00 0.0059722
85.00 5.00 0.0061473
90.00 5.00 0.0060469
95.00 5.00 0.0059807
100.00 5.00 0.0051256
105.00 5.00 0.0026264
110.00 5.00 0.0007659
115.00 5.00 0.0021535
120.00 5.00 0.0044782
125.00 5.00 0.0035907
130.00 5.00 0.0002258
135.00 5.00 -0.0014669
140.00 5.00 -3.81e-05
145.00 5.00 0.0022384
150.00 5.00 0.0021996
155.00 5.00 -0.001548
160.00 5.00 -0.0062498
165.00 5.00 -0.00678
170.00 5.00 -0.0027033
175.00 5.00 0.0002999
180.00 5.00 -0.0009353
-180.00 10.00 0.0011386
-175.00 10.00 -0.0008484
-170.00 10.00 -0.0017613
-165.00 10.00 -0.003163
-160.00 10.00 -0.0062109
-155.00 10.00 -0.0073411
-150.00 10.00 -0.0036937
-145.00 10.00 0.0011072
-140.00 10.00 0.0015126
-135.00 10.00 -0.0020123
-130.00 10.00 -0.0038807
-125.00 10.00 -0.0013794
-120.00 10.00 0.0018955
-115.00 10.00 0.0015065
-110.00 10.00 -0.001824
-105.00 10.00 -0.0040068
-100.00 10.00 -0.0032122
-95.00 10.00 -0.0006698
-90.00 10.00 0.0022289
-85.00 10.00 0.0043866
-80.00 10.00 0.0045095
-75.00 10.00 0.0028565
-70.00 10.00 0.0011808
-65.00 10.00 -0.0002983
-60.00 10.00 -0.0023403
-55.00 10.00 -0.0033335
-50.00 10.00 -0.0014484
-45.00 10.00 0.0010935
-40.00 10.00 0.0013221
-35.00 10.00 0.0004146
-30.00 10.00 2.97e-05
-25.00 10.00 -0.0016118
-20.00 10.00 -0.0048634
-15.00 10.00 -0.0059831
-10.00 10.00 -0.0037058
-5.00 10.00 -0.0015258
0.00 10.00 -0.0009079
5.00 10.00 -0.0001337
10.00 10.00 -0.0002255
15.00 10.00 -0.0032523
20.00 10.00 -0.0063256
25.00 10.00 -0.0059356
30.00 10.00 -0.0045552
35.00 10.00 -0.0050567
40.00 10.00 -0.0046589
45.00 10.00 -0.0016068
50.00 10.00 -7.14e-05
55.00 10.00 -0.0020732
60.00 10.00 -0.0028767
65.00 10.00 0.0007269
70.00 10.00 0.0055434
75.00 10.00 0.0080335
80.00 10.00 0.0080378
85.00 10.00 0.006157
90.00 10.00 0.003549
95.00 10.00 0.0026748
100.00 10.00 0.0038429
105.00 10.00 0.004499
110.00 10.00 0.0042361
115.00 10.00 0.005047
120.00 10.00 0.0058221
125.00 10.00 0.0034065
130.00 10.00 -0.0007863
135.00 10.00 -0.0019865
140.00 10.00 0.0004983
145.00 10.00 0.0025453
150.00 10.00 0.0009453
155.00 10.00 -0.0035936
160.00 10.00 -0.0074691
165.00 10.00 -0.0069551
170.00 10.00 -0.0023475
175.00 10.00 0.0014399
180.00 10.00 0.0011386
-180.00 15.00 0.0001995
-175.00 15.00 0.0003514
-170.00 15.00 -0.0003195
-165.00 15.00 -0.002757
-160.00 15.00 -0.0065538
-155.00 15.00 -0.0076593
-150.00 15.00 -0.0035218
-145.00 15.00 0.0017707
-140.00 15.00 0.0022854
-135.00 15.00 -0.0014
-130.00 15.00 -0.0033074
-125.00 15.00 -0.0007982
-120.00 15.00 0.0023228
-115.00 15.00 0.0019063
-110.00 15.00 -0.0012959
-105.00 15.00 -0.0038721
-100.00 15.00 -0.0040197
-95.00 15.00 -0.0018455
-90.00 15.00 0.0018244
-85.00 15.00 0.0051358
-80.00 15.00 0.0059867
-75.00 15.00 0.0043404
-70.00 15.00 0.0018548
-65.00 15.00 -0.0005567
-60.00 15.00 -0.0023912
-55.00 15.00 -0.0023123
-50.00 15.00 -0.0003819
-45.00 15.00 0.0006465
-40.00 15.00 -0.000726
-35.00 15.00 -0.0025864
-30.00 15.00 -0.0036413
-25.00 15.00 -0.0049391
-20.00 15.00 -0.0060443
-15.00 15.00 -0.0050579
-10.00 15.00 -0.0029922
-5.00 15.00 -0.0020485
0.00 15.00 -0.000863
5.00 15.00 0.0018472
10.00 15.00 0.0024411
15.00 15.00 -0.001353
20.00 15.00 -0.0046129
25.00 15.00 -0.0033896
30.00 15.00 -0.001768
35.00 15.00 -0.0033677
40.00 15.00 -0.0042905
45.00 15.00 -0.0016397
50.00 15.00 0.0002476
55.00 15.00 -0.0014719
60.00 15.00 -0.0024127
65.00 15.00 0.0008956
70.00 15.00 0.0055295
75.00 15.00 0.0079156
80.00 15.00 0.0076378
85.00 15.00 0.0048446
90.00 15.00 0.0005282
95.00 15.00 -0.0017573
100.00 15.00 3.35e-05
105.00 15.00 0.0031752
110.00 15.00 0.0047142
115.00 15.00 0.0051601
120.00 15.00 0.0052107
125.00 15.00 0.0039316
130.00 15.00 0.0018769
135.00 15.00 0.00109
140.00 15.00 0.0013622
145.00 15.00 0.0006197
150.00 15.00 -0.0015732
155.00 15.00 -0.0040524
160.00 15.00 -0.0058963
165.00 15.00 -0.0061438
170.00 15.00 -0.0041556
175.00 15.00 -0.0013343
180.00 15.00 0.0001995
-180.00 20.00 -0.0029315
-175.00 20.00 -0.0014649
-170.00 20.00 -0.0015356
-165.00 20.00 -0.0036386
-160.00 20.00 -0.0064639
-155.00 20.00 -0.0067195
-150.00 20.00 -0.0028989
-145.00 20.00 0.0015678
-140.00 20.00 0.0021093
-135.00 20.00 -0.0007603
-130.00 20.00 -0.0022847
-125.00 20.00 -8.56e-05
-120.00 20.00 0.0033202
-115.00 20.00 0.0046312
-110.00 20.00 0.0033548
-105.00 20.00 0.0008923
-100.00 20.00 -0.0012648
-95.00 20.00 -0.0017471
-90.00 20.00 5.12e-05
-85.00 20.00 0.0028283
-80.00 20.00 0.0044124
-75.00 20.00 0.0040243
-70.00 20.00 0.0023527
-65.00 20.00 0.0003261
-60.00 20.00 -0.0008597
-55.00 20.00 -0.0001608
-50.00 20.00 0.0013951
-45.00 20.00 0.0012863
-40.00 20.00 -0.0009171
-35.00 20.00 -0.0031096
-30.00 20.00 -0.0041084
-25.00 20.00 -0.0042761
-20.00 20.00 -0.0032777
-15.00 20.00 -0.0011771
-10.00 20.00 -0.0002114
-5.00 20.00 -0.0011685
0.00 20.00 -0.0009687
5.00 20.00 0.0015683
10.00 20.00 0.0023106
15.00 20.00 -0.0006985
20.00 20.00 -0.0026351
25.00 20.00 -0.000435
30.00 20.00 0.0014357
35.00 20.00 -0.0003735
40.00 20.00 -0.001756
45.00 20.00 0.0006799
50.00 20.00 0.0032824
55.00 20.00 0.0026206
60.00 20.00 0.0013693
65.00 20.00 0.0025674
70.00 20.00 0.0049021
75.00 20.00 0.0064476
80.00 20.00 0.0069094
85.00 20.00 0.0052565
90.00 20.00 0.0009366
95.00 20.00 -0.0029533
100.00 20.00 -0.0029079
105.00 20.00 -0.0001367
110.00 20.00 0.0017211
115.00 20.00 0.0018817
120.00 20.00 0.0020525
125.00 20.00 0.0030588
130.00 20.00 0.0042121
135.00 20.00 0.0042686
140.00 20.00 0.0023245
145.00 20.00 -0.0006603
150.00 20.00 -0.0021534
155.00 20.00 -0.0015342
160.00 20.00 -0.0012784
165.00 20.00 -0.0029788
170.00 20.00 -0.0048181
175.00 20.00 -0.0046462
180.00 20.00 -0.0029315
-180.00 25.00 -0.0027057
-175.00 25.00 -0.0021686
-170.00 25.00 -0.0027793
-165.00 25.00 -0.0042601
-160.00 25.00 -0.0054851
-155.00 25.00 -0.0049716
-150.00 25.00 -0.0023264
-145.00 25.00 0.000584
-140.00 25.00 0.0014218
-135.00 25.00 0.0003664
-130.00 25.00 -0.0001766
-125.00 25.00 0.0012644
-120.00 25.00 0.0038315
-115.00 25.00 0.0058755
-110.00 25.00 0.0063583
-105.00 25.00 0.0049122
-100.00 25.00 0.002088
-95.00 25.00 -0.0003781
-90.00 25.00 -0.0008047
-85.00 25.00 0.0007766
-80.00 25.00 0.0028468
-75.00 25.00 0.0038965
-70.00 25.00 0.0032706
-65.00 25.00 0.0014917
-60.00 25.00 0.0002474
-55.00 25.00 0.0008295
-50.00 25.00 0.0022487
-45.00 25.00 0.002362
-40.00 25.00 0.0008046
-35.00 25.00 -0.0010127
-30.00 25.00 -0.0022576
-25.00 25.00 -0.0028143
-20.00 25.00 -0.0021512
-15.00 25.00 -0.0005566
-10.00 25.00 0.00011
-5.00 25.00 -0.0006185
0.00 25.00 -0.0006356
5.00 25.00 0.0005598
10.00 25.00 0.0003412
15.00 25.00 -0.0016657
20.00 25.00 -0.0016557
25.00 25.00 0.0016579
30.00 25.00 0.004046
35.00 25.00 0.0030322
40.00 25.00 0.0021827
45.00 25.00 0.0043911
50.00 25.00 0.0068254
55.00 25.00 0.0062931
60.00 25.00 0.0042534
65.00 25.00 0.0033499
70.00 25.00 0.0036762
75.00 25.00 0.004554
80.00 25.00 0.0056977
85.00 25.00 0.005598
90.00 25.00 0.0028418
95.00 25.00 -0.0006952
100.00 25.00 -0.0017263
105.00 25.00 -0.0003238
110.00 25.00 0.00056
115.00 25.00 -0.0002047
120.00 25.00 -0.0006867
125.00 25.00 0.0007978
130.00 25.00 0.0031343
135.00 25.00 0.0035069
140.00 25.00 0.0006916
145.00 25.00 -0.0029117
150.00 25.00 -0.0035908
155.00 25.00 -0.0010475
160.00 25.00 0.0010528
165.00 25.00 8.25e-05
170.00 25.00 -0.0023322
175.00 25.00 -0.0033358
180.00 25.00 -0.0027057
-180.00 30.00 0.0016797
-175.00 30.00 0.0004831
-170.00 30.00 -0.0013847
-165.00 30.00 -0.0029486
-160.00 30.00 -0.0037111
-155.00 30.00 -0.0035727
-150.00 30.00 -0.002351
-145.00 30.00 -0.0001427
-140.00 30.00 0.0022663
-135.00 30.00 0.0038543
-130.00 30.00 0.0040813
-125.00 30.00 0.0031973
-120.00 30.00 0.002163
-115.00 30.00 0.0020165
-110.00 30.00 0.0027964
-105.00 30.00 0.003319
-100.00 30.00 0.0025611
-95.00 30.00 0.0010532
-90.00 30.00 0.0004041
-85.00 30.00 0.0015931
-80.00 30.00 0.0040066
-75.00 30.00 0.0059031
-70.00 30.00 0.0057866
-65.00 30.00 0.0038302
-60.00 30.00 0.0018964
-55.00 30.00 0.0015056
-50.00 30.00 0.0020533
-45.00 30.00 0.0018679
-40.00 30.00 0.0004527
-35.00 30.00 -0.0015046
-30.00 30.00 -0.0035675
-25.00 30.00 -0.0054385
-20.00 30.00 -0.0061762
-15.00 30.00 -0.0051576
-10.00 30.00 -0.003122
-5.00 30.00 -0.0010505
0.00 30.00 0.000773
5.00 30.00 0.0016999
10.00 30.00 0.0008519
15.00 30.00 -0.0006055
20.00 30.00 -4.48e-05
25.00 30.00 0.0025232
30.00 30.00 0.0040701
35.00 30.00 0.0035396
40.00 30.00 0.0035493
45.00 30.00 0.0055232
50.00 30.00 0.0069916
55.00 30.00 0.0057501
60.00 30.00 0.0032629
65.00 30.00 0.0019628
70.00 30.00 0.0020803
75.00 30.00 0.0026967
80.00 30.00 0.0033724
85.00 30.00 0.0036085
90.00 30.00 0.0029227
95.00 30.00 0.0021183
100.00 30.00 0.0024968
105.00 30.00 0.003567
110.00 30.00 0.0034552
115.00 30.00 0.0018031
120.00 30.00 0.000523
125.00 30.00 0.0011439
130.00 30.00 0.0025151
135.00 30.00 0.0019421
140.00 30.00 -0.0014922
145.00 30.00 -0.0053323
150.00 30.00 -0.006178
155.00 30.00 -0.0035477
160.00 30.00 -0.0001942
165.00 30.00 0.0014905
170.00 30.00 0.0017861
175.00 30.00 0.0018846
180.00 30.00 0.0016797
-180.00 35.00 0.004072
-175.00 35.00 0.0021269
-170.00 35.00 0.0001446
-165.00 35.00 -0.0011644
-160.00 35.00 -0.0019832
-155.00 35.00 -0.0025378
-150.00 35.00 -0.0020622
-145.00 35.00 0.000503
-140.00 35.00 0.0047166
-135.00 35.00 0.0081562
-130.00 35.00 0.008229
-125.00 35.00 0.0046194
-120.00 35.00 -0.0001356
-115.00 35.00 -0.0027349
-110.00 35.00 -0.0019617
-105.00 35.00 0.0005364
-100.00 35.00 0.0022308
-95.00 35.00 0.0022187
-90.00 35.00 0.0017174
-85.00 35.00 0.0024123
-80.00 35.00 0.0045785
-75.00 35.00 0.006772
-70.00 35.00 0.007304
-65.00 35.00 0.0059976
-60.00 35.00 0.004235
-55.00 35.00 0.0031603
-50.00 35.00 0.0023901
-45.00 35.00 0.0009413
-40.00 35.00 -0.0012294
-35.00 35.00 -0.0034095
-30.00 35.00 -0.0052794
-25.00 35.00 -0.0068498
-20.00 35.00 -0.0075993
-15.00 35.00 -0.0067138
-10.00 35.00 -0.004128
-5.00 35.00 -0.0007182
0.00 35.00 0.0023141
5.00 35.00 0.0039831
10.00 35.00 0.0041071
15.00 35.00 0.0036255
20.00 35.00 0.0034981
25.00 35.00 0.00329
30.00 35.00 0.0021243
35.00 35.00 0.0008823
40.00 35.00 0.0014677
45.00 35.00 0.003603
50.00 35.00 0.0045999
55.00 35.00 0.003098
60.00 35.00 0.0009767
65.00 35.00 0.0005319
70.00 35.00 0.0015393
75.00 35.00 0.0022753
80.00 35.00 0.0020655
85.00 35.00 0.0016744
90.00 35.00 0.0020202
95.00 35.00 0.0033022
100.00 35.00 0.0048612
105.00 35.00 0.0055541
110.00 35.00 0.0048286
115.00 35.00 0.0036036
120.00 35.00 0.0034658
125.00 35.00 0.0047128
130.00 35.00 0.0056452
135.00 35.00 0.0042384
140.00 35.00 0.0004872
145.00 35.00 -0.0032181
150.00 35.00 -0.0042841
155.00 35.00 -0.0023328
160.00 35.00 0.0008467
165.00 35.00 0.0034174
170.00 35.00 0.0048057
175.00 35.00 0.0050517
180.00 35.00 0.004072
-180.00 40.00 0.0018323
-175.00 40.00 0.0005637
-170.00 40.00 0.0001949
-165.00 40.00 0.0002523
-160.00 40.00 -9.95e-05
-155.00 40.00 -0.0008974
-150.00 40.00 -0.0008376
-145.00 40.00 0.0014676
-140.00 40.00 0.0055112
-135.00 40.00 0.008603
-130.00 40.00 0.0080717
-125.00 40.00 0.0039226
-120.00 40.00 -0.0008424
-115.00 40.00 -0.0027653
-110.00 40.00 -0.0009238
-105.00 40.00 0.0025041
-100.00 40.00 0.0045027
-95.00 40.00 0.0039407
-90.00 40.00 0.0021999
-85.00 40.00 0.0014457
-80.00 40.00 0.0024912
-75.00 40.00 0.004305
-70.00 40.00 0.0053849
-65.00 40.00 0.0053147
-60.00 40.00 0.0047739
-55.00 40.00 0.0042458
-50.00 40.00 0.0033276
-45.00 40.00 0.0015809
-40.00 40.00 -0.000458
-35.00 40.00 -0.0017034
-30.00 40.00 -0.001761
-25.00 40.00 -0.0012232
-20.00 40.00 -0.0008092
-15.00 40.00 -0.0006716
-10.00 40.00 -0.0005291
-5.00 40.00 -5.02e-05
0.00 40.00 0.0009973
5.00 40.00 0.0026836
10.00 40.00 0.0047596
15.00 40.00 0.0064734
20.00 40.00 0.0066695
25.00 40.00 0.0046302
30.00 40.00 0.0012944
35.00 40.00 -0.0008699
40.00 40.00 -0.0001873
45.00 40.00 0.0021275
50.00 40.00 0.0032155
55.00 40.00 0.0020166
60.00 40.00 0.0003928
65.00 40.00 0.0004854
70.00 40.00 0.0020629
75.00 40.00 0.0032381
80.00 40.00 0.0030468
85.00 40.00 0.0023412
90.00 40.00 0.0023264
95.00 40.00 0.0029982
100.00 40.00 0.003294
105.00 40.00 0.0025448
110.00 40.00 0.0015145
115.00 40.00 0.0018084
120.00 40.00 0.0041171
125.00 40.00 0.0071448
130.00 40.00 0.0085484
135.00 40.00 0.0071124
140.00 40.00 0.0039796
145.00 40.00 0.0016612
150.00 40.00 0.0017958
155.00 40.00 0.0038588
160.00 40.00 0.0059511
165.00 40.00 0.0065896
170.00 40.00 0.0056143
175.00 40.00 0.003743
180.00 40.00 0.0018323
-180.00 45.00 0.0001753
-175.00 45.00 0.0003583
-170.00 45.00 0.0017681
-165.00 45.00 0.0029397
-160.00 45.00 0.0027771
-155.00 45.00 0.0015144
-150.00 45.00 0.0005944
-145.00 45.00 0.0012881
-140.00 45.00 0.0032672
-135.00 45.00 0.0047012
-130.00 45.00 0.0040121
-125.00 45.00 0.0015874
-120.00 45.00 -0.0003803
-115.00 45.00 9.81e-05
-110.00 45.00 0.0029015
-105.00 45.00 0.0058811
-100.00 45.00 0.0068206
-95.00 45.00 0.0053409
-90.00 45.00 0.0029902
-85.00 45.00 0.0016286
-80.00 45.00 0.0018133
-75.00 45.00 0.0026805
-70.00 45.00 0.0031741
-65.00 45.00 0.0031239
-60.00 45.00 0.0030415
-55.00 45.00 0.0031239
-50.00 45.00 0.0028926
-45.00 45.00 0.0019677
-40.00 45.00 0.0008883
-35.00 45.00 0.0007815
-30.00 45.00 0.0021699
-25.00 45.00 0.0042744
-20.00 45.00 0.0055266
-15.00 45.00 0.0047316
-10.00 45.00 0.0019307
-5.00 45.00 -0.0015185
0.00 45.00 -0.0036352
5.00 45.00 -0.0029961
10.00 45.00 0.0002019
15.00 45.00 0.0039998
20.00 45.00 0.0058789
25.00 45.00 0.0047028
30.00 45.00 0.0017939
35.00 45.00 -0.0001624
40.00 45.00 0.0003258
45.00 45.00 0.0021358
50.00 45.00 0.0029396
55.00 45.00 0.0018881
60.00 45.00 0.0004163
65.00 45.00 0.0003656
70.00 45.00 0.001906
75.00 45.00 0.0036697
80.00 45.00 0.0044898
85.00 45.00 0.0043862
90.00 45.00 0.0038969
95.00 45.00 0.0030839
100.00 45.00 0.0016677
105.00 45.00 -5.4e-06
110.00 45.00 -0.0006556
115.00 45.00 0.0008493
120.00 45.00 0.0040647
125.00 45.00 0.0068987
130.00 45.00 0.0072988
135.00 45.00 0.0051656
140.00 45.00 0.0025664
145.00 45.00 0.0019454
150.00 45.00 0.0039944
155.00 45.00 0.0071293
160.00 45.00 0.0089226
165.00 45.00 0.0080577
170.00 45.00 0.0051346
175.00 45.00 0.0019537
180.00 45.00 0.0001753
-180.00 50.00 0.0025025
-175.00 50.00 0.0037888
-170.00 50.00 0.005567
-165.00 50.00 0.0063662
-160.00 50.00 0.0054722
-155.00 50.00 0.003437
-150.00 50.00 0.0016012
-145.00 50.00 0.0009784
-140.00 50.00 0.0014474
-135.00 50.00 0.0019968
-130.00 50.00 0.0017991
-125.00 50.00 0.0010583
-120.00 50.00 0.0007783
-115.00 50.00 0.00169
-110.00 50.00 0.0034458
-105.00 50.00 0.0049124
-100.00 50.00 0.0052523
-95.00 50.00 0.0046806
-90.00 50.00 0.0041434
-85.00 50.00 0.004289
-80.00 50.00 0.0048187
-75.00 50.00 0.0048701
-70.00 50.00 0.0039849
-65.00 50.00 0.0025983
-60.00 50.00 0.0015336
-55.00 50.00 0.0010972
-50.00 50.00 0.0008135
-45.00 50.00 9.74e-05
-40.00 50.00 -0.0009225
-35.00 50.00 -0.0013898
-30.00 50.00 -0.0005809
-25.00 50.00 0.0012216
-20.00 50.00 0.0027033
-15.00 50.00 0.0024116
-10.00 50.00 -0.000111
-5.00 50.00 -0.0038009
0.00 50.00 -0.0066008
5.00 50.00 -0.0067855
10.00 50.00 -0.0042099
15.00 50.00 -0.0004975
20.00 50.00 0.0021211
25.00 50.00 0.0024977
30.00 50.00 0.0013514
35.00 50.00 0.0003966
40.00 50.00 0.0006225
45.00 50.00 0.0014475
50.00 50.00 0.00159
55.00 50.00 0.0006329
60.00 50.00 -0.0004714
65.00 50.00 -0.0004269
70.00 50.00 0.0011026
75.00 50.00 0.0032935
80.00 50.00 0.0050275
85.00 50.00 0.0057068
90.00 50.00 0.0053239
95.00 50.00 0.004153
100.00 50.00 0.0026825
105.00 50.00 0.0017215
110.00 50.00 0.0021128
115.00 50.00 0.0039576
120.00 50.00 0.0061112
125.00 50.00 0.006767
130.00 50.00 0.0049212
135.00 50.00 0.0014436
140.00 50.00 -0.0013675
145.00 50.00 -0.0015228
150.00 50.00 0.00109
155.00 50.00 0.004649
160.00 50.00 0.0068525
165.00 50.00 0.0066173
170.00 50.00 0.0046859
175.00 50.00 0.00284
180.00 50.00 0.0025025
-180.00 55.00 0.0046638
-175.00 55.00 0.0059564
-170.00 55.00 0.0069506
-165.00 55.00 0.0068043
-160.00 55.00 0.0054009
-155.00 55.00 0.0034659
-150.00 55.00 0.0020615
-145.00 55.00 0.0018452
-140.00 55.00 0.0026588
-135.00 55.00 0.0037425
-130.00 55.00 0.0043521
-125.00 55.00 0.004246
-120.00 55.00 0.0036835
-115.00 55.00 0.0030562
-110.00 55.00 0.0025831
-105.00 55.00 0.0023402
-100.00 55.00 0.0024683
-95.00 55.00 0.0031973
-90.00 55.00 0.0045605
-85.00 55.00 0.0060975
-80.00 55.00 0.0069616
-75.00 55.00 0.0064823
-70.00 55.00 0.0047285
-65.00 55.00 0.00252
-60.00 55.00 0.0008003
-55.00 55.00 -0.0001014
-50.00 55.00 -0.0006484
-45.00 55.00 -0.0015537
-40.00 55.00 -0.0030276
-35.00 55.00 -0.0045171
-30.00 55.00 -0.0051673
-25.00 55.00 -0.0045825
-20.00 55.00 -0.0032207
-15.00 55.00 -0.0020842
-10.00 55.00 -0.0019544
-5.00 55.00 -0.0027809
0.00 55.00 -0.0037132
5.00 55.00 -0.0037688
10.00 55.00 -0.002616
15.00 55.00 -0.0008323
20.00 55.00 0.0005837
25.00 55.00 0.0010232
30.00 55.00 0.000679
35.00 55.00 0.0002094
40.00 55.00 3.2e-05
45.00 55.00 -1.43e-05
50.00 55.00 -0.0003175
55.00 55.00 -0.0008823
60.00 55.00 -0.0011619
65.00 55.00 -0.0005301
70.00 55.00 0.0011046
75.00 55.00 0.0031487
80.00 55.00 0.0047314
85.00 55.00 0.0052586
90.00 55.00 0.0047002
95.00 55.00 0.0035458
100.00 55.00 0.0025745
105.00 55.00 0.0025242
110.00 55.00 0.0036818
115.00 55.00 0.0055648
120.00 55.00 0.0070212
125.00 55.00 0.0068902
130.00 55.00 0.0048662
135.00 55.00 0.0018744
140.00 55.00 -0.0004555
145.00 55.00 -0.0008963
150.00 55.00 0.0005413
155.00 55.00 0.0027091
160.00 55.00 0.0042473
165.00 55.00 0.0045701
170.00 55.00 0.0041527
175.00 55.00 0.0039785
180.00 55.00 0.0046638
-180.00 60.00 0.0030414
-175.00 60.00 0.0037293
-170.00 60.00 0.004092
-165.00 60.00 0.0037959
-160.00 60.00 0.0029757
-155.00 60.00 0.0021906
-150.00 60.00 0.0020804
-145.00 60.00 0.0029563
-140.00 60.00 0.0045984
-135.00 60.00 0.0063813
-130.00 60.00 0.0076194
-125.00 60.00 0.0078958
-120.00 60.00 0.0071999
-115.00 60.00 0.0058597
-110.00 60.00 0.0043753
-105.00 60.00 0.003248
-100.00 60.00 0.0028262
-95.00 60.00 0.0031597
-90.00 60.00 0.0039211
-85.00 60.00 0.0044988
-80.00 60.00 0.0043023
-75.00 60.00 0.0031361
-70.00 60.00 0.001377
-65.00 60.00 -0.0002285
-60.00 60.00 -0.0010508
-55.00 60.00 -0.0010104
-50.00 60.00 -0.0006223
-45.00 60.00 -0.0006049
-40.00 60.00 -0.001342
-35.00 60.00 -0.0025987
-30.00 60.00 -0.0036926
-25.00 60.00 -0.003971
-20.00 60.00 -0.0032349
-15.00 60.00 -0.0018179
-10.00 60.00 -0.0003055
-5.00 60.00 0.0008591
0.00 60.00 0.0015866
5.00 60.00 0.0020516
10.00 60.00 0.0024314
15.00 60.00 0.0027233
20.00 60.00 0.0027803
25.00 60.00 0.0024917
30.00 60.00 0.0019068
35.00 60.00 0.0011873
40.00 60.00 0.0004688
45.00 60.00 -0.0001966
50.00 60.00 -0.0007527
55.00 60.00 -0.0010291
60.00 60.00 -0.0007778
65.00 60.00 0.0001224
70.00 60.00 0.0014683
75.00 60.00 0.0027379
80.00 60.00 0.0033337
85.00 60.00 0.0029111
90.00 60.00 0.0015865
95.00 60.00 -8.53e-05
100.00 60.00 -0.001345
105.00 60.00 -0.0015705
110.00 60.00 -0.000581
115.00 60.00 0.0012507
120.00 60.00 0.0031708
125.00 60.00 0.0044475
130.00 60.00 0.0047722
135.00 60.00 0.0043885
140.00 60.00 0.0038534
145.00 60.00 0.0036062
150.00 60.00 0.0036792
155.00 60.00 0.0037639
160.00 60.00 0.0035511
165.00 60.00 0.0030452
170.00 60.00 0.0025832
175.00 60.00 0.0025516
180.00 60.00 0.0030414
-180.00 65.00 0.0009569
-175.00 65.00 0.0015067
-170.00 65.00 0.001993
-165.00 65.00 0.0022433
-160.00 65.00 0.0023086
-155.00 65.00 0.0024294
-150.00 65.00 0.0028838
-145.00 65.00 0.003811
-140.00 65.00 0.005114
-135.00 65.00 0.0064939
-130.00 65.00 0.0075853
-125.00 65.00 0.0081131
-120.00 65.00 0.007992
-115.00 65.00 0.007333
-110.00 65.00 0.0063694
-105.00 65.00 0.0053407
-100.00 65.00 0.0043834
-95.00 65.00 0.003474
-90.00 65.00 0.0024578
-85.00 65.00 0.0011654
-80.00 65.00 -0.000431
-75.00 65.00 -0.0021132
-70.00 65.00 -0.0034519
-65.00 65.00 -0.0039935
-60.00 65.00 -0.0035113
-55.00 65.00 -0.0021689
-50.00 65.00 -0.0004809
-45.00 65.00 0.0009239
-40.00 65.00 0.001607
-35.00 65.00 0.0015142
-30.00 65.00 0.0009553
-25.00 65.00 0.0003993
-20.00 65.00 0.0002214
-15.00 65.00 0.0005485
-10.00 65.00 0.0012664
-5.00 65.00 0.0021429
0.00 65.00 0.0029669
5.00 65.00 0.0036166
10.00 65.00 0.004048
15.00 65.00 0.0042468
20.00 65.00 0.0041965
25.00 65.00 0.0038823
30.00 65.00 0.0033119
35.00 65.00 0.0025331
40.00 65.00 0.0016404
45.00 65.00 0.0007763
50.00 65.00 0.0001205
55.00 65.00 -0.0001499
60.00 65.00 6.23e-05
65.00 65.00 0.0006904
70.00 65.00 0.0014707
75.00 65.00 0.002007
80.00 65.00 0.0019225
85.00 65.00 0.0010343
90.00 65.00 -0.0005387
95.00 65.00 -0.0023909
100.00 65.00 -0.0039691
105.00 65.00 -0.0047761
110.00 65.00 -0.0045533
115.00 65.00 -0.0033613
120.00 65.00 -0.0015294
125.00 65.00 0.0004941
130.00 65.00 0.0023073
135.00 65.00 0.0036535
140.00 65.00 0.0044248
145.00 65.00 0.0046096
150.00 65.00 0.0042508
155.00 65.00 0.0034536
160.00 65.00 0.0024172
165.00 65.00 0.0014279
170.00 65.00 0.0007776
175.00 65.00 0.0006352
180.00 65.00 0.0009569
-180.00 70.00 0.002301
-175.00 70.00 0.0032725
-170.00 70.00 0.0041687
-165.00 70.00 0.0048453
-160.00 70.00 0.0052536
-155.00 70.00 0.0054421
-150.00 70.00 0.0055173
-145.00 70.00 0.005586
-140.00 70.00 0.0057088
-135.00 70.00 0.0058832
-130.00 70.00 0.0060563
-125.00 70.00 0.0061551
-120.00 70.00 0.0061141
-115.00 70.00 0.0058874
-110.00 70.00 0.0054451
-105.00 70.00 0.0047619
-100.00 70.00 0.0038112
-95.00 70.00 0.0025772
-90.00 70.00 0.0010841
-85.00 70.00 -0.0005686
-80.00 70.00 -0.0021858
-75.00 70.00 -0.0034968
-70.00 70.00 -0.0042214
-65.00 70.00 -0.0041669
-60.00 70.00 -0.0033159
-55.00 70.00 -0.00186
-50.00 70.00 -0.0001555
-45.00 70.00 0.0013883
-40.00 70.00 0.0024417
-35.00 70.00 0.0028529
-30.00 70.00 0.0026721
-25.00 70.00 0.002101
-20.00 70.00 0.0014002
-15.00 70.00 0.0007983
-10.00 70.00 0.0004379
-5.00 70.00 0.0003658
0.00 70.00 0.0005541
5.00 70.00 0.0009303
10.00 70.00 0.0014009
15.00 70.00 0.0018661
20.00 70.00 0.0022309
25.00 70.00 0.0024186
30.00 70.00 0.0023886
35.00 70.00 0.0021525
40.00 70.00 0.0017814
45.00 70.00 0.0013958
50.00 70.00 0.0011369
55.00 70.00 0.0011218
60.00 70.00 0.0013955
65.00 70.00 0.0019
70.00 70.00 0.0024749
75.00 70.00 0.0029007
80.00 70.00 0.0029701
85.00 70.00 0.0025657
90.00 70.00 0.0017093
95.00 70.00 0.0005649
100.00 70.00 -0.0006094
105.00 70.00 -0.0015416
110.00 70.00 -0.0020284
115.00 70.00 -0.0019903
120.00 70.00 -0.0014848
125.00 70.00 -0.0006765
130.00 70.00 0.0002172
135.00 70.00 0.0009866
140.00 70.00 0.0014793
145.00 70.00 0.0016311
150.00 70.00 0.0014776
155.00 70.00 0.0011441
160.00 70.00 0.0008146
165.00 70.00 0.0006804
170.00 70.00 0.0008793
175.00 70.00 0.0014467
180.00 70.00 0.002301
-180.00 75.00 0.00479
-175.00 75.00 0.0059055
-170.00 75.00 0.0068577
-165.00 75.00 0.007551
-160.00 75.00 0.0079331
-155.00 75.00 0.0080021
-150.00 75.00 0.007802
-145.00 75.00 0.0074068
-140.00 75.00 0.0069011
-135.00 75.00 0.0063617
-130.00 75.00 0.0058439
-125.00 75.00 0.0053746
-120.00 75.00 0.004952
-115.00 75.00 0.0045503
-110.00 75.00 0.004129
-105.00 75.00 0.0036446
-100.00 75.00 0.0030656
-95.00 75.00 0.0023863
-90.00 75.00 0.0016377
-85.00 75.00 0.0008894
-80.00 75.00 0.0002406
-75.00 75.00 -0.0002003
-70.00 75.00 -0.0003452
-65.00 75.00 -0.0001549
-60.00 75.00 0.0003424
-55.00 75.00 0.0010494
-50.00 75.00 0.0018185
-45.00 75.00 0.0024866
-40.00 75.00 0.0029143
-35.00 75.00 0.0030194
-30.00 75.00 0.002792
-25.00 75.00 0.0022918
-20.00 75.00 0.001627
-15.00 75.00 0.000925
-10.00 75.00 0.0003035
-5.00 75.00 -0.0001505
0.00 75.00 -0.0003921
5.00 75.00 -0.0004185
10.00 75.00 -0.0002623
15.00 75.00 2.11e-05
20.00 75.00 0.0003679
25.00 75.00 0.0007205
30.00 75.00 0.0010403
35.00 75.00 0.001317
40.00 75.00 0.0015694
45.00 75.00 0.0018388
50.00 75.00 0.0021737
55.00 75.00 0.0026105
60.00 75.00 0.0031568
65.00 75.00 0.0037805
70.00 75.00 0.0044131
75.00 75.00 0.0049627
80.00 75.00 0.005337
85.00 75.00 0.0054662
90.00 75.00 0.0053212
95.00 75.00 0.0049202
100.00 75.00 0.0043228
105.00 75.00 0.0036134
110.00 75.00 0.0028806
115.00 75.00 0.0021975
120.00 75.00 0.0016103
125.00 75.00 0.0011356
130.00 75.00 0.0007691
135.00 75.00 0.0004981
140.00 75.00 0.0003168
145.00 75.00 0.0002362
150.00 75.00 0.000287
155.00 75.00 0.0005129
160.00 75.00 0.0009559
165.00 75.00 0.0016388
170.00 75.00 0.0025492
175.00 75.00 0.0036314
180.00 75.00 0.00479
-180.00 80.00 0.0045203
-175.00 80.00 0.0052076
-170.00 80.00 0.0058016
-165.00 80.00 0.0062636
-160.00 80.00 0.0065695
-155.00 80.00 0.0067124
-150.00 80.00 0.0067015
-145.00 80.00 0.00656
-140.00 80.00 0.0063194
-135.00 80.00 0.0060148
-130.00 80.00 0.0056799
-125.00 80.00 0.0053425
-120.00 80.00 0.0050223
-115.00 80.00 0.0047304
-110.00 80.00 0.0044711
-105.00 80.00 0.0042441
-100.00 80.00 0.0040482
-95.00 80.00 0.0038834
-90.00 80.00 0.0037531
-85.00 80.00 0.0036641
-80.00 80.00 0.0036244
-75.00 80.00 0.0036397
-70.00 80.00 0.0037101
-65.00 80.00 0.0038271
-60.00 80.00 0.0039718
-55.00 80.00 0.0041165
-50.00 80.00 0.0042285
-45.00 80.00 0.0042759
-40.00 80.00 0.004233
-35.00 80.00 0.0040859
-30.00 80.00 0.0038353
-25.00 80.00 0.0034967
-20.00 80.00 0.0030977
-15.00 80.00 0.0026734
-10.00 80.00 0.0022607
-5.00 80.00 0.0018931
0.00 80.00 0.0015966
5.00 80.00 0.0013871
10.00 80.00 0.0012704
15.00 80.00 0.0012438
20.00 80.00 0.0012993
25.00 80.00 0.001426
30.00 80.00 0.0016136
35.00 80.00 0.0018538
40.00 80.00 0.0021412
45.00 80.00 0.002472
50.00 80.00 0.0028411
55.00 80.00 0.0032404
60.00 80.00 0.0036561
65.00 80.00 0.0040681
70.00 80.00 0.0044498
75.00 80.00 0.004771
80.00 80.00 0.0050019
85.00 80.00 0.0051174
90.00 80.00 0.0051008
95.00 80.00 0.0049466
100.00 80.00 0.0046617
105.00 80.00 0.004265
110.00 80.00 0.0037844
115.00 80.00 0.0032547
120.00 80.00 0.0027135
125.00 80.00 0.0021994
130.00 80.00 0.0017493
135.00 80.00 0.0013967
140.00 80.00 0.0011705
145.00 80.00 0.0010934
150.00 80.00 0.0011801
155.00 80.00 0.0014349
160.00 80.00 0.0018502
165.00 80.00 0.0024053
170.00 80.00 0.0030664
175.00 80.00 0.0037888
180.00 80.00 0.0045203
-180.00 85.00 0.0026256
-175.00 85.00 0.0028371
-170.00 85.00 0.0030419
-165.00 85.00 0.0032335
-160.00 85.00 0.0034058
-155.00 85.00 0.0035542
-150.00 85.00 0.0036769
-145.00 85.00 0.0037752
-140.00 85.00 0.003852
-135.00 85.00 0.0039105
-130.00 85.00 0.0039536
-125.00 85.00 0.0039842
-120.00 85.00 0.0040062
-115.00 85.00 0.0040239
-110.00 85.00 0.0040415
-105.00 85.00 0.0040615
-100.00 85.00 0.0040847
-95.00 85.00 0.0041103
-90.00 85.00 0.0041378
-85.00 85.00 0.0041668
-80.00 85.00 0.0041965
-75.00 85.00 0.0042249
-70.00 85.00 0.0042479
-65.00 85.00 0.0042613
-60.00 85.00 0.0042609
-55.00 85.00 0.0042443
-50.00 85.00 0.0042098
-45.00 85.00 0.0041556
-40.00 85.00 0.00408
-35.00 85.00 0.0039821
-30.00 85.00 0.0038632
-25.00 85.00 0.0037269
-20.00 85.00 0.0035787
-15.00 85.00 0.003424
-10.00 85.00 0.0032675
-5.00 85.00 0.0031137
0.00 85.00 0.0029674
5.00 85.00 0.002834
10.00 85.00 0.0027183
15.00 85.00 0.0026235
20.00 85.00 0.0025502
25.00 85.00 0.0024973
30.00 85.00 0.0024638
35.00 85.00 0.0024486
40.00 85.00 0.0024505
45.00 85.00 0.0024667
50.00 85.00 0.0024924
55.00 85.00 0.0025221
60.00 85.00 0.0025507
65.00 85.00 0.0025743
70.00 85.00 0.0025895
75.00 85.00 0.0025923
80.00 85.00 0.0025782
85.00 85.00 0.0025433
90.00 85.00 0.0024859
95.00 85.00 0.0024074
100.00 85.00 0.002311
105.00 85.00 0.0022009
110.00 85.00 0.0020817
115.00 85.00 0.0019586
120.00 85.00 0.0018393
125.00 85.00 0.0017325
130.00 85.00 0.0016476
135.00 85.00 0.0015918
140.00 85.00 0.0015701
145.00 85.00 0.001585
150.00 85.00 0.0016383
155.00 85.00 0.0017304
160.00 85.00 0.00186
165.00 85.00 0.0020224
170.00 85.00 0.0022101
175.00 85.00 0.0024141
180.00 85.00 0.0026256
-180.00 90.00 0.0023825
-175.00 90.00 0.0023825
-170.00 90.00 0.0023825
-165.00 90.00 0.0023825
-160.00 90.00 0.0023825
-155.00 90.00 0.0023825
-150.00 90.00 0.0023825
-145.00 90.00 0.0023825
-140.00 90.00 0.0023825
-135.00 90.00 0.0023825
-130.00 90.00 0.0023825
-125.00 90.00 0.0023825
-120.00 90.00 0.0023825
-115.00 90.00 0.0023825
-110.00 90.00 0.0023825
-105.00 90.00 0.0023825
-100.00 90.00 0.0023825
-95.00 90.00 0.0023825
-90.00 90.00 0.0023825
-85.00 90.00 0.0023825
-80.00 90.00 0.0023825
-75.00 90.00 0.0023825
-70.00 90.00 0.0023825
-65.00 90.00 0.0023825
-60.00 90.00 0.0023825
-55.00 90.00 0.0023825
-50.00 90.00 0.0023825
-45.00 90.00 0.0023825
-40.00 90.00 0.0023825
-35.00 90.00 0.0023825
-30.00 90.00 0.0023825
-25.00 90.00 0.0023825
-20.00 90.00 0.0023825
-15.00 90.00 0.0023825
-10.00 90.00 0.0023825
-5.00 90.00 0.0023825
0.00 90.00 0.0023825
5.00 90.00 0.0023825
10.00 90.00 0.0023825
15.00 90.00 0.0023825
20.00 90.00 0.0023825
25.00 90.00 0.0023825
30.00 90.00 0.0023825
35.00 90.00 0.0023825
40.00 90.00 0.0023825
45.00 90.00 0.0023825
50.00 90.00 0.0023825
55.00 90.00 0.0023825
60.00 90.00 0.0023825
65.00 90.00 0.0023825
70.00 90.00 0.0023825
75.00 90.00 0.0023825
80.00 90.00 0.0023825
85.00 90.00 0.0023825
90.00 90.00 0.0023825
95.00 90.00 0.0023825
100.00 90.00 0.0023825
105.00 90.00 0.0023825
110.00 90.00 0.0023825
115.00 90.00 0.0023825
120.00 90.00 0.0023825
125.00 90.00 0.0023825
130.00 90.00 0.0023825
135.00 90.00 0.0023825
140.00 90.00 0.0023825
145.00 90.00 0.0023825
150.00 90.00 0.0023825
155.00 90.00 0.0023825
160.00 90.00 0.0023825
165.00 90.00 0.0023825
170.00 90.00 0.0023825
175.00 90.00 0.0023825
180.00 90.00 0.0023825
