-180.00 -90.00 0.00045045
-175.00 -90.00 0.00045048
-170.00 -90.00 0.00045048
-165.00 -90.00 0.00045048
-160.00 -90.00 0.00045048
-155.00 -90.00 0.00045045
-150.00 -90.00 0.00045045
-145.00 -90.00 0.00045042
-140.00 -90.00 0.00045039
-135.00 -90.00 0.00045036
-130.00 -90.00 0.0004503
-125.00 -90.00 0.00045027
-120.00 -90.00 0.00045024
-115.00 -90.00 0.00045021
-110.00 -90.00 0.00045015
-105.00 -90.00 0.00045012
-100.00 -90.00 0.00045009
-95.00 -90.00 0.00045006
-90.00 -90.00 0.00045006
-85.00 -90.00 0.00045003
-80.00 -90.00 0.00045003
-75.00 -90.00 0.00045003
-70.00 -90.00 0.00045003
-65.00 -90.00 0.00045006
-60.00 -90.00 0.00045006
-55.00 -90.00 0.00045009
-50.00 -90.00 0.00045012
-45.00 -90.00 0.00045015
-40.00 -90.00 0.00045021
-35.00 -90.00 0.00045024
-30.00 -90.00 0.00045027
-25.00 -90.00 0.0004503
-20.00 -90.00 0.00045036
-15.00 -90.00 0.00045039
-10.00 -90.00 0.00045042
-5.00 -90.00 0.00045045
0.00 -90.00 0.00045045
5.00 -90.00 0.00045048
10.00 -90.00 0.00045048
15.00 -90.00 0.00045048
20.00 -90.00 0.00045048
25.00 -90.00 0.00045045
30.00 -90.00 0.00045045
35.00 -90.00 0.00045042
40.00 -90.00 0.00045039
45.00 -90.00 0.00045036
50.00 -90.00 0.0004503
55.00 -90.00 0.00045027
60.00 -90.00 0.00045024
65.00 -90.00 0.00045021
70.00 -90.00 0.00045015
75.00 -90.00 0.00045012
80.00 -90.00 0.00045009
85.00 -90.00 0.00045009
90.00 -90.00 0.00045006
95.00 -90.00 0.00045003
100.00 -90.00 0.00045003
105.00 -90.00 0.00045003
110.00 -90.00 0.00045003
115.00 -90.00 0.00045006
120.00 -90.00 0.00045009
125.00 -90.00 0.00045009
130.00 -90.00 0.00045012
135.00 -90.00 0.00045015
140.00 -90.00 0.00045021
145.00 -90.00 0.00045024
150.00 -90.00 0.00045027
155.00 -90.00 0.0004503
160.00 -90.00 0.00045036
165.00 -90.00 0.00045039
170.00 -90.00 0.00045042
175.00 -90.00 0.00045045
180.00 -90.00 0.00045045
-180.00 -85.00 0.00058521
-175.00 -85.00 0.00056361
-170.00 -85.00 0.00053763
-165.00 -85.00 0.00050793
-160.00 -85.00 0.00047526
-155.00 -85.00 0.00044031
-150.00 -85.00 0.00040374
-145.00 -85.00 0.00036603
-140.00 -85.00 0.00032748
-135.00 -85.00 0.00028815
-130.00 -85.00 0.00024795
-125.00 -85.00 0.00020682
-120.00 -85.00 0.00016482
-115.00 -85.00 0.00012186
-110.00 -85.00 7.791e-05
-105.00 -85.00 3.312e-05
-100.00 -85.00 -1.209e-05
-95.00 -85.00 -5.706e-05
-90.00 -85.00 -0.00010077
-85.00 -85.00 -0.00014229
-80.00 -85.00 -0.00018051
-75.00 -85.00 -0.00021414
-70.00 -85.00 -0.00024177
-65.00 -85.00 -0.0002619
-60.00 -85.00 -0.00027327
-55.00 -85.00 -0.00027483
-50.00 -85.00 -0.00026586
-45.00 -85.00 -0.00024582
-40.00 -85.00 -0.00021453
-35.00 -85.00 -0.00017238
-30.00 -85.00 -0.00012027
-25.00 -85.00 -5.955e-05
-20.00 -85.00 7.98e-06
-15.00 -85.00 8.022e-05
-10.00 -85.00 0.0001548
-5.00 -85.00 0.00022923
0.00 -85.00 0.00030093
5.00 -85.00 0.00036765
10.00 -85.00 0.00042741
15.00 -85.00 0.0004785
20.00 -85.00 0.00051978
25.00 -85.00 0.00055065
30.00 -85.00 0.00057117
35.00 -85.00 0.00058188
40.00 -85.00 0.0005838
45.00 -85.00 0.00057813
50.00 -85.00 0.00056637
55.00 -85.00 0.00055041
60.00 -85.00 0.00053205
65.00 -85.00 0.00051303
70.00 -85.00 0.00049476
75.00 -85.00 0.00047835
80.00 -85.00 0.00046479
85.00 -85.00 0.00045489
90.00 -85.00 0.00044916
95.00 -85.00 0.00044781
100.00 -85.00 0.00045057
105.00 -85.00 0.00045723
110.00 -85.00 0.00046752
115.00 -85.00 0.00048108
120.00 -85.00 0.00049731
125.00 -85.00 0.00051543
130.00 -85.00 0.00053457
135.00 -85.00 0.00055377
140.00 -85.00 0.00057219
145.00 -85.00 0.00058884
150.00 -85.00 0.00060267
155.00 -85.00 0.00061266
160.00 -85.00 0.00061803
165.00 -85.00 0.00061815
170.00 -85.00 0.00061278
175.00 -85.00 0.00060174
180.00 -85.00 0.00058521
-180.00 -80.00 0.00043185
-175.00 -80.00 0.00036516
-170.00 -80.00 0.00028746
-165.00 -80.00 0.00020625
-160.00 -80.00 0.00012804
-155.00 -80.00 5.85e-05
-150.00 -80.00 1.47e-06
-145.00 -80.00 -4.209e-05
-140.00 -80.00 -7.386e-05
-135.00 -80.00 -9.678e-05
-130.00 -80.00 -0.00011427
-125.00 -80.00 -0.00013071
-120.00 -80.00 -0.00015108
-115.00 -80.00 -0.00017937
-110.00 -80.00 -0.00021789
-105.00 -80.00 -0.00026781
-100.00 -80.00 -0.00032997
-95.00 -80.00 -0.00040413
-90.00 -80.00 -0.00048858
-85.00 -80.00 -0.0005808
-80.00 -80.00 -0.00067866
-75.00 -80.00 -0.00077961
-70.00 -80.00 -0.00087954
-65.00 -80.00 -0.0009732
-60.00 -80.00 -0.00105495
-55.00 -80.00 -0.00111879
-50.00 -80.00 -0.00115785
-45.00 -80.00 -0.00116493
-40.00 -80.00 -0.00113442
-35.00 -80.00 -0.00106326
-30.00 -80.00 -0.00095058
-25.00 -80.00 -0.00079779
-20.00 -80.00 -0.0006096
-15.00 -80.00 -0.0003945
-10.00 -80.00 -0.00016305
-5.00 -80.00 7.326e-05
0.00 -80.00 0.0003024
5.00 -80.00 0.00051204
10.00 -80.00 0.00069105
15.00 -80.00 0.00083154
20.00 -80.00 0.00092877
25.00 -80.00 0.00098079
30.00 -80.00 0.00098853
35.00 -80.00 0.00095664
40.00 -80.00 0.00089265
45.00 -80.00 0.00080496
50.00 -80.00 0.00070209
55.00 -80.00 0.00059262
60.00 -80.00 0.00048468
65.00 -80.00 0.0003846
70.00 -80.00 0.00029601
75.00 -80.00 0.0002208
80.00 -80.00 0.00015984
85.00 -80.00 0.0001125
90.00 -80.00 7.644e-05
95.00 -80.00 4.893e-05
100.00 -80.00 2.835e-05
105.00 -80.00 1.416e-05
110.00 -80.00 6.33e-06
115.00 -80.00 5.91e-06
120.00 -80.00 1.542e-05
125.00 -80.00 3.828e-05
130.00 -80.00 7.641e-05
135.00 -80.00 0.0001296
140.00 -80.00 0.0001956
145.00 -80.00 0.00027021
150.00 -80.00 0.00034644
155.00 -80.00 0.00041529
160.00 -80.00 0.00046809
165.00 -80.00 0.00049845
170.00 -80.00 0.00050265
175.00 -80.00 0.00047967
180.00 -80.00 0.00043185
-180.00 -75.00 0.0002886
-175.00 -75.00 0.00015285
-170.00 -75.00 8.34e-06
-165.00 -75.00 -0.00012129
-160.00 -75.00 -0.00022014
-155.00 -75.00 -0.00028095
-150.00 -75.00 -0.00030366
-145.00 -75.00 -0.00029241
-140.00 -75.00 -0.00025428
-135.00 -75.00 -0.00019932
-130.00 -75.00 -0.00013893
-125.00 -75.00 -8.43e-05
-120.00 -75.00 -4.527e-05
-115.00 -75.00 -2.877e-05
-110.00 -75.00 -3.666e-05
-105.00 -75.00 -6.591e-05
-100.00 -75.00 -0.0001107
-95.00 -75.00 -0.00016482
-90.00 -75.00 -0.00022383
-85.00 -75.00 -0.00028764
-80.00 -75.00 -0.00036123
-75.00 -75.00 -0.00045228
-70.00 -75.00 -0.00056775
-65.00 -75.00 -0.00071094
-60.00 -75.00 -0.0008787
-55.00 -75.00 -0.00105996
-50.00 -75.00 -0.00123747
-45.00 -75.00 -0.00139116
-40.00 -75.00 -0.00150105
-35.00 -75.00 -0.00155013
-30.00 -75.00 -0.00152709
-25.00 -75.00 -0.00142764
-20.00 -75.00 -0.00125424
-15.00 -75.00 -0.00101613
-10.00 -75.00 -0.00072906
-5.00 -75.00 -0.00041364
0.00 -75.00 -9.276e-05
5.00 -75.00 0.00021015
10.00 -75.00 0.00047331
15.00 -75.00 0.00067989
20.00 -75.00 0.00081999
25.00 -75.00 0.000891
30.00 -75.00 0.00089772
35.00 -75.00 0.00085188
40.00 -75.00 0.00076902
45.00 -75.00 0.00066489
50.00 -75.00 0.00055338
55.00 -75.00 0.00044496
60.00 -75.00 0.00034524
65.00 -75.00 0.00025569
70.00 -75.00 0.00017574
75.00 -75.00 0.00010365
80.00 -75.00 3.603e-05
85.00 -75.00 -3.156e-05
90.00 -75.00 -0.00010419
95.00 -75.00 -0.00018786
100.00 -75.00 -0.00028842
105.00 -75.00 -0.00040803
110.00 -75.00 -0.00054249
115.00 -75.00 -0.00068019
120.00 -75.00 -0.00080208
125.00 -75.00 -0.00088371
130.00 -75.00 -0.00090105
135.00 -75.00 -0.00083823
140.00 -75.00 -0.000693
145.00 -75.00 -0.00047934
150.00 -75.00 -0.00022707
155.00 -75.00 2.376e-05
160.00 -75.00 0.00023313
165.00 -75.00 0.00037053
170.00 -75.00 0.00042087
175.00 -75.00 0.00038721
180.00 -75.00 0.0002886
-180.00 -70.00 7.407e-05
-175.00 -70.00 -0.00010308
-170.00 -70.00 -0.00020052
-165.00 -70.00 -0.00020508
-160.00 -70.00 -0.00013833
-155.00 -70.00 -3.603e-05
-150.00 -70.00 7.206e-05
-145.00 -70.00 0.00017274
-140.00 -70.00 0.00026628
-135.00 -70.00 0.00035595
-130.00 -70.00 0.00043866
-125.00 -70.00 0.00050232
-120.00 -70.00 0.00053118
-115.00 -70.00 0.00051465
-110.00 -70.00 0.00045471
-105.00 -70.00 0.00036834
-100.00 -70.00 0.00028359
-95.00 -70.00 0.00023064
-90.00 -70.00 0.00023037
-85.00 -70.00 0.00028434
-80.00 -70.00 0.0003711
-75.00 -70.00 0.00045105
-70.00 -70.00 0.00047994
-65.00 -70.00 0.00042474
-60.00 -70.00 0.00027504
-55.00 -70.00 4.479e-05
-50.00 -70.00 -0.0002358
-45.00 -70.00 -0.00053217
-40.00 -70.00 -0.0008148
-35.00 -70.00 -0.00106206
-30.00 -70.00 -0.00125817
-25.00 -70.00 -0.00138999
-20.00 -70.00 -0.00144684
-15.00 -70.00 -0.00142323
-10.00 -70.00 -0.0013227
-5.00 -70.00 -0.00115923
0.00 -70.00 -0.00095568
5.00 -70.00 -0.00073965
10.00 -70.00 -0.00053847
15.00 -70.00 -0.00037473
20.00 -70.00 -0.00026193
25.00 -70.00 -0.00020139
30.00 -70.00 -0.00018111
35.00 -70.00 -0.00017844
40.00 -70.00 -0.00016719
45.00 -70.00 -0.00012723
50.00 -70.00 -5.298e-05
55.00 -70.00 4.377e-05
60.00 -70.00 0.00013815
65.00 -70.00 0.00020214
70.00 -70.00 0.00021543
75.00 -70.00 0.00017151
80.00 -70.00 7.713e-05
85.00 -70.00 -5.421e-05
90.00 -70.00 -0.00021066
95.00 -70.00 -0.00038805
100.00 -70.00 -0.00059043
105.00 -70.00 -0.00082512
110.00 -70.00 -0.00109383
115.00 -70.00 -0.00138339
120.00 -70.00 -0.0016599
125.00 -70.00 -0.00187077
130.00 -70.00 -0.001956
135.00 -70.00 -0.00186747
140.00 -70.00 -0.00158982
145.00 -70.00 -0.00115419
150.00 -70.00 -0.00063708
155.00 -70.00 -0.00014196
160.00 -70.00 0.00023181
165.00 -70.00 0.00042114
170.00 -70.00 0.00041952
175.00 -70.00 0.00027615
180.00 -70.00 7.407e-05
-180.00 -65.00 -0.00082431
-175.00 -65.00 -0.00094311
-170.00 -65.00 -0.00074694
-165.00 -65.00 -0.00032901
-160.00 -65.00 0.00014007
-155.00 -65.00 0.00050676
-150.00 -65.00 0.00070626
-145.00 -65.00 0.00077202
-140.00 -65.00 0.00078747
-135.00 -65.00 0.0008211
-130.00 -65.00 0.00088824
-125.00 -65.00 0.00095613
-120.00 -65.00 0.00097608
-115.00 -65.00 0.00091572
-110.00 -65.00 0.00077427
-105.00 -65.00 0.00058182
-100.00 -65.00 0.0003918
-95.00 -65.00 0.00026904
-90.00 -65.00 0.00027108
-85.00 -65.00 0.00042231
-80.00 -65.00 0.00069306
-75.00 -65.00 0.00100146
-70.00 -65.00 0.00124539
-65.00 -65.00 0.00135015
-60.00 -65.00 0.00130131
-55.00 -65.00 0.00114021
-50.00 -65.00 0.00092652
-45.00 -65.00 0.00069555
-40.00 -65.00 0.00044265
-35.00 -65.00 0.00014241
-30.00 -65.00 -0.00021525
-25.00 -65.00 -0.00060279
-20.00 -65.00 -0.00096243
-15.00 -65.00 -0.00123582
-10.00 -65.00 -0.00139236
-5.00 -65.00 -0.00143805
0.00 -65.00 -0.001404
5.00 -65.00 -0.00132834
10.00 -65.00 -0.00124434
15.00 -65.00 -0.00117801
20.00 -65.00 -0.00114729
25.00 -65.00 -0.00115686
30.00 -65.00 -0.00119004
35.00 -65.00 -0.00120747
40.00 -65.00 -0.00115893
45.00 -65.00 -0.00100725
50.00 -65.00 -0.00075168
55.00 -65.00 -0.0004365
60.00 -65.00 -0.00013683
65.00 -65.00 7.236e-05
70.00 -65.00 0.00014745
75.00 -65.00 8.979e-05
80.00 -65.00 -6.414e-05
85.00 -65.00 -0.00026655
90.00 -65.00 -0.00048084
95.00 -65.00 -0.00069102
100.00 -65.00 -0.00089901
105.00 -65.00 -0.00111564
110.00 -65.00 -0.00135048
115.00 -65.00 -0.00160008
120.00 -65.00 -0.0018369
125.00 -65.00 -0.00200448
130.00 -65.00 -0.00202791
135.00 -65.00 -0.00184179
140.00 -65.00 -0.00142695
145.00 -65.00 -0.00083772
150.00 -65.00 -0.00020268
155.00 -65.00 0.0003087
160.00 -65.00 0.00054648
165.00 -65.00 0.00044481
170.00 -65.00 6.138e-05
175.00 -65.00 -0.00043371
180.00 -65.00 -0.00082431
-180.00 -60.00 -0.00199146
-175.00 -60.00 -0.00189813
-170.00 -60.00 -0.00125226
-165.00 -60.00 -0.00034401
-160.00 -60.00 0.00042738
-155.00 -60.00 0.00078747
-150.00 -60.00 0.00073236
-145.00 -60.00 0.00048513
-140.00 -60.00 0.00031113
-135.00 -60.00 0.00034131
-130.00 -60.00 0.00052584
-125.00 -60.00 0.00072039
-120.00 -60.00 0.00080889
-115.00 -60.00 0.00076317
-110.00 -60.00 0.00061917
-105.00 -60.00 0.00042315
-100.00 -60.00 0.00021183
-95.00 -60.00 3.6e-05
-90.00 -60.00 -2.136e-05
-85.00 -60.00 0.00012126
-80.00 -60.00 0.0004707
-75.00 -60.00 0.000918
-70.00 -60.00 0.00128733
-65.00 -60.00 0.00145206
-60.00 -60.00 0.00142317
-55.00 -60.00 0.00132798
-50.00 -60.00 0.00129198
-45.00 -60.00 0.00132474
-40.00 -60.00 0.00130776
-35.00 -60.00 0.00109347
-30.00 -60.00 0.00063024
-25.00 -60.00 1.233e-05
-20.00 -60.00 -0.00057831
-15.00 -60.00 -0.00098544
-10.00 -60.00 -0.00115926
-5.00 -60.00 -0.00115509
0.00 -60.00 -0.00106959
5.00 -60.00 -0.00097524
10.00 -60.00 -0.00090003
15.00 -60.00 -0.00085008
20.00 -60.00 -0.00083757
25.00 -60.00 -0.00088227
30.00 -60.00 -0.0009879
35.00 -60.00 -0.0011196
40.00 -60.00 -0.0012081
45.00 -60.00 -0.00118413
50.00 -60.00 -0.00102324
55.00 -60.00 -0.00077031
60.00 -60.00 -0.00052044
65.00 -60.00 -0.00036219
70.00 -60.00 -0.00032214
75.00 -60.00 -0.0003549
80.00 -60.00 -0.00038889
85.00 -60.00 -0.00038751
90.00 -60.00 -0.00037296
95.00 -60.00 -0.00039642
100.00 -60.00 -0.00048909
105.00 -60.00 -0.00064005
110.00 -60.00 -0.00081174
115.00 -60.00 -0.00096459
120.00 -60.00 -0.00106302
125.00 -60.00 -0.00106596
130.00 -60.00 -0.0009273
135.00 -60.00 -0.00061959
140.00 -60.00 -0.00016674
145.00 -60.00 0.00034083
150.00 -60.00 0.00076032
155.00 -60.00 0.00093417
160.00 -60.00 0.00074238
165.00 -60.00 0.00016254
170.00 -60.00 -0.00067944
175.00 -60.00 -0.00150885
180.00 -60.00 -0.00199146
-180.00 -55.00 -0.00201363
-175.00 -55.00 -0.00166839
-170.00 -55.00 -0.00077295
-165.00 -55.00 0.00025719
-160.00 -55.00 0.00085584
-155.00 -55.00 0.00071982
-150.00 -55.00 4.488e-05
-145.00 -55.00 -0.00063825
-140.00 -55.00 -0.00088269
-135.00 -55.00 -0.00063159
-130.00 -55.00 -0.00017751
-125.00 -55.00 0.0001347
-120.00 -55.00 0.00017535
-115.00 -55.00 6.132e-05
-110.00 -55.00 -2.148e-05
-105.00 -55.00 -9.39e-06
-100.00 -55.00 1.023e-05
-95.00 -55.00 -5.838e-05
-90.00 -55.00 -0.00016704
-85.00 -55.00 -0.0001359
-80.00 -55.00 0.00016374
-75.00 -55.00 0.00064302
-70.00 -55.00 0.00103695
-65.00 -55.00 0.00113751
-60.00 -55.00 0.00099042
-55.00 -55.00 0.00085074
-50.00 -55.00 0.00093204
-45.00 -55.00 0.00119124
-40.00 -55.00 0.00135309
-35.00 -55.00 0.00114588
-30.00 -55.00 0.00053289
-25.00 -55.00 -0.00025218
-20.00 -55.00 -0.00087552
-15.00 -55.00 -0.00112761
-10.00 -55.00 -0.00103107
-5.00 -55.00 -0.00077427
0.00 -55.00 -0.00054906
5.00 -55.00 -0.0004308
10.00 -55.00 -0.00038046
15.00 -55.00 -0.00033336
20.00 -55.00 -0.00027393
25.00 -55.00 -0.00023817
30.00 -55.00 -0.0002691
35.00 -55.00 -0.00037947
40.00 -55.00 -0.00054288
45.00 -55.00 -0.00070515
50.00 -55.00 -0.00081447
55.00 -55.00 -0.00086247
60.00 -55.00 -0.00089628
65.00 -55.00 -0.00096282
70.00 -55.00 -0.00102459
75.00 -55.00 -0.0009504
80.00 -55.00 -0.00062631
85.00 -55.00 -9.123e-05
90.00 -55.00 0.00045144
95.00 -55.00 0.00077463
100.00 -55.00 0.00078831
105.00 -55.00 0.00057192
110.00 -55.00 0.00027576
115.00 -55.00 1.68e-05
120.00 -55.00 -0.00013824
125.00 -55.00 -0.0001377
130.00 -55.00 5.193e-05
135.00 -55.00 0.00039156
140.00 -55.00 0.00074262
145.00 -55.00 0.0009312
150.00 -55.00 0.00085692
155.00 -55.00 0.00053871
160.00 -55.00 5.511e-05
165.00 -55.00 -0.00053739
170.00 -55.00 -0.00119253
175.00 -55.00 -0.00177345
180.00 -55.00 -0.00201363
-180.00 -50.00 -0.00065913
-175.00 -50.00 -0.00040776
-170.00 -50.00 0.00021108
-165.00 -50.00 0.00090957
-160.00 -50.00 0.00108054
-155.00 -50.00 0.00041586
-150.00 -50.00 -0.00071016
-145.00 -50.00 -0.00153618
-140.00 -50.00 -0.00158559
-135.00 -50.00 -0.00103131
-130.00 -50.00 -0.00044907
-125.00 -50.00 -0.00028062
-120.00 -50.00 -0.00051663
-115.00 -50.00 -0.00080082
-110.00 -50.00 -0.00078396
-105.00 -50.00 -0.00042129
-100.00 -50.00 8.64e-06
-95.00 -50.00 0.00017856
-90.00 -50.00 4.221e-05
-85.00 -50.00 -0.00011238
-80.00 -50.00 2.994e-05
-75.00 -50.00 0.0004584
-70.00 -50.00 0.000837
-65.00 -50.00 0.00087144
-60.00 -50.00 0.00062796
-55.00 -50.00 0.0004446
-50.00 -50.00 0.00054633
-45.00 -50.00 0.00080151
-40.00 -50.00 0.00086805
-35.00 -50.00 0.00054156
-30.00 -50.00 -6.009e-05
-25.00 -50.00 -0.00061614
-20.00 -50.00 -0.00086136
-15.00 -50.00 -0.00075288
-10.00 -50.00 -0.00045783
-5.00 -50.00 -0.00021276
0.00 -50.00 -0.00016125
5.00 -50.00 -0.0002793
10.00 -50.00 -0.00044196
15.00 -50.00 -0.00055452
20.00 -50.00 -0.00060396
25.00 -50.00 -0.0006
30.00 -50.00 -0.00053076
35.00 -50.00 -0.00041517
40.00 -50.00 -0.00034983
45.00 -50.00 -0.00043224
50.00 -50.00 -0.00064548
55.00 -50.00 -0.000882
60.00 -50.00 -0.00108069
65.00 -50.00 -0.00126114
70.00 -50.00 -0.00138444
75.00 -50.00 -0.00126147
80.00 -50.00 -0.00070971
85.00 -50.00 0.00018789
90.00 -50.00 0.00105954
95.00 -50.00 0.00153543
100.00 -50.00 0.00154041
105.00 -50.00 0.00127257
110.00 -50.00 0.00093942
115.00 -50.00 0.00059622
120.00 -50.00 0.00024756
125.00 -50.00 4.02e-06
130.00 -50.00 2.502e-05
135.00 -50.00 0.00029109
140.00 -50.00 0.00051
145.00 -50.00 0.00033414
150.00 -50.00 -0.00029529
155.00 -50.00 -0.0010398
160.00 -50.00 -0.00144156
165.00 -50.00 -0.00133863
170.00 -50.00 -0.00098886
175.00 -50.00 -0.0007503
180.00 -50.00 -0.00065913
-180.00 -45.00 0.00067203
-175.00 -45.00 0.00019872
-170.00 -45.00 0.00010905
-165.00 -45.00 0.00044823
-160.00 -45.00 0.00056643
-155.00 -45.00 -1.14e-06
-150.00 -45.00 -0.00091134
-145.00 -45.00 -0.0014091
-140.00 -45.00 -0.00118437
-135.00 -45.00 -0.00063336
-130.00 -45.00 -0.00033612
-125.00 -45.00 -0.00049257
-120.00 -45.00 -0.00088029
-115.00 -45.00 -0.00114576
-110.00 -45.00 -0.00104022
-105.00 -45.00 -0.00054573
-100.00 -45.00 6.57e-05
-95.00 -45.00 0.00038814
-90.00 -45.00 0.00026145
-85.00 -45.00 -2.877e-05
-80.00 -45.00 -6.012e-05
-75.00 -45.00 0.00023325
-70.00 -45.00 0.00051369
-65.00 -45.00 0.00049983
-60.00 -45.00 0.00031284
-55.00 -45.00 0.00025806
-50.00 -45.00 0.00037164
-45.00 -45.00 0.00036708
-40.00 -45.00 5.13e-05
-35.00 -45.00 -0.00036363
-30.00 -45.00 -0.00047604
-25.00 -45.00 -0.00015417
-20.00 -45.00 0.00033687
-15.00 -45.00 0.00064269
-10.00 -45.00 0.00063276
-5.00 -45.00 0.00040197
0.00 -45.00 0.00010119
5.00 -45.00 -0.0001647
10.00 -45.00 -0.0003777
15.00 -45.00 -0.00063453
20.00 -45.00 -0.0010461
25.00 -45.00 -0.00151821
30.00 -45.00 -0.00173478
35.00 -45.00 -0.00150303
40.00 -45.00 -0.00104817
45.00 -45.00 -0.00079488
50.00 -45.00 -0.00088062
55.00 -45.00 -0.00106419
60.00 -45.00 -0.00112299
65.00 -45.00 -0.00112215
70.00 -45.00 -0.00117963
75.00 -45.00 -0.00114723
80.00 -45.00 -0.00075078
85.00 -45.00 -1.857e-05
90.00 -45.00 0.0006408
95.00 -45.00 0.00087798
100.00 -45.00 0.0007908
105.00 -45.00 0.00073452
110.00 -45.00 0.00081357
115.00 -45.00 0.00075519
120.00 -45.00 0.00034173
125.00 -45.00 -0.00020139
130.00 -45.00 -0.00041781
135.00 -45.00 -0.00019059
140.00 -45.00 4.251e-05
145.00 -45.00 -0.00028428
150.00 -45.00 -0.00123312
155.00 -45.00 -0.00217881
160.00 -45.00 -0.00230382
165.00 -45.00 -0.00136884
170.00 -45.00 -1.722e-05
175.00 -45.00 0.00078297
180.00 -45.00 0.00067206
-180.00 -40.00 0.00095592
-175.00 -40.00 -0.00044751
-170.00 -40.00 -0.00110643
-165.00 -40.00 -0.00074229
-160.00 -40.00 -0.00018165
-155.00 -40.00 -0.00015705
-150.00 -40.00 -0.00045135
-145.00 -40.00 -0.00045234
-140.00 -40.00 -0.00013695
-135.00 -40.00 -2.055e-05
-130.00 -40.00 -0.00030273
-125.00 -40.00 -0.00061329
-120.00 -40.00 -0.00065511
-115.00 -40.00 -0.00060051
-110.00 -40.00 -0.00065301
-105.00 -40.00 -0.00064443
-100.00 -40.00 -0.00038079
-95.00 -40.00 -7.551e-05
-90.00 -40.00 -6.099e-05
-85.00 -40.00 -0.00025263
-80.00 -40.00 -0.00028251
-75.00 -40.00 -8.691e-05
-70.00 -40.00 1.881e-05
-65.00 -40.00 -0.00011529
-60.00 -40.00 -0.00021492
-55.00 -40.00 -5.493e-05
-50.00 -40.00 6.705e-05
-45.00 -40.00 -0.0003339
-40.00 -40.00 -0.00114597
-35.00 -40.00 -0.00154488
-30.00 -40.00 -0.00087684
-25.00 -40.00 0.00049116
-20.00 -40.00 0.00147162
-15.00 -40.00 0.00139497
-10.00 -40.00 0.00060768
-5.00 -40.00 -7.956e-05
0.00 -40.00 -0.00023274
5.00 -40.00 2.877e-05
10.00 -40.00 0.00033684
15.00 -40.00 0.0002679
20.00 -40.00 -0.00048219
25.00 -40.00 -0.00170718
30.00 -40.00 -0.00261567
35.00 -40.00 -0.00255978
40.00 -40.00 -0.00179721
45.00 -40.00 -0.00117189
50.00 -40.00 -0.00108156
55.00 -40.00 -0.00116346
60.00 -40.00 -0.00101823
65.00 -40.00 -0.00078156
70.00 -40.00 -0.00076296
75.00 -40.00 -0.00086493
80.00 -40.00 -0.00071925
85.00 -40.00 -0.00028671
90.00 -40.00 2.79e-05
95.00 -40.00 -4.692e-05
100.00 -40.00 -0.00020922
105.00 -40.00 2.541e-05
110.00 -40.00 0.00058236
115.00 -40.00 0.00081423
120.00 -40.00 0.00033822
125.00 -40.00 -0.0004011
130.00 -40.00 -0.00065376
135.00 -40.00 -0.00028491
140.00 -40.00 9e-05
145.00 -40.00 -0.00016269
150.00 -40.00 -0.00100491
155.00 -40.00 -0.00172056
160.00 -40.00 -0.00150438
165.00 -40.00 -0.00021321
170.00 -40.00 0.00130971
175.00 -40.00 0.00183879
180.00 -40.00 0.00095592
-180.00 -35.00 0.00040308
-175.00 -35.00 -0.00122883
-170.00 -35.00 -0.00179571
-165.00 -35.00 -0.00112368
-160.00 -35.00 -0.00023631
-155.00 -35.00 6.123e-05
-150.00 -35.00 6.948e-05
-145.00 -35.00 0.00034467
-140.00 -35.00 0.00059607
-135.00 -35.00 0.00018843
-130.00 -35.00 -0.00059112
-125.00 -35.00 -0.00074988
-120.00 -35.00 -0.00012342
-115.00 -35.00 0.00026979
-110.00 -35.00 -0.00026619
-105.00 -35.00 -0.00110808
-100.00 -35.00 -0.00133743
-95.00 -35.00 -0.00102618
-90.00 -35.00 -0.00083133
-85.00 -35.00 -0.0008604
-80.00 -35.00 -0.00071676
-75.00 -35.00 -0.00038013
-70.00 -35.00 -0.00027525
-65.00 -35.00 -0.00049563
-60.00 -35.00 -0.00060609
-55.00 -35.00 -0.0003954
-50.00 -35.00 -0.00035562
-45.00 -35.00 -0.00104091
-40.00 -35.00 -0.00210783
-35.00 -35.00 -0.00241623
-30.00 -35.00 -0.00131073
-25.00 -35.00 0.00039912
-20.00 -35.00 0.00113751
-15.00 -35.00 0.0002982
-10.00 -35.00 -0.00110715
-5.00 -35.00 -0.00169395
0.00 -35.00 -0.0011418
5.00 -35.00 -0.00010281
10.00 -35.00 0.00074556
15.00 -35.00 0.00097041
20.00 -35.00 0.0002136
25.00 -35.00 -0.00138033
30.00 -35.00 -0.00277101
35.00 -35.00 -0.00290247
40.00 -35.00 -0.00196035
45.00 -35.00 -0.00106818
50.00 -35.00 -0.00080529
55.00 -35.00 -0.00075072
60.00 -35.00 -0.00047835
65.00 -35.00 -0.00021741
70.00 -35.00 -0.00029958
75.00 -35.00 -0.00053433
80.00 -35.00 -0.0004872
85.00 -35.00 -0.00011241
90.00 -35.00 0.00019293
95.00 -35.00 0.00015717
100.00 -35.00 5.7e-05
105.00 -35.00 0.00033651
110.00 -35.00 0.00083157
115.00 -35.00 0.00080865
120.00 -35.00 1.8e-05
125.00 -35.00 -0.0007626
130.00 -35.00 -0.00069621
135.00 -35.00 -2.007e-05
140.00 -35.00 0.00033588
145.00 -35.00 -1.059e-05
150.00 -35.00 -0.00056778
155.00 -35.00 -0.00067599
160.00 -35.00 -6.984e-05
165.00 -35.00 0.00103683
170.00 -35.00 0.00194961
175.00 -35.00 0.00179814
180.00 -35.00 0.00040308
-180.00 -30.00 -0.00056748
-175.00 -30.00 -0.00148983
-170.00 -30.00 -0.00148899
-165.00 -30.00 -0.00069381
-160.00 -30.00 -5.418e-05
-155.00 -30.00 -8.82e-05
-150.00 -30.00 -0.00022998
-145.00 -30.00 0.0001062
-140.00 -30.00 0.00037512
-135.00 -30.00 -0.00025353
-130.00 -30.00 -0.00123279
-125.00 -30.00 -0.00115137
-120.00 -30.00 7.05e-06
-115.00 -30.00 0.00058899
-110.00 -30.00 -0.00028149
-105.00 -30.00 -0.00143112
-100.00 -30.00 -0.00156108
-95.00 -30.00 -0.0010905
-90.00 -30.00 -0.00107496
-85.00 -30.00 -0.00140646
-80.00 -30.00 -0.00127077
-75.00 -30.00 -0.00065214
-70.00 -30.00 -0.00024231
-65.00 -30.00 -0.00025554
-60.00 -30.00 -0.000291
-55.00 -30.00 -0.00020862
-50.00 -30.00 -0.00039105
-45.00 -30.00 -0.00107757
-40.00 -30.00 -0.00185772
-35.00 -30.00 -0.00197274
-30.00 -30.00 -0.00111663
-25.00 -30.00 2.037e-05
-20.00 -30.00 0.000243
-15.00 -30.00 -0.00079911
-10.00 -30.00 -0.00202947
-5.00 -30.00 -0.00218769
0.00 -30.00 -0.0013143
5.00 -30.00 -0.00037686
10.00 -30.00 0.00011064
15.00 -30.00 0.00018966
20.00 -30.00 -0.00033936
25.00 -30.00 -0.00159774
30.00 -30.00 -0.00276699
35.00 -30.00 -0.00279675
40.00 -30.00 -0.00186846
45.00 -30.00 -0.00104727
50.00 -30.00 -0.00067953
55.00 -30.00 -0.00025698
60.00 -30.00 0.00034515
65.00 -30.00 0.00062802
70.00 -30.00 0.00038649
75.00 -30.00 -1.23e-05
80.00 -30.00 -0.00019065
85.00 -30.00 -4.497e-05
90.00 -30.00 0.00032874
95.00 -30.00 0.00068709
100.00 -30.00 0.00089181
105.00 -30.00 0.00108834
110.00 -30.00 0.00122733
115.00 -30.00 0.00080151
120.00 -30.00 -0.00023439
125.00 -30.00 -0.00085419
130.00 -30.00 -0.00026919
135.00 -30.00 0.00070299
140.00 -30.00 0.00070107
145.00 -30.00 -0.00021894
150.00 -30.00 -0.0008106
155.00 -30.00 -0.00044085
160.00 -30.00 0.00038256
165.00 -30.00 0.00098568
170.00 -30.00 0.00107607
175.00 -30.00 0.00051786
180.00 -30.00 -0.00056745
-180.00 -25.00 -0.00160854
-175.00 -25.00 -0.00173202
-170.00 -25.00 -0.00142779
-165.00 -25.00 -0.00096924
-160.00 -25.00 -0.00084096
-155.00 -25.00 -0.00115704
-150.00 -25.00 -0.00133839
-145.00 -25.00 -0.00088296
-140.00 -25.00 -0.00039117
-135.00 -25.00 -0.00084948
-130.00 -25.00 -0.0018006
-125.00 -25.00 -0.00168774
-120.00 -25.00 -0.00039951
-115.00 -25.00 0.00032829
-110.00 -25.00 -0.00027303
-105.00 -25.00 -0.0007872
-100.00 -25.00 -0.00018753
-95.00 -25.00 0.00039636
-90.00 -25.00 -0.00023754
-85.00 -25.00 -0.00131064
-80.00 -25.00 -0.0014829
-75.00 -25.00 -0.00085986
-70.00 -25.00 -0.00029457
-65.00 -25.00 8.25e-05
-60.00 -25.00 0.00045849
-55.00 -25.00 0.00048678
-50.00 -25.00 -8.874e-05
-45.00 -25.00 -0.00072978
-40.00 -25.00 -0.0008568
-35.00 -25.00 -0.0006324
-30.00 -25.00 -0.0004071
-25.00 -25.00 -0.00014328
-20.00 -25.00 0.00010872
-15.00 -25.00 -1.23e-06
-10.00 -25.00 -0.00039774
-5.00 -25.00 -0.00050856
0.00 -25.00 -0.00026697
5.00 -25.00 -0.00024888
10.00 -25.00 -0.00062331
15.00 -25.00 -0.00102861
20.00 -25.00 -0.00149298
25.00 -25.00 -0.0022404
30.00 -25.00 -0.00274998
35.00 -25.00 -0.00239769
40.00 -25.00 -0.00170619
45.00 -25.00 -0.00149967
50.00 -25.00 -0.00136869
55.00 -25.00 -0.00050262
60.00 -25.00 0.00067221
65.00 -25.00 0.00118056
70.00 -25.00 0.00097992
75.00 -25.00 0.00050163
80.00 -25.00 -0.00020079
85.00 -25.00 -0.00082263
90.00 -25.00 -0.00063684
95.00 -25.00 0.00026304
100.00 -25.00 0.0009186
105.00 -25.00 0.00104277
110.00 -25.00 0.00107958
115.00 -25.00 0.00088632
120.00 -25.00 0.00017091
125.00 -25.00 -0.0001932
130.00 -25.00 0.00067893
135.00 -25.00 0.00174399
140.00 -25.00 0.0013008
145.00 -25.00 -0.00032967
150.00 -25.00 -0.00130263
155.00 -25.00 -0.00093258
160.00 -25.00 -0.00021657
165.00 -25.00 -9.096e-05
170.00 -25.00 -0.00053064
175.00 -25.00 -0.00113412
180.00 -25.00 -0.00160854
-180.00 -20.00 -0.00201372
-175.00 -20.00 -0.00202656
-170.00 -20.00 -0.00199536
-165.00 -20.00 -0.00209904
-160.00 -20.00 -0.00221649
-155.00 -20.00 -0.00228984
-150.00 -20.00 -0.00219834
-145.00 -20.00 -0.00159879
-140.00 -20.00 -0.00076383
-135.00 -20.00 -0.0007137
-130.00 -20.00 -0.00148992
-125.00 -20.00 -0.00167403
-120.00 -20.00 -0.00072549
-115.00 -20.00 5.355e-05
-110.00 -20.00 1.809e-05
-105.00 -20.00 0.00035181
-100.00 -20.00 0.00148827
-95.00 -20.00 0.00187011
-90.00 -20.00 0.00067452
-85.00 -20.00 -0.00064152
-80.00 -20.00 -0.00082989
-75.00 -20.00 -0.00057108
-70.00 -20.00 -0.00054708
-65.00 -20.00 -0.00011691
-60.00 -20.00 0.00086055
-55.00 -20.00 0.00106725
-50.00 -20.00 -5.568e-05
-45.00 -20.00 -0.00103974
-40.00 -20.00 -0.00071715
-35.00 -20.00 -7.416e-05
-30.00 -20.00 -0.00030882
-25.00 -20.00 -0.00067668
-20.00 -20.00 2.613e-05
-15.00 -20.00 0.00120873
-10.00 -20.00 0.00149016
-5.00 -20.00 0.00086583
0.00 -20.00 0.00027459
5.00 -20.00 -3.456e-05
10.00 -20.00 -0.00040803
15.00 -20.00 -0.00097878
20.00 -20.00 -0.00175692
25.00 -20.00 -0.0025395
30.00 -20.00 -0.0025923
35.00 -20.00 -0.00170868
40.00 -20.00 -0.00110025
45.00 -20.00 -0.00159909
50.00 -20.00 -0.00199167
55.00 -20.00 -0.00103143
60.00 -20.00 0.0003642
65.00 -20.00 0.00087159
70.00 -20.00 0.00079428
75.00 -20.00 0.00054765
80.00 -20.00 -0.0004551
85.00 -20.00 -0.00179346
90.00 -20.00 -0.00173322
95.00 -20.00 -0.00025014
100.00 -20.00 0.00064254
105.00 -20.00 0.00035871
110.00 -20.00 0.00030078
115.00 -20.00 0.00074874
120.00 -20.00 0.00064224
125.00 -20.00 0.00031239
130.00 -20.00 0.00097911
135.00 -20.00 0.00192114
140.00 -20.00 0.00134334
145.00 -20.00 -0.00048483
150.00 -20.00 -0.00165561
155.00 -20.00 -0.00149928
160.00 -20.00 -0.00095373
165.00 -20.00 -0.00082845
170.00 -20.00 -0.00116994
175.00 -20.00 -0.00168708
180.00 -20.00 -0.00201372
-180.00 -15.00 -0.00146193
-175.00 -15.00 -0.00173673
-170.00 -15.00 -0.00200391
-165.00 -15.00 -0.00242883
-160.00 -15.00 -0.00252984
-155.00 -15.00 -0.00233982
-150.00 -15.00 -0.00230823
-145.00 -15.00 -0.00198576
-140.00 -15.00 -0.00088833
-135.00 -15.00 -3.936e-05
-130.00 -15.00 -0.00040581
-125.00 -15.00 -0.00100611
-120.00 -15.00 -0.00070371
-115.00 -15.00 -0.00011532
-110.00 -15.00 0.00012882
-105.00 -15.00 0.00071709
-100.00 -15.00 0.00164535
-95.00 -15.00 0.00154185
-90.00 -15.00 0.0003477
-85.00 -15.00 -0.00015642
-80.00 -15.00 0.00046233
-75.00 -15.00 0.00055056
-70.00 -15.00 -0.00030729
-65.00 -15.00 -0.00034269
-60.00 -15.00 0.00094908
-55.00 -15.00 0.00143559
-50.00 -15.00 -0.00010998
-45.00 -15.00 -0.00175566
-40.00 -15.00 -0.00154359
-35.00 -15.00 -0.00059748
-30.00 -15.00 -0.00084945
-25.00 -15.00 -0.00156834
-20.00 -15.00 -0.00087291
-15.00 -15.00 0.00068085
-10.00 -15.00 0.00096705
-5.00 -15.00 -0.00013998
0.00 -15.00 -0.00083436
5.00 -15.00 -0.00040194
10.00 -15.00 0.00013974
15.00 -15.00 -0.00015756
20.00 -15.00 -0.00131544
25.00 -15.00 -0.00256272
30.00 -15.00 -0.00266037
35.00 -15.00 -0.00137553
40.00 -15.00 -0.00037323
45.00 -15.00 -0.00084276
50.00 -15.00 -0.00141093
55.00 -15.00 -0.00067083
60.00 -15.00 0.00023967
65.00 -15.00 0.00011244
70.00 -15.00 -4.644e-05
75.00 -15.00 0.00030795
80.00 -15.00 -0.00021789
85.00 -15.00 -0.00154518
90.00 -15.00 -0.00135879
95.00 -15.00 0.00045456
100.00 -15.00 0.00116184
105.00 -15.00 0.00015321
110.00 -15.00 -0.00027651
115.00 -15.00 0.00039594
120.00 -15.00 0.00039714
125.00 -15.00 -0.00028572
130.00 -15.00 -3.396e-05
135.00 -15.00 0.00077814
140.00 -15.00 0.00040779
145.00 -15.00 -0.0009729
150.00 -15.00 -0.00184038
155.00 -15.00 -0.00181803
160.00 -15.00 -0.00140373
165.00 -15.00 -0.0008445
170.00 -15.00 -0.00053628
175.00 -15.00 -0.00088491
180.00 -15.00 -0.00146193
-180.00 -10.00 -0.00074859
-175.00 -10.00 -0.00091467
-170.00 -10.00 -0.0009429
-165.00 -10.00 -0.00130221
-160.00 -10.00 -0.0014757
-155.00 -10.00 -0.00157773
-150.00 -10.00 -0.00230679
-145.00 -10.00 -0.00280002
-140.00 -10.00 -0.00171669
-135.00 -10.00 -9.606e-05
-130.00 -10.00 0.00013497
-125.00 -10.00 -0.00059367
-120.00 -10.00 -0.00074214
-115.00 -10.00 -0.00038682
-110.00 -10.00 -0.00017106
-105.00 -10.00 0.00021738
-100.00 -10.00 0.00062664
-95.00 -10.00 0.00010614
-90.00 -10.00 -0.00079119
-85.00 -10.00 -0.00026853
-80.00 -10.00 0.00142113
-75.00 -10.00 0.00198678
-70.00 -10.00 0.00093864
-65.00 -10.00 0.00038871
-60.00 -10.00 0.0013227
-55.00 -10.00 0.00186435
-50.00 -10.00 0.00045303
-45.00 -10.00 -0.00148734
-40.00 -10.00 -0.00180087
-35.00 -10.00 -0.00095301
-30.00 -10.00 -0.00090237
-25.00 -10.00 -0.00163281
-20.00 -10.00 -0.00152433
-15.00 -10.00 -0.00065688
-10.00 -10.00 -0.00070899
-5.00 -10.00 -0.00172422
0.00 -10.00 -0.00198948
5.00 -10.00 -0.00104913
10.00 -10.00 -0.0001932
15.00 -10.00 -0.00030714
20.00 -10.00 -0.00126492
25.00 -10.00 -0.00251181
30.00 -10.00 -0.00295608
35.00 -10.00 -0.00190509
40.00 -10.00 -0.00054978
45.00 -10.00 -0.0003261
50.00 -10.00 -0.00044796
55.00 -10.00 0.0002022
60.00 -10.00 0.00052203
65.00 -10.00 -0.00032547
70.00 -10.00 -0.0006435
75.00 -10.00 0.00041829
80.00 -10.00 0.00085956
85.00 -10.00 -2.745e-05
90.00 -10.00 -1.467e-05
95.00 -10.00 0.00139272
100.00 -10.00 0.001779
105.00 -10.00 0.00070626
110.00 -10.00 0.00035007
115.00 -10.00 0.00080271
120.00 -10.00 0.00018705
125.00 -10.00 -0.00102849
130.00 -10.00 -0.0009381
135.00 -10.00 -0.00010782
140.00 -10.00 -0.00023607
145.00 -10.00 -0.00095769
150.00 -10.00 -0.00126252
155.00 -10.00 -0.00144366
160.00 -10.00 -0.00154029
165.00 -10.00 -0.00086526
170.00 -10.00 2.025e-05
175.00 -10.00 -8.955e-05
180.00 -10.00 -0.00074859
-180.00 -5.00 -0.00064296
-175.00 -5.00 -0.00033492
-170.00 -5.00 0.0001428
-165.00 -5.00 -7.311e-05
-160.00 -5.00 -0.00046713
-155.00 -5.00 -0.00099699
-150.00 -5.00 -0.00233115
-145.00 -5.00 -0.0034446
-140.00 -5.00 -0.00266679
-135.00 -5.00 -0.00094005
-130.00 -5.00 -0.00041667
-125.00 -5.00 -0.00090921
-120.00 -5.00 -0.00096444
-115.00 -5.00 -0.00062841
-110.00 -5.00 -0.00049461
-105.00 -5.00 -0.00025005
-100.00 -5.00 1.644e-05
-95.00 -5.00 -0.00045843
-90.00 -5.00 -0.00112218
-85.00 -5.00 -0.00043125
-80.00 -5.00 0.00145722
-75.00 -5.00 0.00269097
-70.00 -5.00 0.00245448
-65.00 -5.00 0.00177657
-60.00 -5.00 0.00165246
-55.00 -5.00 0.00171558
-50.00 -5.00 0.00103641
-45.00 -5.00 -0.00031749
-40.00 -5.00 -0.00117813
-35.00 -5.00 -0.00098427
-30.00 -5.00 -0.00061083
-25.00 -5.00 -0.0007665
-20.00 -5.00 -0.00094233
-15.00 -5.00 -0.00084393
-10.00 -5.00 -0.00107151
-5.00 -5.00 -0.0015936
0.00 -5.00 -0.00160788
5.00 -5.00 -0.0012513
10.00 -5.00 -0.00128631
15.00 -5.00 -0.00149892
20.00 -5.00 -0.00151047
25.00 -5.00 -0.00189471
30.00 -5.00 -0.0026298
35.00 -5.00 -0.00253485
40.00 -5.00 -0.0015687
45.00 -5.00 -0.00096186
50.00 -5.00 -0.00065226
55.00 -5.00 0.00015363
60.00 -5.00 0.0005679
65.00 -5.00 -0.00021411
70.00 -5.00 -0.00052431
75.00 -5.00 0.00080196
80.00 -5.00 0.00186084
85.00 -5.00 0.00127293
90.00 -5.00 0.0006528
95.00 -5.00 0.001065
100.00 -5.00 0.00134067
105.00 -5.00 0.00128577
110.00 -5.00 0.00188112
115.00 -5.00 0.00219126
120.00 -5.00 0.00082356
125.00 -5.00 -0.00070491
130.00 -5.00 -0.0004752
135.00 -5.00 0.00033237
140.00 -5.00 0.00016056
145.00 -5.00 -0.0001245
150.00 -5.00 3.9e-05
155.00 -5.00 -0.00048735
160.00 -5.00 -0.0014811
165.00 -5.00 -0.00128844
170.00 -5.00 -0.00029583
175.00 -5.00 -0.00020667
180.00 -5.00 -0.00064296
-180.00 0.00 -0.00075957
-175.00 0.00 -0.00022851
-170.00 0.00 0.00038907
-165.00 0.00 9.648e-05
-160.00 0.00 -0.00043164
-155.00 0.00 -0.000798
-150.00 0.00 -0.00161466
-145.00 0.00 -0.00237381
-140.00 0.00 -0.00194496
-135.00 0.00 -0.00101997
-130.00 0.00 -0.00093903
-125.00 0.00 -0.00123921
-120.00 0.00 -0.00098883
-115.00 0.00 -0.00065376
-110.00 0.00 -0.00067512
-105.00 0.00 -0.00046185
-100.00 0.00 4.299e-05
-95.00 0.00 9.039e-05
-90.00 0.00 -0.00022131
-85.00 0.00 -6.24e-06
-80.00 0.00 0.00097131
-75.00 0.00 0.00219375
-70.00 0.00 0.00291453
-65.00 0.00 0.00243021
-60.00 0.00 0.00103701
-55.00 0.00 0.00017694
-50.00 0.00 0.00032946
-45.00 0.00 0.00018333
-40.00 0.00 -0.00087489
-35.00 0.00 -0.00156912
-30.00 0.00 -0.00108903
-25.00 0.00 -0.00032715
-20.00 0.00 -0.00011841
-15.00 0.00 -0.00031146
-10.00 0.00 -0.0006063
-5.00 0.00 -0.00079107
0.00 0.00 -0.00078282
5.00 0.00 -0.00107991
10.00 0.00 -0.00187527
15.00 0.00 -0.00210792
20.00 0.00 -0.00127002
25.00 0.00 -0.00081444
30.00 0.00 -0.00165573
35.00 0.00 -0.00244461
40.00 0.00 -0.00222459
45.00 0.00 -0.00188832
50.00 0.00 -0.00166797
55.00 0.00 -0.00067755
60.00 0.00 0.00049908
65.00 0.00 0.0005193
70.00 0.00 0.0001668
75.00 0.00 0.0008664
80.00 0.00 0.00173769
85.00 0.00 0.00141621
90.00 0.00 0.00061236
95.00 0.00 0.0003816
100.00 0.00 0.00058692
105.00 0.00 0.00128781
110.00 0.00 0.00249231
115.00 0.00 0.00273987
120.00 0.00 0.00128025
125.00 0.00 7.32e-05
130.00 0.00 0.00048522
135.00 0.00 0.00090759
140.00 0.00 0.00029118
145.00 0.00 2.571e-05
150.00 0.00 0.00035979
155.00 0.00 -0.000342
160.00 0.00 -0.00172533
165.00 0.00 -0.00172923
170.00 0.00 -0.00069084
175.00 0.00 -0.00048498
180.00 0.00 -0.00075957
-180.00 5.00 -0.00054393
-175.00 5.00 -0.00024246
-170.00 5.00 0.00012666
-165.00 5.00 -0.00034857
-160.00 5.00 -0.00089064
-155.00 5.00 -0.00078531
-150.00 5.00 -0.00051291
-145.00 5.00 -0.00030618
-140.00 5.00 -1.68e-06
-135.00 5.00 -6.414e-05
-130.00 5.00 -0.00069108
-125.00 5.00 -0.00103278
-120.00 5.00 -0.00076278
-115.00 5.00 -0.00065022
-110.00 5.00 -0.00083202
-105.00 5.00 -0.00060495
-100.00 5.00 1.755e-05
-95.00 5.00 0.00046635
-90.00 5.00 0.00068466
-85.00 5.00 0.00072963
-80.00 5.00 0.00063609
-75.00 5.00 0.00104313
-70.00 5.00 0.00199371
-65.00 5.00 0.00183873
-60.00 5.00 -0.00013269
-55.00 5.00 -0.00168363
-50.00 5.00 -0.00110622
-45.00 5.00 -0.00022278
-40.00 5.00 -0.00101061
-35.00 5.00 -0.00218373
-30.00 5.00 -0.00186006
-25.00 5.00 -0.00070074
-20.00 5.00 -0.00022437
-15.00 5.00 -0.00052377
-10.00 5.00 -0.00094521
-5.00 5.00 -0.00112239
0.00 5.00 -0.00100686
5.00 5.00 -0.00096231
10.00 5.00 -0.00124044
15.00 5.00 -0.00122745
20.00 5.00 -0.00059238
25.00 5.00 -0.00041766
30.00 5.00 -0.00135102
35.00 5.00 -0.00219636
40.00 5.00 -0.00215085
45.00 5.00 -0.00207327
50.00 5.00 -0.00206424
55.00 5.00 -0.00090219
60.00 5.00 0.00104997
65.00 5.00 0.00182019
70.00 5.00 0.00118575
75.00 5.00 0.00074157
80.00 5.00 0.00093909
85.00 5.00 0.0010287
90.00 5.00 0.00094239
95.00 5.00 0.00092958
100.00 5.00 0.00079746
105.00 5.00 0.00074127
110.00 5.00 0.00108075
115.00 5.00 0.00118167
120.00 5.00 0.00068136
125.00 5.00 0.00055971
130.00 5.00 0.00104043
135.00 5.00 0.00075033
140.00 5.00 -0.00045783
145.00 5.00 -0.00102612
150.00 5.00 -0.00092088
155.00 5.00 -0.00153714
160.00 5.00 -0.00232356
165.00 5.00 -0.00164979
170.00 5.00 -0.00031041
175.00 5.00 -0.00012372
180.00 5.00 -0.00054393
-180.00 10.00 -0.00038964
-175.00 10.00 -0.00025839
-170.00 10.00 2.895e-05
-165.00 10.00 -0.00043578
-160.00 10.00 -0.00109029
-155.00 10.00 -0.00111993
-150.00 10.00 -0.00061458
-145.00 10.00 2.379e-05
-140.00 10.00 0.00039054
-135.00 10.00 0.00010605
-130.00 10.00 -0.00050883
-125.00 10.00 -0.00072396
-120.00 10.00 -0.00064005
-115.00 10.00 -0.00074685
-110.00 10.00 -0.00071262
-105.00 10.00 -0.00021423
-100.00 10.00 0.00015837
-95.00 10.00 0.00021744
-90.00 10.00 0.00060162
-85.00 10.00 0.00105153
-80.00 10.00 0.00071286
-75.00 10.00 0.00025602
-70.00 10.00 0.00070584
-65.00 10.00 0.00090969
-60.00 10.00 -0.00044154
-55.00 10.00 -0.0017997
-50.00 10.00 -0.00132153
-45.00 10.00 -0.00031659
-40.00 10.00 -0.00072894
-35.00 10.00 -0.00169548
-30.00 10.00 -0.00161448
-25.00 10.00 -0.00101091
-20.00 10.00 -0.00099876
-15.00 10.00 -0.00135819
-10.00 10.00 -0.00159351
-5.00 10.00 -0.00174531
0.00 10.00 -0.00161349
5.00 10.00 -0.00092109
10.00 10.00 -8.397e-05
15.00 10.00 0.00029064
20.00 10.00 0
25.00 10.00 -0.000939
30.00 10.00 -0.00203517
35.00 10.00 -0.00237495
40.00 10.00 -0.00197805
45.00 10.00 -0.00182037
50.00 10.00 -0.001731
55.00 10.00 -0.0004332
60.00 10.00 0.00171114
65.00 10.00 0.00268698
70.00 10.00 0.00196989
75.00 10.00 0.00103086
80.00 10.00 0.0007941
85.00 10.00 0.00100869
90.00 10.00 0.00148512
95.00 10.00 0.00189606
100.00 10.00 0.00141894
105.00 10.00 6.687e-05
110.00 10.00 -0.00091098
115.00 10.00 -0.00069639
120.00 10.00 0.0003324
125.00 10.00 0.00139416
130.00 10.00 0.00168177
135.00 10.00 0.00076179
140.00 10.00 -0.00059433
145.00 10.00 -0.00128445
150.00 10.00 -0.0015996
155.00 10.00 -0.00221085
160.00 10.00 -0.00226926
165.00 10.00 -0.00096753
170.00 10.00 0.00035094
175.00 10.00 0.00024432
180.00 10.00 -0.00038964
-180.00 15.00 -0.00074256
-175.00 15.00 -0.00022683
-170.00 15.00 0.00040605
-165.00 15.00 0.00014556
-160.00 15.00 -0.00077529
-155.00 15.00 -0.00158787
-150.00 15.00 -0.00189633
-145.00 15.00 -0.00171108
-140.00 15.00 -0.00136167
-135.00 15.00 -0.00115503
-130.00 15.00 -0.00094806
-125.00 15.00 -0.00065322
-120.00 15.00 -0.00063906
-115.00 15.00 -0.00074829
-110.00 15.00 -0.00014586
-105.00 15.00 0.00087462
-100.00 15.00 0.0008664
-95.00 15.00 -7.218e-05
-90.00 15.00 -0.00014655
-85.00 15.00 0.00085623
-80.00 15.00 0.00118857
-75.00 15.00 0.00047883
-70.00 15.00 0.0001461
-65.00 15.00 0.00042963
-60.00 15.00 0.00028452
-55.00 15.00 -0.00017307
-50.00 15.00 -0.0001209
-45.00 15.00 1.401e-05
-40.00 15.00 -0.00042258
-35.00 15.00 -0.00082389
-30.00 15.00 -0.00078783
-25.00 15.00 -0.00108831
-20.00 15.00 -0.00183438
-15.00 15.00 -0.00196803
-10.00 15.00 -0.00140634
-5.00 15.00 -0.00125343
0.00 15.00 -0.00152526
5.00 15.00 -0.00103965
10.00 15.00 0.00029148
15.00 15.00 0.00106236
20.00 15.00 0.00034695
25.00 15.00 -0.00120417
30.00 15.00 -0.00223593
35.00 15.00 -0.00213999
40.00 15.00 -0.0016038
45.00 15.00 -0.00147135
50.00 15.00 -0.00130086
55.00 15.00 -0.00016662
60.00 15.00 0.00141216
65.00 15.00 0.00206928
70.00 15.00 0.0017838
75.00 15.00 0.0015732
80.00 15.00 0.00158181
85.00 15.00 0.00139581
90.00 15.00 0.00134187
95.00 15.00 0.00160404
100.00 15.00 0.00123012
105.00 15.00 -0.0002316
110.00 15.00 -0.00135807
115.00 15.00 -0.00066228
120.00 15.00 0.00125664
125.00 15.00 0.00252144
130.00 15.00 0.00221493
135.00 15.00 0.00109404
140.00 15.00 0.00036702
145.00 15.00 0.00017394
150.00 15.00 -0.00028701
155.00 15.00 -0.0010842
160.00 15.00 -0.00117168
165.00 15.00 -0.00030771
170.00 15.00 0.00020685
175.00 15.00 -0.00030885
180.00 15.00 -0.00074256
-180.00 20.00 -0.00105675
-175.00 20.00 0.00017931
-170.00 20.00 0.00118617
-165.00 20.00 0.00100473
-160.00 20.00 -0.00013548
-155.00 20.00 -0.00143925
-150.00 20.00 -0.00231543
-145.00 20.00 -0.00259305
-140.00 20.00 -0.00242424
-135.00 20.00 -0.0019215
-130.00 20.00 -0.00110097
-125.00 20.00 -0.00040704
-120.00 20.00 -0.00041235
-115.00 20.00 -0.00056643
-110.00 20.00 0.00027831
-105.00 20.00 0.00156441
-100.00 20.00 0.0013779
-95.00 20.00 -0.00021087
-90.00 20.00 -0.0007788
-85.00 20.00 0.00058305
-80.00 20.00 0.00183654
-75.00 20.00 0.00141069
-70.00 20.00 0.00035313
-65.00 20.00 0.00015123
-60.00 20.00 0.00070077
-55.00 20.00 0.00110142
-50.00 20.00 0.00081156
-45.00 20.00 -9.753e-05
-40.00 20.00 -0.00084393
-35.00 20.00 -0.00072954
-30.00 20.00 -0.00046929
-25.00 20.00 -0.00127395
-20.00 20.00 -0.00249384
-15.00 20.00 -0.00233289
-10.00 20.00 -0.00097548
-5.00 20.00 -0.0004515
0.00 20.00 -0.00121425
5.00 20.00 -0.00147279
10.00 20.00 -0.0003288
15.00 20.00 0.00077964
20.00 20.00 0.00043209
25.00 20.00 -0.00074388
30.00 20.00 -0.00123195
35.00 20.00 -0.00076371
40.00 20.00 -0.00035202
45.00 20.00 -0.00052158
50.00 20.00 -0.00055644
55.00 20.00 9.831e-05
60.00 20.00 0.00075813
65.00 20.00 0.00078048
70.00 20.00 0.00084807
75.00 20.00 0.00162909
80.00 20.00 0.00226395
85.00 20.00 0.00177594
90.00 20.00 0.00086151
95.00 20.00 0.00059976
100.00 20.00 0.00056748
105.00 20.00 -1.365e-05
110.00 20.00 -0.00041454
115.00 20.00 0.00046929
120.00 20.00 0.00197403
125.00 20.00 0.00240147
130.00 20.00 0.00148083
135.00 20.00 0.00063792
140.00 20.00 0.00083112
145.00 20.00 0.00132105
150.00 20.00 0.00102456
155.00 20.00 0.0001725
160.00 20.00 -0.00028572
165.00 20.00 -0.00034641
170.00 20.00 -0.00074622
175.00 20.00 -0.00132495
180.00 20.00 -0.00105675
-180.00 25.00 -0.00068553
-175.00 25.00 0.00088587
-170.00 25.00 0.0018249
-165.00 25.00 0.00143148
-160.00 25.00 0.00025776
-155.00 25.00 -0.00073917
-150.00 25.00 -0.0011208
-145.00 25.00 -0.00111042
-140.00 25.00 -0.00105657
-135.00 25.00 -0.00086118
-130.00 25.00 -0.00027456
-125.00 25.00 0.00028638
-120.00 25.00 0.00012879
-115.00 25.00 -0.00033534
-110.00 25.00 3.807e-05
-105.00 25.00 0.00099411
-100.00 25.00 0.00089721
-95.00 25.00 -0.00044607
-90.00 25.00 -0.00100524
-85.00 25.00 0.00038901
-80.00 25.00 0.0020967
-75.00 25.00 0.00206841
-70.00 25.00 0.00064188
-65.00 25.00 -0.00029796
-60.00 25.00 8.958e-05
-55.00 25.00 0.00085782
-50.00 25.00 0.00070038
-45.00 25.00 -0.00039366
-40.00 25.00 -0.001107
-35.00 25.00 -0.00067431
-30.00 25.00 -0.00022581
-25.00 25.00 -0.00112212
-20.00 25.00 -0.00252981
-15.00 25.00 -0.00249669
-10.00 25.00 -0.00112848
-5.00 25.00 -0.000468
0.00 25.00 -0.00115548
5.00 25.00 -0.00153474
10.00 25.00 -0.00056451
15.00 25.00 0.00052911
20.00 25.00 0.00040893
25.00 25.00 -0.0002583
30.00 25.00 -4.833e-05
35.00 25.00 0.00093831
40.00 25.00 0.00139362
45.00 25.00 0.00094572
50.00 25.00 0.00058977
55.00 25.00 0.00086418
60.00 25.00 0.00098856
65.00 25.00 0.00045771
70.00 25.00 0.00018039
75.00 25.00 0.00094821
80.00 25.00 0.00189105
85.00 25.00 0.00177582
90.00 25.00 0.00091701
95.00 25.00 0.00042459
100.00 25.00 0.00039087
105.00 25.00 0.00024354
110.00 25.00 0.00015807
115.00 25.00 0.00063573
120.00 25.00 0.0011955
125.00 25.00 0.00092169
130.00 25.00 5.877e-05
135.00 25.00 -0.00022812
140.00 25.00 0.0003567
145.00 25.00 0.00084087
150.00 25.00 0.00053988
155.00 25.00 -5.13e-05
160.00 25.00 -0.00033867
165.00 25.00 -0.00061662
170.00 25.00 -0.00122994
175.00 25.00 -0.0015309
180.00 25.00 -0.00068553
-180.00 30.00 -4.416e-05
-175.00 30.00 0.00113544
-170.00 30.00 0.0016707
-165.00 30.00 0.00105252
-160.00 30.00 3.3e-06
-155.00 30.00 -0.00041709
-150.00 30.00 5.523e-05
-145.00 30.00 0.00073545
-140.00 30.00 0.0009132
-135.00 30.00 0.00072831
-130.00 30.00 0.00077274
-125.00 30.00 0.00097221
-120.00 30.00 0.0006588
-115.00 30.00 -0.00013014
-110.00 30.00 -0.00048258
-105.00 30.00 -0.00014658
-100.00 30.00 -6.36e-05
-95.00 30.00 -0.00068823
-90.00 30.00 -0.00094932
-85.00 30.00 0.00012594
-80.00 30.00 0.00167124
-75.00 30.00 0.00198669
-70.00 30.00 0.00078873
-65.00 30.00 -0.00052389
-60.00 30.00 -0.00071811
-55.00 30.00 -0.00010089
-50.00 30.00 0.00017769
-45.00 30.00 -0.00021039
-40.00 30.00 -0.00042324
-35.00 30.00 5.451e-05
-30.00 30.00 0.00035973
-25.00 30.00 -0.00045825
-20.00 30.00 -0.00171237
-15.00 30.00 -0.00192597
-10.00 30.00 -0.00107799
-5.00 30.00 -0.00050511
0.00 30.00 -0.00062442
5.00 30.00 -0.00039921
10.00 30.00 0.00060789
15.00 30.00 0.00127248
20.00 30.00 0.00077553
25.00 30.00 0.00012168
30.00 30.00 0.00067515
35.00 30.00 0.00201702
40.00 30.00 0.00253923
45.00 30.00 0.00182334
50.00 30.00 0.00110166
55.00 30.00 0.00122367
60.00 30.00 0.0014481
65.00 30.00 0.00086997
70.00 30.00 -1.254e-05
75.00 30.00 -0.00011244
80.00 30.00 0.00057189
85.00 30.00 0.00111828
90.00 30.00 0.00107355
95.00 30.00 0.00073677
100.00 30.00 0.00037197
105.00 30.00 2.052e-05
110.00 30.00 -0.00012453
115.00 30.00 6.204e-05
120.00 30.00 0.00022593
125.00 30.00 1.125e-05
130.00 30.00 -0.00027309
135.00 30.00 -0.000135
140.00 30.00 0.00018678
145.00 30.00 5.286e-05
150.00 30.00 -0.00045624
155.00 30.00 -0.00059241
160.00 30.00 -0.00018732
165.00 30.00 1.698e-05
170.00 30.00 -0.00038757
175.00 30.00 -0.00068037
180.00 30.00 -4.416e-05
-180.00 35.00 5.649e-05
-175.00 35.00 0.00057372
-170.00 35.00 0.00086037
-165.00 35.00 0.00036942
-160.00 35.00 -0.00043086
-155.00 35.00 -0.00062307
-150.00 35.00 7.485e-05
-145.00 35.00 0.00099786
-140.00 35.00 0.00136446
-135.00 35.00 0.00119436
-130.00 35.00 0.00106851
-125.00 35.00 0.00111078
-120.00 35.00 0.00081222
-115.00 35.00 2.88e-06
-110.00 35.00 -0.00068907
-105.00 35.00 -0.00075366
-100.00 35.00 -0.00056478
-95.00 35.00 -0.00065547
-90.00 35.00 -0.00071925
-85.00 35.00 -6.879e-05
-80.00 35.00 0.00112932
-75.00 35.00 0.00180792
-70.00 35.00 0.00128109
-65.00 35.00 7.536e-05
-60.00 35.00 -0.00074079
-55.00 35.00 -0.0007518
-50.00 35.00 -0.00040413
-45.00 35.00 -0.00017109
-40.00 35.00 -1.5e-06
-35.00 35.00 0.00022644
-30.00 35.00 0.00022038
-25.00 35.00 -0.0002445
-20.00 35.00 -0.00070812
-15.00 35.00 -0.00056073
-10.00 35.00 8.19e-06
-5.00 35.00 0.00034227
0.00 35.00 0.0004704
5.00 35.00 0.00102123
10.00 35.00 0.00191304
15.00 35.00 0.00214755
20.00 35.00 0.00135612
25.00 35.00 0.00065814
30.00 35.00 0.00120057
35.00 35.00 0.00241863
40.00 35.00 0.00271074
45.00 35.00 0.00164691
50.00 35.00 0.00050073
55.00 35.00 0.00039339
60.00 35.00 0.00082539
65.00 35.00 0.00062094
70.00 35.00 -0.00031305
75.00 35.00 -0.00096042
80.00 35.00 -0.00066399
85.00 35.00 0.00011589
90.00 35.00 0.00052614
95.00 35.00 0.00026922
100.00 35.00 -0.00027615
105.00 35.00 -0.0005388
110.00 35.00 -0.00027123
115.00 35.00 0.00023322
120.00 35.00 0.00045621
125.00 35.00 0.00028146
130.00 35.00 0.00011193
135.00 35.00 0.00020829
140.00 35.00 0.00024843
145.00 35.00 -8.868e-05
150.00 35.00 -0.00040593
155.00 35.00 -3.651e-05
160.00 35.00 0.00087279
165.00 35.00 0.00136251
170.00 35.00 0.00091395
175.00 35.00 0.00016857
180.00 35.00 5.649e-05
-180.00 40.00 -0.00033255
-175.00 40.00 -0.00013881
-170.00 40.00 0.00020577
-165.00 40.00 9.867e-05
-160.00 40.00 -0.00038157
-155.00 40.00 -0.00063303
-150.00 40.00 -0.00029982
-145.00 40.00 0.00031506
-140.00 40.00 0.00068133
-135.00 40.00 0.00069975
-130.00 40.00 0.00067833
-125.00 40.00 0.00072948
-120.00 40.00 0.00057456
-115.00 40.00 7.674e-05
-110.00 40.00 -0.00039978
-105.00 40.00 -0.00046146
-100.00 40.00 -0.00025998
-95.00 40.00 -0.00020967
-90.00 40.00 -0.00025764
-85.00 40.00 0.00012015
-80.00 40.00 0.00110577
-75.00 40.00 0.00206754
-70.00 40.00 0.00214686
-65.00 40.00 0.00119286
-60.00 40.00 -9.099e-05
-55.00 40.00 -0.00089448
-50.00 40.00 -0.00101181
-45.00 40.00 -0.00080244
-40.00 40.00 -0.00067566
-35.00 40.00 -0.00075645
-30.00 40.00 -0.00089061
-25.00 40.00 -0.00077433
-20.00 40.00 -0.00019329
-15.00 40.00 0.00065136
-10.00 40.00 0.0011796
-5.00 40.00 0.00107349
0.00 40.00 0.00076557
5.00 40.00 0.00091044
10.00 40.00 0.00142407
15.00 40.00 0.0015519
20.00 40.00 0.00102333
25.00 40.00 0.00059289
30.00 40.00 0.00101799
35.00 40.00 0.00187557
40.00 40.00 0.00200187
45.00 40.00 0.00102963
50.00 40.00 -0.00012543
55.00 40.00 -0.000489
60.00 40.00 -0.00021975
65.00 40.00 -0.00018207
70.00 40.00 -0.00066087
75.00 40.00 -0.00105261
80.00 40.00 -0.00081888
85.00 40.00 -0.0002655
90.00 40.00 -0.00013053
95.00 40.00 -0.00061836
100.00 40.00 -0.00111528
105.00 40.00 -0.00088542
110.00 40.00 7.455e-05
115.00 40.00 0.00097377
120.00 40.00 0.00104538
125.00 40.00 0.00034686
130.00 40.00 -0.00037671
135.00 40.00 -0.00057267
140.00 40.00 -0.00037152
145.00 40.00 -0.00012513
150.00 40.00 0.00020988
155.00 40.00 0.00087858
160.00 40.00 0.00166479
165.00 40.00 0.0018882
170.00 40.00 0.00121893
175.00 40.00 0.0001944
180.00 40.00 -0.00033255
-180.00 45.00 -0.0005199
-175.00 45.00 -0.00030105
-170.00 45.00 6.633e-05
-165.00 45.00 0.00015738
-160.00 45.00 -7.671e-05
-155.00 45.00 -0.00030675
-150.00 45.00 -0.00024561
-145.00 45.00 3.549e-05
-140.00 45.00 0.00025656
-135.00 45.00 0.00029541
-130.00 45.00 0.00027231
-125.00 45.00 0.00030225
-120.00 45.00 0.00034254
-115.00 45.00 0.00035103
-110.00 45.00 0.00042645
-105.00 45.00 0.00063456
-100.00 45.00 0.00080202
-95.00 45.00 0.00070455
-90.00 45.00 0.0004671
-85.00 45.00 0.00055467
-80.00 45.00 0.00122094
-75.00 45.00 0.00206646
-70.00 45.00 0.0023217
-65.00 45.00 0.001605
-60.00 45.00 0.00031518
-55.00 45.00 -0.00076335
-50.00 45.00 -0.00118524
-45.00 45.00 -0.00114006
-40.00 45.00 -0.00110004
-35.00 45.00 -0.00126831
-30.00 45.00 -0.00138417
-25.00 45.00 -0.00103767
-20.00 45.00 -0.00017817
-15.00 45.00 0.00069453
-10.00 45.00 0.00093414
-5.00 45.00 0.00041592
0.00 45.00 -0.00028122
5.00 45.00 -0.00049098
10.00 45.00 -0.00020025
15.00 45.00 1.533e-05
20.00 45.00 -0.00020733
25.00 45.00 -0.00054213
30.00 45.00 -0.00045261
35.00 45.00 5.628e-05
40.00 45.00 0.00044634
45.00 45.00 0.00035376
50.00 45.00 -1.275e-05
55.00 45.00 -0.00026817
60.00 45.00 -0.00037614
65.00 45.00 -0.00054465
70.00 45.00 -0.00074481
75.00 45.00 -0.00066279
80.00 45.00 -0.00020532
85.00 45.00 0.00019518
90.00 45.00 1.125e-05
95.00 45.00 -0.00068529
100.00 45.00 -0.00116082
105.00 45.00 -0.00076755
110.00 45.00 0.0003006
115.00 45.00 0.00111687
120.00 45.00 0.00093279
125.00 45.00 -7.485e-05
130.00 45.00 -0.00101679
135.00 45.00 -0.00118536
140.00 45.00 -0.00062592
145.00 45.00 0.0001404
150.00 45.00 0.00073446
155.00 45.00 0.00110505
160.00 45.00 0.00124425
165.00 45.00 0.00102213
170.00 45.00 0.00042012
175.00 45.00 -0.00024207
180.00 45.00 -0.0005199
-180.00 50.00 -0.00027759
-175.00 50.00 -3.144e-05
-170.00 50.00 0.00012228
-165.00 50.00 9.702e-05
-160.00 50.00 -2.106e-05
-155.00 50.00 -4.098e-05
-150.00 50.00 0.0001332
-145.00 50.00 0.00038781
-140.00 50.00 0.00051231
-135.00 50.00 0.00041955
-130.00 50.00 0.00023232
-125.00 50.00 0.000165
-120.00 50.00 0.00035847
-115.00 50.00 0.00081582
-110.00 50.00 0.00141354
-105.00 50.00 0.00191916
-100.00 50.00 0.00206655
-95.00 50.00 0.00174675
-90.00 50.00 0.00117138
-85.00 50.00 0.00076266
-80.00 50.00 0.00077925
-75.00 50.00 0.00103953
-70.00 50.00 0.00107706
-65.00 50.00 0.00060912
-60.00 50.00 -0.0001656
-55.00 50.00 -0.00075741
-50.00 50.00 -0.00086034
-45.00 50.00 -0.00061692
-40.00 50.00 -0.00042333
-35.00 50.00 -0.00051045
-30.00 50.00 -0.00074349
-25.00 50.00 -0.00082815
-20.00 50.00 -0.00068034
-15.00 50.00 -0.00054213
-10.00 50.00 -0.00069564
-5.00 50.00 -0.00108435
0.00 50.00 -0.00130398
5.00 50.00 -0.00103812
10.00 50.00 -0.00047016
15.00 50.00 -0.00016569
20.00 50.00 -0.00050421
25.00 50.00 -0.00127404
30.00 50.00 -0.00186606
35.00 50.00 -0.0018288
40.00 50.00 -0.00120285
45.00 50.00 -0.00039123
50.00 50.00 0.00017358
55.00 50.00 0.00024558
60.00 50.00 -0.00016665
65.00 50.00 -0.00078465
70.00 50.00 -0.00115509
75.00 50.00 -0.00094626
80.00 50.00 -0.00026958
85.00 50.00 0.00034488
90.00 50.00 0.00041115
95.00 50.00 -3.069e-05
100.00 50.00 -0.00044031
105.00 50.00 -0.00032835
110.00 50.00 0.00023418
115.00 50.00 0.00069783
120.00 50.00 0.00062616
125.00 50.00 0.00015807
130.00 50.00 -0.00015021
135.00 50.00 8.844e-05
140.00 50.00 0.00071523
145.00 50.00 0.00122046
150.00 50.00 0.0012378
155.00 50.00 0.00080826
160.00 50.00 0.00023163
165.00 50.00 -0.00022581
170.00 50.00 -0.00045633
175.00 50.00 -0.00045729
180.00 50.00 -0.00027759
-180.00 55.00 -2.625e-05
-175.00 55.00 0.00016944
-170.00 55.00 0.00012639
-165.00 55.00 -6.21e-06
-160.00 55.00 -2.148e-05
-155.00 55.00 0.00019908
-150.00 55.00 0.00058893
-145.00 55.00 0.00092673
-140.00 55.00 0.00099108
-135.00 55.00 0.00073134
-130.00 55.00 0.00032298
-125.00 55.00 6.405e-05
-120.00 55.00 0.00019227
-115.00 55.00 0.00074292
-110.00 55.00 0.00151986
-105.00 55.00 0.00218451
-100.00 55.00 0.00242562
-95.00 55.00 0.00213228
-90.00 55.00 0.0014601
-85.00 55.00 0.00071991
-80.00 55.00 0.00015459
-75.00 55.00 -0.00021108
-70.00 55.00 -0.00051117
-65.00 55.00 -0.00083355
-60.00 55.00 -0.00108552
-55.00 55.00 -0.00107643
-50.00 55.00 -0.0007353
-45.00 55.00 -0.00023682
-40.00 55.00 9.927e-05
-35.00 55.00 4.206e-05
-30.00 55.00 -0.00040065
-25.00 55.00 -0.00103482
-20.00 55.00 -0.00164475
-15.00 55.00 -0.00208794
-10.00 55.00 -0.00225312
-5.00 55.00 -0.00200079
0.00 55.00 -0.0012402
5.00 55.00 -0.00011676
10.00 55.00 0.00091122
15.00 55.00 0.00128376
20.00 55.00 0.00073599
25.00 55.00 -0.00045261
30.00 55.00 -0.00160119
35.00 55.00 -0.00207399
40.00 55.00 -0.00168951
45.00 55.00 -0.00080544
50.00 55.00 -5.76e-05
55.00 55.00 4.743e-05
60.00 55.00 -0.00056358
65.00 55.00 -0.00149622
70.00 55.00 -0.00214482
75.00 55.00 -0.0020916
80.00 55.00 -0.00138093
85.00 55.00 -0.00045813
90.00 55.00 0.0001848
95.00 55.00 0.00036315
100.00 55.00 0.0002598
105.00 55.00 0.00017844
110.00 55.00 0.00026145
115.00 55.00 0.00044241
120.00 55.00 0.00062625
125.00 55.00 0.00084702
130.00 55.00 0.00120555
135.00 55.00 0.00166779
140.00 55.00 0.00198012
145.00 55.00 0.00183669
150.00 55.00 0.00115296
155.00 55.00 0.00018003
160.00 55.00 -0.0006513
165.00 55.00 -0.00101511
170.00 55.00 -0.00087258
175.00 55.00 -0.00044226
180.00 55.00 -2.625e-05
-180.00 60.00 -6.906e-05
-175.00 60.00 8.844e-05
-170.00 60.00 4.899e-05
-165.00 60.00 -1.161e-05
-160.00 60.00 8.229e-05
-155.00 60.00 0.00038088
-150.00 60.00 0.0007659
-145.00 60.00 0.00101814
-140.00 60.00 0.00095532
-135.00 60.00 0.00055569
-130.00 60.00 -1.086e-05
-125.00 60.00 -0.00046512
-120.00 60.00 -0.00056454
-115.00 60.00 -0.00022968
-110.00 60.00 0.00041679
-105.00 60.00 0.00111399
-100.00 60.00 0.00159168
-95.00 60.00 0.00169287
-90.00 60.00 0.00142458
-85.00 60.00 0.00091476
-80.00 60.00 0.00031677
-75.00 60.00 -0.00026337
-70.00 60.00 -0.00076944
-65.00 60.00 -0.00114894
-60.00 60.00 -0.00132717
-55.00 60.00 -0.00124569
-50.00 60.00 -0.00093588
-45.00 60.00 -0.00055245
-40.00 60.00 -0.00031854
-35.00 60.00 -0.000411
-30.00 60.00 -0.00086481
-25.00 60.00 -0.00155382
-20.00 60.00 -0.00224304
-15.00 60.00 -0.00266763
-10.00 60.00 -0.00260811
-5.00 60.00 -0.00196446
0.00 60.00 -0.00082929
5.00 60.00 0.00048276
10.00 60.00 0.00151452
15.00 60.00 0.00186633
20.00 60.00 0.00142182
25.00 60.00 0.00044448
30.00 60.00 -0.00054945
35.00 60.00 -0.00108312
40.00 60.00 -0.00099483
45.00 60.00 -0.00051816
50.00 60.00 -0.00011775
55.00 60.00 -0.00018789
60.00 60.00 -0.00080424
65.00 60.00 -0.00168036
70.00 60.00 -0.00234936
75.00 60.00 -0.00244965
80.00 60.00 -0.00192975
85.00 60.00 -0.00104805
90.00 60.00 -0.00018753
95.00 60.00 0.00036996
100.00 60.00 0.00056034
105.00 60.00 0.00050037
110.00 60.00 0.00036954
115.00 60.00 0.00031404
120.00 60.00 0.00041169
125.00 60.00 0.00066657
130.00 60.00 0.00099792
135.00 60.00 0.00124053
140.00 60.00 0.00120204
145.00 60.00 0.00077751
150.00 60.00 4.854e-05
155.00 60.00 -0.00072396
160.00 60.00 -0.00123204
165.00 60.00 -0.00129636
170.00 60.00 -0.00096456
175.00 60.00 -0.00046752
180.00 60.00 -6.906e-05
-180.00 65.00 -0.00017853
-175.00 65.00 -0.00013317
-170.00 65.00 -0.00018123
-165.00 65.00 -0.00022029
-160.00 65.00 -0.00016665
-155.00 65.00 -1.491e-05
-150.00 65.00 0.00015057
-145.00 65.00 0.00020097
-140.00 65.00 3.969e-05
-135.00 65.00 -0.00033291
-130.00 65.00 -0.00080436
-125.00 65.00 -0.00119322
-120.00 65.00 -0.00132843
-115.00 65.00 -0.00112407
-110.00 65.00 -0.00061386
-105.00 65.00 6.717e-05
-100.00 65.00 0.00074001
-95.00 65.00 0.00124674
-90.00 65.00 0.00149415
-85.00 65.00 0.00146319
-80.00 65.00 0.00119247
-75.00 65.00 0.00075528
-70.00 65.00 0.00024315
-65.00 65.00 -0.00024504
-60.00 65.00 -0.00061893
-55.00 65.00 -0.0008232
-50.00 65.00 -0.00086313
-45.00 65.00 -0.00081054
-40.00 65.00 -0.00077745
-35.00 65.00 -0.00086604
-30.00 65.00 -0.00111825
-25.00 65.00 -0.00149031
-20.00 65.00 -0.00186318
-15.00 65.00 -0.00208464
-10.00 65.00 -0.00202911
-5.00 65.00 -0.00165567
0.00 65.00 -0.0010416
5.00 65.00 -0.00036996
10.00 65.00 0.00013746
15.00 65.00 0.00032064
20.00 65.00 0.0001659
25.00 65.00 -0.00017829
30.00 65.00 -0.00047529
35.00 65.00 -0.00052992
40.00 65.00 -0.0002997
45.00 65.00 7.995e-05
50.00 65.00 0.00037506
55.00 65.00 0.00039117
60.00 65.00 8.823e-05
65.00 65.00 -0.00039483
70.00 65.00 -0.00081834
75.00 65.00 -0.00097335
80.00 65.00 -0.00078882
85.00 65.00 -0.00035598
90.00 65.00 0.00013353
95.00 65.00 0.00049086
100.00 65.00 0.00061329
105.00 65.00 0.00051048
110.00 65.00 0.00027582
115.00 65.00 2.916e-05
120.00 65.00 -0.00013815
125.00 65.00 -0.00019776
130.00 65.00 -0.00018987
135.00 65.00 -0.00019794
140.00 65.00 -0.00030006
145.00 65.00 -0.00051801
150.00 65.00 -0.00079401
155.00 65.00 -0.00101448
160.00 65.00 -0.00107274
165.00 65.00 -0.00093336
170.00 65.00 -0.000657
175.00 65.00 -0.00036705
180.00 65.00 -0.00017853
-180.00 70.00 -6.39e-06
-175.00 70.00 -0.00018096
-170.00 70.00 -0.00038382
-165.00 70.00 -0.00056625
-160.00 70.00 -0.00069465
-155.00 70.00 -0.0007668
-150.00 70.00 -0.0008118
-145.00 70.00 -0.00087225
-140.00 70.00 -0.00097758
-135.00 70.00 -0.00112224
-130.00 70.00 -0.00126006
-125.00 70.00 -0.00131865
-120.00 70.00 -0.00122745
-115.00 70.00 -0.00094725
-110.00 70.00 -0.00048843
-105.00 70.00 8.871e-05
-100.00 70.00 0.0006903
-95.00 70.00 0.00121392
-90.00 70.00 0.00157371
-85.00 70.00 0.00171762
-80.00 70.00 0.00163521
-75.00 70.00 0.00135621
-70.00 70.00 0.00094206
-65.00 70.00 0.00047181
-60.00 70.00 2.46e-05
-55.00 70.00 -0.00033888
-50.00 70.00 -0.00059019
-45.00 70.00 -0.0007377
-40.00 70.00 -0.00081876
-35.00 70.00 -0.00088233
-30.00 70.00 -0.00096861
-25.00 70.00 -0.00109395
-20.00 70.00 -0.00124659
-15.00 70.00 -0.00139521
-10.00 70.00 -0.00150558
-5.00 70.00 -0.00155802
0.00 70.00 -0.00155658
5.00 70.00 -0.00152472
10.00 70.00 -0.00148824
15.00 70.00 -0.00145392
20.00 70.00 -0.00139665
25.00 70.00 -0.0012654
30.00 70.00 -0.00100848
35.00 70.00 -0.00060639
40.00 70.00 -9.402e-05
45.00 70.00 0.00044238
50.00 70.00 0.00089547
55.00 70.00 0.00118029
60.00 70.00 0.00126897
65.00 70.00 0.00119895
70.00 70.00 0.00105066
75.00 70.00 0.00090771
80.00 70.00 0.00081975
85.00 70.00 0.00078663
90.00 70.00 0.00076821
95.00 70.00 0.00071187
100.00 70.00 0.00058194
105.00 70.00 0.00037674
110.00 70.00 0.00012792
115.00 70.00 -0.00011514
120.00 70.00 -0.000306
125.00 70.00 -0.00041829
130.00 70.00 -0.00045144
135.00 70.00 -0.00042492
140.00 70.00 -0.00036468
145.00 70.00 -0.00028971
150.00 70.00 -0.00020649
155.00 70.00 -0.00011397
160.00 70.00 -1.521e-05
165.00 70.00 7.314e-05
170.00 70.00 0.00012141
175.00 70.00 9.939e-05
180.00 70.00 -6.39e-06
-180.00 75.00 0.0003975
-175.00 75.00 0.00012201
-170.00 75.00 -0.00015945
-165.00 75.00 -0.0004194
-160.00 75.00 -0.00063669
-155.00 75.00 -0.00079992
-150.00 75.00 -0.0009069
-145.00 75.00 -0.00096138
-140.00 75.00 -0.00096768
-135.00 75.00 -0.00092652
-130.00 75.00 -0.00083349
-125.00 75.00 -0.00068163
-120.00 75.00 -0.00046665
-115.00 75.00 -0.0001926
-110.00 75.00 0.00012393
-105.00 75.00 0.00045378
-100.00 75.00 0.00075858
-95.00 75.00 0.00099792
-90.00 75.00 0.00113724
-85.00 75.00 0.00115506
-80.00 75.00 0.00104742
-75.00 75.00 0.00082902
-70.00 75.00 0.00053037
-65.00 75.00 0.00019173
-60.00 75.00 -0.00014469
-55.00 75.00 -0.00044289
-50.00 75.00 -0.00067956
-45.00 75.00 -0.00084735
-40.00 75.00 -0.00095418
-35.00 75.00 -0.00101904
-30.00 75.00 -0.00106548
-25.00 75.00 -0.00111519
-20.00 75.00 -0.00118275
-15.00 75.00 -0.00127323
-10.00 75.00 -0.00138237
-5.00 75.00 -0.00149835
0.00 75.00 -0.00160383
5.00 75.00 -0.00167808
10.00 75.00 -0.00169854
15.00 75.00 -0.00164307
20.00 75.00 -0.00149343
25.00 75.00 -0.00123993
30.00 75.00 -0.00088656
35.00 75.00 -0.00045408
40.00 75.00 2.076e-05
45.00 75.00 0.00049071
50.00 75.00 0.00090717
55.00 75.00 0.00123075
60.00 75.00 0.00143907
65.00 75.00 0.00152964
70.00 75.00 0.00151689
75.00 75.00 0.00142518
80.00 75.00 0.00128067
85.00 75.00 0.00110517
90.00 75.00 0.00091437
95.00 75.00 0.00071934
100.00 75.00 0.00053031
105.00 75.00 0.00035949
110.00 75.00 0.00022158
115.00 75.00 0.00013155
120.00 75.00 0.00010074
125.00 75.00 0.00013326
130.00 75.00 0.0002241
135.00 75.00 0.00035973
140.00 75.00 0.00052044
145.00 75.00 0.00068334
150.00 75.00 0.0008253
155.00 75.00 0.00092502
160.00 75.00 0.00096468
165.00 75.00 0.00093186
170.00 75.00 0.00082164
175.00 75.00 0.00063855
180.00 75.00 0.0003975
-180.00 80.00 0.00063138
-175.00 80.00 0.00047238
-170.00 80.00 0.00031062
-165.00 80.00 0.0001581
-160.00 80.00 2.514e-05
-155.00 80.00 -8.031e-05
-150.00 80.00 -0.00015324
-145.00 80.00 -0.00019152
-140.00 80.00 -0.0001956
-135.00 80.00 -0.00016815
-130.00 80.00 -0.0001137
-125.00 80.00 -3.846e-05
-120.00 80.00 4.986e-05
-115.00 80.00 0.00014193
-110.00 80.00 0.00022737
-105.00 80.00 0.00029541
-100.00 80.00 0.00033579
-95.00 80.00 0.00034005
-90.00 80.00 0.00030282
-85.00 80.00 0.00022278
-80.00 80.00 0.00010314
-75.00 80.00 -4.869e-05
-70.00 80.00 -0.00022191
-65.00 80.00 -0.00040374
-60.00 80.00 -0.00058128
-55.00 80.00 -0.00074322
-50.00 80.00 -0.00088134
-45.00 80.00 -0.00099126
-40.00 80.00 -0.00107244
-35.00 80.00 -0.00112779
-30.00 80.00 -0.00116241
-25.00 80.00 -0.00118206
-20.00 80.00 -0.00119163
-15.00 80.00 -0.00119403
-10.00 80.00 -0.0011895
-5.00 80.00 -0.00117552
0.00 80.00 -0.00114705
5.00 80.00 -0.00109764
10.00 80.00 -0.00102075
15.00 80.00 -0.00091128
20.00 80.00 -0.0007668
25.00 80.00 -0.0005886
30.00 80.00 -0.00038244
35.00 80.00 -0.00015819
40.00 80.00 7.107e-05
45.00 80.00 0.00029064
50.00 80.00 0.0004863
55.00 80.00 0.00064593
60.00 80.00 0.00076134
65.00 80.00 0.00082899
70.00 80.00 0.00085035
75.00 80.00 0.000831
80.00 80.00 0.00077982
85.00 80.00 0.00070776
90.00 80.00 0.00062655
95.00 80.00 0.00054762
100.00 80.00 0.00048129
105.00 80.00 0.00043605
110.00 80.00 0.00041802
115.00 80.00 0.00043038
120.00 80.00 0.00047295
125.00 80.00 0.00054234
130.00 80.00 0.00063192
135.00 80.00 0.00073254
140.00 80.00 0.00083328
145.00 80.00 0.0009225
150.00 80.00 0.00098925
155.00 80.00 0.00102432
160.00 80.00 0.00102129
165.00 80.00 0.00097737
170.00 80.00 0.0008937
175.00 80.00 0.0007755
180.00 80.00 0.00063138
-180.00 85.00 0.00044064
-175.00 85.00 0.00040584
-170.00 85.00 0.00036819
-165.00 85.00 0.00032952
-160.00 85.00 0.00029145
-155.00 85.00 0.00025503
-150.00 85.00 0.00022074
-145.00 85.00 0.00018879
-140.00 85.00 0.00015933
-135.00 85.00 0.00013236
-130.00 85.00 0.00010728
-125.00 85.00 8.292e-05
-120.00 85.00 5.775e-05
-115.00 85.00 3.021e-05
-110.00 85.00 -8.1e-07
-105.00 85.00 -3.594e-05
-100.00 85.00 -7.569e-05
-95.00 85.00 -0.00012048
-90.00 85.00 -0.00017055
-85.00 85.00 -0.00022557
-80.00 85.00 -0.0002844
-75.00 85.00 -0.00034521
-70.00 85.00 -0.00040602
-65.00 85.00 -0.00046506
-60.00 85.00 -0.00052086
-55.00 85.00 -0.00057198
-50.00 85.00 -0.00061674
-45.00 85.00 -0.00065355
-40.00 85.00 -0.00068124
-35.00 85.00 -0.00069942
-30.00 85.00 -0.00070833
-25.00 85.00 -0.00070827
-20.00 85.00 -0.00069942
-15.00 85.00 -0.0006816
-10.00 85.00 -0.00065493
-5.00 85.00 -0.00061995
0.00 85.00 -0.00057756
5.00 85.00 -0.0005286
10.00 85.00 -0.00047358
15.00 85.00 -0.00041292
20.00 85.00 -0.0003474
25.00 85.00 -0.00027852
30.00 85.00 -0.00020832
35.00 85.00 -0.00013872
40.00 85.00 -7.134e-05
45.00 85.00 -7.44e-06
50.00 85.00 5.172e-05
55.00 85.00 0.00010479
60.00 85.00 0.0001506
65.00 85.00 0.0001887
70.00 85.00 0.00021951
75.00 85.00 0.00024429
80.00 85.00 0.00026433
85.00 85.00 0.00028092
90.00 85.00 0.00029517
95.00 85.00 0.00030837
100.00 85.00 0.00032214
105.00 85.00 0.00033789
110.00 85.00 0.00035643
115.00 85.00 0.00037773
120.00 85.00 0.00040107
125.00 85.00 0.00042549
130.00 85.00 0.00045
135.00 85.00 0.00047361
140.00 85.00 0.00049485
145.00 85.00 0.00051201
150.00 85.00 0.00052332
155.00 85.00 0.00052752
160.00 85.00 0.00052413
165.00 85.00 0.00051324
170.00 85.00 0.0004953
175.00 85.00 0.00047085
180.00 85.00 0.00044064
-180.00 90.00 -3.621e-05
-175.00 90.00 -3.621e-05
-170.00 90.00 -3.621e-05
-165.00 90.00 -3.621e-05
-160.00 90.00 -3.621e-05
-155.00 90.00 -3.621e-05
-150.00 90.00 -3.621e-05
-145.00 90.00 -3.621e-05
-140.00 90.00 -3.621e-05
-135.00 90.00 -3.621e-05
-130.00 90.00 -3.621e-05
-125.00 90.00 -3.621e-05
-120.00 90.00 -3.621e-05
-115.00 90.00 -3.621e-05
-110.00 90.00 -3.621e-05
-105.00 90.00 -3.621e-05
-100.00 90.00 -3.621e-05
-95.00 90.00 -3.621e-05
-90.00 90.00 -3.621e-05
-85.00 90.00 -3.621e-05
-80.00 90.00 -3.621e-05
-75.00 90.00 -3.621e-05
-70.00 90.00 -3.621e-05
-65.00 90.00 -3.621e-05
-60.00 90.00 -3.621e-05
-55.00 90.00 -3.621e-05
-50.00 90.00 -3.621e-05
-45.00 90.00 -3.621e-05
-40.00 90.00 -3.621e-05
-35.00 90.00 -3.621e-05
-30.00 90.00 -3.621e-05
-25.00 90.00 -3.621e-05
-20.00 90.00 -3.621e-05
-15.00 90.00 -3.621e-05
-10.00 90.00 -3.621e-05
-5.00 90.00 -3.621e-05
0.00 90.00 -3.621e-05
5.00 90.00 -3.621e-05
10.00 90.00 -3.621e-05
15.00 90.00 -3.621e-05
20.00 90.00 -3.621e-05
25.00 90.00 -3.621e-05
30.00 90.00 -3.621e-05
35.00 90.00 -3.621e-05
40.00 90.00 -3.621e-05
45.00 90.00 -3.621e-05
50.00 90.00 -3.621e-05
55.00 90.00 -3.621e-05
60.00 90.00 -3.621e-05
65.00 90.00 -3.621e-05
70.00 90.00 -3.621e-05
75.00 90.00 -3.621e-05
80.00 90.00 -3.621e-05
85.00 90.00 -3.621e-05
90.00 90.00 -3.621e-05
95.00 90.00 -3.621e-05
100.00 90.00 -3.621e-05
105.00 90.00 -3.621e-05
110.00 90.00 -3.621e-05
115.00 90.00 -3.621e-05
120.00 90.00 -3.621e-05
125.00 90.00 -3.621e-05
130.00 90.00 -3.621e-05
135.00 90.00 -3.621e-05
140.00 90.00 -3.621e-05
145.00 90.00 -3.621e-05
150.00 90.00 -3.621e-05
155.00 90.00 -3.621e-05
160.00 90.00 -3.621e-05
165.00 90.00 -3.621e-05
170.00 90.00 -3.621e-05
175.00 90.00 -3.621e-05
180.00 90.00 -3.621e-05
