-180.00 -90.00 0.0015015
-175.00 -90.00 0.0015016
-170.00 -90.00 0.0015016
-165.00 -90.00 0.0015016
-160.00 -90.00 0.0015016
-155.00 -90.00 0.0015015
-150.00 -90.00 0.0015015
-145.00 -90.00 0.0015014
-140.00 -90.00 0.0015013
-135.00 -90.00 0.0015012
-130.00 -90.00 0.001501
-125.00 -90.00 0.0015009
-120.00 -90.00 0.0015008
-115.00 -90.00 0.0015007
-110.00 -90.00 0.0015005
-105.00 -90.00 0.0015004
-100.00 -90.00 0.0015003
-95.00 -90.00 0.0015002
-90.00 -90.00 0.0015002
-85.00 -90.00 0.0015001
-80.00 -90.00 0.0015001
-75.00 -90.00 0.0015001
-70.00 -90.00 0.0015001
-65.00 -90.00 0.0015002
-60.00 -90.00 0.0015002
-55.00 -90.00 0.0015003
-50.00 -90.00 0.0015004
-45.00 -90.00 0.0015005
-40.00 -90.00 0.0015007
-35.00 -90.00 0.0015008
-30.00 -90.00 0.0015009
-25.00 -90.00 0.001501
-20.00 -90.00 0.0015012
-15.00 -90.00 0.0015013
-10.00 -90.00 0.0015014
-5.00 -90.00 0.0015015
0.00 -90.00 0.0015015
5.00 -90.00 0.0015016
10.00 -90.00 0.0015016
15.00 -90.00 0.0015016
20.00 -90.00 0.0015016
25.00 -90.00 0.0015015
30.00 -90.00 0.0015015
35.00 -90.00 0.0015014
40.00 -90.00 0.0015013
45.00 -90.00 0.0015012
50.00 -90.00 0.001501
55.00 -90.00 0.0015009
60.00 -90.00 0.0015008
65.00 -90.00 0.0015007
70.00 -90.00 0.0015005
75.00 -90.00 0.0015004
80.00 -90.00 0.0015003
85.00 -90.00 0.0015003
90.00 -90.00 0.0015002
95.00 -90.00 0.0015001
100.00 -90.00 0.0015001
105.00 -90.00 0.0015001
110.00 -90.00 0.0015001
115.00 -90.00 0.0015002
120.00 -90.00 0.0015003
125.00 -90.00 0.0015003
130.00 -90.00 0.0015004
135.00 -90.00 0.0015005
140.00 -90.00 0.0015007
145.00 -90.00 0.0015008
150.00 -90.00 0.0015009
155.00 -90.00 0.001501
160.00 -90.00 0.0015012
165.00 -90.00 0.0015013
170.00 -90.00 0.0015014
175.00 -90.00 0.0015015
180.00 -90.00 0.0015015
-180.00 -85.00 0.0019507
-175.00 -85.00 0.0018787
-170.00 -85.00 0.0017921
-165.00 -85.00 0.0016931
-160.00 -85.00 0.0015842
-155.00 -85.00 0.0014677
-150.00 -85.00 0.0013458
-145.00 -85.00 0.0012201
-140.00 -85.00 0.0010916
-135.00 -85.00 0.0009605
-130.00 -85.00 0.0008265
-125.00 -85.00 0.0006894
-120.00 -85.00 0.0005494
-115.00 -85.00 0.0004062
-110.00 -85.00 0.0002597
-105.00 -85.00 0.0001104
-100.00 -85.00 -4.03e-05
-95.00 -85.00 -0.0001902
-90.00 -85.00 -0.0003359
-85.00 -85.00 -0.0004743
-80.00 -85.00 -0.0006017
-75.00 -85.00 -0.0007138
-70.00 -85.00 -0.0008059
-65.00 -85.00 -0.000873
-60.00 -85.00 -0.0009109
-55.00 -85.00 -0.0009161
-50.00 -85.00 -0.0008862
-45.00 -85.00 -0.0008194
-40.00 -85.00 -0.0007151
-35.00 -85.00 -0.0005746
-30.00 -85.00 -0.0004009
-25.00 -85.00 -0.0001985
-20.00 -85.00 2.66e-05
-15.00 -85.00 0.0002674
-10.00 -85.00 0.000516
-5.00 -85.00 0.0007641
0.00 -85.00 0.0010031
5.00 -85.00 0.0012255
10.00 -85.00 0.0014247
15.00 -85.00 0.001595
20.00 -85.00 0.0017326
25.00 -85.00 0.0018355
30.00 -85.00 0.0019039
35.00 -85.00 0.0019396
40.00 -85.00 0.001946
45.00 -85.00 0.0019271
50.00 -85.00 0.0018879
55.00 -85.00 0.0018347
60.00 -85.00 0.0017735
65.00 -85.00 0.0017101
70.00 -85.00 0.0016492
75.00 -85.00 0.0015945
80.00 -85.00 0.0015493
85.00 -85.00 0.0015163
90.00 -85.00 0.0014972
95.00 -85.00 0.0014927
100.00 -85.00 0.0015019
105.00 -85.00 0.0015241
110.00 -85.00 0.0015584
115.00 -85.00 0.0016036
120.00 -85.00 0.0016577
125.00 -85.00 0.0017181
130.00 -85.00 0.0017819
135.00 -85.00 0.0018459
140.00 -85.00 0.0019073
145.00 -85.00 0.0019628
150.00 -85.00 0.0020089
155.00 -85.00 0.0020422
160.00 -85.00 0.0020601
165.00 -85.00 0.0020605
170.00 -85.00 0.0020426
175.00 -85.00 0.0020058
180.00 -85.00 0.0019507
-180.00 -80.00 0.0014395
-175.00 -80.00 0.0012172
-170.00 -80.00 0.0009582
-165.00 -80.00 0.0006875
-160.00 -80.00 0.0004268
-155.00 -80.00 0.000195
-150.00 -80.00 4.9e-06
-145.00 -80.00 -0.0001403
-140.00 -80.00 -0.0002462
-135.00 -80.00 -0.0003226
-130.00 -80.00 -0.0003809
-125.00 -80.00 -0.0004357
-120.00 -80.00 -0.0005036
-115.00 -80.00 -0.0005979
-110.00 -80.00 -0.0007263
-105.00 -80.00 -0.0008927
-100.00 -80.00 -0.0010999
-95.00 -80.00 -0.0013471
-90.00 -80.00 -0.0016286
-85.00 -80.00 -0.001936
-80.00 -80.00 -0.0022622
-75.00 -80.00 -0.0025987
-70.00 -80.00 -0.0029318
-65.00 -80.00 -0.003244
-60.00 -80.00 -0.0035165
-55.00 -80.00 -0.0037293
-50.00 -80.00 -0.0038595
-45.00 -80.00 -0.0038831
-40.00 -80.00 -0.0037814
-35.00 -80.00 -0.0035442
-30.00 -80.00 -0.0031686
-25.00 -80.00 -0.0026593
-20.00 -80.00 -0.002032
-15.00 -80.00 -0.001315
-10.00 -80.00 -0.0005435
-5.00 -80.00 0.0002442
0.00 -80.00 0.001008
5.00 -80.00 0.0017068
10.00 -80.00 0.0023035
15.00 -80.00 0.0027718
20.00 -80.00 0.0030959
25.00 -80.00 0.0032693
30.00 -80.00 0.0032951
35.00 -80.00 0.0031888
40.00 -80.00 0.0029755
45.00 -80.00 0.0026832
50.00 -80.00 0.0023403
55.00 -80.00 0.0019754
60.00 -80.00 0.0016156
65.00 -80.00 0.001282
70.00 -80.00 0.0009867
75.00 -80.00 0.000736
80.00 -80.00 0.0005328
85.00 -80.00 0.000375
90.00 -80.00 0.0002548
95.00 -80.00 0.0001631
100.00 -80.00 9.45e-05
105.00 -80.00 4.72e-05
110.00 -80.00 2.11e-05
115.00 -80.00 1.97e-05
120.00 -80.00 5.14e-05
125.00 -80.00 0.0001276
130.00 -80.00 0.0002547
135.00 -80.00 0.000432
140.00 -80.00 0.000652
145.00 -80.00 0.0009007
150.00 -80.00 0.0011548
155.00 -80.00 0.0013843
160.00 -80.00 0.0015603
165.00 -80.00 0.0016615
170.00 -80.00 0.0016755
175.00 -80.00 0.0015989
180.00 -80.00 0.0014395
-180.00 -75.00 0.000962
-175.00 -75.00 0.0005095
-170.00 -75.00 2.78e-05
-165.00 -75.00 -0.0004043
-160.00 -75.00 -0.0007338
-155.00 -75.00 -0.0009365
-150.00 -75.00 -0.0010122
-145.00 -75.00 -0.0009747
-140.00 -75.00 -0.0008476
-135.00 -75.00 -0.0006644
-130.00 -75.00 -0.0004631
-125.00 -75.00 -0.000281
-120.00 -75.00 -0.0001509
-115.00 -75.00 -9.59e-05
-110.00 -75.00 -0.0001222
-105.00 -75.00 -0.0002197
-100.00 -75.00 -0.000369
-95.00 -75.00 -0.0005494
-90.00 -75.00 -0.0007461
-85.00 -75.00 -0.0009588
-80.00 -75.00 -0.0012041
-75.00 -75.00 -0.0015076
-70.00 -75.00 -0.0018925
-65.00 -75.00 -0.0023698
-60.00 -75.00 -0.002929
-55.00 -75.00 -0.0035332
-50.00 -75.00 -0.0041249
-45.00 -75.00 -0.0046372
-40.00 -75.00 -0.0050035
-35.00 -75.00 -0.0051671
-30.00 -75.00 -0.0050903
-25.00 -75.00 -0.0047588
-20.00 -75.00 -0.0041808
-15.00 -75.00 -0.0033871
-10.00 -75.00 -0.0024302
-5.00 -75.00 -0.0013788
0.00 -75.00 -0.0003092
5.00 -75.00 0.0007005
10.00 -75.00 0.0015777
15.00 -75.00 0.0022663
20.00 -75.00 0.0027333
25.00 -75.00 0.00297
30.00 -75.00 0.0029924
35.00 -75.00 0.0028396
40.00 -75.00 0.0025634
45.00 -75.00 0.0022163
50.00 -75.00 0.0018446
55.00 -75.00 0.0014832
60.00 -75.00 0.0011508
65.00 -75.00 0.0008523
70.00 -75.00 0.0005858
75.00 -75.00 0.0003455
80.00 -75.00 0.0001201
85.00 -75.00 -0.0001052
90.00 -75.00 -0.0003473
95.00 -75.00 -0.0006262
100.00 -75.00 -0.0009614
105.00 -75.00 -0.0013601
110.00 -75.00 -0.0018083
115.00 -75.00 -0.0022673
120.00 -75.00 -0.0026736
125.00 -75.00 -0.0029457
130.00 -75.00 -0.0030035
135.00 -75.00 -0.0027941
140.00 -75.00 -0.00231
145.00 -75.00 -0.0015978
150.00 -75.00 -0.0007569
155.00 -75.00 7.92e-05
160.00 -75.00 0.0007771
165.00 -75.00 0.0012351
170.00 -75.00 0.0014029
175.00 -75.00 0.0012907
180.00 -75.00 0.000962
-180.00 -70.00 0.0002469
-175.00 -70.00 -0.0003436
-170.00 -70.00 -0.0006684
-165.00 -70.00 -0.0006836
-160.00 -70.00 -0.0004611
-155.00 -70.00 -0.0001201
-150.00 -70.00 0.0002402
-145.00 -70.00 0.0005758
-140.00 -70.00 0.0008876
-135.00 -70.00 0.0011865
-130.00 -70.00 0.0014622
-125.00 -70.00 0.0016744
-120.00 -70.00 0.0017706
-115.00 -70.00 0.0017155
-110.00 -70.00 0.0015157
-105.00 -70.00 0.0012278
-100.00 -70.00 0.0009453
-95.00 -70.00 0.0007688
-90.00 -70.00 0.0007679
-85.00 -70.00 0.0009478
-80.00 -70.00 0.001237
-75.00 -70.00 0.0015035
-70.00 -70.00 0.0015998
-65.00 -70.00 0.0014158
-60.00 -70.00 0.0009168
-55.00 -70.00 0.0001493
-50.00 -70.00 -0.000786
-45.00 -70.00 -0.0017739
-40.00 -70.00 -0.002716
-35.00 -70.00 -0.0035402
-30.00 -70.00 -0.0041939
-25.00 -70.00 -0.0046333
-20.00 -70.00 -0.0048228
-15.00 -70.00 -0.0047441
-10.00 -70.00 -0.004409
-5.00 -70.00 -0.0038641
0.00 -70.00 -0.0031856
5.00 -70.00 -0.0024655
10.00 -70.00 -0.0017949
15.00 -70.00 -0.0012491
20.00 -70.00 -0.0008731
25.00 -70.00 -0.0006713
30.00 -70.00 -0.0006037
35.00 -70.00 -0.0005948
40.00 -70.00 -0.0005573
45.00 -70.00 -0.0004241
50.00 -70.00 -0.0001766
55.00 -70.00 0.0001459
60.00 -70.00 0.0004605
65.00 -70.00 0.0006738
70.00 -70.00 0.0007181
75.00 -70.00 0.0005717
80.00 -70.00 0.0002571
85.00 -70.00 -0.0001807
90.00 -70.00 -0.0007022
95.00 -70.00 -0.0012935
100.00 -70.00 -0.0019681
105.00 -70.00 -0.0027504
110.00 -70.00 -0.0036461
115.00 -70.00 -0.0046113
120.00 -70.00 -0.005533
125.00 -70.00 -0.0062359
130.00 -70.00 -0.00652
135.00 -70.00 -0.0062249
140.00 -70.00 -0.0052994
145.00 -70.00 -0.0038473
150.00 -70.00 -0.0021236
155.00 -70.00 -0.0004732
160.00 -70.00 0.0007727
165.00 -70.00 0.0014038
170.00 -70.00 0.0013984
175.00 -70.00 0.0009205
180.00 -70.00 0.0002469
-180.00 -65.00 -0.0027477
-175.00 -65.00 -0.0031437
-170.00 -65.00 -0.0024898
-165.00 -65.00 -0.0010967
-160.00 -65.00 0.0004669
-155.00 -65.00 0.0016892
-150.00 -65.00 0.0023542
-145.00 -65.00 0.0025734
-140.00 -65.00 0.0026249
-135.00 -65.00 0.002737
-130.00 -65.00 0.0029608
-125.00 -65.00 0.0031871
-120.00 -65.00 0.0032536
-115.00 -65.00 0.0030524
-110.00 -65.00 0.0025809
-105.00 -65.00 0.0019394
-100.00 -65.00 0.001306
-95.00 -65.00 0.0008968
-90.00 -65.00 0.0009036
-85.00 -65.00 0.0014077
-80.00 -65.00 0.0023102
-75.00 -65.00 0.0033382
-70.00 -65.00 0.0041513
-65.00 -65.00 0.0045005
-60.00 -65.00 0.0043377
-55.00 -65.00 0.0038007
-50.00 -65.00 0.0030884
-45.00 -65.00 0.0023185
-40.00 -65.00 0.0014755
-35.00 -65.00 0.0004747
-30.00 -65.00 -0.0007175
-25.00 -65.00 -0.0020093
-20.00 -65.00 -0.0032081
-15.00 -65.00 -0.0041194
-10.00 -65.00 -0.0046412
-5.00 -65.00 -0.0047935
0.00 -65.00 -0.00468
5.00 -65.00 -0.0044278
10.00 -65.00 -0.0041478
15.00 -65.00 -0.0039267
20.00 -65.00 -0.0038243
25.00 -65.00 -0.0038562
30.00 -65.00 -0.0039668
35.00 -65.00 -0.0040249
40.00 -65.00 -0.0038631
45.00 -65.00 -0.0033575
50.00 -65.00 -0.0025056
55.00 -65.00 -0.001455
60.00 -65.00 -0.0004561
65.00 -65.00 0.0002412
70.00 -65.00 0.0004915
75.00 -65.00 0.0002993
80.00 -65.00 -0.0002138
85.00 -65.00 -0.0008885
90.00 -65.00 -0.0016028
95.00 -65.00 -0.0023034
100.00 -65.00 -0.0029967
105.00 -65.00 -0.0037188
110.00 -65.00 -0.0045016
115.00 -65.00 -0.0053336
120.00 -65.00 -0.006123
125.00 -65.00 -0.0066816
130.00 -65.00 -0.0067597
135.00 -65.00 -0.0061393
140.00 -65.00 -0.0047565
145.00 -65.00 -0.0027924
150.00 -65.00 -0.0006756
155.00 -65.00 0.001029
160.00 -65.00 0.0018216
165.00 -65.00 0.0014827
170.00 -65.00 0.0002046
175.00 -65.00 -0.0014457
180.00 -65.00 -0.0027477
-180.00 -60.00 -0.0066382
-175.00 -60.00 -0.0063271
-170.00 -60.00 -0.0041742
-165.00 -60.00 -0.0011467
-160.00 -60.00 0.0014246
-155.00 -60.00 0.0026249
-150.00 -60.00 0.0024412
-145.00 -60.00 0.0016171
-140.00 -60.00 0.0010371
-135.00 -60.00 0.0011377
-130.00 -60.00 0.0017528
-125.00 -60.00 0.0024013
-120.00 -60.00 0.0026963
-115.00 -60.00 0.0025439
-110.00 -60.00 0.0020639
-105.00 -60.00 0.0014105
-100.00 -60.00 0.0007061
-95.00 -60.00 0.00012
-90.00 -60.00 -7.12e-05
-85.00 -60.00 0.0004042
-80.00 -60.00 0.001569
-75.00 -60.00 0.00306
-70.00 -60.00 0.0042911
-65.00 -60.00 0.0048402
-60.00 -60.00 0.0047439
-55.00 -60.00 0.0044266
-50.00 -60.00 0.0043066
-45.00 -60.00 0.0044158
-40.00 -60.00 0.0043592
-35.00 -60.00 0.0036449
-30.00 -60.00 0.0021008
-25.00 -60.00 4.11e-05
-20.00 -60.00 -0.0019277
-15.00 -60.00 -0.0032848
-10.00 -60.00 -0.0038642
-5.00 -60.00 -0.0038503
0.00 -60.00 -0.0035653
5.00 -60.00 -0.0032508
10.00 -60.00 -0.0030001
15.00 -60.00 -0.0028336
20.00 -60.00 -0.0027919
25.00 -60.00 -0.0029409
30.00 -60.00 -0.003293
35.00 -60.00 -0.003732
40.00 -60.00 -0.004027
45.00 -60.00 -0.0039471
50.00 -60.00 -0.0034108
55.00 -60.00 -0.0025677
60.00 -60.00 -0.0017348
65.00 -60.00 -0.0012073
70.00 -60.00 -0.0010738
75.00 -60.00 -0.001183
80.00 -60.00 -0.0012963
85.00 -60.00 -0.0012917
90.00 -60.00 -0.0012432
95.00 -60.00 -0.0013214
100.00 -60.00 -0.0016303
105.00 -60.00 -0.0021335
110.00 -60.00 -0.0027058
115.00 -60.00 -0.0032153
120.00 -60.00 -0.0035434
125.00 -60.00 -0.0035532
130.00 -60.00 -0.003091
135.00 -60.00 -0.0020653
140.00 -60.00 -0.0005558
145.00 -60.00 0.0011361
150.00 -60.00 0.0025344
155.00 -60.00 0.0031139
160.00 -60.00 0.0024746
165.00 -60.00 0.0005418
170.00 -60.00 -0.0022648
175.00 -60.00 -0.0050295
180.00 -60.00 -0.0066382
-180.00 -55.00 -0.0067121
-175.00 -55.00 -0.0055613
-170.00 -55.00 -0.0025765
-165.00 -55.00 0.0008573
-160.00 -55.00 0.0028528
-155.00 -55.00 0.0023994
-150.00 -55.00 0.0001496
-145.00 -55.00 -0.0021275
-140.00 -55.00 -0.0029423
-135.00 -55.00 -0.0021053
-130.00 -55.00 -0.0005917
-125.00 -55.00 0.000449
-120.00 -55.00 0.0005845
-115.00 -55.00 0.0002044
-110.00 -55.00 -7.16e-05
-105.00 -55.00 -3.13e-05
-100.00 -55.00 3.41e-05
-95.00 -55.00 -0.0001946
-90.00 -55.00 -0.0005568
-85.00 -55.00 -0.000453
-80.00 -55.00 0.0005458
-75.00 -55.00 0.0021434
-70.00 -55.00 0.0034565
-65.00 -55.00 0.0037917
-60.00 -55.00 0.0033014
-55.00 -55.00 0.0028358
-50.00 -55.00 0.0031068
-45.00 -55.00 0.0039708
-40.00 -55.00 0.0045103
-35.00 -55.00 0.0038196
-30.00 -55.00 0.0017763
-25.00 -55.00 -0.0008406
-20.00 -55.00 -0.0029184
-15.00 -55.00 -0.0037587
-10.00 -55.00 -0.0034369
-5.00 -55.00 -0.0025809
0.00 -55.00 -0.0018302
5.00 -55.00 -0.001436
10.00 -55.00 -0.0012682
15.00 -55.00 -0.0011112
20.00 -55.00 -0.0009131
25.00 -55.00 -0.0007939
30.00 -55.00 -0.000897
35.00 -55.00 -0.0012649
40.00 -55.00 -0.0018096
45.00 -55.00 -0.0023505
50.00 -55.00 -0.0027149
55.00 -55.00 -0.0028749
60.00 -55.00 -0.0029876
65.00 -55.00 -0.0032094
70.00 -55.00 -0.0034153
75.00 -55.00 -0.003168
80.00 -55.00 -0.0020877
85.00 -55.00 -0.0003041
90.00 -55.00 0.0015048
95.00 -55.00 0.0025821
100.00 -55.00 0.0026277
105.00 -55.00 0.0019064
110.00 -55.00 0.0009192
115.00 -55.00 5.6e-05
120.00 -55.00 -0.0004608
125.00 -55.00 -0.000459
130.00 -55.00 0.0001731
135.00 -55.00 0.0013052
140.00 -55.00 0.0024754
145.00 -55.00 0.003104
150.00 -55.00 0.0028564
155.00 -55.00 0.0017957
160.00 -55.00 0.0001837
165.00 -55.00 -0.0017913
170.00 -55.00 -0.0039751
175.00 -55.00 -0.0059115
180.00 -55.00 -0.0067121
-180.00 -50.00 -0.0021971
-175.00 -50.00 -0.0013592
-170.00 -50.00 0.0007036
-165.00 -50.00 0.0030319
-160.00 -50.00 0.0036018
-155.00 -50.00 0.0013862
-150.00 -50.00 -0.0023672
-145.00 -50.00 -0.0051206
-140.00 -50.00 -0.0052853
-135.00 -50.00 -0.0034377
-130.00 -50.00 -0.0014969
-125.00 -50.00 -0.0009354
-120.00 -50.00 -0.0017221
-115.00 -50.00 -0.0026694
-110.00 -50.00 -0.0026132
-105.00 -50.00 -0.0014043
-100.00 -50.00 2.88e-05
-95.00 -50.00 0.0005952
-90.00 -50.00 0.0001407
-85.00 -50.00 -0.0003746
-80.00 -50.00 9.98e-05
-75.00 -50.00 0.001528
-70.00 -50.00 0.00279
-65.00 -50.00 0.0029048
-60.00 -50.00 0.0020932
-55.00 -50.00 0.001482
-50.00 -50.00 0.0018211
-45.00 -50.00 0.0026717
-40.00 -50.00 0.0028935
-35.00 -50.00 0.0018052
-30.00 -50.00 -0.0002003
-25.00 -50.00 -0.0020538
-20.00 -50.00 -0.0028712
-15.00 -50.00 -0.0025096
-10.00 -50.00 -0.0015261
-5.00 -50.00 -0.0007092
0.00 -50.00 -0.0005375
5.00 -50.00 -0.000931
10.00 -50.00 -0.0014732
15.00 -50.00 -0.0018484
20.00 -50.00 -0.0020132
25.00 -50.00 -0.002
30.00 -50.00 -0.0017692
35.00 -50.00 -0.0013839
40.00 -50.00 -0.0011661
45.00 -50.00 -0.0014408
50.00 -50.00 -0.0021516
55.00 -50.00 -0.00294
60.00 -50.00 -0.0036023
65.00 -50.00 -0.0042038
70.00 -50.00 -0.0046148
75.00 -50.00 -0.0042049
80.00 -50.00 -0.0023657
85.00 -50.00 0.0006263
90.00 -50.00 0.0035318
95.00 -50.00 0.0051181
100.00 -50.00 0.0051347
105.00 -50.00 0.0042419
110.00 -50.00 0.0031314
115.00 -50.00 0.0019874
120.00 -50.00 0.0008252
125.00 -50.00 1.34e-05
130.00 -50.00 8.34e-05
135.00 -50.00 0.0009703
140.00 -50.00 0.0017
145.00 -50.00 0.0011138
150.00 -50.00 -0.0009843
155.00 -50.00 -0.003466
160.00 -50.00 -0.0048052
165.00 -50.00 -0.0044621
170.00 -50.00 -0.0032962
175.00 -50.00 -0.002501
180.00 -50.00 -0.0021971
-180.00 -45.00 0.0022401
-175.00 -45.00 0.0006624
-170.00 -45.00 0.0003635
-165.00 -45.00 0.0014941
-160.00 -45.00 0.0018881
-155.00 -45.00 -3.8e-06
-150.00 -45.00 -0.0030378
-145.00 -45.00 -0.004697
-140.00 -45.00 -0.0039479
-135.00 -45.00 -0.0021112
-130.00 -45.00 -0.0011204
-125.00 -45.00 -0.0016419
-120.00 -45.00 -0.0029343
-115.00 -45.00 -0.0038192
-110.00 -45.00 -0.0034674
-105.00 -45.00 -0.0018191
-100.00 -45.00 0.000219
-95.00 -45.00 0.0012938
-90.00 -45.00 0.0008715
-85.00 -45.00 -9.59e-05
-80.00 -45.00 -0.0002004
-75.00 -45.00 0.0007775
-70.00 -45.00 0.0017123
-65.00 -45.00 0.0016661
-60.00 -45.00 0.0010428
-55.00 -45.00 0.0008602
-50.00 -45.00 0.0012388
-45.00 -45.00 0.0012236
-40.00 -45.00 0.000171
-35.00 -45.00 -0.0012121
-30.00 -45.00 -0.0015868
-25.00 -45.00 -0.0005139
-20.00 -45.00 0.0011229
-15.00 -45.00 0.0021423
-10.00 -45.00 0.0021092
-5.00 -45.00 0.0013399
0.00 -45.00 0.0003373
5.00 -45.00 -0.000549
10.00 -45.00 -0.001259
15.00 -45.00 -0.0021151
20.00 -45.00 -0.003487
25.00 -45.00 -0.0050607
30.00 -45.00 -0.0057826
35.00 -45.00 -0.0050101
40.00 -45.00 -0.0034939
45.00 -45.00 -0.0026496
50.00 -45.00 -0.0029354
55.00 -45.00 -0.0035473
60.00 -45.00 -0.0037433
65.00 -45.00 -0.0037405
70.00 -45.00 -0.0039321
75.00 -45.00 -0.0038241
80.00 -45.00 -0.0025026
85.00 -45.00 -6.19e-05
90.00 -45.00 0.002136
95.00 -45.00 0.0029266
100.00 -45.00 0.002636
105.00 -45.00 0.0024484
110.00 -45.00 0.0027119
115.00 -45.00 0.0025173
120.00 -45.00 0.0011391
125.00 -45.00 -0.0006713
130.00 -45.00 -0.0013927
135.00 -45.00 -0.0006353
140.00 -45.00 0.0001417
145.00 -45.00 -0.0009476
150.00 -45.00 -0.0041104
155.00 -45.00 -0.0072627
160.00 -45.00 -0.0076794
165.00 -45.00 -0.0045628
170.00 -45.00 -5.74e-05
175.00 -45.00 0.0026099
180.00 -45.00 0.0022402
-180.00 -40.00 0.0031864
-175.00 -40.00 -0.0014917
-170.00 -40.00 -0.0036881
-165.00 -40.00 -0.0024743
-160.00 -40.00 -0.0006055
-155.00 -40.00 -0.0005235
-150.00 -40.00 -0.0015045
-145.00 -40.00 -0.0015078
-140.00 -40.00 -0.0004565
-135.00 -40.00 -6.85e-05
-130.00 -40.00 -0.0010091
-125.00 -40.00 -0.0020443
-120.00 -40.00 -0.0021837
-115.00 -40.00 -0.0020017
-110.00 -40.00 -0.0021767
-105.00 -40.00 -0.0021481
-100.00 -40.00 -0.0012693
-95.00 -40.00 -0.0002517
-90.00 -40.00 -0.0002033
-85.00 -40.00 -0.0008421
-80.00 -40.00 -0.0009417
-75.00 -40.00 -0.0002897
-70.00 -40.00 6.27e-05
-65.00 -40.00 -0.0003843
-60.00 -40.00 -0.0007164
-55.00 -40.00 -0.0001831
-50.00 -40.00 0.0002235
-45.00 -40.00 -0.001113
-40.00 -40.00 -0.0038199
-35.00 -40.00 -0.0051496
-30.00 -40.00 -0.0029228
-25.00 -40.00 0.0016372
-20.00 -40.00 0.0049054
-15.00 -40.00 0.0046499
-10.00 -40.00 0.0020256
-5.00 -40.00 -0.0002652
0.00 -40.00 -0.0007758
5.00 -40.00 9.59e-05
10.00 -40.00 0.0011228
15.00 -40.00 0.000893
20.00 -40.00 -0.0016073
25.00 -40.00 -0.0056906
30.00 -40.00 -0.0087189
35.00 -40.00 -0.0085326
40.00 -40.00 -0.0059907
45.00 -40.00 -0.0039063
50.00 -40.00 -0.0036052
55.00 -40.00 -0.0038782
60.00 -40.00 -0.0033941
65.00 -40.00 -0.0026052
70.00 -40.00 -0.0025432
75.00 -40.00 -0.0028831
80.00 -40.00 -0.0023975
85.00 -40.00 -0.0009557
90.00 -40.00 9.3e-05
95.00 -40.00 -0.0001564
100.00 -40.00 -0.0006974
105.00 -40.00 8.47e-05
110.00 -40.00 0.0019412
115.00 -40.00 0.0027141
120.00 -40.00 0.0011274
125.00 -40.00 -0.001337
130.00 -40.00 -0.0021792
135.00 -40.00 -0.0009497
140.00 -40.00 0.0003
145.00 -40.00 -0.0005423
150.00 -40.00 -0.0033497
155.00 -40.00 -0.0057352
160.00 -40.00 -0.0050146
165.00 -40.00 -0.0007107
170.00 -40.00 0.0043657
175.00 -40.00 0.0061293
180.00 -40.00 0.0031864
-180.00 -35.00 0.0013436
-175.00 -35.00 -0.0040961
-170.00 -35.00 -0.0059857
-165.00 -35.00 -0.0037456
-160.00 -35.00 -0.0007877
-155.00 -35.00 0.0002041
-150.00 -35.00 0.0002316
-145.00 -35.00 0.0011489
-140.00 -35.00 0.0019869
-135.00 -35.00 0.0006281
-130.00 -35.00 -0.0019704
-125.00 -35.00 -0.0024996
-120.00 -35.00 -0.0004114
-115.00 -35.00 0.0008993
-110.00 -35.00 -0.0008873
-105.00 -35.00 -0.0036936
-100.00 -35.00 -0.0044581
-95.00 -35.00 -0.0034206
-90.00 -35.00 -0.0027711
-85.00 -35.00 -0.002868
-80.00 -35.00 -0.0023892
-75.00 -35.00 -0.0012671
-70.00 -35.00 -0.0009175
-65.00 -35.00 -0.0016521
-60.00 -35.00 -0.0020203
-55.00 -35.00 -0.001318
-50.00 -35.00 -0.0011854
-45.00 -35.00 -0.0034697
-40.00 -35.00 -0.0070261
-35.00 -35.00 -0.0080541
-30.00 -35.00 -0.0043691
-25.00 -35.00 0.0013304
-20.00 -35.00 0.0037917
-15.00 -35.00 0.000994
-10.00 -35.00 -0.0036905
-5.00 -35.00 -0.0056465
0.00 -35.00 -0.003806
5.00 -35.00 -0.0003427
10.00 -35.00 0.0024852
15.00 -35.00 0.0032347
20.00 -35.00 0.000712
25.00 -35.00 -0.0046011
30.00 -35.00 -0.0092367
35.00 -35.00 -0.0096749
40.00 -35.00 -0.0065345
45.00 -35.00 -0.0035606
50.00 -35.00 -0.0026843
55.00 -35.00 -0.0025024
60.00 -35.00 -0.0015945
65.00 -35.00 -0.0007247
70.00 -35.00 -0.0009986
75.00 -35.00 -0.0017811
80.00 -35.00 -0.001624
85.00 -35.00 -0.0003747
90.00 -35.00 0.0006431
95.00 -35.00 0.0005239
100.00 -35.00 0.00019
105.00 -35.00 0.0011217
110.00 -35.00 0.0027719
115.00 -35.00 0.0026955
120.00 -35.00 6e-05
125.00 -35.00 -0.002542
130.00 -35.00 -0.0023207
135.00 -35.00 -6.69e-05
140.00 -35.00 0.0011196
145.00 -35.00 -3.53e-05
150.00 -35.00 -0.0018926
155.00 -35.00 -0.0022533
160.00 -35.00 -0.0002328
165.00 -35.00 0.0034561
170.00 -35.00 0.0064987
175.00 -35.00 0.0059938
180.00 -35.00 0.0013436
-180.00 -30.00 -0.0018916
-175.00 -30.00 -0.0049661
-170.00 -30.00 -0.0049633
-165.00 -30.00 -0.0023127
-160.00 -30.00 -0.0001806
-155.00 -30.00 -0.000294
-150.00 -30.00 -0.0007666
-145.00 -30.00 0.000354
-140.00 -30.00 0.0012504
-135.00 -30.00 -0.0008451
-130.00 -30.00 -0.0041093
-125.00 -30.00 -0.0038379
-120.00 -30.00 2.35e-05
-115.00 -30.00 0.0019633
-110.00 -30.00 -0.0009383
-105.00 -30.00 -0.0047704
-100.00 -30.00 -0.0052036
-95.00 -30.00 -0.003635
-90.00 -30.00 -0.0035832
-85.00 -30.00 -0.0046882
-80.00 -30.00 -0.0042359
-75.00 -30.00 -0.0021738
-70.00 -30.00 -0.0008077
-65.00 -30.00 -0.0008518
-60.00 -30.00 -0.00097
-55.00 -30.00 -0.0006954
-50.00 -30.00 -0.0013035
-45.00 -30.00 -0.0035919
-40.00 -30.00 -0.0061924
-35.00 -30.00 -0.0065758
-30.00 -30.00 -0.0037221
-25.00 -30.00 6.79e-05
-20.00 -30.00 0.00081
-15.00 -30.00 -0.0026637
-10.00 -30.00 -0.0067649
-5.00 -30.00 -0.0072923
0.00 -30.00 -0.004381
5.00 -30.00 -0.0012562
10.00 -30.00 0.0003688
15.00 -30.00 0.0006322
20.00 -30.00 -0.0011312
25.00 -30.00 -0.0053258
30.00 -30.00 -0.0092233
35.00 -30.00 -0.0093225
40.00 -30.00 -0.0062282
45.00 -30.00 -0.0034909
50.00 -30.00 -0.0022651
55.00 -30.00 -0.0008566
60.00 -30.00 0.0011505
65.00 -30.00 0.0020934
70.00 -30.00 0.0012883
75.00 -30.00 -4.1e-05
80.00 -30.00 -0.0006355
85.00 -30.00 -0.0001499
90.00 -30.00 0.0010958
95.00 -30.00 0.0022903
100.00 -30.00 0.0029727
105.00 -30.00 0.0036278
110.00 -30.00 0.0040911
115.00 -30.00 0.0026717
120.00 -30.00 -0.0007813
125.00 -30.00 -0.0028473
130.00 -30.00 -0.0008973
135.00 -30.00 0.0023433
140.00 -30.00 0.0023369
145.00 -30.00 -0.0007298
150.00 -30.00 -0.002702
155.00 -30.00 -0.0014695
160.00 -30.00 0.0012752
165.00 -30.00 0.0032856
170.00 -30.00 0.0035869
175.00 -30.00 0.0017262
180.00 -30.00 -0.0018915
-180.00 -25.00 -0.0053618
-175.00 -25.00 -0.0057734
-170.00 -25.00 -0.0047593
-165.00 -25.00 -0.0032308
-160.00 -25.00 -0.0028032
-155.00 -25.00 -0.0038568
-150.00 -25.00 -0.0044613
-145.00 -25.00 -0.0029432
-140.00 -25.00 -0.0013039
-135.00 -25.00 -0.0028316
-130.00 -25.00 -0.006002
-125.00 -25.00 -0.0056258
-120.00 -25.00 -0.0013317
-115.00 -25.00 0.0010943
-110.00 -25.00 -0.0009101
-105.00 -25.00 -0.002624
-100.00 -25.00 -0.0006251
-95.00 -25.00 0.0013212
-90.00 -25.00 -0.0007918
-85.00 -25.00 -0.0043688
-80.00 -25.00 -0.004943
-75.00 -25.00 -0.0028662
-70.00 -25.00 -0.0009819
-65.00 -25.00 0.000275
-60.00 -25.00 0.0015283
-55.00 -25.00 0.0016226
-50.00 -25.00 -0.0002958
-45.00 -25.00 -0.0024326
-40.00 -25.00 -0.002856
-35.00 -25.00 -0.002108
-30.00 -25.00 -0.001357
-25.00 -25.00 -0.0004776
-20.00 -25.00 0.0003624
-15.00 -25.00 -4.1e-06
-10.00 -25.00 -0.0013258
-5.00 -25.00 -0.0016952
0.00 -25.00 -0.0008899
5.00 -25.00 -0.0008296
10.00 -25.00 -0.0020777
15.00 -25.00 -0.0034287
20.00 -25.00 -0.0049766
25.00 -25.00 -0.007468
30.00 -25.00 -0.0091666
35.00 -25.00 -0.0079923
40.00 -25.00 -0.0056873
45.00 -25.00 -0.0049989
50.00 -25.00 -0.0045623
55.00 -25.00 -0.0016754
60.00 -25.00 0.0022407
65.00 -25.00 0.0039352
70.00 -25.00 0.0032664
75.00 -25.00 0.0016721
80.00 -25.00 -0.0006693
85.00 -25.00 -0.0027421
90.00 -25.00 -0.0021228
95.00 -25.00 0.0008768
100.00 -25.00 0.003062
105.00 -25.00 0.0034759
110.00 -25.00 0.0035986
115.00 -25.00 0.0029544
120.00 -25.00 0.0005697
125.00 -25.00 -0.000644
130.00 -25.00 0.0022631
135.00 -25.00 0.0058133
140.00 -25.00 0.004336
145.00 -25.00 -0.0010989
150.00 -25.00 -0.0043421
155.00 -25.00 -0.0031086
160.00 -25.00 -0.0007219
165.00 -25.00 -0.0003032
170.00 -25.00 -0.0017688
175.00 -25.00 -0.0037804
180.00 -25.00 -0.0053618
-180.00 -20.00 -0.0067124
-175.00 -20.00 -0.0067552
-170.00 -20.00 -0.0066512
-165.00 -20.00 -0.0069968
-160.00 -20.00 -0.0073883
-155.00 -20.00 -0.0076328
-150.00 -20.00 -0.0073278
-145.00 -20.00 -0.0053293
-140.00 -20.00 -0.0025461
-135.00 -20.00 -0.002379
-130.00 -20.00 -0.0049664
-125.00 -20.00 -0.0055801
-120.00 -20.00 -0.0024183
-115.00 -20.00 0.0001785
-110.00 -20.00 6.03e-05
-105.00 -20.00 0.0011727
-100.00 -20.00 0.0049609
-95.00 -20.00 0.0062337
-90.00 -20.00 0.0022484
-85.00 -20.00 -0.0021384
-80.00 -20.00 -0.0027663
-75.00 -20.00 -0.0019036
-70.00 -20.00 -0.0018236
-65.00 -20.00 -0.0003897
-60.00 -20.00 0.0028685
-55.00 -20.00 0.0035575
-50.00 -20.00 -0.0001856
-45.00 -20.00 -0.0034658
-40.00 -20.00 -0.0023905
-35.00 -20.00 -0.0002472
-30.00 -20.00 -0.0010294
-25.00 -20.00 -0.0022556
-20.00 -20.00 8.71e-05
-15.00 -20.00 0.0040291
-10.00 -20.00 0.0049672
-5.00 -20.00 0.0028861
0.00 -20.00 0.0009153
5.00 -20.00 -0.0001152
10.00 -20.00 -0.0013601
15.00 -20.00 -0.0032626
20.00 -20.00 -0.0058564
25.00 -20.00 -0.008465
30.00 -20.00 -0.008641
35.00 -20.00 -0.0056956
40.00 -20.00 -0.0036675
45.00 -20.00 -0.0053303
50.00 -20.00 -0.0066389
55.00 -20.00 -0.0034381
60.00 -20.00 0.001214
65.00 -20.00 0.0029053
70.00 -20.00 0.0026476
75.00 -20.00 0.0018255
80.00 -20.00 -0.001517
85.00 -20.00 -0.0059782
90.00 -20.00 -0.0057774
95.00 -20.00 -0.0008338
100.00 -20.00 0.0021418
105.00 -20.00 0.0011957
110.00 -20.00 0.0010026
115.00 -20.00 0.0024958
120.00 -20.00 0.0021408
125.00 -20.00 0.0010413
130.00 -20.00 0.0032637
135.00 -20.00 0.0064038
140.00 -20.00 0.0044778
145.00 -20.00 -0.0016161
150.00 -20.00 -0.0055187
155.00 -20.00 -0.0049976
160.00 -20.00 -0.0031791
165.00 -20.00 -0.0027615
170.00 -20.00 -0.0038998
175.00 -20.00 -0.0056236
180.00 -20.00 -0.0067124
-180.00 -15.00 -0.0048731
-175.00 -15.00 -0.0057891
-170.00 -15.00 -0.0066797
-165.00 -15.00 -0.0080961
-160.00 -15.00 -0.0084328
-155.00 -15.00 -0.0077994
-150.00 -15.00 -0.0076941
-145.00 -15.00 -0.0066192
-140.00 -15.00 -0.0029611
-135.00 -15.00 -0.0001312
-130.00 -15.00 -0.0013527
-125.00 -15.00 -0.0033537
-120.00 -15.00 -0.0023457
-115.00 -15.00 -0.0003844
-110.00 -15.00 0.0004294
-105.00 -15.00 0.0023903
-100.00 -15.00 0.0054845
-95.00 -15.00 0.0051395
-90.00 -15.00 0.001159
-85.00 -15.00 -0.0005214
-80.00 -15.00 0.0015411
-75.00 -15.00 0.0018352
-70.00 -15.00 -0.0010243
-65.00 -15.00 -0.0011423
-60.00 -15.00 0.0031636
-55.00 -15.00 0.0047853
-50.00 -15.00 -0.0003666
-45.00 -15.00 -0.0058522
-40.00 -15.00 -0.0051453
-35.00 -15.00 -0.0019916
-30.00 -15.00 -0.0028315
-25.00 -15.00 -0.0052278
-20.00 -15.00 -0.0029097
-15.00 -15.00 0.0022695
-10.00 -15.00 0.0032235
-5.00 -15.00 -0.0004666
0.00 -15.00 -0.0027812
5.00 -15.00 -0.0013398
10.00 -15.00 0.0004658
15.00 -15.00 -0.0005252
20.00 -15.00 -0.0043848
25.00 -15.00 -0.0085424
30.00 -15.00 -0.0088679
35.00 -15.00 -0.0045851
40.00 -15.00 -0.0012441
45.00 -15.00 -0.0028092
50.00 -15.00 -0.0047031
55.00 -15.00 -0.0022361
60.00 -15.00 0.0007989
65.00 -15.00 0.0003748
70.00 -15.00 -0.0001548
75.00 -15.00 0.0010265
80.00 -15.00 -0.0007263
85.00 -15.00 -0.0051506
90.00 -15.00 -0.0045293
95.00 -15.00 0.0015152
100.00 -15.00 0.0038728
105.00 -15.00 0.0005107
110.00 -15.00 -0.0009217
115.00 -15.00 0.0013198
120.00 -15.00 0.0013238
125.00 -15.00 -0.0009524
130.00 -15.00 -0.0001132
135.00 -15.00 0.0025938
140.00 -15.00 0.0013593
145.00 -15.00 -0.003243
150.00 -15.00 -0.0061346
155.00 -15.00 -0.0060601
160.00 -15.00 -0.0046791
165.00 -15.00 -0.002815
170.00 -15.00 -0.0017876
175.00 -15.00 -0.0029497
180.00 -15.00 -0.0048731
-180.00 -10.00 -0.0024953
-175.00 -10.00 -0.0030489
-170.00 -10.00 -0.003143
-165.00 -10.00 -0.0043407
-160.00 -10.00 -0.004919
-155.00 -10.00 -0.0052591
-150.00 -10.00 -0.0076893
-145.00 -10.00 -0.0093334
-140.00 -10.00 -0.0057223
-135.00 -10.00 -0.0003202
-130.00 -10.00 0.0004499
-125.00 -10.00 -0.0019789
-120.00 -10.00 -0.0024738
-115.00 -10.00 -0.0012894
-110.00 -10.00 -0.0005702
-105.00 -10.00 0.0007246
-100.00 -10.00 0.0020888
-95.00 -10.00 0.0003538
-90.00 -10.00 -0.0026373
-85.00 -10.00 -0.0008951
-80.00 -10.00 0.0047371
-75.00 -10.00 0.0066226
-70.00 -10.00 0.0031288
-65.00 -10.00 0.0012957
-60.00 -10.00 0.004409
-55.00 -10.00 0.0062145
-50.00 -10.00 0.0015101
-45.00 -10.00 -0.0049578
-40.00 -10.00 -0.0060029
-35.00 -10.00 -0.0031767
-30.00 -10.00 -0.0030079
-25.00 -10.00 -0.0054427
-20.00 -10.00 -0.0050811
-15.00 -10.00 -0.0021896
-10.00 -10.00 -0.0023633
-5.00 -10.00 -0.0057474
0.00 -10.00 -0.0066316
5.00 -10.00 -0.0034971
10.00 -10.00 -0.000644
15.00 -10.00 -0.0010238
20.00 -10.00 -0.0042164
25.00 -10.00 -0.0083727
30.00 -10.00 -0.0098536
35.00 -10.00 -0.0063503
40.00 -10.00 -0.0018326
45.00 -10.00 -0.001087
50.00 -10.00 -0.0014932
55.00 -10.00 0.000674
60.00 -10.00 0.0017401
65.00 -10.00 -0.0010849
70.00 -10.00 -0.002145
75.00 -10.00 0.0013943
80.00 -10.00 0.0028652
85.00 -10.00 -9.15e-05
90.00 -10.00 -4.89e-05
95.00 -10.00 0.0046424
100.00 -10.00 0.00593
105.00 -10.00 0.0023542
110.00 -10.00 0.0011669
115.00 -10.00 0.0026757
120.00 -10.00 0.0006235
125.00 -10.00 -0.0034283
130.00 -10.00 -0.003127
135.00 -10.00 -0.0003594
140.00 -10.00 -0.0007869
145.00 -10.00 -0.0031923
150.00 -10.00 -0.0042084
155.00 -10.00 -0.0048122
160.00 -10.00 -0.0051343
165.00 -10.00 -0.0028842
170.00 -10.00 6.75e-05
175.00 -10.00 -0.0002985
180.00 -10.00 -0.0024953
-180.00 -5.00 -0.0021432
-175.00 -5.00 -0.0011164
-170.00 -5.00 0.000476
-165.00 -5.00 -0.0002437
-160.00 -5.00 -0.0015571
-155.00 -5.00 -0.0033233
-150.00 -5.00 -0.0077705
-145.00 -5.00 -0.011482
-140.00 -5.00 -0.0088893
-135.00 -5.00 -0.0031335
-130.00 -5.00 -0.0013889
-125.00 -5.00 -0.0030307
-120.00 -5.00 -0.0032148
-115.00 -5.00 -0.0020947
-110.00 -5.00 -0.0016487
-105.00 -5.00 -0.0008335
-100.00 -5.00 5.48e-05
-95.00 -5.00 -0.0015281
-90.00 -5.00 -0.0037406
-85.00 -5.00 -0.0014375
-80.00 -5.00 0.0048574
-75.00 -5.00 0.0089699
-70.00 -5.00 0.0081816
-65.00 -5.00 0.0059219
-60.00 -5.00 0.0055082
-55.00 -5.00 0.0057186
-50.00 -5.00 0.0034547
-45.00 -5.00 -0.0010583
-40.00 -5.00 -0.0039271
-35.00 -5.00 -0.0032809
-30.00 -5.00 -0.0020361
-25.00 -5.00 -0.002555
-20.00 -5.00 -0.0031411
-15.00 -5.00 -0.0028131
-10.00 -5.00 -0.0035717
-5.00 -5.00 -0.005312
0.00 -5.00 -0.0053596
5.00 -5.00 -0.004171
10.00 -5.00 -0.0042877
15.00 -5.00 -0.0049964
20.00 -5.00 -0.0050349
25.00 -5.00 -0.0063157
30.00 -5.00 -0.008766
35.00 -5.00 -0.0084495
40.00 -5.00 -0.005229
45.00 -5.00 -0.0032062
50.00 -5.00 -0.0021742
55.00 -5.00 0.0005121
60.00 -5.00 0.001893
65.00 -5.00 -0.0007137
70.00 -5.00 -0.0017477
75.00 -5.00 0.0026732
80.00 -5.00 0.0062028
85.00 -5.00 0.0042431
90.00 -5.00 0.002176
95.00 -5.00 0.00355
100.00 -5.00 0.0044689
105.00 -5.00 0.0042859
110.00 -5.00 0.0062704
115.00 -5.00 0.0073042
120.00 -5.00 0.0027452
125.00 -5.00 -0.0023497
130.00 -5.00 -0.001584
135.00 -5.00 0.0011079
140.00 -5.00 0.0005352
145.00 -5.00 -0.000415
150.00 -5.00 0.00013
155.00 -5.00 -0.0016245
160.00 -5.00 -0.004937
165.00 -5.00 -0.0042948
170.00 -5.00 -0.0009861
175.00 -5.00 -0.0006889
180.00 -5.00 -0.0021432
-180.00 0.00 -0.0025319
-175.00 0.00 -0.0007617
-170.00 0.00 0.0012969
-165.00 0.00 0.0003216
-160.00 0.00 -0.0014388
-155.00 0.00 -0.00266
-150.00 0.00 -0.0053822
-145.00 0.00 -0.0079127
-140.00 0.00 -0.0064832
-135.00 0.00 -0.0033999
-130.00 0.00 -0.0031301
-125.00 0.00 -0.0041307
-120.00 0.00 -0.0032961
-115.00 0.00 -0.0021792
-110.00 0.00 -0.0022504
-105.00 0.00 -0.0015395
-100.00 0.00 0.0001433
-95.00 0.00 0.0003013
-90.00 0.00 -0.0007377
-85.00 0.00 -2.08e-05
-80.00 0.00 0.0032377
-75.00 0.00 0.0073125
-70.00 0.00 0.0097151
-65.00 0.00 0.0081007
-60.00 0.00 0.0034567
-55.00 0.00 0.0005898
-50.00 0.00 0.0010982
-45.00 0.00 0.0006111
-40.00 0.00 -0.0029163
-35.00 0.00 -0.0052304
-30.00 0.00 -0.0036301
-25.00 0.00 -0.0010905
-20.00 0.00 -0.0003947
-15.00 0.00 -0.0010382
-10.00 0.00 -0.002021
-5.00 0.00 -0.0026369
0.00 0.00 -0.0026094
5.00 0.00 -0.0035997
10.00 0.00 -0.0062509
15.00 0.00 -0.0070264
20.00 0.00 -0.0042334
25.00 0.00 -0.0027148
30.00 0.00 -0.0055191
35.00 0.00 -0.0081487
40.00 0.00 -0.0074153
45.00 0.00 -0.0062944
50.00 0.00 -0.0055599
55.00 0.00 -0.0022585
60.00 0.00 0.0016636
65.00 0.00 0.001731
70.00 0.00 0.000556
75.00 0.00 0.002888
80.00 0.00 0.0057923
85.00 0.00 0.0047207
90.00 0.00 0.0020412
95.00 0.00 0.001272
100.00 0.00 0.0019564
105.00 0.00 0.0042927
110.00 0.00 0.0083077
115.00 0.00 0.0091329
120.00 0.00 0.0042675
125.00 0.00 0.000244
130.00 0.00 0.0016174
135.00 0.00 0.0030253
140.00 0.00 0.0009706
145.00 0.00 8.57e-05
150.00 0.00 0.0011993
155.00 0.00 -0.00114
160.00 0.00 -0.0057511
165.00 0.00 -0.0057641
170.00 0.00 -0.0023028
175.00 0.00 -0.0016166
180.00 0.00 -0.0025319
-180.00 5.00 -0.0018131
-175.00 5.00 -0.0008082
-170.00 5.00 0.0004222
-165.00 5.00 -0.0011619
-160.00 5.00 -0.0029688
-155.00 5.00 -0.0026177
-150.00 5.00 -0.0017097
-145.00 5.00 -0.0010206
-140.00 5.00 -5.6e-06
-135.00 5.00 -0.0002138
-130.00 5.00 -0.0023036
-125.00 5.00 -0.0034426
-120.00 5.00 -0.0025426
-115.00 5.00 -0.0021674
-110.00 5.00 -0.0027734
-105.00 5.00 -0.0020165
-100.00 5.00 5.85e-05
-95.00 5.00 0.0015545
-90.00 5.00 0.0022822
-85.00 5.00 0.0024321
-80.00 5.00 0.0021203
-75.00 5.00 0.0034771
-70.00 5.00 0.0066457
-65.00 5.00 0.0061291
-60.00 5.00 -0.0004423
-55.00 5.00 -0.0056121
-50.00 5.00 -0.0036874
-45.00 5.00 -0.0007426
-40.00 5.00 -0.0033687
-35.00 5.00 -0.0072791
-30.00 5.00 -0.0062002
-25.00 5.00 -0.0023358
-20.00 5.00 -0.0007479
-15.00 5.00 -0.0017459
-10.00 5.00 -0.0031507
-5.00 5.00 -0.0037413
0.00 5.00 -0.0033562
5.00 5.00 -0.0032077
10.00 5.00 -0.0041348
15.00 5.00 -0.0040915
20.00 5.00 -0.0019746
25.00 5.00 -0.0013922
30.00 5.00 -0.0045034
35.00 5.00 -0.0073212
40.00 5.00 -0.0071695
45.00 5.00 -0.0069109
50.00 5.00 -0.0068808
55.00 5.00 -0.0030073
60.00 5.00 0.0034999
65.00 5.00 0.0060673
70.00 5.00 0.0039525
75.00 5.00 0.0024719
80.00 5.00 0.0031303
85.00 5.00 0.003429
90.00 5.00 0.0031413
95.00 5.00 0.0030986
100.00 5.00 0.0026582
105.00 5.00 0.0024709
110.00 5.00 0.0036025
115.00 5.00 0.0039389
120.00 5.00 0.0022712
125.00 5.00 0.0018657
130.00 5.00 0.0034681
135.00 5.00 0.0025011
140.00 5.00 -0.0015261
145.00 5.00 -0.0034204
150.00 5.00 -0.0030696
155.00 5.00 -0.0051238
160.00 5.00 -0.0077452
165.00 5.00 -0.0054993
170.00 5.00 -0.0010347
175.00 5.00 -0.0004124
180.00 5.00 -0.0018131
-180.00 10.00 -0.0012988
-175.00 10.00 -0.0008613
-170.00 10.00 9.65e-05
-165.00 10.00 -0.0014526
-160.00 10.00 -0.0036343
-155.00 10.00 -0.0037331
-150.00 10.00 -0.0020486
-145.00 10.00 7.93e-05
-140.00 10.00 0.0013018
-135.00 10.00 0.0003535
-130.00 10.00 -0.0016961
-125.00 10.00 -0.0024132
-120.00 10.00 -0.0021335
-115.00 10.00 -0.0024895
-110.00 10.00 -0.0023754
-105.00 10.00 -0.0007141
-100.00 10.00 0.0005279
-95.00 10.00 0.0007248
-90.00 10.00 0.0020054
-85.00 10.00 0.0035051
-80.00 10.00 0.0023762
-75.00 10.00 0.0008534
-70.00 10.00 0.0023528
-65.00 10.00 0.0030323
-60.00 10.00 -0.0014718
-55.00 10.00 -0.005999
-50.00 10.00 -0.0044051
-45.00 10.00 -0.0010553
-40.00 10.00 -0.0024298
-35.00 10.00 -0.0056516
-30.00 10.00 -0.0053816
-25.00 10.00 -0.0033697
-20.00 10.00 -0.0033292
-15.00 10.00 -0.0045273
-10.00 10.00 -0.0053117
-5.00 10.00 -0.0058177
0.00 10.00 -0.0053783
5.00 10.00 -0.0030703
10.00 10.00 -0.0002799
15.00 10.00 0.0009688
20.00 10.00 0
25.00 10.00 -0.00313
30.00 10.00 -0.0067839
35.00 10.00 -0.0079165
40.00 10.00 -0.0065935
45.00 10.00 -0.0060679
50.00 10.00 -0.00577
55.00 10.00 -0.001444
60.00 10.00 0.0057038
65.00 10.00 0.0089566
70.00 10.00 0.0065663
75.00 10.00 0.0034362
80.00 10.00 0.002647
85.00 10.00 0.0033623
90.00 10.00 0.0049504
95.00 10.00 0.0063202
100.00 10.00 0.0047298
105.00 10.00 0.0002229
110.00 10.00 -0.0030366
115.00 10.00 -0.0023213
120.00 10.00 0.001108
125.00 10.00 0.0046472
130.00 10.00 0.0056059
135.00 10.00 0.0025393
140.00 10.00 -0.0019811
145.00 10.00 -0.0042815
150.00 10.00 -0.005332
155.00 10.00 -0.0073695
160.00 10.00 -0.0075642
165.00 10.00 -0.0032251
170.00 10.00 0.0011698
175.00 10.00 0.0008144
180.00 10.00 -0.0012988
-180.00 15.00 -0.0024752
-175.00 15.00 -0.0007561
-170.00 15.00 0.0013535
-165.00 15.00 0.0004852
-160.00 15.00 -0.0025843
-155.00 15.00 -0.0052929
-150.00 15.00 -0.0063211
-145.00 15.00 -0.0057036
-140.00 15.00 -0.0045389
-135.00 15.00 -0.0038501
-130.00 15.00 -0.0031602
-125.00 15.00 -0.0021774
-120.00 15.00 -0.0021302
-115.00 15.00 -0.0024943
-110.00 15.00 -0.0004862
-105.00 15.00 0.0029154
-100.00 15.00 0.002888
-95.00 15.00 -0.0002406
-90.00 15.00 -0.0004885
-85.00 15.00 0.0028541
-80.00 15.00 0.0039619
-75.00 15.00 0.0015961
-70.00 15.00 0.000487
-65.00 15.00 0.0014321
-60.00 15.00 0.0009484
-55.00 15.00 -0.0005769
-50.00 15.00 -0.000403
-45.00 15.00 4.67e-05
-40.00 15.00 -0.0014086
-35.00 15.00 -0.0027463
-30.00 15.00 -0.0026261
-25.00 15.00 -0.0036277
-20.00 15.00 -0.0061146
-15.00 15.00 -0.0065601
-10.00 15.00 -0.0046878
-5.00 15.00 -0.0041781
0.00 15.00 -0.0050842
5.00 15.00 -0.0034655
10.00 15.00 0.0009716
15.00 15.00 0.0035412
20.00 15.00 0.0011565
25.00 15.00 -0.0040139
30.00 15.00 -0.0074531
35.00 15.00 -0.0071333
40.00 15.00 -0.005346
45.00 15.00 -0.0049045
50.00 15.00 -0.0043362
55.00 15.00 -0.0005554
60.00 15.00 0.0047072
65.00 15.00 0.0068976
70.00 15.00 0.005946
75.00 15.00 0.005244
80.00 15.00 0.0052727
85.00 15.00 0.0046527
90.00 15.00 0.0044729
95.00 15.00 0.0053468
100.00 15.00 0.0041004
105.00 15.00 -0.000772
110.00 15.00 -0.0045269
115.00 15.00 -0.0022076
120.00 15.00 0.0041888
125.00 15.00 0.0084048
130.00 15.00 0.0073831
135.00 15.00 0.0036468
140.00 15.00 0.0012234
145.00 15.00 0.0005798
150.00 15.00 -0.0009567
155.00 15.00 -0.003614
160.00 15.00 -0.0039056
165.00 15.00 -0.0010257
170.00 15.00 0.0006895
175.00 15.00 -0.0010295
180.00 15.00 -0.0024752
-180.00 20.00 -0.0035225
-175.00 20.00 0.0005977
-170.00 20.00 0.0039539
-165.00 20.00 0.0033491
-160.00 20.00 -0.0004516
-155.00 20.00 -0.0047975
-150.00 20.00 -0.0077181
-145.00 20.00 -0.0086435
-140.00 20.00 -0.0080808
-135.00 20.00 -0.006405
-130.00 20.00 -0.0036699
-125.00 20.00 -0.0013568
-120.00 20.00 -0.0013745
-115.00 20.00 -0.0018881
-110.00 20.00 0.0009277
-105.00 20.00 0.0052147
-100.00 20.00 0.004593
-95.00 20.00 -0.0007029
-90.00 20.00 -0.002596
-85.00 20.00 0.0019435
-80.00 20.00 0.0061218
-75.00 20.00 0.0047023
-70.00 20.00 0.0011771
-65.00 20.00 0.0005041
-60.00 20.00 0.0023359
-55.00 20.00 0.0036714
-50.00 20.00 0.0027052
-45.00 20.00 -0.0003251
-40.00 20.00 -0.0028131
-35.00 20.00 -0.0024318
-30.00 20.00 -0.0015643
-25.00 20.00 -0.0042465
-20.00 20.00 -0.0083128
-15.00 20.00 -0.0077763
-10.00 20.00 -0.0032516
-5.00 20.00 -0.001505
0.00 20.00 -0.0040475
5.00 20.00 -0.0049093
10.00 20.00 -0.001096
15.00 20.00 0.0025988
20.00 20.00 0.0014403
25.00 20.00 -0.0024796
30.00 20.00 -0.0041065
35.00 20.00 -0.0025457
40.00 20.00 -0.0011734
45.00 20.00 -0.0017386
50.00 20.00 -0.0018548
55.00 20.00 0.0003277
60.00 20.00 0.0025271
65.00 20.00 0.0026016
70.00 20.00 0.0028269
75.00 20.00 0.0054303
80.00 20.00 0.0075465
85.00 20.00 0.0059198
90.00 20.00 0.0028717
95.00 20.00 0.0019992
100.00 20.00 0.0018916
105.00 20.00 -4.55e-05
110.00 20.00 -0.0013818
115.00 20.00 0.0015643
120.00 20.00 0.0065801
125.00 20.00 0.0080049
130.00 20.00 0.0049361
135.00 20.00 0.0021264
140.00 20.00 0.0027704
145.00 20.00 0.0044035
150.00 20.00 0.0034152
155.00 20.00 0.000575
160.00 20.00 -0.0009524
165.00 20.00 -0.0011547
170.00 20.00 -0.0024874
175.00 20.00 -0.0044165
180.00 20.00 -0.0035225
-180.00 25.00 -0.0022851
-175.00 25.00 0.0029529
-170.00 25.00 0.006083
-165.00 25.00 0.0047716
-160.00 25.00 0.0008592
-155.00 25.00 -0.0024639
-150.00 25.00 -0.003736
-145.00 25.00 -0.0037014
-140.00 25.00 -0.0035219
-135.00 25.00 -0.0028706
-130.00 25.00 -0.0009152
-125.00 25.00 0.0009546
-120.00 25.00 0.0004293
-115.00 25.00 -0.0011178
-110.00 25.00 0.0001269
-105.00 25.00 0.0033137
-100.00 25.00 0.0029907
-95.00 25.00 -0.0014869
-90.00 25.00 -0.0033508
-85.00 25.00 0.0012967
-80.00 25.00 0.006989
-75.00 25.00 0.0068947
-70.00 25.00 0.0021396
-65.00 25.00 -0.0009932
-60.00 25.00 0.0002986
-55.00 25.00 0.0028594
-50.00 25.00 0.0023346
-45.00 25.00 -0.0013122
-40.00 25.00 -0.00369
-35.00 25.00 -0.0022477
-30.00 25.00 -0.0007527
-25.00 25.00 -0.0037404
-20.00 25.00 -0.0084327
-15.00 25.00 -0.0083223
-10.00 25.00 -0.0037616
-5.00 25.00 -0.00156
0.00 25.00 -0.0038516
5.00 25.00 -0.0051158
10.00 25.00 -0.0018817
15.00 25.00 0.0017637
20.00 25.00 0.0013631
25.00 25.00 -0.000861
30.00 25.00 -0.0001611
35.00 25.00 0.0031277
40.00 25.00 0.0046454
45.00 25.00 0.0031524
50.00 25.00 0.0019659
55.00 25.00 0.0028806
60.00 25.00 0.0032952
65.00 25.00 0.0015257
70.00 25.00 0.0006013
75.00 25.00 0.0031607
80.00 25.00 0.0063035
85.00 25.00 0.0059194
90.00 25.00 0.0030567
95.00 25.00 0.0014153
100.00 25.00 0.0013029
105.00 25.00 0.0008118
110.00 25.00 0.0005269
115.00 25.00 0.0021191
120.00 25.00 0.003985
125.00 25.00 0.0030723
130.00 25.00 0.0001959
135.00 25.00 -0.0007604
140.00 25.00 0.001189
145.00 25.00 0.0028029
150.00 25.00 0.0017996
155.00 25.00 -0.000171
160.00 25.00 -0.0011289
165.00 25.00 -0.0020554
170.00 25.00 -0.0040998
175.00 25.00 -0.005103
180.00 25.00 -0.0022851
-180.00 30.00 -0.0001472
-175.00 30.00 0.0037848
-170.00 30.00 0.005569
-165.00 30.00 0.0035084
-160.00 30.00 1.1e-05
-155.00 30.00 -0.0013903
-150.00 30.00 0.0001841
-145.00 30.00 0.0024515
-140.00 30.00 0.003044
-135.00 30.00 0.0024277
-130.00 30.00 0.0025758
-125.00 30.00 0.0032407
-120.00 30.00 0.002196
-115.00 30.00 -0.0004338
-110.00 30.00 -0.0016086
-105.00 30.00 -0.0004886
-100.00 30.00 -0.000212
-95.00 30.00 -0.0022941
-90.00 30.00 -0.0031644
-85.00 30.00 0.0004198
-80.00 30.00 0.0055708
-75.00 30.00 0.0066223
-70.00 30.00 0.0026291
-65.00 30.00 -0.0017463
-60.00 30.00 -0.0023937
-55.00 30.00 -0.0003363
-50.00 30.00 0.0005923
-45.00 30.00 -0.0007013
-40.00 30.00 -0.0014108
-35.00 30.00 0.0001817
-30.00 30.00 0.0011991
-25.00 30.00 -0.0015275
-20.00 30.00 -0.0057079
-15.00 30.00 -0.0064199
-10.00 30.00 -0.0035933
-5.00 30.00 -0.0016837
0.00 30.00 -0.0020814
5.00 30.00 -0.0013307
10.00 30.00 0.0020263
15.00 30.00 0.0042416
20.00 30.00 0.0025851
25.00 30.00 0.0004056
30.00 30.00 0.0022505
35.00 30.00 0.0067234
40.00 30.00 0.0084641
45.00 30.00 0.0060778
50.00 30.00 0.0036722
55.00 30.00 0.0040789
60.00 30.00 0.004827
65.00 30.00 0.0028999
70.00 30.00 -4.18e-05
75.00 30.00 -0.0003748
80.00 30.00 0.0019063
85.00 30.00 0.0037276
90.00 30.00 0.0035785
95.00 30.00 0.0024559
100.00 30.00 0.0012399
105.00 30.00 6.84e-05
110.00 30.00 -0.0004151
115.00 30.00 0.0002068
120.00 30.00 0.0007531
125.00 30.00 3.75e-05
130.00 30.00 -0.0009103
135.00 30.00 -0.00045
140.00 30.00 0.0006226
145.00 30.00 0.0001762
150.00 30.00 -0.0015208
155.00 30.00 -0.0019747
160.00 30.00 -0.0006244
165.00 30.00 5.66e-05
170.00 30.00 -0.0012919
175.00 30.00 -0.0022679
180.00 30.00 -0.0001472
-180.00 35.00 0.0001883
-175.00 35.00 0.0019124
-170.00 35.00 0.0028679
-165.00 35.00 0.0012314
-160.00 35.00 -0.0014362
-155.00 35.00 -0.0020769
-150.00 35.00 0.0002495
-145.00 35.00 0.0033262
-140.00 35.00 0.0045482
-135.00 35.00 0.0039812
-130.00 35.00 0.0035617
-125.00 35.00 0.0037026
-120.00 35.00 0.0027074
-115.00 35.00 9.6e-06
-110.00 35.00 -0.0022969
-105.00 35.00 -0.0025122
-100.00 35.00 -0.0018826
-95.00 35.00 -0.0021849
-90.00 35.00 -0.0023975
-85.00 35.00 -0.0002293
-80.00 35.00 0.0037644
-75.00 35.00 0.0060264
-70.00 35.00 0.0042703
-65.00 35.00 0.0002512
-60.00 35.00 -0.0024693
-55.00 35.00 -0.002506
-50.00 35.00 -0.0013471
-45.00 35.00 -0.0005703
-40.00 35.00 -5e-06
-35.00 35.00 0.0007548
-30.00 35.00 0.0007346
-25.00 35.00 -0.000815
-20.00 35.00 -0.0023604
-15.00 35.00 -0.0018691
-10.00 35.00 2.73e-05
-5.00 35.00 0.0011409
0.00 35.00 0.001568
5.00 35.00 0.0034041
10.00 35.00 0.0063768
15.00 35.00 0.0071585
20.00 35.00 0.0045204
25.00 35.00 0.0021938
30.00 35.00 0.0040019
35.00 35.00 0.0080621
40.00 35.00 0.0090358
45.00 35.00 0.0054897
50.00 35.00 0.0016691
55.00 35.00 0.0013113
60.00 35.00 0.0027513
65.00 35.00 0.0020698
70.00 35.00 -0.0010435
75.00 35.00 -0.0032014
80.00 35.00 -0.0022133
85.00 35.00 0.0003863
90.00 35.00 0.0017538
95.00 35.00 0.0008974
100.00 35.00 -0.0009205
105.00 35.00 -0.001796
110.00 35.00 -0.0009041
115.00 35.00 0.0007774
120.00 35.00 0.0015207
125.00 35.00 0.0009382
130.00 35.00 0.0003731
135.00 35.00 0.0006943
140.00 35.00 0.0008281
145.00 35.00 -0.0002956
150.00 35.00 -0.0013531
155.00 35.00 -0.0001217
160.00 35.00 0.0029093
165.00 35.00 0.0045417
170.00 35.00 0.0030465
175.00 35.00 0.0005619
180.00 35.00 0.0001883
-180.00 40.00 -0.0011085
-175.00 40.00 -0.0004627
-170.00 40.00 0.0006859
-165.00 40.00 0.0003289
-160.00 40.00 -0.0012719
-155.00 40.00 -0.0021101
-150.00 40.00 -0.0009994
-145.00 40.00 0.0010502
-140.00 40.00 0.0022711
-135.00 40.00 0.0023325
-130.00 40.00 0.0022611
-125.00 40.00 0.0024316
-120.00 40.00 0.0019152
-115.00 40.00 0.0002558
-110.00 40.00 -0.0013326
-105.00 40.00 -0.0015382
-100.00 40.00 -0.0008666
-95.00 40.00 -0.0006989
-90.00 40.00 -0.0008588
-85.00 40.00 0.0004005
-80.00 40.00 0.0036859
-75.00 40.00 0.0068918
-70.00 40.00 0.0071562
-65.00 40.00 0.0039762
-60.00 40.00 -0.0003033
-55.00 40.00 -0.0029816
-50.00 40.00 -0.0033727
-45.00 40.00 -0.0026748
-40.00 40.00 -0.0022522
-35.00 40.00 -0.0025215
-30.00 40.00 -0.0029687
-25.00 40.00 -0.0025811
-20.00 40.00 -0.0006443
-15.00 40.00 0.0021712
-10.00 40.00 0.003932
-5.00 40.00 0.0035783
0.00 40.00 0.0025519
5.00 40.00 0.0030348
10.00 40.00 0.0047469
15.00 40.00 0.005173
20.00 40.00 0.0034111
25.00 40.00 0.0019763
30.00 40.00 0.0033933
35.00 40.00 0.0062519
40.00 40.00 0.0066729
45.00 40.00 0.0034321
50.00 40.00 -0.0004181
55.00 40.00 -0.00163
60.00 40.00 -0.0007325
65.00 40.00 -0.0006069
70.00 40.00 -0.0022029
75.00 40.00 -0.0035087
80.00 40.00 -0.0027296
85.00 40.00 -0.000885
90.00 40.00 -0.0004351
95.00 40.00 -0.0020612
100.00 40.00 -0.0037176
105.00 40.00 -0.0029514
110.00 40.00 0.0002485
115.00 40.00 0.0032459
120.00 40.00 0.0034846
125.00 40.00 0.0011562
130.00 40.00 -0.0012557
135.00 40.00 -0.0019089
140.00 40.00 -0.0012384
145.00 40.00 -0.0004171
150.00 40.00 0.0006996
155.00 40.00 0.0029286
160.00 40.00 0.0055493
165.00 40.00 0.006294
170.00 40.00 0.0040631
175.00 40.00 0.000648
180.00 40.00 -0.0011085
-180.00 45.00 -0.001733
-175.00 45.00 -0.0010035
-170.00 45.00 0.0002211
-165.00 45.00 0.0005246
-160.00 45.00 -0.0002557
-155.00 45.00 -0.0010225
-150.00 45.00 -0.0008187
-145.00 45.00 0.0001183
-140.00 45.00 0.0008552
-135.00 45.00 0.0009847
-130.00 45.00 0.0009077
-125.00 45.00 0.0010075
-120.00 45.00 0.0011418
-115.00 45.00 0.0011701
-110.00 45.00 0.0014215
-105.00 45.00 0.0021152
-100.00 45.00 0.0026734
-95.00 45.00 0.0023485
-90.00 45.00 0.001557
-85.00 45.00 0.0018489
-80.00 45.00 0.0040698
-75.00 45.00 0.0068882
-70.00 45.00 0.007739
-65.00 45.00 0.00535
-60.00 45.00 0.0010506
-55.00 45.00 -0.0025445
-50.00 45.00 -0.0039508
-45.00 45.00 -0.0038002
-40.00 45.00 -0.0036668
-35.00 45.00 -0.0042277
-30.00 45.00 -0.0046139
-25.00 45.00 -0.0034589
-20.00 45.00 -0.0005939
-15.00 45.00 0.0023151
-10.00 45.00 0.0031138
-5.00 45.00 0.0013864
0.00 45.00 -0.0009374
5.00 45.00 -0.0016366
10.00 45.00 -0.0006675
15.00 45.00 5.11e-05
20.00 45.00 -0.0006911
25.00 45.00 -0.0018071
30.00 45.00 -0.0015087
35.00 45.00 0.0001876
40.00 45.00 0.0014878
45.00 45.00 0.0011792
50.00 45.00 -4.25e-05
55.00 45.00 -0.0008939
60.00 45.00 -0.0012538
65.00 45.00 -0.0018155
70.00 45.00 -0.0024827
75.00 45.00 -0.0022093
80.00 45.00 -0.0006844
85.00 45.00 0.0006506
90.00 45.00 3.75e-05
95.00 45.00 -0.0022843
100.00 45.00 -0.0038694
105.00 45.00 -0.0025585
110.00 45.00 0.001002
115.00 45.00 0.0037229
120.00 45.00 0.0031093
125.00 45.00 -0.0002495
130.00 45.00 -0.0033893
135.00 45.00 -0.0039512
140.00 45.00 -0.0020864
145.00 45.00 0.000468
150.00 45.00 0.0024482
155.00 45.00 0.0036835
160.00 45.00 0.0041475
165.00 45.00 0.0034071
170.00 45.00 0.0014004
175.00 45.00 -0.0008069
180.00 45.00 -0.001733
-180.00 50.00 -0.0009253
-175.00 50.00 -0.0001048
-170.00 50.00 0.0004076
-165.00 50.00 0.0003234
-160.00 50.00 -7.02e-05
-155.00 50.00 -0.0001366
-150.00 50.00 0.000444
-145.00 50.00 0.0012927
-140.00 50.00 0.0017077
-135.00 50.00 0.0013985
-130.00 50.00 0.0007744
-125.00 50.00 0.00055
-120.00 50.00 0.0011949
-115.00 50.00 0.0027194
-110.00 50.00 0.0047118
-105.00 50.00 0.0063972
-100.00 50.00 0.0068885
-95.00 50.00 0.0058225
-90.00 50.00 0.0039046
-85.00 50.00 0.0025422
-80.00 50.00 0.0025975
-75.00 50.00 0.0034651
-70.00 50.00 0.0035902
-65.00 50.00 0.0020304
-60.00 50.00 -0.000552
-55.00 50.00 -0.0025247
-50.00 50.00 -0.0028678
-45.00 50.00 -0.0020564
-40.00 50.00 -0.0014111
-35.00 50.00 -0.0017015
-30.00 50.00 -0.0024783
-25.00 50.00 -0.0027605
-20.00 50.00 -0.0022678
-15.00 50.00 -0.0018071
-10.00 50.00 -0.0023188
-5.00 50.00 -0.0036145
0.00 50.00 -0.0043466
5.00 50.00 -0.0034604
10.00 50.00 -0.0015672
15.00 50.00 -0.0005523
20.00 50.00 -0.0016807
25.00 50.00 -0.0042468
30.00 50.00 -0.0062202
35.00 50.00 -0.006096
40.00 50.00 -0.0040095
45.00 50.00 -0.0013041
50.00 50.00 0.0005786
55.00 50.00 0.0008186
60.00 50.00 -0.0005555
65.00 50.00 -0.0026155
70.00 50.00 -0.0038503
75.00 50.00 -0.0031542
80.00 50.00 -0.0008986
85.00 50.00 0.0011496
90.00 50.00 0.0013705
95.00 50.00 -0.0001023
100.00 50.00 -0.0014677
105.00 50.00 -0.0010945
110.00 50.00 0.0007806
115.00 50.00 0.0023261
120.00 50.00 0.0020872
125.00 50.00 0.0005269
130.00 50.00 -0.0005007
135.00 50.00 0.0002948
140.00 50.00 0.0023841
145.00 50.00 0.0040682
150.00 50.00 0.004126
155.00 50.00 0.0026942
160.00 50.00 0.0007721
165.00 50.00 -0.0007527
170.00 50.00 -0.0015211
175.00 50.00 -0.0015243
180.00 50.00 -0.0009253
-180.00 55.00 -8.75e-05
-175.00 55.00 0.0005648
-170.00 55.00 0.0004213
-165.00 55.00 -2.07e-05
-160.00 55.00 -7.16e-05
-155.00 55.00 0.0006636
-150.00 55.00 0.0019631
-145.00 55.00 0.0030891
-140.00 55.00 0.0033036
-135.00 55.00 0.0024378
-130.00 55.00 0.0010766
-125.00 55.00 0.0002135
-120.00 55.00 0.0006409
-115.00 55.00 0.0024764
-110.00 55.00 0.0050662
-105.00 55.00 0.0072817
-100.00 55.00 0.0080854
-95.00 55.00 0.0071076
-90.00 55.00 0.004867
-85.00 55.00 0.0023997
-80.00 55.00 0.0005153
-75.00 55.00 -0.0007036
-70.00 55.00 -0.0017039
-65.00 55.00 -0.0027785
-60.00 55.00 -0.0036184
-55.00 55.00 -0.0035881
-50.00 55.00 -0.002451
-45.00 55.00 -0.0007894
-40.00 55.00 0.0003309
-35.00 55.00 0.0001402
-30.00 55.00 -0.0013355
-25.00 55.00 -0.0034494
-20.00 55.00 -0.0054825
-15.00 55.00 -0.0069598
-10.00 55.00 -0.0075104
-5.00 55.00 -0.0066693
0.00 55.00 -0.004134
5.00 55.00 -0.0003892
10.00 55.00 0.0030374
15.00 55.00 0.0042792
20.00 55.00 0.0024533
25.00 55.00 -0.0015087
30.00 55.00 -0.0053373
35.00 55.00 -0.0069133
40.00 55.00 -0.0056317
45.00 55.00 -0.0026848
50.00 55.00 -0.000192
55.00 55.00 0.0001581
60.00 55.00 -0.0018786
65.00 55.00 -0.0049874
70.00 55.00 -0.0071494
75.00 55.00 -0.006972
80.00 55.00 -0.0046031
85.00 55.00 -0.0015271
90.00 55.00 0.000616
95.00 55.00 0.0012105
100.00 55.00 0.000866
105.00 55.00 0.0005948
110.00 55.00 0.0008715
115.00 55.00 0.0014747
120.00 55.00 0.0020875
125.00 55.00 0.0028234
130.00 55.00 0.0040185
135.00 55.00 0.0055593
140.00 55.00 0.0066004
145.00 55.00 0.0061223
150.00 55.00 0.0038432
155.00 55.00 0.0006001
160.00 55.00 -0.002171
165.00 55.00 -0.0033837
170.00 55.00 -0.0029086
175.00 55.00 -0.0014742
180.00 55.00 -8.75e-05
-180.00 60.00 -0.0002302
-175.00 60.00 0.0002948
-170.00 60.00 0.0001633
-165.00 60.00 -3.87e-05
-160.00 60.00 0.0002743
-155.00 60.00 0.0012696
-150.00 60.00 0.002553
-145.00 60.00 0.0033938
-140.00 60.00 0.0031844
-135.00 60.00 0.0018523
-130.00 60.00 -3.62e-05
-125.00 60.00 -0.0015504
-120.00 60.00 -0.0018818
-115.00 60.00 -0.0007656
-110.00 60.00 0.0013893
-105.00 60.00 0.0037133
-100.00 60.00 0.0053056
-95.00 60.00 0.0056429
-90.00 60.00 0.0047486
-85.00 60.00 0.0030492
-80.00 60.00 0.0010559
-75.00 60.00 -0.0008779
-70.00 60.00 -0.0025648
-65.00 60.00 -0.0038298
-60.00 60.00 -0.0044239
-55.00 60.00 -0.0041523
-50.00 60.00 -0.0031196
-45.00 60.00 -0.0018415
-40.00 60.00 -0.0010618
-35.00 60.00 -0.00137
-30.00 60.00 -0.0028827
-25.00 60.00 -0.0051794
-20.00 60.00 -0.0074768
-15.00 60.00 -0.0088921
-10.00 60.00 -0.0086937
-5.00 60.00 -0.0065482
0.00 60.00 -0.0027643
5.00 60.00 0.0016092
10.00 60.00 0.0050484
15.00 60.00 0.0062211
20.00 60.00 0.0047394
25.00 60.00 0.0014816
30.00 60.00 -0.0018315
35.00 60.00 -0.0036104
40.00 60.00 -0.0033161
45.00 60.00 -0.0017272
50.00 60.00 -0.0003925
55.00 60.00 -0.0006263
60.00 60.00 -0.0026808
65.00 60.00 -0.0056012
70.00 60.00 -0.0078312
75.00 60.00 -0.0081655
80.00 60.00 -0.0064325
85.00 60.00 -0.0034935
90.00 60.00 -0.0006251
95.00 60.00 0.0012332
100.00 60.00 0.0018678
105.00 60.00 0.0016679
110.00 60.00 0.0012318
115.00 60.00 0.0010468
120.00 60.00 0.0013723
125.00 60.00 0.0022219
130.00 60.00 0.0033264
135.00 60.00 0.0041351
140.00 60.00 0.0040068
145.00 60.00 0.0025917
150.00 60.00 0.0001618
155.00 60.00 -0.0024132
160.00 60.00 -0.0041068
165.00 60.00 -0.0043212
170.00 60.00 -0.0032152
175.00 60.00 -0.0015584
180.00 60.00 -0.0002302
-180.00 65.00 -0.0005951
-175.00 65.00 -0.0004439
-170.00 65.00 -0.0006041
-165.00 65.00 -0.0007343
-160.00 65.00 -0.0005555
-155.00 65.00 -4.97e-05
-150.00 65.00 0.0005019
-145.00 65.00 0.0006699
-140.00 65.00 0.0001323
-135.00 65.00 -0.0011097
-130.00 65.00 -0.0026812
-125.00 65.00 -0.0039774
-120.00 65.00 -0.0044281
-115.00 65.00 -0.0037469
-110.00 65.00 -0.0020462
-105.00 65.00 0.0002239
-100.00 65.00 0.0024667
-95.00 65.00 0.0041558
-90.00 65.00 0.0049805
-85.00 65.00 0.0048773
-80.00 65.00 0.0039749
-75.00 65.00 0.0025176
-70.00 65.00 0.0008105
-65.00 65.00 -0.0008168
-60.00 65.00 -0.0020631
-55.00 65.00 -0.002744
-50.00 65.00 -0.0028771
-45.00 65.00 -0.0027018
-40.00 65.00 -0.0025915
-35.00 65.00 -0.0028868
-30.00 65.00 -0.0037275
-25.00 65.00 -0.0049677
-20.00 65.00 -0.0062106
-15.00 65.00 -0.0069488
-10.00 65.00 -0.0067637
-5.00 65.00 -0.0055189
0.00 65.00 -0.003472
5.00 65.00 -0.0012332
10.00 65.00 0.0004582
15.00 65.00 0.0010688
20.00 65.00 0.000553
25.00 65.00 -0.0005943
30.00 65.00 -0.0015843
35.00 65.00 -0.0017664
40.00 65.00 -0.000999
45.00 65.00 0.0002665
50.00 65.00 0.0012502
55.00 65.00 0.0013039
60.00 65.00 0.0002941
65.00 65.00 -0.0013161
70.00 65.00 -0.0027278
75.00 65.00 -0.0032445
80.00 65.00 -0.0026294
85.00 65.00 -0.0011866
90.00 65.00 0.0004451
95.00 65.00 0.0016362
100.00 65.00 0.0020443
105.00 65.00 0.0017016
110.00 65.00 0.0009194
115.00 65.00 9.72e-05
120.00 65.00 -0.0004605
125.00 65.00 -0.0006592
130.00 65.00 -0.0006329
135.00 65.00 -0.0006598
140.00 65.00 -0.0010002
145.00 65.00 -0.0017267
150.00 65.00 -0.0026467
155.00 65.00 -0.0033816
160.00 65.00 -0.0035758
165.00 65.00 -0.0031112
170.00 65.00 -0.00219
175.00 65.00 -0.0012235
180.00 65.00 -0.0005951
-180.00 70.00 -2.13e-05
-175.00 70.00 -0.0006032
-170.00 70.00 -0.0012794
-165.00 70.00 -0.0018875
-160.00 70.00 -0.0023155
-155.00 70.00 -0.002556
-150.00 70.00 -0.002706
-145.00 70.00 -0.0029075
-140.00 70.00 -0.0032586
-135.00 70.00 -0.0037408
-130.00 70.00 -0.0042002
-125.00 70.00 -0.0043955
-120.00 70.00 -0.0040915
-115.00 70.00 -0.0031575
-110.00 70.00 -0.0016281
-105.00 70.00 0.0002957
-100.00 70.00 0.002301
-95.00 70.00 0.0040464
-90.00 70.00 0.0052457
-85.00 70.00 0.0057254
-80.00 70.00 0.0054507
-75.00 70.00 0.0045207
-70.00 70.00 0.0031402
-65.00 70.00 0.0015727
-60.00 70.00 8.2e-05
-55.00 70.00 -0.0011296
-50.00 70.00 -0.0019673
-45.00 70.00 -0.002459
-40.00 70.00 -0.0027292
-35.00 70.00 -0.0029411
-30.00 70.00 -0.0032287
-25.00 70.00 -0.0036465
-20.00 70.00 -0.0041553
-15.00 70.00 -0.0046507
-10.00 70.00 -0.0050186
-5.00 70.00 -0.0051934
0.00 70.00 -0.0051886
5.00 70.00 -0.0050824
10.00 70.00 -0.0049608
15.00 70.00 -0.0048464
20.00 70.00 -0.0046555
25.00 70.00 -0.004218
30.00 70.00 -0.0033616
35.00 70.00 -0.0020213
40.00 70.00 -0.0003134
45.00 70.00 0.0014746
50.00 70.00 0.0029849
55.00 70.00 0.0039343
60.00 70.00 0.0042299
65.00 70.00 0.0039965
70.00 70.00 0.0035022
75.00 70.00 0.0030257
80.00 70.00 0.0027325
85.00 70.00 0.0026221
90.00 70.00 0.0025607
95.00 70.00 0.0023729
100.00 70.00 0.0019398
105.00 70.00 0.0012558
110.00 70.00 0.0004264
115.00 70.00 -0.0003838
120.00 70.00 -0.00102
125.00 70.00 -0.0013943
130.00 70.00 -0.0015048
135.00 70.00 -0.0014164
140.00 70.00 -0.0012156
145.00 70.00 -0.0009657
150.00 70.00 -0.0006883
155.00 70.00 -0.0003799
160.00 70.00 -5.07e-05
165.00 70.00 0.0002438
170.00 70.00 0.0004047
175.00 70.00 0.0003313
180.00 70.00 -2.13e-05
-180.00 75.00 0.001325
-175.00 75.00 0.0004067
-170.00 75.00 -0.0005315
-165.00 75.00 -0.001398
-160.00 75.00 -0.0021223
-155.00 75.00 -0.0026664
-150.00 75.00 -0.003023
-145.00 75.00 -0.0032046
-140.00 75.00 -0.0032256
-135.00 75.00 -0.0030884
-130.00 75.00 -0.0027783
-125.00 75.00 -0.0022721
-120.00 75.00 -0.0015555
-115.00 75.00 -0.000642
-110.00 75.00 0.0004131
-105.00 75.00 0.0015126
-100.00 75.00 0.0025286
-95.00 75.00 0.0033264
-90.00 75.00 0.0037908
-85.00 75.00 0.0038502
-80.00 75.00 0.0034914
-75.00 75.00 0.0027634
-70.00 75.00 0.0017679
-65.00 75.00 0.0006391
-60.00 75.00 -0.0004823
-55.00 75.00 -0.0014763
-50.00 75.00 -0.0022652
-45.00 75.00 -0.0028245
-40.00 75.00 -0.0031806
-35.00 75.00 -0.0033968
-30.00 75.00 -0.0035516
-25.00 75.00 -0.0037173
-20.00 75.00 -0.0039425
-15.00 75.00 -0.0042441
-10.00 75.00 -0.0046079
-5.00 75.00 -0.0049945
0.00 75.00 -0.0053461
5.00 75.00 -0.0055936
10.00 75.00 -0.0056618
15.00 75.00 -0.0054769
20.00 75.00 -0.0049781
25.00 75.00 -0.0041331
30.00 75.00 -0.0029552
35.00 75.00 -0.0015136
40.00 75.00 6.92e-05
45.00 75.00 0.0016357
50.00 75.00 0.0030239
55.00 75.00 0.0041025
60.00 75.00 0.0047969
65.00 75.00 0.0050988
70.00 75.00 0.0050563
75.00 75.00 0.0047506
80.00 75.00 0.0042689
85.00 75.00 0.0036839
90.00 75.00 0.0030479
95.00 75.00 0.0023978
100.00 75.00 0.0017677
105.00 75.00 0.0011983
110.00 75.00 0.0007386
115.00 75.00 0.0004385
120.00 75.00 0.0003358
125.00 75.00 0.0004442
130.00 75.00 0.000747
135.00 75.00 0.0011991
140.00 75.00 0.0017348
145.00 75.00 0.0022778
150.00 75.00 0.002751
155.00 75.00 0.0030834
160.00 75.00 0.0032156
165.00 75.00 0.0031062
170.00 75.00 0.0027388
175.00 75.00 0.0021285
180.00 75.00 0.001325
-180.00 80.00 0.0021046
-175.00 80.00 0.0015746
-170.00 80.00 0.0010354
-165.00 80.00 0.000527
-160.00 80.00 8.38e-05
-155.00 80.00 -0.0002677
-150.00 80.00 -0.0005108
-145.00 80.00 -0.0006384
-140.00 80.00 -0.000652
-135.00 80.00 -0.0005605
-130.00 80.00 -0.000379
-125.00 80.00 -0.0001282
-120.00 80.00 0.0001662
-115.00 80.00 0.0004731
-110.00 80.00 0.0007579
-105.00 80.00 0.0009847
-100.00 80.00 0.0011193
-95.00 80.00 0.0011335
-90.00 80.00 0.0010094
-85.00 80.00 0.0007426
-80.00 80.00 0.0003438
-75.00 80.00 -0.0001623
-70.00 80.00 -0.0007397
-65.00 80.00 -0.0013458
-60.00 80.00 -0.0019376
-55.00 80.00 -0.0024774
-50.00 80.00 -0.0029378
-45.00 80.00 -0.0033042
-40.00 80.00 -0.0035748
-35.00 80.00 -0.0037593
-30.00 80.00 -0.0038747
-25.00 80.00 -0.0039402
-20.00 80.00 -0.0039721
-15.00 80.00 -0.0039801
-10.00 80.00 -0.003965
-5.00 80.00 -0.0039184
0.00 80.00 -0.0038235
5.00 80.00 -0.0036588
10.00 80.00 -0.0034025
15.00 80.00 -0.0030376
20.00 80.00 -0.002556
25.00 80.00 -0.001962
30.00 80.00 -0.0012748
35.00 80.00 -0.0005273
40.00 80.00 0.0002369
45.00 80.00 0.0009688
50.00 80.00 0.001621
55.00 80.00 0.0021531
60.00 80.00 0.0025378
65.00 80.00 0.0027633
70.00 80.00 0.0028345
75.00 80.00 0.00277
80.00 80.00 0.0025994
85.00 80.00 0.0023592
90.00 80.00 0.0020885
95.00 80.00 0.0018254
100.00 80.00 0.0016043
105.00 80.00 0.0014535
110.00 80.00 0.0013934
115.00 80.00 0.0014346
120.00 80.00 0.0015765
125.00 80.00 0.0018078
130.00 80.00 0.0021064
135.00 80.00 0.0024418
140.00 80.00 0.0027776
145.00 80.00 0.003075
150.00 80.00 0.0032975
155.00 80.00 0.0034144
160.00 80.00 0.0034043
165.00 80.00 0.0032579
170.00 80.00 0.002979
175.00 80.00 0.002585
180.00 80.00 0.0021046
-180.00 85.00 0.0014688
-175.00 85.00 0.0013528
-170.00 85.00 0.0012273
-165.00 85.00 0.0010984
-160.00 85.00 0.0009715
-155.00 85.00 0.0008501
-150.00 85.00 0.0007358
-145.00 85.00 0.0006293
-140.00 85.00 0.0005311
-135.00 85.00 0.0004412
-130.00 85.00 0.0003576
-125.00 85.00 0.0002764
-120.00 85.00 0.0001925
-115.00 85.00 0.0001007
-110.00 85.00 -2.7e-06
-105.00 85.00 -0.0001198
-100.00 85.00 -0.0002523
-95.00 85.00 -0.0004016
-90.00 85.00 -0.0005685
-85.00 85.00 -0.0007519
-80.00 85.00 -0.000948
-75.00 85.00 -0.0011507
-70.00 85.00 -0.0013534
-65.00 85.00 -0.0015502
-60.00 85.00 -0.0017362
-55.00 85.00 -0.0019066
-50.00 85.00 -0.0020558
-45.00 85.00 -0.0021785
-40.00 85.00 -0.0022708
-35.00 85.00 -0.0023314
-30.00 85.00 -0.0023611
-25.00 85.00 -0.0023609
-20.00 85.00 -0.0023314
-15.00 85.00 -0.002272
-10.00 85.00 -0.0021831
-5.00 85.00 -0.0020665
0.00 85.00 -0.0019252
5.00 85.00 -0.001762
10.00 85.00 -0.0015786
15.00 85.00 -0.0013764
20.00 85.00 -0.001158
25.00 85.00 -0.0009284
30.00 85.00 -0.0006944
35.00 85.00 -0.0004624
40.00 85.00 -0.0002378
45.00 85.00 -2.48e-05
50.00 85.00 0.0001724
55.00 85.00 0.0003493
60.00 85.00 0.000502
65.00 85.00 0.000629
70.00 85.00 0.0007317
75.00 85.00 0.0008143
80.00 85.00 0.0008811
85.00 85.00 0.0009364
90.00 85.00 0.0009839
95.00 85.00 0.0010279
100.00 85.00 0.0010738
105.00 85.00 0.0011263
110.00 85.00 0.0011881
115.00 85.00 0.0012591
120.00 85.00 0.0013369
125.00 85.00 0.0014183
130.00 85.00 0.0015
135.00 85.00 0.0015787
140.00 85.00 0.0016495
145.00 85.00 0.0017067
150.00 85.00 0.0017444
155.00 85.00 0.0017584
160.00 85.00 0.0017471
165.00 85.00 0.0017108
170.00 85.00 0.001651
175.00 85.00 0.0015695
180.00 85.00 0.0014688
-180.00 90.00 -0.0001207
-175.00 90.00 -0.0001207
-170.00 90.00 -0.0001207
-165.00 90.00 -0.0001207
-160.00 90.00 -0.0001207
-155.00 90.00 -0.0001207
-150.00 90.00 -0.0001207
-145.00 90.00 -0.0001207
-140.00 90.00 -0.0001207
-135.00 90.00 -0.0001207
-130.00 90.00 -0.0001207
-125.00 90.00 -0.0001207
-120.00 90.00 -0.0001207
-115.00 90.00 -0.0001207
-110.00 90.00 -0.0001207
-105.00 90.00 -0.0001207
-100.00 90.00 -0.0001207
-95.00 90.00 -0.0001207
-90.00 90.00 -0.0001207
-85.00 90.00 -0.0001207
-80.00 90.00 -0.0001207
-75.00 90.00 -0.0001207
-70.00 90.00 -0.0001207
-65.00 90.00 -0.0001207
-60.00 90.00 -0.0001207
-55.00 90.00 -0.0001207
-50.00 90.00 -0.0001207
-45.00 90.00 -0.0001207
-40.00 90.00 -0.0001207
-35.00 90.00 -0.0001207
-30.00 90.00 -0.0001207
-25.00 90.00 -0.0001207
-20.00 90.00 -0.0001207
-15.00 90.00 -0.0001207
-10.00 90.00 -0.0001207
-5.00 90.00 -0.0001207
0.00 90.00 -0.0001207
5.00 90.00 -0.0001207
10.00 90.00 -0.0001207
15.00 90.00 -0.0001207
20.00 90.00 -0.0001207
25.00 90.00 -0.0001207
30.00 90.00 -0.0001207
35.00 90.00 -0.0001207
40.00 90.00 -0.0001207
45.00 90.00 -0.0001207
50.00 90.00 -0.0001207
55.00 90.00 -0.0001207
60.00 90.00 -0.0001207
65.00 90.00 -0.0001207
70.00 90.00 -0.0001207
75.00 90.00 -0.0001207
80.00 90.00 -0.0001207
85.00 90.00 -0.0001207
90.00 90.00 -0.0001207
95.00 90.00 -0.0001207
100.00 90.00 -0.0001207
105.00 90.00 -0.0001207
110.00 90.00 -0.0001207
115.00 90.00 -0.0001207
120.00 90.00 -0.0001207
125.00 90.00 -0.0001207
130.00 90.00 -0.0001207
135.00 90.00 -0.0001207
140.00 90.00 -0.0001207
145.00 90.00 -0.0001207
150.00 90.00 -0.0001207
155.00 90.00 -0.0001207
160.00 90.00 -0.0001207
165.00 90.00 -0.0001207
170.00 90.00 -0.0001207
175.00 90.00 -0.0001207
180.00 90.00 -0.0001207
