-180.00 -90.00 -0.0018511
-175.00 -90.00 -0.001851
-170.00 -90.00 -0.0018508
-165.00 -90.00 -0.0018507
-160.00 -90.00 -0.0018507
-155.00 -90.00 -0.0018506
-150.00 -90.00 -0.0018506
-145.00 -90.00 -0.0018506
-140.00 -90.00 -0.0018507
-135.00 -90.00 -0.0018507
-130.00 -90.00 -0.0018508
-125.00 -90.00 -0.0018509
-120.00 -90.00 -0.0018511
-115.00 -90.00 -0.0018512
-110.00 -90.00 -0.0018514
-105.00 -90.00 -0.0018515
-100.00 -90.00 -0.0018517
-95.00 -90.00 -0.0018519
-90.00 -90.00 -0.001852
-85.00 -90.00 -0.0018522
-80.00 -90.00 -0.0018523
-75.00 -90.00 -0.0018524
-70.00 -90.00 -0.0018525
-65.00 -90.00 -0.0018525
-60.00 -90.00 -0.0018525
-55.00 -90.00 -0.0018525
-50.00 -90.00 -0.0018525
-45.00 -90.00 -0.0018524
-40.00 -90.00 -0.0018523
-35.00 -90.00 -0.0018522
-30.00 -90.00 -0.0018521
-25.00 -90.00 -0.0018519
-20.00 -90.00 -0.0018518
-15.00 -90.00 -0.0018516
-10.00 -90.00 -0.0018514
-5.00 -90.00 -0.0018513
0.00 -90.00 -0.0018511
5.00 -90.00 -0.001851
10.00 -90.00 -0.0018508
15.00 -90.00 -0.0018507
20.00 -90.00 -0.0018507
25.00 -90.00 -0.0018506
30.00 -90.00 -0.0018506
35.00 -90.00 -0.0018506
40.00 -90.00 -0.0018506
45.00 -90.00 -0.0018507
50.00 -90.00 -0.0018508
55.00 -90.00 -0.0018509
60.00 -90.00 -0.001851
65.00 -90.00 -0.0018512
70.00 -90.00 -0.0018514
75.00 -90.00 -0.0018515
80.00 -90.00 -0.0018517
85.00 -90.00 -0.0018519
90.00 -90.00 -0.001852
95.00 -90.00 -0.0018522
100.00 -90.00 -0.0018523
105.00 -90.00 -0.0018524
110.00 -90.00 -0.0018525
115.00 -90.00 -0.0018525
120.00 -90.00 -0.0018525
125.00 -90.00 -0.0018525
130.00 -90.00 -0.0018525
135.00 -90.00 -0.0018524
140.00 -90.00 -0.0018523
145.00 -90.00 -0.0018522
150.00 -90.00 -0.0018521
155.00 -90.00 -0.0018519
160.00 -90.00 -0.0018518
165.00 -90.00 -0.0018516
170.00 -90.00 -0.0018514
175.00 -90.00 -0.0018513
180.00 -90.00 -0.0018511
-180.00 -85.00 -0.0049023
-175.00 -85.00 -0.0048927
-170.00 -85.00 -0.0048807
-165.00 -85.00 -0.0048726
-160.00 -85.00 -0.0048732
-155.00 -85.00 -0.0048858
-150.00 -85.00 -0.0049127
-145.00 -85.00 -0.0049553
-140.00 -85.00 -0.0050133
-135.00 -85.00 -0.0050853
-130.00 -85.00 -0.0051692
-125.00 -85.00 -0.0052632
-120.00 -85.00 -0.0053655
-115.00 -85.00 -0.0054738
-110.00 -85.00 -0.0055854
-105.00 -85.00 -0.005697
-100.00 -85.00 -0.0058048
-95.00 -85.00 -0.0059052
-90.00 -85.00 -0.0059937
-85.00 -85.00 -0.0060649
-80.00 -85.00 -0.0061125
-75.00 -85.00 -0.00613
-70.00 -85.00 -0.0061108
-65.00 -85.00 -0.0060491
-60.00 -85.00 -0.0059393
-55.00 -85.00 -0.0057766
-50.00 -85.00 -0.0055574
-45.00 -85.00 -0.0052797
-40.00 -85.00 -0.0049434
-35.00 -85.00 -0.0045501
-30.00 -85.00 -0.0041031
-25.00 -85.00 -0.0036079
-20.00 -85.00 -0.0030716
-15.00 -85.00 -0.0025028
-10.00 -85.00 -0.0019113
-5.00 -85.00 -0.0013081
0.00 -85.00 -0.000705
5.00 -85.00 -0.0001145
10.00 -85.00 0.0004509
15.00 -85.00 0.0009797
20.00 -85.00 0.001461
25.00 -85.00 0.0018849
30.00 -85.00 0.0022423
35.00 -85.00 0.0025256
40.00 -85.00 0.0027298
45.00 -85.00 0.0028519
50.00 -85.00 0.0028907
55.00 -85.00 0.0028463
60.00 -85.00 0.0027204
65.00 -85.00 0.0025169
70.00 -85.00 0.0022416
75.00 -85.00 0.0019021
80.00 -85.00 0.0015061
85.00 -85.00 0.0010625
90.00 -85.00 0.000581
95.00 -85.00 7.25e-05
100.00 -85.00 -0.0004515
105.00 -85.00 -0.0009799
110.00 -85.00 -0.0015023
115.00 -85.00 -0.0020089
120.00 -85.00 -0.0024901
125.00 -85.00 -0.0029374
130.00 -85.00 -0.0033438
135.00 -85.00 -0.0037042
140.00 -85.00 -0.0040155
145.00 -85.00 -0.0042763
150.00 -85.00 -0.0044862
155.00 -85.00 -0.0046471
160.00 -85.00 -0.0047631
165.00 -85.00 -0.0048397
170.00 -85.00 -0.0048836
175.00 -85.00 -0.0049019
180.00 -85.00 -0.0049023
-180.00 -80.00 -0.0061234
-175.00 -80.00 -0.0060451
-170.00 -80.00 -0.0060012
-165.00 -80.00 -0.0060102
-160.00 -80.00 -0.0060973
-155.00 -80.00 -0.0062712
-150.00 -80.00 -0.0065051
-145.00 -80.00 -0.0067569
-140.00 -80.00 -0.0069979
-135.00 -80.00 -0.0072081
-130.00 -80.00 -0.007358
-125.00 -80.00 -0.0074229
-120.00 -80.00 -0.0074098
-115.00 -80.00 -0.0073518
-110.00 -80.00 -0.0072769
-105.00 -80.00 -0.0072015
-100.00 -80.00 -0.0071505
-95.00 -80.00 -0.0071579
-90.00 -80.00 -0.0072381
-85.00 -80.00 -0.007376
-80.00 -80.00 -0.0075514
-75.00 -80.00 -0.0077556
-70.00 -80.00 -0.0079725
-65.00 -80.00 -0.0081648
-60.00 -80.00 -0.0082954
-55.00 -80.00 -0.0083496
-50.00 -80.00 -0.0083224
-45.00 -80.00 -0.008196
-40.00 -80.00 -0.0079502
-35.00 -80.00 -0.0075872
-30.00 -80.00 -0.0071239
-25.00 -80.00 -0.0065652
-20.00 -80.00 -0.005905
-15.00 -80.00 -0.0051531
-10.00 -80.00 -0.0043372
-5.00 -80.00 -0.0034773
0.00 -80.00 -0.0025783
5.00 -80.00 -0.0016548
10.00 -80.00 -0.0007409
15.00 -80.00 0.000133
20.00 -80.00 0.0009569
25.00 -80.00 0.001722
30.00 -80.00 0.0024023
35.00 -80.00 0.0029731
40.00 -80.00 0.0034323
45.00 -80.00 0.0037877
50.00 -80.00 0.0040323
55.00 -80.00 0.0041527
60.00 -80.00 0.0041537
65.00 -80.00 0.0040529
70.00 -80.00 0.0038535
75.00 -80.00 0.0035439
80.00 -80.00 0.0031252
85.00 -80.00 0.0026169
90.00 -80.00 0.0020322
95.00 -80.00 0.0013702
100.00 -80.00 0.0006397
105.00 -80.00 -0.0001275
110.00 -80.00 -0.0009001
115.00 -80.00 -0.0016672
120.00 -80.00 -0.0024206
125.00 -80.00 -0.0031363
130.00 -80.00 -0.0037893
135.00 -80.00 -0.0043767
140.00 -80.00 -0.0049048
145.00 -80.00 -0.0053625
150.00 -80.00 -0.0057277
155.00 -80.00 -0.0059948
160.00 -80.00 -0.0061745
165.00 -80.00 -0.0062702
170.00 -80.00 -0.0062781
175.00 -80.00 -0.0062148
180.00 -80.00 -0.0061234
-180.00 -75.00 -0.0061573
-175.00 -75.00 -0.0062353
-170.00 -75.00 -0.0063537
-165.00 -75.00 -0.0066356
-160.00 -75.00 -0.0071522
-155.00 -75.00 -0.0079
-150.00 -75.00 -0.0087958
-145.00 -75.00 -0.0096919
-140.00 -75.00 -0.0104144
-135.00 -75.00 -0.0108073
-130.00 -75.00 -0.0107694
-125.00 -75.00 -0.0102778
-120.00 -75.00 -0.0093932
-115.00 -75.00 -0.0082419
-110.00 -75.00 -0.0069819
-105.00 -75.00 -0.0057669
-100.00 -75.00 -0.0047178
-95.00 -75.00 -0.003905
-90.00 -75.00 -0.0033466
-85.00 -75.00 -0.0030218
-80.00 -75.00 -0.002888
-75.00 -75.00 -0.0028948
-70.00 -75.00 -0.0029935
-65.00 -75.00 -0.0031431
-60.00 -75.00 -0.003311
-55.00 -75.00 -0.0034725
-50.00 -75.00 -0.0036125
-45.00 -75.00 -0.0037265
-40.00 -75.00 -0.0038167
-35.00 -75.00 -0.0038877
-30.00 -75.00 -0.0039427
-25.00 -75.00 -0.0039802
-20.00 -75.00 -0.003995
-15.00 -75.00 -0.0039819
-10.00 -75.00 -0.0039417
-5.00 -75.00 -0.0038806
0.00 -75.00 -0.003806
5.00 -75.00 -0.0037214
10.00 -75.00 -0.0036206
15.00 -75.00 -0.0034855
20.00 -75.00 -0.003292
25.00 -75.00 -0.0030196
30.00 -75.00 -0.0026574
35.00 -75.00 -0.0022072
40.00 -75.00 -0.0016819
45.00 -75.00 -0.0010987
50.00 -75.00 -0.0004711
55.00 -75.00 0.000193
60.00 -75.00 0.0008872
65.00 -75.00 0.0016002
70.00 -75.00 0.0023109
75.00 -75.00 0.0029817
80.00 -75.00 0.003562
85.00 -75.00 0.0039991
90.00 -75.00 0.004252
95.00 -75.00 0.0043012
100.00 -75.00 0.0041554
105.00 -75.00 0.0038511
110.00 -75.00 0.0034405
115.00 -75.00 0.002972
120.00 -75.00 0.0024768
125.00 -75.00 0.0019591
130.00 -75.00 0.0013939
135.00 -75.00 0.0007382
140.00 -75.00 -4.64e-05
145.00 -75.00 -0.000972
150.00 -75.00 -0.0020112
155.00 -75.00 -0.0030937
160.00 -75.00 -0.0041181
165.00 -75.00 -0.0049802
170.00 -75.00 -0.0056076
175.00 -75.00 -0.0059837
180.00 -75.00 -0.0061573
-180.00 -70.00 -0.0087827
-175.00 -70.00 -0.008366
-170.00 -70.00 -0.0078215
-165.00 -70.00 -0.0075131
-160.00 -70.00 -0.0076925
-155.00 -70.00 -0.0084258
-150.00 -70.00 -0.0095791
-145.00 -70.00 -0.0108632
-140.00 -70.00 -0.0119173
-135.00 -70.00 -0.0124116
-130.00 -70.00 -0.0121391
-125.00 -70.00 -0.0110743
-120.00 -70.00 -0.0093799
-115.00 -70.00 -0.0073552
-110.00 -70.00 -0.0053422
-105.00 -70.00 -0.0036199
-100.00 -70.00 -0.0023277
-95.00 -70.00 -0.0014474
-90.00 -70.00 -0.0008466
-85.00 -70.00 -0.0003591
-80.00 -70.00 0.0001376
-75.00 -70.00 0.0006836
-70.00 -70.00 0.0012456
-65.00 -70.00 0.0017575
-60.00 -70.00 0.0021613
-55.00 -70.00 0.0024256
-50.00 -70.00 0.0025381
-45.00 -70.00 0.0024886
-40.00 -70.00 0.0022635
-35.00 -70.00 0.0018589
-30.00 -70.00 0.001301
-25.00 -70.00 0.0006531
-20.00 -70.00 -6e-06
-15.00 -70.00 -0.0006246
-10.00 -70.00 -0.0012164
-5.00 -70.00 -0.001863
0.00 -70.00 -0.0026704
5.00 -70.00 -0.0036981
10.00 -70.00 -0.0049015
15.00 -70.00 -0.0061233
20.00 -70.00 -0.0071437
25.00 -70.00 -0.0077634
30.00 -70.00 -0.0078774
35.00 -70.00 -0.0075032
40.00 -70.00 -0.0067549
45.00 -70.00 -0.005781
50.00 -70.00 -0.0047021
55.00 -70.00 -0.0035734
60.00 -70.00 -0.0023889
65.00 -70.00 -0.0011159
70.00 -70.00 0.0002572
75.00 -70.00 0.0016864
80.00 -70.00 0.003067
85.00 -70.00 0.0042611
90.00 -70.00 0.0051452
95.00 -70.00 0.0056552
100.00 -70.00 0.0058104
105.00 -70.00 0.0057061
110.00 -70.00 0.0054803
115.00 -70.00 0.0052647
120.00 -70.00 0.0051364
125.00 -70.00 0.005082
130.00 -70.00 0.0049875
135.00 -70.00 0.0046636
140.00 -70.00 0.0039044
145.00 -70.00 0.0025672
150.00 -70.00 0.0006455
155.00 -70.00 -0.0016962
160.00 -70.00 -0.0041456
165.00 -70.00 -0.0063245
170.00 -70.00 -0.0079035
175.00 -70.00 -0.0087092
180.00 -70.00 -0.0087827
-180.00 -65.00 -0.0128725
-175.00 -65.00 -0.0113534
-170.00 -65.00 -0.009468
-165.00 -65.00 -0.0077727
-160.00 -65.00 -0.0066512
-155.00 -65.00 -0.0062397
-150.00 -65.00 -0.0064465
-145.00 -65.00 -0.0070259
-140.00 -65.00 -0.0076599
-135.00 -65.00 -0.008031
-130.00 -65.00 -0.0078958
-125.00 -65.00 -0.0071628
-120.00 -65.00 -0.0059506
-115.00 -65.00 -0.0045788
-110.00 -65.00 -0.0034627
-105.00 -65.00 -0.0029342
-100.00 -65.00 -0.0030693
-95.00 -65.00 -0.0036243
-90.00 -65.00 -0.0041325
-85.00 -65.00 -0.0041253
-80.00 -65.00 -0.0033576
-75.00 -65.00 -0.0019113
-70.00 -65.00 -0.0001237
-65.00 -65.00 0.0015978
-60.00 -65.00 0.002952
-55.00 -65.00 0.0038094
-50.00 -65.00 0.0041581
-45.00 -65.00 0.0040088
-40.00 -65.00 0.0033537
-35.00 -65.00 0.0022187
-30.00 -65.00 0.0007576
-25.00 -65.00 -0.0007134
-20.00 -65.00 -0.0018126
-15.00 -65.00 -0.0022943
-10.00 -65.00 -0.0022312
-5.00 -65.00 -0.0020362
0.00 -65.00 -0.0022692
5.00 -65.00 -0.0033206
10.00 -65.00 -0.0051588
15.00 -65.00 -0.0073034
20.00 -65.00 -0.0090456
25.00 -65.00 -0.0097867
30.00 -65.00 -0.0093024
35.00 -65.00 -0.0078048
40.00 -65.00 -0.0058018
45.00 -65.00 -0.0038549
50.00 -65.00 -0.0023598
55.00 -65.00 -0.0014351
60.00 -65.00 -0.0009391
65.00 -65.00 -0.0005913
70.00 -65.00 -0.0001362
75.00 -65.00 0.0005273
80.00 -65.00 0.0013135
85.00 -65.00 0.002028
90.00 -65.00 0.002499
95.00 -65.00 0.0026719
100.00 -65.00 0.0026136
105.00 -65.00 0.0024454
110.00 -65.00 0.0022754
115.00 -65.00 0.0021756
120.00 -65.00 0.002189
125.00 -65.00 0.0023191
130.00 -65.00 0.0024828
135.00 -65.00 0.0024681
140.00 -65.00 0.0019595
145.00 -65.00 0.0006545
150.00 -65.00 -0.001575
155.00 -65.00 -0.0045634
160.00 -65.00 -0.0078452
165.00 -65.00 -0.0107821
170.00 -65.00 -0.0127734
175.00 -65.00 -0.0134658
180.00 -65.00 -0.0128725
-180.00 -60.00 -0.0126133
-175.00 -60.00 -0.0109011
-170.00 -60.00 -0.0089803
-165.00 -60.00 -0.0072743
-160.00 -60.00 -0.0059207
-155.00 -60.00 -0.0048364
-150.00 -60.00 -0.0039179
-145.00 -60.00 -0.0031956
-140.00 -60.00 -0.0028142
-135.00 -60.00 -0.002868
-130.00 -60.00 -0.0032474
-125.00 -60.00 -0.0036451
-120.00 -60.00 -0.003744
-115.00 -60.00 -0.0034633
-110.00 -60.00 -0.0030739
-105.00 -60.00 -0.0030606
-100.00 -60.00 -0.0037762
-95.00 -60.00 -0.0051096
-90.00 -60.00 -0.0064284
-85.00 -60.00 -0.0068897
-80.00 -60.00 -0.0059324
-75.00 -60.00 -0.0036139
-70.00 -60.00 -0.0005633
-65.00 -60.00 0.0023822
-60.00 -60.00 0.0045778
-55.00 -60.00 0.0057468
-50.00 -60.00 0.0058863
-45.00 -60.00 0.0050553
-40.00 -60.00 0.0032626
-35.00 -60.00 0.0005596
-30.00 -60.00 -0.0027393
-25.00 -60.00 -0.005929
-20.00 -60.00 -0.0080832
-15.00 -60.00 -0.0085226
-10.00 -60.00 -0.0073097
-5.00 -60.00 -0.005378
0.00 -60.00 -0.0040926
5.00 -60.00 -0.0044503
10.00 -60.00 -0.0064415
15.00 -60.00 -0.009023
20.00 -60.00 -0.0107285
25.00 -60.00 -0.0104926
30.00 -60.00 -0.0081655
35.00 -60.00 -0.0044748
40.00 -60.00 -0.0005804
45.00 -60.00 0.0024457
50.00 -60.00 0.0039764
55.00 -60.00 0.0039619
60.00 -60.00 0.0028653
65.00 -60.00 0.0014258
70.00 -60.00 0.0003014
75.00 -60.00 -0.0002514
80.00 -60.00 -0.00044
85.00 -60.00 -0.0006596
90.00 -60.00 -0.0010825
95.00 -60.00 -0.0014747
100.00 -60.00 -0.0014219
105.00 -60.00 -0.0007539
110.00 -60.00 0.0002456
115.00 -60.00 0.0010494
120.00 -60.00 0.0013024
125.00 -60.00 0.0010445
130.00 -60.00 0.0005577
135.00 -60.00 2.44e-05
140.00 -60.00 -0.0006718
145.00 -60.00 -0.0018513
150.00 -60.00 -0.0037642
155.00 -60.00 -0.0063571
160.00 -60.00 -0.0092217
165.00 -60.00 -0.0117312
170.00 -60.00 -0.0132845
175.00 -60.00 -0.0135524
180.00 -60.00 -0.0126133
-180.00 -55.00 -0.0072118
-175.00 -55.00 -0.0064836
-170.00 -55.00 -0.0061549
-165.00 -55.00 -0.006418
-160.00 -55.00 -0.0069636
-155.00 -55.00 -0.0071828
-150.00 -55.00 -0.0066424
-145.00 -55.00 -0.005456
-140.00 -55.00 -0.0042424
-135.00 -55.00 -0.0037062
-130.00 -55.00 -0.0041505
-125.00 -55.00 -0.005242
-120.00 -55.00 -0.0061669
-115.00 -55.00 -0.0061195
-110.00 -55.00 -0.0048725
-105.00 -55.00 -0.0030365
-100.00 -55.00 -0.0017092
-95.00 -55.00 -0.0016549
-90.00 -55.00 -0.002638
-85.00 -55.00 -0.003513
-80.00 -55.00 -0.0030413
-75.00 -55.00 -0.0007575
-70.00 -55.00 0.0027821
-65.00 -55.00 0.0064387
-60.00 -55.00 0.0091534
-55.00 -55.00 0.0103616
-50.00 -55.00 0.010017
-45.00 -55.00 0.0083602
-40.00 -55.00 0.005648
-35.00 -55.00 0.0020557
-30.00 -55.00 -0.0021492
-25.00 -55.00 -0.0063079
-20.00 -55.00 -0.00933
-15.00 -55.00 -0.0101909
-10.00 -55.00 -0.0087448
-5.00 -55.00 -0.0061578
0.00 -55.00 -0.004383
5.00 -55.00 -0.0048769
10.00 -55.00 -0.0075206
15.00 -55.00 -0.010656
20.00 -55.00 -0.0122286
25.00 -55.00 -0.0110997
30.00 -55.00 -0.0075565
35.00 -55.00 -0.0028607
40.00 -55.00 0.0015537
45.00 -55.00 0.0046083
50.00 -55.00 0.0057397
55.00 -55.00 0.0049673
60.00 -55.00 0.0029767
65.00 -55.00 0.0009682
70.00 -55.00 3.94e-05
75.00 -55.00 0.0003929
80.00 -55.00 0.0011107
85.00 -55.00 0.0009356
90.00 -55.00 -0.0004776
95.00 -55.00 -0.002052
100.00 -55.00 -0.0021703
105.00 -55.00 -0.0001991
110.00 -55.00 0.0028459
115.00 -55.00 0.0051602
120.00 -55.00 0.0056486
125.00 -55.00 0.0046038
130.00 -55.00 0.0030904
135.00 -55.00 0.0018676
140.00 -55.00 0.0009195
145.00 -55.00 -0.0001965
150.00 -55.00 -0.0017698
155.00 -55.00 -0.0036944
160.00 -55.00 -0.0056015
165.00 -55.00 -0.0070865
170.00 -55.00 -0.0078567
175.00 -55.00 -0.0078286
180.00 -55.00 -0.0072118
-180.00 -50.00 -0.0026216
-175.00 -50.00 -0.0028642
-170.00 -50.00 -0.0036493
-165.00 -50.00 -0.0052432
-160.00 -50.00 -0.007403
-155.00 -50.00 -0.0093634
-150.00 -50.00 -0.0103001
-145.00 -50.00 -0.0098729
-140.00 -50.00 -0.0084207
-135.00 -50.00 -0.006763
-130.00 -50.00 -0.0058027
-125.00 -50.00 -0.0060416
-120.00 -50.00 -0.0071335
-115.00 -50.00 -0.0078739
-110.00 -50.00 -0.0069942
-105.00 -50.00 -0.004343
-100.00 -50.00 -0.0012844
-95.00 -50.00 0.0003593
-90.00 -50.00 -4.64e-05
-85.00 -50.00 -0.0013561
-80.00 -50.00 -0.0016756
-75.00 -50.00 9.47e-05
-70.00 -50.00 0.0036058
-65.00 -50.00 0.0075262
-60.00 -50.00 0.0103923
-55.00 -50.00 0.011258
-50.00 -50.00 0.0100515
-45.00 -50.00 0.0075598
-40.00 -50.00 0.0048893
-35.00 -50.00 0.0026775
-30.00 -50.00 0.0007766
-25.00 -50.00 -0.001211
-20.00 -50.00 -0.0031144
-15.00 -50.00 -0.0040893
-10.00 -50.00 -0.0035206
-5.00 -50.00 -0.0020285
0.00 -50.00 -0.0013351
5.00 -50.00 -0.0028356
10.00 -50.00 -0.0062184
15.00 -50.00 -0.0096161
20.00 -50.00 -0.0111856
25.00 -50.00 -0.0104771
30.00 -50.00 -0.0083175
35.00 -50.00 -0.0056995
40.00 -50.00 -0.003114
45.00 -50.00 -0.000874
50.00 -50.00 0.0004047
55.00 -50.00 0.0001147
60.00 -50.00 -0.0014225
65.00 -50.00 -0.002594
70.00 -50.00 -0.0015382
75.00 -50.00 0.0020036
80.00 -50.00 0.0058684
85.00 -50.00 0.0070167
90.00 -50.00 0.0044416
95.00 -50.00 0.0005262
100.00 -50.00 -0.000957
105.00 -50.00 0.0015422
110.00 -50.00 0.0059118
115.00 -50.00 0.0086444
120.00 -50.00 0.0082393
125.00 -50.00 0.0061088
130.00 -50.00 0.0044842
135.00 -50.00 0.0040874
140.00 -50.00 0.0039796
145.00 -50.00 0.0031033
150.00 -50.00 0.0014268
155.00 -50.00 -0.0003145
160.00 -50.00 -0.0015146
165.00 -50.00 -0.0021234
170.00 -50.00 -0.0023992
175.00 -50.00 -0.0025352
180.00 -50.00 -0.0026216
-180.00 -45.00 -0.0015228
-175.00 -45.00 -0.0028348
-170.00 -45.00 -0.0036793
-165.00 -45.00 -0.0043629
-160.00 -45.00 -0.0053938
-155.00 -45.00 -0.0068842
-150.00 -45.00 -0.0083663
-145.00 -45.00 -0.0090252
-140.00 -45.00 -0.0081189
-135.00 -45.00 -0.0055459
-130.00 -45.00 -0.0023582
-125.00 -45.00 -0.0005109
-120.00 -45.00 -0.0014417
-115.00 -45.00 -0.0045192
-110.00 -45.00 -0.0072421
-105.00 -45.00 -0.0075144
-100.00 -45.00 -0.005702
-95.00 -45.00 -0.0040323
-90.00 -45.00 -0.0039871
-85.00 -45.00 -0.0047875
-80.00 -45.00 -0.0045341
-75.00 -45.00 -0.0022492
-70.00 -45.00 0.0014904
-65.00 -45.00 0.0053004
-60.00 -45.00 0.0077328
-55.00 -45.00 0.007711
-50.00 -45.00 0.0051939
-45.00 -45.00 0.0016459
-40.00 -45.00 -0.0007373
-35.00 -45.00 -0.0007635
-30.00 -45.00 0.0008029
-25.00 -45.00 0.0021254
-20.00 -45.00 0.0020923
-15.00 -45.00 0.0011955
-10.00 -45.00 0.0006595
-5.00 -45.00 0.0008124
0.00 -45.00 0.0006004
5.00 -45.00 -0.001053
10.00 -45.00 -0.0036882
15.00 -45.00 -0.0057123
20.00 -45.00 -0.0063912
25.00 -45.00 -0.0067065
30.00 -45.00 -0.0077964
35.00 -45.00 -0.0091394
40.00 -45.00 -0.0090806
45.00 -45.00 -0.0070631
50.00 -45.00 -0.0046405
55.00 -45.00 -0.0039539
60.00 -45.00 -0.0053536
65.00 -45.00 -0.0066404
70.00 -45.00 -0.0048217
75.00 -45.00 0.0008672
80.00 -45.00 0.007373
85.00 -45.00 0.009893
90.00 -45.00 0.0065296
95.00 -45.00 0.0008317
100.00 -45.00 -0.0013614
105.00 -45.00 0.0019866
110.00 -45.00 0.0070234
115.00 -45.00 0.0085662
120.00 -45.00 0.0058291
125.00 -45.00 0.0025628
130.00 -45.00 0.0021211
135.00 -45.00 0.0039371
140.00 -45.00 0.0051037
145.00 -45.00 0.0040701
150.00 -45.00 0.0018619
155.00 -45.00 0.0003243
160.00 -45.00 0.0001631
165.00 -45.00 0.0006814
170.00 -45.00 0.0007721
175.00 -45.00 -8.02e-05
180.00 -45.00 -0.0015228
-180.00 -40.00 3.73e-05
-175.00 -40.00 -0.0028996
-170.00 -40.00 -0.0042643
-165.00 -40.00 -0.0037938
-160.00 -40.00 -0.0025998
-155.00 -40.00 -0.0021152
-150.00 -40.00 -0.0029929
-145.00 -40.00 -0.0045879
-140.00 -40.00 -0.005256
-135.00 -40.00 -0.0035582
-130.00 -40.00 0.0001889
-125.00 -40.00 0.0034601
-120.00 -40.00 0.003272
-115.00 -40.00 -0.0009323
-110.00 -40.00 -0.0063161
-105.00 -40.00 -0.0092454
-100.00 -40.00 -0.0088266
-95.00 -40.00 -0.0071498
-90.00 -40.00 -0.0061307
-85.00 -40.00 -0.0053403
-80.00 -40.00 -0.003386
-75.00 -40.00 -0.0001494
-70.00 -40.00 0.0033104
-65.00 -40.00 0.006098
-60.00 -40.00 0.0075686
-55.00 -40.00 0.0068497
-50.00 -40.00 0.0037227
-45.00 -40.00 -0.0002117
-40.00 -40.00 -0.0024824
-35.00 -40.00 -0.0020959
-30.00 -40.00 -0.0003368
-25.00 -40.00 0.000754
-20.00 -40.00 0.0002629
-15.00 -40.00 -0.0010595
-10.00 -40.00 -0.001769
-5.00 -40.00 -0.0013644
0.00 -40.00 -0.0009063
5.00 -40.00 -0.0014639
10.00 -40.00 -0.0022183
15.00 -40.00 -0.001435
20.00 -40.00 0.0004708
25.00 -40.00 0.0005903
30.00 -40.00 -0.0026764
35.00 -40.00 -0.0068723
40.00 -40.00 -0.0081304
45.00 -40.00 -0.0058421
50.00 -40.00 -0.0031643
55.00 -40.00 -0.0031756
60.00 -40.00 -0.005789
65.00 -40.00 -0.0082771
70.00 -40.00 -0.0077575
75.00 -40.00 -0.0034957
80.00 -40.00 0.0019271
85.00 -40.00 0.0040311
90.00 -40.00 0.0008253
95.00 -40.00 -0.0039954
100.00 -40.00 -0.0042631
105.00 -40.00 0.0013369
110.00 -40.00 0.0071231
115.00 -40.00 0.0072029
120.00 -40.00 0.0026765
125.00 -40.00 -0.0003051
130.00 -40.00 0.0014051
135.00 -40.00 0.0047739
140.00 -40.00 0.0054771
145.00 -40.00 0.0031335
150.00 -40.00 0.0006
155.00 -40.00 9.74e-05
160.00 -40.00 0.0015194
165.00 -40.00 0.0034105
170.00 -40.00 0.0041958
175.00 -40.00 0.0029445
180.00 -40.00 3.73e-05
-180.00 -35.00 0.0036058
-175.00 -35.00 0.0004922
-170.00 -35.00 -0.0014911
-165.00 -35.00 -0.0015655
-160.00 -35.00 -0.0005945
-155.00 -35.00 -0.0001738
-150.00 -35.00 -0.0013772
-145.00 -35.00 -0.0038374
-140.00 -35.00 -0.005929
-135.00 -35.00 -0.0061141
-130.00 -35.00 -0.0042595
-125.00 -35.00 -0.0018838
-120.00 -35.00 -0.0011718
-115.00 -35.00 -0.0030724
-110.00 -35.00 -0.0059349
-105.00 -35.00 -0.0068296
-100.00 -35.00 -0.0047885
-95.00 -35.00 -0.001728
-90.00 -35.00 0.0004382
-85.00 -35.00 0.0020975
-80.00 -35.00 0.0043121
-75.00 -35.00 0.0066199
-70.00 -35.00 0.0080704
-65.00 -35.00 0.0089576
-60.00 -35.00 0.0096967
-55.00 -35.00 0.0093133
-50.00 -35.00 0.0070214
-45.00 -35.00 0.0041757
-40.00 -35.00 0.0026647
-35.00 -35.00 0.0022365
-30.00 -35.00 0.0011868
-25.00 -35.00 -0.0010788
-20.00 -35.00 -0.0036062
-15.00 -35.00 -0.0051565
-10.00 -35.00 -0.0048817
-5.00 -35.00 -0.0029344
0.00 -35.00 -0.0011054
5.00 -35.00 -0.0010823
10.00 -35.00 -0.0014595
15.00 -35.00 0.0009532
20.00 -35.00 0.0057804
25.00 -35.00 0.0081756
30.00 -35.00 0.0052805
35.00 -35.00 0.0006095
40.00 -35.00 -0.0008222
45.00 -35.00 0.000672
50.00 -35.00 0.0008475
55.00 -35.00 -0.0018692
60.00 -35.00 -0.0048425
65.00 -35.00 -0.0057375
70.00 -35.00 -0.0051313
75.00 -35.00 -0.0043824
80.00 -35.00 -0.0039574
85.00 -35.00 -0.0045405
90.00 -35.00 -0.0067774
95.00 -35.00 -0.008677
100.00 -35.00 -0.0064249
105.00 -35.00 7.9e-06
110.00 -35.00 0.0049829
115.00 -35.00 0.0040901
120.00 -35.00 0.0005566
125.00 -35.00 0.0008135
130.00 -35.00 0.0053138
135.00 -35.00 0.0083871
140.00 -35.00 0.0066861
145.00 -35.00 0.003049
150.00 -35.00 0.0013978
155.00 -35.00 0.0020413
160.00 -35.00 0.0033867
165.00 -35.00 0.0048263
170.00 -35.00 0.0060498
175.00 -35.00 0.0058682
180.00 -35.00 0.0036058
-180.00 -30.00 0.0050369
-175.00 -30.00 0.004673
-170.00 -30.00 0.0037819
-165.00 -30.00 0.0021989
-160.00 -30.00 5.08e-05
-155.00 -30.00 -0.0024626
-150.00 -30.00 -0.005367
-145.00 -30.00 -0.0079391
-140.00 -30.00 -0.008915
-135.00 -30.00 -0.0084486
-130.00 -30.00 -0.0080605
-125.00 -30.00 -0.0082114
-120.00 -30.00 -0.0079125
-115.00 -30.00 -0.0067388
-110.00 -30.00 -0.005017
-105.00 -30.00 -0.0023391
-100.00 -30.00 0.0017105
-95.00 -30.00 0.0058256
-90.00 -30.00 0.0082901
-85.00 -30.00 0.0092853
-80.00 -30.00 0.0098136
-75.00 -30.00 0.0096668
-70.00 -30.00 0.0086864
-65.00 -30.00 0.0082491
-60.00 -30.00 0.0090006
-55.00 -30.00 0.0091006
-50.00 -30.00 0.0072982
-45.00 -30.00 0.0054708
-40.00 -30.00 0.0053742
-35.00 -30.00 0.0053596
-30.00 -30.00 0.0032144
-25.00 -30.00 -0.0001928
-20.00 -30.00 -0.0027476
-15.00 -30.00 -0.0038948
-10.00 -30.00 -0.003421
-5.00 -30.00 -0.0007951
0.00 -30.00 0.0021847
5.00 -30.00 0.0021913
10.00 -30.00 9.35e-05
15.00 -30.00 0.0011339
20.00 -30.00 0.0066589
25.00 -30.00 0.0108719
30.00 -30.00 0.0093444
35.00 -30.00 0.0055325
40.00 -30.00 0.0043673
45.00 -30.00 0.004163
50.00 -30.00 0.000602
55.00 -30.00 -0.0045603
60.00 -30.00 -0.0052459
65.00 -30.00 -0.0005591
70.00 -30.00 0.0032882
75.00 -30.00 0.0014685
80.00 -30.00 -0.003672
85.00 -30.00 -0.0071413
90.00 -30.00 -0.0076326
95.00 -30.00 -0.0065465
100.00 -30.00 -0.0042242
105.00 -30.00 -0.0010894
110.00 -30.00 0.0002577
115.00 -30.00 -0.0012167
120.00 -30.00 -0.001403
125.00 -30.00 0.0035136
130.00 -30.00 0.0099684
135.00 -30.00 0.0112771
140.00 -30.00 0.0074915
145.00 -30.00 0.0046408
150.00 -30.00 0.00512
155.00 -30.00 0.0055003
160.00 -30.00 0.0037644
165.00 -30.00 0.002326
170.00 -30.00 0.0030642
175.00 -30.00 0.0045318
180.00 -30.00 0.0050369
-180.00 -25.00 0.0027014
-175.00 -25.00 0.005274
-170.00 -25.00 0.0063702
-165.00 -25.00 0.003212
-160.00 -25.00 -0.0022397
-155.00 -25.00 -0.0067557
-150.00 -25.00 -0.0098795
-145.00 -25.00 -0.0112348
-140.00 -25.00 -0.0091582
-135.00 -25.00 -0.0050491
-130.00 -25.00 -0.0035302
-125.00 -25.00 -0.0056295
-120.00 -25.00 -0.0070712
-115.00 -25.00 -0.0051472
-110.00 -25.00 -0.0019405
-105.00 -25.00 0.0005778
-100.00 -25.00 0.0032987
-95.00 -25.00 0.0065633
-90.00 -25.00 0.008715
-85.00 -25.00 0.0090448
-80.00 -25.00 0.0085218
-75.00 -25.00 0.0076213
-70.00 -25.00 0.0065442
-65.00 -25.00 0.006405
-60.00 -25.00 0.0071245
-55.00 -25.00 0.0062433
-50.00 -25.00 0.0029727
-45.00 -25.00 0.000529
-40.00 -25.00 0.0011878
-35.00 -25.00 0.0025915
-30.00 -25.00 0.0022141
-25.00 -25.00 0.0011654
-20.00 -25.00 0.0004151
-15.00 -25.00 -0.0014504
-10.00 -25.00 -0.0034804
-5.00 -25.00 -0.0016803
0.00 -25.00 0.003394
5.00 -25.00 0.0053979
10.00 -25.00 0.0023858
15.00 -25.00 0.0006251
20.00 -25.00 0.0039975
25.00 -25.00 0.0075432
30.00 -25.00 0.0064708
35.00 -25.00 0.0038244
40.00 -25.00 0.0034908
45.00 -25.00 0.0025368
50.00 -25.00 -0.0028008
55.00 -25.00 -0.0084343
60.00 -25.00 -0.0068402
65.00 -25.00 0.0017012
70.00 -25.00 0.0082392
75.00 -25.00 0.0061989
80.00 -25.00 -0.0008912
85.00 -25.00 -0.0048976
90.00 -25.00 -0.0033021
95.00 -25.00 -0.0002792
100.00 -25.00 0.000496
105.00 -25.00 -0.0007283
110.00 -25.00 -0.0025794
115.00 -25.00 -0.0034809
120.00 -25.00 -0.0006288
125.00 -25.00 0.0062634
130.00 -25.00 0.0115767
135.00 -25.00 0.0104073
140.00 -25.00 0.0064081
145.00 -25.00 0.0060489
150.00 -25.00 0.0080995
155.00 -25.00 0.0068406
160.00 -25.00 0.0025237
165.00 -25.00 0.0001156
170.00 -25.00 0.0005853
175.00 -25.00 0.0014269
180.00 -25.00 0.0027014
-180.00 -20.00 -6.71e-05
-175.00 -20.00 0.0033146
-170.00 -20.00 0.0055332
-165.00 -20.00 0.0005492
-160.00 -20.00 -0.0064166
-155.00 -20.00 -0.0088994
-150.00 -20.00 -0.0089445
-145.00 -20.00 -0.0092759
-140.00 -20.00 -0.0068183
-135.00 -20.00 -0.0009674
-130.00 -20.00 0.0021647
-125.00 -20.00 -0.0001797
-120.00 -20.00 -0.0025036
-115.00 -20.00 -0.0008394
-110.00 -20.00 0.0014089
-105.00 -20.00 0.0011087
-100.00 -20.00 0.0006831
-95.00 -20.00 0.0024142
-90.00 -20.00 0.0043851
-85.00 -20.00 0.0048438
-80.00 -20.00 0.0051132
-75.00 -20.00 0.0063852
-70.00 -20.00 0.00789
-65.00 -20.00 0.0087511
-60.00 -20.00 0.0082415
-55.00 -20.00 0.0052255
-50.00 -20.00 0.0005512
-45.00 -20.00 -0.0022375
-40.00 -20.00 -0.0016238
-35.00 -20.00 -0.0002901
-30.00 -20.00 -0.000107
-25.00 -20.00 9.05e-05
-20.00 -20.00 -0.0004761
-15.00 -20.00 -0.0046463
-10.00 -20.00 -0.0096663
-5.00 -20.00 -0.0080537
0.00 -20.00 0.0002543
5.00 -20.00 0.0059123
10.00 -20.00 0.0041562
15.00 -20.00 0.0009642
20.00 -20.00 0.0014609
25.00 -20.00 0.0025056
30.00 -20.00 0.0010274
35.00 -20.00 -0.0001416
40.00 -20.00 0.0008047
45.00 -20.00 0.0002999
50.00 -20.00 -0.003913
55.00 -20.00 -0.0080106
60.00 -20.00 -0.0071686
65.00 -20.00 -0.0017216
70.00 -20.00 0.0033073
75.00 -20.00 0.0034191
80.00 -20.00 -0.0005027
85.00 -20.00 -0.0030141
90.00 -20.00 -0.0010871
95.00 -20.00 0.0020682
100.00 -20.00 0.0024253
105.00 -20.00 0.0006801
110.00 -20.00 -0.0003083
115.00 -20.00 0.0007399
120.00 -20.00 0.0041632
125.00 -20.00 0.0087382
130.00 -20.00 0.0103779
135.00 -20.00 0.0073231
140.00 -20.00 0.0044781
145.00 -20.00 0.0058081
150.00 -20.00 0.007135
155.00 -20.00 0.0044122
160.00 -20.00 0.0020958
165.00 -20.00 0.0041555
170.00 -20.00 0.0054896
175.00 -20.00 0.0021118
180.00 -20.00 -6.71e-05
-180.00 -15.00 -0.0023302
-175.00 -15.00 0.0023675
-170.00 -15.00 0.0061651
-165.00 -15.00 0.0001704
-160.00 -15.00 -0.0065729
-155.00 -15.00 -0.0051035
-150.00 -15.00 -0.0016787
-145.00 -15.00 -0.0033365
-140.00 -15.00 -0.0051191
-135.00 -15.00 -0.0020508
-130.00 -15.00 0.0009372
-125.00 -15.00 -0.0003223
-120.00 -15.00 -0.001423
-115.00 -15.00 0.0009825
-110.00 -15.00 0.0027637
-105.00 -15.00 0.0008201
-100.00 -15.00 -0.0013059
-95.00 -15.00 -0.0004694
-90.00 -15.00 0.0011603
-85.00 -15.00 0.0015529
-80.00 -15.00 0.0028374
-75.00 -15.00 0.0068588
-70.00 -15.00 0.0112968
-65.00 -15.00 0.0125807
-60.00 -15.00 0.0098689
-55.00 -15.00 0.005221
-50.00 -15.00 0.0017885
-45.00 -15.00 0.0014019
-40.00 -15.00 0.0024628
-35.00 -15.00 0.0018475
-30.00 -15.00 -0.000468
-25.00 -15.00 -0.002228
-20.00 -15.00 -0.0043262
-15.00 -15.00 -0.0091934
-10.00 -15.00 -0.0133869
-5.00 -15.00 -0.0102477
0.00 -15.00 -0.0012693
5.00 -15.00 0.0045186
10.00 -15.00 0.0037808
15.00 -15.00 0.0016439
20.00 -15.00 0.0009347
25.00 -15.00 -0.0006161
30.00 -15.00 -0.0026181
35.00 -15.00 -0.0020791
40.00 -15.00 -0.0003301
45.00 -15.00 -0.000735
50.00 -15.00 -0.0022089
55.00 -15.00 -0.0025947
60.00 -15.00 -0.0034541
65.00 -15.00 -0.0052079
70.00 -15.00 -0.0044301
75.00 -15.00 -0.0008979
80.00 -15.00 0.0006746
85.00 -15.00 -0.0009166
90.00 -15.00 -0.0016166
95.00 -15.00 8.97e-05
100.00 -15.00 0.0018469
105.00 -15.00 0.0030884
110.00 -15.00 0.0049084
115.00 -15.00 0.0067455
120.00 -15.00 0.0080621
125.00 -15.00 0.0091772
130.00 -15.00 0.0086519
135.00 -15.00 0.0057734
140.00 -15.00 0.0040776
145.00 -15.00 0.0052147
150.00 -15.00 0.0047022
155.00 -15.00 0.0018022
160.00 -15.00 0.0038034
165.00 -15.00 0.0112002
170.00 -15.00 0.012338
175.00 -15.00 0.0034652
180.00 -15.00 -0.0023302
-180.00 -10.00 -0.0062583
-175.00 -10.00 0.0016867
-170.00 -10.00 0.0084999
-165.00 -10.00 0.0043508
-160.00 -10.00 -0.0003698
-155.00 -10.00 0.0030518
-150.00 -10.00 0.0062271
-145.00 -10.00 0.0014881
-140.00 -10.00 -0.0044175
-135.00 -10.00 -0.0043076
-130.00 -10.00 -0.0019006
-125.00 -10.00 -0.0016916
-120.00 -10.00 -0.0010847
-115.00 -10.00 0.0017984
-110.00 -10.00 0.0032731
-105.00 -10.00 0.0011631
-100.00 -10.00 -0.0012923
-95.00 -10.00 -0.0013261
-90.00 -10.00 -0.0004483
-85.00 -10.00 -0.0002049
-80.00 -10.00 0.0013685
-75.00 -10.00 0.0062958
-70.00 -10.00 0.0120214
-65.00 -10.00 0.0133238
-60.00 -10.00 0.0088441
-55.00 -10.00 0.0033725
-50.00 -10.00 0.0023518
-45.00 -10.00 0.0054367
-40.00 -10.00 0.0073713
-35.00 -10.00 0.0048838
-30.00 -10.00 0.0002598
-25.00 -10.00 -0.0030031
-20.00 -10.00 -0.005089
-15.00 -10.00 -0.007241
-10.00 -10.00 -0.007349
-5.00 -10.00 -0.0035259
0.00 -10.00 0.0006641
5.00 -10.00 0.001164
10.00 -10.00 0.0003416
15.00 -10.00 0.0015531
20.00 -10.00 0.0017574
25.00 -10.00 -0.0018625
30.00 -10.00 -0.0046007
35.00 -10.00 -0.0027992
40.00 -10.00 -0.0011277
45.00 -10.00 -0.0023423
50.00 -10.00 -0.0010337
55.00 -10.00 0.0037759
60.00 -10.00 0.0036975
65.00 -10.00 -0.002971
70.00 -10.00 -0.0057617
75.00 -10.00 -0.0002001
80.00 -10.00 0.0045564
85.00 -10.00 0.0023719
90.00 -10.00 -0.0009942
95.00 -10.00 0.0001711
100.00 -10.00 0.0041795
105.00 -10.00 0.0080075
110.00 -10.00 0.0102174
115.00 -10.00 0.0095518
120.00 -10.00 0.0075716
125.00 -10.00 0.0077446
130.00 -10.00 0.0088909
135.00 -10.00 0.0074239
140.00 -10.00 0.0051891
145.00 -10.00 0.0052347
150.00 -10.00 0.0048232
155.00 -10.00 0.0031658
160.00 -10.00 0.006198
165.00 -10.00 0.0127504
170.00 -10.00 0.010811
175.00 -10.00 -0.0009034
180.00 -10.00 -0.0062583
-180.00 -5.00 -0.0098599
-175.00 -5.00 -0.0016342
-170.00 -5.00 0.0059703
-165.00 -5.00 0.006035
-160.00 -5.00 0.0057875
-155.00 -5.00 0.0090325
-150.00 -5.00 0.0085884
-145.00 -5.00 0.001886
-140.00 -5.00 -0.0032953
-135.00 -5.00 -0.002631
-130.00 -5.00 -0.0005755
-125.00 -5.00 -0.0002825
-120.00 -5.00 0.0003744
-115.00 -5.00 0.0023815
-110.00 -5.00 0.0034476
-105.00 -5.00 0.0021853
-100.00 -5.00 -0.0001543
-95.00 -5.00 -0.001562
-90.00 -5.00 -0.0012071
-85.00 -5.00 0.0001443
-80.00 -5.00 0.0020744
-75.00 -5.00 0.0058591
-70.00 -5.00 0.0109917
-65.00 -5.00 0.0125876
-60.00 -5.00 0.0075829
-55.00 -5.00 0.0012279
-50.00 -5.00 0.0008793
-45.00 -5.00 0.0053238
-40.00 -5.00 0.0070373
-35.00 -5.00 0.0034041
-30.00 -5.00 -0.0010428
-25.00 -5.00 -0.0026548
-20.00 -5.00 -0.0024272
-15.00 -5.00 -0.0015339
-10.00 -5.00 0.0005973
-5.00 -5.00 0.0022743
0.00 -5.00 2.18e-05
5.00 -5.00 -0.0042292
10.00 -5.00 -0.0036458
15.00 -5.00 0.0019326
20.00 -5.00 0.0037865
25.00 -5.00 -0.0011929
30.00 -5.00 -0.0048669
35.00 -5.00 -0.0029155
40.00 -5.00 -0.0018569
45.00 -5.00 -0.0039058
50.00 -5.00 -0.0012228
55.00 -5.00 0.0067557
60.00 -5.00 0.0085546
65.00 -5.00 0.0013324
70.00 -5.00 -0.002821
75.00 -5.00 0.0016861
80.00 -5.00 0.005547
85.00 -5.00 0.003058
90.00 -5.00 0.000692
95.00 -5.00 0.0036273
100.00 -5.00 0.0090502
105.00 -5.00 0.013237
110.00 -5.00 0.0140265
115.00 -5.00 0.0102806
120.00 -5.00 0.0061847
125.00 -5.00 0.0077671
130.00 -5.00 0.0118254
135.00 -5.00 0.0102549
140.00 -5.00 0.0048954
145.00 -5.00 0.003661
150.00 -5.00 0.0058357
155.00 -5.00 0.0062333
160.00 -5.00 0.0063548
165.00 -5.00 0.0071937
170.00 -5.00 0.0026116
175.00 -5.00 -0.0070777
180.00 -5.00 -0.0098599
-180.00 0.00 -0.0081065
-175.00 0.00 -0.0055252
-170.00 0.00 -0.0021975
-165.00 0.00 0.0011026
-160.00 0.00 0.0062368
-155.00 0.00 0.0094976
-150.00 0.00 0.0060332
-145.00 0.00 -1.6e-05
-140.00 0.00 -0.0015094
-135.00 0.00 0.0002503
-130.00 0.00 -0.0001052
-125.00 0.00 -0.0023719
-120.00 0.00 -0.0031025
-115.00 0.00 -0.0015046
-110.00 0.00 0.0011878
-105.00 0.00 0.0030313
-100.00 0.00 0.0019507
-95.00 0.00 -0.0006943
-90.00 0.00 -0.0006052
-85.00 0.00 0.0024923
-80.00 0.00 0.0048462
-75.00 0.00 0.0065583
-70.00 0.00 0.0101842
-65.00 0.00 0.0121881
-60.00 0.00 0.0073066
-55.00 0.00 -1.01e-05
-50.00 0.00 -0.0008213
-45.00 0.00 0.0035478
-40.00 0.00 0.004041
-35.00 0.00 -0.0009864
-30.00 0.00 -0.0045609
-25.00 0.00 -0.0032913
-20.00 0.00 -0.0006481
-15.00 0.00 0.0008114
-10.00 0.00 0.0017068
-5.00 0.00 0.0009764
0.00 0.00 -0.0030516
5.00 0.00 -0.0065309
10.00 0.00 -0.0033275
15.00 0.00 0.0042532
20.00 0.00 0.0067811
25.00 0.00 0.0020277
30.00 0.00 -0.0020753
35.00 0.00 -0.0016577
40.00 0.00 -0.0018419
45.00 0.00 -0.0037788
50.00 0.00 -0.0011932
55.00 0.00 0.0054921
60.00 0.00 0.007058
65.00 0.00 0.0018972
70.00 0.00 -0.0011887
75.00 0.00 0.0007746
80.00 0.00 0.001816
85.00 0.00 0.000634
90.00 0.00 0.0019907
95.00 0.00 0.0061221
100.00 0.00 0.0096879
105.00 0.00 0.0125193
110.00 0.00 0.0139291
115.00 0.00 0.0111845
120.00 0.00 0.0077744
125.00 0.00 0.0103992
130.00 0.00 0.0149361
135.00 0.00 0.011401
140.00 0.00 0.0026725
145.00 0.00 0.000319
150.00 0.00 0.0044711
155.00 0.00 0.0058607
160.00 0.00 0.0028832
165.00 0.00 0.000203
170.00 0.00 -0.0024496
175.00 0.00 -0.0064678
180.00 0.00 -0.0081065
-180.00 5.00 -0.0017901
-175.00 5.00 -0.0046657
-170.00 5.00 -0.0067814
-165.00 5.00 -0.0039102
-160.00 5.00 0.0031106
-155.00 5.00 0.0064267
-150.00 5.00 0.0027387
-145.00 5.00 -0.0010382
-140.00 5.00 -0.0001618
-135.00 5.00 0.0003395
-130.00 5.00 -0.0037762
-125.00 5.00 -0.0087622
-120.00 5.00 -0.010148
-115.00 5.00 -0.0075436
-110.00 5.00 -0.0019196
-105.00 5.00 0.0036926
-100.00 5.00 0.0044602
-95.00 5.00 0.0012395
-90.00 5.00 0.0007104
-85.00 5.00 0.0039949
-80.00 5.00 0.0056493
-75.00 5.00 0.0055375
-70.00 5.00 0.008123
-65.00 5.00 0.0102192
-60.00 5.00 0.005075
-55.00 5.00 -0.002768
-50.00 5.00 -0.0029777
-45.00 5.00 0.0024867
-40.00 5.00 0.002692
-35.00 5.00 -0.0034981
-30.00 5.00 -0.0068415
-25.00 5.00 -0.0037233
-20.00 5.00 0.0002346
-15.00 5.00 0.0011484
-10.00 5.00 0.0008554
-5.00 5.00 0.0006576
0.00 5.00 -0.0004472
5.00 5.00 -0.0012468
10.00 5.00 0.0012232
15.00 5.00 0.0059362
20.00 5.00 0.0080023
25.00 5.00 0.0055242
30.00 5.00 0.0015029
35.00 5.00 -0.0016259
40.00 5.00 -0.003856
45.00 5.00 -0.0038913
50.00 5.00 -0.0003004
55.00 5.00 0.0036539
60.00 5.00 0.003602
65.00 5.00 0.0012845
70.00 5.00 0.0007027
75.00 5.00 0.0006642
80.00 5.00 -0.00068
85.00 5.00 4.48e-05
90.00 5.00 0.0042315
95.00 5.00 0.006485
100.00 5.00 0.0048549
105.00 5.00 0.0052658
110.00 5.00 0.0094779
115.00 5.00 0.0116355
120.00 5.00 0.0109746
125.00 5.00 0.0128178
130.00 5.00 0.0150999
135.00 5.00 0.0106615
140.00 5.00 0.0026839
145.00 5.00 0.0007281
150.00 5.00 0.0037025
155.00 5.00 0.0029712
160.00 5.00 -0.0017308
165.00 5.00 -0.0038292
170.00 5.00 -0.0021779
175.00 5.00 -0.0007939
180.00 5.00 -0.0017901
-180.00 10.00 0.002524
-175.00 10.00 0.0006194
-170.00 10.00 -0.0030825
-165.00 10.00 -0.0039115
-160.00 10.00 -0.0006933
-155.00 10.00 0.0011087
-150.00 10.00 -0.0011096
-145.00 10.00 -0.0026032
-140.00 10.00 -0.0011897
-135.00 10.00 -0.0015497
-130.00 10.00 -0.0057334
-125.00 10.00 -0.0094685
-120.00 10.00 -0.0096657
-115.00 10.00 -0.0067541
-110.00 10.00 -0.0012517
-105.00 10.00 0.0044026
-100.00 10.00 0.0056062
-95.00 10.00 0.0029996
-90.00 10.00 0.0023538
-85.00 10.00 0.0040577
-80.00 10.00 0.0035098
-75.00 10.00 0.0022317
-70.00 10.00 0.0048707
-65.00 10.00 0.0068857
-60.00 10.00 0.0010021
-55.00 10.00 -0.0071079
-50.00 10.00 -0.0062812
-45.00 10.00 0.00079
-40.00 10.00 0.002227
-35.00 10.00 -0.0029573
-30.00 10.00 -0.0051264
-25.00 10.00 -0.0010994
-20.00 10.00 0.0029329
-15.00 10.00 0.0035334
-10.00 10.00 0.0037868
-5.00 10.00 0.0056474
0.00 10.00 0.0067298
5.00 10.00 0.0052254
10.00 10.00 0.003082
15.00 10.00 0.0032126
20.00 10.00 0.0054697
25.00 10.00 0.006178
30.00 10.00 0.0019973
35.00 10.00 -0.0053134
40.00 10.00 -0.0092611
45.00 10.00 -0.005735
50.00 10.00 0.001365
55.00 10.00 0.0049276
60.00 10.00 0.004073
65.00 10.00 0.0035514
70.00 10.00 0.0043296
75.00 10.00 0.0027972
80.00 10.00 0.0001054
85.00 10.00 0.0019954
90.00 10.00 0.0070734
95.00 10.00 0.0069703
100.00 10.00 0.0011767
105.00 10.00 -0.000906
110.00 10.00 0.0043636
115.00 10.00 0.0101418
120.00 10.00 0.0119593
125.00 10.00 0.0122886
130.00 10.00 0.0118896
135.00 10.00 0.0091674
140.00 10.00 0.0067571
145.00 10.00 0.0074274
150.00 10.00 0.0071037
155.00 10.00 0.0018133
160.00 10.00 -0.0041251
165.00 10.00 -0.0049557
170.00 10.00 -0.0017813
175.00 10.00 0.0013764
180.00 10.00 0.002524
-180.00 15.00 0.0013962
-175.00 15.00 0.0033648
-170.00 15.00 0.0008826
-165.00 15.00 -0.0036922
-160.00 15.00 -0.0055216
-155.00 15.00 -0.0052521
-150.00 15.00 -0.0057823
-145.00 15.00 -0.00613
-140.00 15.00 -0.0047722
-135.00 15.00 -0.0034237
-130.00 15.00 -0.0032677
-125.00 15.00 -0.0029763
-120.00 15.00 -0.0020486
-115.00 15.00 -0.0009759
-110.00 15.00 0.000828
-105.00 15.00 0.0030405
-100.00 15.00 0.0038497
-95.00 15.00 0.0038976
-90.00 15.00 0.005075
-85.00 15.00 0.0051635
-80.00 15.00 0.0017797
-75.00 15.00 -0.0005072
-70.00 15.00 0.0025648
-65.00 15.00 0.0047312
-60.00 15.00 -0.0012927
-55.00 15.00 -0.0094101
-50.00 15.00 -0.0089835
-45.00 15.00 -0.0023884
-40.00 15.00 0.0002556
-35.00 15.00 -0.0016917
-30.00 15.00 -0.001035
-25.00 15.00 0.0031396
-20.00 15.00 0.0053796
-15.00 15.00 0.0046159
-10.00 15.00 0.0048373
-5.00 15.00 0.0068636
0.00 15.00 0.006931
5.00 15.00 0.0030538
10.00 15.00 -0.001588
15.00 15.00 -0.0021746
20.00 15.00 0.0018256
25.00 15.00 0.0047467
30.00 15.00 0.0007005
35.00 15.00 -0.0078846
40.00 15.00 -0.0114403
45.00 15.00 -0.0052778
50.00 15.00 0.0039276
55.00 15.00 0.0074711
60.00 15.00 0.0058176
65.00 15.00 0.0048111
70.00 15.00 0.0050835
75.00 15.00 0.0033047
80.00 15.00 0.0011362
85.00 15.00 0.0033465
90.00 15.00 0.0079156
95.00 15.00 0.0077458
100.00 15.00 0.0024176
105.00 15.00 -0.0008981
110.00 15.00 0.0014692
115.00 15.00 0.0059222
120.00 15.00 0.0085025
125.00 15.00 0.0085353
130.00 15.00 0.0070242
135.00 15.00 0.0067353
140.00 15.00 0.0101364
145.00 15.00 0.0136388
150.00 15.00 0.0103678
155.00 15.00 0.0012876
160.00 15.00 -0.0049679
165.00 15.00 -0.0049018
170.00 15.00 -0.0029339
175.00 15.00 -0.0013608
180.00 15.00 0.0013962
-180.00 20.00 -0.0024225
-175.00 20.00 -0.0003807
-170.00 20.00 -0.0022545
-165.00 20.00 -0.0069211
-160.00 20.00 -0.0086873
-155.00 20.00 -0.0070682
-150.00 20.00 -0.0063573
-145.00 20.00 -0.0073489
-140.00 20.00 -0.006882
-135.00 20.00 -0.0039237
-130.00 20.00 -0.0007543
-125.00 20.00 0.0005597
-120.00 20.00 -9.14e-05
-115.00 20.00 -0.0014556
-110.00 20.00 -0.0021406
-105.00 20.00 -0.0016594
-100.00 20.00 0.0002157
-95.00 20.00 0.0039328
-90.00 20.00 0.0075455
-85.00 20.00 0.006539
-80.00 20.00 0.0008189
-75.00 20.00 -0.0024701
-70.00 20.00 0.0006002
-65.00 20.00 0.0031724
-60.00 20.00 -0.0015811
-55.00 20.00 -0.0086368
-50.00 20.00 -0.0093843
-45.00 20.00 -0.0050956
-40.00 20.00 -0.0023471
-35.00 20.00 -0.0013075
-30.00 20.00 0.0015737
-25.00 20.00 0.0046386
-20.00 20.00 0.0039406
-15.00 20.00 0.0009306
-10.00 20.00 -0.0002686
-5.00 20.00 3.55e-05
0.00 20.00 -0.0014261
5.00 20.00 -0.0047586
10.00 20.00 -0.0065208
15.00 20.00 -0.0042731
20.00 20.00 0.0004952
25.00 20.00 0.0033731
30.00 20.00 0.0012876
35.00 20.00 -0.0032454
40.00 20.00 -0.0040035
45.00 20.00 0.0010783
50.00 20.00 0.006634
55.00 20.00 0.0069804
60.00 20.00 0.0034435
65.00 20.00 0.0012
70.00 20.00 0.0017857
75.00 20.00 0.0030106
80.00 20.00 0.0040156
85.00 20.00 0.0057128
90.00 20.00 0.0074651
95.00 20.00 0.0074194
100.00 20.00 0.0053921
105.00 20.00 0.0027383
110.00 20.00 0.0007559
115.00 20.00 0.0006667
120.00 20.00 0.0025296
125.00 20.00 0.0037847
130.00 20.00 0.0029523
135.00 20.00 0.0037477
140.00 20.00 0.0091684
145.00 20.00 0.0134378
150.00 20.00 0.0088282
155.00 20.00 -0.0012319
160.00 20.00 -0.006348
165.00 20.00 -0.0047038
170.00 20.00 -0.0030981
175.00 20.00 -0.0035977
180.00 20.00 -0.0024225
-180.00 25.00 -0.0049447
-175.00 25.00 -0.0059617
-170.00 25.00 -0.007703
-165.00 25.00 -0.0086416
-160.00 25.00 -0.0058592
-155.00 25.00 -0.0016878
-150.00 25.00 -0.001261
-145.00 25.00 -0.0040981
-140.00 25.00 -0.0047817
-135.00 25.00 -0.0016594
-130.00 25.00 0.0008879
-125.00 25.00 -0.0007429
-120.00 25.00 -0.0047236
-115.00 25.00 -0.007077
-110.00 25.00 -0.0065463
-105.00 25.00 -0.0042562
-100.00 25.00 -0.0005012
-95.00 25.00 0.0047158
-90.00 25.00 0.0082736
-85.00 25.00 0.0058518
-80.00 25.00 -0.000943
-75.00 25.00 -0.0045995
-70.00 25.00 -0.0020649
-65.00 25.00 0.0005147
-60.00 25.00 -0.0023936
-55.00 25.00 -0.0072397
-50.00 25.00 -0.0080036
-45.00 25.00 -0.005308
-40.00 25.00 -0.0030157
-35.00 25.00 -0.0012064
-30.00 25.00 0.0014018
-25.00 25.00 0.0027304
-20.00 25.00 0.0006694
-15.00 25.00 -0.0026664
-10.00 25.00 -0.0044326
-5.00 25.00 -0.0052273
0.00 25.00 -0.0063068
5.00 25.00 -0.0062837
10.00 25.00 -0.0038327
15.00 25.00 -0.0006707
20.00 25.00 0.0009215
25.00 25.00 0.0013363
30.00 25.00 0.0024337
35.00 25.00 0.0047855
40.00 25.00 0.0073859
45.00 25.00 0.0087678
50.00 25.00 0.0076962
55.00 25.00 0.0040226
60.00 25.00 -0.0003943
65.00 25.00 -0.0023806
70.00 25.00 6.91e-05
75.00 25.00 0.0056221
80.00 25.00 0.0100931
85.00 25.00 0.0101472
90.00 25.00 0.0070826
95.00 25.00 0.0053825
100.00 25.00 0.0064768
105.00 25.00 0.0066062
110.00 25.00 0.0031803
115.00 25.00 -0.000331
120.00 25.00 1.7e-06
125.00 25.00 0.0019279
130.00 25.00 0.001826
135.00 25.00 0.0021828
140.00 25.00 0.0065022
145.00 25.00 0.0102633
150.00 25.00 0.0064411
155.00 25.00 -0.0022218
160.00 25.00 -0.0064021
165.00 25.00 -0.0041686
170.00 25.00 -0.0020046
175.00 25.00 -0.0032002
180.00 25.00 -0.0049447
-180.00 30.00 -0.004785
-175.00 30.00 -0.0070447
-170.00 30.00 -0.0079127
-165.00 30.00 -0.0056889
-160.00 30.00 -0.0007025
-155.00 30.00 0.00264
-150.00 30.00 0.0007208
-145.00 30.00 -0.0033425
-140.00 30.00 -0.0033451
-135.00 30.00 0.0009944
-130.00 30.00 0.0035125
-125.00 30.00 0.0004561
-120.00 30.00 -0.0045904
-115.00 30.00 -0.0060952
-110.00 30.00 -0.0032611
-105.00 30.00 0.0010478
-100.00 30.00 0.0051565
-95.00 30.00 0.0087272
-90.00 30.00 0.009672
-85.00 30.00 0.0056368
-80.00 30.00 -0.0010804
-75.00 30.00 -0.0046918
-70.00 30.00 -0.0035106
-65.00 30.00 -0.0021201
-60.00 30.00 -0.0040289
-55.00 30.00 -0.0066324
-50.00 30.00 -0.0062005
-45.00 30.00 -0.0036119
-40.00 30.00 -0.0017905
-35.00 30.00 -0.0010325
-30.00 30.00 -0.0002303
-25.00 30.00 0.0001945
-20.00 30.00 -0.0004819
-15.00 30.00 -0.0015185
-10.00 30.00 -0.00221
-5.00 30.00 -0.00271
0.00 30.00 -0.0021332
5.00 30.00 0.000982
10.00 30.00 0.0049674
15.00 30.00 0.0054162
20.00 30.00 0.0014175
25.00 30.00 -0.0018071
30.00 30.00 0.000748
35.00 30.00 0.0071816
40.00 30.00 0.0112272
45.00 30.00 0.0099613
50.00 30.00 0.0059406
55.00 30.00 0.0024233
60.00 30.00 4.68e-05
65.00 30.00 -0.0009122
70.00 30.00 0.0014283
75.00 30.00 0.0072223
80.00 30.00 0.011736
85.00 30.00 0.0098995
90.00 30.00 0.003843
95.00 30.00 0.0012769
100.00 30.00 0.0051178
105.00 30.00 0.0095143
110.00 30.00 0.0087735
115.00 30.00 0.0052237
120.00 30.00 0.0039227
125.00 30.00 0.0042916
130.00 30.00 0.0030649
135.00 30.00 0.0018377
140.00 30.00 0.0043032
145.00 30.00 0.0081106
150.00 30.00 0.0071558
155.00 30.00 0.0013122
160.00 30.00 -0.0032091
165.00 30.00 -0.0032093
170.00 30.00 -0.0018598
175.00 30.00 -0.0025103
180.00 30.00 -0.004785
-180.00 35.00 -0.0029684
-175.00 35.00 -0.0040169
-170.00 35.00 -0.0045187
-165.00 35.00 -0.0031829
-160.00 35.00 -0.0011455
-155.00 35.00 -0.0017269
-150.00 35.00 -0.0058947
-145.00 35.00 -0.0094204
-140.00 35.00 -0.0074523
-135.00 35.00 -0.0011698
-130.00 35.00 0.0033082
-125.00 35.00 0.0027143
-120.00 35.00 0.000241
-115.00 35.00 0.0005837
-110.00 35.00 0.0042819
-105.00 35.00 0.0086587
-100.00 35.00 0.0119194
-95.00 35.00 0.0136506
-90.00 35.00 0.0127602
-85.00 35.00 0.0082722
-80.00 35.00 0.0020856
-75.00 35.00 -0.0020931
-70.00 35.00 -0.0032233
-65.00 35.00 -0.0037633
-60.00 35.00 -0.0053074
-55.00 35.00 -0.0061658
-50.00 35.00 -0.0046405
-45.00 35.00 -0.0021618
-40.00 35.00 -0.0012196
-35.00 35.00 -0.0019329
-30.00 35.00 -0.0024768
-25.00 35.00 -0.0017216
-20.00 35.00 -0.0001
-15.00 35.00 0.0012623
-10.00 35.00 0.0016012
-5.00 35.00 0.0016651
0.00 35.00 0.0036863
5.00 35.00 0.0083789
10.00 35.00 0.0121275
15.00 35.00 0.0100401
20.00 35.00 0.0026991
25.00 35.00 -0.0030524
30.00 35.00 -0.0019921
35.00 35.00 0.0031568
40.00 35.00 0.0058134
45.00 35.00 0.0041168
50.00 35.00 0.0019823
55.00 35.00 0.0022792
60.00 35.00 0.0031211
65.00 35.00 0.0022643
70.00 35.00 0.0014114
75.00 35.00 0.0029067
80.00 35.00 0.00459
85.00 35.00 0.0024151
90.00 35.00 -0.002372
95.00 35.00 -0.0034547
100.00 35.00 0.0019322
105.00 35.00 0.0088621
110.00 35.00 0.0115026
115.00 35.00 0.0102106
120.00 35.00 0.0086044
125.00 35.00 0.0070845
130.00 35.00 0.0039611
135.00 35.00 0.0008293
140.00 35.00 0.0013673
145.00 35.00 0.0050769
150.00 35.00 0.0069865
155.00 35.00 0.0043057
160.00 35.00 -0.0003258
165.00 35.00 -0.0030619
170.00 35.00 -0.0032536
175.00 35.00 -0.0027173
180.00 35.00 -0.0029684
-180.00 40.00 -0.0011556
-175.00 40.00 -0.0016079
-170.00 40.00 -0.0032765
-165.00 40.00 -0.0047692
-160.00 40.00 -0.0060112
-155.00 40.00 -0.0082892
-150.00 40.00 -0.0116643
-145.00 40.00 -0.0136063
-140.00 40.00 -0.0116524
-135.00 40.00 -0.0068018
-130.00 40.00 -0.0025982
-125.00 40.00 -0.0009045
-120.00 40.00 -0.0001799
-115.00 40.00 0.0017916
-110.00 40.00 0.0051096
-105.00 40.00 0.0084694
-100.00 40.00 0.0111559
-95.00 40.00 0.0129044
-90.00 40.00 0.0127135
-85.00 40.00 0.0096063
-80.00 40.00 0.0044916
-75.00 40.00 -0.000223
-70.00 40.00 -0.0030928
-65.00 40.00 -0.0045142
-60.00 40.00 -0.0050425
-55.00 40.00 -0.0043674
-50.00 40.00 -0.002627
-45.00 40.00 -0.0013758
-40.00 40.00 -0.0020135
-35.00 40.00 -0.0038232
-30.00 40.00 -0.0045742
-25.00 40.00 -0.0029631
-20.00 40.00 5.97e-05
-15.00 40.00 0.002361
-10.00 40.00 0.0029334
-5.00 40.00 0.0032347
0.00 40.00 0.0057444
5.00 40.00 0.0105072
10.00 40.00 0.0137732
15.00 40.00 0.0116469
20.00 40.00 0.0050963
25.00 40.00 -0.0005096
30.00 40.00 -0.0015627
35.00 40.00 -0.0001048
40.00 40.00 -0.0001635
45.00 40.00 -0.0018964
50.00 40.00 -0.0019571
55.00 40.00 0.0008443
60.00 40.00 0.0033324
65.00 40.00 0.0024899
70.00 40.00 -0.0003256
75.00 40.00 -0.0018186
80.00 40.00 -0.0017389
85.00 40.00 -0.0025491
90.00 40.00 -0.0046414
95.00 40.00 -0.0050802
100.00 40.00 -0.0019668
105.00 40.00 0.0026115
110.00 40.00 0.0055817
115.00 40.00 0.0066943
120.00 40.00 0.0072842
125.00 40.00 0.0070033
130.00 40.00 0.0046115
135.00 40.00 0.0012879
140.00 40.00 0.0001655
145.00 40.00 0.002092
150.00 40.00 0.0041103
155.00 40.00 0.0031109
160.00 40.00 -0.0004812
165.00 40.00 -0.0035813
170.00 40.00 -0.004026
175.00 40.00 -0.0024579
180.00 40.00 -0.0011556
-180.00 45.00 0.0002797
-175.00 45.00 -0.0013185
-170.00 45.00 -0.0042585
-165.00 45.00 -0.0065974
-160.00 45.00 -0.0072931
-155.00 45.00 -0.0070767
-150.00 45.00 -0.0072155
-145.00 45.00 -0.0079622
-140.00 45.00 -0.0086064
-135.00 45.00 -0.0085887
-130.00 45.00 -0.0078899
-125.00 45.00 -0.006503
-120.00 45.00 -0.0043087
-115.00 45.00 -0.0016297
-110.00 45.00 0.0007628
-105.00 45.00 0.0025424
-100.00 45.00 0.0041961
-95.00 45.00 0.0060208
-90.00 45.00 0.0071732
-85.00 45.00 0.0064005
-80.00 45.00 0.0036372
-75.00 45.00 0.0003169
-70.00 45.00 -0.0019327
-65.00 45.00 -0.0024686
-60.00 45.00 -0.0016072
-55.00 45.00 -0.0001532
-50.00 45.00 0.0007733
-45.00 45.00 0.00013
-40.00 45.00 -0.0020884
-35.00 45.00 -0.0043704
-30.00 45.00 -0.0047372
-25.00 45.00 -0.0025594
-20.00 45.00 0.000769
-15.00 45.00 0.0031439
-10.00 45.00 0.0038413
-5.00 45.00 0.0042341
0.00 45.00 0.0061486
5.00 45.00 0.0094113
10.00 45.00 0.0115143
15.00 45.00 0.0102654
20.00 45.00 0.0064666
25.00 45.00 0.0030909
30.00 45.00 0.001761
35.00 45.00 0.0011181
40.00 45.00 -0.0007253
45.00 45.00 -0.0031501
50.00 45.00 -0.0037847
55.00 45.00 -0.0019637
60.00 45.00 0.0001498
65.00 45.00 0.0004154
70.00 45.00 -0.0005915
75.00 45.00 -0.0008159
80.00 45.00 0.0001483
85.00 45.00 0.0005994
90.00 45.00 -0.0007318
95.00 45.00 -0.0030565
100.00 45.00 -0.004781
105.00 45.00 -0.0051863
110.00 45.00 -0.0042006
115.00 45.00 -0.0016057
120.00 45.00 0.0023212
125.00 45.00 0.0059251
130.00 45.00 0.007299
135.00 45.00 0.0064147
140.00 45.00 0.005132
145.00 45.00 0.0048021
150.00 45.00 0.0047022
155.00 45.00 0.003355
160.00 45.00 0.0007895
165.00 45.00 -0.0012667
170.00 45.00 -0.0013975
175.00 45.00 -0.0001982
180.00 45.00 0.0002797
-180.00 50.00 0.0021113
-175.00 50.00 -0.0008653
-170.00 50.00 -0.0039103
-165.00 50.00 -0.0051449
-160.00 50.00 -0.0037906
-155.00 50.00 -0.0010539
-150.00 50.00 0.0007583
-145.00 50.00 6.43e-05
-140.00 50.00 -0.0028395
-135.00 50.00 -0.0061043
-130.00 50.00 -0.0076741
-125.00 50.00 -0.0066416
-120.00 50.00 -0.003795
-115.00 50.00 -0.0009977
-110.00 50.00 0.0002475
-105.00 50.00 -6.37e-05
-100.00 50.00 -0.000651
-95.00 50.00 -0.0003292
-90.00 50.00 0.0008789
-85.00 50.00 0.0020053
-80.00 50.00 0.0023145
-75.00 50.00 0.0020171
-70.00 50.00 0.0018939
-65.00 50.00 0.0024474
-60.00 50.00 0.0034485
-55.00 50.00 0.0041002
-50.00 50.00 0.0035691
-45.00 50.00 0.0016072
-40.00 50.00 -0.0010599
-35.00 50.00 -0.0029948
-30.00 50.00 -0.0030047
-25.00 50.00 -0.0010976
-20.00 50.00 0.0014859
-15.00 50.00 0.0033257
-10.00 50.00 0.0040291
-5.00 50.00 0.0044007
0.00 50.00 0.0053683
5.00 50.00 0.0068039
10.00 50.00 0.0076112
15.00 50.00 0.0070513
20.00 50.00 0.0057034
25.00 50.00 0.0047619
30.00 50.00 0.0044697
35.00 50.00 0.0037434
40.00 50.00 0.0015999
45.00 50.00 -0.0014078
50.00 50.00 -0.0036338
55.00 50.00 -0.0040847
60.00 50.00 -0.0032221
65.00 50.00 -0.0019778
70.00 50.00 -0.0005675
75.00 50.00 0.0012587
80.00 50.00 0.0031114
85.00 50.00 0.0037755
90.00 50.00 0.002308
95.00 50.00 -0.000973
100.00 50.00 -0.0046703
105.00 50.00 -0.0071624
110.00 50.00 -0.0072313
115.00 50.00 -0.0044289
120.00 50.00 0.0005558
125.00 50.00 0.0059545
130.00 50.00 0.0098938
135.00 50.00 0.0116289
140.00 50.00 0.0117459
145.00 50.00 0.0111526
150.00 50.00 0.0101428
155.00 50.00 0.0085842
160.00 50.00 0.0067027
165.00 50.00 0.0051991
170.00 50.00 0.0044373
175.00 50.00 0.0037827
180.00 50.00 0.0021113
-180.00 55.00 0.003995
-175.00 55.00 0.0007985
-170.00 55.00 -0.0015921
-165.00 55.00 -0.002129
-160.00 55.00 -0.000766
-155.00 55.00 0.0012147
-150.00 55.00 0.0019628
-145.00 55.00 0.0004137
-140.00 55.00 -0.0028337
-135.00 55.00 -0.0058509
-130.00 55.00 -0.0067219
-125.00 55.00 -0.0049148
-120.00 55.00 -0.0016725
-115.00 55.00 0.0008758
-110.00 55.00 0.001229
-105.00 55.00 -0.0004897
-100.00 55.00 -0.0027827
-95.00 55.00 -0.003981
-90.00 55.00 -0.0033686
-85.00 55.00 -0.001402
-80.00 55.00 0.000916
-75.00 55.00 0.0027966
-70.00 55.00 0.0039604
-65.00 55.00 0.0044491
-60.00 55.00 0.0043207
-55.00 55.00 0.0035449
-50.00 55.00 0.0021371
-45.00 55.00 0.0003591
-40.00 55.00 -0.0012419
-35.00 55.00 -0.0020718
-30.00 55.00 -0.0018788
-25.00 55.00 -0.0009695
-20.00 55.00 -7e-07
-15.00 55.00 0.0005385
-10.00 55.00 0.0007072
-5.00 55.00 0.0009829
0.00 55.00 0.0017313
5.00 55.00 0.0028167
10.00 55.00 0.0037725
15.00 55.00 0.0043302
20.00 55.00 0.0046642
25.00 55.00 0.0050209
30.00 55.00 0.0051784
35.00 55.00 0.0044699
40.00 55.00 0.0024658
45.00 55.00 -0.000421
50.00 55.00 -0.0031132
55.00 55.00 -0.0046521
60.00 55.00 -0.0047681
65.00 55.00 -0.0037809
70.00 55.00 -0.0021705
75.00 55.00 -0.0003761
80.00 55.00 0.0011349
85.00 55.00 0.0018881
90.00 55.00 0.0016522
95.00 55.00 0.000649
100.00 55.00 -0.0005312
105.00 55.00 -0.0012197
110.00 55.00 -0.0009306
115.00 55.00 0.0004797
120.00 55.00 0.0027438
125.00 55.00 0.0052818
130.00 55.00 0.0075179
135.00 55.00 0.009205
140.00 55.00 0.0104434
145.00 55.00 0.0113831
150.00 55.00 0.011973
155.00 55.00 0.0120378
160.00 55.00 0.0115209
165.00 55.00 0.0105165
170.00 55.00 0.0090391
175.00 55.00 0.0068987
180.00 55.00 0.003995
-180.00 60.00 0.0045032
-175.00 60.00 0.0023857
-170.00 60.00 0.0009936
-165.00 60.00 0.0005619
-160.00 60.00 0.0007533
-155.00 60.00 0.0007443
-150.00 60.00 -0.000278
-145.00 60.00 -0.0024991
-140.00 60.00 -0.0052113
-135.00 60.00 -0.0071761
-130.00 60.00 -0.007429
-125.00 60.00 -0.0059733
-120.00 60.00 -0.0038476
-115.00 60.00 -0.0024808
-110.00 60.00 -0.0027688
-105.00 60.00 -0.0045127
-100.00 60.00 -0.0065932
-95.00 60.00 -0.0077172
-90.00 60.00 -0.0071935
-85.00 60.00 -0.0052422
-80.00 60.00 -0.0027324
-75.00 60.00 -0.0006303
-70.00 60.00 0.0004611
-65.00 60.00 0.0004599
-60.00 60.00 -0.0003104
-55.00 60.00 -0.0013552
-50.00 60.00 -0.0022215
-45.00 60.00 -0.0026324
-40.00 60.00 -0.0025438
-35.00 60.00 -0.0021381
-30.00 60.00 -0.0017447
-25.00 60.00 -0.0016821
-20.00 60.00 -0.002064
-15.00 60.00 -0.0026799
-10.00 60.00 -0.0030646
-5.00 60.00 -0.0027553
0.00 60.00 -0.0015807
5.00 60.00 0.0002292
10.00 60.00 0.0021949
15.00 60.00 0.0038597
20.00 60.00 0.0049517
25.00 60.00 0.0053389
30.00 60.00 0.0049157
35.00 60.00 0.0036179
40.00 60.00 0.0015824
45.00 60.00 -0.0007466
50.00 60.00 -0.0027471
55.00 60.00 -0.0039271
60.00 60.00 -0.00416
65.00 60.00 -0.003667
70.00 60.00 -0.0027942
75.00 60.00 -0.0017853
80.00 60.00 -0.0006918
85.00 60.00 0.000569
90.00 60.00 0.0020764
95.00 60.00 0.0037666
100.00 60.00 0.0053666
105.00 60.00 0.0064594
110.00 60.00 0.0066733
115.00 60.00 0.0058943
120.00 60.00 0.0043731
125.00 60.00 0.0026673
130.00 60.00 0.0014495
135.00 60.00 0.0012585
140.00 60.00 0.002283
145.00 60.00 0.0042683
150.00 60.00 0.0066112
155.00 60.00 0.0086106
160.00 60.00 0.0097321
165.00 60.00 0.0097404
170.00 60.00 0.0086774
175.00 60.00 0.0067904
180.00 60.00 0.0045032
-180.00 65.00 0.0035478
-175.00 65.00 0.0029735
-170.00 65.00 0.0028541
-165.00 65.00 0.00308
-160.00 65.00 0.0032984
-155.00 65.00 0.0030733
-150.00 65.00 0.0021234
-145.00 65.00 0.000508
-140.00 65.00 -0.0013675
-135.00 65.00 -0.0029623
-130.00 65.00 -0.0039152
-125.00 65.00 -0.0042643
-120.00 65.00 -0.0044154
-115.00 65.00 -0.0048669
-110.00 65.00 -0.0058656
-105.00 65.00 -0.0072214
-100.00 65.00 -0.0084036
-95.00 65.00 -0.0088549
-90.00 65.00 -0.0083203
-85.00 65.00 -0.0069898
-80.00 65.00 -0.0053874
-75.00 65.00 -0.0040908
-70.00 65.00 -0.003453
-65.00 65.00 -0.0034664
-60.00 65.00 -0.003815
-55.00 65.00 -0.0040622
-50.00 65.00 -0.0038705
-45.00 65.00 -0.0031544
-40.00 65.00 -0.002109
-35.00 65.00 -0.0011106
-30.00 65.00 -0.000534
-25.00 65.00 -0.0005661
-20.00 65.00 -0.0010969
-15.00 65.00 -0.0017471
-10.00 65.00 -0.0020286
-5.00 65.00 -0.0015667
0.00 65.00 -0.0002766
5.00 65.00 0.0015938
10.00 65.00 0.0035685
15.00 65.00 0.0051302
20.00 65.00 0.0058918
25.00 65.00 0.0056894
30.00 65.00 0.0045938
35.00 65.00 0.0028709
40.00 65.00 0.0009135
45.00 65.00 -0.0008567
50.00 65.00 -0.0021085
55.00 65.00 -0.0027014
60.00 65.00 -0.0027084
65.00 65.00 -0.0023336
70.00 65.00 -0.0017668
75.00 65.00 -0.0010615
80.00 65.00 -0.0001169
85.00 65.00 0.0012202
90.00 65.00 0.0029874
95.00 65.00 0.0049739
100.00 65.00 0.0067127
105.00 65.00 0.0076275
110.00 65.00 0.0072786
115.00 65.00 0.0055908
120.00 65.00 0.0029462
125.00 65.00 8.37e-05
130.00 65.00 -0.0021568
135.00 65.00 -0.0031385
140.00 65.00 -0.0026513
145.00 65.00 -0.0009632
150.00 65.00 0.0013117
155.00 65.00 0.0034628
160.00 65.00 0.0049348
165.00 65.00 0.0054841
170.00 65.00 0.0051992
175.00 65.00 0.0044114
180.00 65.00 0.0035479
-180.00 70.00 0.0021056
-175.00 70.00 0.0024175
-170.00 70.00 0.0031355
-165.00 70.00 0.0041348
-160.00 70.00 0.005176
-155.00 70.00 0.0059921
-150.00 70.00 0.0063837
-145.00 70.00 0.0062784
-140.00 70.00 0.0057321
-135.00 70.00 0.0048745
-130.00 70.00 0.0038321
-125.00 70.00 0.0026775
-120.00 70.00 0.0014306
-115.00 70.00 0.0001077
-110.00 70.00 -0.0012218
-105.00 70.00 -0.0024169
-100.00 70.00 -0.0033043
-95.00 70.00 -0.0037576
-90.00 70.00 -0.0037672
-85.00 70.00 -0.0034583
-80.00 70.00 -0.0030398
-75.00 70.00 -0.002711
-70.00 70.00 -0.002572
-65.00 70.00 -0.0025841
-60.00 70.00 -0.0025976
-55.00 70.00 -0.0024329
-50.00 70.00 -0.0019739
-45.00 70.00 -0.0012297
-40.00 70.00 -0.0003365
-35.00 70.00 0.0005024
-30.00 70.00 0.0011104
-25.00 70.00 0.0014218
-20.00 70.00 0.0015169
-15.00 70.00 0.0015903
-10.00 70.00 0.0018649
-5.00 70.00 0.0024895
0.00 70.00 0.0034646
5.00 70.00 0.0046271
10.00 70.00 0.0057009
15.00 70.00 0.0063886
20.00 70.00 0.0064701
25.00 70.00 0.0058716
30.00 70.00 0.0046842
35.00 70.00 0.003131
40.00 70.00 0.0014961
45.00 70.00 4.02e-05
50.00 70.00 -0.001067
55.00 70.00 -0.001777
60.00 70.00 -0.0021444
65.00 70.00 -0.0022707
70.00 70.00 -0.0022389
75.00 70.00 -0.0020702
80.00 70.00 -0.0017272
85.00 70.00 -0.0011623
90.00 70.00 -0.0003849
95.00 70.00 0.0004913
100.00 70.00 0.0012548
105.00 70.00 0.001664
110.00 70.00 0.0015501
115.00 70.00 0.0009069
120.00 70.00 -7.95e-05
125.00 70.00 -0.0010826
130.00 70.00 -0.0017516
135.00 70.00 -0.0018425
140.00 70.00 -0.0013091
145.00 70.00 -0.0003142
150.00 70.00 0.0008392
155.00 70.00 0.0018271
160.00 70.00 0.0024239
165.00 70.00 0.0025762
170.00 70.00 0.0024085
175.00 70.00 0.0021638
180.00 70.00 0.0021056
-180.00 75.00 0.0003807
-175.00 75.00 0.000604
-170.00 75.00 0.0011625
-165.00 75.00 0.0020062
-160.00 75.00 0.003027
-155.00 75.00 0.004086
-150.00 75.00 0.0050441
-145.00 75.00 0.0057869
-140.00 75.00 0.0062399
-135.00 75.00 0.0063722
-130.00 75.00 0.0061924
-125.00 75.00 0.0057396
-120.00 75.00 0.0050746
-115.00 75.00 0.0042722
-110.00 75.00 0.0034128
-105.00 75.00 0.0025714
-100.00 75.00 0.0018074
-95.00 75.00 0.0011542
-90.00 75.00 0.0006154
-85.00 75.00 0.000169
-80.00 75.00 -0.0002179
-75.00 75.00 -0.0005708
-70.00 75.00 -0.000893
-65.00 75.00 -0.0011602
-60.00 75.00 -0.0013284
-55.00 75.00 -0.0013514
-50.00 75.00 -0.0012012
-45.00 75.00 -0.00088
-40.00 75.00 -0.0004194
-35.00 75.00 0.0001326
-30.00 75.00 0.000732
-25.00 75.00 0.0013553
-20.00 75.00 0.0020056
-15.00 75.00 0.0027027
-10.00 75.00 0.0034641
-5.00 75.00 0.0042826
0.00 75.00 0.0051128
5.00 75.00 0.0058716
10.00 75.00 0.0064535
15.00 75.00 0.0067573
20.00 75.00 0.0067131
25.00 75.00 0.0063013
30.00 75.00 0.0055579
35.00 75.00 0.0045637
40.00 75.00 0.0034233
45.00 75.00 0.0022392
50.00 75.00 0.0010921
55.00 75.00 3.13e-05
60.00 75.00 -0.000921
65.00 75.00 -0.0017585
70.00 75.00 -0.0024749
75.00 75.00 -0.003055
80.00 75.00 -0.0034747
85.00 75.00 -0.0037103
90.00 75.00 -0.0037515
95.00 75.00 -0.0036101
100.00 75.00 -0.0033202
105.00 75.00 -0.0029284
110.00 75.00 -0.0024774
115.00 75.00 -0.0019929
120.00 75.00 -0.0014796
125.00 75.00 -0.0009293
130.00 75.00 -0.0003387
135.00 75.00 0.0002736
140.00 75.00 0.0008575
145.00 75.00 0.0013377
150.00 75.00 0.001636
155.00 75.00 0.0017
160.00 75.00 0.0015287
165.00 75.00 0.0011841
170.00 75.00 0.0007832
175.00 75.00 0.0004704
180.00 75.00 0.0003807
-180.00 80.00 -0.0010902
-175.00 80.00 -0.0012757
-170.00 80.00 -0.001309
-165.00 80.00 -0.0011929
-160.00 80.00 -0.0009493
-155.00 80.00 -0.0006149
-150.00 80.00 -0.0002352
-145.00 80.00 0.0001424
-140.00 80.00 0.0004748
-135.00 80.00 0.0007282
-130.00 80.00 0.00088
-125.00 80.00 0.0009203
-120.00 80.00 0.0008507
-115.00 80.00 0.0006821
-110.00 80.00 0.0004315
-105.00 80.00 0.0001188
-100.00 80.00 -0.0002356
-95.00 80.00 -0.0006124
-90.00 80.00 -0.0009948
-85.00 80.00 -0.0013676
-80.00 80.00 -0.0017159
-75.00 80.00 -0.0020235
-70.00 80.00 -0.0022726
-65.00 80.00 -0.0024445
-60.00 80.00 -0.002521
-55.00 80.00 -0.0024857
-50.00 80.00 -0.0023267
-45.00 80.00 -0.0020384
-40.00 80.00 -0.0016218
-35.00 80.00 -0.0010844
-30.00 80.00 -0.0004381
-25.00 80.00 0.0003009
-20.00 80.00 0.0011121
-15.00 80.00 0.0019716
-10.00 80.00 0.002851
-5.00 80.00 0.0037176
0.00 80.00 0.0045344
5.00 80.00 0.0052622
10.00 80.00 0.005863
15.00 80.00 0.0063044
20.00 80.00 0.0065632
25.00 80.00 0.0066277
30.00 80.00 0.0064997
35.00 80.00 0.0061928
40.00 80.00 0.0057307
45.00 80.00 0.0051431
50.00 80.00 0.0044634
55.00 80.00 0.0037258
60.00 80.00 0.0029644
65.00 80.00 0.0022121
70.00 80.00 0.0015009
75.00 80.00 0.0008609
80.00 80.00 0.0003192
85.00 80.00 -0.0001023
90.00 80.00 -0.0003881
95.00 80.00 -0.0005316
100.00 80.00 -0.0005358
105.00 80.00 -0.0004138
110.00 80.00 -0.0001878
115.00 80.00 0.0001127
120.00 80.00 0.0004525
125.00 80.00 0.0007925
130.00 80.00 0.0010924
135.00 80.00 0.0013143
140.00 80.00 0.0014264
145.00 80.00 0.0014068
150.00 80.00 0.0012475
155.00 80.00 0.0009574
160.00 80.00 0.0005638
165.00 80.00 0.0001089
170.00 80.00 -0.0003544
175.00 80.00 -0.0007708
180.00 80.00 -0.0010902
-180.00 85.00 -0.0007176
-175.00 85.00 -0.0010098
-170.00 85.00 -0.0012737
-165.00 85.00 -0.0015064
-160.00 85.00 -0.0017051
-155.00 85.00 -0.0018693
-150.00 85.00 -0.002002
-145.00 85.00 -0.0021094
-140.00 85.00 -0.0021984
-135.00 85.00 -0.0022738
-130.00 85.00 -0.0023383
-125.00 85.00 -0.0023934
-120.00 85.00 -0.002442
-115.00 85.00 -0.0024871
-110.00 85.00 -0.0025301
-105.00 85.00 -0.0025692
-100.00 85.00 -0.0025994
-95.00 85.00 -0.0026154
-90.00 85.00 -0.0026131
-85.00 85.00 -0.0025897
-80.00 85.00 -0.0025417
-75.00 85.00 -0.0024633
-70.00 85.00 -0.0023475
-65.00 85.00 -0.0021886
-60.00 85.00 -0.0019833
-55.00 85.00 -0.0017312
-50.00 85.00 -0.0014323
-45.00 85.00 -0.0010862
-40.00 85.00 -0.0006929
-35.00 85.00 -0.0002547
-30.00 85.00 0.0002221
-25.00 85.00 0.0007287
-20.00 85.00 0.0012552
-15.00 85.00 0.0017921
-10.00 85.00 0.0023302
-5.00 85.00 0.0028591
0.00 85.00 0.0033666
5.00 85.00 0.00384
10.00 85.00 0.0042679
15.00 85.00 0.004642
20.00 85.00 0.0049568
25.00 85.00 0.0052086
30.00 85.00 0.0053946
35.00 85.00 0.0055134
40.00 85.00 0.0055659
45.00 85.00 0.0055567
50.00 85.00 0.0054932
55.00 85.00 0.0053838
60.00 85.00 0.0052368
65.00 85.00 0.0050595
70.00 85.00 0.0048592
75.00 85.00 0.0046441
80.00 85.00 0.004423
85.00 85.00 0.0042031
90.00 85.00 0.003989
95.00 85.00 0.0037823
100.00 85.00 0.0035824
105.00 85.00 0.003388
110.00 85.00 0.003198
115.00 85.00 0.0030096
120.00 85.00 0.0028182
125.00 85.00 0.0026168
130.00 85.00 0.0023986
135.00 85.00 0.0021587
140.00 85.00 0.0018956
145.00 85.00 0.0016101
150.00 85.00 0.0013035
155.00 85.00 0.0009776
160.00 85.00 0.0006361
165.00 85.00 0.0002859
170.00 85.00 -6.3e-05
175.00 85.00 -0.0004003
180.00 85.00 -0.0007176
-180.00 90.00 0.0014279
-175.00 90.00 0.0014279
-170.00 90.00 0.0014279
-165.00 90.00 0.0014279
-160.00 90.00 0.0014279
-155.00 90.00 0.0014279
-150.00 90.00 0.0014279
-145.00 90.00 0.0014279
-140.00 90.00 0.0014279
-135.00 90.00 0.0014279
-130.00 90.00 0.0014279
-125.00 90.00 0.0014279
-120.00 90.00 0.0014279
-115.00 90.00 0.0014279
-110.00 90.00 0.0014279
-105.00 90.00 0.0014279
-100.00 90.00 0.0014279
-95.00 90.00 0.0014279
-90.00 90.00 0.0014279
-85.00 90.00 0.0014279
-80.00 90.00 0.0014279
-75.00 90.00 0.0014279
-70.00 90.00 0.0014279
-65.00 90.00 0.0014279
-60.00 90.00 0.0014279
-55.00 90.00 0.0014279
-50.00 90.00 0.0014279
-45.00 90.00 0.0014279
-40.00 90.00 0.0014279
-35.00 90.00 0.0014279
-30.00 90.00 0.0014279
-25.00 90.00 0.0014279
-20.00 90.00 0.0014279
-15.00 90.00 0.0014279
-10.00 90.00 0.0014279
-5.00 90.00 0.0014279
0.00 90.00 0.0014279
5.00 90.00 0.0014279
10.00 90.00 0.0014279
15.00 90.00 0.0014279
20.00 90.00 0.0014279
25.00 90.00 0.0014279
30.00 90.00 0.0014279
35.00 90.00 0.0014279
40.00 90.00 0.0014279
45.00 90.00 0.0014279
50.00 90.00 0.0014279
55.00 90.00 0.0014279
60.00 90.00 0.0014279
65.00 90.00 0.0014279
70.00 90.00 0.0014279
75.00 90.00 0.0014279
80.00 90.00 0.0014279
85.00 90.00 0.0014279
90.00 90.00 0.0014279
95.00 90.00 0.0014279
100.00 90.00 0.0014279
105.00 90.00 0.0014279
110.00 90.00 0.0014279
115.00 90.00 0.0014279
120.00 90.00 0.0014279
125.00 90.00 0.0014279
130.00 90.00 0.0014279
135.00 90.00 0.0014279
140.00 90.00 0.0014279
145.00 90.00 0.0014279
150.00 90.00 0.0014279
155.00 90.00 0.0014279
160.00 90.00 0.0014279
165.00 90.00 0.0014279
170.00 90.00 0.0014279
175.00 90.00 0.0014279
180.00 90.00 0.0014279
