-180.00 -90.00 0.00134904
-175.00 -90.00 0.00134907
-170.00 -90.00 0.0013491
-165.00 -90.00 0.0013491
-160.00 -90.00 0.00134907
-155.00 -90.00 0.00134904
-150.00 -90.00 0.00134898
-145.00 -90.00 0.00134895
-140.00 -90.00 0.00134886
-135.00 -90.00 0.0013488
-130.00 -90.00 0.00134871
-125.00 -90.00 0.00134862
-120.00 -90.00 0.00134853
-115.00 -90.00 0.00134847
-110.00 -90.00 0.00134838
-105.00 -90.00 0.00134832
-100.00 -90.00 0.00134826
-95.00 -90.00 0.0013482
-90.00 -90.00 0.00134817
-85.00 -90.00 0.00134814
-80.00 -90.00 0.00134811
-75.00 -90.00 0.00134811
-70.00 -90.00 0.00134814
-65.00 -90.00 0.00134817
-60.00 -90.00 0.0013482
-55.00 -90.00 0.00134826
-50.00 -90.00 0.00134835
-45.00 -90.00 0.00134841
-40.00 -90.00 0.0013485
-35.00 -90.00 0.00134859
-30.00 -90.00 0.00134865
-25.00 -90.00 0.00134874
-20.00 -90.00 0.00134883
-15.00 -90.00 0.00134889
-10.00 -90.00 0.00134895
-5.00 -90.00 0.00134901
0.00 -90.00 0.00134904
5.00 -90.00 0.00134907
10.00 -90.00 0.0013491
15.00 -90.00 0.0013491
20.00 -90.00 0.00134907
25.00 -90.00 0.00134904
30.00 -90.00 0.00134898
35.00 -90.00 0.00134895
40.00 -90.00 0.00134886
45.00 -90.00 0.0013488
50.00 -90.00 0.00134871
55.00 -90.00 0.00134862
60.00 -90.00 0.00134856
65.00 -90.00 0.00134847
70.00 -90.00 0.00134838
75.00 -90.00 0.00134832
80.00 -90.00 0.00134826
85.00 -90.00 0.0013482
90.00 -90.00 0.00134817
95.00 -90.00 0.00134814
100.00 -90.00 0.00134811
105.00 -90.00 0.00134811
110.00 -90.00 0.00134814
115.00 -90.00 0.00134817
120.00 -90.00 0.00134823
125.00 -90.00 0.00134826
130.00 -90.00 0.00134835
135.00 -90.00 0.00134841
140.00 -90.00 0.0013485
145.00 -90.00 0.00134859
150.00 -90.00 0.00134865
155.00 -90.00 0.00134874
160.00 -90.00 0.00134883
165.00 -90.00 0.00134889
170.00 -90.00 0.00134895
175.00 -90.00 0.00134901
180.00 -90.00 0.00134904
-180.00 -85.00 0.00152796
-175.00 -85.00 0.00149013
-170.00 -85.00 0.00144729
-165.00 -85.00 0.00139914
-160.00 -85.00 0.00134568
-155.00 -85.00 0.0012873
-150.00 -85.00 0.00122469
-145.00 -85.00 0.00115872
-140.00 -85.00 0.00109047
-135.00 -85.00 0.00102096
-130.00 -85.00 0.00095121
-125.00 -85.00 0.00088209
-120.00 -85.00 0.00081453
-115.00 -85.00 0.00074934
-110.00 -85.00 0.00068718
-105.00 -85.00 0.00062868
-100.00 -85.00 0.00057444
-95.00 -85.00 0.00052503
-90.00 -85.00 0.00048132
-85.00 -85.00 0.00044421
-80.00 -85.00 0.00041463
-75.00 -85.00 0.00039345
-70.00 -85.00 0.00038157
-65.00 -85.00 0.00037977
-60.00 -85.00 0.00038883
-55.00 -85.00 0.00040926
-50.00 -85.00 0.00044121
-45.00 -85.00 0.00048456
-40.00 -85.00 0.00053883
-35.00 -85.00 0.00060339
-30.00 -85.00 0.00067737
-25.00 -85.00 0.00075969
-20.00 -85.00 0.00084912
-15.00 -85.00 0.00094434
-10.00 -85.00 0.00104406
-5.00 -85.00 0.0011469
0.00 -85.00 0.0012516
5.00 -85.00 0.00135687
10.00 -85.00 0.00146145
15.00 -85.00 0.00156411
20.00 -85.00 0.00166356
25.00 -85.00 0.00175854
30.00 -85.00 0.00184779
35.00 -85.00 0.0019302
40.00 -85.00 0.00200463
45.00 -85.00 0.00207009
50.00 -85.00 0.00212565
55.00 -85.00 0.00217056
60.00 -85.00 0.00220434
65.00 -85.00 0.00222684
70.00 -85.00 0.00223809
75.00 -85.00 0.00223842
80.00 -85.00 0.00222846
85.00 -85.00 0.00220911
90.00 -85.00 0.00218148
95.00 -85.00 0.00214704
100.00 -85.00 0.00210726
105.00 -85.00 0.00206361
110.00 -85.00 0.00201759
115.00 -85.00 0.00197067
120.00 -85.00 0.00192426
125.00 -85.00 0.00187947
130.00 -85.00 0.00183717
135.00 -85.00 0.0017979
140.00 -85.00 0.00176193
145.00 -85.00 0.0017292
150.00 -85.00 0.00169935
155.00 -85.00 0.00167169
160.00 -85.00 0.00164523
165.00 -85.00 0.00161886
170.00 -85.00 0.00159132
175.00 -85.00 0.00156138
180.00 -85.00 0.00152796
-180.00 -80.00 0.00197643
-175.00 -80.00 0.00193776
-170.00 -80.00 0.0018681
-165.00 -80.00 0.00176643
-160.00 -80.00 0.00163536
-155.00 -80.00 0.00148071
-150.00 -80.00 0.00131082
-145.00 -80.00 0.00113538
-140.00 -80.00 0.00096372
-135.00 -80.00 0.00080364
-130.00 -80.00 0.00066075
-125.00 -80.00 0.00053772
-120.00 -80.00 0.00043407
-115.00 -80.00 0.00034665
-110.00 -80.00 0.00027069
-105.00 -80.00 0.00020082
-100.00 -80.00 0.00013191
-95.00 -80.00 6.021e-05
-90.00 -80.00 -1.59e-05
-85.00 -80.00 -9.531e-05
-80.00 -80.00 -0.0001746
-75.00 -80.00 -0.00024855
-70.00 -80.00 -0.00031068
-65.00 -80.00 -0.00035409
-60.00 -80.00 -0.00037269
-55.00 -80.00 -0.00036228
-50.00 -80.00 -0.000321
-45.00 -80.00 -0.00024918
-40.00 -80.00 -0.00014967
-35.00 -80.00 -2.736e-05
-30.00 -80.00 0.00011169
-25.00 -80.00 0.00026157
-20.00 -80.00 0.00041712
-15.00 -80.00 0.00057441
-10.00 -80.00 0.00073098
-5.00 -80.00 0.00088617
0.00 -80.00 0.0010407
5.00 -80.00 0.00119571
10.00 -80.00 0.00135201
15.00 -80.00 0.00150984
20.00 -80.00 0.00166887
25.00 -80.00 0.00182772
30.00 -80.00 0.00198384
35.00 -80.00 0.00213408
40.00 -80.00 0.0022752
45.00 -80.00 0.00240396
50.00 -80.00 0.00251688
55.00 -80.00 0.00261066
60.00 -80.00 0.00268272
65.00 -80.00 0.00273147
70.00 -80.00 0.00275598
75.00 -80.00 0.00275649
80.00 -80.00 0.00273453
85.00 -80.00 0.00269319
90.00 -80.00 0.00263625
95.00 -80.00 0.00256779
100.00 -80.00 0.0024918
105.00 -80.00 0.00241212
110.00 -80.00 0.0023319
115.00 -80.00 0.00225348
120.00 -80.00 0.0021786
125.00 -80.00 0.00210921
130.00 -80.00 0.00204756
135.00 -80.00 0.00199596
140.00 -80.00 0.00195663
145.00 -80.00 0.00193161
150.00 -80.00 0.00192183
155.00 -80.00 0.00192639
160.00 -80.00 0.00194184
165.00 -80.00 0.00196251
170.00 -80.00 0.00198093
175.00 -80.00 0.00198843
180.00 -80.00 0.00197643
-180.00 -75.00 0.00223023
-175.00 -75.00 0.00219642
-170.00 -75.00 0.00209061
-165.00 -75.00 0.00190959
-160.00 -75.00 0.00166212
-155.00 -75.00 0.00136713
-150.00 -75.00 0.00105021
-145.00 -75.00 0.00073914
-140.00 -75.00 0.00045987
-135.00 -75.00 0.00023298
-130.00 -75.00 7.089e-05
-125.00 -75.00 -2.34e-05
-120.00 -75.00 -5.592e-05
-115.00 -75.00 -4.038e-05
-110.00 -75.00 4.05e-06
-105.00 -75.00 5.601e-05
-100.00 -75.00 9.555e-05
-95.00 -75.00 0.00010695
-90.00 -75.00 8.127e-05
-85.00 -75.00 1.749e-05
-80.00 -75.00 -7.725e-05
-75.00 -75.00 -0.00018954
-70.00 -75.00 -0.00030186
-65.00 -75.00 -0.00039561
-60.00 -75.00 -0.00045369
-55.00 -75.00 -0.00046347
-50.00 -75.00 -0.00041868
-45.00 -75.00 -0.00032031
-40.00 -75.00 -0.0001767
-35.00 -75.00 -2.61e-06
-30.00 -75.00 0.00018357
-25.00 -75.00 0.00036339
-20.00 -75.00 0.00052206
-15.00 -75.00 0.00065133
-10.00 -75.00 0.00075126
-5.00 -75.00 0.0008295
0.00 -75.00 0.00089856
5.00 -75.00 0.00097182
10.00 -75.00 0.00106005
15.00 -75.00 0.00116865
20.00 -75.00 0.00129684
25.00 -75.00 0.00143898
30.00 -75.00 0.00158706
35.00 -75.00 0.00173313
40.00 -75.00 0.00187116
45.00 -75.00 0.0019974
50.00 -75.00 0.00210993
55.00 -75.00 0.00220707
60.00 -75.00 0.00228672
65.00 -75.00 0.00234633
70.00 -75.00 0.00238401
75.00 -75.00 0.00239991
80.00 -75.00 0.0023979
85.00 -75.00 0.00238551
90.00 -75.00 0.00237282
95.00 -75.00 0.00236973
100.00 -75.00 0.00238275
105.00 -75.00 0.00241218
110.00 -75.00 0.00245118
115.00 -75.00 0.00248691
120.00 -75.00 0.00250422
125.00 -75.00 0.00249036
130.00 -75.00 0.00243972
135.00 -75.00 0.00235653
140.00 -75.00 0.00225468
145.00 -75.00 0.00215436
150.00 -75.00 0.00207678
155.00 -75.00 0.00203781
160.00 -75.00 0.0020433
165.00 -75.00 0.00208656
170.00 -75.00 0.00214962
175.00 -75.00 0.00220674
180.00 -75.00 0.00223023
-180.00 -70.00 0.00178251
-175.00 -70.00 0.00178206
-170.00 -70.00 0.00169218
-165.00 -70.00 0.00151512
-160.00 -70.00 0.00126789
-155.00 -70.00 0.00097596
-150.00 -70.00 0.00066819
-145.00 -70.00 0.00037311
-140.00 -70.00 0.00011646
-135.00 -70.00 -8.112e-05
-130.00 -70.00 -0.00020628
-125.00 -70.00 -0.00025437
-120.00 -70.00 -0.00022992
-115.00 -70.00 -0.0001461
-110.00 -70.00 -2.325e-05
-105.00 -70.00 0.00011334
-100.00 -70.00 0.00023703
-95.00 -70.00 0.00032466
-90.00 -70.00 0.00036153
-85.00 -70.00 0.00034455
-80.00 -70.00 0.0002823
-75.00 -70.00 0.00019143
-70.00 -70.00 9.168e-05
-65.00 -70.00 1.68e-06
-60.00 -70.00 -6.291e-05
-55.00 -70.00 -8.937e-05
-50.00 -70.00 -6.729e-05
-45.00 -70.00 1.002e-05
-40.00 -70.00 0.00014265
-35.00 -70.00 0.00032061
-30.00 -70.00 0.0005229
-25.00 -70.00 0.00072018
-20.00 -70.00 0.00088233
-15.00 -70.00 0.00098757
-10.00 -70.00 0.00103026
-5.00 -70.00 0.00102336
0.00 -70.00 0.00099426
5.00 -70.00 0.000975
10.00 -70.00 0.00099114
15.00 -70.00 0.00105291
20.00 -70.00 0.00115302
25.00 -70.00 0.00127107
30.00 -70.00 0.00138282
35.00 -70.00 0.00146979
40.00 -70.00 0.00152499
45.00 -70.00 0.0015531
50.00 -70.00 0.00156498
55.00 -70.00 0.00157047
60.00 -70.00 0.00157326
65.00 -70.00 0.00157005
70.00 -70.00 0.00155505
75.00 -70.00 0.00152646
80.00 -70.00 0.00149214
85.00 -70.00 0.00147117
90.00 -70.00 0.00149031
95.00 -70.00 0.00157584
100.00 -70.00 0.001743
105.00 -70.00 0.00198663
110.00 -70.00 0.00227679
115.00 -70.00 0.00256203
120.00 -70.00 0.00278139
125.00 -70.00 0.00288165
130.00 -70.00 0.00283455
135.00 -70.00 0.00264732
140.00 -70.00 0.00236205
145.00 -70.00 0.00204375
150.00 -70.00 0.00176139
155.00 -70.00 0.00156834
160.00 -70.00 0.00148866
165.00 -70.00 0.0015129
170.00 -70.00 0.0016041
175.00 -70.00 0.00171081
180.00 -70.00 0.00178251
-180.00 -65.00 0.00113013
-175.00 -65.00 0.00108825
-170.00 -65.00 0.00099702
-165.00 -65.00 0.00089379
-160.00 -65.00 0.00080262
-155.00 -65.00 0.00072327
-150.00 -65.00 0.0006384
-145.00 -65.00 0.00053082
-140.00 -65.00 0.00039801
-135.00 -65.00 0.00025473
-130.00 -65.00 0.00012537
-125.00 -65.00 3.375e-05
-120.00 -65.00 -2.82e-06
-115.00 -65.00 2.367e-05
-110.00 -65.00 0.0001092
-105.00 -65.00 0.00023469
-100.00 -65.00 0.00036684
-95.00 -65.00 0.00046755
-90.00 -65.00 0.00050961
-85.00 -65.00 0.00048966
-80.00 -65.00 0.00042864
-75.00 -65.00 0.00035886
-70.00 -65.00 0.00030528
-65.00 -65.00 0.00027345
-60.00 -65.00 0.00025143
-55.00 -65.00 0.00022332
-50.00 -65.00 0.00018564
-45.00 -65.00 0.00015546
-40.00 -65.00 0.00016569
-35.00 -65.00 0.00024888
-30.00 -65.00 0.00041799
-25.00 -65.00 0.00065448
-20.00 -65.00 0.00091068
-15.00 -65.00 0.00112725
-10.00 -65.00 0.00125733
-5.00 -65.00 0.00128631
0.00 -65.00 0.00123714
5.00 -65.00 0.00115944
10.00 -65.00 0.00110751
15.00 -65.00 0.00111738
20.00 -65.00 0.00119319
25.00 -65.00 0.00130797
30.00 -65.00 0.00141816
35.00 -65.00 0.00148401
40.00 -65.00 0.00148596
45.00 -65.00 0.0014292
50.00 -65.00 0.00133518
55.00 -65.00 0.00122649
60.00 -65.00 0.00111495
65.00 -65.00 0.00100008
70.00 -65.00 0.00087717
75.00 -65.00 0.00074886
80.00 -65.00 0.00063192
85.00 -65.00 0.00055656
90.00 -65.00 0.00055914
95.00 -65.00 0.00067239
100.00 -65.00 0.00091395
105.00 -65.00 0.00127449
110.00 -65.00 0.0017085
115.00 -65.00 0.00213519
120.00 -65.00 0.00245541
125.00 -65.00 0.00258312
130.00 -65.00 0.00247887
135.00 -65.00 0.00216882
140.00 -65.00 0.00173799
145.00 -65.00 0.00130047
150.00 -65.00 0.00095991
155.00 -65.00 0.00077709
160.00 -65.00 0.00075603
165.00 -65.00 0.00085065
170.00 -65.00 0.00098745
175.00 -65.00 0.00109512
180.00 -65.00 0.00113013
-180.00 -60.00 0.00110451
-175.00 -60.00 0.00088155
-170.00 -60.00 0.00069507
-165.00 -60.00 0.00063441
-160.00 -60.00 0.0007086
-155.00 -60.00 0.00083733
-150.00 -60.00 0.00090138
-145.00 -60.00 0.000819
-140.00 -60.00 0.0005925
-135.00 -60.00 0.00029685
-130.00 -60.00 2.838e-05
-125.00 -60.00 -0.00014202
-120.00 -60.00 -0.00018234
-115.00 -60.00 -8.808e-05
-110.00 -60.00 0.00012711
-105.00 -60.00 0.00042495
-100.00 -60.00 0.00073329
-95.00 -60.00 0.00095892
-90.00 -60.00 0.00102693
-85.00 -60.00 0.00092316
-80.00 -60.00 0.00070593
-75.00 -60.00 0.00047397
-70.00 -60.00 0.00031227
-65.00 -60.00 0.00025128
-60.00 -60.00 0.00026277
-55.00 -60.00 0.00028728
-50.00 -60.00 0.00027324
-45.00 -60.00 0.00020685
-40.00 -60.00 0.00012306
-35.00 -60.00 9.174e-05
-30.00 -60.00 0.00018294
-25.00 -60.00 0.0004245
-20.00 -60.00 0.00077643
-15.00 -60.00 0.00114048
-10.00 -60.00 0.00140283
-5.00 -60.00 0.00148728
0.00 -60.00 0.00138912
5.00 -60.00 0.0011745
10.00 -60.00 0.00094839
15.00 -60.00 0.00080868
20.00 -60.00 0.0008064
25.00 -60.00 0.00092814
30.00 -60.00 0.00110631
35.00 -60.00 0.00125274
40.00 -60.00 0.00129876
45.00 -60.00 0.00122136
50.00 -60.00 0.0010419
55.00 -60.00 0.00080274
60.00 -60.00 0.00054189
65.00 -60.00 0.00028443
70.00 -60.00 5.262e-05
75.00 -60.00 -0.00012321
80.00 -60.00 -0.00020952
85.00 -60.00 -0.00018837
90.00 -60.00 -6.963e-05
95.00 -60.00 0.00011898
100.00 -60.00 0.00035499
105.00 -60.00 0.00063102
110.00 -60.00 0.00093654
115.00 -60.00 0.00122928
120.00 -60.00 0.00143121
125.00 -60.00 0.00146466
130.00 -60.00 0.00130614
135.00 -60.00 0.001014
140.00 -60.00 0.00070617
145.00 -60.00 0.0005028
150.00 -60.00 0.00047244
155.00 -60.00 0.00061041
160.00 -60.00 0.00085086
165.00 -60.00 0.00109599
170.00 -60.00 0.00124977
175.00 -60.00 0.00125163
180.00 -60.00 0.00110451
-180.00 -55.00 0.00142212
-175.00 -55.00 0.00107154
-170.00 -55.00 0.00082089
-165.00 -55.00 0.00079341
-160.00 -55.00 0.00096384
-155.00 -55.00 0.00114159
-150.00 -55.00 0.00108996
-145.00 -55.00 0.00069828
-140.00 -55.00 6.585e-05
-135.00 -55.00 -0.00056916
-130.00 -55.00 -0.0009864
-125.00 -55.00 -0.00109419
-120.00 -55.00 -0.00092472
-115.00 -55.00 -0.00055389
-110.00 -55.00 -3.861e-05
-105.00 -55.00 0.00057624
-100.00 -55.00 0.0012093
-95.00 -55.00 0.00172299
-90.00 -55.00 0.00197235
-85.00 -55.00 0.00189024
-80.00 -55.00 0.00153555
-75.00 -55.00 0.00106152
-70.00 -55.00 0.00063396
-65.00 -55.00 0.00036393
-60.00 -55.00 0.00028653
-55.00 -55.00 0.00037008
-50.00 -55.00 0.00053265
-45.00 -55.00 0.00067212
-40.00 -55.00 0.00071898
-35.00 -55.00 0.00068616
-30.00 -55.00 0.00066576
-25.00 -55.00 0.00075846
-20.00 -55.00 0.00098601
-15.00 -55.00 0.00126006
-10.00 -55.00 0.00143367
-5.00 -55.00 0.00139341
0.00 -55.00 0.00112629
5.00 -55.00 0.0007251
10.00 -55.00 0.00034149
15.00 -55.00 0.00011811
20.00 -55.00 0.00012927
25.00 -55.00 0.0003495
30.00 -55.00 0.00066114
35.00 -55.00 0.00090306
40.00 -55.00 0.00094332
45.00 -55.00 0.00073851
50.00 -55.00 0.00034242
55.00 -55.00 -0.00014004
60.00 -55.00 -0.0006135
65.00 -55.00 -0.00101622
70.00 -55.00 -0.00129729
75.00 -55.00 -0.00139242
80.00 -55.00 -0.00124797
85.00 -55.00 -0.00088344
90.00 -55.00 -0.00042168
95.00 -55.00 -3.147e-05
100.00 -55.00 0.00018399
105.00 -55.00 0.00025206
110.00 -55.00 0.00028257
115.00 -55.00 0.00035307
120.00 -55.00 0.00044136
125.00 -55.00 0.0004692
130.00 -55.00 0.00040527
135.00 -55.00 0.00031842
140.00 -55.00 0.00032931
145.00 -55.00 0.00051312
150.00 -55.00 0.00084561
155.00 -55.00 0.00123093
160.00 -55.00 0.00156705
165.00 -55.00 0.00178419
170.00 -55.00 0.00183996
175.00 -55.00 0.00171189
180.00 -55.00 0.00142212
-180.00 -50.00 0.00114249
-175.00 -50.00 0.00080385
-170.00 -50.00 0.00055758
-165.00 -50.00 0.00055347
-160.00 -50.00 0.00076137
-155.00 -50.00 0.00092454
-150.00 -50.00 0.00073773
-145.00 -50.00 0.00011079
-140.00 -50.00 -0.00073245
-135.00 -50.00 -0.00141612
-130.00 -50.00 -0.00167865
-125.00 -50.00 -0.00151149
-120.00 -50.00 -0.00109149
-115.00 -50.00 -0.00060855
-110.00 -50.00 -0.00013758
-105.00 -50.00 0.0003657
-100.00 -50.00 0.00096249
-95.00 -50.00 0.00161688
-90.00 -50.00 0.0021774
-85.00 -50.00 0.00247359
-80.00 -50.00 0.00243042
-75.00 -50.00 0.00209571
-70.00 -50.00 0.00159099
-65.00 -50.00 0.00107097
-60.00 -50.00 0.0007113
-55.00 -50.00 0.00065847
-50.00 -50.00 0.00092538
-45.00 -50.00 0.00133848
-40.00 -50.00 0.00163995
-35.00 -50.00 0.00168243
-30.00 -50.00 0.00152868
-25.00 -50.00 0.00135591
-20.00 -50.00 0.00126933
-15.00 -50.00 0.00121314
-10.00 -50.00 0.00104727
-5.00 -50.00 0.0006915
0.00 -50.00 0.00020112
5.00 -50.00 -0.0002679
10.00 -50.00 -0.00055182
15.00 -50.00 -0.00055887
20.00 -50.00 -0.00030315
25.00 -50.00 0.00010239
30.00 -50.00 0.00048024
35.00 -50.00 0.00064539
40.00 -50.00 0.00047997
45.00 -50.00 -4.56e-06
50.00 -50.00 -0.00066852
55.00 -50.00 -0.00132816
60.00 -50.00 -0.00186147
65.00 -50.00 -0.00223821
70.00 -50.00 -0.00244701
75.00 -50.00 -0.00241542
80.00 -50.00 -0.00204396
85.00 -50.00 -0.00134805
90.00 -50.00 -0.00054849
95.00 -50.00 3.27e-05
100.00 -50.00 0.00021351
105.00 -50.00 9.9e-05
110.00 -50.00 -2.586e-05
115.00 -50.00 4.377e-05
120.00 -50.00 0.00027933
125.00 -50.00 0.00050937
130.00 -50.00 0.00062895
135.00 -50.00 0.00069807
140.00 -50.00 0.00084801
145.00 -50.00 0.00112413
150.00 -50.00 0.0014379
155.00 -50.00 0.00165957
160.00 -50.00 0.00173358
165.00 -50.00 0.00169587
170.00 -50.00 0.00159429
175.00 -50.00 0.00142047
180.00 -50.00 0.00114249
-180.00 -45.00 0.00022491
-175.00 -45.00 -0.00021717
-170.00 -45.00 -0.00054015
-165.00 -45.00 -0.00059385
-160.00 -45.00 -0.00041358
-155.00 -45.00 -0.00025176
-150.00 -45.00 -0.00036999
-145.00 -45.00 -0.00077445
-140.00 -45.00 -0.00119415
-135.00 -45.00 -0.0013329
-130.00 -45.00 -0.00110865
-125.00 -45.00 -0.00065874
-120.00 -45.00 -0.00020016
-115.00 -45.00 8.166e-05
-110.00 -45.00 0.00011157
-105.00 -45.00 4.86e-06
-100.00 -45.00 4.029e-05
-95.00 -45.00 0.00045
-90.00 -45.00 0.00120747
-85.00 -45.00 0.00204894
-80.00 -45.00 0.00267768
-75.00 -45.00 0.00290589
-70.00 -45.00 0.00266631
-65.00 -45.00 0.00203604
-60.00 -45.00 0.00129633
-55.00 -45.00 0.00084786
-50.00 -45.00 0.00092373
-45.00 -45.00 0.00136674
-40.00 -45.00 0.0017574
-35.00 -45.00 0.00179466
-30.00 -45.00 0.00152556
-25.00 -45.00 0.00119796
-20.00 -45.00 0.00094557
-15.00 -45.00 0.00066795
-10.00 -45.00 0.00019635
-5.00 -45.00 -0.00048168
0.00 -45.00 -0.00117309
5.00 -45.00 -0.00161538
10.00 -45.00 -0.00165096
15.00 -45.00 -0.00131247
20.00 -45.00 -0.00078822
25.00 -45.00 -0.00031488
30.00 -45.00 -7.68e-05
35.00 -45.00 -0.00016071
40.00 -45.00 -0.00054924
45.00 -45.00 -0.0011223
50.00 -45.00 -0.00168915
55.00 -45.00 -0.00208686
60.00 -45.00 -0.0022902
65.00 -45.00 -0.00240627
70.00 -45.00 -0.00251901
75.00 -45.00 -0.00253449
80.00 -45.00 -0.00223104
85.00 -45.00 -0.00151479
90.00 -45.00 -0.00061611
95.00 -45.00 3.792e-05
100.00 -45.00 0.00020187
105.00 -45.00 4.998e-05
110.00 -45.00 -1.89e-06
115.00 -45.00 0.00029211
120.00 -45.00 0.00080373
125.00 -45.00 0.00121842
130.00 -45.00 0.00136155
135.00 -45.00 0.00131211
140.00 -45.00 0.00124959
145.00 -45.00 0.00126081
150.00 -45.00 0.00130308
155.00 -45.00 0.00130023
160.00 -45.00 0.00122538
165.00 -45.00 0.00109293
170.00 -45.00 0.00090276
175.00 -45.00 0.00062043
180.00 -45.00 0.00022491
-180.00 -40.00 -0.00066861
-175.00 -40.00 -0.00133296
-170.00 -40.00 -0.00164484
-165.00 -40.00 -0.00162684
-160.00 -40.00 -0.00147165
-155.00 -40.00 -0.00141285
-150.00 -40.00 -0.00151239
-145.00 -40.00 -0.0015534
-140.00 -40.00 -0.00126522
-135.00 -40.00 -0.00067803
-130.00 -40.00 -0.00010518
-125.00 -40.00 0.00025662
-120.00 -40.00 0.00049905
-115.00 -40.00 0.00068751
-110.00 -40.00 0.00063435
-105.00 -40.00 0.00021543
-100.00 -40.00 -0.00025677
-95.00 -40.00 -0.00025719
-90.00 -40.00 0.00039594
-85.00 -40.00 0.00140475
-80.00 -40.00 0.00234258
-75.00 -40.00 0.00291813
-70.00 -40.00 0.00294183
-65.00 -40.00 0.00234411
-60.00 -40.00 0.00136863
-55.00 -40.00 0.00056118
-50.00 -40.00 0.0003498
-45.00 -40.00 0.00063939
-40.00 -40.00 0.00093321
-35.00 -40.00 0.00086493
-30.00 -40.00 0.00052218
-25.00 -40.00 0.00022275
-20.00 -40.00 7.422e-05
-15.00 -40.00 -0.00014196
-10.00 -40.00 -0.0006798
-5.00 -40.00 -0.00151983
0.00 -40.00 -0.00236163
5.00 -40.00 -0.00285432
10.00 -40.00 -0.00282762
15.00 -40.00 -0.00238191
20.00 -40.00 -0.00181239
25.00 -40.00 -0.00142071
30.00 -40.00 -0.00134862
35.00 -40.00 -0.00155163
40.00 -40.00 -0.00188019
45.00 -40.00 -0.00215559
50.00 -40.00 -0.00222672
55.00 -40.00 -0.00205851
60.00 -40.00 -0.00180018
65.00 -40.00 -0.00170202
70.00 -40.00 -0.00188289
75.00 -40.00 -0.00215718
80.00 -40.00 -0.00214167
85.00 -40.00 -0.00161265
90.00 -40.00 -0.00077835
95.00 -40.00 -0.00012747
100.00 -40.00 5.358e-05
105.00 -40.00 -2.964e-05
110.00 -40.00 6.612e-05
115.00 -40.00 0.00052368
120.00 -40.00 0.00110931
125.00 -40.00 0.0014772
130.00 -40.00 0.00150036
135.00 -40.00 0.0012816
140.00 -40.00 0.00097512
145.00 -40.00 0.00070308
150.00 -40.00 0.00058296
155.00 -40.00 0.0006924
160.00 -40.00 0.00094755
165.00 -40.00 0.0010803
170.00 -40.00 0.00082569
175.00 -40.00 0.00015957
180.00 -40.00 -0.00066861
-180.00 -35.00 -0.00140115
-175.00 -35.00 -0.0019047
-170.00 -35.00 -0.00175956
-165.00 -35.00 -0.00137514
-160.00 -35.00 -0.00120888
-155.00 -35.00 -0.00144435
-150.00 -35.00 -0.00184491
-145.00 -35.00 -0.00186204
-140.00 -35.00 -0.00117222
-135.00 -35.00 -0.00019779
-130.00 -35.00 0.00026379
-125.00 -35.00 6.765e-05
-120.00 -35.00 -7.056e-05
-115.00 -35.00 0.00035655
-110.00 -35.00 0.00088242
-105.00 -35.00 0.00080646
-100.00 -35.00 0.00027186
-95.00 -35.00 4.179e-05
-90.00 -35.00 0.00046137
-85.00 -35.00 0.00119592
-80.00 -35.00 0.00184659
-75.00 -35.00 0.00227436
-70.00 -35.00 0.00234069
-65.00 -35.00 0.00184947
-60.00 -35.00 0.00091875
-55.00 -35.00 9.021e-05
-50.00 -35.00 -0.00015852
-45.00 -35.00 9.102e-05
-40.00 -35.00 0.00032094
-35.00 -35.00 0.00015552
-30.00 -35.00 -0.00028476
-25.00 -35.00 -0.00062421
-20.00 -35.00 -0.00072942
-15.00 -35.00 -0.00085452
-10.00 -35.00 -0.00131103
-5.00 -35.00 -0.00211542
0.00 -35.00 -0.00298629
5.00 -35.00 -0.00358212
10.00 -35.00 -0.00370863
15.00 -35.00 -0.00340488
20.00 -35.00 -0.00290094
25.00 -35.00 -0.0024558
30.00 -35.00 -0.00220518
35.00 -35.00 -0.00214977
40.00 -35.00 -0.00220818
45.00 -35.00 -0.00222297
50.00 -35.00 -0.00201648
55.00 -35.00 -0.00157323
60.00 -35.00 -0.00114087
65.00 -35.00 -0.00103974
70.00 -35.00 -0.00134082
75.00 -35.00 -0.00175227
80.00 -35.00 -0.00183639
85.00 -35.00 -0.00138795
90.00 -35.00 -0.00065328
95.00 -35.00 -0.00012174
100.00 -35.00 -2.136e-05
105.00 -35.00 -8.847e-05
110.00 -35.00 6.663e-05
115.00 -35.00 0.0004752
120.00 -35.00 0.00085284
125.00 -35.00 0.00102219
130.00 -35.00 0.00105129
135.00 -35.00 0.00099489
140.00 -35.00 0.00076878
145.00 -35.00 0.00038814
150.00 -35.00 0.00014448
155.00 -35.00 0.00034665
160.00 -35.00 0.00088803
165.00 -35.00 0.00120465
170.00 -35.00 0.00077967
175.00 -35.00 -0.00030492
180.00 -35.00 -0.00140115
-180.00 -30.00 -0.00209193
-175.00 -30.00 -0.00191826
-170.00 -30.00 -0.00121878
-165.00 -30.00 -0.00067272
-160.00 -30.00 -0.00069477
-155.00 -30.00 -0.00125337
-150.00 -30.00 -0.00195486
-145.00 -30.00 -0.00212577
-140.00 -30.00 -0.00135411
-135.00 -30.00 -0.00024498
-130.00 -30.00 1.782e-05
-125.00 -30.00 -0.00073308
-120.00 -30.00 -0.00125607
-115.00 -30.00 -0.00064899
-110.00 -30.00 0.00035079
-105.00 -30.00 0.00056559
-100.00 -30.00 9.12e-05
-95.00 -30.00 -0.00010884
-90.00 -30.00 0.00029262
-85.00 -30.00 0.00084888
-80.00 -30.00 0.00128232
-75.00 -30.00 0.00164871
-70.00 -30.00 0.00178851
-65.00 -30.00 0.00140358
-60.00 -30.00 0.0006435
-55.00 -30.00 7.89e-05
-50.00 -30.00 6.615e-05
-45.00 -30.00 0.0004152
-40.00 -30.00 0.00064422
-35.00 -30.00 0.00041196
-30.00 -30.00 -0.00021921
-25.00 -30.00 -0.00087132
-20.00 -30.00 -0.0012618
-15.00 -30.00 -0.00150015
-10.00 -30.00 -0.00189489
-5.00 -30.00 -0.00255762
0.00 -30.00 -0.00330801
5.00 -30.00 -0.00387234
10.00 -30.00 -0.00406653
15.00 -30.00 -0.00385809
20.00 -30.00 -0.0033348
25.00 -30.00 -0.00262122
30.00 -30.00 -0.00187341
35.00 -30.00 -0.00134598
40.00 -30.00 -0.0012582
45.00 -30.00 -0.00147735
50.00 -30.00 -0.00154911
55.00 -30.00 -0.00122064
60.00 -30.00 -0.00075993
65.00 -30.00 -0.00058965
70.00 -30.00 -0.00076344
75.00 -30.00 -0.0009534
80.00 -30.00 -0.00083058
85.00 -30.00 -0.00036636
90.00 -30.00 0.00014073
95.00 -30.00 0.00033366
100.00 -30.00 0.00020205
105.00 -30.00 0.00012666
110.00 -30.00 0.00036567
115.00 -30.00 0.00068295
120.00 -30.00 0.00074097
125.00 -30.00 0.00065016
130.00 -30.00 0.00075681
135.00 -30.00 0.00102423
140.00 -30.00 0.00104148
145.00 -30.00 0.00063975
150.00 -30.00 0.00015831
155.00 -30.00 1.044e-05
160.00 -30.00 0.00016245
165.00 -30.00 0.00013491
170.00 -30.00 -0.0004731
175.00 -30.00 -0.00145347
180.00 -30.00 -0.00209193
-180.00 -25.00 -0.00234339
-175.00 -25.00 -0.00165549
-170.00 -25.00 -0.00109737
-165.00 -25.00 -0.00115995
-160.00 -25.00 -0.00168273
-155.00 -25.00 -0.00226752
-150.00 -25.00 -0.00276201
-145.00 -25.00 -0.0028827
-140.00 -25.00 -0.00215988
-135.00 -25.00 -0.00094077
-130.00 -25.00 -0.00049152
-125.00 -25.00 -0.00123498
-120.00 -25.00 -0.00192186
-115.00 -25.00 -0.00152295
-110.00 -25.00 -0.00079683
-105.00 -25.00 -0.00085974
-100.00 -25.00 -0.00135675
-95.00 -25.00 -0.0012978
-90.00 -25.00 -0.00067032
-85.00 -25.00 -1.296e-05
-80.00 -25.00 0.00066837
-75.00 -25.00 0.00144057
-70.00 -25.00 0.00175956
-65.00 -25.00 0.00126195
-60.00 -25.00 0.00054588
-55.00 -25.00 0.00038058
-50.00 -25.00 0.00074094
-45.00 -25.00 0.00113994
-40.00 -25.00 0.00128346
-35.00 -25.00 0.00101574
-30.00 -25.00 0.00023685
-25.00 -25.00 -0.00080334
-20.00 -25.00 -0.0016155
-15.00 -25.00 -0.00206187
-10.00 -25.00 -0.00246036
-5.00 -25.00 -0.00304914
0.00 -25.00 -0.00367878
5.00 -25.00 -0.00405519
10.00 -25.00 -0.00404736
15.00 -25.00 -0.00371727
20.00 -25.00 -0.00313971
25.00 -25.00 -0.00227748
30.00 -25.00 -0.00119115
35.00 -25.00 -0.00034224
40.00 -25.00 -0.0002835
45.00 -25.00 -0.00088011
50.00 -25.00 -0.00128577
55.00 -25.00 -0.0009603
60.00 -25.00 -0.00028161
65.00 -25.00 0.00012567
70.00 -25.00 0.00021264
75.00 -25.00 0.00033705
80.00 -25.00 0.00065361
85.00 -25.00 0.00098127
90.00 -25.00 0.00105504
95.00 -25.00 0.00078936
100.00 -25.00 0.00046422
105.00 -25.00 0.00054159
110.00 -25.00 0.00104796
115.00 -25.00 0.00139893
120.00 -25.00 0.00118593
125.00 -25.00 0.00078864
130.00 -25.00 0.00075909
135.00 -25.00 0.00097593
140.00 -25.00 0.000933
145.00 -25.00 0.00052566
150.00 -25.00 2.178e-05
155.00 -25.00 -0.00046962
160.00 -25.00 -0.00103872
165.00 -25.00 -0.00168639
170.00 -25.00 -0.00227526
175.00 -25.00 -0.00257715
180.00 -25.00 -0.00234339
-180.00 -20.00 -0.00200769
-175.00 -20.00 -0.0014952
-170.00 -20.00 -0.00163812
-165.00 -20.00 -0.0025158
-160.00 -20.00 -0.00336648
-155.00 -20.00 -0.00355002
-150.00 -20.00 -0.00344721
-145.00 -20.00 -0.0034785
-140.00 -20.00 -0.00310131
-135.00 -20.00 -0.0019902
-130.00 -20.00 -0.00113757
-125.00 -20.00 -0.00137571
-120.00 -20.00 -0.00195471
-115.00 -20.00 -0.00198495
-110.00 -20.00 -0.00195897
-105.00 -20.00 -0.00244104
-100.00 -20.00 -0.00272445
-95.00 -20.00 -0.00217302
-90.00 -20.00 -0.00137415
-85.00 -20.00 -0.00076869
-80.00 -20.00 0.00017808
-75.00 -20.00 0.00139185
-70.00 -20.00 0.0016416
-65.00 -20.00 0.00062553
-60.00 -20.00 -0.00020223
-55.00 -20.00 0.00017202
-50.00 -20.00 0.00099138
-45.00 -20.00 0.00131874
-40.00 -20.00 0.00129522
-35.00 -20.00 0.00116454
-30.00 -20.00 0.00056547
-25.00 -20.00 -0.00057015
-20.00 -20.00 -0.00160551
-15.00 -20.00 -0.00215856
-10.00 -20.00 -0.00258864
-5.00 -20.00 -0.00324813
0.00 -20.00 -0.00391407
5.00 -20.00 -0.00415473
10.00 -20.00 -0.00386319
15.00 -20.00 -0.0032979
20.00 -20.00 -0.00270252
25.00 -20.00 -0.00197853
30.00 -20.00 -0.00096726
35.00 -20.00 -5.376e-05
40.00 -20.00 7.995e-05
45.00 -20.00 -0.00047742
50.00 -20.00 -0.00074925
55.00 -20.00 -0.00018927
60.00 -20.00 0.00061485
65.00 -20.00 0.0009678
70.00 -20.00 0.00103494
75.00 -20.00 0.00129756
80.00 -20.00 0.00169827
85.00 -20.00 0.00181341
90.00 -20.00 0.0014499
95.00 -20.00 0.00082044
100.00 -20.00 0.00042804
105.00 -20.00 0.00070545
110.00 -20.00 0.00142818
115.00 -20.00 0.00178893
120.00 -20.00 0.00143661
125.00 -20.00 0.00092919
130.00 -20.00 0.00073071
135.00 -20.00 0.00050442
140.00 -20.00 -3.909e-05
145.00 -20.00 -0.00046605
150.00 -20.00 -0.00049758
155.00 -20.00 -0.0007008
160.00 -20.00 -0.00154698
165.00 -20.00 -0.00254238
170.00 -20.00 -0.00294129
175.00 -20.00 -0.00264414
180.00 -20.00 -0.00200769
-180.00 -15.00 -0.00184998
-175.00 -15.00 -0.00185949
-170.00 -15.00 -0.00229977
-165.00 -15.00 -0.00316647
-160.00 -15.00 -0.00373929
-155.00 -15.00 -0.00342336
-150.00 -15.00 -0.0029271
-145.00 -15.00 -0.00311706
-140.00 -15.00 -0.003348
-135.00 -15.00 -0.00263331
-130.00 -15.00 -0.00157554
-125.00 -15.00 -0.00133179
-120.00 -15.00 -0.00173616
-115.00 -15.00 -0.00212793
-110.00 -15.00 -0.00266949
-105.00 -15.00 -0.00330729
-100.00 -15.00 -0.00311115
-95.00 -15.00 -0.00200511
-90.00 -15.00 -0.00121089
-85.00 -15.00 -0.00094821
-80.00 -15.00 -6.753e-05
-75.00 -15.00 0.00121818
-70.00 -15.00 0.00107625
-65.00 -15.00 -0.00059073
-60.00 -15.00 -0.00148983
-55.00 -15.00 -0.00055647
-50.00 -15.00 0.00061014
-45.00 -15.00 0.000732
-40.00 -15.00 0.00054534
-35.00 -15.00 0.00073287
-30.00 -15.00 0.00062085
-25.00 -15.00 -0.00025743
-20.00 -15.00 -0.00122829
-15.00 -15.00 -0.0017418
-10.00 -15.00 -0.00215688
-5.00 -15.00 -0.00287187
0.00 -15.00 -0.00364374
5.00 -15.00 -0.00398337
10.00 -15.00 -0.00370206
15.00 -15.00 -0.00303867
20.00 -15.00 -0.00238947
25.00 -15.00 -0.00181638
30.00 -15.00 -0.00104658
35.00 -15.00 -0.0001575
40.00 -15.00 0.00031566
45.00 -15.00 0.00031062
50.00 -15.00 0.00049131
55.00 -15.00 0.00110739
60.00 -15.00 0.00149991
65.00 -15.00 0.00127806
70.00 -15.00 0.00106014
75.00 -15.00 0.00145188
80.00 -15.00 0.0020931
85.00 -15.00 0.00224589
90.00 -15.00 0.0017232
95.00 -15.00 0.0009348
100.00 -15.00 0.00047733
105.00 -15.00 0.00068565
110.00 -15.00 0.0012084
115.00 -15.00 0.00132135
120.00 -15.00 0.00095745
125.00 -15.00 0.00074592
130.00 -15.00 0.00072366
135.00 -15.00 0.00012405
140.00 -15.00 -0.00103812
145.00 -15.00 -0.00156003
150.00 -15.00 -0.00100038
155.00 -15.00 -0.00058578
160.00 -15.00 -0.00125805
165.00 -15.00 -0.00224166
170.00 -15.00 -0.00247956
175.00 -15.00 -0.00213207
180.00 -15.00 -0.00184998
-180.00 -10.00 -0.00232848
-175.00 -10.00 -0.00265434
-170.00 -10.00 -0.00278757
-165.00 -10.00 -0.00300411
-160.00 -10.00 -0.00313653
-155.00 -10.00 -0.00271092
-150.00 -10.00 -0.0022374
-145.00 -10.00 -0.00253683
-140.00 -10.00 -0.00301185
-135.00 -10.00 -0.00251949
-130.00 -10.00 -0.00143598
-125.00 -10.00 -0.00095895
-120.00 -10.00 -0.00120711
-115.00 -10.00 -0.001719
-110.00 -10.00 -0.00253593
-105.00 -10.00 -0.00326451
-100.00 -10.00 -0.00281091
-95.00 -10.00 -0.00136026
-90.00 -10.00 -0.00050175
-85.00 -10.00 -0.00045894
-80.00 -10.00 0.00015102
-75.00 -10.00 0.00115329
-70.00 -10.00 0.00065982
-65.00 -10.00 -0.00122352
-60.00 -10.00 -0.00199422
-55.00 -10.00 -0.00083043
-50.00 -10.00 0.00026709
-45.00 -10.00 7.344e-05
-40.00 -10.00 -0.00028887
-35.00 -10.00 2.016e-05
-30.00 -10.00 0.00019509
-25.00 -10.00 -0.00035853
-20.00 -10.00 -0.00105432
-15.00 -10.00 -0.00142524
-10.00 -10.00 -0.00177051
-5.00 -10.00 -0.0023637
0.00 -10.00 -0.00307215
5.00 -10.00 -0.0036333
10.00 -10.00 -0.00374616
15.00 -10.00 -0.00327459
20.00 -10.00 -0.00255441
25.00 -10.00 -0.00197355
30.00 -10.00 -0.00137925
35.00 -10.00 -0.00050307
40.00 -10.00 0.00042627
45.00 -10.00 0.00111963
50.00 -10.00 0.00168444
55.00 -10.00 0.00207114
60.00 -10.00 0.00184503
65.00 -10.00 0.00109353
70.00 -10.00 0.00072525
75.00 -10.00 0.00128427
80.00 -10.00 0.00218535
85.00 -10.00 0.00255327
90.00 -10.00 0.00220335
95.00 -10.00 0.00156036
100.00 -10.00 0.00113133
105.00 -10.00 0.00111096
110.00 -10.00 0.00117306
115.00 -10.00 0.00089742
120.00 -10.00 0.00054126
125.00 -10.00 0.00065949
130.00 -10.00 0.00083172
135.00 -10.00 1.257e-05
140.00 -10.00 -0.00150402
145.00 -10.00 -0.00206649
150.00 -10.00 -0.00123618
155.00 -10.00 -0.00061311
160.00 -10.00 -0.00126381
165.00 -10.00 -0.00218376
170.00 -10.00 -0.00229656
175.00 -10.00 -0.0021069
180.00 -10.00 -0.00232848
-180.00 -5.00 -0.00276615
-175.00 -5.00 -0.00312771
-170.00 -5.00 -0.00308145
-165.00 -5.00 -0.00303804
-160.00 -5.00 -0.00318753
-155.00 -5.00 -0.00305013
-150.00 -5.00 -0.00269418
-145.00 -5.00 -0.00270339
-140.00 -5.00 -0.00277359
-135.00 -5.00 -0.00208881
-130.00 -5.00 -0.00093453
-125.00 -5.00 -0.00026718
-120.00 -5.00 -0.0002262
-115.00 -5.00 -0.0005526
-110.00 -5.00 -0.00138462
-105.00 -5.00 -0.00225129
-100.00 -5.00 -0.00186663
-95.00 -5.00 -0.00022845
-90.00 -5.00 0.00097995
-85.00 -5.00 0.00107094
-80.00 -5.00 0.00112128
-75.00 -5.00 0.00137784
-70.00 -5.00 0.0006933
-65.00 -5.00 -0.00077817
-60.00 -5.00 -0.00125505
-55.00 -5.00 -0.0003441
-50.00 -5.00 0.00035133
-45.00 -5.00 2.862e-05
-40.00 -5.00 -0.00042504
-35.00 -5.00 -0.00047049
-30.00 -5.00 -0.00059064
-25.00 -5.00 -0.00096201
-20.00 -5.00 -0.00125544
-15.00 -5.00 -0.0015132
-10.00 -5.00 -0.00194424
-5.00 -5.00 -0.00237951
0.00 -5.00 -0.00274494
5.00 -5.00 -0.00326328
10.00 -5.00 -0.00372939
15.00 -5.00 -0.00359205
20.00 -5.00 -0.00295599
25.00 -5.00 -0.00243516
30.00 -5.00 -0.00202956
35.00 -5.00 -0.00120645
40.00 -5.00 5.064e-05
45.00 -5.00 0.00120003
50.00 -5.00 0.00188916
55.00 -5.00 0.00204219
60.00 -5.00 0.00163641
65.00 -5.00 0.00097965
70.00 -5.00 0.00072738
75.00 -5.00 0.00114969
80.00 -5.00 0.00179658
85.00 -5.00 0.00213906
90.00 -5.00 0.00212127
95.00 -5.00 0.00197658
100.00 -5.00 0.00188679
105.00 -5.00 0.00184737
110.00 -5.00 0.00165807
115.00 -5.00 0.00122163
120.00 -5.00 0.00087015
125.00 -5.00 0.00086922
130.00 -5.00 0.00065259
135.00 -5.00 -0.00049533
140.00 -5.00 -0.00194187
145.00 -5.00 -0.00222459
150.00 -5.00 -0.00135891
155.00 -5.00 -0.00104112
160.00 -5.00 -0.00200913
165.00 -5.00 -0.00296133
170.00 -5.00 -0.00287133
175.00 -5.00 -0.00251994
180.00 -5.00 -0.00276615
-180.00 0.00 -0.00263595
-175.00 0.00 -0.00292449
-170.00 0.00 -0.00308118
-165.00 0.00 -0.00326454
-160.00 0.00 -0.00360447
-155.00 0.00 -0.00367239
-150.00 0.00 -0.00333993
-145.00 0.00 -0.00301803
-140.00 0.00 -0.00266742
-135.00 0.00 -0.00179106
-130.00 0.00 -0.0005307
-125.00 0.00 0.00042486
-120.00 0.00 0.00082617
-115.00 0.00 0.00070254
-110.00 0.00 -5.811e-05
-105.00 0.00 -0.00088149
-100.00 0.00 -0.00042096
-95.00 0.00 0.0015021
-90.00 0.00 0.00317553
-85.00 0.00 0.00326601
-80.00 0.00 0.00236136
-75.00 0.00 0.00146748
-70.00 0.00 0.00065997
-65.00 0.00 -6.312e-05
-60.00 0.00 -0.00024534
-55.00 0.00 0.0001218
-50.00 0.00 0.00045462
-45.00 0.00 0.00047868
-40.00 0.00 0.00025533
-35.00 0.00 -0.00028788
-30.00 0.00 -0.00095778
-25.00 0.00 -0.00120081
-20.00 0.00 -0.00111522
-15.00 0.00 -0.00148656
-10.00 0.00 -0.00233382
-5.00 0.00 -0.00276255
0.00 0.00 -0.00258525
5.00 0.00 -0.00258756
10.00 0.00 -0.00298023
15.00 0.00 -0.00311004
20.00 0.00 -0.00281025
25.00 0.00 -0.00258102
30.00 0.00 -0.00239754
35.00 0.00 -0.00165681
40.00 0.00 -0.00034404
45.00 0.00 0.00079443
50.00 0.00 0.00124386
55.00 0.00 0.00116124
60.00 0.00 0.00092706
65.00 0.00 0.00077973
70.00 0.00 0.00078585
75.00 0.00 0.00085863
80.00 0.00 0.00089055
85.00 0.00 0.00094794
90.00 0.00 0.00118341
95.00 0.00 0.00156558
100.00 0.00 0.00186591
105.00 0.00 0.00189954
110.00 0.00 0.0016848
115.00 0.00 0.00140502
120.00 0.00 0.00119529
125.00 0.00 0.00086031
130.00 0.00 -2.733e-05
135.00 0.00 -0.00142377
140.00 0.00 -0.00242835
145.00 0.00 -0.00225222
150.00 0.00 -0.00150888
155.00 0.00 -0.00163176
160.00 0.00 -0.00283386
165.00 0.00 -0.00373671
170.00 0.00 -0.003441
175.00 0.00 -0.00274086
180.00 0.00 -0.00263595
-180.00 5.00 -0.0023964
-175.00 5.00 -0.00264468
-170.00 5.00 -0.00292227
-165.00 5.00 -0.00307101
-160.00 5.00 -0.00316803
-155.00 5.00 -0.00311874
-150.00 5.00 -0.00288765
-145.00 5.00 -0.00266943
-140.00 5.00 -0.00238521
-135.00 5.00 -0.00159321
-130.00 5.00 -0.00026469
-125.00 5.00 0.00094872
-120.00 5.00 0.00142584
-115.00 5.00 0.00104961
-110.00 5.00 0.0001566
-105.00 5.00 -0.0003819
-100.00 5.00 0.00046716
-95.00 5.00 0.00260481
-90.00 5.00 0.00438012
-85.00 5.00 0.00429522
-80.00 5.00 0.00269169
-75.00 5.00 0.00111156
-70.00 5.00 0.00048402
-65.00 5.00 0.00050754
-60.00 5.00 0.00047772
-55.00 5.00 0.00026361
-50.00 5.00 0.00035157
-45.00 5.00 0.00088233
-40.00 5.00 0.00107946
-35.00 5.00 0.00033633
-30.00 5.00 -0.00059757
-25.00 5.00 -0.00069849
-20.00 5.00 -0.00047421
-15.00 5.00 -0.00113871
-10.00 5.00 -0.00237726
-5.00 5.00 -0.00272853
0.00 5.00 -0.00197364
5.00 5.00 -0.00135864
10.00 5.00 -0.00154698
15.00 5.00 -0.00197673
20.00 5.00 -0.00217062
25.00 5.00 -0.00223593
30.00 5.00 -0.00208728
35.00 5.00 -0.00138102
40.00 5.00 -0.00030132
45.00 5.00 0.00043146
50.00 5.00 0.00042564
55.00 5.00 1.095e-05
60.00 5.00 -0.0002322
65.00 5.00 -5.859e-05
70.00 5.00 0.00030648
75.00 5.00 0.00048513
80.00 5.00 0.0003849
85.00 5.00 0.00029619
90.00 5.00 0.00052446
95.00 5.00 0.00098877
100.00 5.00 0.00127908
105.00 5.00 0.00114384
110.00 5.00 0.00082647
115.00 5.00 0.00072594
120.00 5.00 0.00074523
125.00 5.00 0.00032454
130.00 5.00 -0.00073137
135.00 5.00 -0.00181632
140.00 5.00 -0.00219213
145.00 5.00 -0.00188508
150.00 5.00 -0.00166335
155.00 5.00 -0.00215769
160.00 5.00 -0.00311637
165.00 5.00 -0.0036522
170.00 5.00 -0.00330861
175.00 5.00 -0.0026304
180.00 5.00 -0.0023964
-180.00 10.00 -0.00232704
-175.00 10.00 -0.00270042
-170.00 10.00 -0.00288447
-165.00 10.00 -0.00265782
-160.00 10.00 -0.00229311
-155.00 10.00 -0.00210291
-150.00 10.00 -0.00208293
-145.00 10.00 -0.0020958
-140.00 10.00 -0.00192927
-135.00 10.00 -0.00121305
-130.00 10.00 0.00012657
-125.00 10.00 0.00136914
-120.00 10.00 0.00156042
-115.00 10.00 0.00062991
-110.00 10.00 -0.00043602
-105.00 10.00 -0.00052869
-100.00 10.00 0.00065814
-95.00 10.00 0.00242508
-90.00 10.00 0.00356064
-85.00 10.00 0.00327846
-80.00 10.00 0.00196434
-75.00 10.00 0.00086964
-70.00 10.00 0.00080289
-65.00 10.00 0.00125532
-60.00 10.00 0.00120102
-55.00 10.00 0.0006291
-50.00 10.00 0.00052479
-45.00 10.00 0.00115632
-40.00 10.00 0.00143427
-35.00 10.00 0.00063462
-30.00 10.00 -0.00034824
-25.00 10.00 -0.00052062
-20.00 10.00 -0.00048828
-15.00 10.00 -0.00125724
-10.00 10.00 -0.00225165
-5.00 10.00 -0.00212952
0.00 10.00 -0.000987
5.00 10.00 -0.000228
10.00 10.00 -0.00056535
15.00 10.00 -0.00139806
20.00 10.00 -0.00194181
25.00 10.00 -0.00197361
30.00 10.00 -0.0015888
35.00 10.00 -0.00096306
40.00 10.00 -0.00036966
45.00 10.00 -7.815e-05
50.00 10.00 -0.00021006
55.00 10.00 -0.00067608
60.00 10.00 -0.00111906
65.00 10.00 -0.00107202
70.00 10.00 -0.00042879
75.00 10.00 0.00035406
80.00 10.00 0.00074343
85.00 10.00 0.00072234
90.00 10.00 0.00069957
95.00 10.00 0.00087531
100.00 10.00 0.00095526
105.00 10.00 0.00065868
110.00 10.00 0.00025965
115.00 10.00 0.00018156
120.00 10.00 0.00020391
125.00 10.00 -0.00024723
130.00 10.00 -0.0010365
135.00 10.00 -0.00139488
140.00 10.00 -0.00117402
145.00 10.00 -0.00111696
150.00 10.00 -0.00166785
155.00 10.00 -0.0023736
160.00 10.00 -0.00268131
165.00 10.00 -0.00258063
170.00 10.00 -0.00233151
175.00 10.00 -0.00217896
180.00 10.00 -0.00232704
-180.00 15.00 -0.00195321
-175.00 15.00 -0.00251646
-170.00 15.00 -0.00265467
-165.00 15.00 -0.00228831
-160.00 15.00 -0.00187689
-155.00 15.00 -0.00180795
-150.00 15.00 -0.00185328
-145.00 15.00 -0.00164304
-140.00 15.00 -0.00114831
-135.00 15.00 -0.00036696
-130.00 15.00 0.00074088
-125.00 15.00 0.00166581
-120.00 15.00 0.00156423
-115.00 15.00 0.00052572
-110.00 15.00 -0.00017928
-105.00 15.00 0.00036156
-100.00 15.00 0.00159219
-95.00 15.00 0.00237504
-90.00 15.00 0.00234684
-85.00 15.00 0.00192363
-80.00 15.00 0.00154776
-75.00 15.00 0.00143874
-70.00 15.00 0.0016275
-65.00 15.00 0.00180543
-60.00 15.00 0.00157167
-55.00 15.00 0.00112533
-50.00 15.00 0.00111984
-45.00 15.00 0.00152646
-40.00 15.00 0.00142839
-35.00 15.00 0.00039639
-30.00 15.00 -0.00079719
-25.00 15.00 -0.00141093
-20.00 15.00 -0.00175584
-15.00 15.00 -0.00226359
-10.00 15.00 -0.00245061
-5.00 15.00 -0.00173427
0.00 15.00 -0.00062427
5.00 15.00 -0.00020712
10.00 15.00 -0.00079725
15.00 15.00 -0.00170361
20.00 15.00 -0.00208746
25.00 15.00 -0.00171555
30.00 15.00 -0.00105822
35.00 15.00 -0.00074808
40.00 15.00 -0.00084138
45.00 15.00 -0.00083436
50.00 15.00 -0.00055035
55.00 15.00 -0.00048996
60.00 15.00 -0.0009342
65.00 15.00 -0.0012687
70.00 15.00 -0.00077682
75.00 15.00 0.00028125
80.00 15.00 0.00098607
85.00 15.00 0.00096906
90.00 15.00 0.00074088
95.00 15.00 0.00080211
100.00 15.00 0.00097338
105.00 15.00 0.00089562
110.00 15.00 0.00071709
115.00 15.00 0.0007044
120.00 15.00 0.00053517
125.00 15.00 -0.00017982
130.00 15.00 -0.00090936
135.00 15.00 -0.00080523
140.00 15.00 -0.00019665
145.00 15.00 -0.00026325
150.00 15.00 -0.0011724
155.00 15.00 -0.0018135
160.00 15.00 -0.00154317
165.00 15.00 -0.00098403
170.00 15.00 -0.00089565
175.00 15.00 -0.00131643
180.00 15.00 -0.00195318
-180.00 20.00 -0.00120096
-175.00 20.00 -0.00162672
-170.00 20.00 -0.0016749
-165.00 20.00 -0.00146604
-160.00 20.00 -0.00143148
-155.00 20.00 -0.00166104
-150.00 20.00 -0.00159339
-145.00 20.00 -0.00086382
-140.00 20.00 9.72e-05
-135.00 20.00 0.00079863
-130.00 20.00 0.00130848
-125.00 20.00 0.00165057
-120.00 20.00 0.00147348
-115.00 20.00 0.00094557
-110.00 20.00 0.0010425
-105.00 20.00 0.00214347
-100.00 20.00 0.00317259
-95.00 20.00 0.00302031
-90.00 20.00 0.00213072
-85.00 20.00 0.00175671
-80.00 20.00 0.00216645
-75.00 20.00 0.00251562
-70.00 20.00 0.00218844
-65.00 20.00 0.00145086
-60.00 20.00 0.00090831
-55.00 20.00 0.0009054
-50.00 20.00 0.00134508
-45.00 20.00 0.00169257
-40.00 20.00 0.00132588
-35.00 20.00 0.00017043
-30.00 20.00 -0.00121665
-25.00 20.00 -0.00230634
-20.00 20.00 -0.00297864
-15.00 20.00 -0.00319074
-10.00 20.00 -0.00281196
-5.00 20.00 -0.00200304
0.00 20.00 -0.00131715
5.00 20.00 -0.00118998
10.00 20.00 -0.00154227
15.00 20.00 -0.00188844
20.00 20.00 -0.00169611
25.00 20.00 -0.00088329
30.00 20.00 -0.0001251
35.00 20.00 -0.00022608
40.00 20.00 -0.00097788
45.00 20.00 -0.00126834
50.00 20.00 -0.00064302
55.00 20.00 3.03e-06
60.00 20.00 -0.00020211
65.00 20.00 -0.00079827
70.00 20.00 -0.00077445
75.00 20.00 -9.078e-05
80.00 20.00 0.00041961
85.00 20.00 0.00039243
90.00 20.00 0.00033441
95.00 20.00 0.00065283
100.00 20.00 0.001044
105.00 20.00 0.00116136
110.00 20.00 0.0012432
115.00 20.00 0.001509
120.00 20.00 0.0014772
125.00 20.00 0.00071364
130.00 20.00 -0.00013584
135.00 20.00 -0.00010119
140.00 20.00 0.00054624
145.00 20.00 0.00064521
150.00 20.00 -1.914e-05
155.00 20.00 -0.00046422
160.00 20.00 -0.00016476
165.00 20.00 0.00023889
170.00 20.00 7.41e-05
175.00 20.00 -0.00054624
180.00 20.00 -0.00120096
-180.00 25.00 -0.00070704
-175.00 25.00 -0.00059976
-170.00 25.00 -0.00030297
-165.00 25.00 -0.00014856
-160.00 25.00 -0.00046371
-155.00 25.00 -0.00099729
-150.00 25.00 -0.00095361
-145.00 25.00 -3.834e-05
-140.00 25.00 0.00102243
-135.00 25.00 0.00146079
-130.00 25.00 0.00137877
-125.00 25.00 0.00121995
-120.00 25.00 0.0010539
-115.00 25.00 0.00098052
-110.00 25.00 0.00147084
-105.00 25.00 0.00252396
-100.00 25.00 0.00316143
-95.00 25.00 0.00266049
-90.00 25.00 0.00177663
-85.00 25.00 0.00178776
-80.00 25.00 0.00264696
-75.00 25.00 0.00303783
-70.00 25.00 0.0021804
-65.00 25.00 0.00075306
-60.00 25.00 -8.277e-05
-55.00 25.00 5.727e-05
-50.00 25.00 0.00067881
-45.00 25.00 0.00110253
-40.00 25.00 0.00097176
-35.00 25.00 0.00027957
-30.00 25.00 -0.0007971
-25.00 25.00 -0.00196818
-20.00 25.00 -0.00283989
-15.00 25.00 -0.00310452
-10.00 25.00 -0.00283491
-5.00 25.00 -0.00241788
0.00 25.00 -0.0021096
5.00 25.00 -0.00186648
10.00 25.00 -0.00162609
15.00 25.00 -0.00137529
20.00 25.00 -0.00090849
25.00 25.00 -6.636e-05
30.00 25.00 0.00067347
35.00 25.00 0.00053133
40.00 25.00 -0.00038934
45.00 25.00 -0.00098316
50.00 25.00 -0.00060804
55.00 25.00 4.119e-05
60.00 25.00 3.738e-05
65.00 25.00 -0.0004662
70.00 25.00 -0.00068205
75.00 25.00 -0.00042306
80.00 25.00 -0.00011769
85.00 25.00 0.00011172
90.00 25.00 0.00056529
95.00 25.00 0.00118197
100.00 25.00 0.00141858
105.00 25.00 0.00115971
110.00 25.00 0.00107622
115.00 25.00 0.00161349
120.00 25.00 0.00217716
125.00 25.00 0.0019869
130.00 25.00 0.00132234
135.00 25.00 0.00109377
140.00 25.00 0.00142446
145.00 25.00 0.00158022
150.00 25.00 0.00122637
155.00 25.00 0.00081645
160.00 25.00 0.00065967
165.00 25.00 0.00046836
170.00 25.00 9e-06
175.00 25.00 -0.00048504
180.00 25.00 -0.00070704
-180.00 30.00 -0.0006246
-175.00 30.00 -0.00011286
-170.00 30.00 0.00049737
-165.00 30.00 0.00073008
-160.00 30.00 0.00028851
-155.00 30.00 -0.00045309
-150.00 30.00 -0.00065634
-145.00 30.00 -1.068e-05
-140.00 30.00 0.00083571
-135.00 30.00 0.00113505
-130.00 30.00 0.00090975
-125.00 30.00 0.00061902
-120.00 30.00 0.00045183
-115.00 30.00 0.0004224
-110.00 30.00 0.00069558
-105.00 30.00 0.00122997
-100.00 30.00 0.00147741
-95.00 30.00 0.00108462
-90.00 30.00 0.00062193
-85.00 30.00 0.00093057
-80.00 30.00 0.00187179
-75.00 30.00 0.00239031
-70.00 30.00 0.00185142
-65.00 30.00 0.00074334
-60.00 30.00 -7.101e-05
-55.00 30.00 -0.00029886
-50.00 30.00 -0.00018192
-45.00 30.00 6.651e-05
-40.00 30.00 0.00037434
-35.00 30.00 0.00051033
-30.00 30.00 0.00010785
-25.00 30.00 -0.00086868
-20.00 30.00 -0.00192936
-15.00 30.00 -0.00253455
-10.00 30.00 -0.00261225
-5.00 30.00 -0.00240138
0.00 30.00 -0.00199092
5.00 30.00 -0.00137721
10.00 30.00 -0.00082215
15.00 30.00 -0.00063432
20.00 30.00 -0.00060078
25.00 30.00 -0.00020217
30.00 30.00 0.00050397
35.00 30.00 0.00081192
40.00 30.00 0.00040146
45.00 30.00 -0.00014304
50.00 30.00 -0.00018927
55.00 30.00 8.994e-05
60.00 30.00 0.00014913
65.00 30.00 -7.383e-05
70.00 30.00 -0.00022266
75.00 30.00 -0.00012762
80.00 30.00 0.0001626
85.00 30.00 0.00072783
90.00 30.00 0.00159204
95.00 30.00 0.0022746
100.00 30.00 0.00213657
105.00 30.00 0.00132531
110.00 30.00 0.0008427
115.00 30.00 0.00135018
120.00 30.00 0.00231393
125.00 30.00 0.00275097
130.00 30.00 0.00248838
135.00 30.00 0.00214836
140.00 30.00 0.00210558
145.00 30.00 0.00209199
150.00 30.00 0.00180609
155.00 30.00 0.00132063
160.00 30.00 0.00078246
165.00 30.00 0.00018639
170.00 30.00 -0.0004026
175.00 30.00 -0.00073746
180.00 30.00 -0.0006246
-180.00 35.00 -0.00045255
-175.00 35.00 -2.793e-05
-170.00 35.00 0.00052233
-165.00 35.00 0.0007548
-160.00 35.00 0.00038565
-155.00 35.00 -0.0002976
-150.00 35.00 -0.00062289
-145.00 35.00 -0.00028407
-140.00 35.00 0.00030987
-135.00 35.00 0.00058968
-130.00 35.00 0.00047433
-125.00 35.00 0.00025854
-120.00 35.00 0.00013827
-115.00 35.00 0.00015456
-110.00 35.00 0.00037797
-105.00 35.00 0.00077355
-100.00 35.00 0.00101691
-95.00 35.00 0.00081963
-90.00 35.00 0.00039102
-85.00 35.00 0.00024645
-80.00 35.00 0.00056217
-75.00 35.00 0.00100593
-70.00 35.00 0.00120579
-65.00 35.00 0.00108996
-60.00 35.00 0.00072951
-55.00 35.00 0.00018147
-50.00 35.00 -0.00034311
-45.00 35.00 -0.00043545
-40.00 35.00 7.371e-05
-35.00 35.00 0.00071523
-30.00 35.00 0.00071892
-25.00 35.00 -0.00017949
-20.00 35.00 -0.00144921
-15.00 35.00 -0.00233433
-10.00 35.00 -0.00250761
-5.00 35.00 -0.00207825
0.00 35.00 -0.00126552
5.00 35.00 -0.00037311
10.00 35.00 0.00012696
15.00 35.00 -4.404e-05
20.00 35.00 -0.00050814
25.00 35.00 -0.00053601
30.00 35.00 7.23e-05
35.00 35.00 0.00075498
40.00 35.00 0.00096303
45.00 35.00 0.00080982
50.00 35.00 0.00073743
55.00 35.00 0.00085887
60.00 35.00 0.0009402
65.00 35.00 0.00083793
70.00 35.00 0.00065178
75.00 35.00 0.00055479
80.00 35.00 0.00071703
85.00 35.00 0.00127716
90.00 35.00 0.00210084
95.00 35.00 0.00264228
100.00 35.00 0.0024024
105.00 35.00 0.00159648
110.00 35.00 0.00106104
115.00 35.00 0.00133299
120.00 35.00 0.00205614
125.00 35.00 0.00249612
130.00 35.00 0.00242106
135.00 35.00 0.00218502
140.00 35.00 0.00208995
145.00 35.00 0.00203358
150.00 35.00 0.00179397
155.00 35.00 0.00134682
160.00 35.00 0.00080301
165.00 35.00 0.00024834
170.00 35.00 -0.00023733
175.00 35.00 -0.00051756
180.00 35.00 -0.00045255
-180.00 40.00 -0.00013092
-175.00 40.00 1.674e-05
-170.00 40.00 0.00033579
-165.00 40.00 0.00055581
-160.00 40.00 0.00046014
-155.00 40.00 0.00017118
-150.00 40.00 5.394e-05
-145.00 40.00 0.00027861
-140.00 40.00 0.00060333
-135.00 40.00 0.00067824
-130.00 40.00 0.00045048
-125.00 40.00 0.00016668
-120.00 40.00 9.321e-05
-115.00 40.00 0.00036948
-110.00 40.00 0.00101472
-105.00 40.00 0.00185877
-100.00 40.00 0.0024849
-95.00 40.00 0.00245883
-90.00 40.00 0.00172116
-85.00 40.00 0.00069324
-80.00 40.00 -3.891e-05
-75.00 40.00 -0.00013158
-70.00 40.00 0.00033372
-65.00 40.00 0.00092112
-60.00 40.00 0.00111279
-55.00 40.00 0.00071106
-50.00 40.00 7.617e-05
-45.00 40.00 -0.00015735
-40.00 40.00 0.00025503
-35.00 40.00 0.00082827
-30.00 40.00 0.00079866
-25.00 40.00 -8.676e-05
-20.00 40.00 -0.00132474
-15.00 40.00 -0.00217236
-10.00 40.00 -0.00226284
-5.00 40.00 -0.00170766
0.00 40.00 -0.00083433
5.00 40.00 -1.158e-05
10.00 40.00 0.00042279
15.00 40.00 0.00036297
20.00 40.00 0.00010293
25.00 40.00 9.282e-05
30.00 40.00 0.00045135
35.00 40.00 0.00086868
40.00 40.00 0.00104691
45.00 40.00 0.00105813
50.00 40.00 0.00115212
55.00 40.00 0.0013623
60.00 40.00 0.00147711
65.00 40.00 0.00134166
70.00 40.00 0.00104421
75.00 40.00 0.00082311
80.00 40.00 0.00088428
85.00 40.00 0.00126759
90.00 40.00 0.00177492
95.00 40.00 0.00205665
100.00 40.00 0.00191139
105.00 40.00 0.00153
110.00 40.00 0.00132714
115.00 40.00 0.00148545
120.00 40.00 0.00177546
125.00 40.00 0.00188715
130.00 40.00 0.00181566
135.00 40.00 0.00179028
140.00 40.00 0.00190218
145.00 40.00 0.00197412
150.00 40.00 0.00180621
155.00 40.00 0.00141123
160.00 40.00 0.000954
165.00 40.00 0.0005538
170.00 40.00 0.00022311
175.00 40.00 -3.258e-05
180.00 40.00 -0.00013092
-180.00 45.00 -5.334e-05
-175.00 45.00 7.68e-06
-170.00 45.00 0.00025029
-165.00 45.00 0.00056415
-160.00 45.00 0.00081213
-155.00 45.00 0.00097647
-150.00 45.00 0.00113784
-145.00 45.00 0.00130131
-140.00 45.00 0.00131949
-135.00 45.00 0.00104703
-130.00 45.00 0.00054117
-125.00 45.00 6.624e-05
-120.00 45.00 -7.932e-05
-115.00 45.00 0.00027789
-110.00 45.00 0.00111351
-105.00 45.00 0.00216966
-100.00 45.00 0.00298692
-95.00 45.00 0.00310578
-90.00 45.00 0.00237837
-85.00 45.00 0.00113586
-80.00 45.00 2.166e-05
-75.00 45.00 -0.00041916
-70.00 45.00 -0.00010128
-65.00 45.00 0.00055776
-60.00 45.00 0.00097014
-55.00 45.00 0.0008517
-50.00 45.00 0.00043278
-45.00 45.00 0.00018351
-40.00 45.00 0.00030429
-35.00 45.00 0.00051495
-30.00 45.00 0.00037491
-25.00 45.00 -0.00022869
-20.00 45.00 -0.00096852
-15.00 45.00 -0.00142173
-10.00 45.00 -0.00143853
-5.00 45.00 -0.00115929
0.00 45.00 -0.00077934
5.00 45.00 -0.00039018
10.00 45.00 -4.89e-06
15.00 45.00 0.00037173
20.00 45.00 0.00071445
25.00 45.00 0.00095268
30.00 45.00 0.00096999
35.00 45.00 0.00070935
40.00 45.00 0.0003078
45.00 45.00 4.617e-05
50.00 45.00 9.267e-05
55.00 45.00 0.0003285
60.00 45.00 0.00048858
65.00 45.00 0.00046236
70.00 45.00 0.00040638
75.00 45.00 0.00056067
80.00 45.00 0.00099174
85.00 45.00 0.0015171
90.00 45.00 0.00185376
95.00 45.00 0.00184854
100.00 45.00 0.00160575
105.00 45.00 0.0014001
110.00 45.00 0.00143175
115.00 45.00 0.00165171
120.00 45.00 0.00184767
125.00 45.00 0.00189912
130.00 45.00 0.00189759
135.00 45.00 0.00198708
140.00 45.00 0.00213798
145.00 45.00 0.00214944
150.00 45.00 0.0018732
155.00 45.00 0.00137745
160.00 45.00 0.00086814
165.00 45.00 0.00048864
170.00 45.00 0.00023466
175.00 45.00 4.893e-05
180.00 45.00 -5.331e-05
-180.00 50.00 -0.00013233
-175.00 50.00 -3.984e-05
-170.00 50.00 0.00022176
-165.00 50.00 0.00061299
-160.00 50.00 0.00103512
-155.00 50.00 0.00139509
-150.00 50.00 0.001632
-145.00 50.00 0.00169167
-140.00 50.00 0.00152022
-135.00 50.00 0.00111603
-130.00 50.00 0.00058221
-125.00 50.00 0.0001038
-120.00 50.00 -0.00013938
-115.00 50.00 -5.259e-05
-110.00 50.00 0.00033819
-105.00 50.00 0.0008811
-100.00 50.00 0.00132933
-95.00 50.00 0.00144
-90.00 50.00 0.00112494
-85.00 50.00 0.00054645
-80.00 50.00 4.899e-05
-75.00 50.00 -6.279e-05
-70.00 50.00 0.00025452
-65.00 50.00 0.00074421
-60.00 50.00 0.00104226
-55.00 50.00 0.00095313
-50.00 50.00 0.00057183
-45.00 50.00 0.00015108
-40.00 50.00 -0.0001413
-35.00 50.00 -0.00032541
-30.00 50.00 -0.00049233
-25.00 50.00 -0.00064161
-20.00 50.00 -0.00068115
-15.00 50.00 -0.0005769
-10.00 50.00 -0.00044085
-5.00 50.00 -0.00042603
0.00 50.00 -0.00054294
5.00 50.00 -0.00061479
10.00 50.00 -0.0004341
15.00 50.00 2.892e-05
20.00 50.00 0.00055641
25.00 50.00 0.00081261
30.00 50.00 0.0005808
35.00 50.00 -6.465e-05
40.00 50.00 -0.00079152
45.00 50.00 -0.00124638
50.00 50.00 -0.00130806
55.00 50.00 -0.00112677
60.00 50.00 -0.0009111
65.00 50.00 -0.00068373
70.00 50.00 -0.00026541
75.00 50.00 0.00049545
80.00 50.00 0.00148932
85.00 50.00 0.00235434
90.00 50.00 0.00273324
95.00 50.00 0.00255021
100.00 50.00 0.00206688
105.00 50.00 0.00167418
110.00 50.00 0.00160509
115.00 50.00 0.00180999
120.00 50.00 0.00207621
125.00 50.00 0.00224355
130.00 50.00 0.0022989
135.00 50.00 0.00229089
140.00 50.00 0.00220632
145.00 50.00 0.0019677
150.00 50.00 0.00154272
155.00 50.00 0.00101817
160.00 50.00 0.00054429
165.00 50.00 0.00021528
170.00 50.00 1.992e-05
175.00 50.00 -9.447e-05
180.00 50.00 -0.00013233
-180.00 55.00 3.624e-05
-175.00 55.00 8.121e-05
-170.00 55.00 0.00029163
-165.00 55.00 0.00064329
-160.00 55.00 0.00104244
-155.00 55.00 0.00137334
-150.00 55.00 0.0015507
-145.00 55.00 0.00154596
-140.00 55.00 0.0013863
-135.00 55.00 0.00113787
-130.00 55.00 0.00087729
-125.00 55.00 0.00065841
-120.00 55.00 0.00049347
-115.00 55.00 0.00036318
-110.00 55.00 0.00024513
-105.00 55.00 0.00013161
-100.00 55.00 2.568e-05
-95.00 55.00 -6.627e-05
-90.00 55.00 -0.00012513
-85.00 55.00 -0.00010446
-80.00 55.00 5.715e-05
-75.00 55.00 0.00038526
-70.00 55.00 0.00081615
-65.00 55.00 0.00119604
-60.00 55.00 0.00135147
-55.00 55.00 0.00118581
-50.00 55.00 0.00072825
-45.00 55.00 0.00010467
-40.00 55.00 -0.00053061
-35.00 55.00 -0.00104007
-30.00 55.00 -0.00131244
-25.00 55.00 -0.00127785
-20.00 55.00 -0.00095577
-15.00 55.00 -0.00049164
-10.00 55.00 -0.00010917
-5.00 55.00 2.427e-05
0.00 55.00 -8.106e-05
5.00 55.00 -0.00024588
10.00 55.00 -0.00027027
15.00 55.00 -0.0001041
20.00 55.00 0.00010518
25.00 55.00 0.00013056
30.00 55.00 -0.00014565
35.00 55.00 -0.0006276
40.00 55.00 -0.00107376
45.00 55.00 -0.0012801
50.00 55.00 -0.00121923
55.00 55.00 -0.00101217
60.00 55.00 -0.00076497
65.00 55.00 -0.00043569
70.00 55.00 0.00012708
75.00 55.00 0.00100014
80.00 55.00 0.00203289
85.00 55.00 0.00288471
90.00 55.00 0.00324132
95.00 55.00 0.00303489
100.00 55.00 0.00248796
105.00 55.00 0.00195135
110.00 55.00 0.0016731
115.00 55.00 0.00167628
120.00 55.00 0.00181221
125.00 55.00 0.00190818
130.00 55.00 0.00187647
135.00 55.00 0.00172143
140.00 55.00 0.00148578
145.00 55.00 0.00120993
150.00 55.00 0.00092985
155.00 55.00 0.00068256
160.00 55.00 0.00049194
165.00 55.00 0.00034989
170.00 55.00 0.00022599
175.00 55.00 0.00010857
180.00 55.00 3.624e-05
-180.00 60.00 0.00039114
-175.00 60.00 0.00035238
-170.00 60.00 0.00048081
-165.00 60.00 0.00075195
-160.00 60.00 0.00107496
-155.00 60.00 0.00133974
-150.00 60.00 0.00147297
-145.00 60.00 0.0014709
-140.00 60.00 0.00139308
-135.00 60.00 0.00132261
-130.00 60.00 0.00131565
-125.00 60.00 0.0013686
-120.00 60.00 0.00142155
-115.00 60.00 0.00139623
-110.00 60.00 0.00124485
-105.00 60.00 0.00097962
-100.00 60.00 0.00066687
-95.00 60.00 0.00039483
-90.00 60.00 0.0002382
-85.00 60.00 0.00023688
-80.00 60.00 0.00039087
-75.00 60.00 0.00066246
-70.00 60.00 0.00098061
-65.00 60.00 0.00125058
-60.00 60.00 0.0013734
-55.00 60.00 0.00127314
-50.00 60.00 0.00092232
-45.00 60.00 0.00035736
-40.00 60.00 -0.0003207
-35.00 60.00 -0.00096225
-30.00 60.00 -0.00140697
-25.00 60.00 -0.0015402
-20.00 60.00 -0.00134718
-15.00 60.00 -0.00092871
-10.00 60.00 -0.00045675
-5.00 60.00 -8.781e-05
0.00 60.00 0.00010956
5.00 60.00 0.00016413
10.00 60.00 0.00014622
15.00 60.00 9.864e-05
20.00 60.00 1.278e-05
25.00 60.00 -0.00013374
30.00 60.00 -0.00031971
35.00 60.00 -0.00046374
40.00 60.00 -0.00047184
45.00 60.00 -0.00031077
50.00 60.00 -3.864e-05
55.00 60.00 0.0002427
60.00 60.00 0.00047742
65.00 60.00 0.00070713
70.00 60.00 0.00103158
75.00 60.00 0.00150501
80.00 60.00 0.0020568
85.00 60.00 0.00250974
90.00 60.00 0.00268872
95.00 60.00 0.00253707
100.00 60.00 0.00215166
105.00 60.00 0.00171456
110.00 60.00 0.0013782
115.00 60.00 0.00118908
120.00 60.00 0.00109479
125.00 60.00 0.00101169
130.00 60.00 0.0008931
135.00 60.00 0.00075297
140.00 60.00 0.00064245
145.00 60.00 0.00060699
150.00 60.00 0.00065496
155.00 60.00 0.00074994
160.00 60.00 0.00082707
165.00 60.00 0.00082437
170.00 60.00 0.00071835
175.00 60.00 0.00054507
180.00 60.00 0.00039114
-180.00 65.00 0.00066981
-175.00 65.00 0.00063813
-170.00 65.00 0.00074217
-165.00 65.00 0.00095496
-160.00 65.00 0.00120345
-155.00 65.00 0.00140424
-150.00 65.00 0.00150348
-145.00 65.00 0.00150132
-140.00 65.00 0.00144792
-135.00 65.00 0.00141483
-130.00 65.00 0.00145653
-125.00 65.00 0.00158232
-120.00 65.00 0.00175227
-115.00 65.00 0.00189765
-110.00 65.00 0.00195369
-105.00 65.00 0.0018873
-100.00 65.00 0.00170715
-95.00 65.00 0.00145599
-90.00 65.00 0.00119229
-85.00 65.00 0.0009723
-80.00 65.00 0.00083697
-75.00 65.00 0.00080433
-70.00 65.00 0.00086478
-65.00 65.00 0.00097956
-60.00 65.00 0.00108513
-55.00 65.00 0.00110664
-50.00 65.00 0.00098052
-45.00 65.00 0.00067995
-40.00 65.00 0.00023328
-35.00 65.00 -0.0002757
-30.00 65.00 -0.0007302
-25.00 65.00 -0.00102051
-20.00 65.00 -0.00108477
-15.00 65.00 -0.0009309
-10.00 65.00 -0.00062898
-5.00 65.00 -0.00027948
0.00 65.00 2.466e-05
5.00 65.00 0.00022299
10.00 65.00 0.00029382
15.00 65.00 0.0002481
20.00 65.00 0.00012249
25.00 65.00 -2.577e-05
30.00 65.00 -0.00012756
35.00 65.00 -0.00012123
40.00 65.00 2.115e-05
45.00 65.00 0.00027657
50.00 65.00 0.00057936
55.00 65.00 0.00085515
60.00 65.00 0.00106143
65.00 65.00 0.00120639
70.00 65.00 0.00133248
75.00 65.00 0.00147594
80.00 65.00 0.00163311
85.00 65.00 0.00175839
90.00 65.00 0.00179421
95.00 65.00 0.00171009
100.00 65.00 0.00152172
105.00 65.00 0.00127905
110.00 65.00 0.00103569
115.00 65.00 0.00082383
120.00 65.00 0.00065082
125.00 65.00 0.0005148
130.00 65.00 0.00042249
135.00 65.00 0.00039357
140.00 65.00 0.0004482
145.00 65.00 0.00058716
150.00 65.00 0.00077889
155.00 65.00 0.00096417
160.00 65.00 0.00107772
165.00 65.00 0.00107772
170.00 65.00 0.00096882
175.00 65.00 0.00080514
180.00 65.00 0.00066981
-180.00 70.00 0.00094254
-175.00 70.00 0.00102699
-170.00 70.00 0.0011772
-165.00 70.00 0.00136893
-160.00 70.00 0.00155865
-155.00 70.00 0.00170097
-150.00 70.00 0.00176775
-145.00 70.00 0.00175935
-140.00 70.00 0.00170406
-135.00 70.00 0.00164544
-130.00 70.00 0.00162372
-125.00 70.00 0.00165939
-120.00 70.00 0.00174543
-115.00 70.00 0.00185097
-110.00 70.00 0.00193326
-105.00 70.00 0.0019533
-100.00 70.00 0.0018885
-95.00 70.00 0.00173934
-90.00 70.00 0.00152868
-85.00 70.00 0.0012951
-80.00 70.00 0.0010824
-75.00 70.00 0.00092802
-70.00 70.00 0.00085224
-65.00 70.00 0.0008514
-60.00 70.00 0.00089727
-55.00 70.00 0.00094446
-50.00 70.00 0.00094431
-45.00 70.00 0.00086193
-40.00 70.00 0.00068985
-35.00 70.00 0.00045288
-30.00 70.00 0.00020142
-25.00 70.00 -5.4e-06
-20.00 70.00 -0.00011943
-15.00 70.00 -0.00011955
-10.00 70.00 -1.728e-05
-5.00 70.00 0.00014865
0.00 70.00 0.00032604
5.00 70.00 0.00046569
10.00 70.00 0.00053526
15.00 70.00 0.00052719
20.00 70.00 0.00045963
25.00 70.00 0.00036966
30.00 70.00 0.00030123
35.00 70.00 0.00029028
40.00 70.00 0.00035271
45.00 70.00 0.00047985
50.00 70.00 0.00064389
55.00 70.00 0.00081105
60.00 70.00 0.00095541
65.00 70.00 0.00106674
70.00 70.00 0.00114855
75.00 70.00 0.00120906
80.00 70.00 0.00125175
85.00 70.00 0.00127146
90.00 70.00 0.00125748
95.00 70.00 0.00120093
100.00 70.00 0.00110079
105.00 70.00 0.00096543
110.00 70.00 0.00081018
115.00 70.00 0.00065352
120.00 70.00 0.00051438
125.00 70.00 0.00041091
130.00 70.00 0.00035904
135.00 70.00 0.00036888
140.00 70.00 0.0004401
145.00 70.00 0.00055842
150.00 70.00 0.00069639
155.00 70.00 0.00082083
160.00 70.00 0.00090426
165.00 70.00 0.0009366
170.00 70.00 0.00093102
175.00 70.00 0.00092001
180.00 70.00 0.00094254
-180.00 75.00 0.0012153
-175.00 75.00 0.00144345
-170.00 75.00 0.00167814
-165.00 75.00 0.00190326
-160.00 75.00 0.00209955
-155.00 75.00 0.00224979
-150.00 75.00 0.0023439
-145.00 75.00 0.00238197
-140.00 75.00 0.00237411
-135.00 75.00 0.00233685
-130.00 75.00 0.00228777
-125.00 75.00 0.0022401
-120.00 75.00 0.00219897
-115.00 75.00 0.00216069
-110.00 75.00 0.00211521
-105.00 75.00 0.00205044
-100.00 75.00 0.00195723
-95.00 75.00 0.00183327
-90.00 75.00 0.00168486
-85.00 75.00 0.00152595
-80.00 75.00 0.0013746
-75.00 75.00 0.00124845
-70.00 75.00 0.0011598
-65.00 75.00 0.00111222
-60.00 75.00 0.0010998
-55.00 75.00 0.00110907
-50.00 75.00 0.00112329
-45.00 75.00 0.00112797
-40.00 75.00 0.00111525
-35.00 75.00 0.00108651
-30.00 75.00 0.00105132
-25.00 75.00 0.00102387
-20.00 75.00 0.00101769
-15.00 75.00 0.00104061
-10.00 75.00 0.00109176
-5.00 75.00 0.00116142
0.00 75.00 0.00123393
5.00 75.00 0.00129252
10.00 75.00 0.00132411
15.00 75.00 0.00132309
20.00 75.00 0.00129243
25.00 75.00 0.00124245
30.00 75.00 0.00118686
35.00 75.00 0.00113883
40.00 75.00 0.00110703
45.00 75.00 0.00109398
50.00 75.00 0.00109623
55.00 75.00 0.00110652
60.00 75.00 0.00111633
65.00 75.00 0.00111828
70.00 75.00 0.00110688
75.00 75.00 0.00107874
80.00 75.00 0.00103152
85.00 75.00 0.00096366
90.00 75.00 0.00087411
95.00 75.00 0.00076311
100.00 75.00 0.00063333
105.00 75.00 0.00049041
110.00 75.00 0.0003432
115.00 75.00 0.00020307
120.00 75.00 8.256e-05
125.00 75.00 -6.51e-06
130.00 75.00 -5.499e-05
135.00 75.00 -5.793e-05
140.00 75.00 -1.551e-05
145.00 75.00 6.705e-05
150.00 75.00 0.00018129
155.00 75.00 0.00031788
160.00 75.00 0.00046965
165.00 75.00 0.00063339
170.00 75.00 0.00081012
175.00 75.00 0.00100335
180.00 75.00 0.0012153
-180.00 80.00 0.00120159
-175.00 80.00 0.00146706
-170.00 80.00 0.00172275
-165.00 80.00 0.00196002
-160.00 80.00 0.00217098
-155.00 80.00 0.00234933
-150.00 80.00 0.0024909
-145.00 80.00 0.00259428
-140.00 80.00 0.00266043
-135.00 80.00 0.00269232
-130.00 80.00 0.00269415
-125.00 80.00 0.00267042
-120.00 80.00 0.00262539
-115.00 80.00 0.00256254
-110.00 80.00 0.0024846
-105.00 80.00 0.00239418
-100.00 80.00 0.00229395
-95.00 80.00 0.00218718
-90.00 80.00 0.00207798
-85.00 80.00 0.00197112
-80.00 80.00 0.00187173
-75.00 80.00 0.00178458
-70.00 80.00 0.00171336
-65.00 80.00 0.00166026
-60.00 80.00 0.00162576
-55.00 80.00 0.00160887
-50.00 80.00 0.00160734
-45.00 80.00 0.00161847
-40.00 80.00 0.00163962
-35.00 80.00 0.00166875
-30.00 80.00 0.00170433
-25.00 80.00 0.00174522
-20.00 80.00 0.00179016
-15.00 80.00 0.00183747
-10.00 80.00 0.00188451
-5.00 80.00 0.00192789
0.00 80.00 0.00196362
5.00 80.00 0.00198771
10.00 80.00 0.00199692
15.00 80.00 0.00198906
20.00 80.00 0.00196353
25.00 80.00 0.00192105
30.00 80.00 0.00186345
35.00 80.00 0.00179289
40.00 80.00 0.00171162
45.00 80.00 0.00162135
50.00 80.00 0.0015231
55.00 80.00 0.00141711
60.00 80.00 0.00130311
65.00 80.00 0.00118062
70.00 80.00 0.00104934
75.00 80.00 0.00090921
80.00 80.00 0.00076074
85.00 80.00 0.00060531
90.00 80.00 0.0004452
95.00 80.00 0.00028362
100.00 80.00 0.0001248
105.00 80.00 -2.622e-05
110.00 80.00 -0.00016356
115.00 80.00 -0.00028104
120.00 80.00 -0.00037257
125.00 80.00 -0.00043275
130.00 80.00 -0.00045714
135.00 80.00 -0.00044268
140.00 80.00 -0.00038805
145.00 80.00 -0.00029358
150.00 80.00 -0.00016107
155.00 80.00 6.51e-06
160.00 80.00 0.00020511
165.00 80.00 0.00042993
170.00 80.00 0.00067536
175.00 80.00 0.00093501
180.00 80.00 0.00120159
-180.00 85.00 0.00100776
-175.00 85.00 0.00114942
-170.00 85.00 0.00128862
-165.00 85.00 0.00142233
-160.00 85.00 0.00154791
-155.00 85.00 0.00166329
-150.00 85.00 0.00176685
-145.00 85.00 0.00185733
-140.00 85.00 0.00193374
-135.00 85.00 0.00199557
-130.00 85.00 0.00204291
-125.00 85.00 0.00207639
-120.00 85.00 0.00209715
-115.00 85.00 0.00210642
-110.00 85.00 0.00210537
-105.00 85.00 0.00209544
-100.00 85.00 0.00207819
-95.00 85.00 0.00205557
-90.00 85.00 0.00202944
-85.00 85.00 0.00200154
-80.00 85.00 0.00197322
-75.00 85.00 0.00194568
-70.00 85.00 0.00192003
-65.00 85.00 0.00189732
-60.00 85.00 0.00187833
-55.00 85.00 0.00186345
-50.00 85.00 0.00185256
-45.00 85.00 0.00184518
-40.00 85.00 0.00184083
-35.00 85.00 0.001839
-30.00 85.00 0.001839
-25.00 85.00 0.00183993
-20.00 85.00 0.00184053
-15.00 85.00 0.00183942
-10.00 85.00 0.00183546
-5.00 85.00 0.00182763
0.00 85.00 0.00181494
5.00 85.00 0.00179643
10.00 85.00 0.00177102
15.00 85.00 0.00173787
20.00 85.00 0.00169638
25.00 85.00 0.0016464
30.00 85.00 0.00158799
35.00 85.00 0.00152136
40.00 85.00 0.00144666
45.00 85.00 0.00136428
50.00 85.00 0.00127488
55.00 85.00 0.00117948
60.00 85.00 0.00107928
65.00 85.00 0.00097554
70.00 85.00 0.00086949
75.00 85.00 0.00076245
80.00 85.00 0.0006561
85.00 85.00 0.00055233
90.00 85.00 0.00045324
95.00 85.00 0.00036093
100.00 85.00 0.00027732
105.00 85.00 0.0002043
110.00 85.00 0.00014382
115.00 85.00 9.78e-05
120.00 85.00 6.801e-05
125.00 85.00 5.577e-05
130.00 85.00 6.192e-05
135.00 85.00 8.676e-05
140.00 85.00 0.00013023
145.00 85.00 0.00019209
150.00 85.00 0.0002715
155.00 85.00 0.00036711
160.00 85.00 0.00047697
165.00 85.00 0.00059865
170.00 85.00 0.00072948
175.00 85.00 0.00086679
180.00 85.00 0.00100776
-180.00 90.00 0.00121518
-175.00 90.00 0.00121518
-170.00 90.00 0.00121518
-165.00 90.00 0.00121518
-160.00 90.00 0.00121518
-155.00 90.00 0.00121518
-150.00 90.00 0.00121518
-145.00 90.00 0.00121518
-140.00 90.00 0.00121518
-135.00 90.00 0.00121518
-130.00 90.00 0.00121518
-125.00 90.00 0.00121518
-120.00 90.00 0.00121518
-115.00 90.00 0.00121518
-110.00 90.00 0.00121518
-105.00 90.00 0.00121518
-100.00 90.00 0.00121518
-95.00 90.00 0.00121518
-90.00 90.00 0.00121518
-85.00 90.00 0.00121518
-80.00 90.00 0.00121518
-75.00 90.00 0.00121518
-70.00 90.00 0.00121518
-65.00 90.00 0.00121518
-60.00 90.00 0.00121518
-55.00 90.00 0.00121518
-50.00 90.00 0.00121518
-45.00 90.00 0.00121518
-40.00 90.00 0.00121518
-35.00 90.00 0.00121518
-30.00 90.00 0.00121518
-25.00 90.00 0.00121518
-20.00 90.00 0.00121518
-15.00 90.00 0.00121518
-10.00 90.00 0.00121518
-5.00 90.00 0.00121518
0.00 90.00 0.00121518
5.00 90.00 0.00121518
10.00 90.00 0.00121518
15.00 90.00 0.00121518
20.00 90.00 0.00121518
25.00 90.00 0.00121518
30.00 90.00 0.00121518
35.00 90.00 0.00121518
40.00 90.00 0.00121518
45.00 90.00 0.00121518
50.00 90.00 0.00121518
55.00 90.00 0.00121518
60.00 90.00 0.00121518
65.00 90.00 0.00121518
70.00 90.00 0.00121518
75.00 90.00 0.00121518
80.00 90.00 0.00121518
85.00 90.00 0.00121518
90.00 90.00 0.00121518
95.00 90.00 0.00121518
100.00 90.00 0.00121518
105.00 90.00 0.00121518
110.00 90.00 0.00121518
115.00 90.00 0.00121518
120.00 90.00 0.00121518
125.00 90.00 0.00121518
130.00 90.00 0.00121518
135.00 90.00 0.00121518
140.00 90.00 0.00121518
145.00 90.00 0.00121518
150.00 90.00 0.00121518
155.00 90.00 0.00121518
160.00 90.00 0.00121518
165.00 90.00 0.00121518
170.00 90.00 0.00121518
175.00 90.00 0.00121518
180.00 90.00 0.00121518
