-180.00 -90.00 0.0044641
-175.00 -90.00 0.0044642
-170.00 -90.00 0.0044643
-165.00 -90.00 0.0044643
-160.00 -90.00 0.0044642
-155.00 -90.00 0.0044642
-150.00 -90.00 0.0044641
-145.00 -90.00 0.004464
-140.00 -90.00 0.0044638
-135.00 -90.00 0.0044637
-130.00 -90.00 0.0044635
-125.00 -90.00 0.0044633
-120.00 -90.00 0.0044631
-115.00 -90.00 0.004463
-110.00 -90.00 0.0044628
-105.00 -90.00 0.0044626
-100.00 -90.00 0.0044625
-95.00 -90.00 0.0044623
-90.00 -90.00 0.0044622
-85.00 -90.00 0.0044622
-80.00 -90.00 0.0044621
-75.00 -90.00 0.0044621
-70.00 -90.00 0.0044622
-65.00 -90.00 0.0044622
-60.00 -90.00 0.0044623
-55.00 -90.00 0.0044624
-50.00 -90.00 0.0044625
-45.00 -90.00 0.0044627
-40.00 -90.00 0.0044629
-35.00 -90.00 0.0044631
-30.00 -90.00 0.0044632
-25.00 -90.00 0.0044634
-20.00 -90.00 0.0044636
-15.00 -90.00 0.0044638
-10.00 -90.00 0.0044639
-5.00 -90.00 0.0044641
0.00 -90.00 0.0044642
5.00 -90.00 0.0044642
10.00 -90.00 0.0044643
15.00 -90.00 0.0044643
20.00 -90.00 0.0044642
25.00 -90.00 0.0044642
30.00 -90.00 0.0044641
35.00 -90.00 0.004464
40.00 -90.00 0.0044639
45.00 -90.00 0.0044637
50.00 -90.00 0.0044635
55.00 -90.00 0.0044633
60.00 -90.00 0.0044631
65.00 -90.00 0.004463
70.00 -90.00 0.0044628
75.00 -90.00 0.0044626
80.00 -90.00 0.0044625
85.00 -90.00 0.0044623
90.00 -90.00 0.0044622
95.00 -90.00 0.0044622
100.00 -90.00 0.0044621
105.00 -90.00 0.0044621
110.00 -90.00 0.0044621
115.00 -90.00 0.0044622
120.00 -90.00 0.0044623
125.00 -90.00 0.0044624
130.00 -90.00 0.0044625
135.00 -90.00 0.0044627
140.00 -90.00 0.0044629
145.00 -90.00 0.0044631
150.00 -90.00 0.0044632
155.00 -90.00 0.0044634
160.00 -90.00 0.0044636
165.00 -90.00 0.0044638
170.00 -90.00 0.0044639
175.00 -90.00 0.004464
180.00 -90.00 0.0044641
-180.00 -85.00 0.0043378
-175.00 -85.00 0.0043041
-170.00 -85.00 0.0042525
-165.00 -85.00 0.0041836
-160.00 -85.00 0.0040989
-155.00 -85.00 0.0040004
-150.00 -85.00 0.0038912
-145.00 -85.00 0.0037748
-140.00 -85.00 0.0036552
-135.00 -85.00 0.0035368
-130.00 -85.00 0.0034239
-125.00 -85.00 0.0033211
-120.00 -85.00 0.0032328
-115.00 -85.00 0.0031634
-110.00 -85.00 0.0031163
-105.00 -85.00 0.0030945
-100.00 -85.00 0.0031001
-95.00 -85.00 0.0031345
-90.00 -85.00 0.0031984
-85.00 -85.00 0.0032912
-80.00 -85.00 0.0034116
-75.00 -85.00 0.003557
-70.00 -85.00 0.003724
-65.00 -85.00 0.0039088
-60.00 -85.00 0.0041071
-55.00 -85.00 0.0043139
-50.00 -85.00 0.0045243
-45.00 -85.00 0.0047333
-40.00 -85.00 0.004936
-35.00 -85.00 0.0051284
-30.00 -85.00 0.0053065
-25.00 -85.00 0.0054673
-20.00 -85.00 0.0056079
-15.00 -85.00 0.0057265
-10.00 -85.00 0.0058214
-5.00 -85.00 0.005892
0.00 -85.00 0.0059378
5.00 -85.00 0.0059589
10.00 -85.00 0.005956
15.00 -85.00 0.0059302
20.00 -85.00 0.005883
25.00 -85.00 0.0058161
30.00 -85.00 0.0057316
35.00 -85.00 0.0056321
40.00 -85.00 0.0055202
45.00 -85.00 0.0053985
50.00 -85.00 0.0052695
55.00 -85.00 0.0051357
60.00 -85.00 0.0049995
65.00 -85.00 0.0048635
70.00 -85.00 0.0047301
75.00 -85.00 0.0046016
80.00 -85.00 0.0044801
85.00 -85.00 0.0043677
90.00 -85.00 0.0042668
95.00 -85.00 0.0041797
100.00 -85.00 0.004108
105.00 -85.00 0.0040531
110.00 -85.00 0.0040157
115.00 -85.00 0.003996
120.00 -85.00 0.0039936
125.00 -85.00 0.0040071
130.00 -85.00 0.0040345
135.00 -85.00 0.0040729
140.00 -85.00 0.004119
145.00 -85.00 0.0041691
150.00 -85.00 0.0042195
155.00 -85.00 0.0042665
160.00 -85.00 0.0043066
165.00 -85.00 0.0043362
170.00 -85.00 0.0043527
175.00 -85.00 0.0043538
180.00 -85.00 0.0043378
-180.00 -80.00 0.0059463
-175.00 -80.00 0.0059432
-170.00 -80.00 0.005876
-165.00 -80.00 0.0057468
-160.00 -80.00 0.0055561
-155.00 -80.00 0.0053093
-150.00 -80.00 0.0050187
-145.00 -80.00 0.0046965
-140.00 -80.00 0.0043512
-135.00 -80.00 0.0039926
-130.00 -80.00 0.0036363
-125.00 -80.00 0.0032975
-120.00 -80.00 0.0029863
-115.00 -80.00 0.0027117
-110.00 -80.00 0.0024868
-105.00 -80.00 0.0023253
-100.00 -80.00 0.002234
-95.00 -80.00 0.0022146
-90.00 -80.00 0.0022703
-85.00 -80.00 0.0024046
-80.00 -80.00 0.002613
-75.00 -80.00 0.0028835
-70.00 -80.00 0.0032037
-65.00 -80.00 0.0035624
-60.00 -80.00 0.0039435
-55.00 -80.00 0.0043246
-50.00 -80.00 0.0046855
-45.00 -80.00 0.0050136
-40.00 -80.00 0.0053002
-35.00 -80.00 0.0055355
-30.00 -80.00 0.0057143
-25.00 -80.00 0.0058409
-20.00 -80.00 0.0059232
-15.00 -80.00 0.0059647
-10.00 -80.00 0.0059654
-5.00 -80.00 0.0059282
0.00 -80.00 0.0058578
5.00 -80.00 0.0057534
10.00 -80.00 0.0056102
15.00 -80.00 0.0054281
20.00 -80.00 0.0052141
25.00 -80.00 0.0049754
30.00 -80.00 0.004716
35.00 -80.00 0.0044433
40.00 -80.00 0.0041701
45.00 -80.00 0.0039076
50.00 -80.00 0.0036591
55.00 -80.00 0.0034246
60.00 -80.00 0.003207
65.00 -80.00 0.0030081
70.00 -80.00 0.0028241
75.00 -80.00 0.0026493
80.00 -80.00 0.0024851
85.00 -80.00 0.002339
90.00 -80.00 0.0022182
95.00 -80.00 0.0021294
100.00 -80.00 0.0020842
105.00 -80.00 0.0020986
110.00 -80.00 0.0021828
115.00 -80.00 0.0023379
120.00 -80.00 0.002561
125.00 -80.00 0.0028478
130.00 -80.00 0.0031875
135.00 -80.00 0.0035606
140.00 -80.00 0.0039462
145.00 -80.00 0.0043289
150.00 -80.00 0.0046958
155.00 -80.00 0.0050319
160.00 -80.00 0.0053236
165.00 -80.00 0.0055645
170.00 -80.00 0.0057524
175.00 -80.00 0.005882
180.00 -80.00 0.0059463
-180.00 -75.00 0.0060055
-175.00 -75.00 0.0059378
-170.00 -75.00 0.00579
-165.00 -75.00 0.0055595
-160.00 -75.00 0.0052545
-155.00 -75.00 0.0048934
-150.00 -75.00 0.0045018
-145.00 -75.00 0.0041056
-140.00 -75.00 0.0037242
-135.00 -75.00 0.0033671
-130.00 -75.00 0.0030368
-125.00 -75.00 0.002733
-120.00 -75.00 0.0024573
-115.00 -75.00 0.0022175
-110.00 -75.00 0.0020271
-105.00 -75.00 0.0019009
-100.00 -75.00 0.0018503
-95.00 -75.00 0.0018818
-90.00 -75.00 0.0019977
-85.00 -75.00 0.0021964
-80.00 -75.00 0.0024756
-75.00 -75.00 0.0028317
-70.00 -75.00 0.0032554
-65.00 -75.00 0.0037262
-60.00 -75.00 0.0042102
-55.00 -75.00 0.004663
-50.00 -75.00 0.0050353
-45.00 -75.00 0.0052849
-40.00 -75.00 0.0053882
-35.00 -75.00 0.005347
-30.00 -75.00 0.0051875
-25.00 -75.00 0.0049539
-20.00 -75.00 0.0046974
-15.00 -75.00 0.004463
-10.00 -75.00 0.0042788
-5.00 -75.00 0.0041516
0.00 -75.00 0.0040675
5.00 -75.00 0.0039974
10.00 -75.00 0.0039062
15.00 -75.00 0.0037647
20.00 -75.00 0.003557
25.00 -75.00 0.0032846
30.00 -75.00 0.0029657
35.00 -75.00 0.0026293
40.00 -75.00 0.0023062
45.00 -75.00 0.0020212
50.00 -75.00 0.001788
55.00 -75.00 0.0016073
60.00 -75.00 0.0014673
65.00 -75.00 0.0013481
70.00 -75.00 0.0012269
75.00 -75.00 0.0010833
80.00 -75.00 0.000905
85.00 -75.00 0.0006941
90.00 -75.00 0.0004703
95.00 -75.00 0.0002695
100.00 -75.00 0.0001394
105.00 -75.00 0.0001297
110.00 -75.00 0.0002806
115.00 -75.00 0.0006106
120.00 -75.00 0.0011114
125.00 -75.00 0.0017477
130.00 -75.00 0.0024637
135.00 -75.00 0.0031951
140.00 -75.00 0.0038824
145.00 -75.00 0.004482
150.00 -75.00 0.0049709
155.00 -75.00 0.0053463
160.00 -75.00 0.0056209
165.00 -75.00 0.0058129
170.00 -75.00 0.0059376
175.00 -75.00 0.0060024
180.00 -75.00 0.0060055
-180.00 -70.00 0.0039428
-175.00 -70.00 0.0038425
-170.00 -70.00 0.0036298
-165.00 -70.00 0.0032757
-160.00 -70.00 0.0027968
-155.00 -70.00 0.0022582
-150.00 -70.00 0.0017545
-145.00 -70.00 0.0013739
-140.00 -70.00 0.0011628
-135.00 -70.00 0.0011085
-130.00 -70.00 0.0011511
-125.00 -70.00 0.0012181
-120.00 -70.00 0.0012631
-115.00 -70.00 0.0012877
-110.00 -70.00 0.0013331
-105.00 -70.00 0.0014489
-100.00 -70.00 0.00166
-95.00 -70.00 0.0019507
-90.00 -70.00 0.0022768
-85.00 -70.00 0.0025963
-80.00 -70.00 0.0028978
-75.00 -70.00 0.0032078
-70.00 -70.00 0.003571
-65.00 -70.00 0.0040137
-60.00 -70.00 0.0045133
-55.00 -70.00 0.004991
-50.00 -70.00 0.0053356
-45.00 -70.00 0.0054458
-40.00 -70.00 0.0052722
-35.00 -70.00 0.0048376
-30.00 -70.00 0.0042306
-25.00 -70.00 0.003576
-20.00 -70.00 0.0029996
-15.00 -70.00 0.0025989
-10.00 -70.00 0.0024256
-5.00 -70.00 0.0024804
0.00 -70.00 0.0027151
5.00 -70.00 0.0030431
10.00 -70.00 0.0033589
15.00 -70.00 0.0035663
20.00 -70.00 0.0036069
25.00 -70.00 0.0034774
30.00 -70.00 0.0032261
35.00 -70.00 0.0029286
40.00 -70.00 0.0026548
45.00 -70.00 0.0024426
50.00 -70.00 0.0022905
55.00 -70.00 0.0021678
60.00 -70.00 0.0020334
65.00 -70.00 0.0018517
70.00 -70.00 0.0015974
75.00 -70.00 0.0012553
80.00 -70.00 0.0008203
85.00 -70.00 0.000303
90.00 -70.00 -0.0002596
95.00 -70.00 -0.0007978
100.00 -70.00 -0.0012145
105.00 -70.00 -0.0014059
110.00 -70.00 -0.0012907
115.00 -70.00 -0.0008392
120.00 -70.00 -8.92e-05
125.00 -70.00 0.0008579
130.00 -70.00 0.0018612
135.00 -70.00 0.0027768
140.00 -70.00 0.0034942
145.00 -70.00 0.0039608
150.00 -70.00 0.004187
155.00 -70.00 0.0042312
160.00 -70.00 0.004174
165.00 -70.00 0.0040897
170.00 -70.00 0.0040244
175.00 -70.00 0.0039855
180.00 -70.00 0.0039428
-180.00 -65.00 0.0028987
-175.00 -65.00 0.0030739
-170.00 -65.00 0.0030834
-165.00 -65.00 0.0028297
-160.00 -65.00 0.0022869
-155.00 -65.00 0.0015502
-150.00 -65.00 0.0008226
-145.00 -65.00 0.0003306
-140.00 -65.00 0.000207
-135.00 -65.00 0.000418
-130.00 -65.00 0.0007851
-125.00 -65.00 0.0010955
-120.00 -65.00 0.0012319
-115.00 -65.00 0.0012392
-110.00 -65.00 0.001283
-105.00 -65.00 0.0015319
-100.00 -65.00 0.0020393
-95.00 -65.00 0.0027035
-90.00 -65.00 0.0033271
-85.00 -65.00 0.0037356
-80.00 -65.00 0.0038782
-75.00 -65.00 0.0038511
-70.00 -65.00 0.0038335
-65.00 -65.00 0.0039754
-60.00 -65.00 0.0043063
-55.00 -65.00 0.0047139
-50.00 -65.00 0.0050058
-45.00 -65.00 0.005017
-40.00 -65.00 0.0046983
-35.00 -65.00 0.0041354
-30.00 -65.00 0.0034917
-25.00 -65.00 0.0029189
-20.00 -65.00 0.0024995
-15.00 -65.00 0.0022521
-10.00 -65.00 0.0021795
-5.00 -65.00 0.0023024
0.00 -65.00 0.002641
5.00 -65.00 0.003157
10.00 -65.00 0.0037163
15.00 -65.00 0.0041211
20.00 -65.00 0.0042086
25.00 -65.00 0.0039512
30.00 -65.00 0.0034832
35.00 -65.00 0.0030272
40.00 -65.00 0.0027647
45.00 -65.00 0.0027377
50.00 -65.00 0.0028402
55.00 -65.00 0.0028966
60.00 -65.00 0.002764
65.00 -65.00 0.002393
70.00 -65.00 0.0018184
75.00 -65.00 0.0011089
80.00 -65.00 0.0003233
85.00 -65.00 -0.0004964
90.00 -65.00 -0.0013011
95.00 -65.00 -0.0020109
100.00 -65.00 -0.0025151
105.00 -65.00 -0.0027018
110.00 -65.00 -0.0024979
115.00 -65.00 -0.0019022
120.00 -65.00 -0.0009978
125.00 -65.00 5.96e-05
130.00 -65.00 0.0010774
135.00 -65.00 0.0018807
140.00 -65.00 0.0023682
145.00 -65.00 0.0025434
150.00 -65.00 0.0025029
155.00 -65.00 0.0023841
160.00 -65.00 0.0023048
165.00 -65.00 0.0023267
170.00 -65.00 0.0024566
175.00 -65.00 0.0026654
180.00 -65.00 0.0028987
-180.00 -60.00 0.0030597
-175.00 -60.00 0.0034278
-170.00 -60.00 0.0038435
-165.00 -60.00 0.0041188
-160.00 -60.00 0.0040159
-155.00 -60.00 0.003458
-150.00 -60.00 0.0026417
-145.00 -60.00 0.0019403
-140.00 -60.00 0.001657
-135.00 -60.00 0.0018125
-130.00 -60.00 0.0021374
-125.00 -60.00 0.002282
-120.00 -60.00 0.0020879
-115.00 -60.00 0.0017114
-110.00 -60.00 0.0015067
-105.00 -60.00 0.0017604
-100.00 -60.00 0.0024791
-95.00 -60.00 0.0033806
-90.00 -60.00 0.0040795
-85.00 -60.00 0.0043202
-80.00 -60.00 0.0041056
-75.00 -60.00 0.0036604
-70.00 -60.00 0.0032819
-65.00 -60.00 0.0031769
-60.00 -60.00 0.0033634
-55.00 -60.00 0.0036755
-50.00 -60.00 0.0038725
-45.00 -60.00 0.003803
-40.00 -60.00 0.003526
-35.00 -60.00 0.0032846
-30.00 -60.00 0.00332
-25.00 -60.00 0.0036546
-20.00 -60.00 0.004033
-15.00 -60.00 0.0041036
-10.00 -60.00 0.0037149
-5.00 -60.00 0.0030786
0.00 -60.00 0.002638
5.00 -60.00 0.0027223
10.00 -60.00 0.0032545
15.00 -60.00 0.0037579
20.00 -60.00 0.0036795
25.00 -60.00 0.0027961
30.00 -60.00 0.0013989
35.00 -60.00 0.0001153
40.00 -60.00 -0.0004979
45.00 -60.00 -0.0002935
50.00 -60.00 0.0004247
55.00 -60.00 0.0011481
60.00 -60.00 0.0014866
65.00 -60.00 0.0013374
70.00 -60.00 0.0008284
75.00 -60.00 0.000147
80.00 -60.00 -0.0005802
85.00 -60.00 -0.001284
90.00 -60.00 -0.0018875
95.00 -60.00 -0.0022804
100.00 -60.00 -0.0023679
105.00 -60.00 -0.0021368
110.00 -60.00 -0.0016638
115.00 -60.00 -0.0010598
120.00 -60.00 -0.0004137
125.00 -60.00 0.0002067
130.00 -60.00 0.0007182
135.00 -60.00 0.0010203
140.00 -60.00 0.0010646
145.00 -60.00 0.0009338
150.00 -60.00 0.0008314
155.00 -60.00 0.0009551
160.00 -60.00 0.0013524
165.00 -60.00 0.0018918
170.00 -60.00 0.002385
175.00 -60.00 0.0027501
180.00 -60.00 0.0030597
-180.00 -55.00 0.0017752
-175.00 -55.00 0.0016077
-170.00 -55.00 0.0020451
-165.00 -55.00 0.0028844
-160.00 -55.00 0.0035459
-155.00 -55.00 0.0035526
-150.00 -55.00 0.0029067
-145.00 -55.00 0.0020597
-140.00 -55.00 0.0015217
-135.00 -55.00 0.0014499
-130.00 -55.00 0.0015686
-125.00 -55.00 0.0014822
-120.00 -55.00 0.0010895
-115.00 -55.00 0.0007116
-110.00 -55.00 0.0008057
-105.00 -55.00 0.0015291
-100.00 -55.00 0.0025606
-95.00 -55.00 0.0033429
-90.00 -55.00 0.0035199
-85.00 -55.00 0.0031755
-80.00 -55.00 0.0026962
-75.00 -55.00 0.0024341
-70.00 -55.00 0.0024935
-65.00 -55.00 0.0027735
-60.00 -55.00 0.0031214
-55.00 -55.00 0.0034012
-50.00 -55.00 0.0034824
-45.00 -55.00 0.0032997
-40.00 -55.00 0.003005
-35.00 -55.00 0.0029983
-30.00 -55.00 0.0036496
-25.00 -55.00 0.0048678
-20.00 -55.00 0.0059559
-15.00 -55.00 0.006025
-10.00 -55.00 0.0047143
-5.00 -55.00 0.0026092
0.00 -55.00 0.0009339
5.00 -55.00 0.0006849
10.00 -55.00 0.0018526
15.00 -55.00 0.0033541
20.00 -55.00 0.003771
25.00 -55.00 0.0023667
30.00 -55.00 -0.0003787
35.00 -55.00 -0.0031135
40.00 -55.00 -0.0045525
45.00 -55.00 -0.0042814
50.00 -55.00 -0.0028598
55.00 -55.00 -0.001257
60.00 -55.00 -0.000157
65.00 -55.00 0.0003305
70.00 -55.00 0.0004506
75.00 -55.00 0.0004172
80.00 -55.00 0.0002591
85.00 -55.00 -2.44e-05
90.00 -55.00 -0.0002653
95.00 -55.00 -0.0001699
100.00 -55.00 0.0004077
105.00 -55.00 0.0012576
110.00 -55.00 0.0019255
115.00 -55.00 0.0020756
120.00 -55.00 0.001761
125.00 -55.00 0.0013276
130.00 -55.00 0.0010506
135.00 -55.00 0.0008849
140.00 -55.00 0.0005994
145.00 -55.00 0.0001398
150.00 -55.00 -0.0001979
155.00 -55.00 -1.26e-05
160.00 -55.00 0.0007687
165.00 -55.00 0.001732
170.00 -55.00 0.0022914
175.00 -55.00 0.002201
180.00 -55.00 0.0017752
-180.00 -50.00 0.0003071
-175.00 -50.00 -0.0008187
-170.00 -50.00 -0.0010505
-165.00 -50.00 -0.0004155
-160.00 -50.00 0.0003607
-155.00 -50.00 0.0005178
-150.00 -50.00 -0.0001225
-145.00 -50.00 -0.0010768
-140.00 -50.00 -0.0016863
-135.00 -50.00 -0.0017177
-130.00 -50.00 -0.0015076
-125.00 -50.00 -0.0014995
-120.00 -50.00 -0.0016522
-115.00 -50.00 -0.0013863
-110.00 -50.00 -0.0001996
-105.00 -50.00 0.0016664
-100.00 -50.00 0.0032513
-95.00 -50.00 0.0036676
-90.00 -50.00 0.0029264
-85.00 -50.00 0.001971
-80.00 -50.00 0.0018446
-75.00 -50.00 0.0027829
-70.00 -50.00 0.0041126
-65.00 -50.00 0.0050004
-60.00 -50.00 0.0052147
-55.00 -50.00 0.0051101
-50.00 -50.00 0.0049896
-45.00 -50.00 0.0047213
-40.00 -50.00 0.004093
-35.00 -50.00 0.0033776
-30.00 -50.00 0.003246
-25.00 -50.00 0.0039799
-20.00 -50.00 0.004888
-15.00 -50.00 0.0047162
-10.00 -50.00 0.0027883
-5.00 -50.00 -0.0001898
0.00 -50.00 -0.0024513
5.00 -50.00 -0.0024336
10.00 -50.00 -3.04e-05
15.00 -50.00 0.0031499
20.00 -50.00 0.0048137
25.00 -50.00 0.0036121
30.00 -50.00 0.0001249
35.00 -50.00 -0.0036059
40.00 -50.00 -0.0056059
45.00 -50.00 -0.0052919
50.00 -50.00 -0.0035729
55.00 -50.00 -0.0018315
60.00 -50.00 -0.0007993
65.00 -50.00 -0.0002679
70.00 -50.00 0.0003019
75.00 -50.00 0.0010419
80.00 -50.00 0.0015866
85.00 -50.00 0.0016439
90.00 -50.00 0.0015075
95.00 -50.00 0.0018708
100.00 -50.00 0.003083
105.00 -50.00 0.0046256
110.00 -50.00 0.0054263
115.00 -50.00 0.0048004
120.00 -50.00 0.0031302
125.00 -50.00 0.0015652
130.00 -50.00 0.0009759
135.00 -50.00 0.0011862
140.00 -50.00 0.0012715
145.00 -50.00 0.0006075
150.00 -50.00 -0.0004389
155.00 -50.00 -0.0008963
160.00 -50.00 -0.0002265
165.00 -50.00 0.001072
170.00 -50.00 0.0018948
175.00 -50.00 0.0015393
180.00 -50.00 0.0003072
-180.00 -45.00 0.0016946
-175.00 -45.00 3.43e-05
-170.00 -45.00 -0.0011267
-165.00 -45.00 -0.0014384
-160.00 -45.00 -0.001351
-155.00 -45.00 -0.0015886
-150.00 -45.00 -0.0024444
-145.00 -45.00 -0.0034783
-140.00 -45.00 -0.0039329
-135.00 -45.00 -0.0035348
-130.00 -45.00 -0.0028147
-125.00 -45.00 -0.0024768
-120.00 -45.00 -0.0024664
-115.00 -45.00 -0.0018937
-110.00 -45.00 -5.05e-05
-105.00 -45.00 0.0025734
-100.00 -45.00 0.0044916
-95.00 -45.00 0.0045883
-90.00 -45.00 0.0033129
-85.00 -45.00 0.0024169
-80.00 -45.00 0.0033369
-75.00 -45.00 0.0057616
-70.00 -45.00 0.0078946
-65.00 -45.00 0.0082432
-60.00 -45.00 0.0070657
-55.00 -45.00 0.005888
-50.00 -45.00 0.005666
-45.00 -45.00 0.0057564
-40.00 -45.00 0.0048785
-35.00 -45.00 0.0028251
-30.00 -45.00 0.0008096
-25.00 -45.00 8.01e-05
-20.00 -45.00 0.0005129
-15.00 -45.00 0.0007664
-10.00 -45.00 -0.0003243
-5.00 -45.00 -0.002614
0.00 -45.00 -0.0046984
5.00 -45.00 -0.0049499
10.00 -45.00 -0.0028042
15.00 -45.00 0.0005573
20.00 -45.00 0.0028328
25.00 -45.00 0.0023373
30.00 -45.00 -0.0005617
35.00 -45.00 -0.0037363
40.00 -45.00 -0.005117
45.00 -45.00 -0.0043202
50.00 -45.00 -0.0026537
55.00 -45.00 -0.0016966
60.00 -45.00 -0.0018809
65.00 -45.00 -0.0023322
70.00 -45.00 -0.0019875
75.00 -45.00 -0.0007818
80.00 -45.00 0.0003482
85.00 -45.00 0.0006125
90.00 -45.00 0.0003559
95.00 -45.00 0.000754
100.00 -45.00 0.0025061
105.00 -45.00 0.0048881
110.00 -45.00 0.0061989
115.00 -45.00 0.0053025
120.00 -45.00 0.0028268
125.00 -45.00 0.0007402
130.00 -45.00 0.000553
135.00 -45.00 0.0019008
140.00 -45.00 0.0029923
145.00 -45.00 0.0024559
150.00 -45.00 0.0006589
155.00 -45.00 -0.0007703
160.00 -45.00 -0.0005768
165.00 -45.00 0.0009967
170.00 -45.00 0.0025521
175.00 -45.00 0.0028301
180.00 -45.00 0.0016946
-180.00 -40.00 0.0037892
-175.00 -40.00 0.0020007
-170.00 -40.00 0.0001404
-165.00 -40.00 -0.0008826
-160.00 -40.00 -0.0009713
-155.00 -40.00 -0.0008453
-150.00 -40.00 -0.0012802
-145.00 -40.00 -0.0021943
-140.00 -40.00 -0.0026466
-135.00 -40.00 -0.0019613
-130.00 -40.00 -0.0006519
-125.00 -40.00 0.000152
-120.00 -40.00 0.000127
-115.00 -40.00 0.0001624
-110.00 -40.00 0.0012037
-105.00 -40.00 0.0029957
-100.00 -40.00 0.0042502
-95.00 -40.00 0.004058
-90.00 -40.00 0.0030313
-85.00 -40.00 0.0029013
-80.00 -40.00 0.0047487
-75.00 -40.00 0.0075624
-70.00 -40.00 0.0088911
-65.00 -40.00 0.0073065
-60.00 -40.00 0.0040903
-55.00 -40.00 0.0020125
-50.00 -40.00 0.0023473
-45.00 -40.00 0.0035488
-40.00 -40.00 0.00316
-35.00 -40.00 0.0006472
-30.00 -40.00 -0.0021713
-25.00 -40.00 -0.0033138
-20.00 -40.00 -0.0025897
-15.00 -40.00 -0.001327
-10.00 -40.00 -0.0008963
-5.00 -40.00 -0.001866
0.00 -40.00 -0.003921
5.00 -40.00 -0.0059226
10.00 -40.00 -0.0064672
15.00 -40.00 -0.0052014
20.00 -40.00 -0.0035028
25.00 -40.00 -0.0032005
30.00 -40.00 -0.0045759
35.00 -40.00 -0.0060964
40.00 -40.00 -0.0061462
45.00 -40.00 -0.0046457
50.00 -40.00 -0.0029665
55.00 -40.00 -0.0025456
60.00 -40.00 -0.0035587
65.00 -40.00 -0.0047592
70.00 -40.00 -0.004709
75.00 -40.00 -0.0032883
80.00 -40.00 -0.001798
85.00 -40.00 -0.0014365
90.00 -40.00 -0.0019123
95.00 -40.00 -0.0017627
100.00 -40.00 6.01e-05
105.00 -40.00 0.0029986
110.00 -40.00 0.0052051
115.00 -40.00 0.005167
120.00 -40.00 0.0032557
125.00 -40.00 0.0015493
130.00 -40.00 0.0018181
135.00 -40.00 0.0037392
140.00 -40.00 0.005341
145.00 -40.00 0.0050869
150.00 -40.00 0.0032504
155.00 -40.00 0.0014003
160.00 -40.00 0.0009195
165.00 -40.00 0.0019892
170.00 -40.00 0.0036138
175.00 -40.00 0.0044493
180.00 -40.00 0.0037893
-180.00 -35.00 0.0030662
-175.00 -35.00 0.0011352
-170.00 -35.00 -0.0012617
-165.00 -35.00 -0.0025182
-160.00 -35.00 -0.0019282
-155.00 -35.00 -0.0004
-150.00 -35.00 0.0003725
-145.00 -35.00 -0.0002679
-140.00 -35.00 -0.0011755
-135.00 -35.00 -0.0008342
-130.00 -35.00 0.0007857
-125.00 -35.00 0.0023747
-120.00 -35.00 0.0029798
-115.00 -35.00 0.0028149
-110.00 -35.00 0.0024915
-105.00 -35.00 0.0021847
-100.00 -35.00 0.0017304
-95.00 -35.00 0.0011375
-90.00 -35.00 0.0008711
-85.00 -35.00 0.0016584
-80.00 -35.00 0.0036513
-75.00 -35.00 0.0055618
-70.00 -35.00 0.0052794
-65.00 -35.00 0.0021142
-60.00 -35.00 -0.0018533
-55.00 -35.00 -0.0035428
-50.00 -35.00 -0.0021407
-45.00 -35.00 7.13e-05
-40.00 -35.00 0.0004392
-35.00 -35.00 -0.0011388
-30.00 -35.00 -0.0025967
-25.00 -35.00 -0.0024886
-20.00 -35.00 -0.0013414
-15.00 -35.00 -0.0003113
-10.00 -35.00 0.0001289
-5.00 -35.00 -0.0003957
0.00 -35.00 -0.0026529
5.00 -35.00 -0.0064466
10.00 -35.00 -0.0097177
15.00 -35.00 -0.0104937
20.00 -35.00 -0.0092676
25.00 -35.00 -0.0081591
30.00 -35.00 -0.0081375
35.00 -35.00 -0.008319
40.00 -35.00 -0.0076636
45.00 -35.00 -0.0061635
50.00 -35.00 -0.0045204
55.00 -35.00 -0.0035365
60.00 -35.00 -0.0035915
65.00 -35.00 -0.0040874
70.00 -35.00 -0.0038321
75.00 -35.00 -0.0025008
80.00 -35.00 -0.0011804
85.00 -35.00 -0.0009883
90.00 -35.00 -0.0016835
95.00 -35.00 -0.0020126
100.00 -35.00 -0.0009686
105.00 -35.00 0.001411
110.00 -35.00 0.0039802
115.00 -35.00 0.0052817
120.00 -35.00 0.0049846
125.00 -35.00 0.004348
130.00 -35.00 0.004704
135.00 -35.00 0.0058527
140.00 -35.00 0.0065773
145.00 -35.00 0.0062373
150.00 -35.00 0.0051071
155.00 -35.00 0.0036661
160.00 -35.00 0.0024184
165.00 -35.00 0.0020186
170.00 -35.00 0.002662
175.00 -35.00 0.0034535
180.00 -35.00 0.0030662
-180.00 -30.00 0.0011933
-175.00 -30.00 -0.0004509
-170.00 -30.00 -0.0031024
-165.00 -30.00 -0.0047837
-160.00 -30.00 -0.0043742
-155.00 -30.00 -0.00257
-150.00 -30.00 -0.0013243
-145.00 -30.00 -0.0018138
-140.00 -30.00 -0.0030706
-135.00 -30.00 -0.0032158
-130.00 -30.00 -0.0016445
-125.00 -30.00 0.0007326
-120.00 -30.00 0.0027672
-115.00 -30.00 0.003623
-110.00 -30.00 0.0027329
-105.00 -30.00 0.0004182
-100.00 -30.00 -0.0018169
-95.00 -30.00 -0.0025679
-90.00 -30.00 -0.0017705
-85.00 -30.00 -0.0001393
-80.00 -30.00 0.001729
-75.00 -30.00 0.0029343
-70.00 -30.00 0.0021358
-65.00 -30.00 -0.0008105
-60.00 -30.00 -0.0037754
-55.00 -30.00 -0.0043208
-50.00 -30.00 -0.0025341
-45.00 -30.00 -0.0007848
-40.00 -30.00 -0.0006645
-35.00 -30.00 -0.0012316
-30.00 -30.00 -0.0007803
-25.00 -30.00 0.0005117
-20.00 -30.00 0.0009
-15.00 -30.00 -0.0001721
-10.00 -30.00 -0.0013403
-5.00 -30.00 -0.001986
0.00 -30.00 -0.0036984
5.00 -30.00 -0.0074853
10.00 -30.00 -0.0112484
15.00 -30.00 -0.012253
20.00 -30.00 -0.0108241
25.00 -30.00 -0.0093132
30.00 -30.00 -0.0085889
35.00 -30.00 -0.0078911
40.00 -30.00 -0.0070239
45.00 -30.00 -0.0063018
50.00 -30.00 -0.0052462
55.00 -30.00 -0.0034074
60.00 -30.00 -0.001597
65.00 -30.00 -0.0006784
70.00 -30.00 -0.000203
75.00 -30.00 0.000473
80.00 -30.00 0.0009713
85.00 -30.00 0.0008228
90.00 -30.00 0.0003591
95.00 -30.00 1.87e-05
100.00 -30.00 -8e-06
105.00 -30.00 0.0007129
110.00 -30.00 0.002367
115.00 -30.00 0.0040955
120.00 -30.00 0.0050146
125.00 -30.00 0.0054711
130.00 -30.00 0.0060024
135.00 -30.00 0.0060533
140.00 -30.00 0.0051518
145.00 -30.00 0.00412
150.00 -30.00 0.0035878
155.00 -30.00 0.0026585
160.00 -30.00 0.0006779
165.00 -30.00 -0.000996
170.00 -30.00 -0.000747
175.00 -30.00 0.0007353
180.00 -30.00 0.0011933
-180.00 -25.00 6.63e-05
-175.00 -25.00 -0.0006678
-170.00 -25.00 -0.0025105
-165.00 -25.00 -0.0042805
-160.00 -25.00 -0.0053671
-155.00 -25.00 -0.0055931
-150.00 -25.00 -0.0055016
-145.00 -25.00 -0.005808
-140.00 -25.00 -0.006299
-135.00 -25.00 -0.0061415
-130.00 -25.00 -0.0049576
-125.00 -25.00 -0.0027931
-120.00 -25.00 2.27e-05
-115.00 -25.00 0.0020372
-110.00 -25.00 0.0012146
-105.00 -25.00 -0.002271
-100.00 -25.00 -0.005311
-95.00 -25.00 -0.0054087
-90.00 -25.00 -0.0033675
-85.00 -25.00 -0.001151
-80.00 -25.00 0.0008046
-75.00 -25.00 0.0024494
-70.00 -25.00 0.0025787
-65.00 -25.00 0.0007188
-60.00 -25.00 -0.0011622
-55.00 -25.00 -0.0010528
-50.00 -25.00 0.0002235
-45.00 -25.00 0.0004305
-40.00 -25.00 -0.000709
-35.00 -25.00 -0.0013297
-30.00 -25.00 -0.0003504
-25.00 -25.00 0.0007812
-20.00 -25.00 -9.18e-05
-15.00 -25.00 -0.0027585
-10.00 -25.00 -0.0047195
-5.00 -25.00 -0.0048998
0.00 -25.00 -0.0054453
5.00 -25.00 -0.0081451
10.00 -25.00 -0.0111251
15.00 -25.00 -0.0117088
20.00 -25.00 -0.0105153
25.00 -25.00 -0.0095761
30.00 -25.00 -0.0085466
35.00 -25.00 -0.0063296
40.00 -25.00 -0.0042597
45.00 -25.00 -0.0039324
50.00 -25.00 -0.0039356
55.00 -25.00 -0.0022082
60.00 -25.00 0.0004035
65.00 -25.00 0.0018749
70.00 -25.00 0.0020852
75.00 -25.00 0.0018772
80.00 -25.00 0.0014018
85.00 -25.00 0.0010286
90.00 -25.00 0.0014571
95.00 -25.00 0.0020634
100.00 -25.00 0.0016375
105.00 -25.00 0.0007852
110.00 -25.00 0.0009869
115.00 -25.00 0.0019844
120.00 -25.00 0.0027316
125.00 -25.00 0.00353
130.00 -25.00 0.0045831
135.00 -25.00 0.0044334
140.00 -25.00 0.0024798
145.00 -25.00 0.0006694
150.00 -25.00 0.0001769
155.00 -25.00 -0.0008133
160.00 -25.00 -0.0034811
165.00 -25.00 -0.0054737
170.00 -25.00 -0.0043575
175.00 -25.00 -0.00148
180.00 -25.00 6.63e-05
-180.00 -20.00 -0.0028153
-175.00 -20.00 -0.0034561
-170.00 -20.00 -0.0034171
-165.00 -20.00 -0.0034798
-160.00 -20.00 -0.0049621
-155.00 -20.00 -0.0071183
-150.00 -20.00 -0.0083146
-145.00 -20.00 -0.0080097
-140.00 -20.00 -0.0067884
-135.00 -20.00 -0.0056653
-130.00 -20.00 -0.005214
-125.00 -20.00 -0.0045654
-120.00 -20.00 -0.0025005
-115.00 -20.00 -0.000291
-110.00 -20.00 -0.0010249
-105.00 -20.00 -0.0047485
-100.00 -20.00 -0.0073187
-95.00 -20.00 -0.0060385
-90.00 -20.00 -0.0031295
-85.00 -20.00 -0.0013578
-80.00 -20.00 8e-07
-75.00 -20.00 0.0019978
-70.00 -20.00 0.0027696
-65.00 -20.00 0.0009925
-60.00 -20.00 -0.000832
-55.00 -20.00 -0.0001338
-50.00 -20.00 0.001513
-45.00 -20.00 0.0011465
-40.00 -20.00 -0.0009972
-35.00 -20.00 -0.0024466
-30.00 -20.00 -0.0023145
-25.00 -20.00 -0.0020084
-20.00 -20.00 -0.0029664
-15.00 -20.00 -0.0048299
-10.00 -20.00 -0.0059311
-5.00 -20.00 -0.0057418
0.00 -20.00 -0.0060388
5.00 -20.00 -0.0081625
10.00 -20.00 -0.0104494
15.00 -20.00 -0.0109185
20.00 -20.00 -0.0105937
25.00 -20.00 -0.0107629
30.00 -20.00 -0.009526
35.00 -20.00 -0.005344
40.00 -20.00 -0.001151
45.00 -20.00 -0.0002581
50.00 -20.00 -0.0011084
55.00 -20.00 -0.0004895
60.00 -20.00 0.0012768
65.00 -20.00 0.002209
70.00 -20.00 0.0022378
75.00 -20.00 0.001868
80.00 -20.00 0.0008869
85.00 -20.00 0.0002571
90.00 -20.00 0.0014298
95.00 -20.00 0.0031377
100.00 -20.00 0.0029597
105.00 -20.00 0.0015542
110.00 -20.00 0.0011628
115.00 -20.00 0.0015284
120.00 -20.00 0.0014545
125.00 -20.00 0.0018397
130.00 -20.00 0.0031472
135.00 -20.00 0.0031734
140.00 -20.00 0.001001
145.00 -20.00 -0.0007785
150.00 -20.00 -0.0009557
155.00 -20.00 -0.0021568
160.00 -20.00 -0.0054241
165.00 -20.00 -0.0073638
170.00 -20.00 -0.0057513
175.00 -20.00 -0.0032636
180.00 -20.00 -0.0028153
-180.00 -15.00 -0.0073385
-175.00 -15.00 -0.0095419
-170.00 -15.00 -0.0081566
-165.00 -15.00 -0.0055438
-160.00 -15.00 -0.0051667
-155.00 -15.00 -0.006822
-150.00 -15.00 -0.0079283
-145.00 -15.00 -0.0069668
-140.00 -15.00 -0.0046301
-135.00 -15.00 -0.002993
-130.00 -15.00 -0.0033985
-125.00 -15.00 -0.004435
-120.00 -15.00 -0.0035688
-115.00 -15.00 -0.0014558
-110.00 -15.00 -0.0016238
-105.00 -15.00 -0.004498
-100.00 -15.00 -0.0057671
-95.00 -15.00 -0.0031045
-90.00 -15.00 -2.04e-05
-85.00 -15.00 0.0002148
-80.00 -15.00 -0.0003971
-75.00 -15.00 0.0003958
-70.00 -15.00 0.0002709
-65.00 -15.00 -0.0025896
-60.00 -15.00 -0.0045871
-55.00 -15.00 -0.0022538
-50.00 -15.00 0.001571
-45.00 -15.00 0.0021232
-40.00 -15.00 -0.0004576
-35.00 -15.00 -0.0028669
-30.00 -15.00 -0.0038089
-25.00 -15.00 -0.004075
-20.00 -15.00 -0.004231
-15.00 -15.00 -0.0045174
-10.00 -15.00 -0.005187
-5.00 -15.00 -0.0061518
0.00 -15.00 -0.0073655
5.00 -15.00 -0.0088064
10.00 -15.00 -0.0096596
15.00 -15.00 -0.0094491
20.00 -15.00 -0.0094945
25.00 -15.00 -0.0103201
30.00 -15.00 -0.0092262
35.00 -15.00 -0.0044208
40.00 -15.00 0.0007738
45.00 -15.00 0.0023238
50.00 -15.00 0.0012226
55.00 -15.00 0.0006218
60.00 -15.00 0.0008652
65.00 -15.00 0.0011182
70.00 -15.00 0.0017787
75.00 -15.00 0.0023859
80.00 -15.00 0.0015608
85.00 -15.00 0.0004613
90.00 -15.00 0.0014466
95.00 -15.00 0.0033496
100.00 -15.00 0.0032979
105.00 -15.00 0.0019351
110.00 -15.00 0.00163
115.00 -15.00 0.0019553
120.00 -15.00 0.0017504
125.00 -15.00 0.0021049
130.00 -15.00 0.0031514
135.00 -15.00 0.0025089
140.00 -15.00 0.0002262
145.00 -15.00 -0.0003465
150.00 -15.00 0.0008721
155.00 -15.00 -0.0001857
160.00 -15.00 -0.0040004
165.00 -15.00 -0.0059954
170.00 -15.00 -0.004754
175.00 -15.00 -0.0045097
180.00 -15.00 -0.0073385
-180.00 -10.00 -0.008171
-175.00 -10.00 -0.0114811
-170.00 -10.00 -0.010465
-165.00 -10.00 -0.0071981
-160.00 -10.00 -0.0053557
-155.00 -10.00 -0.0055771
-150.00 -10.00 -0.0060108
-145.00 -10.00 -0.0050457
-140.00 -10.00 -0.0029078
-135.00 -10.00 -0.0015354
-130.00 -10.00 -0.0024096
-125.00 -10.00 -0.0041279
-120.00 -10.00 -0.0037939
-115.00 -10.00 -0.0014538
-110.00 -10.00 -0.0004389
-105.00 -10.00 -0.0017828
-100.00 -10.00 -0.0018592
-95.00 -10.00 0.0015581
-90.00 -10.00 0.0048254
-85.00 -10.00 0.0041265
-80.00 -10.00 0.0015017
-75.00 -10.00 0.0001932
-70.00 -10.00 -0.001385
-65.00 -10.00 -0.0049674
-60.00 -10.00 -0.0066219
-55.00 -10.00 -0.0026532
-50.00 -10.00 0.0030052
-45.00 -10.00 0.0041332
-40.00 -10.00 0.0010105
-35.00 -10.00 -0.0019479
-30.00 -10.00 -0.0031841
-25.00 -10.00 -0.0036939
-20.00 -10.00 -0.0037749
-15.00 -10.00 -0.0039302
-10.00 -10.00 -0.0055103
-5.00 -10.00 -0.0081811
0.00 -10.00 -0.0097664
5.00 -10.00 -0.0093162
10.00 -10.00 -0.0078792
15.00 -10.00 -0.0068371
20.00 -10.00 -0.0070667
25.00 -10.00 -0.008061
30.00 -10.00 -0.0073919
35.00 -10.00 -0.0036534
40.00 -10.00 0.0006472
45.00 -10.00 0.002199
50.00 -10.00 0.0012602
55.00 -10.00 -1.84e-05
60.00 -10.00 -0.0008493
65.00 -10.00 -0.0007783
70.00 -10.00 0.0009251
75.00 -10.00 0.0029062
80.00 -10.00 0.0028605
85.00 -10.00 0.0017
90.00 -10.00 0.0020634
95.00 -10.00 0.0033549
100.00 -10.00 0.0030776
105.00 -10.00 0.0014249
110.00 -10.00 0.0001652
115.00 -10.00 -0.0003889
120.00 -10.00 -4.42e-05
125.00 -10.00 0.001707
130.00 -10.00 0.0028637
135.00 -10.00 0.0009581
140.00 -10.00 -0.0014671
145.00 -10.00 -9.51e-05
150.00 -10.00 0.00285
155.00 -10.00 0.0014541
160.00 -10.00 -0.003495
165.00 -10.00 -0.0056404
170.00 -10.00 -0.0040137
175.00 -10.00 -0.0041571
180.00 -10.00 -0.008171
-180.00 -5.00 -0.0044023
-175.00 -5.00 -0.0061953
-170.00 -5.00 -0.0063335
-165.00 -5.00 -0.0052452
-160.00 -5.00 -0.0045799
-155.00 -5.00 -0.0049138
-150.00 -5.00 -0.0052787
-145.00 -5.00 -0.004375
-140.00 -5.00 -0.0024006
-135.00 -5.00 -0.0011747
-130.00 -5.00 -0.0018851
-125.00 -5.00 -0.0033257
-120.00 -5.00 -0.0032283
-115.00 -5.00 -0.0013121
-110.00 -5.00 0.0001079
-105.00 -5.00 -0.000314
-100.00 -5.00 -0.0001497
-95.00 -5.00 0.0031855
-90.00 -5.00 0.0072665
-85.00 -5.00 0.0075644
-80.00 -5.00 0.004431
-75.00 -5.00 0.001663
-70.00 -5.00 -0.0003272
-65.00 -5.00 -0.0031714
-60.00 -5.00 -0.0044974
-55.00 -5.00 -0.0011446
-50.00 -5.00 0.0036148
-45.00 -5.00 0.0040279
-40.00 -5.00 0.0007491
-35.00 -5.00 -0.0014362
-30.00 -5.00 -0.0016593
-25.00 -5.00 -0.0021898
-20.00 -5.00 -0.0032449
-15.00 -5.00 -0.0041558
-10.00 -5.00 -0.0059316
-5.00 -5.00 -0.0084854
0.00 -5.00 -0.0092092
5.00 -5.00 -0.0071448
10.00 -5.00 -0.0049061
15.00 -5.00 -0.0048749
20.00 -5.00 -0.006492
25.00 -5.00 -0.0076866
30.00 -5.00 -0.0068302
35.00 -5.00 -0.003864
40.00 -5.00 -0.0007044
45.00 -5.00 0.0005562
50.00 -5.00 -8.24e-05
55.00 -5.00 -0.0012681
60.00 -5.00 -0.0020769
65.00 -5.00 -0.0017478
70.00 -5.00 0.0002575
75.00 -5.00 0.0027814
80.00 -5.00 0.0039111
85.00 -5.00 0.0037499
90.00 -5.00 0.0038073
95.00 -5.00 0.0041898
100.00 -5.00 0.0036932
105.00 -5.00 0.0015782
110.00 -5.00 -0.0019157
115.00 -5.00 -0.0048914
120.00 -5.00 -0.0042831
125.00 -5.00 -0.0003602
130.00 -5.00 0.0016099
135.00 -5.00 -0.0010269
140.00 -5.00 -0.0029839
145.00 -5.00 0.0003568
150.00 -5.00 0.0040091
155.00 -5.00 0.0009829
160.00 -5.00 -0.005957
165.00 -5.00 -0.0086685
170.00 -5.00 -0.0059517
175.00 -5.00 -0.0035173
180.00 -5.00 -0.0044023
-180.00 0.00 -0.001724
-175.00 0.00 -0.0009649
-170.00 0.00 -0.0017838
-165.00 0.00 -0.0032193
-160.00 0.00 -0.0047199
-155.00 0.00 -0.0061932
-150.00 0.00 -0.0065292
-145.00 0.00 -0.0045107
-140.00 0.00 -0.0014429
-135.00 0.00 8.04e-05
-130.00 0.00 -0.000304
-125.00 0.00 -0.0010306
-120.00 0.00 -0.0011968
-115.00 0.00 -0.0009167
-110.00 0.00 -0.0007731
-105.00 0.00 -0.001412
-100.00 0.00 -0.0017066
-95.00 0.00 0.0009533
-90.00 0.00 0.0058288
-85.00 0.00 0.0079357
-80.00 0.00 0.0052414
-75.00 0.00 0.0017399
-70.00 0.00 0.0003617
-65.00 0.00 -0.000704
-60.00 0.00 -0.0021196
-55.00 0.00 -0.0015124
-50.00 0.00 0.0004914
-45.00 0.00 0.0002878
-40.00 0.00 -0.0016702
-35.00 0.00 -0.0016834
-30.00 0.00 -0.0002194
-25.00 0.00 -0.000839
-20.00 0.00 -0.0032196
-15.00 0.00 -0.0043336
-10.00 0.00 -0.0042502
-5.00 0.00 -0.0046616
0.00 0.00 -0.0046798
5.00 0.00 -0.0032659
10.00 0.00 -0.002606
15.00 0.00 -0.0048633
20.00 0.00 -0.0083216
25.00 0.00 -0.0096284
30.00 0.00 -0.0077505
35.00 0.00 -0.0042484
40.00 0.00 -0.0013361
45.00 0.00 -0.0002766
50.00 0.00 -0.0006421
55.00 0.00 -0.0010487
60.00 0.00 -0.0007647
65.00 0.00 -1.18e-05
70.00 0.00 0.0010849
75.00 0.00 0.0027785
80.00 0.00 0.0048094
85.00 0.00 0.0060704
90.00 0.00 0.00584
95.00 0.00 0.0049824
100.00 0.00 0.0044776
105.00 0.00 0.0028882
110.00 0.00 -0.0016367
115.00 0.00 -0.0062951
120.00 0.00 -0.0056889
125.00 0.00 -0.0007352
130.00 0.00 0.0012477
135.00 0.00 -0.0017065
140.00 0.00 -0.002642
145.00 0.00 0.0018892
150.00 0.00 0.0049121
155.00 0.00 0.0002327
160.00 0.00 -0.0077005
165.00 0.00 -0.0109852
170.00 0.00 -0.0085376
175.00 0.00 -0.0044627
180.00 0.00 -0.001724
-180.00 5.00 -0.0021607
-175.00 5.00 -0.0007856
-170.00 5.00 -0.0020797
-165.00 5.00 -0.0044169
-160.00 5.00 -0.0065074
-155.00 5.00 -0.0082207
-150.00 5.00 -0.0078795
-145.00 5.00 -0.0041515
-140.00 5.00 6.02e-05
-135.00 5.00 0.0012654
-130.00 5.00 0.0007507
-125.00 5.00 0.0011388
-120.00 5.00 0.0014541
-115.00 5.00 0.0002081
-110.00 5.00 -0.0013664
-105.00 5.00 -0.0022694
-100.00 5.00 -0.0025766
-95.00 5.00 -0.0006739
-90.00 5.00 0.003999
-85.00 5.00 0.006958
-80.00 5.00 0.0045143
-75.00 5.00 0.0003828
-70.00 5.00 -0.0005362
-65.00 5.00 5.5e-06
-60.00 5.00 -0.0013783
-55.00 5.00 -0.0031343
-50.00 5.00 -0.0031632
-45.00 5.00 -0.0029702
-40.00 5.00 -0.0030299
-35.00 5.00 -0.0013259
-30.00 5.00 0.0008581
-25.00 5.00 -0.0004491
-20.00 5.00 -0.0042367
-15.00 5.00 -0.0053118
-10.00 5.00 -0.002895
-5.00 5.00 -0.0010123
0.00 5.00 -0.0011866
5.00 5.00 -0.0016411
10.00 5.00 -0.0024595
15.00 5.00 -0.0053006
20.00 5.00 -0.0089718
25.00 5.00 -0.0101263
30.00 5.00 -0.0077541
35.00 5.00 -0.004
40.00 5.00 -0.0013355
45.00 5.00 -0.0005911
50.00 5.00 -0.0008473
55.00 5.00 -0.0004692
60.00 5.00 0.000976
65.00 5.00 0.0021057
70.00 5.00 0.0020875
75.00 5.00 0.0024442
80.00 5.00 0.0044757
85.00 5.00 0.0062693
90.00 5.00 0.0053959
95.00 5.00 0.0033356
100.00 5.00 0.0030056
105.00 5.00 0.0030647
110.00 5.00 0.0003815
115.00 5.00 -0.0027777
120.00 5.00 -0.0014486
125.00 5.00 0.0025283
130.00 5.00 0.00253
135.00 5.00 -0.0011458
140.00 5.00 -0.0014989
145.00 5.00 0.0025061
150.00 5.00 0.0038416
155.00 5.00 -0.000727
160.00 5.00 -0.006315
165.00 5.00 -0.0084447
170.00 5.00 -0.0075683
175.00 5.00 -0.005132
180.00 5.00 -0.0021607
-180.00 10.00 -0.00233
-175.00 10.00 -0.0020518
-170.00 10.00 -0.0040746
-165.00 10.00 -0.0061243
-160.00 10.00 -0.0071074
-155.00 10.00 -0.0078528
-150.00 10.00 -0.0069314
-145.00 10.00 -0.0030268
-140.00 10.00 0.0003577
-135.00 10.00 1.74e-05
-130.00 10.00 -0.0008926
-125.00 10.00 0.0010106
-120.00 10.00 0.0028011
-115.00 10.00 0.0013627
-110.00 10.00 -0.0007936
-105.00 10.00 -0.0010936
-100.00 10.00 -0.0007035
-95.00 10.00 0.0004163
-90.00 10.00 0.0038072
-85.00 10.00 0.006685
-80.00 10.00 0.004822
-75.00 10.00 0.0006347
-70.00 10.00 -0.0004846
-65.00 10.00 0.0005866
-60.00 10.00 -0.0003408
-55.00 10.00 -0.0025715
-50.00 10.00 -0.0031106
-45.00 10.00 -0.0025615
-40.00 10.00 -0.0021601
-35.00 10.00 -0.0007664
-30.00 10.00 0.0006455
-25.00 10.00 -0.0015484
-20.00 10.00 -0.0063542
-15.00 10.00 -0.0078569
-10.00 10.00 -0.0045243
-5.00 10.00 -0.0013827
0.00 10.00 -0.0015277
5.00 10.00 -0.0027135
10.00 10.00 -0.0032644
15.00 10.00 -0.0046244
20.00 10.00 -0.0070346
25.00 10.00 -0.0080926
30.00 10.00 -0.0065546
35.00 10.00 -0.0039599
40.00 10.00 -0.0022144
45.00 10.00 -0.0018378
50.00 10.00 -0.0021718
55.00 10.00 -0.0019584
60.00 10.00 -0.0005834
65.00 10.00 0.0008488
70.00 10.00 0.0011428
75.00 10.00 0.0012531
80.00 10.00 0.002505
85.00 10.00 0.0035152
90.00 10.00 0.0022919
95.00 10.00 0.0003049
100.00 10.00 0.0002616
105.00 10.00 0.0012262
110.00 10.00 0.000956
115.00 10.00 0.0010972
120.00 10.00 0.0038848
125.00 10.00 0.0061077
130.00 10.00 0.0036781
135.00 10.00 -0.0004522
140.00 10.00 -0.0009051
145.00 10.00 0.0007469
150.00 10.00 -0.0004364
155.00 10.00 -0.0035081
160.00 10.00 -0.0043511
165.00 10.00 -0.0035146
170.00 10.00 -0.0036138
175.00 10.00 -0.0036271
180.00 10.00 -0.00233
-180.00 15.00 -0.0020315
-175.00 15.00 -0.0023256
-170.00 15.00 -0.0047422
-165.00 15.00 -0.006193
-160.00 15.00 -0.0055117
-155.00 15.00 -0.0047249
-150.00 15.00 -0.0037827
-145.00 15.00 -0.0016568
-140.00 15.00 -0.0007565
-135.00 15.00 -0.0026839
-130.00 15.00 -0.0034707
-125.00 15.00 -0.0002668
-120.00 15.00 0.0028143
-115.00 15.00 0.0020949
-110.00 15.00 0.0005886
-105.00 15.00 0.00124
-100.00 15.00 0.0019274
-95.00 15.00 0.0016618
-90.00 15.00 0.0031225
-85.00 15.00 0.0058604
-80.00 15.00 0.0057404
-75.00 15.00 0.0028217
-70.00 15.00 0.0013307
-65.00 15.00 0.0017914
-60.00 15.00 0.0012067
-55.00 15.00 -0.0003773
-50.00 15.00 -0.0007894
-45.00 15.00 -0.0006152
-40.00 15.00 -0.0011316
-35.00 15.00 -0.0011892
-30.00 15.00 -0.0008568
-25.00 15.00 -0.0030199
-20.00 15.00 -0.0074585
-15.00 15.00 -0.0092602
-10.00 15.00 -0.0064346
-5.00 15.00 -0.0031011
0.00 15.00 -0.0025794
5.00 15.00 -0.0032613
10.00 15.00 -0.0033047
15.00 15.00 -0.0037567
20.00 15.00 -0.005201
25.00 15.00 -0.0059806
30.00 15.00 -0.0051458
35.00 15.00 -0.0037541
40.00 15.00 -0.0027896
45.00 15.00 -0.0024116
50.00 15.00 -0.0028598
55.00 15.00 -0.0038583
60.00 15.00 -0.0039632
65.00 15.00 -0.0023384
70.00 15.00 -0.000131
75.00 15.00 0.0011569
80.00 15.00 0.0013237
85.00 15.00 0.000848
90.00 15.00 0.0002481
95.00 15.00 0.0001761
100.00 15.00 0.0004996
105.00 15.00 0.0001398
110.00 15.00 -0.0004158
115.00 15.00 0.0012392
120.00 15.00 0.0048233
125.00 15.00 0.0060407
130.00 15.00 0.003158
135.00 15.00 0.0002189
140.00 15.00 -0.0001596
145.00 15.00 -0.0012042
150.00 15.00 -0.0046581
155.00 15.00 -0.0061589
160.00 15.00 -0.0032484
165.00 15.00 -0.0004861
170.00 15.00 -0.0013089
175.00 15.00 -0.0026137
180.00 15.00 -0.0020315
-180.00 20.00 -0.0035364
-175.00 20.00 -0.0036117
-170.00 20.00 -0.0058955
-165.00 20.00 -0.0069154
-160.00 20.00 -0.0048961
-155.00 20.00 -0.0023802
-150.00 20.00 -0.0010518
-145.00 20.00 -0.0005324
-140.00 20.00 -0.0014511
-135.00 20.00 -0.003631
-130.00 20.00 -0.003743
-125.00 20.00 -0.0003287
-120.00 20.00 0.0027959
-115.00 20.00 0.0029212
-110.00 20.00 0.0027296
-105.00 20.00 0.004037
-100.00 20.00 0.0040592
-95.00 20.00 0.0018708
-90.00 20.00 0.0013038
-85.00 20.00 0.0038697
-80.00 20.00 0.005841
-75.00 20.00 0.0049771
-70.00 20.00 0.0035003
-65.00 20.00 0.0029212
-60.00 20.00 0.0021245
-55.00 20.00 0.0010579
-50.00 20.00 0.0008497
-45.00 20.00 0.0007964
-40.00 20.00 -0.0002927
-35.00 20.00 -0.0014836
-30.00 20.00 -0.0020572
-25.00 20.00 -0.0035406
-20.00 20.00 -0.0062504
-15.00 20.00 -0.0074039
-10.00 20.00 -0.0055027
-5.00 20.00 -0.0029334
0.00 20.00 -0.0020392
5.00 20.00 -0.0022794
10.00 20.00 -0.0027537
15.00 20.00 -0.0037849
20.00 20.00 -0.0048846
25.00 20.00 -0.0045906
30.00 20.00 -0.0030134
35.00 20.00 -0.0016603
40.00 20.00 -0.0008727
45.00 20.00 -0.0002091
50.00 20.00 -0.000544
55.00 20.00 -0.0026516
60.00 20.00 -0.0044971
65.00 20.00 -0.0032276
70.00 20.00 0.0004267
75.00 20.00 0.0026591
80.00 20.00 0.0016692
85.00 20.00 -7.8e-05
90.00 20.00 0.0006083
95.00 20.00 0.0032686
100.00 20.00 0.0042983
105.00 20.00 0.001922
110.00 20.00 -0.0008846
115.00 20.00 -0.0003434
120.00 20.00 0.0024493
125.00 20.00 0.0033256
130.00 20.00 0.0018321
135.00 20.00 0.0011028
140.00 20.00 0.0010488
145.00 20.00 -0.0016058
150.00 20.00 -0.0056184
155.00 20.00 -0.0054374
160.00 20.00 -0.000975
165.00 20.00 0.0011689
170.00 20.00 -0.001496
175.00 20.00 -0.0039882
180.00 20.00 -0.0035364
-180.00 25.00 -0.0044167
-175.00 25.00 -0.004655
-170.00 25.00 -0.0071036
-165.00 25.00 -0.0085749
-160.00 25.00 -0.0065257
-155.00 25.00 -0.0028919
-150.00 25.00 -0.0003888
-145.00 25.00 0.0003321
-140.00 25.00 -0.0005244
-135.00 25.00 -0.0019881
-130.00 25.00 -0.0019386
-125.00 25.00 0.0001907
-120.00 25.00 0.0022182
-115.00 25.00 0.0030702
-110.00 25.00 0.0043905
-105.00 25.00 0.0061784
-100.00 25.00 0.0055311
-95.00 25.00 0.0022176
-90.00 25.00 0.0004653
-85.00 25.00 0.0025999
-80.00 25.00 0.0056629
-75.00 25.00 0.0064807
-70.00 25.00 0.0055673
-65.00 25.00 0.0043959
-60.00 25.00 0.0030738
-55.00 25.00 0.0019608
-50.00 25.00 0.0019342
-45.00 25.00 0.0023337
-40.00 25.00 0.0015239
-35.00 25.00 -0.0005528
-30.00 25.00 -0.0026382
-25.00 25.00 -0.004139
-20.00 25.00 -0.0049515
-15.00 25.00 -0.0046181
-10.00 25.00 -0.0032584
-5.00 25.00 -0.0019887
0.00 25.00 -0.0014665
5.00 25.00 -0.0015019
10.00 25.00 -0.0022344
15.00 25.00 -0.0036903
20.00 25.00 -0.0044339
25.00 25.00 -0.0030543
30.00 25.00 -0.0006109
35.00 25.00 0.0008364
40.00 25.00 0.0013769
45.00 25.00 0.0022184
50.00 25.00 0.0025288
55.00 25.00 0.0006819
60.00 25.00 -0.0018934
65.00 25.00 -0.0018163
70.00 25.00 0.0009746
75.00 25.00 0.0025455
80.00 25.00 0.0007522
85.00 25.00 -0.0012482
90.00 25.00 0.0005929
95.00 25.00 0.0051588
100.00 25.00 0.0073565
105.00 25.00 0.0049992
110.00 25.00 0.0015188
115.00 25.00 0.0007441
120.00 25.00 0.0019014
125.00 25.00 0.0022783
130.00 25.00 0.0020849
135.00 25.00 0.0026645
140.00 25.00 0.0021761
145.00 25.00 -0.0014816
150.00 25.00 -0.0049445
155.00 25.00 -0.0031065
160.00 25.00 0.0020235
165.00 25.00 0.0032881
170.00 25.00 -0.0007298
175.00 25.00 -0.0042731
180.00 25.00 -0.0044167
-180.00 30.00 -0.0014271
-175.00 30.00 -0.0020503
-170.00 30.00 -0.0049407
-165.00 30.00 -0.0075813
-160.00 30.00 -0.0069768
-155.00 30.00 -0.0037001
-150.00 30.00 -0.0003097
-145.00 30.00 0.0015706
-140.00 30.00 0.0016603
-135.00 30.00 0.0006205
-130.00 30.00 -0.0002934
-125.00 30.00 -0.0004078
-120.00 30.00 -4.8e-06
-115.00 30.00 0.0010318
-110.00 30.00 0.0031747
-105.00 30.00 0.0051825
-100.00 30.00 0.0046908
-95.00 30.00 0.0019948
-90.00 30.00 0.000495
-85.00 30.00 0.0021287
-80.00 30.00 0.0050016
-75.00 30.00 0.0065875
-70.00 30.00 0.0065724
-65.00 30.00 0.0056046
-60.00 30.00 0.0039534
-55.00 30.00 0.0024455
-50.00 30.00 0.0023365
-45.00 30.00 0.0032067
-40.00 30.00 0.0028429
-35.00 30.00 8.03e-05
-30.00 30.00 -0.0035384
-25.00 30.00 -0.0055022
-20.00 30.00 -0.0049088
-15.00 30.00 -0.0030436
-10.00 30.00 -0.0018177
-5.00 30.00 -0.0017883
0.00 30.00 -0.0019492
5.00 30.00 -0.0016287
10.00 30.00 -0.0016202
15.00 30.00 -0.0024997
20.00 30.00 -0.0030376
25.00 30.00 -0.0019577
30.00 30.00 -0.0002416
35.00 30.00 0.0003831
40.00 30.00 0.0003613
45.00 30.00 0.0013013
50.00 30.00 0.0026888
55.00 30.00 0.0024092
60.00 30.00 0.0004863
65.00 30.00 -0.0005917
70.00 30.00 0.0001236
75.00 30.00 0.000477
80.00 30.00 -0.0010095
85.00 30.00 -0.0021523
90.00 30.00 -6.65e-05
95.00 30.00 0.0042998
100.00 30.00 0.0071039
105.00 30.00 0.0066538
110.00 30.00 0.00502
115.00 30.00 0.0043681
120.00 30.00 0.0043618
125.00 30.00 0.0042863
130.00 30.00 0.0048734
135.00 30.00 0.005826
140.00 30.00 0.0043273
145.00 30.00 -0.000594
150.00 30.00 -0.0045082
155.00 30.00 -0.0027633
160.00 30.00 0.002309
165.00 30.00 0.0042501
170.00 30.00 0.001615
175.00 30.00 -0.0010997
180.00 30.00 -0.0014271
-180.00 35.00 0.0024043
-175.00 35.00 0.0019327
-170.00 35.00 -0.0004926
-165.00 35.00 -0.0032757
-160.00 35.00 -0.0038606
-155.00 35.00 -0.0018003
-150.00 35.00 0.0012697
-145.00 35.00 0.0035286
-140.00 35.00 0.0040509
-135.00 35.00 0.0029058
-130.00 35.00 0.0008961
-125.00 35.00 -0.0010047
-120.00 35.00 -0.0020477
-115.00 35.00 -0.001718
-110.00 35.00 -0.0001336
-105.00 35.00 0.0014408
-100.00 35.00 0.0015701
-95.00 35.00 0.0005022
-90.00 35.00 -1.33e-05
-85.00 35.00 0.0009782
-80.00 35.00 0.0026809
-75.00 35.00 0.0040223
-70.00 35.00 0.0046748
-65.00 35.00 0.0043989
-60.00 35.00 0.0029721
-55.00 35.00 0.0012601
-50.00 35.00 0.0008255
-45.00 35.00 0.0017008
-40.00 35.00 0.0018077
-35.00 35.00 -0.0004233
-30.00 35.00 -0.0036829
-25.00 35.00 -0.0050993
-20.00 35.00 -0.0036653
-15.00 35.00 -0.0014098
-10.00 35.00 -0.0008789
-5.00 35.00 -0.0021411
0.00 35.00 -0.0030926
5.00 35.00 -0.002474
10.00 35.00 -0.0013449
15.00 35.00 -0.0011307
20.00 35.00 -0.0015356
25.00 35.00 -0.0015152
30.00 35.00 -0.0012548
35.00 35.00 -0.0015661
40.00 35.00 -0.0019363
45.00 35.00 -0.0010389
50.00 35.00 0.0008888
55.00 35.00 0.0019845
60.00 35.00 0.0014189
65.00 35.00 0.0005053
70.00 35.00 0.0005403
75.00 35.00 0.0010106
80.00 35.00 0.0009263
85.00 35.00 0.0007376
90.00 35.00 0.0016008
95.00 35.00 0.0034188
100.00 35.00 0.0049765
105.00 35.00 0.005709
110.00 35.00 0.0060307
115.00 35.00 0.0061035
120.00 35.00 0.0058063
125.00 35.00 0.0059602
130.00 35.00 0.0076053
135.00 35.00 0.0093873
140.00 35.00 0.0079299
145.00 35.00 0.0024958
150.00 35.00 -0.0026623
155.00 35.00 -0.00303
160.00 35.00 0.0004499
165.00 35.00 0.0031175
170.00 35.00 0.0030115
175.00 35.00 0.0022627
180.00 35.00 0.0024043
-180.00 40.00 0.0031891
-175.00 40.00 0.0029037
-170.00 40.00 0.001983
-165.00 40.00 0.0009149
-160.00 40.00 0.0008063
-155.00 40.00 0.0020006
-150.00 40.00 0.0037562
-145.00 40.00 0.0050164
-140.00 40.00 0.0051195
-135.00 40.00 0.0040024
-130.00 40.00 0.0020922
-125.00 40.00 4.87e-05
-120.00 40.00 -0.0014883
-115.00 40.00 -0.0020765
-110.00 40.00 -0.0016823
-105.00 40.00 -0.000779
-100.00 40.00 1.46e-05
-95.00 40.00 0.0004581
-90.00 40.00 0.0006662
-85.00 40.00 0.0007208
-80.00 40.00 0.0007084
-75.00 40.00 0.0009535
-70.00 40.00 0.0015842
-65.00 40.00 0.0019548
-60.00 40.00 0.0012777
-55.00 40.00 -7.85e-05
-50.00 40.00 -0.0007693
-45.00 40.00 -0.0002832
-40.00 40.00 0.0002362
-35.00 40.00 -0.0004032
-30.00 40.00 -0.0016168
-25.00 40.00 -0.0017499
-20.00 40.00 -0.0005001
-15.00 40.00 0.000345
-10.00 40.00 -0.0009104
-5.00 40.00 -0.0035457
0.00 40.00 -0.0050902
5.00 40.00 -0.004189
10.00 40.00 -0.0019651
15.00 40.00 -0.0003374
20.00 40.00 0.000125
25.00 40.00 6.74e-05
30.00 40.00 -0.0001343
35.00 40.00 -0.0006331
40.00 40.00 -0.001159
45.00 40.00 -0.0009684
50.00 40.00 2.91e-05
55.00 40.00 0.000982
60.00 40.00 0.0013426
65.00 40.00 0.0017142
70.00 40.00 0.0029278
75.00 40.00 0.0047339
80.00 40.00 0.0059767
85.00 40.00 0.0058535
90.00 40.00 0.0045968
95.00 40.00 0.0031219
100.00 40.00 0.0023708
105.00 40.00 0.002738
110.00 40.00 0.0036826
115.00 40.00 0.0041656
120.00 40.00 0.0040325
125.00 40.00 0.0046096
130.00 40.00 0.0069438
135.00 40.00 0.0095486
140.00 40.00 0.0093228
145.00 40.00 0.0053813
150.00 40.00 0.0007624
155.00 40.00 -0.0008245
160.00 40.00 0.000872
165.00 40.00 0.003054
170.00 40.00 0.0037214
175.00 40.00 0.0034036
180.00 40.00 0.0031891
-180.00 45.00 0.0028992
-175.00 45.00 0.0022343
-170.00 45.00 0.0025299
-165.00 45.00 0.0033796
-160.00 45.00 0.0043101
-155.00 45.00 0.0049167
-150.00 45.00 0.0049692
-145.00 45.00 0.0045197
-140.00 45.00 0.003818
-135.00 45.00 0.0030729
-130.00 45.00 0.0022999
-125.00 45.00 0.0013936
-120.00 45.00 0.0003576
-115.00 45.00 -0.0005195
-110.00 45.00 -0.0007533
-105.00 45.00 -1.9e-05
-100.00 45.00 0.001497
-95.00 45.00 0.0030555
-90.00 45.00 0.0037519
-85.00 45.00 0.0031841
-80.00 45.00 0.0018985
-75.00 45.00 0.0010179
-70.00 45.00 0.0011647
-65.00 45.00 0.0018015
-60.00 45.00 0.0018861
-55.00 45.00 0.0011235
-50.00 45.00 0.0002267
-45.00 45.00 -8.85e-05
-40.00 45.00 8e-05
-35.00 45.00 0.0002537
-30.00 45.00 0.0003971
-25.00 45.00 0.0007437
-20.00 45.00 0.0009032
-15.00 45.00 -0.0001597
-10.00 45.00 -0.0028177
-5.00 45.00 -0.0057718
0.00 45.00 -0.006932
5.00 45.00 -0.0054141
10.00 45.00 -0.0023394
15.00 45.00 0.0004291
20.00 45.00 0.0019672
25.00 45.00 0.0025224
30.00 45.00 0.002549
35.00 45.00 0.0021266
40.00 45.00 0.0012854
45.00 45.00 0.0003434
50.00 45.00 -0.0003269
55.00 45.00 -0.0005578
60.00 45.00 -0.0001861
65.00 45.00 0.0011242
70.00 45.00 0.0034684
75.00 45.00 0.0061224
80.00 45.00 0.007695
85.00 45.00 0.0071111
90.00 45.00 0.0045584
95.00 45.00 0.0015075
100.00 45.00 -0.0002982
105.00 45.00 -0.0001543
110.00 45.00 0.0011136
115.00 45.00 0.0020853
120.00 45.00 0.0023024
125.00 45.00 0.002671
130.00 45.00 0.004047
135.00 45.00 0.005718
140.00 45.00 0.0059773
145.00 45.00 0.0043321
150.00 45.00 0.0024463
155.00 45.00 0.0023503
160.00 45.00 0.0040947
165.00 45.00 0.0057965
170.00 45.00 0.0058457
175.00 45.00 0.0044339
180.00 45.00 0.0028992
-180.00 50.00 0.0039496
-175.00 50.00 0.0030144
-170.00 50.00 0.0035881
-165.00 50.00 0.0049457
-160.00 50.00 0.0059268
-155.00 50.00 0.0057463
-150.00 50.00 0.0044466
-145.00 50.00 0.0027669
-140.00 50.00 0.001565
-135.00 50.00 0.0012156
-130.00 50.00 0.0014084
-125.00 50.00 0.0014721
-120.00 50.00 0.0009719
-115.00 50.00 0.0001259
-110.00 50.00 -0.0003028
-105.00 50.00 0.0003927
-100.00 50.00 0.0022087
-95.00 50.00 0.004275
-90.00 50.00 0.0054165
-85.00 50.00 0.005058
-80.00 50.00 0.0037094
-75.00 50.00 0.0025303
-70.00 50.00 0.0023094
-65.00 50.00 0.0028215
-60.00 50.00 0.0031788
-55.00 50.00 0.0027495
-50.00 50.00 0.0016609
-45.00 50.00 0.000497
-40.00 50.00 -0.0002815
-35.00 50.00 -0.0005622
-30.00 50.00 -0.0004812
-25.00 50.00 -0.0003786
-20.00 50.00 -0.0007939
-15.00 50.00 -0.002147
-10.00 50.00 -0.0041693
-5.00 50.00 -0.0057699
0.00 50.00 -0.0057781
5.00 50.00 -0.0039703
10.00 50.00 -0.0013015
15.00 50.00 0.000931
20.00 50.00 0.0020877
25.00 50.00 0.0023678
30.00 50.00 0.0022152
35.00 50.00 0.0017869
40.00 50.00 0.0009951
45.00 50.00 -0.0001479
50.00 50.00 -0.0013568
55.00 50.00 -0.0021589
60.00 50.00 -0.0020713
65.00 50.00 -0.0008214
70.00 50.00 0.0013739
75.00 50.00 0.0036675
80.00 50.00 0.0048857
85.00 50.00 0.004263
90.00 50.00 0.0020951
95.00 50.00 -0.0003031
100.00 50.00 -0.0014533
105.00 50.00 -0.0007752
110.00 50.00 0.0010432
115.00 50.00 0.0027262
120.00 50.00 0.0034974
125.00 50.00 0.0035015
130.00 50.00 0.003236
135.00 50.00 0.0028366
140.00 50.00 0.0021748
145.00 50.00 0.001551
150.00 50.00 0.0018386
155.00 50.00 0.0036037
160.00 50.00 0.0061879
165.00 50.00 0.0079962
170.00 50.00 0.007851
175.00 50.00 0.0060246
180.00 50.00 0.0039496
-180.00 55.00 0.0041513
-175.00 55.00 0.0036878
-170.00 55.00 0.0042658
-165.00 55.00 0.0052757
-160.00 55.00 0.005778
-155.00 55.00 0.0052032
-150.00 55.00 0.0037392
-145.00 55.00 0.0021569
-140.00 55.00 0.0012339
-135.00 55.00 0.0012075
-130.00 55.00 0.001645
-125.00 55.00 0.0018095
-120.00 55.00 0.0012458
-115.00 55.00 0.0001546
-110.00 55.00 -0.0007335
-105.00 55.00 -0.0007065
-100.00 55.00 0.0003591
-95.00 55.00 0.0018598
-90.00 55.00 0.0028917
-85.00 55.00 0.0029233
-80.00 55.00 0.0021656
-75.00 55.00 0.0013342
-70.00 55.00 0.001021
-65.00 55.00 0.0012316
-60.00 55.00 0.0014677
-55.00 55.00 0.0012111
-50.00 55.00 0.0003429
-45.00 55.00 -0.0008221
-40.00 55.00 -0.0018109
-35.00 55.00 -0.0022988
-30.00 55.00 -0.0022631
-25.00 55.00 -0.0019615
-20.00 55.00 -0.0017613
-15.00 55.00 -0.001875
-10.00 55.00 -0.0021647
-5.00 55.00 -0.0022256
0.00 55.00 -0.0017523
5.00 55.00 -0.0008755
10.00 55.00 -0.000111
15.00 55.00 7.19e-05
20.00 55.00 -0.0003492
25.00 55.00 -0.0009661
30.00 55.00 -0.0013297
35.00 55.00 -0.0013141
40.00 55.00 -0.0011417
45.00 55.00 -0.0011124
50.00 55.00 -0.0013134
55.00 55.00 -0.0015261
60.00 55.00 -0.0013615
65.00 55.00 -0.0005302
70.00 55.00 0.0009009
75.00 55.00 0.0024337
80.00 55.00 0.0033585
85.00 55.00 0.0031963
90.00 55.00 0.0020793
95.00 55.00 0.0007503
100.00 55.00 0.0001166
105.00 55.00 0.0006583
110.00 55.00 0.0021425
115.00 55.00 0.0038458
120.00 55.00 0.0050539
125.00 55.00 0.0054099
130.00 55.00 0.0049276
135.00 55.00 0.0038581
140.00 55.00 0.0026468
145.00 55.00 0.0019165
150.00 55.00 0.0022297
155.00 55.00 0.0036452
160.00 55.00 0.0054874
165.00 55.00 0.0066993
170.00 55.00 0.0066044
175.00 55.00 0.0054357
180.00 55.00 0.0041513
-180.00 60.00 0.0021906
-175.00 60.00 0.0024562
-170.00 60.00 0.003252
-165.00 60.00 0.0041694
-160.00 60.00 0.0047097
-155.00 60.00 0.0046274
-150.00 60.00 0.004091
-145.00 60.00 0.0035453
-140.00 60.00 0.0033753
-135.00 60.00 0.0036176
-130.00 60.00 0.0039287
-125.00 60.00 0.0038311
-120.00 60.00 0.0030655
-115.00 60.00 0.0017944
-110.00 60.00 0.0005131
-105.00 60.00 -0.0002749
-100.00 60.00 -0.0003869
-95.00 60.00 -6.01e-05
-90.00 60.00 0.0002466
-85.00 60.00 0.0001904
-80.00 60.00 -0.0002363
-75.00 60.00 -0.0007602
-70.00 60.00 -0.0010849
-65.00 60.00 -0.001126
-60.00 60.00 -0.0010427
-55.00 60.00 -0.0010712
-50.00 60.00 -0.0013216
-45.00 60.00 -0.0016958
-40.00 60.00 -0.001965
-35.00 60.00 -0.0019232
-30.00 60.00 -0.0015087
-25.00 60.00 -0.0008279
-20.00 60.00 -8.22e-05
-15.00 60.00 0.0005438
-10.00 60.00 0.0009546
-5.00 60.00 0.0011245
0.00 60.00 0.001021
5.00 60.00 0.0005678
10.00 60.00 -0.0002818
15.00 60.00 -0.001413
20.00 60.00 -0.002497
25.00 60.00 -0.0031136
30.00 60.00 -0.0029868
35.00 60.00 -0.002161
40.00 60.00 -0.0009802
45.00 60.00 0.0001189
50.00 60.00 0.0008586
55.00 60.00 0.0012586
60.00 60.00 0.0015852
65.00 60.00 0.0021515
70.00 60.00 0.0030862
75.00 60.00 0.0042127
80.00 60.00 0.0051218
85.00 60.00 0.0054056
90.00 60.00 0.0049138
95.00 60.00 0.0038651
100.00 60.00 0.0027398
105.00 60.00 0.0020288
110.00 60.00 0.0019984
115.00 60.00 0.0026022
120.00 60.00 0.0035498
125.00 60.00 0.0044579
130.00 60.00 0.0050042
135.00 60.00 0.0050466
140.00 60.00 0.0046783
145.00 60.00 0.0041759
150.00 60.00 0.0038291
155.00 60.00 0.0037393
160.00 60.00 0.0037466
165.00 60.00 0.0035751
170.00 60.00 0.0030996
175.00 60.00 0.0025061
180.00 60.00 0.0021906
-180.00 65.00 0.0010131
-175.00 65.00 0.0017041
-170.00 65.00 0.002684
-165.00 65.00 0.0036987
-160.00 65.00 0.004512
-155.00 65.00 0.0050191
-150.00 65.00 0.0052803
-145.00 65.00 0.0054506
-140.00 65.00 0.0056495
-135.00 65.00 0.0058633
-130.00 65.00 0.0059452
-125.00 65.00 0.005717
-120.00 65.00 0.005102
-115.00 65.00 0.0041974
-110.00 65.00 0.0032353
-105.00 65.00 0.0024568
-100.00 65.00 0.0019829
-95.00 65.00 0.0017656
-90.00 65.00 0.0016459
-85.00 65.00 0.0014711
-80.00 65.00 0.0011873
-75.00 65.00 0.0008502
-70.00 65.00 0.000561
-65.00 65.00 0.0003858
-60.00 65.00 0.0003185
-55.00 65.00 0.0003049
-50.00 65.00 0.0002969
-45.00 65.00 0.0002915
-40.00 65.00 0.0003272
-35.00 65.00 0.0004487
-30.00 65.00 0.0006663
-25.00 65.00 0.0009392
-20.00 65.00 0.0011872
-15.00 65.00 0.0013207
-10.00 65.00 0.0012677
-5.00 65.00 0.000989
0.00 65.00 0.0004856
5.00 65.00 -0.00019
10.00 65.00 -0.0009183
15.00 65.00 -0.0015138
20.00 65.00 -0.0017674
25.00 65.00 -0.0015294
30.00 65.00 -0.0007953
35.00 65.00 0.0002624
40.00 65.00 0.0013528
45.00 65.00 0.0021965
50.00 65.00 0.00266
55.00 65.00 0.0028222
60.00 65.00 0.0029287
65.00 65.00 0.0032559
70.00 65.00 0.0039494
75.00 65.00 0.0049244
80.00 65.00 0.0058805
85.00 65.00 0.0064308
90.00 65.00 0.0062816
95.00 65.00 0.0053749
100.00 65.00 0.0039258
105.00 65.00 0.0023407
110.00 65.00 0.0010614
115.00 65.00 0.0004048
120.00 65.00 0.0004642
125.00 65.00 0.0011007
130.00 65.00 0.002019
135.00 65.00 0.0028889
140.00 65.00 0.003459
145.00 65.00 0.0036176
150.00 65.00 0.0033849
155.00 65.00 0.0028618
160.00 65.00 0.0021818
165.00 65.00 0.001494
170.00 65.00 0.0009654
175.00 65.00 0.0007657
180.00 65.00 0.0010131
-180.00 70.00 0.0023791
-175.00 70.00 0.0031923
-170.00 70.00 0.0040805
-165.00 70.00 0.0049094
-160.00 70.00 0.0055673
-155.00 70.00 0.0059984
-150.00 70.00 0.0062097
-145.00 70.00 0.0062496
-140.00 70.00 0.006173
-135.00 70.00 0.0060136
-130.00 70.00 0.0057801
-125.00 70.00 0.0054734
-120.00 70.00 0.0051125
-115.00 70.00 0.004746
-110.00 70.00 0.0044417
-105.00 70.00 0.004257
-100.00 70.00 0.0042114
-95.00 70.00 0.0042752
-90.00 70.00 0.0043838
-85.00 70.00 0.0044668
-80.00 70.00 0.0044752
-75.00 70.00 0.0043928
-70.00 70.00 0.0042298
-65.00 70.00 0.0040051
-60.00 70.00 0.0037322
-55.00 70.00 0.0034139
-50.00 70.00 0.0030471
-45.00 70.00 0.0026307
-40.00 70.00 0.0021712
-35.00 70.00 0.0016827
-30.00 70.00 0.0011834
-25.00 70.00 0.0006924
-20.00 70.00 0.0002282
-15.00 70.00 -0.0001895
-10.00 70.00 -0.0005379
-5.00 70.00 -0.0007892
0.00 70.00 -0.0009113
5.00 70.00 -0.0008711
10.00 70.00 -0.0006415
15.00 70.00 -0.0002131
20.00 70.00 0.0003903
25.00 70.00 0.0010999
30.00 70.00 0.0018022
35.00 70.00 0.0023616
40.00 70.00 0.0026627
45.00 70.00 0.0026601
50.00 70.00 0.0024113
55.00 70.00 0.0020724
60.00 70.00 0.0018505
65.00 70.00 0.0019254
70.00 70.00 0.0023717
75.00 70.00 0.0031157
80.00 70.00 0.0039473
85.00 70.00 0.0045887
90.00 70.00 0.0047918
95.00 70.00 0.0044292
100.00 70.00 0.0035414
105.00 70.00 0.0023237
110.00 70.00 0.0010595
115.00 70.00 2.76e-05
120.00 70.00 -0.0005825
125.00 70.00 -0.0007174
130.00 70.00 -0.000457
135.00 70.00 3.07e-05
140.00 70.00 0.0005558
145.00 70.00 0.0009681
150.00 70.00 0.0011956
155.00 70.00 0.0012525
160.00 70.00 0.001222
165.00 70.00 0.0012236
170.00 70.00 0.0013745
175.00 70.00 0.0017544
180.00 70.00 0.0023791
-180.00 75.00 0.0042225
-175.00 75.00 0.0048578
-170.00 75.00 0.0054088
-165.00 75.00 0.0058207
-160.00 75.00 0.0060538
-155.00 75.00 0.0060923
-150.00 75.00 0.0059464
-145.00 75.00 0.0056493
-140.00 75.00 0.0052493
-135.00 75.00 0.0048011
-130.00 75.00 0.0043587
-125.00 75.00 0.0039698
-120.00 75.00 0.0036733
-115.00 75.00 0.0034962
-110.00 75.00 0.0034509
-105.00 75.00 0.0035331
-100.00 75.00 0.0037205
-95.00 75.00 0.0039752
-90.00 75.00 0.004249
-85.00 75.00 0.0044916
-80.00 75.00 0.0046586
-75.00 75.00 0.0047167
-70.00 75.00 0.0046462
-65.00 75.00 0.0044397
-60.00 75.00 0.0041002
-55.00 75.00 0.0036385
-50.00 75.00 0.0030719
-45.00 75.00 0.0024247
-40.00 75.00 0.0017283
-35.00 75.00 0.0010208
-30.00 75.00 0.0003462
-25.00 75.00 -0.0002491
-20.00 75.00 -0.0007195
-15.00 75.00 -0.0010254
-10.00 75.00 -0.0011377
-5.00 75.00 -0.0010426
0.00 75.00 -0.0007454
5.00 75.00 -0.000273
10.00 75.00 0.0003261
15.00 75.00 0.0009847
20.00 75.00 0.001623
25.00 75.00 0.0021594
30.00 75.00 0.0025238
35.00 75.00 0.0026728
40.00 75.00 0.0026025
45.00 75.00 0.0023548
50.00 75.00 0.0020135
55.00 75.00 0.0016875
60.00 75.00 0.0014851
65.00 75.00 0.0014842
70.00 75.00 0.0017089
75.00 75.00 0.0021193
80.00 75.00 0.0026198
85.00 75.00 0.0030839
90.00 75.00 0.0033891
95.00 75.00 0.0034501
100.00 75.00 0.0032404
105.00 75.00 0.0027973
110.00 75.00 0.0022076
115.00 75.00 0.0015821
120.00 75.00 0.001026
125.00 75.00 0.0006163
130.00 75.00 0.0003897
135.00 75.00 0.0003446
140.00 75.00 0.0004538
145.00 75.00 0.0006806
150.00 75.00 0.0009935
155.00 75.00 0.0013753
160.00 75.00 0.0018224
165.00 75.00 0.0023381
170.00 75.00 0.0029221
175.00 75.00 0.003561
180.00 75.00 0.0042225
-180.00 80.00 0.0047977
-175.00 80.00 0.0050117
-170.00 80.00 0.0051494
-165.00 80.00 0.0051954
-160.00 80.00 0.0051417
-155.00 80.00 0.0049891
-150.00 80.00 0.0047476
-145.00 80.00 0.0044354
-140.00 80.00 0.0040769
-135.00 80.00 0.0036994
-130.00 80.00 0.0033308
-125.00 80.00 0.0029968
-120.00 80.00 0.0027178
-115.00 80.00 0.002507
-110.00 80.00 0.0023693
-105.00 80.00 0.0023015
-100.00 80.00 0.0022925
-95.00 80.00 0.0023255
-90.00 80.00 0.0023793
-85.00 80.00 0.0024315
-80.00 80.00 0.0024606
-75.00 80.00 0.0024488
-70.00 80.00 0.002383
-65.00 80.00 0.0022562
-60.00 80.00 0.0020682
-55.00 80.00 0.0018254
-50.00 80.00 0.0015405
-45.00 80.00 0.0012312
-40.00 80.00 0.0009193
-35.00 80.00 0.0006289
-30.00 80.00 0.0003842
-25.00 80.00 0.000208
-20.00 80.00 0.0001185
-15.00 80.00 0.0001278
-10.00 80.00 0.0002398
-5.00 80.00 0.0004494
0.00 80.00 0.0007423
5.00 80.00 0.0010959
10.00 80.00 0.0014812
15.00 80.00 0.0018662
20.00 80.00 0.0022202
25.00 80.00 0.0025172
30.00 80.00 0.00274
35.00 80.00 0.0028832
40.00 80.00 0.002954
45.00 80.00 0.0029712
50.00 80.00 0.0029616
55.00 80.00 0.0029548
60.00 80.00 0.0029771
65.00 80.00 0.0030465
70.00 80.00 0.0031683
75.00 80.00 0.0033336
80.00 80.00 0.0035216
85.00 80.00 0.0037043
90.00 80.00 0.0038525
95.00 80.00 0.0039417
100.00 80.00 0.0039573
105.00 80.00 0.0038973
110.00 80.00 0.0037724
115.00 80.00 0.0036035
120.00 80.00 0.0034171
125.00 80.00 0.003241
130.00 80.00 0.0031006
135.00 80.00 0.0030157
140.00 80.00 0.0029991
145.00 80.00 0.0030564
150.00 80.00 0.0031868
155.00 80.00 0.0033833
160.00 80.00 0.0036341
165.00 80.00 0.0039226
170.00 80.00 0.0042286
175.00 80.00 0.0045286
180.00 80.00 0.0047977
-180.00 85.00 0.0045005
-175.00 85.00 0.0044451
-170.00 85.00 0.0043728
-165.00 85.00 0.0042827
-160.00 85.00 0.0041736
-155.00 85.00 0.0040452
-150.00 85.00 0.0038994
-145.00 85.00 0.0037403
-140.00 85.00 0.0035731
-135.00 85.00 0.0034024
-130.00 85.00 0.0032316
-125.00 85.00 0.0030636
-120.00 85.00 0.002902
-115.00 85.00 0.0027509
-110.00 85.00 0.0026136
-105.00 85.00 0.0024915
-100.00 85.00 0.0023838
-95.00 85.00 0.0022885
-90.00 85.00 0.0022043
-85.00 85.00 0.0021305
-80.00 85.00 0.0020668
-75.00 85.00 0.0020116
-70.00 85.00 0.0019627
-65.00 85.00 0.0019183
-60.00 85.00 0.0018783
-55.00 85.00 0.0018446
-50.00 85.00 0.0018203
-45.00 85.00 0.0018073
-40.00 85.00 0.0018072
-35.00 85.00 0.0018212
-30.00 85.00 0.0018516
-25.00 85.00 0.0019014
-20.00 85.00 0.0019728
-15.00 85.00 0.002066
-10.00 85.00 0.002179
-5.00 85.00 0.0023088
0.00 85.00 0.0024522
5.00 85.00 0.0026068
10.00 85.00 0.0027694
15.00 85.00 0.0029359
20.00 85.00 0.0031013
25.00 85.00 0.003261
30.00 85.00 0.0034123
35.00 85.00 0.0035545
40.00 85.00 0.003688
45.00 85.00 0.003813
50.00 85.00 0.0039293
55.00 85.00 0.0040367
60.00 85.00 0.0041361
65.00 85.00 0.0042291
70.00 85.00 0.004317
75.00 85.00 0.0043994
80.00 85.00 0.0044746
85.00 85.00 0.0045401
90.00 85.00 0.0045943
95.00 85.00 0.004637
100.00 85.00 0.0046687
105.00 85.00 0.0046895
110.00 85.00 0.0046994
115.00 85.00 0.0046987
120.00 85.00 0.0046893
125.00 85.00 0.0046747
130.00 85.00 0.0046584
135.00 85.00 0.0046432
140.00 85.00 0.0046298
145.00 85.00 0.0046181
150.00 85.00 0.0046078
155.00 85.00 0.0045988
160.00 85.00 0.0045907
165.00 85.00 0.004581
170.00 85.00 0.0045657
175.00 85.00 0.0045401
180.00 85.00 0.0045005
-180.00 90.00 0.0037645
-175.00 90.00 0.0037645
-170.00 90.00 0.0037645
-165.00 90.00 0.0037645
-160.00 90.00 0.0037645
-155.00 90.00 0.0037645
-150.00 90.00 0.0037645
-145.00 90.00 0.0037645
-140.00 90.00 0.0037645
-135.00 90.00 0.0037645
-130.00 90.00 0.0037645
-125.00 90.00 0.0037645
-120.00 90.00 0.0037645
-115.00 90.00 0.0037645
-110.00 90.00 0.0037645
-105.00 90.00 0.0037645
-100.00 90.00 0.0037645
-95.00 90.00 0.0037645
-90.00 90.00 0.0037645
-85.00 90.00 0.0037645
-80.00 90.00 0.0037645
-75.00 90.00 0.0037645
-70.00 90.00 0.0037645
-65.00 90.00 0.0037645
-60.00 90.00 0.0037645
-55.00 90.00 0.0037645
-50.00 90.00 0.0037645
-45.00 90.00 0.0037645
-40.00 90.00 0.0037645
-35.00 90.00 0.0037645
-30.00 90.00 0.0037645
-25.00 90.00 0.0037645
-20.00 90.00 0.0037645
-15.00 90.00 0.0037645
-10.00 90.00 0.0037645
-5.00 90.00 0.0037645
0.00 90.00 0.0037645
5.00 90.00 0.0037645
10.00 90.00 0.0037645
15.00 90.00 0.0037645
20.00 90.00 0.0037645
25.00 90.00 0.0037645
30.00 90.00 0.0037645
35.00 90.00 0.0037645
40.00 90.00 0.0037645
45.00 90.00 0.0037645
50.00 90.00 0.0037645
55.00 90.00 0.0037645
60.00 90.00 0.0037645
65.00 90.00 0.0037645
70.00 90.00 0.0037645
75.00 90.00 0.0037645
80.00 90.00 0.0037645
85.00 90.00 0.0037645
90.00 90.00 0.0037645
95.00 90.00 0.0037645
100.00 90.00 0.0037645
105.00 90.00 0.0037645
110.00 90.00 0.0037645
115.00 90.00 0.0037645
120.00 90.00 0.0037645
125.00 90.00 0.0037645
130.00 90.00 0.0037645
135.00 90.00 0.0037645
140.00 90.00 0.0037645
145.00 90.00 0.0037645
150.00 90.00 0.0037645
155.00 90.00 0.0037645
160.00 90.00 0.0037645
165.00 90.00 0.0037645
170.00 90.00 0.0037645
175.00 90.00 0.0037645
180.00 90.00 0.0037645
