-180.00 -90.00 -0.00016065
-175.00 -90.00 -0.00016062
-170.00 -90.00 -0.00016062
-165.00 -90.00 -0.00016062
-160.00 -90.00 -0.00016062
-155.00 -90.00 -0.00016062
-150.00 -90.00 -0.00016065
-145.00 -90.00 -0.00016068
-140.00 -90.00 -0.00016071
-135.00 -90.00 -0.00016074
-130.00 -90.00 -0.00016077
-125.00 -90.00 -0.00016083
-120.00 -90.00 -0.00016086
-115.00 -90.00 -0.00016092
-110.00 -90.00 -0.00016095
-105.00 -90.00 -0.00016101
-100.00 -90.00 -0.00016104
-95.00 -90.00 -0.00016107
-90.00 -90.00 -0.0001611
-85.00 -90.00 -0.00016113
-80.00 -90.00 -0.00016113
-75.00 -90.00 -0.00016116
-70.00 -90.00 -0.00016116
-65.00 -90.00 -0.00016113
-60.00 -90.00 -0.00016113
-55.00 -90.00 -0.0001611
-50.00 -90.00 -0.00016107
-45.00 -90.00 -0.00016104
-40.00 -90.00 -0.00016098
-35.00 -90.00 -0.00016095
-30.00 -90.00 -0.00016089
-25.00 -90.00 -0.00016086
-20.00 -90.00 -0.0001608
-15.00 -90.00 -0.00016077
-10.00 -90.00 -0.00016071
-5.00 -90.00 -0.00016068
0.00 -90.00 -0.00016065
5.00 -90.00 -0.00016062
10.00 -90.00 -0.00016062
15.00 -90.00 -0.00016062
20.00 -90.00 -0.00016062
25.00 -90.00 -0.00016062
30.00 -90.00 -0.00016065
35.00 -90.00 -0.00016065
40.00 -90.00 -0.00016068
45.00 -90.00 -0.00016074
50.00 -90.00 -0.00016077
55.00 -90.00 -0.00016083
60.00 -90.00 -0.00016086
65.00 -90.00 -0.00016092
70.00 -90.00 -0.00016095
75.00 -90.00 -0.00016101
80.00 -90.00 -0.00016104
85.00 -90.00 -0.00016107
90.00 -90.00 -0.0001611
95.00 -90.00 -0.00016113
100.00 -90.00 -0.00016113
105.00 -90.00 -0.00016116
110.00 -90.00 -0.00016116
115.00 -90.00 -0.00016113
120.00 -90.00 -0.00016113
125.00 -90.00 -0.0001611
130.00 -90.00 -0.00016107
135.00 -90.00 -0.00016104
140.00 -90.00 -0.00016098
145.00 -90.00 -0.00016095
150.00 -90.00 -0.00016089
155.00 -90.00 -0.00016086
160.00 -90.00 -0.0001608
165.00 -90.00 -0.00016077
170.00 -90.00 -0.00016071
175.00 -90.00 -0.00016068
180.00 -90.00 -0.00016065
-180.00 -85.00 -0.00066069
-175.00 -85.00 -0.0006462
-170.00 -85.00 -0.00063534
-165.00 -85.00 -0.00062961
-160.00 -85.00 -0.0006303
-155.00 -85.00 -0.00063831
-150.00 -85.00 -0.00065397
-145.00 -85.00 -0.0006771
-140.00 -85.00 -0.00070722
-135.00 -85.00 -0.00074334
-130.00 -85.00 -0.00078408
-125.00 -85.00 -0.00082767
-120.00 -85.00 -0.0008721
-115.00 -85.00 -0.00091509
-110.00 -85.00 -0.00095451
-105.00 -85.00 -0.00098835
-100.00 -85.00 -0.00101478
-95.00 -85.00 -0.00103236
-90.00 -85.00 -0.00103998
-85.00 -85.00 -0.00103692
-80.00 -85.00 -0.00102297
-75.00 -85.00 -0.00099825
-70.00 -85.00 -0.00096327
-65.00 -85.00 -0.00091869
-60.00 -85.00 -0.00086529
-55.00 -85.00 -0.00080388
-50.00 -85.00 -0.00073545
-45.00 -85.00 -0.00066105
-40.00 -85.00 -0.00058188
-35.00 -85.00 -0.00049911
-30.00 -85.00 -0.00041403
-25.00 -85.00 -0.00032793
-20.00 -85.00 -0.0002424
-15.00 -85.00 -0.000159
-10.00 -85.00 -7.941e-05
-5.00 -85.00 -4.98e-06
0.00 -85.00 6.309e-05
5.00 -85.00 0.00012378
10.00 -85.00 0.00017619
15.00 -85.00 0.00021957
20.00 -85.00 0.00025353
25.00 -85.00 0.00027789
30.00 -85.00 0.00029265
35.00 -85.00 0.00029781
40.00 -85.00 0.00029331
45.00 -85.00 0.00027921
50.00 -85.00 0.00025578
55.00 -85.00 0.00022338
60.00 -85.00 0.00018258
65.00 -85.00 0.00013395
70.00 -85.00 7.833e-05
75.00 -85.00 1.674e-05
80.00 -85.00 -4.95e-05
85.00 -85.00 -0.00011892
90.00 -85.00 -0.00019008
95.00 -85.00 -0.00026151
100.00 -85.00 -0.00033171
105.00 -85.00 -0.00039921
110.00 -85.00 -0.00046275
115.00 -85.00 -0.00052116
120.00 -85.00 -0.00057348
125.00 -85.00 -0.00061896
130.00 -85.00 -0.00065685
135.00 -85.00 -0.00068679
140.00 -85.00 -0.00070857
145.00 -85.00 -0.00072234
150.00 -85.00 -0.00072852
155.00 -85.00 -0.00072768
160.00 -85.00 -0.00072069
165.00 -85.00 -0.00070887
170.00 -85.00 -0.00069375
175.00 -85.00 -0.0006771
180.00 -85.00 -0.00066069
-180.00 -80.00 -0.00103227
-175.00 -80.00 -0.00093561
-170.00 -80.00 -0.00085479
-165.00 -80.00 -0.00079821
-160.00 -80.00 -0.0007695
-155.00 -80.00 -0.00077001
-150.00 -80.00 -0.00080196
-145.00 -80.00 -0.00086652
-140.00 -80.00 -0.0009606
-135.00 -80.00 -0.00107874
-130.00 -80.00 -0.00121662
-125.00 -80.00 -0.00136983
-120.00 -80.00 -0.00152982
-115.00 -80.00 -0.00168411
-110.00 -80.00 -0.00182091
-105.00 -80.00 -0.00193086
-100.00 -80.00 -0.00200454
-95.00 -80.00 -0.00203328
-90.00 -80.00 -0.00201435
-85.00 -80.00 -0.00195345
-80.00 -80.00 -0.00186069
-75.00 -80.00 -0.0017466
-70.00 -80.00 -0.001623
-65.00 -80.00 -0.0015033
-60.00 -80.00 -0.00139788
-55.00 -80.00 -0.0013092
-50.00 -80.00 -0.00123366
-45.00 -80.00 -0.00116643
-40.00 -80.00 -0.00110211
-35.00 -80.00 -0.00103287
-30.00 -80.00 -0.00095091
-25.00 -80.00 -0.00085389
-20.00 -80.00 -0.00074556
-15.00 -80.00 -0.00063114
-10.00 -80.00 -0.00051483
-5.00 -80.00 -0.00040236
0.00 -80.00 -0.00030087
5.00 -80.00 -0.00021438
10.00 -80.00 -0.00014088
15.00 -80.00 -7.626e-05
20.00 -80.00 -1.791e-05
25.00 -80.00 3.621e-05
30.00 -80.00 8.979e-05
35.00 -80.00 0.0001449
40.00 -80.00 0.00019803
45.00 -80.00 0.00024159
50.00 -80.00 0.00026904
55.00 -80.00 0.00027531
60.00 -80.00 0.00025434
65.00 -80.00 0.00020031
70.00 -80.00 0.00011241
75.00 -80.00 -4.23e-06
80.00 -80.00 -0.00014289
85.00 -80.00 -0.0002976
90.00 -80.00 -0.00046074
95.00 -80.00 -0.00062238
100.00 -80.00 -0.00077454
105.00 -80.00 -0.00091419
110.00 -80.00 -0.00104064
115.00 -80.00 -0.00115197
120.00 -80.00 -0.0012468
125.00 -80.00 -0.00132669
130.00 -80.00 -0.00139371
135.00 -80.00 -0.00144639
140.00 -80.00 -0.00148077
145.00 -80.00 -0.0014946
150.00 -80.00 -0.00148749
155.00 -80.00 -0.001458
160.00 -80.00 -0.00140409
165.00 -80.00 -0.00132759
170.00 -80.00 -0.00123525
175.00 -80.00 -0.00113469
180.00 -80.00 -0.00103227
-180.00 -75.00 -0.00100344
-175.00 -75.00 -0.00087444
-170.00 -75.00 -0.00078354
-165.00 -75.00 -0.00074133
-160.00 -75.00 -0.00075
-155.00 -75.00 -0.00080394
-150.00 -75.00 -0.00089211
-145.00 -75.00 -0.0010023
-140.00 -75.00 -0.00112605
-135.00 -75.00 -0.00126225
-130.00 -75.00 -0.00141672
-125.00 -75.00 -0.00159744
-120.00 -75.00 -0.0018072
-115.00 -75.00 -0.00203637
-110.00 -75.00 -0.00225858
-105.00 -75.00 -0.00243312
-100.00 -75.00 -0.00251394
-95.00 -75.00 -0.00246267
-90.00 -75.00 -0.00226164
-85.00 -75.00 -0.00192252
-80.00 -75.00 -0.0014877
-75.00 -75.00 -0.00102243
-70.00 -75.00 -0.00059988
-65.00 -75.00 -0.00028461
-60.00 -75.00 -0.00011763
-55.00 -75.00 -0.00010824
-50.00 -75.00 -0.00023388
-45.00 -75.00 -0.0004488
-40.00 -75.00 -0.00069693
-35.00 -75.00 -0.00092547
-30.00 -75.00 -0.00109617
-25.00 -75.00 -0.0011916
-20.00 -75.00 -0.00121512
-15.00 -75.00 -0.00118617
-10.00 -75.00 -0.00113244
-5.00 -75.00 -0.00108099
0.00 -75.00 -0.00105036
5.00 -75.00 -0.00104562
10.00 -75.00 -0.00105747
15.00 -75.00 -0.00106506
20.00 -75.00 -0.00104244
25.00 -75.00 -0.000966
30.00 -75.00 -0.00082188
35.00 -75.00 -0.00061053
40.00 -75.00 -0.00034806
45.00 -75.00 -6.381e-05
50.00 -75.00 0.00020487
55.00 -75.00 0.00041961
60.00 -75.00 0.00054804
65.00 -75.00 0.00056997
70.00 -75.00 0.00048129
75.00 -75.00 0.00029451
80.00 -75.00 3.6e-05
85.00 -75.00 -0.00025947
90.00 -75.00 -0.00055587
95.00 -75.00 -0.00082284
100.00 -75.00 -0.00104082
105.00 -75.00 -0.00120237
110.00 -75.00 -0.00131148
115.00 -75.00 -0.00138018
120.00 -75.00 -0.00142428
125.00 -75.00 -0.00145854
130.00 -75.00 -0.00149352
135.00 -75.00 -0.00153327
140.00 -75.00 -0.00157452
145.00 -75.00 -0.0016077
150.00 -75.00 -0.00162018
155.00 -75.00 -0.00160005
160.00 -75.00 -0.00153975
165.00 -75.00 -0.00143877
170.00 -75.00 -0.00130506
175.00 -75.00 -0.00115359
180.00 -75.00 -0.00100344
-180.00 -70.00 -0.0008139
-175.00 -70.00 -0.00072756
-170.00 -70.00 -0.00068235
-165.00 -70.00 -0.00069762
-160.00 -70.00 -0.00078261
-155.00 -70.00 -0.00092691
-150.00 -70.00 -0.00109683
-145.00 -70.00 -0.00124404
-140.00 -70.00 -0.00132618
-135.00 -70.00 -0.00133098
-130.00 -70.00 -0.00128958
-125.00 -70.00 -0.0012687
-120.00 -70.00 -0.00134193
-115.00 -70.00 -0.00155196
-110.00 -70.00 -0.00188181
-105.00 -70.00 -0.00224877
-100.00 -70.00 -0.00252561
-95.00 -70.00 -0.00258135
-90.00 -70.00 -0.0023271
-85.00 -70.00 -0.00175071
-80.00 -70.00 -0.00092805
-75.00 -70.00 -6.48e-06
-70.00 -70.00 0.00083511
-65.00 -70.00 0.00143616
-60.00 -70.00 0.00169776
-55.00 -70.00 0.00160443
-50.00 -70.00 0.00121869
-45.00 -70.00 0.0006537
-40.00 -70.00 3.618e-05
-35.00 -70.00 -0.0005265
-30.00 -70.00 -0.00096585
-25.00 -70.00 -0.0012573
-20.00 -70.00 -0.0014139
-15.00 -70.00 -0.00147438
-10.00 -70.00 -0.00148956
-5.00 -70.00 -0.00150852
0.00 -70.00 -0.00156606
5.00 -70.00 -0.00167259
10.00 -70.00 -0.00181029
15.00 -70.00 -0.00193731
20.00 -70.00 -0.00200019
25.00 -70.00 -0.00195111
30.00 -70.00 -0.00176325
35.00 -70.00 -0.00143928
40.00 -70.00 -0.00101103
45.00 -70.00 -0.00053184
50.00 -70.00 -6.669e-05
55.00 -70.00 0.00031815
60.00 -70.00 0.00056451
65.00 -70.00 0.00063222
70.00 -70.00 0.00050895
75.00 -70.00 0.00021633
80.00 -70.00 -0.00019218
85.00 -70.00 -0.00064326
90.00 -70.00 -0.00106308
95.00 -70.00 -0.00139572
100.00 -70.00 -0.00161343
105.00 -70.00 -0.001716
110.00 -70.00 -0.00172173
115.00 -70.00 -0.00165723
120.00 -70.00 -0.00155055
125.00 -70.00 -0.0014286
130.00 -70.00 -0.00131598
135.00 -70.00 -0.00123228
140.00 -70.00 -0.00118716
145.00 -70.00 -0.00117663
150.00 -70.00 -0.00118404
155.00 -70.00 -0.00118674
160.00 -70.00 -0.00116514
165.00 -70.00 -0.00110997
170.00 -70.00 -0.00102402
175.00 -70.00 -0.0009195
180.00 -70.00 -0.0008139
-180.00 -65.00 -0.00108234
-175.00 -65.00 -0.00108768
-170.00 -65.00 -0.00099255
-165.00 -65.00 -0.00084309
-160.00 -65.00 -0.00073413
-155.00 -65.00 -0.00075243
-150.00 -65.00 -0.00091092
-145.00 -65.00 -0.00112407
-140.00 -65.00 -0.0012501
-135.00 -65.00 -0.00117885
-130.00 -65.00 -0.00090873
-125.00 -65.00 -0.00056067
-120.00 -65.00 -0.00031896
-115.00 -65.00 -0.00033591
-110.00 -65.00 -0.00065622
-105.00 -65.00 -0.00119631
-100.00 -65.00 -0.00177828
-95.00 -65.00 -0.00219345
-90.00 -65.00 -0.00226944
-85.00 -65.00 -0.00192543
-80.00 -65.00 -0.00120396
-75.00 -65.00 -0.00026655
-70.00 -65.00 0.00065502
-65.00 -65.00 0.00133851
-60.00 -65.00 0.00164874
-55.00 -65.00 0.00157443
-50.00 -65.00 0.00120891
-45.00 -65.00 0.00069174
-40.00 -65.00 0.00014775
-35.00 -65.00 -0.00034575
-30.00 -65.00 -0.00075744
-25.00 -65.00 -0.00108096
-20.00 -65.00 -0.00131631
-15.00 -65.00 -0.00146559
-10.00 -65.00 -0.00154068
-5.00 -65.00 -0.00157065
0.00 -65.00 -0.00159795
5.00 -65.00 -0.00166122
10.00 -65.00 -0.0017736
15.00 -65.00 -0.00191148
20.00 -65.00 -0.00202377
25.00 -65.00 -0.00205779
30.00 -65.00 -0.00198615
35.00 -65.00 -0.00181674
40.00 -65.00 -0.00158088
45.00 -65.00 -0.00131145
50.00 -65.00 -0.00103137
55.00 -65.00 -0.00076128
60.00 -65.00 -0.00053685
65.00 -65.00 -0.00041334
70.00 -65.00 -0.00044451
75.00 -65.00 -0.00064575
80.00 -65.00 -0.00097101
85.00 -65.00 -0.00132558
90.00 -65.00 -0.00161181
95.00 -65.00 -0.00177735
100.00 -65.00 -0.00183219
105.00 -65.00 -0.00182412
110.00 -65.00 -0.00179337
115.00 -65.00 -0.00174141
120.00 -65.00 -0.00163638
125.00 -65.00 -0.00144828
130.00 -65.00 -0.00118452
135.00 -65.00 -0.00089763
140.00 -65.00 -0.00065916
145.00 -65.00 -0.00052011
150.00 -65.00 -0.00048741
155.00 -65.00 -0.00053268
160.00 -65.00 -0.00062097
165.00 -65.00 -0.00073299
170.00 -65.00 -0.00086196
175.00 -65.00 -0.00099156
180.00 -65.00 -0.00108234
-180.00 -60.00 -0.00169803
-175.00 -60.00 -0.00193089
-170.00 -60.00 -0.00175299
-165.00 -60.00 -0.00119952
-160.00 -60.00 -0.00053604
-155.00 -60.00 -0.00011163
-150.00 -60.00 -0.00013338
-145.00 -60.00 -0.00052599
-140.00 -60.00 -0.0009843
-135.00 -60.00 -0.00118308
-130.00 -60.00 -0.00098859
-125.00 -60.00 -0.00051972
-120.00 -60.00 -3.222e-05
-115.00 -60.00 0.00025995
-110.00 -60.00 0.00028317
-105.00 -60.00 7.701e-05
-100.00 -60.00 -0.00028326
-95.00 -60.00 -0.00071877
-90.00 -60.00 -0.00112233
-85.00 -60.00 -0.0013488
-80.00 -60.00 -0.00127596
-75.00 -60.00 -0.00089802
-70.00 -60.00 -0.00035703
-65.00 -60.00 0.00013449
-60.00 -60.00 0.0004224
-55.00 -60.00 0.00048669
-50.00 -60.00 0.00041058
-45.00 -60.00 0.00028521
-40.00 -60.00 0.00013779
-35.00 -60.00 -6.531e-05
-30.00 -60.00 -0.00036105
-25.00 -60.00 -0.00073572
-20.00 -60.00 -0.00111642
-15.00 -60.00 -0.0014067
-10.00 -60.00 -0.00153717
-5.00 -60.00 -0.00150174
0.00 -60.00 -0.00136242
5.00 -60.00 -0.00121986
10.00 -60.00 -0.00116193
15.00 -60.00 -0.00121797
20.00 -60.00 -0.00134979
25.00 -60.00 -0.00148998
30.00 -60.00 -0.00159963
35.00 -60.00 -0.00169545
40.00 -60.00 -0.0018186
45.00 -60.00 -0.00197085
50.00 -60.00 -0.00208146
55.00 -60.00 -0.00204831
60.00 -60.00 -0.00182871
65.00 -60.00 -0.00149883
70.00 -60.00 -0.00121656
75.00 -60.00 -0.00110481
80.00 -60.00 -0.00115092
85.00 -60.00 -0.00121365
90.00 -60.00 -0.00114009
95.00 -60.00 -0.00089754
100.00 -60.00 -0.00060906
105.00 -60.00 -0.00046161
110.00 -60.00 -0.00055866
115.00 -60.00 -0.00083175
120.00 -60.00 -0.00107757
125.00 -60.00 -0.00109317
130.00 -60.00 -0.00081279
135.00 -60.00 -0.00034947
140.00 -60.00 8.478e-05
145.00 -60.00 0.00031923
150.00 -60.00 0.00031785
155.00 -60.00 0.0001593
160.00 -60.00 -6.738e-05
165.00 -60.00 -0.00034923
170.00 -60.00 -0.00073362
175.00 -60.00 -0.00122487
180.00 -60.00 -0.00169803
-180.00 -55.00 -0.00164247
-175.00 -55.00 -0.00226626
-170.00 -55.00 -0.00226572
-165.00 -55.00 -0.00154566
-160.00 -55.00 -0.0004827
-155.00 -55.00 0.00030213
-150.00 -55.00 0.00036519
-145.00 -55.00 -0.00025794
-140.00 -55.00 -0.00110277
-135.00 -55.00 -0.00163956
-130.00 -55.00 -0.00165252
-125.00 -55.00 -0.00131871
-120.00 -55.00 -0.00094401
-115.00 -55.00 -0.00064227
-110.00 -55.00 -0.00028965
-105.00 -55.00 0.00022008
-100.00 -55.00 0.00073443
-95.00 -55.00 0.00091785
-90.00 -55.00 0.00058563
-85.00 -55.00 -6.669e-05
-80.00 -55.00 -0.00059616
-75.00 -55.00 -0.00067632
-70.00 -55.00 -0.00033102
-65.00 -55.00 0.00016011
-60.00 -55.00 0.00053898
-55.00 -55.00 0.00073926
-50.00 -55.00 0.00082791
-45.00 -55.00 0.00084678
-40.00 -55.00 0.00074634
-35.00 -55.00 0.00045987
-30.00 -55.00 6.18e-06
-25.00 -55.00 -0.00049881
-20.00 -55.00 -0.00092115
-15.00 -55.00 -0.00118482
-10.00 -55.00 -0.00127848
-5.00 -55.00 -0.00122121
0.00 -55.00 -0.00105198
5.00 -55.00 -0.00085011
10.00 -55.00 -0.00073062
15.00 -55.00 -0.00078066
20.00 -55.00 -0.00098679
25.00 -55.00 -0.00123819
30.00 -55.00 -0.00142347
35.00 -55.00 -0.00153201
40.00 -55.00 -0.00165156
45.00 -55.00 -0.00185049
50.00 -55.00 -0.00205965
55.00 -55.00 -0.00209085
60.00 -55.00 -0.00180291
65.00 -55.00 -0.00126597
70.00 -55.00 -0.00074532
75.00 -55.00 -0.00048666
80.00 -55.00 -0.00049134
85.00 -55.00 -0.00050226
90.00 -55.00 -0.00023196
95.00 -55.00 0.00036732
100.00 -55.00 0.00103176
105.00 -55.00 0.0013713
110.00 -55.00 0.00115656
115.00 -55.00 0.00049065
120.00 -55.00 -0.00024654
125.00 -55.00 -0.00063612
130.00 -55.00 -0.0004869
135.00 -55.00 4.428e-05
140.00 -55.00 0.0005715
145.00 -55.00 0.00076623
150.00 -55.00 0.00059055
155.00 -55.00 0.00027714
160.00 -55.00 6.981e-05
165.00 -55.00 -3.084e-05
170.00 -55.00 -0.00026322
175.00 -55.00 -0.0008346
180.00 -55.00 -0.00164247
-180.00 -50.00 -0.00065298
-175.00 -50.00 -0.00153696
-170.00 -50.00 -0.00189966
-165.00 -50.00 -0.00149805
-160.00 -50.00 -0.0006558
-155.00 -50.00 -7.77e-06
-150.00 -50.00 -3e-05
-145.00 -50.00 -0.00068958
-140.00 -50.00 -0.00147954
-135.00 -50.00 -0.00185037
-130.00 -50.00 -0.00169848
-125.00 -50.00 -0.00143097
-120.00 -50.00 -0.00148233
-115.00 -50.00 -0.00176544
-110.00 -50.00 -0.00170394
-105.00 -50.00 -0.0008901
-100.00 -50.00 0.0003477
-95.00 -50.00 0.00116124
-90.00 -50.00 0.00100611
-85.00 -50.00 0.00018585
-80.00 -50.00 -0.0004623
-75.00 -50.00 -0.00036348
-70.00 -50.00 0.00036192
-65.00 -50.00 0.00117774
-60.00 -50.00 0.00168993
-55.00 -50.00 0.00187554
-50.00 -50.00 0.00187185
-45.00 -50.00 0.00170322
-40.00 -50.00 0.00128499
-35.00 -50.00 0.00063954
-30.00 -50.00 3.12e-06
-25.00 -50.00 -0.00034704
-20.00 -50.00 -0.00036525
-15.00 -50.00 -0.00029184
-10.00 -50.00 -0.00040503
-5.00 -50.00 -0.00073197
0.00 -50.00 -0.00103692
5.00 -50.00 -0.00109605
10.00 -50.00 -0.00095088
15.00 -50.00 -0.00086415
20.00 -50.00 -0.00103791
25.00 -50.00 -0.00140235
30.00 -50.00 -0.00169026
35.00 -50.00 -0.00170622
40.00 -50.00 -0.00151017
45.00 -50.00 -0.001332
50.00 -50.00 -0.0013095
55.00 -50.00 -0.00132894
60.00 -50.00 -0.00115365
65.00 -50.00 -0.00071598
70.00 -50.00 -0.00024303
75.00 -50.00 -4.404e-05
80.00 -50.00 -0.00017001
85.00 -50.00 -0.00032493
90.00 -50.00 -0.00013974
95.00 -50.00 0.00047343
100.00 -50.00 0.00123228
105.00 -50.00 0.00170181
110.00 -50.00 0.00158859
115.00 -50.00 0.00090645
120.00 -50.00 -2.571e-05
125.00 -50.00 -0.0007335
130.00 -50.00 -0.00086334
135.00 -50.00 -0.0004545
140.00 -50.00 4.848e-05
145.00 -50.00 0.00015603
150.00 -50.00 -0.00020967
155.00 -50.00 -0.0006309
160.00 -50.00 -0.00062304
165.00 -50.00 -0.00015894
170.00 -50.00 0.00026733
175.00 -50.00 0.00011841
180.00 -50.00 -0.00065298
-180.00 -45.00 0.00021786
-175.00 -45.00 -0.00053643
-170.00 -45.00 -0.00093015
-165.00 -45.00 -0.0008637
-160.00 -45.00 -0.00059661
-155.00 -45.00 -0.00044283
-150.00 -45.00 -0.00058098
-145.00 -45.00 -0.00096267
-140.00 -45.00 -0.00128391
-135.00 -45.00 -0.00118965
-130.00 -45.00 -0.00070038
-125.00 -45.00 -0.0003756
-120.00 -45.00 -0.00079497
-115.00 -45.00 -0.00178641
-110.00 -45.00 -0.00239637
-105.00 -45.00 -0.00186513
-100.00 -45.00 -0.00055281
-95.00 -45.00 0.00036354
-90.00 -45.00 0.00016047
-85.00 -45.00 -0.00067575
-80.00 -45.00 -0.00106548
-75.00 -45.00 -0.00051828
-70.00 -45.00 0.000492
-65.00 -45.00 0.00121563
-60.00 -45.00 0.00140793
-55.00 -45.00 0.00135276
-50.00 -45.00 0.00132072
-45.00 -45.00 0.00122643
-40.00 -45.00 0.00084555
-35.00 -45.00 0.0002442
-30.00 -45.00 -0.00014322
-25.00 -45.00 6.132e-05
-20.00 -45.00 0.00068667
-15.00 -45.00 0.00104022
-10.00 -45.00 0.0005391
-5.00 -45.00 -0.00066468
0.00 -45.00 -0.00175728
5.00 -45.00 -0.00200892
10.00 -45.00 -0.00143805
15.00 -45.00 -0.00073746
20.00 -45.00 -0.0005946
25.00 -45.00 -0.00110478
30.00 -45.00 -0.00178224
35.00 -45.00 -0.00206235
40.00 -45.00 -0.00179856
45.00 -45.00 -0.0013359
50.00 -45.00 -0.00113193
55.00 -45.00 -0.00129732
60.00 -45.00 -0.00151548
65.00 -45.00 -0.00142263
70.00 -45.00 -0.001014
75.00 -45.00 -0.00060693
80.00 -45.00 -0.00044007
85.00 -45.00 -0.00042846
90.00 -45.00 -0.00033975
95.00 -45.00 -8.583e-05
100.00 -45.00 0.00024489
105.00 -45.00 0.00053529
110.00 -45.00 0.00066963
115.00 -45.00 0.00047454
120.00 -45.00 -0.00015411
125.00 -45.00 -0.00098697
130.00 -45.00 -0.0015003
135.00 -45.00 -0.00137418
140.00 -45.00 -0.00091137
145.00 -45.00 -0.00076179
150.00 -45.00 -0.00116025
155.00 -45.00 -0.00158919
160.00 -45.00 -0.00134733
165.00 -45.00 -0.00039024
170.00 -45.00 0.00056295
175.00 -45.00 0.00077772
180.00 -45.00 0.00021786
-180.00 -40.00 0.00026373
-175.00 -40.00 -0.00021423
-170.00 -40.00 -0.00010971
-165.00 -40.00 7.497e-05
-160.00 -40.00 -8.655e-05
-155.00 -40.00 -0.00042915
-150.00 -40.00 -0.00060009
-145.00 -40.00 -0.00058167
-140.00 -40.00 -0.00054807
-135.00 -40.00 -0.0004584
-130.00 -40.00 -0.000186
-125.00 -40.00 6.87e-06
-120.00 -40.00 -0.00041133
-115.00 -40.00 -0.00143451
-110.00 -40.00 -0.00219465
-105.00 -40.00 -0.00186645
-100.00 -40.00 -0.00075762
-95.00 -40.00 -3.006e-05
-90.00 -40.00 -0.00028689
-85.00 -40.00 -0.00088449
-80.00 -40.00 -0.00086016
-75.00 -40.00 -0.00016356
-70.00 -40.00 0.00040764
-65.00 -40.00 0.00029565
-60.00 -40.00 -0.00021825
-55.00 -40.00 -0.00050823
-50.00 -40.00 -0.00036105
-45.00 -40.00 -9.378e-05
-40.00 -40.00 -7.341e-05
-35.00 -40.00 -0.00025515
-30.00 -40.00 -0.00019644
-25.00 -40.00 0.00044052
-20.00 -40.00 0.00134385
-15.00 -40.00 0.00161916
-10.00 -40.00 0.00062808
-5.00 -40.00 -0.00119598
0.00 -40.00 -0.00256236
5.00 -40.00 -0.00249729
10.00 -40.00 -0.00125271
15.00 -40.00 -1.38e-06
20.00 -40.00 0.00026826
25.00 -40.00 -0.00049905
30.00 -40.00 -0.0015945
35.00 -40.00 -0.00224361
40.00 -40.00 -0.00218388
45.00 -40.00 -0.00177588
50.00 -40.00 -0.00162552
55.00 -40.00 -0.00198981
60.00 -40.00 -0.00250239
65.00 -40.00 -0.00255591
70.00 -40.00 -0.00195378
75.00 -40.00 -0.00106998
80.00 -40.00 -0.00038112
85.00 -40.00 -4.155e-05
90.00 -40.00 2.34e-05
95.00 -40.00 -0.00013179
100.00 -40.00 -0.00040413
105.00 -40.00 -0.00050685
110.00 -40.00 -0.00024201
115.00 -40.00 0.00010122
120.00 -40.00 -4.788e-05
125.00 -40.00 -0.00079527
130.00 -40.00 -0.00149505
135.00 -40.00 -0.00146856
140.00 -40.00 -0.00088221
145.00 -40.00 -0.00056679
150.00 -40.00 -0.00090864
155.00 -40.00 -0.00127065
160.00 -40.00 -0.00080106
165.00 -40.00 0.00038247
170.00 -40.00 0.00123768
175.00 -40.00 0.00105426
180.00 -40.00 0.00026373
-180.00 -35.00 -0.00022425
-175.00 -35.00 -0.00064002
-170.00 -35.00 8.25e-05
-165.00 -35.00 0.00065043
-160.00 -35.00 0.00028137
-155.00 -35.00 -0.00046011
-150.00 -35.00 -0.00070158
-145.00 -35.00 -0.00046203
-140.00 -35.00 -0.00040608
-135.00 -35.00 -0.00077481
-130.00 -35.00 -0.00113451
-125.00 -35.00 -0.00117669
-120.00 -35.00 -0.0012054
-115.00 -35.00 -0.00151917
-110.00 -35.00 -0.00173589
-105.00 -35.00 -0.00128937
-100.00 -35.00 -0.00040641
-95.00 -35.00 7.428e-05
-90.00 -35.00 -9.837e-05
-85.00 -35.00 -0.00023523
-80.00 -35.00 0.00019785
-75.00 -35.00 0.00073926
-70.00 -35.00 0.00062652
-65.00 -35.00 -0.00010371
-60.00 -35.00 -0.00073305
-55.00 -35.00 -0.00083568
-50.00 -35.00 -0.00064095
-45.00 -35.00 -0.00052965
-40.00 -35.00 -0.00058971
-35.00 -35.00 -0.00065415
-30.00 -35.00 -0.00046953
-25.00 -35.00 0.00012261
-20.00 -35.00 0.00086538
-15.00 -35.00 0.00103134
-10.00 -35.00 0.00011295
-5.00 -35.00 -0.00136062
0.00 -35.00 -0.00210876
5.00 -35.00 -0.00144273
10.00 -35.00 -7.149e-05
15.00 -35.00 0.00067182
20.00 -35.00 0.00021213
25.00 -35.00 -0.00090129
30.00 -35.00 -0.00180702
35.00 -35.00 -0.0021339
40.00 -35.00 -0.00204816
45.00 -35.00 -0.00191112
50.00 -35.00 -0.00202308
55.00 -35.00 -0.00241287
60.00 -35.00 -0.00270198
65.00 -35.00 -0.00239157
70.00 -35.00 -0.00145629
75.00 -35.00 -0.00046539
80.00 -35.00 4.413e-05
85.00 -35.00 0.00010239
90.00 -35.00 3.672e-05
95.00 -35.00 -5.811e-05
100.00 -35.00 -0.00025581
105.00 -35.00 -0.00041148
110.00 -35.00 -0.00028632
115.00 -35.00 -4.356e-05
120.00 -35.00 -0.00017802
125.00 -35.00 -0.00077577
130.00 -35.00 -0.00118701
135.00 -35.00 -0.00078195
140.00 -35.00 0.00011688
145.00 -35.00 0.00051366
150.00 -35.00 7.785e-05
155.00 -35.00 -0.00025332
160.00 -35.00 0.00052596
165.00 -35.00 0.00194745
170.00 -35.00 0.00243414
175.00 -35.00 0.00131583
180.00 -35.00 -0.00022425
-180.00 -30.00 -0.00106491
-175.00 -30.00 -0.00148968
-170.00 -30.00 -0.00044118
-165.00 -30.00 0.00033462
-160.00 -30.00 -0.0001008
-155.00 -30.00 -0.00101313
-150.00 -30.00 -0.00139299
-145.00 -30.00 -0.00127779
-140.00 -30.00 -0.00137676
-135.00 -30.00 -0.00191709
-130.00 -30.00 -0.00236652
-125.00 -30.00 -0.00224043
-120.00 -30.00 -0.00174435
-115.00 -30.00 -0.00135159
-110.00 -30.00 -0.00106599
-105.00 -30.00 -0.00060234
-100.00 -30.00 -0.00010863
-95.00 -30.00 -2.07e-05
-90.00 -30.00 -0.00020631
-85.00 -30.00 -3.024e-05
-80.00 -30.00 0.00056436
-75.00 -30.00 0.00083991
-70.00 -30.00 0.00044607
-65.00 -30.00 3.993e-05
-60.00 -30.00 0.00024567
-55.00 -30.00 0.00066576
-50.00 -30.00 0.00052935
-45.00 -30.00 -0.00017268
-40.00 -30.00 -0.00081663
-35.00 -30.00 -0.00104226
-30.00 -30.00 -0.00091563
-25.00 -30.00 -0.00048918
-20.00 -30.00 0.00013695
-15.00 -30.00 0.00046614
-10.00 -30.00 3.795e-05
-5.00 -30.00 -0.00071586
0.00 -30.00 -0.00072621
5.00 -30.00 0.00029244
10.00 -30.00 0.00120882
15.00 -30.00 0.00075309
20.00 -30.00 -0.00087933
25.00 -30.00 -0.00225366
30.00 -30.00 -0.00241374
35.00 -30.00 -0.00181065
40.00 -30.00 -0.00145581
45.00 -30.00 -0.00171333
50.00 -30.00 -0.00220047
55.00 -30.00 -0.00241926
60.00 -30.00 -0.00208278
65.00 -30.00 -0.00115548
70.00 -30.00 -3.603e-05
75.00 -30.00 0.00051801
80.00 -30.00 0.00012342
85.00 -30.00 -0.00066849
90.00 -30.00 -0.00093573
95.00 -30.00 -0.00042348
100.00 -30.00 0.00031332
105.00 -30.00 0.00066981
110.00 -30.00 0.0005034
115.00 -30.00 -3.636e-05
120.00 -30.00 -0.00074538
125.00 -30.00 -0.00129504
130.00 -30.00 -0.00123579
135.00 -30.00 -0.00041505
140.00 -30.00 0.00059343
145.00 -30.00 0.00084873
150.00 -30.00 0.00019119
155.00 -30.00 -0.00023898
160.00 -30.00 0.00068886
165.00 -30.00 0.00231573
170.00 -30.00 0.0026577
175.00 -30.00 0.00097707
180.00 -30.00 -0.00106491
-180.00 -25.00 -0.00211347
-175.00 -25.00 -0.00226758
-170.00 -25.00 -0.00123024
-165.00 -25.00 -0.00059511
-160.00 -25.00 -0.00091212
-155.00 -25.00 -0.0014787
-150.00 -25.00 -0.00180135
-145.00 -25.00 -0.00209502
-140.00 -25.00 -0.00253863
-135.00 -25.00 -0.0028524
-130.00 -25.00 -0.00266988
-125.00 -25.00 -0.00199269
-120.00 -25.00 -0.00120837
-115.00 -25.00 -0.00067164
-110.00 -25.00 -0.00033684
-105.00 -25.00 -2.199e-05
-100.00 -25.00 0.00010713
-95.00 -25.00 -0.00016878
-90.00 -25.00 -0.00047685
-85.00 -25.00 -0.00026256
-80.00 -25.00 0.00020766
-75.00 -25.00 0.00018129
-70.00 -25.00 -0.0002139
-65.00 -25.00 -1.686e-05
-60.00 -25.00 0.0009342
-55.00 -25.00 0.00151413
-50.00 -25.00 0.00089691
-45.00 -25.00 -0.0003114
-40.00 -25.00 -0.00105138
-35.00 -25.00 -0.00111225
-30.00 -25.00 -0.00085884
-25.00 -25.00 -0.00037113
-20.00 -25.00 0.00036069
-15.00 -25.00 0.00082527
-10.00 -25.00 0.0004668
-5.00 -25.00 -0.00028695
0.00 -25.00 -0.00029154
5.00 -25.00 0.0007335
10.00 -25.00 0.00151386
15.00 -25.00 0.00067926
20.00 -25.00 -0.00138963
25.00 -25.00 -0.00286425
30.00 -25.00 -0.00264507
35.00 -25.00 -0.00155625
40.00 -25.00 -0.0010806
45.00 -25.00 -0.00153723
50.00 -25.00 -0.00206943
55.00 -25.00 -0.0019602
60.00 -25.00 -0.00123546
65.00 -25.00 -0.00024405
70.00 -25.00 0.0005877
75.00 -25.00 0.00070098
80.00 -25.00 -0.00013323
85.00 -25.00 -0.00123378
90.00 -25.00 -0.00148497
95.00 -25.00 -0.00052371
100.00 -25.00 0.00088893
105.00 -25.00 0.00167001
110.00 -25.00 0.00133977
115.00 -25.00 0.00026739
120.00 -25.00 -0.00074892
125.00 -25.00 -0.00115695
130.00 -25.00 -0.00096336
135.00 -25.00 -0.00046005
140.00 -25.00 1.497e-05
145.00 -25.00 4.02e-06
150.00 -25.00 -0.00069603
155.00 -25.00 -0.0013311
160.00 -25.00 -0.00079554
165.00 -25.00 0.00058056
170.00 -25.00 0.00097584
175.00 -25.00 -0.00043488
180.00 -25.00 -0.00211347
-180.00 -20.00 -0.00251775
-175.00 -20.00 -0.00221229
-170.00 -20.00 -0.00137073
-165.00 -20.00 -0.00114453
-160.00 -20.00 -0.00132516
-155.00 -20.00 -0.00121491
-150.00 -20.00 -0.00116313
-145.00 -20.00 -0.00180972
-140.00 -20.00 -0.00272388
-135.00 -20.00 -0.00294156
-130.00 -20.00 -0.00225984
-125.00 -20.00 -0.00127965
-120.00 -20.00 -0.00058308
-115.00 -20.00 -0.00025245
-110.00 -20.00 -2.07e-06
-105.00 -20.00 0.0002973
-100.00 -20.00 0.00032742
-95.00 -20.00 -0.0001014
-90.00 -20.00 -0.00045432
-85.00 -20.00 -0.00018795
-80.00 -20.00 0.00025251
-75.00 -20.00 0.00014898
-70.00 -20.00 -0.00012459
-65.00 -20.00 0.00031101
-60.00 -20.00 0.00115605
-55.00 -20.00 0.00120231
-50.00 -20.00 0.00021363
-45.00 -20.00 -0.0007566
-40.00 -20.00 -0.00096501
-35.00 -20.00 -0.0007185
-30.00 -20.00 -0.00039588
-25.00 -20.00 0.00016398
-20.00 -20.00 0.00093804
-15.00 -20.00 0.00123561
-10.00 -20.00 0.00052149
-5.00 -20.00 -0.00064971
0.00 -20.00 -0.00106026
5.00 -20.00 -0.00024987
10.00 -20.00 0.00078255
15.00 -20.00 0.00060726
20.00 -20.00 -0.00092184
25.00 -20.00 -0.00240939
30.00 -20.00 -0.00260553
35.00 -20.00 -0.00183759
40.00 -20.00 -0.00124851
45.00 -20.00 -0.00114036
50.00 -20.00 -0.00093489
55.00 -20.00 -0.00044412
60.00 -20.00 -0.00013491
65.00 -20.00 -0.00019005
70.00 -20.00 -0.00027813
75.00 -20.00 -0.00030012
80.00 -20.00 -0.00050295
85.00 -20.00 -0.00079353
90.00 -20.00 -0.0006885
95.00 -20.00 -2.697e-05
100.00 -20.00 0.0007767
105.00 -20.00 0.00117135
110.00 -20.00 0.00091479
115.00 -20.00 0.00029373
120.00 -20.00 -5.802e-05
125.00 -20.00 8.97e-05
130.00 -20.00 0.0002151
135.00 -20.00 -8.217e-05
140.00 -20.00 -0.00043725
145.00 -20.00 -0.00062283
150.00 -20.00 -0.00116202
155.00 -20.00 -0.00210201
160.00 -20.00 -0.00237462
165.00 -20.00 -0.00157548
170.00 -20.00 -0.0010269
175.00 -20.00 -0.00169893
180.00 -20.00 -0.00251775
-180.00 -15.00 -0.00193374
-175.00 -15.00 -0.00135855
-170.00 -15.00 -0.00064188
-165.00 -15.00 -0.00077775
-160.00 -15.00 -0.00109566
-155.00 -15.00 -0.00072084
-150.00 -15.00 -0.0003294
-145.00 -15.00 -0.00085206
-140.00 -15.00 -0.00179109
-135.00 -15.00 -0.00207354
-130.00 -15.00 -0.00154065
-125.00 -15.00 -0.00078723
-120.00 -15.00 -0.00026796
-115.00 -15.00 1.413e-05
-110.00 -15.00 0.00029679
-105.00 -15.00 0.00057273
-100.00 -15.00 0.00040665
-95.00 -15.00 -0.00029061
-90.00 -15.00 -0.00069549
-85.00 -15.00 -0.00017169
-80.00 -15.00 0.00062634
-75.00 -15.00 0.00086772
-70.00 -15.00 0.00097797
-65.00 -15.00 0.00161085
-60.00 -15.00 0.00209211
-55.00 -15.00 0.00144288
-50.00 -15.00 0.00015624
-45.00 -15.00 -0.00055551
-40.00 -15.00 -0.00056715
-35.00 -15.00 -0.000537
-30.00 -15.00 -0.00050193
-25.00 -15.00 -6.426e-05
-20.00 -15.00 0.00052959
-15.00 -15.00 0.00058185
-10.00 -15.00 -6.393e-05
-5.00 -15.00 -0.00089091
0.00 -15.00 -0.00129945
5.00 -15.00 -0.00102324
10.00 -15.00 -0.00037644
15.00 -15.00 -0.00021477
20.00 -15.00 -0.00109776
25.00 -15.00 -0.00243342
30.00 -15.00 -0.00305721
35.00 -15.00 -0.00259158
40.00 -15.00 -0.0015429
45.00 -15.00 -0.00030966
50.00 -15.00 0.00092238
55.00 -15.00 0.00151839
60.00 -15.00 0.00084108
65.00 -15.00 -0.00062079
70.00 -15.00 -0.00162276
75.00 -15.00 -0.00163548
80.00 -15.00 -0.00107145
85.00 -15.00 -0.00036417
90.00 -15.00 0.00023265
95.00 -15.00 0.00034845
100.00 -15.00 -8.709e-05
105.00 -15.00 -0.00054765
110.00 -15.00 -0.00061698
115.00 -15.00 -0.00037944
120.00 -15.00 0.00011037
125.00 -15.00 0.00080145
130.00 -15.00 0.00113208
135.00 -15.00 0.00071253
140.00 -15.00 0.00016605
145.00 -15.00 -6.27e-06
150.00 -15.00 -0.00055827
155.00 -15.00 -0.00194574
160.00 -15.00 -0.00289842
165.00 -15.00 -0.00238473
170.00 -15.00 -0.00152997
175.00 -15.00 -0.00163131
180.00 -15.00 -0.00193374
-180.00 -10.00 -0.00141324
-175.00 -10.00 -0.00088398
-170.00 -10.00 -7.113e-05
-165.00 -10.00 -0.00014658
-160.00 -10.00 -0.00071853
-155.00 -10.00 -0.00080379
-150.00 -10.00 -0.00051579
-145.00 -10.00 -0.00045378
-140.00 -10.00 -0.00063
-135.00 -10.00 -0.00078243
-130.00 -10.00 -0.00077628
-125.00 -10.00 -0.00047358
-120.00 -10.00 7.836e-05
-115.00 -10.00 0.00055977
-110.00 -10.00 0.00082686
-105.00 -10.00 0.0008307
-100.00 -10.00 0.00022971
-95.00 -10.00 -0.00086112
-90.00 -10.00 -0.0012627
-85.00 -10.00 -0.00025635
-80.00 -10.00 0.00110124
-75.00 -10.00 0.00165897
-70.00 -10.00 0.00195102
-65.00 -10.00 0.00269448
-60.00 -10.00 0.00303
-55.00 -10.00 0.00204579
-50.00 -10.00 0.00056961
-45.00 -10.00 -0.00022515
-40.00 -10.00 -0.00056088
-35.00 -10.00 -0.00101619
-30.00 -10.00 -0.00123342
-25.00 -10.00 -0.00088161
-20.00 -10.00 -0.00053049
-15.00 -10.00 -0.00059706
-10.00 -10.00 -0.00067002
-5.00 -10.00 -0.00053466
0.00 -10.00 -0.00064275
5.00 -10.00 -0.0011154
10.00 -10.00 -0.00147795
15.00 -10.00 -0.00169485
20.00 -10.00 -0.00229221
25.00 -10.00 -0.00320094
30.00 -10.00 -0.00356805
35.00 -10.00 -0.00290145
40.00 -10.00 -0.00148377
45.00 -10.00 0.00024234
50.00 -10.00 0.00170961
55.00 -10.00 0.00199566
60.00 -10.00 0.00076797
65.00 -10.00 -0.00087594
70.00 -10.00 -0.00164505
75.00 -10.00 -0.00157287
80.00 -10.00 -0.00125046
85.00 -10.00 -0.00058698
90.00 -10.00 0.00036582
95.00 -10.00 0.00063006
100.00 -10.00 -0.00018612
105.00 -10.00 -0.00090546
110.00 -10.00 -0.00062319
115.00 -10.00 -3.651e-05
120.00 -10.00 0.00013905
125.00 -10.00 0.00033552
130.00 -10.00 0.00083979
135.00 -10.00 0.00115077
140.00 -10.00 0.00112356
145.00 -10.00 0.0009486
150.00 -10.00 0.0001287
155.00 -10.00 -0.00154248
160.00 -10.00 -0.00267573
165.00 -10.00 -0.0021303
170.00 -10.00 -0.00108042
175.00 -10.00 -0.00106014
180.00 -10.00 -0.00141324
-180.00 -5.00 -0.00139866
-175.00 -5.00 -0.00110121
-170.00 -5.00 -0.00032835
-165.00 -5.00 -8.937e-05
-160.00 -5.00 -0.00063387
-155.00 -5.00 -0.00135267
-150.00 -5.00 -0.00155805
-145.00 -5.00 -0.00100338
-140.00 -5.00 -0.00025707
-135.00 -5.00 -0.00022842
-130.00 -5.00 -0.00079623
-125.00 -5.00 -0.00086859
-120.00 -5.00 -0.00018303
-115.00 -5.00 0.0003885
-110.00 -5.00 0.000459
-105.00 -5.00 0.00032229
-100.00 -5.00 -0.00018168
-95.00 -5.00 -0.00102957
-90.00 -5.00 -0.00097914
-85.00 -5.00 0.00068805
-80.00 -5.00 0.00247731
-75.00 -5.00 0.00282861
-70.00 -5.00 0.00245181
-65.00 -5.00 0.00251943
-60.00 -5.00 0.00242361
-55.00 -5.00 0.00133275
-50.00 -5.00 2.418e-05
-45.00 -5.00 -0.00061548
-40.00 -5.00 -0.00102765
-35.00 -5.00 -0.00158913
-30.00 -5.00 -0.00170058
-25.00 -5.00 -0.0012159
-20.00 -5.00 -0.00091428
-15.00 -5.00 -0.00097296
-10.00 -5.00 -0.00076644
-5.00 -5.00 -0.00040785
0.00 -5.00 -0.00070641
5.00 -5.00 -0.00155868
10.00 -5.00 -0.00207558
15.00 -5.00 -0.0021966
20.00 -5.00 -0.00258468
25.00 -5.00 -0.00312831
30.00 -5.00 -0.00304797
35.00 -5.00 -0.00224541
40.00 -5.00 -0.00124842
45.00 -5.00 -0.00025833
50.00 -5.00 0.00055938
55.00 -5.00 0.00059724
60.00 -5.00 -0.00012234
65.00 -5.00 -0.0004263
70.00 -5.00 0.00014283
75.00 -5.00 0.00034404
80.00 -5.00 -0.00042555
85.00 -5.00 -0.00067734
90.00 -5.00 0.00052215
95.00 -5.00 0.0016431
100.00 -5.00 0.00146415
105.00 -5.00 0.00131382
110.00 -5.00 0.00230967
115.00 -5.00 0.00295695
120.00 -5.00 0.00188418
125.00 -5.00 0.00044955
130.00 -5.00 0.0003591
135.00 -5.00 0.00102621
140.00 -5.00 0.00112851
145.00 -5.00 0.00057711
150.00 -5.00 -0.00031146
155.00 -5.00 -0.00146025
160.00 -5.00 -0.00220008
165.00 -5.00 -0.00182757
170.00 -5.00 -0.00105558
175.00 -5.00 -0.00103155
180.00 -5.00 -0.00139866
-180.00 0.00 -0.00077661
-175.00 0.00 -0.00076293
-170.00 0.00 -0.00063285
-165.00 0.00 -0.00045855
-160.00 0.00 -0.00076206
-155.00 0.00 -0.00172335
-150.00 0.00 -0.00241527
-145.00 0.00 -0.00184767
-140.00 0.00 -0.00077265
-135.00 0.00 -0.0008112
-130.00 0.00 -0.00176895
-125.00 0.00 -0.00198528
-120.00 0.00 -0.00127476
-115.00 0.00 -0.00094776
-110.00 0.00 -0.00114264
-105.00 0.00 -0.00091131
-100.00 0.00 -0.00043017
-95.00 0.00 -0.00031113
-90.00 0.00 0.0003378
-85.00 0.00 0.0023406
-80.00 0.00 0.00423354
-75.00 0.00 0.00427095
-70.00 0.00 0.00309036
-65.00 0.00 0.00211542
-60.00 0.00 0.00123813
-55.00 0.00 4.818e-05
-50.00 0.00 -0.00077004
-45.00 0.00 -0.00090654
-40.00 0.00 -0.00120291
-35.00 0.00 -0.00186744
-30.00 0.00 -0.0019713
-25.00 0.00 -0.00129009
-20.00 0.00 -0.0006597
-15.00 0.00 -0.00041577
-10.00 0.00 -0.0003414
-5.00 0.00 -0.00075216
0.00 0.00 -0.0017952
5.00 0.00 -0.00241179
10.00 0.00 -0.00180264
15.00 0.00 -0.00099441
20.00 0.00 -0.00123531
25.00 0.00 -0.00193815
30.00 0.00 -0.00191001
35.00 0.00 -0.00142113
40.00 0.00 -0.00133938
45.00 0.00 -0.00142011
50.00 0.00 -0.00111144
55.00 0.00 -0.00077046
60.00 0.00 -0.0005367
65.00 0.00 0.0004032
70.00 0.00 0.00185286
75.00 0.00 0.00196407
80.00 0.00 0.00039828
85.00 0.00 -0.00030948
90.00 0.00 0.00129735
95.00 0.00 0.00307797
100.00 0.00 0.00319476
105.00 0.00 0.00332814
110.00 0.00 0.00501828
115.00 0.00 0.00612171
120.00 0.00 0.00438282
125.00 0.00 0.00154773
130.00 0.00 0.00044856
135.00 0.00 0.00062655
140.00 0.00 3.813e-05
145.00 0.00 -0.00123585
150.00 0.00 -0.00181959
155.00 0.00 -0.00166794
160.00 0.00 -0.00159609
165.00 0.00 -0.00162435
170.00 0.00 -0.00135699
175.00 0.00 -0.00095349
180.00 0.00 -0.00077661
-180.00 5.00 0.00052224
-175.00 5.00 0.00035952
-170.00 5.00 -0.00033705
-165.00 5.00 -0.00062763
-160.00 5.00 -0.00083532
-155.00 5.00 -0.00172461
-150.00 5.00 -0.0026016
-145.00 5.00 -0.00223485
-140.00 5.00 -0.00128424
-135.00 5.00 -0.00141078
-130.00 5.00 -0.00230487
-125.00 5.00 -0.00232278
-120.00 5.00 -0.00161409
-115.00 5.00 -0.00159549
-110.00 5.00 -0.00193548
-105.00 5.00 -0.0012372
-100.00 5.00 8.259e-05
-95.00 5.00 0.00071415
-90.00 5.00 0.00116022
-85.00 5.00 0.00255678
-80.00 5.00 0.0041127
-75.00 5.00 0.00437232
-70.00 5.00 0.00354906
-65.00 5.00 0.00253215
-60.00 5.00 0.0013575
-55.00 5.00 0.00019128
-50.00 5.00 -0.00023067
-45.00 5.00 -0.00020382
-40.00 5.00 -0.00093468
-35.00 5.00 -0.00227478
-30.00 5.00 -0.00275043
-25.00 5.00 -0.00194559
-20.00 5.00 -0.00081414
-15.00 5.00 -1.797e-05
-10.00 5.00 0.00018267
-5.00 5.00 -0.00067773
0.00 5.00 -0.00215856
5.00 5.00 -0.00248988
10.00 5.00 -0.00104049
15.00 5.00 0.00030345
20.00 5.00 -9.075e-05
25.00 5.00 -0.00120345
30.00 5.00 -0.00145293
35.00 5.00 -0.00127788
40.00 5.00 -0.00170862
45.00 5.00 -0.00215868
50.00 5.00 -0.0016635
55.00 5.00 -0.00072108
60.00 5.00 -4.323e-05
65.00 5.00 0.00081372
70.00 5.00 0.00182715
75.00 5.00 0.00163803
80.00 5.00 0.00024723
85.00 5.00 8.643e-05
90.00 5.00 0.00211674
95.00 5.00 0.00367986
100.00 5.00 0.00291171
105.00 5.00 0.00215193
110.00 5.00 0.00370686
115.00 5.00 0.00541236
120.00 5.00 0.00422994
125.00 5.00 0.00141945
130.00 5.00 0.00011703
135.00 5.00 0.00015288
140.00 5.00 -0.00074892
145.00 5.00 -0.00246606
150.00 5.00 -0.00292344
155.00 5.00 -0.00188589
160.00 5.00 -0.00112152
165.00 5.00 -0.00130956
170.00 5.00 -0.00128598
175.00 5.00 -0.00035553
180.00 5.00 0.00052224
-180.00 10.00 0.00071205
-175.00 10.00 0.00065865
-170.00 10.00 -3.198e-05
-165.00 10.00 -0.00043269
-160.00 10.00 -0.00072357
-155.00 10.00 -0.00156474
-150.00 10.00 -0.00234858
-145.00 10.00 -0.00202428
-140.00 10.00 -0.00119394
-135.00 10.00 -0.00121392
-130.00 10.00 -0.00171864
-125.00 10.00 -0.00140835
-120.00 10.00 -0.00062418
-115.00 10.00 -0.00056601
-110.00 10.00 -0.00077853
-105.00 10.00 -8.541e-05
-100.00 10.00 0.00093981
-95.00 10.00 0.00103329
-90.00 10.00 0.00066255
-85.00 10.00 0.00104676
-80.00 10.00 0.00199977
-75.00 10.00 0.00265425
-70.00 10.00 0.00290004
-65.00 10.00 0.00274197
-60.00 10.00 0.00191361
-55.00 10.00 0.00094131
-50.00 10.00 0.00067476
-45.00 10.00 0.0004983
-40.00 10.00 -0.00082422
-35.00 10.00 -0.00268158
-30.00 10.00 -0.00330306
-25.00 10.00 -0.00248025
-20.00 10.00 -0.00139905
-15.00 10.00 -0.00055053
-10.00 10.00 8.931e-05
-5.00 10.00 -6.777e-05
0.00 10.00 -0.00109599
5.00 10.00 -0.00158085
10.00 10.00 -0.00068853
15.00 10.00 0.000207
20.00 10.00 -0.00027978
25.00 10.00 -0.00131682
30.00 10.00 -0.00156342
35.00 10.00 -0.00142851
40.00 10.00 -0.00177726
45.00 10.00 -0.00197304
50.00 10.00 -0.00112962
55.00 10.00 7.56e-05
60.00 10.00 0.00063729
65.00 10.00 0.00088722
70.00 10.00 0.00127098
75.00 10.00 0.0011202
80.00 10.00 0.00040479
85.00 10.00 0.0007209
90.00 10.00 0.00243912
95.00 10.00 0.00309864
100.00 10.00 0.00118344
105.00 10.00 -0.00082269
110.00 10.00 -0.00015954
115.00 10.00 0.00167397
120.00 10.00 0.00152454
125.00 10.00 -0.000228
130.00 10.00 -0.00080424
135.00 10.00 6.777e-05
140.00 10.00 0.00012552
145.00 10.00 -0.00124485
150.00 10.00 -0.00218913
155.00 10.00 -0.00169695
160.00 10.00 -0.00094974
165.00 10.00 -0.00094842
170.00 10.00 -0.0009663
175.00 10.00 -0.00018168
180.00 10.00 0.00071205
-180.00 15.00 -0.00056631
-175.00 15.00 -0.00024858
-170.00 15.00 -3.84e-06
-165.00 15.00 7.107e-05
-160.00 15.00 -0.00033417
-155.00 15.00 -0.00126327
-150.00 15.00 -0.00193029
-145.00 15.00 -0.00165702
-140.00 15.00 -0.00104283
-135.00 15.00 -0.00102033
-130.00 15.00 -0.00125427
-125.00 15.00 -0.00085869
-120.00 15.00 -5.712e-05
-115.00 15.00 0.00037365
-110.00 15.00 0.00054189
-105.00 15.00 0.00083685
-100.00 15.00 0.00083937
-95.00 15.00 0.00024567
-90.00 15.00 -0.00020568
-85.00 15.00 7.305e-05
-80.00 15.00 0.00061383
-75.00 15.00 0.00099144
-70.00 15.00 0.00136857
-65.00 15.00 0.00150504
-60.00 15.00 0.00093066
-55.00 15.00 0.00021117
-50.00 15.00 0.00017526
-45.00 15.00 0.000171
-40.00 15.00 -0.00085449
-35.00 15.00 -0.0021612
-30.00 15.00 -0.00233271
-25.00 15.00 -0.00175122
-20.00 15.00 -0.00165168
-15.00 15.00 -0.001701
-10.00 15.00 -0.00089763
-5.00 15.00 0.00012267
0.00 15.00 4.323e-05
5.00 15.00 -0.00075774
10.00 15.00 -0.00095046
15.00 15.00 -0.00055437
20.00 15.00 -0.00055641
25.00 15.00 -0.00100005
30.00 15.00 -0.00120249
35.00 15.00 -0.0011733
40.00 15.00 -0.00126912
45.00 15.00 -0.00112737
50.00 15.00 -0.00034416
55.00 15.00 0.0005043
60.00 15.00 0.00080988
65.00 15.00 0.00107085
70.00 15.00 0.00179772
75.00 15.00 0.00229509
80.00 15.00 0.00197169
85.00 15.00 0.00169395
90.00 15.00 0.0021213
95.00 15.00 0.00197052
100.00 15.00 6.477e-05
105.00 15.00 -0.00205155
110.00 15.00 -0.00203634
115.00 15.00 -0.00043344
120.00 15.00 0.00021999
125.00 15.00 -0.00053679
130.00 15.00 -0.00065226
135.00 15.00 0.00078675
140.00 15.00 0.00204066
145.00 15.00 0.00148104
150.00 15.00 -0.00012471
155.00 15.00 -0.00103821
160.00 15.00 -0.00090435
165.00 15.00 -0.00062685
170.00 15.00 -0.00070281
175.00 15.00 -0.00077838
180.00 15.00 -0.00056631
-180.00 20.00 -0.00126117
-175.00 20.00 -0.0005907
-170.00 20.00 0.00043056
-165.00 20.00 0.00084087
-160.00 20.00 0.0002964
-155.00 20.00 -0.0007218
-150.00 20.00 -0.00144891
-145.00 20.00 -0.00158472
-140.00 20.00 -0.00148272
-135.00 20.00 -0.00150339
-130.00 20.00 -0.00148089
-125.00 20.00 -0.00111402
-120.00 20.00 -0.00047166
-115.00 20.00 0.00021057
-110.00 20.00 0.00071673
-105.00 20.00 0.00065406
-100.00 20.00 -0.00012468
-95.00 20.00 -0.00080208
-90.00 20.00 -0.00039087
-85.00 20.00 0.00068523
-80.00 20.00 0.0010833
-75.00 20.00 0.00055047
-70.00 20.00 -2.778e-05
-65.00 20.00 -0.00035883
-60.00 20.00 -0.00082587
-55.00 20.00 -0.00115167
-50.00 20.00 -0.00079953
-45.00 20.00 -0.00032586
-40.00 20.00 -0.00054225
-35.00 20.00 -0.0009312
-30.00 20.00 -0.0007203
-25.00 20.00 -0.00065547
-20.00 20.00 -0.00165606
-15.00 20.00 -0.00263595
-10.00 20.00 -0.00194055
-5.00 20.00 -0.00022851
0.00 20.00 0.00037164
5.00 20.00 -0.00048891
10.00 20.00 -0.00113697
15.00 20.00 -0.00066279
20.00 20.00 2.679e-05
25.00 20.00 1.104e-05
30.00 20.00 -0.00041865
35.00 20.00 -0.00059943
40.00 20.00 -0.00038007
45.00 20.00 6.003e-05
50.00 20.00 0.00044877
55.00 20.00 0.00048141
60.00 20.00 0.00033531
65.00 20.00 0.00083409
70.00 20.00 0.00226593
75.00 20.00 0.00347109
80.00 20.00 0.00319143
85.00 20.00 0.00191931
90.00 20.00 0.00110196
95.00 20.00 0.00086886
100.00 20.00 0.0001641
105.00 20.00 -0.00097092
110.00 20.00 -0.00111165
115.00 20.00 0.00015666
120.00 20.00 0.00131718
125.00 20.00 0.00121803
130.00 20.00 0.00083364
135.00 20.00 0.00157419
140.00 20.00 0.00287064
145.00 20.00 0.00287196
150.00 20.00 0.00115983
155.00 20.00 -0.00061707
160.00 20.00 -0.00100314
165.00 20.00 -0.00048951
170.00 20.00 -0.00042423
175.00 20.00 -0.0010089
180.00 20.00 -0.00126117
-180.00 25.00 -0.00044907
-175.00 25.00 0.00023943
-170.00 25.00 0.00109428
-165.00 25.00 0.00126774
-160.00 25.00 0.00068841
-155.00 25.00 -0.00017415
-150.00 25.00 -0.00103428
-145.00 25.00 -0.00179322
-140.00 25.00 -0.00216795
-135.00 25.00 -0.0018777
-130.00 25.00 -0.00115494
-125.00 25.00 -0.00057867
-120.00 25.00 -0.00029001
-115.00 25.00 0.0001041
-110.00 25.00 0.0005982
-105.00 25.00 0.00048507
-100.00 25.00 -0.00038754
-95.00 25.00 -0.00083565
-90.00 25.00 0.00011757
-85.00 25.00 0.00152685
-80.00 25.00 0.00166104
-75.00 25.00 0.00041538
-70.00 25.00 -0.00080259
-65.00 25.00 -0.00120666
-60.00 25.00 -0.0011685
-55.00 25.00 -0.0009582
-50.00 25.00 -0.00049224
-45.00 25.00 -0.00012243
-40.00 25.00 -0.00027297
-35.00 25.00 -0.00056844
-30.00 25.00 -0.00057969
-25.00 25.00 -0.00088341
-20.00 25.00 -0.00197193
-15.00 25.00 -0.0027741
-10.00 25.00 -0.00194838
-5.00 25.00 -0.00018672
0.00 25.00 0.00054099
5.00 25.00 -0.00015606
10.00 25.00 -0.0007092
15.00 25.00 -0.0001287
20.00 25.00 0.00070374
25.00 25.00 0.00069276
30.00 25.00 0.00014997
35.00 25.00 8.223e-05
40.00 25.00 0.00071292
45.00 25.00 0.00135729
50.00 25.00 0.00131736
55.00 25.00 0.0005388
60.00 25.00 -0.00027081
65.00 25.00 -0.00010377
70.00 25.00 0.00124578
75.00 25.00 0.0025479
80.00 25.00 0.00235053
85.00 25.00 0.00089574
90.00 25.00 -0.00010887
95.00 25.00 0.00014412
100.00 25.00 0.00056535
105.00 25.00 0.0001146
110.00 25.00 -0.00044904
115.00 25.00 0.00014151
120.00 25.00 0.00148641
125.00 25.00 0.00206247
130.00 25.00 0.00157818
135.00 25.00 0.00127353
140.00 25.00 0.00173436
145.00 25.00 0.00186597
150.00 25.00 0.00071466
155.00 25.00 -0.00085125
160.00 25.00 -0.00132603
165.00 25.00 -0.00069999
170.00 25.00 -0.00022521
175.00 25.00 -0.00040587
180.00 25.00 -0.00044907
-180.00 30.00 0.0003504
-175.00 30.00 0.00062898
-170.00 30.00 0.00076641
-165.00 30.00 0.00061986
-160.00 30.00 0.00037074
-155.00 30.00 5.16e-06
-150.00 30.00 -0.00081666
-145.00 30.00 -0.00194625
-140.00 30.00 -0.00239598
-135.00 30.00 -0.00147576
-130.00 30.00 6.633e-05
-125.00 30.00 0.00081441
-120.00 30.00 0.00047763
-115.00 30.00 7.251e-05
-110.00 30.00 0.00024561
-105.00 30.00 0.00042666
-100.00 30.00 0.00011304
-95.00 30.00 -3.318e-05
-90.00 30.00 0.00069816
-85.00 30.00 0.00160722
-80.00 30.00 0.0014232
-75.00 30.00 0.00020379
-70.00 30.00 -0.00076071
-65.00 30.00 -0.00074283
-60.00 30.00 -0.00021288
-55.00 30.00 0.00018582
-50.00 30.00 0.00026544
-45.00 30.00 -4.956e-05
-40.00 30.00 -0.00075672
-35.00 30.00 -0.00146628
-30.00 30.00 -0.00180741
-25.00 30.00 -0.00199533
-20.00 30.00 -0.00227616
-15.00 30.00 -0.00214497
-10.00 30.00 -0.00104592
-5.00 30.00 0.00040962
0.00 30.00 0.00098646
5.00 30.00 0.00053736
10.00 30.00 0.0001506
15.00 30.00 0.00049311
20.00 30.00 0.00099798
25.00 30.00 0.00099918
30.00 30.00 0.00079284
35.00 30.00 0.00104175
40.00 30.00 0.00170583
45.00 30.00 0.00210969
50.00 30.00 0.00177096
55.00 30.00 0.00081228
60.00 30.00 -0.00017745
65.00 30.00 -0.00048885
70.00 30.00 0.00010488
75.00 30.00 0.00087696
80.00 30.00 0.00078297
85.00 30.00 -0.0001455
90.00 30.00 -0.00067365
95.00 30.00 -0.00010659
100.00 30.00 0.00055626
105.00 30.00 4.362e-05
110.00 30.00 -0.00117159
115.00 30.00 -0.00143493
120.00 30.00 -0.00031659
125.00 30.00 0.00079974
130.00 30.00 0.00077169
135.00 30.00 0.00015522
140.00 30.00 -4.74e-06
145.00 30.00 0.00015816
150.00 30.00 -0.0001683
155.00 30.00 -0.00092847
160.00 30.00 -0.00124374
165.00 30.00 -0.00079386
170.00 30.00 -0.00017295
175.00 30.00 0.00014721
180.00 30.00 0.0003504
-180.00 35.00 0.00019629
-175.00 35.00 -6.204e-05
-170.00 35.00 -0.00039558
-165.00 35.00 -0.00048174
-160.00 35.00 -0.0001953
-155.00 35.00 -4.122e-05
-150.00 35.00 -0.00066672
-145.00 35.00 -0.00176358
-140.00 35.00 -0.00205581
-135.00 35.00 -0.00086091
-130.00 35.00 0.0007782
-125.00 35.00 0.00119778
-120.00 35.00 0.00015237
-115.00 35.00 -0.00099486
-110.00 35.00 -0.0011214
-105.00 35.00 -0.00054756
-100.00 35.00 -9.813e-05
-95.00 35.00 0.00019206
-90.00 35.00 0.00074262
-85.00 35.00 0.00136263
-80.00 35.00 0.00140916
-75.00 35.00 0.00083214
-70.00 35.00 0.0002856
-65.00 35.00 0.00018669
-60.00 35.00 0.00027882
-55.00 35.00 0.00017295
-50.00 35.00 -0.00021117
-45.00 35.00 -0.00080436
-40.00 35.00 -0.00151716
-35.00 35.00 -0.0021225
-30.00 35.00 -0.00237483
-25.00 35.00 -0.00228288
-20.00 35.00 -0.00197136
-15.00 35.00 -0.00136467
-10.00 35.00 -0.00039186
-5.00 35.00 0.00058662
0.00 35.00 0.00103143
5.00 35.00 0.00092778
10.00 35.00 0.00081435
15.00 35.00 0.00105222
20.00 35.00 0.00146052
25.00 35.00 0.00175242
30.00 35.00 0.00191598
35.00 35.00 0.00199839
40.00 35.00 0.00188346
45.00 35.00 0.00151674
50.00 35.00 0.00108102
55.00 35.00 0.00074394
60.00 35.00 0.00047733
65.00 35.00 0.00028641
70.00 35.00 0.00029751
75.00 35.00 0.00040275
80.00 35.00 0.00020262
85.00 35.00 -0.00035154
90.00 35.00 -0.00064845
95.00 35.00 -0.00026448
100.00 35.00 0.00019752
105.00 35.00 -0.00018126
110.00 35.00 -0.00120765
115.00 35.00 -0.00166473
120.00 35.00 -0.00098232
125.00 35.00 -5.199e-05
130.00 35.00 2.937e-05
135.00 35.00 -0.00059913
140.00 35.00 -0.00096555
145.00 35.00 -0.00067899
150.00 35.00 -0.00024063
155.00 35.00 -0.00011268
160.00 35.00 -0.00015846
165.00 35.00 -7.848e-05
170.00 35.00 0.00011973
175.00 35.00 0.0002496
180.00 35.00 0.00019629
-180.00 40.00 -0.00010194
-175.00 40.00 -0.00049671
-170.00 40.00 -0.00074268
-165.00 40.00 -0.00056322
-160.00 40.00 -3.408e-05
-155.00 40.00 0.00024081
-150.00 40.00 -0.00025329
-145.00 40.00 -0.00113772
-140.00 40.00 -0.00137565
-135.00 40.00 -0.00054894
-130.00 40.00 0.0004437
-125.00 40.00 0.00037467
-120.00 40.00 -0.00080277
-115.00 40.00 -0.00191181
-110.00 40.00 -0.00200295
-105.00 40.00 -0.00132519
-100.00 40.00 -0.00067119
-95.00 40.00 -0.00025872
-90.00 40.00 0.0002913
-85.00 40.00 0.00113319
-80.00 40.00 0.00187344
-75.00 40.00 0.00206358
-70.00 40.00 0.0016419
-65.00 40.00 0.00083343
-60.00 40.00 -9.072e-05
-55.00 40.00 -0.00087162
-50.00 40.00 -0.00132738
-45.00 40.00 -0.00149283
-40.00 40.00 -0.00156993
-35.00 40.00 -0.00167778
-30.00 40.00 -0.00175134
-25.00 40.00 -0.00168816
-20.00 40.00 -0.00146091
-15.00 40.00 -0.00107898
-10.00 40.00 -0.00058545
-5.00 40.00 -0.00011403
0.00 40.00 0.00019386
5.00 40.00 0.00037878
10.00 40.00 0.00066459
15.00 40.00 0.00122043
20.00 40.00 0.00196983
25.00 40.00 0.00261246
30.00 40.00 0.00276291
35.00 40.00 0.0021666
40.00 40.00 0.0009897
45.00 40.00 -0.00011421
50.00 40.00 -0.00047673
55.00 40.00 -6.261e-05
60.00 40.00 0.00051888
65.00 40.00 0.00071955
70.00 40.00 0.00055668
75.00 40.00 0.00031224
80.00 40.00 3.774e-05
85.00 40.00 -0.00034191
90.00 40.00 -0.00064383
95.00 40.00 -0.00056724
100.00 40.00 -0.00018516
105.00 40.00 0.00010215
110.00 40.00 0.00016689
115.00 40.00 0.00031395
120.00 40.00 0.00067089
125.00 40.00 0.00079605
130.00 40.00 0.00024159
135.00 40.00 -0.00069744
140.00 40.00 -0.00118395
145.00 40.00 -0.00076605
150.00 40.00 0.00017982
155.00 40.00 0.0009426
160.00 40.00 0.00115995
165.00 40.00 0.00095178
170.00 40.00 0.00060099
175.00 40.00 0.00025773
180.00 40.00 -0.00010194
-180.00 45.00 -0.00021168
-175.00 45.00 -0.00019407
-170.00 45.00 -9.6e-06
-165.00 45.00 0.00035925
-160.00 45.00 0.00076266
-155.00 45.00 0.00084834
-150.00 45.00 0.00041262
-145.00 45.00 -0.00025044
-140.00 45.00 -0.00057081
-135.00 45.00 -0.0003597
-130.00 45.00 -6.516e-05
-125.00 45.00 -0.00020577
-120.00 45.00 -0.0006804
-115.00 45.00 -0.00089328
-110.00 45.00 -0.00054693
-105.00 45.00 -2.703e-05
-100.00 45.00 0.00013707
-95.00 45.00 -1.176e-05
-90.00 45.00 8.412e-05
-85.00 45.00 0.0007773
-80.00 45.00 0.00175011
-75.00 45.00 0.00229656
-70.00 45.00 0.00195201
-65.00 45.00 0.0008409
-60.00 45.00 -0.00045918
-55.00 45.00 -0.00133578
-50.00 45.00 -0.00153795
-45.00 45.00 -0.00128847
-40.00 45.00 -0.00103047
-35.00 45.00 -0.00103443
-30.00 45.00 -0.00123153
-25.00 45.00 -0.00138195
-20.00 45.00 -0.0013389
-15.00 45.00 -0.00114573
-10.00 45.00 -0.00094788
-5.00 45.00 -0.00085242
0.00 45.00 -0.00083265
5.00 45.00 -0.00071712
10.00 45.00 -0.00028509
15.00 45.00 0.00055743
20.00 45.00 0.00162171
25.00 45.00 0.00242862
30.00 45.00 0.00243768
35.00 45.00 0.0014556
40.00 45.00 -7.221e-05
45.00 45.00 -0.00126348
50.00 45.00 -0.00148065
55.00 45.00 -0.00088143
60.00 45.00 -0.00021264
65.00 45.00 -3.33e-05
70.00 45.00 -0.00024552
75.00 45.00 -0.00042093
80.00 45.00 -0.00039993
85.00 45.00 -0.00038103
90.00 45.00 -0.00050595
95.00 45.00 -0.00060327
100.00 45.00 -0.00040299
105.00 45.00 0.00015555
110.00 45.00 0.00090021
115.00 45.00 0.00156495
120.00 45.00 0.00185367
125.00 45.00 0.00152334
130.00 45.00 0.00062406
135.00 45.00 -0.00035034
140.00 45.00 -0.00074304
145.00 45.00 -0.00028707
150.00 45.00 0.00064488
155.00 45.00 0.00137106
160.00 45.00 0.00146283
165.00 45.00 0.00100374
170.00 45.00 0.00039123
175.00 45.00 -4.014e-05
180.00 45.00 -0.00021168
-180.00 50.00 -0.0007878
-175.00 50.00 -0.00031434
-170.00 50.00 0.00020817
-165.00 50.00 0.00065322
-160.00 50.00 0.00093951
-155.00 50.00 0.0009825
-150.00 50.00 0.00075396
-145.00 50.00 0.00035916
-140.00 50.00 -2.532e-05
-135.00 50.00 -0.00030465
-130.00 50.00 -0.00048846
-125.00 50.00 -0.00053268
-120.00 50.00 -0.00025863
-115.00 50.00 0.00044016
-110.00 50.00 0.00131622
-105.00 50.00 0.00183645
-100.00 50.00 0.00164877
-95.00 50.00 0.00096432
-90.00 50.00 0.00039591
-85.00 50.00 0.00038664
-80.00 50.00 0.00081267
-75.00 50.00 0.00113769
-70.00 50.00 0.00092478
-65.00 50.00 0.00020775
-60.00 50.00 -0.00057726
-55.00 50.00 -0.0009852
-50.00 50.00 -0.00092025
-45.00 50.00 -0.00066711
-40.00 50.00 -0.00059853
-35.00 50.00 -0.00083862
-30.00 50.00 -0.00118293
-25.00 50.00 -0.00132189
-20.00 50.00 -0.00113613
-15.00 50.00 -0.00079509
-10.00 50.00 -0.00060009
-5.00 50.00 -0.00072903
0.00 50.00 -0.0010866
5.00 50.00 -0.00135483
10.00 50.00 -0.0012018
15.00 50.00 -0.00052173
20.00 50.00 0.00043959
25.00 50.00 0.0011784
30.00 50.00 0.00123939
35.00 50.00 0.00056118
40.00 50.00 -0.00042171
45.00 50.00 -0.00108054
50.00 50.00 -0.00109938
55.00 50.00 -0.00072111
60.00 50.00 -0.00045987
65.00 50.00 -0.00055866
70.00 50.00 -0.00077334
75.00 50.00 -0.00070755
80.00 50.00 -0.00029436
85.00 50.00 0.0001275
90.00 50.00 0.00019524
95.00 50.00 -9.729e-05
100.00 50.00 -0.00041238
105.00 50.00 -0.00039585
110.00 50.00 3.477e-05
115.00 50.00 0.00065772
120.00 50.00 0.00112683
125.00 50.00 0.00121326
130.00 50.00 0.00096738
135.00 50.00 0.00068718
140.00 50.00 0.00067971
145.00 50.00 0.00098514
150.00 50.00 0.00131484
155.00 50.00 0.00128571
160.00 50.00 0.0007509
165.00 50.00 -6.783e-05
170.00 50.00 -0.00075294
175.00 50.00 -0.000999
180.00 50.00 -0.0007878
-180.00 55.00 -0.00168945
-175.00 55.00 -0.0012267
-170.00 55.00 -0.00076818
-165.00 55.00 -0.00039081
-160.00 55.00 -7.926e-05
-155.00 55.00 0.00018138
-150.00 55.00 0.00034419
-145.00 55.00 0.00031683
-140.00 55.00 3.264e-05
-135.00 55.00 -0.0004683
-130.00 55.00 -0.00099348
-125.00 55.00 -0.00123966
-120.00 55.00 -0.00095307
-115.00 55.00 -0.0001362
-110.00 55.00 0.00087399
-105.00 55.00 0.00158286
-100.00 55.00 0.00167346
-95.00 55.00 0.0012228
-90.00 55.00 0.00060267
-85.00 55.00 0.000159
-80.00 55.00 -3.417e-05
-75.00 55.00 -0.00014304
-70.00 55.00 -0.00033798
-65.00 55.00 -0.00060399
-60.00 55.00 -0.00076995
-55.00 55.00 -0.00070353
-50.00 55.00 -0.00046695
-45.00 55.00 -0.00027951
-40.00 55.00 -0.00032061
-35.00 55.00 -0.000558
-30.00 55.00 -0.00076389
-25.00 55.00 -0.00071145
-20.00 55.00 -0.00038118
-15.00 55.00 6.9e-07
-10.00 55.00 0.0001251
-5.00 55.00 -0.00016554
0.00 55.00 -0.00075021
5.00 55.00 -0.00129864
10.00 55.00 -0.00148575
15.00 55.00 -0.0012051
20.00 55.00 -0.0006396
25.00 55.00 -0.00013758
30.00 55.00 2.958e-05
35.00 55.00 -0.00014118
40.00 55.00 -0.00039798
45.00 55.00 -0.00045726
50.00 55.00 -0.00025395
55.00 55.00 1.425e-05
60.00 55.00 0.00010332
65.00 55.00 -9.63e-06
70.00 55.00 -8.835e-05
75.00 55.00 0.00011724
80.00 55.00 0.00058812
85.00 55.00 0.00100992
90.00 55.00 0.0010356
95.00 55.00 0.00058587
100.00 55.00 -8.217e-05
105.00 55.00 -0.00057087
110.00 55.00 -0.00061203
115.00 55.00 -0.00020319
120.00 55.00 0.00045159
125.00 55.00 0.00110766
130.00 55.00 0.00161577
135.00 55.00 0.00194172
140.00 55.00 0.00208551
145.00 55.00 0.00199584
150.00 55.00 0.0015768
155.00 55.00 0.00079239
160.00 55.00 -0.00022842
165.00 55.00 -0.00120081
170.00 55.00 -0.00182571
175.00 55.00 -0.00196146
180.00 55.00 -0.00168945
-180.00 60.00 -0.00194355
-175.00 60.00 -0.00182559
-170.00 60.00 -0.00172701
-165.00 60.00 -0.0015903
-160.00 60.00 -0.00132411
-155.00 60.00 -0.00090108
-150.00 60.00 -0.00041757
-145.00 60.00 -6.468e-05
-140.00 60.00 -2.085e-05
-135.00 60.00 -0.00032889
-130.00 60.00 -0.00083946
-125.00 60.00 -0.00126891
-120.00 60.00 -0.00135186
-115.00 60.00 -0.00099873
-110.00 60.00 -0.0003519
-105.00 60.00 0.0003027
-100.00 60.00 0.00070716
-95.00 60.00 0.00076275
-90.00 60.00 0.00053685
-85.00 60.00 0.00016866
-80.00 60.00 -0.00022911
-75.00 60.00 -0.00059613
-70.00 60.00 -0.00088671
-65.00 60.00 -0.0010383
-60.00 60.00 -0.00099543
-55.00 60.00 -0.00076821
-50.00 60.00 -0.00045744
-45.00 60.00 -0.0002049
-40.00 60.00 -9.855e-05
-35.00 60.00 -0.00011163
-30.00 60.00 -0.00013332
-25.00 60.00 -7.092e-05
-20.00 60.00 5.913e-05
-15.00 60.00 0.00012936
-10.00 60.00 -5.07e-06
-5.00 60.00 -0.00038793
0.00 60.00 -0.00090936
5.00 60.00 -0.00136149
10.00 60.00 -0.00156429
15.00 60.00 -0.00147438
20.00 60.00 -0.00120147
25.00 60.00 -0.00092307
30.00 60.00 -0.00075852
35.00 60.00 -0.00069522
40.00 60.00 -0.00062163
45.00 60.00 -0.00043812
50.00 60.00 -0.00015078
55.00 60.00 0.00013623
60.00 60.00 0.00032373
65.00 60.00 0.00041835
70.00 60.00 0.00052905
75.00 60.00 0.00075585
80.00 60.00 0.00107322
85.00 60.00 0.00132348
90.00 60.00 0.00133413
95.00 60.00 0.00106107
100.00 60.00 0.0006387
105.00 60.00 0.00030018
110.00 60.00 0.00023541
115.00 60.00 0.00048846
120.00 60.00 0.00095202
125.00 60.00 0.0014397
130.00 60.00 0.00177558
135.00 60.00 0.0018486
140.00 60.00 0.00162075
145.00 60.00 0.00111252
150.00 60.00 0.00039315
155.00 60.00 -0.00042039
160.00 60.00 -0.00117633
165.00 60.00 -0.00173103
170.00 60.00 -0.00200973
175.00 60.00 -0.00204318
180.00 60.00 -0.00194355
-180.00 65.00 -0.00122628
-175.00 65.00 -0.00136539
-170.00 65.00 -0.00157191
-165.00 65.00 -0.00170796
-160.00 65.00 -0.00164262
-155.00 65.00 -0.00132387
-150.00 65.00 -0.00081468
-145.00 65.00 -0.00026928
-140.00 65.00 0.00014121
-135.00 65.00 0.00031446
-130.00 65.00 0.0002664
-125.00 65.00 0.00011646
-120.00 65.00 1.806e-05
-115.00 65.00 7.539e-05
-110.00 65.00 0.00029343
-105.00 65.00 0.00058548
-100.00 65.00 0.00082539
-95.00 65.00 0.00090888
-90.00 65.00 0.00079092
-85.00 65.00 0.00049044
-80.00 65.00 7.329e-05
-75.00 65.00 -0.00036894
-70.00 65.00 -0.00073983
-65.00 65.00 -0.00096027
-60.00 65.00 -0.00099297
-55.00 65.00 -0.00085896
-50.00 65.00 -0.00063168
-45.00 65.00 -0.00040617
-40.00 65.00 -0.00025851
-35.00 65.00 -0.00021993
-30.00 65.00 -0.00028086
-25.00 65.00 -0.0004173
-20.00 65.00 -0.00061551
-15.00 65.00 -0.00087414
-10.00 65.00 -0.00118365
-5.00 65.00 -0.00150354
0.00 65.00 -0.00176187
5.00 65.00 -0.00188433
10.00 65.00 -0.00183576
15.00 65.00 -0.00164487
20.00 65.00 -0.00139215
25.00 65.00 -0.00116631
30.00 65.00 -0.00101646
35.00 65.00 -0.00093198
40.00 65.00 -0.00086196
45.00 65.00 -0.00075822
50.00 65.00 -0.00060843
55.00 65.00 -0.00043557
60.00 65.00 -0.00026793
65.00 65.00 -0.00010887
70.00 65.00 6.6e-05
75.00 65.00 0.00028179
80.00 65.00 0.0005334
85.00 65.00 0.00077994
90.00 65.00 0.00097137
95.00 65.00 0.00108459
100.00 65.00 0.00113838
105.00 65.00 0.00117435
110.00 65.00 0.00121923
115.00 65.00 0.00125715
120.00 65.00 0.00123153
125.00 65.00 0.00107496
130.00 65.00 0.0007473
135.00 65.00 0.00026112
140.00 65.00 -0.00031689
145.00 65.00 -0.00088566
150.00 65.00 -0.00134109
155.00 65.00 -0.00160794
160.00 65.00 -0.00166449
165.00 65.00 -0.00155319
170.00 65.00 -0.00137019
175.00 65.00 -0.00123213
180.00 65.00 -0.00122628
-180.00 70.00 -1.317e-05
-175.00 70.00 -0.0002301
-170.00 70.00 -0.00054573
-165.00 70.00 -0.00083865
-160.00 70.00 -0.00099411
-155.00 70.00 -0.00094338
-150.00 70.00 -0.00068475
-145.00 70.00 -0.00027795
-140.00 70.00 0.0001842
-135.00 70.00 0.00061344
-130.00 70.00 0.00095523
-125.00 70.00 0.00119823
-120.00 70.00 0.00136236
-115.00 70.00 0.00147552
-110.00 70.00 0.00155202
-105.00 70.00 0.00158352
-100.00 70.00 0.00154473
-95.00 70.00 0.00140874
-90.00 70.00 0.00116304
-85.00 70.00 0.00081999
-80.00 70.00 0.00041748
-75.00 70.00 1.104e-05
-70.00 70.00 -0.00034038
-65.00 70.00 -0.00059085
-60.00 70.00 -0.00072114
-55.00 70.00 -0.00074451
-50.00 70.00 -0.00070254
-45.00 70.00 -0.00065151
-40.00 70.00 -0.00064497
-35.00 70.00 -0.00071883
-30.00 70.00 -0.00088389
-25.00 70.00 -0.00112641
-20.00 70.00 -0.00141357
-15.00 70.00 -0.0017007
-10.00 70.00 -0.00193872
-5.00 70.00 -0.00208242
0.00 70.00 -0.00210066
5.00 70.00 -0.00198663
10.00 70.00 -0.00176337
15.00 70.00 -0.00148017
20.00 70.00 -0.00119877
25.00 70.00 -0.00097389
30.00 70.00 -0.00083658
35.00 70.00 -0.0007884
40.00 70.00 -0.00080748
45.00 70.00 -0.00086232
50.00 70.00 -0.00092406
55.00 70.00 -0.00097188
60.00 70.00 -0.00099066
65.00 70.00 -0.00096654
70.00 70.00 -0.00088557
75.00 70.00 -0.00073749
80.00 70.00 -0.0005217
85.00 70.00 -0.00025098
90.00 70.00 4.968e-05
95.00 70.00 0.00034698
100.00 70.00 0.00060366
105.00 70.00 0.00078141
110.00 70.00 0.00084399
115.00 70.00 0.00076296
120.00 70.00 0.00052719
125.00 70.00 0.00015279
130.00 70.00 -0.00031128
135.00 70.00 -0.00078711
140.00 70.00 -0.00118272
145.00 70.00 -0.00141498
150.00 70.00 -0.00143406
155.00 70.00 -0.00124143
160.00 70.00 -0.00089439
165.00 70.00 -0.00049383
170.00 70.00 -0.00015681
175.00 70.00 1.884e-05
180.00 70.00 -1.317e-05
-180.00 75.00 0.00100329
-175.00 75.00 0.00076878
-170.00 75.00 0.00045813
-165.00 75.00 0.00013425
-160.00 75.00 -0.00013959
-155.00 75.00 -0.00031443
-150.00 75.00 -0.00036504
-145.00 75.00 -0.00029277
-140.00 75.00 -0.00012096
-135.00 75.00 0.00011385
-130.00 75.00 0.00037191
-125.00 75.00 0.00061821
-120.00 75.00 0.0008265
-115.00 75.00 0.00097992
-110.00 75.00 0.00106881
-105.00 75.00 0.00108867
-100.00 75.00 0.00103893
-95.00 75.00 0.00092364
-90.00 75.00 0.00075261
-85.00 75.00 0.00054216
-80.00 75.00 0.00031407
-75.00 75.00 9.243e-05
-70.00 75.00 -0.00010128
-65.00 75.00 -0.00025278
-60.00 75.00 -0.00035835
-55.00 75.00 -0.00042552
-50.00 75.00 -0.00047064
-45.00 75.00 -0.00051429
-40.00 75.00 -0.00057564
-35.00 75.00 -0.00066711
-30.00 75.00 -0.00079095
-25.00 75.00 -0.00093795
-20.00 75.00 -0.00108942
-15.00 75.00 -0.00122103
-10.00 75.00 -0.0013089
-5.00 75.00 -0.00133536
0.00 75.00 -0.00129408
5.00 75.00 -0.00119232
10.00 75.00 -0.00105024
15.00 75.00 -0.00089661
20.00 75.00 -0.00076275
25.00 75.00 -0.00067572
30.00 75.00 -0.00065298
35.00 75.00 -0.00069972
40.00 75.00 -0.00080877
45.00 75.00 -0.00096345
50.00 75.00 -0.00114096
55.00 75.00 -0.00131628
60.00 75.00 -0.00146532
65.00 75.00 -0.00156708
70.00 75.00 -0.00160566
75.00 75.00 -0.00157176
80.00 75.00 -0.00146433
85.00 75.00 -0.00129171
90.00 75.00 -0.00107151
95.00 75.00 -0.00082899
100.00 75.00 -0.0005937
105.00 75.00 -0.00039432
110.00 75.00 -0.00025323
115.00 75.00 -0.00018114
120.00 75.00 -0.00017382
125.00 75.00 -0.00021141
130.00 75.00 -0.00026124
135.00 75.00 -0.00028443
140.00 75.00 -0.00024516
145.00 75.00 -0.00012069
150.00 75.00 9.069e-05
155.00 75.00 0.00036603
160.00 75.00 0.00066072
165.00 75.00 0.00091779
170.00 75.00 0.00108201
175.00 75.00 0.00111435
180.00 75.00 0.00100329
-180.00 80.00 0.00107898
-175.00 80.00 0.0009006
-170.00 80.00 0.00068361
-165.00 80.00 0.00044826
-160.00 80.00 0.00021606
-155.00 80.00 6.39e-06
-150.00 80.00 -0.00016593
-145.00 80.00 -0.00029241
-140.00 80.00 -0.00037083
-135.00 80.00 -0.00040479
-130.00 80.00 -0.00040221
-125.00 80.00 -0.00037362
-120.00 80.00 -0.00033015
-115.00 80.00 -0.00028206
-110.00 80.00 -0.00023775
-105.00 80.00 -0.00020316
-100.00 80.00 -0.00018147
-95.00 80.00 -0.0001731
-90.00 80.00 -0.00017616
-85.00 80.00 -0.0001872
-80.00 80.00 -0.00020181
-75.00 80.00 -0.00021576
-70.00 80.00 -0.00022575
-65.00 80.00 -0.00023016
-60.00 80.00 -0.00022932
-55.00 80.00 -0.00022533
-50.00 80.00 -0.00022161
-45.00 80.00 -0.000222
-40.00 80.00 -0.00022971
-35.00 80.00 -0.00024654
-30.00 80.00 -0.00027228
-25.00 80.00 -0.00030492
-20.00 80.00 -0.00034101
-15.00 80.00 -0.00037653
-10.00 80.00 -0.00040809
-5.00 80.00 -0.00043395
0.00 80.00 -0.00045492
5.00 80.00 -0.00047424
10.00 80.00 -0.00049737
15.00 80.00 -0.00053097
20.00 80.00 -0.00058173
25.00 80.00 -0.00065493
30.00 80.00 -0.00075315
35.00 80.00 -0.00087555
40.00 80.00 -0.00101787
45.00 80.00 -0.00117267
50.00 80.00 -0.00132984
55.00 80.00 -0.00147795
60.00 80.00 -0.0016053
65.00 80.00 -0.00170139
70.00 80.00 -0.00175776
75.00 80.00 -0.0017688
80.00 80.00 -0.00173247
85.00 80.00 -0.00165027
90.00 80.00 -0.00152691
95.00 80.00 -0.00136959
100.00 80.00 -0.00118677
105.00 80.00 -0.00098715
110.00 80.00 -0.0007782
115.00 80.00 -0.00056535
120.00 80.00 -0.00035172
125.00 80.00 -0.00013836
130.00 80.00 7.494e-05
135.00 80.00 0.00028818
140.00 80.00 0.00049968
145.00 80.00 0.00070461
150.00 80.00 0.0008946
155.00 80.00 0.00105816
160.00 80.00 0.00118203
165.00 80.00 0.00125316
170.00 80.00 0.00126156
175.00 80.00 0.00120261
180.00 80.00 0.00107898
-180.00 85.00 0.00016941
-175.00 85.00 0.0001167
-170.00 85.00 5.166e-05
-165.00 85.00 -2.202e-05
-160.00 85.00 -0.00010047
-155.00 85.00 -0.00018018
-150.00 85.00 -0.00025812
-145.00 85.00 -0.00033177
-140.00 85.00 -0.00039867
-135.00 85.00 -0.0004569
-130.00 85.00 -0.00050508
-125.00 85.00 -0.00054288
-120.00 85.00 -0.00057078
-115.00 85.00 -0.00058962
-110.00 85.00 -0.00060012
-105.00 85.00 -0.00060285
-100.00 85.00 -0.0005985
-95.00 85.00 -0.00058818
-90.00 85.00 -0.00057327
-85.00 85.00 -0.00055506
-80.00 85.00 -0.00053442
-75.00 85.00 -0.00051177
-70.00 85.00 -0.00048777
-65.00 85.00 -0.00046335
-60.00 85.00 -0.00043995
-55.00 85.00 -0.00041883
-50.00 85.00 -0.00040086
-45.00 85.00 -0.00038646
-40.00 85.00 -0.00037614
-35.00 85.00 -0.00037065
-30.00 85.00 -0.00037098
-25.00 85.00 -0.00037779
-20.00 85.00 -0.00039123
-15.00 85.00 -0.00041091
-10.00 85.00 -0.0004365
-5.00 85.00 -0.00046815
0.00 85.00 -0.00050607
5.00 85.00 -0.00055032
10.00 85.00 -0.00060045
15.00 85.00 -0.00065547
20.00 85.00 -0.00071445
25.00 85.00 -0.00077655
30.00 85.00 -0.0008409
35.00 85.00 -0.00090618
40.00 85.00 -0.00097029
45.00 85.00 -0.00103062
50.00 85.00 -0.00108462
55.00 85.00 -0.0011301
60.00 85.00 -0.00116508
65.00 85.00 -0.00118764
70.00 85.00 -0.00119592
75.00 85.00 -0.00118821
80.00 85.00 -0.00116355
85.00 85.00 -0.00112203
90.00 85.00 -0.0010644
95.00 85.00 -0.00099201
100.00 85.00 -0.0009063
105.00 85.00 -0.00080904
110.00 85.00 -0.00070245
115.00 85.00 -0.00058947
120.00 85.00 -0.00047334
125.00 85.00 -0.00035733
130.00 85.00 -0.00024444
135.00 85.00 -0.00013746
140.00 85.00 -3.921e-05
145.00 85.00 4.734e-05
150.00 85.00 0.00011934
155.00 85.00 0.00017442
160.00 85.00 0.00021102
165.00 85.00 0.00022851
170.00 85.00 0.00022692
175.00 85.00 0.00020682
180.00 85.00 0.00016941
-180.00 90.00 -0.00060216
-175.00 90.00 -0.00060216
-170.00 90.00 -0.00060216
-165.00 90.00 -0.00060216
-160.00 90.00 -0.00060216
-155.00 90.00 -0.00060216
-150.00 90.00 -0.00060216
-145.00 90.00 -0.00060216
-140.00 90.00 -0.00060216
-135.00 90.00 -0.00060216
-130.00 90.00 -0.00060216
-125.00 90.00 -0.00060216
-120.00 90.00 -0.00060216
-115.00 90.00 -0.00060216
-110.00 90.00 -0.00060216
-105.00 90.00 -0.00060216
-100.00 90.00 -0.00060216
-95.00 90.00 -0.00060216
-90.00 90.00 -0.00060216
-85.00 90.00 -0.00060216
-80.00 90.00 -0.00060216
-75.00 90.00 -0.00060216
-70.00 90.00 -0.00060216
-65.00 90.00 -0.00060216
-60.00 90.00 -0.00060216
-55.00 90.00 -0.00060216
-50.00 90.00 -0.00060216
-45.00 90.00 -0.00060216
-40.00 90.00 -0.00060216
-35.00 90.00 -0.00060216
-30.00 90.00 -0.00060216
-25.00 90.00 -0.00060216
-20.00 90.00 -0.00060216
-15.00 90.00 -0.00060216
-10.00 90.00 -0.00060216
-5.00 90.00 -0.00060216
0.00 90.00 -0.00060216
5.00 90.00 -0.00060216
10.00 90.00 -0.00060216
15.00 90.00 -0.00060216
20.00 90.00 -0.00060216
25.00 90.00 -0.00060216
30.00 90.00 -0.00060216
35.00 90.00 -0.00060216
40.00 90.00 -0.00060216
45.00 90.00 -0.00060216
50.00 90.00 -0.00060216
55.00 90.00 -0.00060216
60.00 90.00 -0.00060216
65.00 90.00 -0.00060216
70.00 90.00 -0.00060216
75.00 90.00 -0.00060216
80.00 90.00 -0.00060216
85.00 90.00 -0.00060216
90.00 90.00 -0.00060216
95.00 90.00 -0.00060216
100.00 90.00 -0.00060216
105.00 90.00 -0.00060216
110.00 90.00 -0.00060216
115.00 90.00 -0.00060216
120.00 90.00 -0.00060216
125.00 90.00 -0.00060216
130.00 90.00 -0.00060216
135.00 90.00 -0.00060216
140.00 90.00 -0.00060216
145.00 90.00 -0.00060216
150.00 90.00 -0.00060216
155.00 90.00 -0.00060216
160.00 90.00 -0.00060216
165.00 90.00 -0.00060216
170.00 90.00 -0.00060216
175.00 90.00 -0.00060216
180.00 90.00 -0.00060216
