-180.00 -90.00 0.00032634
-175.00 -90.00 0.00032637
-170.00 -90.00 0.00032637
-165.00 -90.00 0.00032637
-160.00 -90.00 0.00032637
-155.00 -90.00 0.00032634
-150.00 -90.00 0.00032634
-145.00 -90.00 0.00032631
-140.00 -90.00 0.00032628
-135.00 -90.00 0.00032625
-130.00 -90.00 0.00032619
-125.00 -90.00 0.00032616
-120.00 -90.00 0.00032613
-115.00 -90.00 0.00032607
-110.00 -90.00 0.00032604
-105.00 -90.00 0.00032601
-100.00 -90.00 0.00032598
-95.00 -90.00 0.00032595
-90.00 -90.00 0.00032592
-85.00 -90.00 0.00032592
-80.00 -90.00 0.00032592
-75.00 -90.00 0.00032589
-70.00 -90.00 0.00032592
-65.00 -90.00 0.00032592
-60.00 -90.00 0.00032595
-55.00 -90.00 0.00032598
-50.00 -90.00 0.00032601
-45.00 -90.00 0.00032604
-40.00 -90.00 0.00032607
-35.00 -90.00 0.0003261
-30.00 -90.00 0.00032616
-25.00 -90.00 0.00032619
-20.00 -90.00 0.00032622
-15.00 -90.00 0.00032625
-10.00 -90.00 0.00032628
-5.00 -90.00 0.00032631
0.00 -90.00 0.00032634
5.00 -90.00 0.00032637
10.00 -90.00 0.00032637
15.00 -90.00 0.00032637
20.00 -90.00 0.00032637
25.00 -90.00 0.00032634
30.00 -90.00 0.00032634
35.00 -90.00 0.00032631
40.00 -90.00 0.00032628
45.00 -90.00 0.00032625
50.00 -90.00 0.00032619
55.00 -90.00 0.00032616
60.00 -90.00 0.00032613
65.00 -90.00 0.00032607
70.00 -90.00 0.00032604
75.00 -90.00 0.00032601
80.00 -90.00 0.00032598
85.00 -90.00 0.00032595
90.00 -90.00 0.00032592
95.00 -90.00 0.00032592
100.00 -90.00 0.00032592
105.00 -90.00 0.00032592
110.00 -90.00 0.00032592
115.00 -90.00 0.00032592
120.00 -90.00 0.00032595
125.00 -90.00 0.00032598
130.00 -90.00 0.00032601
135.00 -90.00 0.00032604
140.00 -90.00 0.00032607
145.00 -90.00 0.0003261
150.00 -90.00 0.00032616
155.00 -90.00 0.00032619
160.00 -90.00 0.00032622
165.00 -90.00 0.00032625
170.00 -90.00 0.00032631
175.00 -90.00 0.00032631
180.00 -90.00 0.00032634
-180.00 -85.00 0.00030552
-175.00 -85.00 0.0002847
-170.00 -85.00 0.00026034
-165.00 -85.00 0.00023295
-160.00 -85.00 0.00020295
-155.00 -85.00 0.00017079
-150.00 -85.00 0.00013683
-145.00 -85.00 0.00010146
-140.00 -85.00 6.48e-05
-135.00 -85.00 2.688e-05
-130.00 -85.00 -1.227e-05
-125.00 -85.00 -5.253e-05
-120.00 -85.00 -9.345e-05
-115.00 -85.00 -0.00013464
-110.00 -85.00 -0.00017553
-105.00 -85.00 -0.00021549
-100.00 -85.00 -0.00025359
-95.00 -85.00 -0.00028875
-90.00 -85.00 -0.00031968
-85.00 -85.00 -0.00034536
-80.00 -85.00 -0.00036483
-75.00 -85.00 -0.00037719
-70.00 -85.00 -0.00038145
-65.00 -85.00 -0.00037683
-60.00 -85.00 -0.00036276
-55.00 -85.00 -0.00033897
-50.00 -85.00 -0.00030549
-45.00 -85.00 -0.00026256
-40.00 -85.00 -0.00021063
-35.00 -85.00 -0.00015063
-30.00 -85.00 -8.391e-05
-25.00 -85.00 -1.221e-05
-20.00 -85.00 6.246e-05
-15.00 -85.00 0.00013791
-10.00 -85.00 0.0002118
-5.00 -85.00 0.0002817
0.00 -85.00 0.00034551
5.00 -85.00 0.00040128
10.00 -85.00 0.00044757
15.00 -85.00 0.00048336
20.00 -85.00 0.00050811
25.00 -85.00 0.00052188
30.00 -85.00 0.0005253
35.00 -85.00 0.00051951
40.00 -85.00 0.00050583
45.00 -85.00 0.00048579
50.00 -85.00 0.00046104
55.00 -85.00 0.00043344
60.00 -85.00 0.00040479
65.00 -85.00 0.00037662
70.00 -85.00 0.00035013
75.00 -85.00 0.00032628
80.00 -85.00 0.00030576
85.00 -85.00 0.00028923
90.00 -85.00 0.00027705
95.00 -85.00 0.00026916
100.00 -85.00 0.00026529
105.00 -85.00 0.00026505
110.00 -85.00 0.00026814
115.00 -85.00 0.0002742
120.00 -85.00 0.00028266
125.00 -85.00 0.00029277
130.00 -85.00 0.00030375
135.00 -85.00 0.00031491
140.00 -85.00 0.00032553
145.00 -85.00 0.0003348
150.00 -85.00 0.00034188
155.00 -85.00 0.00034593
160.00 -85.00 0.00034638
165.00 -85.00 0.00034275
170.00 -85.00 0.00033477
175.00 -85.00 0.00032232
180.00 -85.00 0.00030552
-180.00 -80.00 0.00010539
-175.00 -80.00 5.61e-05
-170.00 -80.00 -1.59e-06
-165.00 -80.00 -6.129e-05
-160.00 -80.00 -0.00011691
-155.00 -80.00 -0.00016377
-150.00 -80.00 -0.00020058
-145.00 -80.00 -0.00022911
-140.00 -80.00 -0.0002529
-135.00 -80.00 -0.00027642
-130.00 -80.00 -0.00030516
-125.00 -80.00 -0.00034467
-120.00 -80.00 -0.00039837
-115.00 -80.00 -0.00046656
-110.00 -80.00 -0.00054711
-105.00 -80.00 -0.00063645
-100.00 -80.00 -0.00072954
-95.00 -80.00 -0.0008202
-90.00 -80.00 -0.00090309
-85.00 -80.00 -0.00097548
-80.00 -80.00 -0.00103677
-75.00 -80.00 -0.0010872
-70.00 -80.00 -0.00112749
-65.00 -80.00 -0.00115875
-60.00 -80.00 -0.00118125
-55.00 -80.00 -0.00119238
-50.00 -80.00 -0.00118701
-45.00 -80.00 -0.00115911
-40.00 -80.00 -0.00110313
-35.00 -80.00 -0.00101412
-30.00 -80.00 -0.00088893
-25.00 -80.00 -0.00072825
-20.00 -80.00 -0.00053751
-15.00 -80.00 -0.00032571
-10.00 -80.00 -0.00010371
-5.00 -80.00 0.00011601
0.00 -80.00 0.0003201
5.00 -80.00 0.00049659
10.00 -80.00 0.00063702
15.00 -80.00 0.00073653
20.00 -80.00 0.00079314
25.00 -80.00 0.0008079
30.00 -80.00 0.0007854
35.00 -80.00 0.00073284
40.00 -80.00 0.00065778
45.00 -80.00 0.00056736
50.00 -80.00 0.00046875
55.00 -80.00 0.00036876
60.00 -80.00 0.00027255
65.00 -80.00 0.00018315
70.00 -80.00 0.00010251
75.00 -80.00 3.225e-05
80.00 -80.00 -2.712e-05
85.00 -80.00 -7.674e-05
90.00 -80.00 -0.00011835
95.00 -80.00 -0.000153
100.00 -80.00 -0.00018138
105.00 -80.00 -0.00020442
110.00 -80.00 -0.0002223
115.00 -80.00 -0.00023355
120.00 -80.00 -0.00023529
125.00 -80.00 -0.00022503
130.00 -80.00 -0.00020139
135.00 -80.00 -0.00016377
140.00 -80.00 -0.00011301
145.00 -80.00 -5.277e-05
150.00 -80.00 1.05e-05
155.00 -80.00 6.918e-05
160.00 -80.00 0.0001164
165.00 -80.00 0.00014634
170.00 -80.00 0.00015462
175.00 -80.00 0.00014004
180.00 -80.00 0.00010539
-180.00 -75.00 3.48e-05
-175.00 -75.00 -7.812e-05
-170.00 -75.00 -0.00020481
-165.00 -75.00 -0.00031926
-160.00 -75.00 -0.00040143
-155.00 -75.00 -0.00044025
-150.00 -75.00 -0.00043359
-145.00 -75.00 -0.00038733
-140.00 -75.00 -0.00031452
-135.00 -75.00 -0.00023457
-130.00 -75.00 -0.00017004
-125.00 -75.00 -0.00014175
-120.00 -75.00 -0.00016449
-115.00 -75.00 -0.00024249
-110.00 -75.00 -0.00036669
-105.00 -75.00 -0.00051576
-100.00 -75.00 -0.0006618
-95.00 -75.00 -0.00077745
-90.00 -75.00 -0.00084354
-85.00 -75.00 -0.00085518
-80.00 -75.00 -0.00082443
-75.00 -75.00 -0.00077673
-70.00 -75.00 -0.00074373
-65.00 -75.00 -0.0007545
-60.00 -75.00 -0.0008271
-55.00 -75.00 -0.00096252
-50.00 -75.00 -0.00114411
-45.00 -75.00 -0.00134163
-40.00 -75.00 -0.00151782
-35.00 -75.00 -0.00163617
-30.00 -75.00 -0.00166884
-25.00 -75.00 -0.00160167
-20.00 -75.00 -0.00143595
-15.00 -75.00 -0.00118719
-10.00 -75.00 -0.00088239
-5.00 -75.00 -0.00055419
0.00 -75.00 -0.0002349
5.00 -75.00 4.794e-05
10.00 -75.00 0.00027489
15.00 -75.00 0.00043656
20.00 -75.00 0.00053343
25.00 -75.00 0.00057339
30.00 -75.00 0.00056937
35.00 -75.00 0.00053667
40.00 -75.00 0.0004893
45.00 -75.00 0.00043713
50.00 -75.00 0.00038514
55.00 -75.00 0.00033351
60.00 -75.00 0.00027876
65.00 -75.00 0.00021603
70.00 -75.00 0.00014205
75.00 -75.00 5.625e-05
80.00 -75.00 -4.029e-05
85.00 -75.00 -0.00014577
90.00 -75.00 -0.00025899
95.00 -75.00 -0.00038061
100.00 -75.00 -0.00051291
105.00 -75.00 -0.00065667
110.00 -75.00 -0.00080802
115.00 -75.00 -0.00095712
120.00 -75.00 -0.00108747
125.00 -75.00 -0.0011775
130.00 -75.00 -0.00120561
135.00 -75.00 -0.00115689
140.00 -75.00 -0.0010281
145.00 -75.00 -0.00083031
150.00 -75.00 -0.00058929
155.00 -75.00 -0.00034101
160.00 -75.00 -0.00012321
165.00 -75.00 3.315e-05
170.00 -75.00 0.00011001
175.00 -75.00 0.00010578
180.00 -75.00 3.48e-05
-180.00 -70.00 1.05e-05
-175.00 -70.00 -0.00016953
-170.00 -70.00 -0.00030432
-165.00 -70.00 -0.00036975
-160.00 -70.00 -0.00037032
-155.00 -70.00 -0.00032367
-150.00 -70.00 -0.00024432
-145.00 -70.00 -0.00013701
-140.00 -70.00 -2.49e-06
-135.00 -70.00 0.00015006
-130.00 -70.00 0.00029475
-125.00 -70.00 0.00039171
-120.00 -70.00 0.00040071
-115.00 -70.00 0.00029949
-110.00 -70.00 9.75e-05
-105.00 -70.00 -0.00016092
-100.00 -70.00 -0.00040635
-95.00 -70.00 -0.00056361
-90.00 -70.00 -0.00057579
-85.00 -70.00 -0.00042468
-80.00 -70.00 -0.00014085
-75.00 -70.00 0.00020184
-70.00 -70.00 0.00050691
-65.00 -70.00 0.00068394
-60.00 -70.00 0.00067497
-55.00 -70.00 0.00046869
-50.00 -70.00 9.879e-05
-45.00 -70.00 -0.00036987
-40.00 -70.00 -0.00086043
-35.00 -70.00 -0.00130074
-30.00 -70.00 -0.00163497
-25.00 -70.00 -0.00182976
-20.00 -70.00 -0.00187659
-15.00 -70.00 -0.0017907
-10.00 -70.00 -0.00160614
-5.00 -70.00 -0.00136719
0.00 -70.00 -0.00111789
5.00 -70.00 -0.00089295
10.00 -70.00 -0.00071304
15.00 -70.00 -0.00058437
20.00 -70.00 -0.00050115
25.00 -70.00 -0.00044904
30.00 -70.00 -0.00040806
35.00 -70.00 -0.00035631
40.00 -70.00 -0.0002754
45.00 -70.00 -0.00015726
50.00 -70.00 -1.002e-05
55.00 -70.00 0.00014145
60.00 -70.00 0.00026205
65.00 -70.00 0.00031851
70.00 -70.00 0.00029181
75.00 -70.00 0.0001836
80.00 -70.00 1.332e-05
85.00 -70.00 -0.00019248
90.00 -70.00 -0.00041259
95.00 -70.00 -0.00063906
100.00 -70.00 -0.00087666
105.00 -70.00 -0.00113478
110.00 -70.00 -0.00141591
115.00 -70.00 -0.00170619
120.00 -70.00 -0.00197199
125.00 -70.00 -0.00216462
130.00 -70.00 -0.00223212
135.00 -70.00 -0.00213522
140.00 -70.00 -0.00186315
145.00 -70.00 -0.00144318
150.00 -70.00 -0.00094008
155.00 -70.00 -0.00044271
160.00 -70.00 -4.077e-05
165.00 -70.00 0.00020157
170.00 -70.00 0.00026517
175.00 -70.00 0.00017991
180.00 -70.00 1.05e-05
-180.00 -65.00 -0.00073851
-175.00 -65.00 -0.00090441
-170.00 -65.00 -0.00080187
-165.00 -65.00 -0.0004971
-160.00 -65.00 -0.00013983
-155.00 -65.00 0.00012579
-150.00 -65.00 0.00023982
-145.00 -65.00 0.00024534
-140.00 -65.00 0.00024117
-135.00 -65.00 0.00030714
-130.00 -65.00 0.00045303
-125.00 -65.00 0.00061887
-120.00 -65.00 0.0007164
-115.00 -65.00 0.00067842
-110.00 -65.00 0.00048918
-105.00 -65.00 0.00018924
-100.00 -65.00 -0.00013692
-95.00 -65.00 -0.00038202
-90.00 -65.00 -0.00044496
-85.00 -65.00 -0.00026706
-80.00 -65.00 0.00013611
-75.00 -65.00 0.00066771
-70.00 -65.00 0.00118044
-65.00 -65.00 0.00153435
-60.00 -65.00 0.00165072
-55.00 -65.00 0.00153024
-50.00 -65.00 0.00122997
-45.00 -65.00 0.00082101
-40.00 -65.00 0.0003582
-35.00 -65.00 -0.00012225
-30.00 -65.00 -0.00058701
-25.00 -65.00 -0.00099429
-20.00 -65.00 -0.00130095
-15.00 -65.00 -0.00148221
-10.00 -65.00 -0.00154644
-5.00 -65.00 -0.00153069
0.00 -65.00 -0.0014805
5.00 -65.00 -0.00142869
10.00 -65.00 -0.00138789
15.00 -65.00 -0.00135747
20.00 -65.00 -0.00133497
25.00 -65.00 -0.00131955
30.00 -65.00 -0.001305
35.00 -65.00 -0.0012708
40.00 -65.00 -0.00118326
45.00 -65.00 -0.00101211
50.00 -65.00 -0.00075471
55.00 -65.00 -0.00045108
60.00 -65.00 -0.00017577
65.00 -65.00 -6.84e-06
70.00 -65.00 1.185e-05
75.00 -65.00 -0.0001092
80.00 -65.00 -0.00031539
85.00 -65.00 -0.0005418
90.00 -65.00 -0.0007482
95.00 -65.00 -0.00093369
100.00 -65.00 -0.00112509
105.00 -65.00 -0.00135048
110.00 -65.00 -0.00161433
115.00 -65.00 -0.00188751
120.00 -65.00 -0.00211332
125.00 -65.00 -0.0022248
130.00 -65.00 -0.00216579
135.00 -65.00 -0.00190944
140.00 -65.00 -0.00147093
145.00 -65.00 -0.00091173
150.00 -65.00 -0.00033429
155.00 -65.00 0.00013635
160.00 -65.00 0.00038511
165.00 -65.00 0.00034989
170.00 -65.00 5.853e-05
175.00 -65.00 -0.00036456
180.00 -65.00 -0.00073851
-180.00 -60.00 -0.00188649
-175.00 -60.00 -0.00193833
-170.00 -60.00 -0.00143688
-165.00 -60.00 -0.00059766
-160.00 -60.00 0.00018909
-155.00 -60.00 0.00059088
-150.00 -60.00 0.0005289
-145.00 -60.00 0.00019503
-140.00 -60.00 -0.00011082
-135.00 -60.00 -0.00018639
-130.00 -60.00 -2.541e-05
-125.00 -60.00 0.00023667
-120.00 -60.00 0.00045255
-115.00 -60.00 0.00055263
-110.00 -60.00 0.00054147
-105.00 -60.00 0.00044232
-100.00 -60.00 0.00026745
-95.00 -60.00 4.59e-05
-90.00 -60.00 -0.00013782
-85.00 -60.00 -0.00016155
-80.00 -60.00 5.109e-05
-75.00 -60.00 0.00045363
-70.00 -60.00 0.00088821
-65.00 -60.00 0.00119094
-60.00 -60.00 0.00130296
-55.00 -60.00 0.00128937
-50.00 -60.00 0.00125262
-45.00 -60.00 0.00122424
-40.00 -60.00 0.00113427
-35.00 -60.00 0.00088137
-30.00 -60.00 0.00043575
-25.00 -60.00 -0.00011682
-20.00 -60.00 -0.00062385
-15.00 -60.00 -0.00096312
-10.00 -60.00 -0.00111027
-5.00 -60.00 -0.0011313
0.00 -60.00 -0.0011181
5.00 -60.00 -0.00112401
10.00 -60.00 -0.00114693
15.00 -60.00 -0.00116061
20.00 -60.00 -0.0011574
25.00 -60.00 -0.00116298
30.00 -60.00 -0.00121233
35.00 -60.00 -0.00130977
40.00 -60.00 -0.00140811
45.00 -60.00 -0.00142929
50.00 -60.00 -0.00131727
55.00 -60.00 -0.00108747
60.00 -60.00 -0.00083004
65.00 -60.00 -0.00065547
70.00 -60.00 -0.00061758
75.00 -60.00 -0.00067497
80.00 -60.00 -0.00072585
85.00 -60.00 -0.00069087
90.00 -60.00 -0.00057702
95.00 -60.00 -0.00047268
100.00 -60.00 -0.00048162
105.00 -60.00 -0.00064872
110.00 -60.00 -0.0009276
115.00 -60.00 -0.00120261
120.00 -60.00 -0.0013431
125.00 -60.00 -0.00126003
130.00 -60.00 -0.00094176
135.00 -60.00 -0.0004575
140.00 -60.00 7.278e-05
145.00 -60.00 0.00052545
150.00 -60.00 0.00080856
155.00 -60.00 0.00086424
160.00 -60.00 0.00065268
165.00 -60.00 0.00015723
170.00 -60.00 -0.00056757
175.00 -60.00 -0.00134322
180.00 -60.00 -0.00188649
-180.00 -55.00 -0.00181038
-175.00 -55.00 -0.00179025
-170.00 -55.00 -0.00116085
-165.00 -55.00 -0.00017007
-160.00 -55.00 0.00062292
-155.00 -55.00 0.00076062
-150.00 -55.00 0.00024192
-145.00 -55.00 -0.00049983
-140.00 -55.00 -0.00096201
-135.00 -55.00 -0.00094497
-130.00 -55.00 -0.00062637
-125.00 -55.00 -0.00032538
-120.00 -55.00 -0.00020415
-115.00 -55.00 -0.00016911
-110.00 -55.00 -2.916e-05
-105.00 -55.00 0.00026598
-100.00 -55.00 0.00054885
-95.00 -55.00 0.00059808
-90.00 -55.00 0.00037878
-85.00 -55.00 0.00010566
-80.00 -55.00 4.974e-05
-75.00 -55.00 0.00028068
-70.00 -55.00 0.00061107
-65.00 -55.00 0.0007977
-60.00 -55.00 0.00078384
-55.00 -55.00 0.00073053
-50.00 -55.00 0.00081699
-45.00 -55.00 0.00102846
-40.00 -55.00 0.00114729
-35.00 -55.00 0.00094806
-30.00 -55.00 0.00040377
-25.00 -55.00 -0.00027846
-20.00 -55.00 -0.00080697
-15.00 -55.00 -0.00100422
-10.00 -55.00 -0.00090156
-5.00 -55.00 -0.00067917
0.00 -55.00 -0.00052002
5.00 -55.00 -0.00049635
10.00 -55.00 -0.0005625
15.00 -55.00 -0.00063201
20.00 -55.00 -0.00065868
25.00 -55.00 -0.00066153
30.00 -55.00 -0.00069504
35.00 -55.00 -0.00080103
40.00 -55.00 -0.00097137
45.00 -55.00 -0.00114147
50.00 -55.00 -0.00122859
55.00 -55.00 -0.00120126
60.00 -55.00 -0.00111789
65.00 -55.00 -0.00107646
70.00 -55.00 -0.0011016
75.00 -55.00 -0.00108417
80.00 -55.00 -0.00085815
85.00 -55.00 -0.00036123
90.00 -55.00 0.00027195
95.00 -55.00 0.00077916
100.00 -55.00 0.00094275
105.00 -55.00 0.00071991
110.00 -55.00 0.00024822
115.00 -55.00 -0.00023961
120.00 -55.00 -0.00051558
125.00 -55.00 -0.00043731
130.00 -55.00 -1.272e-05
135.00 -55.00 0.00057612
140.00 -55.00 0.00104253
145.00 -55.00 0.0011568
150.00 -55.00 0.00089391
155.00 -55.00 0.00042996
160.00 -55.00 -2.919e-05
165.00 -55.00 -0.00042996
170.00 -55.00 -0.00086874
175.00 -55.00 -0.00139086
180.00 -55.00 -0.00181038
-180.00 -50.00 -0.00027021
-175.00 -50.00 -0.00044889
-170.00 -50.00 -0.00020733
-165.00 -50.00 0.00040425
-160.00 -50.00 0.00080232
-155.00 -50.00 0.00048336
-150.00 -50.00 -0.00043176
-145.00 -50.00 -0.00130017
-140.00 -50.00 -0.0015609
-135.00 -50.00 -0.00120594
-130.00 -50.00 -0.000705
-125.00 -50.00 -0.00053652
-120.00 -50.00 -0.00077631
-115.00 -50.00 -0.00106551
-110.00 -50.00 -0.00095253
-105.00 -50.00 -0.00032376
-100.00 -50.00 0.00045312
-95.00 -50.00 0.00084102
-90.00 -50.00 0.00063924
-85.00 -50.00 0.00017856
-80.00 -50.00 -1.671e-05
-75.00 -50.00 0.0002514
-70.00 -50.00 0.00070737
-65.00 -50.00 0.00095505
-60.00 -50.00 0.0008982
-55.00 -50.00 0.00076563
-50.00 -50.00 0.00077367
-45.00 -50.00 0.000858
-40.00 -50.00 0.00076602
-35.00 -50.00 0.00035901
-30.00 -50.00 -0.00022767
-25.00 -50.00 -0.00070476
-20.00 -50.00 -0.00086472
-15.00 -50.00 -0.00070959
-10.00 -50.00 -0.00040749
-5.00 -50.00 -0.00015942
0.00 -50.00 -8.094e-05
5.00 -50.00 -0.00016638
10.00 -50.00 -0.00034317
15.00 -50.00 -0.00055035
20.00 -50.00 -0.00075609
25.00 -50.00 -0.00091608
30.00 -50.00 -0.00096846
35.00 -50.00 -0.00090387
40.00 -50.00 -0.00080946
45.00 -50.00 -0.00079299
50.00 -50.00 -0.0008694
55.00 -50.00 -0.00096705
60.00 -50.00 -0.0010455
65.00 -50.00 -0.00114099
70.00 -50.00 -0.00125301
75.00 -50.00 -0.00123228
80.00 -50.00 -0.00086856
85.00 -50.00 -0.000123
90.00 -50.00 0.00076179
95.00 -50.00 0.00142059
100.00 -50.00 0.00163092
105.00 -50.00 0.00141597
110.00 -50.00 0.00093528
115.00 -50.00 0.00035553
120.00 -50.00 -0.00015261
125.00 -50.00 -0.00038523
130.00 -50.00 -0.00020949
135.00 -50.00 0.00024477
140.00 -50.00 0.00056172
145.00 -50.00 0.00032961
150.00 -50.00 -0.00046086
155.00 -50.00 -0.00131802
160.00 -50.00 -0.00163065
165.00 -50.00 -0.00122319
170.00 -50.00 -0.00052893
175.00 -50.00 -0.00015684
180.00 -50.00 -0.00027021
-180.00 -45.00 0.0009522
-175.00 -45.00 0.00022206
-170.00 -45.00 -0.0001119
-165.00 -45.00 0.00016014
-160.00 -45.00 0.00040506
-155.00 -45.00 3.315e-05
-150.00 -45.00 -0.00077301
-145.00 -45.00 -0.00132306
-140.00 -45.00 -0.00122133
-135.00 -45.00 -0.00071727
-130.00 -45.00 -0.00034869
-125.00 -45.00 -0.00043599
-120.00 -45.00 -0.00089877
-115.00 -45.00 -0.00135681
-110.00 -45.00 -0.00136491
-105.00 -45.00 -0.00075168
-100.00 -45.00 0.00013596
-95.00 -45.00 0.0006483
-90.00 -45.00 0.00045501
-85.00 -45.00 -9.066e-05
-80.00 -45.00 -0.00033429
-75.00 -45.00 -2.766e-05
-70.00 -45.00 0.00048486
-65.00 -45.00 0.00076668
-60.00 -45.00 0.00077622
-55.00 -45.00 0.00075024
-50.00 -45.00 0.0007536
-45.00 -45.00 0.00057441
-40.00 -45.00 9.492e-05
-35.00 -45.00 -0.000417
-30.00 -45.00 -0.00053637
-25.00 -45.00 -0.00015675
-20.00 -45.00 0.00038238
-15.00 -45.00 0.00064743
-10.00 -45.00 0.00050058
-5.00 -45.00 0.00013368
0.00 -45.00 -0.00017652
5.00 -45.00 -0.00029694
10.00 -45.00 -0.00031641
15.00 -45.00 -0.00047316
20.00 -45.00 -0.00093486
25.00 -45.00 -0.00156267
30.00 -45.00 -0.00195291
35.00 -45.00 -0.00182337
40.00 -45.00 -0.00133404
45.00 -45.00 -0.00092277
50.00 -45.00 -0.00084291
55.00 -45.00 -0.00097695
60.00 -45.00 -0.00109752
65.00 -45.00 -0.00114825
70.00 -45.00 -0.0011775
75.00 -45.00 -0.00111681
80.00 -45.00 -0.00080109
85.00 -45.00 -0.00022293
90.00 -45.00 0.00036672
95.00 -45.00 0.00070077
100.00 -45.00 0.00077658
105.00 -45.00 0.00078639
110.00 -45.00 0.00078798
115.00 -45.00 0.00059418
120.00 -45.00 7.71e-05
125.00 -45.00 -0.00052086
130.00 -45.00 -0.00075243
135.00 -45.00 -0.0004884
140.00 -45.00 -0.00017628
145.00 -45.00 -0.00045654
150.00 -45.00 -0.00145956
155.00 -45.00 -0.00250791
160.00 -45.00 -0.00262953
165.00 -45.00 -0.00149448
170.00 -45.00 0.0001548
175.00 -45.00 0.00113469
180.00 -45.00 0.0009522
-180.00 -40.00 0.00084354
-175.00 -40.00 -0.00048081
-170.00 -40.00 -0.00102645
-165.00 -40.00 -0.00058971
-160.00 -40.00 -4.446e-05
-155.00 -40.00 -8.115e-05
-150.00 -40.00 -0.00042273
-145.00 -40.00 -0.00044991
-140.00 -40.00 -0.00014235
-135.00 -40.00 1.956e-05
-130.00 -40.00 -0.00016302
-125.00 -40.00 -0.00042777
-120.00 -40.00 -0.00059538
-115.00 -40.00 -0.00078825
-110.00 -40.00 -0.00100221
-105.00 -40.00 -0.00092679
-100.00 -40.00 -0.00045231
-95.00 -40.00 -5.25e-06
-90.00 -40.00 -3.543e-05
-85.00 -40.00 -0.00038727
-80.00 -40.00 -0.00053721
-75.00 -40.00 -0.00033357
-70.00 -40.00 -0.00011877
-65.00 -40.00 -0.00012099
-60.00 -40.00 -0.00011829
-55.00 -40.00 0.00010305
-50.00 -40.00 0.00024765
-45.00 -40.00 -0.00016764
-40.00 -40.00 -0.00101727
-35.00 -40.00 -0.00144267
-30.00 -40.00 -0.00075144
-25.00 -40.00 0.00069195
-20.00 -40.00 0.00172548
-15.00 -40.00 0.00154875
-10.00 -40.00 0.00044676
-5.00 -40.00 -0.000636
0.00 -40.00 -0.00100182
5.00 -40.00 -0.0006258
10.00 -40.00 1.92e-06
15.00 -40.00 0.00021618
20.00 -40.00 -0.00040947
25.00 -40.00 -0.00163731
30.00 -40.00 -0.00261345
35.00 -40.00 -0.00263427
40.00 -40.00 -0.00187365
45.00 -40.00 -0.00113895
50.00 -40.00 -0.00095193
55.00 -40.00 -0.00112419
60.00 -40.00 -0.00121842
65.00 -40.00 -0.00110412
70.00 -40.00 -0.00092157
75.00 -40.00 -0.00073584
80.00 -40.00 -0.00047721
85.00 -40.00 -0.00017778
90.00 -40.00 -4.239e-05
95.00 -40.00 -0.00016491
100.00 -40.00 -0.0002889
105.00 -40.00 -6.366e-05
110.00 -40.00 0.00043221
115.00 -40.00 0.00064704
120.00 -40.00 0.00020154
125.00 -40.00 -0.00056925
130.00 -40.00 -0.00094254
135.00 -40.00 -0.00063855
140.00 -40.00 -0.00014553
145.00 -40.00 -0.00018924
150.00 -40.00 -0.00094728
155.00 -40.00 -0.00177408
160.00 -40.00 -0.00171969
165.00 -40.00 -0.00048318
170.00 -40.00 0.00108978
175.00 -40.00 0.00168
180.00 -40.00 0.00084357
-180.00 -35.00 0.00013137
-175.00 -35.00 -0.001272
-170.00 -35.00 -0.00147627
-165.00 -35.00 -0.00065613
-160.00 -35.00 3.477e-05
-155.00 -35.00 2.637e-05
-150.00 -35.00 -9.681e-05
-145.00 -35.00 0.0002364
-140.00 -35.00 0.0005709
-135.00 -35.00 0.00019335
-130.00 -35.00 -0.00057972
-125.00 -35.00 -0.00076971
-120.00 -35.00 -0.00025701
-115.00 -35.00 5.07e-06
-110.00 -35.00 -0.00053859
-105.00 -35.00 -0.00123756
-100.00 -35.00 -0.00129477
-95.00 -35.00 -0.0008838
-90.00 -35.00 -0.00064584
-85.00 -35.00 -0.0006471
-80.00 -35.00 -0.00051663
-75.00 -35.00 -0.00027714
-70.00 -35.00 -0.00031962
-65.00 -35.00 -0.0006333
-60.00 -35.00 -0.00070584
-55.00 -35.00 -0.00035577
-50.00 -35.00 -0.00018882
-45.00 -35.00 -0.00085041
-40.00 -35.00 -0.00198687
-35.00 -35.00 -0.00237261
-30.00 -35.00 -0.00126804
-25.00 -35.00 0.00055227
-20.00 -35.00 0.00145962
-15.00 -35.00 0.00068289
-10.00 -35.00 -0.00093072
-5.00 -35.00 -0.00193443
0.00 -35.00 -0.00169635
5.00 -35.00 -0.00063873
10.00 -35.00 0.00043539
15.00 -35.00 0.00081279
20.00 -35.00 8.103e-05
25.00 -35.00 -0.00146226
30.00 -35.00 -0.00273825
35.00 -35.00 -0.00281673
40.00 -35.00 -0.00191745
45.00 -35.00 -0.00106149
50.00 -35.00 -0.00082704
55.00 -35.00 -0.00091782
60.00 -35.00 -0.00086907
65.00 -35.00 -0.000639
70.00 -35.00 -0.00041988
75.00 -35.00 -0.00027138
80.00 -35.00 -0.00012348
85.00 -35.00 3.03e-05
90.00 -35.00 8.316e-05
95.00 -35.00 -1.356e-05
100.00 -35.00 -6.66e-05
105.00 -35.00 0.00018237
110.00 -35.00 0.00058218
115.00 -35.00 0.00056154
120.00 -35.00 -0.00011661
125.00 -35.00 -0.00086262
130.00 -35.00 -0.00092316
135.00 -35.00 -0.00033894
140.00 -35.00 0.00016986
145.00 -35.00 0.00012888
150.00 -35.00 -0.00024309
155.00 -35.00 -0.00038022
160.00 -35.00 0.00012078
165.00 -35.00 0.00114177
170.00 -35.00 0.00192402
175.00 -35.00 0.00158523
180.00 -35.00 0.00013137
-180.00 -30.00 -0.00073506
-175.00 -30.00 -0.00153807
-170.00 -30.00 -0.00119157
-165.00 -30.00 -0.00031581
-160.00 -30.00 -8.04e-06
-155.00 -30.00 -0.00042474
-150.00 -30.00 -0.00065298
-145.00 -30.00 -0.0001932
-140.00 -30.00 0.00014013
-135.00 -30.00 -0.00052167
-130.00 -30.00 -0.00150984
-125.00 -30.00 -0.00141564
-120.00 -30.00 -0.00028575
-115.00 -30.00 0.00031593
-110.00 -30.00 -0.00037347
-105.00 -30.00 -0.00129357
-100.00 -30.00 -0.00134523
-95.00 -30.00 -0.00091065
-90.00 -30.00 -0.00083439
-85.00 -30.00 -0.0009765
-80.00 -30.00 -0.00073494
-75.00 -30.00 -0.00024579
-70.00 -30.00 -9.117e-05
-65.00 -30.00 -0.00025194
-60.00 -30.00 -0.00021447
-55.00 -30.00 6.195e-05
-50.00 -30.00 -1.824e-05
-45.00 -30.00 -0.00082239
-40.00 -30.00 -0.00186096
-35.00 -30.00 -0.00218283
-30.00 -30.00 -0.00136458
-25.00 -30.00 -9.339e-05
-20.00 -30.00 0.00039156
-15.00 -30.00 -0.00037692
-10.00 -30.00 -0.00151926
-5.00 -30.00 -0.00183498
0.00 -30.00 -0.00113271
5.00 -30.00 -0.00015588
10.00 -30.00 0.00042525
15.00 -30.00 0.00034701
20.00 -30.00 -0.0005091
25.00 -30.00 -0.0018726
30.00 -30.00 -0.00282807
35.00 -30.00 -0.00265716
40.00 -30.00 -0.00178263
45.00 -30.00 -0.00114675
50.00 -30.00 -0.00092727
55.00 -30.00 -0.00062622
60.00 -30.00 -0.00010548
65.00 -30.00 0.0002718
70.00 -30.00 0.00030222
75.00 -30.00 0.0001038
80.00 -30.00 -0.00015543
85.00 -30.00 -0.0002679
90.00 -30.00 -3.489e-05
95.00 -30.00 0.00044484
100.00 -30.00 0.00087354
105.00 -30.00 0.00113424
110.00 -30.00 0.00114072
115.00 -30.00 0.00059988
120.00 -30.00 -0.00040872
125.00 -30.00 -0.0010119
130.00 -30.00 -0.00056127
135.00 -30.00 0.00028461
140.00 -30.00 0.00039051
145.00 -30.00 -0.00025905
150.00 -30.00 -0.00065208
155.00 -30.00 -0.00017196
160.00 -30.00 0.00082311
165.00 -30.00 0.00159852
170.00 -30.00 0.00159471
175.00 -30.00 0.00064914
180.00 -30.00 -0.00073506
-180.00 -25.00 -0.00187449
-175.00 -25.00 -0.00195204
-170.00 -25.00 -0.00138768
-165.00 -25.00 -0.00090483
-160.00 -25.00 -0.00104016
-155.00 -25.00 -0.00153069
-150.00 -25.00 -0.00161931
-145.00 -25.00 -0.00108768
-140.00 -25.00 -0.00075435
-135.00 -25.00 -0.00137286
-130.00 -25.00 -0.00223479
-125.00 -25.00 -0.00195435
-120.00 -25.00 -0.00065121
-115.00 -25.00 0.00010662
-110.00 -25.00 -0.0002163
-105.00 -25.00 -0.00040926
-100.00 -25.00 0.00020058
-95.00 -25.00 0.00056847
-90.00 -25.00 -0.00013002
-85.00 -25.00 -0.00104094
-80.00 -25.00 -0.00110244
-75.00 -25.00 -0.00058614
-70.00 -25.00 -0.00021249
-65.00 -25.00 7.545e-05
-60.00 -25.00 0.00051561
-55.00 -25.00 0.00068934
-50.00 -25.00 0.0001878
-45.00 -25.00 -0.00058317
-40.00 -25.00 -0.00097755
-35.00 -25.00 -0.00092259
-30.00 -25.00 -0.00065448
-25.00 -25.00 -0.00024708
-20.00 -25.00 0.0001473
-15.00 -25.00 0.00019491
-10.00 -25.00 -7.119e-05
-5.00 -25.00 -0.00017202
0.00 -25.00 5.799e-05
5.00 -25.00 0.00022194
10.00 -25.00 3.6e-06
15.00 -25.00 -0.00058218
20.00 -25.00 -0.00150282
25.00 -25.00 -0.00250341
30.00 -25.00 -0.00286944
35.00 -25.00 -0.00230955
40.00 -25.00 -0.00163671
45.00 -25.00 -0.0015771
50.00 -25.00 -0.00155376
55.00 -25.00 -0.00075141
60.00 -25.00 0.00040896
65.00 -25.00 0.00098712
70.00 -25.00 0.00084687
75.00 -25.00 0.00030147
80.00 -25.00 -0.00052197
85.00 -25.00 -0.00116457
90.00 -25.00 -0.00086856
95.00 -25.00 0.00023157
100.00 -25.00 0.00112119
105.00 -25.00 0.00136008
110.00 -25.00 0.00126609
115.00 -25.00 0.00083418
120.00 -25.00 -1.74e-06
125.00 -25.00 -0.00041616
130.00 -25.00 0.00030144
135.00 -25.00 0.00120408
140.00 -25.00 0.00081495
145.00 -25.00 -0.00061278
150.00 -25.00 -0.00146313
155.00 -25.00 -0.00100341
160.00 -25.00 -2.481e-05
165.00 -25.00 0.00041769
170.00 -25.00 -3.375e-05
175.00 -25.00 -0.00103941
180.00 -25.00 -0.00187449
-180.00 -20.00 -0.00248085
-175.00 -20.00 -0.0023178
-170.00 -20.00 -0.00202356
-165.00 -20.00 -0.00208893
-160.00 -20.00 -0.00229008
-155.00 -20.00 -0.00223038
-150.00 -20.00 -0.00185808
-145.00 -20.00 -0.00131244
-140.00 -20.00 -0.00096237
-135.00 -20.00 -0.00126321
-130.00 -20.00 -0.0018831
-125.00 -20.00 -0.00179766
-120.00 -20.00 -0.0009009
-115.00 -20.00 -0.0002244
-110.00 -20.00 1.122e-05
-105.00 -20.00 0.00076065
-100.00 -20.00 0.0019527
-95.00 -20.00 0.00206709
-90.00 -20.00 0.00069975
-85.00 -20.00 -0.00059211
-80.00 -20.00 -0.00078117
-75.00 -20.00 -0.00060336
-70.00 -20.00 -0.00061425
-65.00 -20.00 -0.00017763
-60.00 -20.00 0.0007686
-55.00 -20.00 0.00097842
-50.00 -20.00 -3.822e-05
-45.00 -20.00 -0.00095505
-40.00 -20.00 -0.00070905
-35.00 -20.00 -0.00010422
-30.00 -20.00 -0.00018087
-25.00 -20.00 -0.00039045
-20.00 -20.00 0.00023634
-15.00 -20.00 0.00122697
-10.00 -20.00 0.00141651
-5.00 -20.00 0.00075879
0.00 -20.00 0.00012015
5.00 -20.00 -0.00011451
10.00 -20.00 -0.00026508
15.00 -20.00 -0.00073326
20.00 -20.00 -0.00166608
25.00 -20.00 -0.00263688
30.00 -20.00 -0.00273486
35.00 -20.00 -0.00183333
40.00 -20.00 -0.00116943
45.00 -20.00 -0.00149805
50.00 -20.00 -0.0017196
55.00 -20.00 -0.00077316
60.00 -20.00 0.00049782
65.00 -20.00 0.00089865
70.00 -20.00 0.00063912
75.00 -20.00 0.00015189
80.00 -20.00 -0.00082593
85.00 -20.00 -0.00179781
90.00 -20.00 -0.00145101
95.00 -20.00 -8.13e-06
100.00 -20.00 0.00079194
105.00 -20.00 0.00054753
110.00 -20.00 0.00044865
115.00 -20.00 0.00069891
120.00 -20.00 0.00047346
125.00 -20.00 0.00014229
130.00 -20.00 0.00072036
135.00 -20.00 0.00154158
140.00 -20.00 0.00105621
145.00 -20.00 -0.00056646
150.00 -20.00 -0.00173586
155.00 -20.00 -0.00173472
160.00 -20.00 -0.00118569
165.00 -20.00 -0.00090546
170.00 -20.00 -0.00125874
175.00 -20.00 -0.0020154
180.00 -20.00 -0.00248082
-180.00 -15.00 -0.001758
-175.00 -15.00 -0.00172443
-170.00 -15.00 -0.00171954
-165.00 -15.00 -0.00212346
-160.00 -15.00 -0.00228216
-155.00 -15.00 -0.00189942
-150.00 -15.00 -0.00154308
-145.00 -15.00 -0.00129765
-140.00 -15.00 -0.00078012
-135.00 -15.00 -0.00038334
-130.00 -15.00 -0.000642
-125.00 -15.00 -0.00099141
-120.00 -15.00 -0.00078516
-115.00 -15.00 -0.0003816
-110.00 -15.00 3.648e-05
-105.00 -15.00 0.00096549
-100.00 -15.00 0.00194775
-95.00 -15.00 0.00165684
-90.00 -15.00 0.00036162
-85.00 -15.00 -0.00015225
-80.00 -15.00 0.00038259
-75.00 -15.00 0.00042279
-70.00 -15.00 -0.00027369
-65.00 -15.00 -0.0001179
-60.00 -15.00 0.00112773
-55.00 -15.00 0.0014649
-50.00 -15.00 -3.066e-05
-45.00 -15.00 -0.00150318
-40.00 -15.00 -0.00127578
-35.00 -15.00 -0.00039651
-30.00 -15.00 -0.00052803
-25.00 -15.00 -0.00106578
-20.00 -15.00 -0.00047538
-15.00 -15.00 0.00077196
-10.00 -15.00 0.00091854
-5.00 -15.00 -0.00018114
0.00 -15.00 -0.00102102
5.00 -15.00 -0.0008361
10.00 -15.00 -0.00032532
15.00 -15.00 -0.00041025
20.00 -15.00 -0.00137046
25.00 -15.00 -0.00260424
30.00 -15.00 -0.00287541
35.00 -15.00 -0.00178203
40.00 -15.00 -0.0006447
45.00 -15.00 -0.00056877
50.00 -15.00 -0.00068124
55.00 -15.00 -1.662e-05
60.00 -15.00 0.00055071
65.00 -15.00 0.00020223
70.00 -15.00 -0.00019413
75.00 -15.00 -0.00016791
80.00 -15.00 -0.00064941
85.00 -15.00 -0.00143025
90.00 -15.00 -0.00089712
95.00 -15.00 0.00062145
100.00 -15.00 0.00091188
105.00 -15.00 -0.00013506
110.00 -15.00 -0.0004692
115.00 -15.00 0.0001683
120.00 -15.00 0.0002028
125.00 -15.00 -0.00031338
130.00 -15.00 -1.341e-05
135.00 -15.00 0.00075909
140.00 -15.00 0.00053943
145.00 -15.00 -0.00062424
150.00 -15.00 -0.00159327
155.00 -15.00 -0.00193368
160.00 -15.00 -0.00174159
165.00 -15.00 -0.00117684
170.00 -15.00 -0.00087126
175.00 -15.00 -0.00127722
180.00 -15.00 -0.001758
-180.00 -10.00 -0.00072114
-175.00 -10.00 -0.00065178
-170.00 -10.00 -0.00046464
-165.00 -10.00 -0.00083265
-160.00 -10.00 -0.00118248
-155.00 -10.00 -0.00130704
-150.00 -10.00 -0.00179334
-145.00 -10.00 -0.00214626
-140.00 -10.00 -0.00132087
-135.00 -10.00 -6.243e-05
-130.00 -10.00 0.00010782
-125.00 -10.00 -0.00049776
-120.00 -10.00 -0.00065397
-115.00 -10.00 -0.00037983
-110.00 -10.00 -0.00013107
-105.00 -10.00 0.00029553
-100.00 -10.00 0.00060258
-95.00 -10.00 -5.1e-07
-90.00 -10.00 -0.00079704
-85.00 -10.00 -0.00016008
-80.00 -10.00 0.00146433
-75.00 -10.00 0.00196368
-70.00 -10.00 0.00112104
-65.00 -10.00 0.00089862
-60.00 -10.00 0.00187092
-55.00 -10.00 0.00213741
-50.00 -10.00 0.00054462
-45.00 -10.00 -0.00132021
-40.00 -10.00 -0.00159429
-35.00 -10.00 -0.00087558
-30.00 -10.00 -0.00085227
-25.00 -10.00 -0.00142584
-20.00 -10.00 -0.00126867
-15.00 -10.00 -0.00050481
-10.00 -10.00 -0.00050097
-5.00 -10.00 -0.00133038
0.00 -10.00 -0.00171354
5.00 -10.00 -0.00125214
10.00 -10.00 -0.00077061
15.00 -10.00 -0.00086649
20.00 -10.00 -0.00159147
25.00 -10.00 -0.0026928
30.00 -10.00 -0.00323691
35.00 -10.00 -0.00237882
40.00 -10.00 -0.00085545
45.00 -10.00 1.383e-05
50.00 -10.00 0.00035241
55.00 -10.00 0.00073902
60.00 -10.00 0.00056643
65.00 -10.00 -0.00035946
70.00 -10.00 -0.0006648
75.00 -10.00 4.107e-05
80.00 -10.00 0.00024087
85.00 -10.00 -0.0002712
90.00 -10.00 0.00016989
95.00 -10.00 0.0014007
100.00 -10.00 0.00137079
105.00 -10.00 0.00023046
110.00 -10.00 1.596e-05
115.00 -10.00 0.00054012
120.00 -10.00 7.215e-05
125.00 -10.00 -0.00088347
130.00 -10.00 -0.00069495
135.00 -10.00 8.097e-05
140.00 -10.00 1.755e-05
145.00 -10.00 -0.00060153
150.00 -10.00 -0.00104952
155.00 -10.00 -0.0015012
160.00 -10.00 -0.00167139
165.00 -10.00 -0.00090105
170.00 -10.00 1.131e-05
175.00 -10.00 -0.00013869
180.00 -10.00 -0.00072114
-180.00 -5.00 -0.00064521
-175.00 -5.00 -0.0002874
-170.00 -5.00 0.00032322
-165.00 -5.00 0.00015063
-160.00 -5.00 -0.00044436
-155.00 -5.00 -0.001203
-150.00 -5.00 -0.00240309
-145.00 -5.00 -0.00309237
-140.00 -5.00 -0.00209838
-135.00 -5.00 -0.0005664
-130.00 -5.00 -0.0003393
-125.00 -5.00 -0.00091674
-120.00 -5.00 -0.00086742
-115.00 -5.00 -0.00043938
-110.00 -5.00 -0.00037488
-105.00 -5.00 -0.00034236
-100.00 -5.00 -0.00024516
-95.00 -5.00 -0.00066369
-90.00 -5.00 -0.00106485
-85.00 -5.00 -0.00012162
-80.00 -5.00 0.00180234
-75.00 -5.00 0.00289497
-70.00 -5.00 0.00262068
-65.00 -5.00 0.00211821
-60.00 -5.00 0.00204696
-55.00 -5.00 0.00175401
-50.00 -5.00 0.00064563
-45.00 -5.00 -0.00072576
-40.00 -5.00 -0.00135033
-35.00 -5.00 -0.00112587
-30.00 -5.00 -0.00087705
-25.00 -5.00 -0.00098832
-20.00 -5.00 -0.00100125
-15.00 -5.00 -0.00080844
-10.00 -5.00 -0.00092109
-5.00 -5.00 -0.00129141
0.00 -5.00 -0.00137712
5.00 -5.00 -0.00134859
10.00 -5.00 -0.00165111
15.00 -5.00 -0.00192132
20.00 -5.00 -0.00189027
25.00 -5.00 -0.00218682
30.00 -5.00 -0.00284799
35.00 -5.00 -0.0027711
40.00 -5.00 -0.00170295
45.00 -5.00 -0.00068322
50.00 -5.00 -0.00011127
55.00 -5.00 0.00032403
60.00 -5.00 0.00027486
65.00 -5.00 -0.00030816
70.00 -5.00 -0.00021714
75.00 -5.00 0.0008346
80.00 -5.00 0.00131217
85.00 -5.00 0.00079431
90.00 -5.00 0.00073494
95.00 -5.00 0.00133581
100.00 -5.00 0.00136467
105.00 -5.00 0.00118293
110.00 -5.00 0.00188757
115.00 -5.00 0.00231999
120.00 -5.00 0.00107721
125.00 -5.00 -0.00031467
130.00 -5.00 -9.258e-05
135.00 -5.00 0.00055902
140.00 -5.00 0.00023322
145.00 -5.00 -0.00019782
150.00 -5.00 -0.00017166
155.00 -5.00 -0.00064716
160.00 -5.00 -0.00137682
165.00 -5.00 -0.00099564
170.00 -5.00 -6.435e-05
175.00 -5.00 -0.00013344
180.00 -5.00 -0.00064521
-180.00 0.00 -0.00090945
-175.00 0.00 -0.00042306
-170.00 0.00 0.00022542
-165.00 0.00 2.577e-05
-160.00 0.00 -0.00060606
-155.00 0.00 -0.00125667
-150.00 0.00 -0.00207915
-145.00 0.00 -0.00238053
-140.00 0.00 -0.0015105
-135.00 0.00 -0.00064923
-130.00 0.00 -0.00097221
-125.00 0.00 -0.00149343
-120.00 0.00 -0.00111975
-115.00 0.00 -0.00064593
-110.00 0.00 -0.00077802
-105.00 0.00 -0.00074193
-100.00 0.00 -0.00019266
-95.00 0.00 7.542e-05
-90.00 0.00 -1.389e-05
-85.00 0.00 0.00043383
-80.00 0.00 0.00159948
-75.00 0.00 0.00273081
-70.00 0.00 0.00315321
-65.00 0.00 0.00255549
-60.00 0.00 0.00118941
-55.00 0.00 3.648e-05
-50.00 0.00 -0.00031593
-45.00 0.00 -0.00053076
-40.00 0.00 -0.00120135
-35.00 0.00 -0.00171549
-30.00 0.00 -0.00142389
-25.00 0.00 -0.00071658
-20.00 0.00 -0.00025902
-15.00 0.00 -0.00024807
-10.00 0.00 -0.00057357
-5.00 0.00 -0.00092724
0.00 0.00 -0.00110634
5.00 0.00 -0.00143211
10.00 0.00 -0.0020124
15.00 0.00 -0.00207807
20.00 0.00 -0.00136197
25.00 0.00 -0.00102657
30.00 0.00 -0.00173205
35.00 0.00 -0.0024075
40.00 0.00 -0.00224313
45.00 0.00 -0.0018273
50.00 0.00 -0.00145773
55.00 0.00 -0.00070599
60.00 0.00 0.0001026
65.00 0.00 0.00036168
70.00 0.00 0.00058053
75.00 0.00 0.00120342
80.00 0.00 0.00146889
85.00 0.00 0.00109041
90.00 0.00 0.00092577
95.00 0.00 0.00109596
100.00 0.00 0.00110511
105.00 0.00 0.00161802
110.00 0.00 0.00301002
115.00 0.00 0.00349257
120.00 0.00 0.00200514
125.00 0.00 0.00061125
130.00 0.00 0.00087492
135.00 0.00 0.00117045
140.00 0.00 0.00028983
145.00 0.00 -0.00034902
150.00 0.00 -0.00014742
155.00 0.00 -0.00052032
160.00 0.00 -0.00146565
165.00 0.00 -0.00140688
170.00 0.00 -0.00061239
175.00 0.00 -0.00058305
180.00 0.00 -0.00090945
-180.00 5.00 -0.00053964
-175.00 5.00 -0.00025926
-170.00 5.00 2.322e-05
-165.00 5.00 -0.00042201
-160.00 5.00 -0.00100797
-155.00 5.00 -0.00116022
-150.00 5.00 -0.00104466
-145.00 5.00 -0.00060705
-140.00 5.00 5.715e-05
-135.00 5.00 3.939e-05
-130.00 5.00 -0.00084153
-125.00 5.00 -0.00133353
-120.00 5.00 -0.00096141
-115.00 5.00 -0.00078495
-110.00 5.00 -0.00109881
-105.00 5.00 -0.00089343
-100.00 5.00 1.611e-05
-95.00 5.00 0.00072087
-90.00 5.00 0.00091515
-85.00 5.00 0.00099537
-80.00 5.00 0.00120921
-75.00 5.00 0.00176604
-70.00 5.00 0.00246918
-65.00 5.00 0.00213366
-60.00 5.00 0.00028026
-55.00 5.00 -0.00132696
-50.00 5.00 -0.00114753
-45.00 5.00 -0.00048054
-40.00 5.00 -0.00114786
-35.00 5.00 -0.00235821
-30.00 5.00 -0.00230892
-25.00 5.00 -0.00113082
-20.00 5.00 -0.00022554
-15.00 5.00 -0.00018516
-10.00 5.00 -0.00066882
-5.00 5.00 -0.00118098
0.00 5.00 -0.00139506
5.00 5.00 -0.00134928
10.00 5.00 -0.00121833
15.00 5.00 -0.00088092
20.00 5.00 -0.00042408
25.00 5.00 -0.00053565
30.00 5.00 -0.0013797
35.00 5.00 -0.00208206
40.00 5.00 -0.00221568
45.00 5.00 -0.00226146
50.00 5.00 -0.00206622
55.00 5.00 -0.00091095
60.00 5.00 0.00067506
65.00 5.00 0.0013779
70.00 5.00 0.00114525
75.00 5.00 0.00083628
80.00 5.00 0.00072393
85.00 5.00 0.00084495
90.00 5.00 0.00135
95.00 5.00 0.0016716
100.00 5.00 0.00126435
105.00 5.00 0.00103983
110.00 5.00 0.00176742
115.00 5.00 0.00221466
120.00 5.00 0.00141795
125.00 5.00 0.00071697
130.00 5.00 0.00102405
135.00 5.00 0.00091551
140.00 5.00 -0.00036366
145.00 5.00 -0.00135273
150.00 5.00 -0.00140265
155.00 5.00 -0.00160983
160.00 5.00 -0.00198738
165.00 5.00 -0.00143046
170.00 5.00 -0.00041868
175.00 5.00 -0.00026235
180.00 5.00 -0.00053964
-180.00 10.00 -0.00019437
-175.00 10.00 -6.198e-05
-170.00 10.00 0.00010236
-165.00 10.00 -0.00039996
-160.00 10.00 -0.00109002
-155.00 10.00 -0.00129174
-150.00 10.00 -0.00095049
-145.00 10.00 -0.00025668
-140.00 10.00 0.00031143
-135.00 10.00 0.00011979
-130.00 10.00 -0.00056958
-125.00 10.00 -0.00082563
-120.00 10.00 -0.00064902
-115.00 10.00 -0.0007182
-110.00 10.00 -0.00079983
-105.00 10.00 -0.0003099
-100.00 10.00 0.0002991
-95.00 10.00 0.00048132
-90.00 10.00 0.00064824
-85.00 10.00 0.00096144
-80.00 10.00 0.00090774
-75.00 10.00 0.00076497
-70.00 10.00 0.00117234
-65.00 10.00 0.0012921
-60.00 10.00 0.00012558
-55.00 10.00 -0.00109239
-50.00 10.00 -0.00079959
-45.00 10.00 -9.417e-05
-40.00 10.00 -0.00078894
-35.00 10.00 -0.00213192
-30.00 10.00 -0.00230829
-25.00 10.00 -0.00147903
-20.00 10.00 -0.00095529
-15.00 10.00 -0.001002
-10.00 10.00 -0.00117894
-5.00 10.00 -0.00137328
0.00 10.00 -0.00142488
5.00 10.00 -0.00094587
10.00 10.00 -6.039e-05
15.00 10.00 0.00047256
20.00 10.00 4.731e-05
25.00 10.00 -0.00113775
30.00 10.00 -0.00215826
35.00 10.00 -0.0023256
40.00 10.00 -0.00205962
45.00 10.00 -0.00202611
50.00 10.00 -0.00171222
55.00 10.00 -0.00030573
60.00 10.00 0.00145248
65.00 10.00 0.00209649
70.00 10.00 0.00156678
75.00 10.00 0.00087462
80.00 10.00 0.00057096
85.00 10.00 0.00084645
90.00 10.00 0.00173052
95.00 10.00 0.00229755
100.00 10.00 0.00147174
105.00 10.00 -2.229e-05
110.00 10.00 -0.00052782
115.00 10.00 1.998e-05
120.00 10.00 0.00053172
125.00 10.00 0.00079428
130.00 10.00 0.00101115
135.00 10.00 0.00066951
140.00 10.00 -0.00040293
145.00 10.00 -0.00139899
150.00 10.00 -0.00192546
155.00 10.00 -0.00223287
160.00 10.00 -0.00196074
165.00 10.00 -0.00077205
170.00 10.00 0.00029625
175.00 10.00 0.00024216
180.00 10.00 -0.00019437
-180.00 15.00 -0.00061785
-175.00 15.00 -0.00014604
-170.00 15.00 0.00044616
-165.00 15.00 0.0001908
-160.00 15.00 -0.00073782
-155.00 15.00 -0.00159672
-150.00 15.00 -0.00192129
-145.00 15.00 -0.00166767
-140.00 15.00 -0.00121281
-135.00 15.00 -0.0009834
-130.00 15.00 -0.00088833
-125.00 15.00 -0.00070311
-120.00 15.00 -0.0006303
-115.00 15.00 -0.00060417
-110.00 15.00 -1.335e-05
-105.00 15.00 0.00088182
-100.00 15.00 0.00083289
-95.00 15.00 -0.00010344
-90.00 15.00 -0.00028629
-85.00 15.00 0.00062751
-80.00 15.00 0.00108633
-75.00 15.00 0.00055863
-70.00 15.00 0.00021543
-65.00 15.00 0.00039153
-60.00 15.00 0.00025128
-55.00 15.00 -0.00011043
-50.00 15.00 1.686e-05
-45.00 15.00 0.00012141
-40.00 15.00 -0.00057024
-35.00 15.00 -0.0013512
-30.00 15.00 -0.00138924
-25.00 15.00 -0.0013437
-20.00 15.00 -0.00183246
-15.00 15.00 -0.00205128
-10.00 15.00 -0.00142866
-5.00 15.00 -0.00082512
0.00 15.00 -0.00084552
5.00 15.00 -0.00069525
10.00 15.00 0.00019866
15.00 15.00 0.00086622
20.00 15.00 0.00015195
25.00 15.00 -0.00147588
30.00 15.00 -0.00245502
35.00 15.00 -0.00218664
40.00 15.00 -0.00160629
45.00 15.00 -0.00146124
50.00 15.00 -0.00111939
55.00 15.00 6.561e-05
60.00 15.00 0.00135108
65.00 15.00 0.0018039
70.00 15.00 0.00175614
75.00 15.00 0.00180006
80.00 15.00 0.00167928
85.00 15.00 0.00134286
90.00 15.00 0.00144615
95.00 15.00 0.00176931
100.00 15.00 0.00106794
105.00 15.00 -0.00058977
110.00 15.00 -0.00137823
115.00 15.00 -0.00038982
120.00 15.00 0.00112746
125.00 15.00 0.00174936
130.00 15.00 0.0014802
135.00 15.00 0.00104448
140.00 15.00 0.00075897
145.00 15.00 0.00036963
150.00 15.00 -0.00039705
155.00 15.00 -0.00112785
160.00 15.00 -0.00097965
165.00 15.00 -6.558e-05
170.00 15.00 0.00036141
175.00 15.00 -0.00018648
180.00 15.00 -0.00061785
-180.00 20.00 -0.00098169
-175.00 20.00 0.00014001
-170.00 20.00 0.00117774
-165.00 20.00 0.00106065
-160.00 20.00 -7.344e-05
-155.00 20.00 -0.00138429
-150.00 20.00 -0.00223368
-145.00 20.00 -0.00247182
-140.00 20.00 -0.00227016
-135.00 20.00 -0.00178314
-130.00 20.00 -0.00110031
-125.00 20.00 -0.00058365
-120.00 20.00 -0.00056475
-115.00 20.00 -0.0004806
-110.00 20.00 0.0004776
-105.00 20.00 0.00155979
-100.00 20.00 0.00112002
-95.00 20.00 -0.00047055
-90.00 20.00 -0.00088713
-85.00 20.00 0.00051789
-80.00 20.00 0.00167745
-75.00 20.00 0.00115848
-70.00 20.00 3.696e-05
-65.00 20.00 -0.00029898
-60.00 20.00 4.701e-05
-55.00 20.00 0.00039636
-50.00 20.00 0.00038799
-45.00 20.00 -0.00014166
-40.00 20.00 -0.00083466
-35.00 20.00 -0.00091509
-30.00 20.00 -0.00059217
-25.00 20.00 -0.00109164
-20.00 20.00 -0.00238992
-15.00 20.00 -0.00272826
-10.00 20.00 -0.00142713
-5.00 20.00 -0.00018501
0.00 20.00 -0.00036561
5.00 20.00 -0.00092448
10.00 20.00 -0.00042843
15.00 20.00 0.00049554
20.00 20.00 0.00032499
25.00 20.00 -0.00081075
30.00 20.00 -0.00139302
35.00 20.00 -0.00088872
40.00 20.00 -0.00030762
45.00 20.00 -0.00031875
50.00 20.00 -0.00031116
55.00 20.00 0.00018498
60.00 20.00 0.0006207
65.00 20.00 0.00074385
70.00 20.00 0.00127626
75.00 20.00 0.00231252
80.00 20.00 0.00264099
85.00 20.00 0.00174999
90.00 20.00 0.00083802
95.00 20.00 0.00071628
100.00 20.00 0.00051762
105.00 20.00 -0.00030726
110.00 20.00 -0.00057462
115.00 20.00 0.00063993
120.00 20.00 0.00216723
125.00 20.00 0.00236724
130.00 20.00 0.00148233
135.00 20.00 0.00103479
140.00 20.00 0.00150558
145.00 20.00 0.00182649
150.00 20.00 0.00114123
155.00 20.00 7.572e-05
160.00 20.00 -0.0003069
165.00 20.00 -0.00015885
170.00 20.00 -0.00042729
175.00 20.00 -0.00106701
180.00 20.00 -0.00098169
-180.00 25.00 -0.00049194
-175.00 25.00 0.00091752
-170.00 25.00 0.00185034
-165.00 25.00 0.00151959
-160.00 25.00 0.00036198
-155.00 25.00 -0.00069924
-150.00 25.00 -0.00124269
-145.00 25.00 -0.00143634
-140.00 25.00 -0.00144921
-135.00 25.00 -0.00111069
-130.00 25.00 -0.00036669
-125.00 25.00 0.00020838
-120.00 25.00 7.338e-05
-115.00 25.00 -0.00021672
-110.00 25.00 0.00027345
-105.00 25.00 0.00106704
-100.00 25.00 0.00074589
-95.00 25.00 -0.00053226
-90.00 25.00 -0.00084885
-85.00 25.00 0.00053553
-80.00 25.00 0.00190845
-75.00 25.00 0.0016122
-70.00 25.00 0.00022464
-65.00 25.00 -0.0006129
-60.00 25.00 -0.00030957
-55.00 25.00 0.00040875
-50.00 25.00 0.0005499
-45.00 25.00 -0.00012822
-40.00 25.00 -0.0008073
-35.00 25.00 -0.00064293
-30.00 25.00 -0.0002115
-25.00 25.00 -0.0008508
-20.00 25.00 -0.00231951
-15.00 25.00 -0.0027261
-10.00 25.00 -0.001407
-5.00 25.00 -9.894e-05
0.00 25.00 -0.00026466
5.00 25.00 -0.00094929
10.00 25.00 -0.00060528
15.00 25.00 0.00038166
20.00 25.00 0.00058794
25.00 25.00 2.451e-05
30.00 25.00 -9.6e-06
35.00 25.00 0.00082869
40.00 25.00 0.00146472
45.00 25.00 0.00125916
50.00 25.00 0.00083292
55.00 25.00 0.00069198
60.00 25.00 0.0004629
65.00 25.00 8.958e-05
70.00 25.00 0.00036447
75.00 25.00 0.0014244
80.00 25.00 0.00206133
85.00 25.00 0.00151047
90.00 25.00 0.00065745
95.00 25.00 0.00046233
100.00 25.00 0.00048918
105.00 25.00 0.00012834
110.00 25.00 -4.92e-06
115.00 25.00 0.00076767
120.00 25.00 0.0016596
125.00 25.00 0.00148383
130.00 25.00 0.00058116
135.00 25.00 0.00031299
140.00 25.00 0.00094242
145.00 25.00 0.00130581
150.00 25.00 0.00065643
155.00 25.00 -0.00030891
160.00 25.00 -0.00069228
165.00 25.00 -0.00070686
170.00 25.00 -0.00097101
175.00 25.00 -0.00117357
180.00 25.00 -0.00049194
-180.00 30.00 0.00012102
-175.00 30.00 0.00110691
-170.00 30.00 0.0015624
-165.00 30.00 0.00103203
-160.00 30.00 0.00012093
-155.00 30.00 -0.00032259
-150.00 30.00 -0.00017985
-145.00 30.00 2.952e-05
-140.00 30.00 2.859e-05
-135.00 30.00 0.00017079
-130.00 30.00 0.00072972
-125.00 30.00 0.00117846
-120.00 30.00 0.0008118
-115.00 30.00 -6.39e-05
-110.00 30.00 -0.00043395
-105.00 30.00 -0.00012432
-100.00 30.00 -1.5e-05
-95.00 30.00 -0.00043887
-90.00 30.00 -0.00050664
-85.00 30.00 0.00040059
-80.00 30.00 0.00145725
-75.00 30.00 0.00146385
-70.00 30.00 0.00044502
-65.00 30.00 -0.0004791
-60.00 30.00 -0.00047001
-55.00 30.00 0.00020856
-50.00 30.00 0.00062889
-45.00 30.00 0.0003108
-40.00 30.00 -0.00021921
-35.00 30.00 -0.00026046
-30.00 30.00 -0.00012126
-25.00 30.00 -0.00067188
-20.00 30.00 -0.00172689
-15.00 30.00 -0.00201306
-10.00 30.00 -0.00108753
-5.00 30.00 -8.586e-05
0.00 30.00 5.316e-05
5.00 30.00 -6.153e-05
10.00 30.00 0.00043914
15.00 30.00 0.00110025
20.00 30.00 0.0010161
25.00 30.00 0.00055848
30.00 30.00 0.00088149
35.00 30.00 0.00199137
40.00 30.00 0.00264033
45.00 30.00 0.0022095
50.00 30.00 0.00146868
55.00 30.00 0.00114441
60.00 30.00 0.0008949
65.00 30.00 0.00029046
70.00 30.00 -0.00020787
75.00 30.00 -3.906e-05
80.00 30.00 0.00047058
85.00 30.00 0.00070392
90.00 30.00 0.00068496
95.00 30.00 0.00067569
100.00 30.00 0.00048261
105.00 30.00 -4.794e-05
110.00 30.00 -0.00041325
115.00 30.00 -0.00015036
120.00 30.00 0.00031074
125.00 30.00 0.00028677
130.00 30.00 -5.283e-05
135.00 30.00 -5.139e-05
140.00 30.00 0.00023301
145.00 30.00 9.576e-05
150.00 30.00 -0.00057588
155.00 30.00 -0.00101838
160.00 30.00 -0.00077163
165.00 30.00 -0.00036327
170.00 30.00 -0.00037056
175.00 30.00 -0.00043725
180.00 30.00 0.00012102
-180.00 35.00 -4.95e-06
-175.00 35.00 0.00030798
-170.00 35.00 0.00050163
-165.00 35.00 0.00017529
-160.00 35.00 -0.00030051
-155.00 35.00 -0.00032676
-150.00 35.00 0.00012855
-145.00 35.00 0.00056058
-140.00 35.00 0.00068034
-135.00 35.00 0.00078063
-130.00 35.00 0.0011409
-125.00 35.00 0.0013698
-120.00 35.00 0.00083352
-115.00 35.00 -0.00032217
-110.00 35.00 -0.00116187
-105.00 35.00 -0.00112725
-100.00 35.00 -0.00066462
-95.00 35.00 -0.00040746
-90.00 35.00 -0.00025737
-85.00 35.00 0.00026091
-80.00 35.00 0.00106929
-75.00 35.00 0.00148815
-70.00 35.00 0.00107793
-65.00 35.00 0.00019353
-60.00 35.00 -0.00039591
-55.00 35.00 -0.00032715
-50.00 35.00 3.171e-05
-45.00 35.00 0.00011361
-40.00 35.00 -0.00015657
-35.00 35.00 -0.00044847
-30.00 35.00 -0.0006504
-25.00 35.00 -0.00092892
-20.00 35.00 -0.00116901
-15.00 35.00 -0.00095154
-10.00 35.00 -0.00026478
-5.00 35.00 0.00035067
0.00 35.00 0.00063333
5.00 35.00 0.00097104
10.00 35.00 0.00156684
15.00 35.00 0.00187917
20.00 35.00 0.00149967
25.00 35.00 0.00106173
30.00 35.00 0.00145254
35.00 35.00 0.00238368
40.00 35.00 0.0026508
45.00 35.00 0.00183762
50.00 35.00 0.00088062
55.00 35.00 0.00065895
60.00 35.00 0.00081255
65.00 35.00 0.00048723
70.00 35.00 -0.00032847
75.00 35.00 -0.00087036
80.00 35.00 -0.00069816
85.00 35.00 -0.00013242
90.00 35.00 0.00027372
95.00 35.00 0.00024123
100.00 35.00 -0.00016179
105.00 35.00 -0.00058623
110.00 35.00 -0.00062244
115.00 35.00 -0.00023379
120.00 35.00 0.00014649
125.00 35.00 0.00017145
130.00 35.00 1.647e-05
135.00 35.00 -1.644e-05
140.00 35.00 -5.058e-05
145.00 35.00 -0.00034635
150.00 35.00 -0.00064299
155.00 35.00 -0.00036597
160.00 35.00 0.0004569
165.00 35.00 0.00103236
170.00 35.00 0.00080271
175.00 35.00 0.00019179
180.00 35.00 -4.95e-06
-180.00 40.00 -0.00053442
-175.00 40.00 -0.00047076
-170.00 40.00 -0.0001602
-165.00 40.00 -8.31e-05
-160.00 40.00 -0.00020856
-155.00 40.00 -0.00018402
-150.00 40.00 0.00011289
-145.00 40.00 0.00043878
-140.00 40.00 0.00058428
-135.00 40.00 0.00065976
-130.00 40.00 0.00081474
-125.00 40.00 0.00084573
-120.00 40.00 0.00039852
-115.00 40.00 -0.00043524
-110.00 40.00 -0.00105072
-105.00 40.00 -0.00101646
-100.00 40.00 -0.00057837
-95.00 40.00 -0.00024987
-90.00 40.00 -7.752e-05
-85.00 40.00 0.00036672
-80.00 40.00 0.00126486
-75.00 40.00 0.00210366
-70.00 40.00 0.00212415
-65.00 40.00 0.00115527
-60.00 40.00 -0.00014895
-55.00 40.00 -0.00095256
-50.00 40.00 -0.00102924
-45.00 40.00 -0.00083205
-40.00 40.00 -0.00087
-35.00 40.00 -0.00119478
-30.00 40.00 -0.0014823
-25.00 40.00 -0.00140499
-20.00 40.00 -0.00087162
-15.00 40.00 -9.639e-05
-10.00 40.00 0.00049908
-5.00 40.00 0.00064626
0.00 40.00 0.00056337
5.00 40.00 0.000711
10.00 40.00 0.00114198
15.00 40.00 0.00139827
20.00 40.00 0.00122907
25.00 40.00 0.00105741
30.00 40.00 0.00135735
35.00 40.00 0.00181371
40.00 40.00 0.00163758
45.00 40.00 0.00070434
50.00 40.00 -0.00016455
55.00 40.00 -0.00026202
60.00 40.00 0.00010062
65.00 40.00 0.00010548
70.00 40.00 -0.00044067
75.00 40.00 -0.00093195
80.00 40.00 -0.00084927
85.00 40.00 -0.00041346
90.00 40.00 -0.00023241
95.00 40.00 -0.0005304
100.00 40.00 -0.00089889
105.00 40.00 -0.00076512
110.00 40.00 -3.312e-05
115.00 40.00 0.00076281
120.00 40.00 0.000975
125.00 40.00 0.00050193
130.00 40.00 -0.00015834
135.00 40.00 -0.00050712
140.00 40.00 -0.00050133
145.00 40.00 -0.00031587
150.00 40.00 8.901e-05
155.00 40.00 0.0008337
160.00 40.00 0.00163038
165.00 40.00 0.0018312
170.00 40.00 0.00114693
175.00 40.00 8.937e-05
180.00 40.00 -0.00053442
-180.00 45.00 -0.00078717
-175.00 45.00 -0.00052335
-170.00 45.00 -8.151e-05
-165.00 45.00 0.00014223
-160.00 45.00 0.00010332
-155.00 45.00 4.668e-05
-150.00 45.00 0.00014583
-145.00 45.00 0.00031692
-140.00 45.00 0.00039234
-135.00 45.00 0.00035604
-130.00 45.00 0.00031551
-125.00 45.00 0.00031032
-120.00 45.00 0.00028692
-115.00 45.00 0.00026187
-110.00 45.00 0.00035316
-105.00 45.00 0.0005685
-100.00 45.00 0.00069312
-95.00 45.00 0.00055425
-90.00 45.00 0.00036153
-85.00 45.00 0.0005871
-80.00 45.00 0.00139509
-75.00 45.00 0.00227739
-70.00 45.00 0.00241863
-65.00 45.00 0.00148665
-60.00 45.00 6.63e-06
-55.00 45.00 -0.00111129
-50.00 45.00 -0.0014004
-45.00 45.00 -0.00116115
-40.00 45.00 -0.00100902
-35.00 45.00 -0.00120363
-30.00 45.00 -0.00145254
-25.00 45.00 -0.0013005
-20.00 45.00 -0.00064752
-15.00 45.00 0.00010536
-10.00 45.00 0.00041055
-5.00 45.00 0.0001032
0.00 45.00 -0.00042606
5.00 45.00 -0.00063759
10.00 45.00 -0.0004029
15.00 45.00 -6.144e-05
20.00 45.00 7.137e-05
25.00 45.00 6.657e-05
30.00 45.00 0.000144
35.00 45.00 0.00025128
40.00 45.00 0.0001323
45.00 45.00 -0.00022338
50.00 45.00 -0.00048072
55.00 45.00 -0.00041622
60.00 45.00 -0.00025755
65.00 45.00 -0.00036513
70.00 45.00 -0.00069039
75.00 45.00 -0.00080397
80.00 45.00 -0.00048813
85.00 45.00 -8.505e-05
90.00 45.00 -0.00010557
95.00 45.00 -0.00057021
100.00 45.00 -0.00090372
105.00 45.00 -0.00054417
110.00 45.00 0.00040293
115.00 45.00 0.00119781
120.00 45.00 0.00117468
125.00 45.00 0.00038265
130.00 45.00 -0.00050232
135.00 45.00 -0.00084492
140.00 45.00 -0.00054657
145.00 45.00 7.701e-05
150.00 45.00 0.00070866
155.00 45.00 0.00117966
160.00 45.00 0.00133032
165.00 45.00 0.00099498
170.00 45.00 0.00024252
175.00 45.00 -0.00050712
180.00 45.00 -0.00078717
-180.00 50.00 -0.00068373
-175.00 50.00 -0.00023796
-170.00 50.00 9.426e-05
-165.00 50.00 0.00017385
-160.00 50.00 0.00010131
-155.00 50.00 9.108e-05
-150.00 50.00 0.00023289
-145.00 50.00 0.00039756
-140.00 50.00 0.00038844
-135.00 50.00 0.00016836
-130.00 50.00 -7.647e-05
-125.00 50.00 -7.968e-05
-120.00 50.00 0.00031074
-115.00 50.00 0.00103416
-110.00 50.00 0.00183099
-105.00 50.00 0.00234063
-100.00 50.00 0.0022884
-95.00 50.00 0.00170478
-90.00 50.00 0.00098397
-85.00 50.00 0.00062538
-80.00 50.00 0.00080421
-75.00 50.00 0.00117708
-70.00 50.00 0.00117477
-65.00 50.00 0.00054804
-60.00 50.00 -0.00037098
-55.00 50.00 -0.00097071
-50.00 50.00 -0.00093054
-45.00 50.00 -0.00048864
-40.00 50.00 -0.00016332
-35.00 50.00 -0.00024402
-30.00 50.00 -0.0005679
-25.00 50.00 -0.00076443
-20.00 50.00 -0.00067254
-15.00 50.00 -0.00049494
-10.00 50.00 -0.00054936
-5.00 50.00 -0.00089562
0.00 50.00 -0.00124548
5.00 50.00 -0.00126183
10.00 50.00 -0.0009249
15.00 50.00 -0.0005598
20.00 50.00 -0.00050085
25.00 50.00 -0.00077148
30.00 50.00 -0.00110571
35.00 50.00 -0.00122046
40.00 50.00 -0.00101871
45.00 50.00 -0.00059103
50.00 50.00 -0.00014154
55.00 50.00 7.38e-05
60.00 50.00 -0.00012612
65.00 50.00 -0.00065208
70.00 50.00 -0.00110397
75.00 50.00 -0.00106443
80.00 50.00 -0.00051057
85.00 50.00 0.00011202
90.00 50.00 0.00030234
95.00 50.00 2.13e-06
100.00 50.00 -0.00035604
105.00 50.00 -0.00031044
110.00 50.00 0.00015153
115.00 50.00 0.00060423
120.00 50.00 0.00065391
125.00 50.00 0.00034983
130.00 50.00 0.00010872
135.00 50.00 0.00026673
140.00 50.00 0.00075144
145.00 50.00 0.00118176
150.00 50.00 0.00122478
155.00 50.00 0.00082764
160.00 50.00 0.00017394
165.00 50.00 -0.00047937
170.00 50.00 -0.00090789
175.00 50.00 -0.00097209
180.00 50.00 -0.00068373
-180.00 55.00 -0.00049179
-175.00 55.00 -9.06e-05
-170.00 55.00 5.472e-05
-165.00 55.00 2.298e-05
-160.00 55.00 1.779e-05
-155.00 55.00 0.00019026
-150.00 55.00 0.00049548
-145.00 55.00 0.00070911
-140.00 55.00 0.00060864
-135.00 55.00 0.00017841
-130.00 55.00 -0.00033099
-125.00 55.00 -0.00054429
-120.00 55.00 -0.00020361
-115.00 55.00 0.00065334
-110.00 55.00 0.00169014
-105.00 55.00 0.00244563
-100.00 55.00 0.00258873
-95.00 55.00 0.00210579
-90.00 55.00 0.0012918
-85.00 55.00 0.00053637
-80.00 55.00 5.43e-05
-75.00 55.00 -0.00022143
-70.00 55.00 -0.00049389
-65.00 55.00 -0.00084456
-60.00 55.00 -0.0011184
-55.00 55.00 -0.00107163
-50.00 55.00 -0.00063819
-45.00 55.00 -4.716e-05
-40.00 55.00 0.00033132
-35.00 55.00 0.0002676
-30.00 55.00 -0.00017649
-25.00 55.00 -0.00074427
-20.00 55.00 -0.00120453
-15.00 55.00 -0.00147729
-10.00 55.00 -0.00157578
-5.00 55.00 -0.00148065
0.00 55.00 -0.00112416
5.00 55.00 -0.00051855
10.00 55.00 0.00012582
15.00 55.00 0.00046665
20.00 55.00 0.0002694
25.00 55.00 -0.00038262
30.00 55.00 -0.00110568
35.00 55.00 -0.00146058
40.00 55.00 -0.0012417
45.00 55.00 -0.00061026
50.00 55.00 3.03e-06
55.00 55.00 0.00016425
60.00 55.00 -0.0002787
65.00 55.00 -0.00107046
70.00 55.00 -0.00169512
75.00 55.00 -0.00172944
80.00 55.00 -0.00114915
85.00 55.00 -0.00033405
90.00 55.00 0.0002409
95.00 55.00 0.00036195
100.00 55.00 0.00017724
105.00 55.00 -7.23e-06
110.00 55.00 -3.03e-06
115.00 55.00 0.00017469
120.00 55.00 0.00043689
125.00 55.00 0.00076599
130.00 55.00 0.00119658
135.00 55.00 0.00167202
140.00 55.00 0.00197301
145.00 55.00 0.00183654
150.00 55.00 0.00117096
155.00 55.00 0.00016692
160.00 55.00 -0.00079614
165.00 55.00 -0.00136731
170.00 55.00 -0.0014052
175.00 55.00 -0.00102186
180.00 55.00 -0.00049179
-180.00 60.00 -0.00042669
-175.00 60.00 -0.00017175
-170.00 60.00 -0.00012075
-165.00 60.00 -0.00012954
-160.00 60.00 -2.424e-05
-155.00 60.00 0.00025989
-150.00 60.00 0.00061269
-145.00 60.00 0.0008082
-140.00 60.00 0.00065703
-135.00 60.00 0.00015216
-130.00 60.00 -0.00049386
-125.00 60.00 -0.00095148
-120.00 60.00 -0.00095619
-115.00 60.00 -0.00045768
-110.00 60.00 0.00035163
-105.00 60.00 0.00114174
-100.00 60.00 0.00161583
-95.00 60.00 0.00164517
-90.00 60.00 0.00129369
-85.00 60.00 0.00073425
-80.00 60.00 0.00013023
-75.00 60.00 -0.00042855
-70.00 60.00 -0.00090258
-65.00 60.00 -0.0012402
-60.00 60.00 -0.00135834
-55.00 60.00 -0.00120003
-50.00 60.00 -0.00081678
-45.00 60.00 -0.00038901
-40.00 60.00 -0.00014604
-35.00 60.00 -0.00023769
-30.00 60.00 -0.00065226
-25.00 60.00 -0.00123327
-20.00 60.00 -0.00176634
-15.00 60.00 -0.00206496
-10.00 60.00 -0.00201303
-5.00 60.00 -0.00157857
0.00 60.00 -0.00083151
5.00 60.00 3.828e-05
10.00 60.00 0.00074907
15.00 60.00 0.00103347
20.00 60.00 0.00078525
25.00 60.00 0.00014706
30.00 60.00 -0.000543
35.00 60.00 -0.00093555
40.00 60.00 -0.00087594
45.00 60.00 -0.00049836
50.00 60.00 -0.00014157
55.00 60.00 -0.00013224
60.00 60.00 -0.00056985
65.00 60.00 -0.00125265
70.00 60.00 -0.00179862
75.00 60.00 -0.00188505
80.00 60.00 -0.00144564
85.00 60.00 -0.00069321
90.00 60.00 3.495e-05
95.00 60.00 0.00048576
100.00 60.00 0.00060705
105.00 60.00 0.0005184
110.00 60.00 0.00039654
115.00 60.00 0.00037554
120.00 60.00 0.00050928
125.00 60.00 0.0007737
130.00 60.00 0.00107313
135.00 60.00 0.00125307
140.00 60.00 0.00115011
145.00 60.00 0.00068193
150.00 60.00 -7.428e-05
155.00 60.00 -0.00088482
160.00 60.00 -0.00146376
165.00 60.00 -0.00162174
170.00 60.00 -0.00136509
175.00 60.00 -0.00088212
180.00 60.00 -0.00042669
-180.00 65.00 -0.00044832
-175.00 65.00 -0.00040029
-170.00 65.00 -0.00046662
-165.00 65.00 -0.00053136
-160.00 65.00 -0.00049032
-155.00 65.00 -0.00032043
-150.00 65.00 -0.00010092
-145.00 65.00 2.949e-05
-140.00 65.00 -4.335e-05
-135.00 65.00 -0.00033267
-130.00 65.00 -0.00072891
-125.00 65.00 -0.00104577
-120.00 65.00 -0.00110982
-115.00 65.00 -0.00084348
-110.00 65.00 -0.00029934
-105.00 65.00 0.0003684
-100.00 65.00 0.00097329
-95.00 65.00 0.00136773
-90.00 65.00 0.00148275
-85.00 65.00 0.0013275
-80.00 65.00 0.00096393
-75.00 65.00 0.00047967
-70.00 65.00 -2.832e-05
-65.00 65.00 -0.00046473
-60.00 65.00 -0.000753
-55.00 65.00 -0.0008613
-50.00 65.00 -0.00082224
-45.00 65.00 -0.00072768
-40.00 65.00 -0.00069201
-35.00 65.00 -0.00080007
-30.00 65.00 -0.00106725
-25.00 65.00 -0.0014319
-20.00 65.00 -0.00178023
-15.00 65.00 -0.00198927
-10.00 65.00 -0.00197022
-5.00 65.00 -0.00170166
0.00 65.00 -0.00124455
5.00 65.00 -0.00073095
10.00 65.00 -0.00032124
15.00 65.00 -0.00013794
20.00 65.00 -0.00020475
25.00 65.00 -0.00042756
30.00 65.00 -0.00063783
35.00 65.00 -0.00068262
40.00 65.00 -0.0005121
45.00 65.00 -0.00021138
50.00 65.00 4.731e-05
55.00 65.00 0.00010674
60.00 65.00 -7.854e-05
65.00 65.00 -0.00041022
70.00 65.00 -0.00069906
75.00 65.00 -0.0007704
80.00 65.00 -0.00055794
85.00 65.00 -0.00013197
90.00 65.00 0.0003477
95.00 65.00 0.00071808
100.00 65.00 0.00088503
105.00 65.00 0.00084669
110.00 65.00 0.00066906
115.00 65.00 0.00043899
120.00 65.00 0.00022143
125.00 65.00 3.651e-05
130.00 65.00 -0.00013992
135.00 65.00 -0.00035454
140.00 65.00 -0.0006408
145.00 65.00 -0.00098511
150.00 65.00 -0.00131595
155.00 65.00 -0.00152895
160.00 65.00 -0.0015402
165.00 65.00 -0.00133824
170.00 65.00 -0.00100134
175.00 65.00 -0.0006639
180.00 65.00 -0.00044832
-180.00 70.00 -0.00018114
-175.00 70.00 -0.00039207
-170.00 70.00 -0.00066486
-165.00 70.00 -0.00092292
-160.00 70.00 -0.00110241
-155.00 70.00 -0.00117687
-150.00 70.00 -0.00116346
-145.00 70.00 -0.0011076
-140.00 70.00 -0.00105402
-135.00 70.00 -0.00101976
-130.00 70.00 -0.00098259
-125.00 70.00 -0.00089136
-120.00 70.00 -0.00069234
-115.00 70.00 -0.00035793
-110.00 70.00 9.549e-05
-105.00 70.00 0.00060858
-100.00 70.00 0.00109623
-95.00 70.00 0.00147276
-90.00 70.00 0.00167466
-85.00 70.00 0.00167421
-80.00 70.00 0.00148254
-75.00 70.00 0.00114384
-70.00 70.00 0.0007239
-65.00 70.00 0.00029475
-60.00 70.00 -8.187e-05
-55.00 70.00 -0.00036894
-50.00 70.00 -0.00056202
-45.00 70.00 -0.00068679
-40.00 70.00 -0.00078654
-35.00 70.00 -0.00090372
-30.00 70.00 -0.00106329
-25.00 70.00 -0.00126363
-20.00 70.00 -0.00147882
-15.00 70.00 -0.00166983
-10.00 70.00 -0.00180015
-5.00 70.00 -0.00184974
0.00 70.00 -0.00182175
5.00 70.00 -0.00173856
10.00 70.00 -0.00162864
15.00 70.00 -0.00150915
20.00 70.00 -0.00137421
25.00 70.00 -0.00119595
30.00 70.00 -0.0009405
35.00 70.00 -0.00059226
40.00 70.00 -0.00017262
45.00 70.00 0.0002589
50.00 70.00 0.00062421
55.00 70.00 0.0008592
60.00 70.00 0.00094203
65.00 70.00 0.00090222
70.00 70.00 0.00080553
75.00 70.00 0.0007221
80.00 70.00 0.00069549
85.00 70.00 0.00072648
90.00 70.00 0.00077889
95.00 70.00 0.0008007
100.00 70.00 0.00074856
105.00 70.00 0.00060441
110.00 70.00 0.00037842
115.00 70.00 0.00010098
120.00 70.00 -0.0001902
125.00 70.00 -0.00046146
130.00 70.00 -0.00068838
135.00 70.00 -0.00085503
140.00 70.00 -0.00094977
145.00 70.00 -0.00096255
150.00 70.00 -0.0008874
155.00 70.00 -0.00073026
160.00 70.00 -0.00051786
165.00 70.00 -0.00029967
170.00 70.00 -0.00013863
175.00 70.00 -9.054e-05
180.00 70.00 -0.00018114
-180.00 75.00 0.00048351
-175.00 75.00 0.00015591
-170.00 75.00 -0.0002064
-165.00 75.00 -0.00055809
-160.00 75.00 -0.00085851
-155.00 75.00 -0.00107889
-150.00 75.00 -0.00120552
-145.00 75.00 -0.00123828
-140.00 75.00 -0.00118569
-135.00 75.00 -0.00105918
-130.00 75.00 -0.0008691
-125.00 75.00 -0.00062424
-120.00 75.00 -0.00033414
-115.00 75.00 -1.281e-05
-110.00 75.00 0.00031869
-105.00 75.00 0.00063216
-100.00 75.00 0.00089565
-95.00 75.00 0.00107895
-90.00 75.00 0.00116001
-85.00 75.00 0.00112962
-80.00 75.00 0.00099384
-75.00 75.00 0.00077292
-70.00 75.00 0.00049716
-65.00 75.00 0.00020094
-60.00 75.00 -8.409e-05
-55.00 75.00 -0.00033471
-50.00 75.00 -0.00053967
-45.00 75.00 -0.00070011
-40.00 75.00 -0.00082698
-35.00 75.00 -0.00093606
-30.00 75.00 -0.00104259
-25.00 75.00 -0.00115644
-20.00 75.00 -0.00127962
-15.00 75.00 -0.00140619
-10.00 75.00 -0.00152442
-5.00 75.00 -0.00161961
0.00 75.00 -0.0016767
5.00 75.00 -0.0016821
10.00 75.00 -0.00162432
15.00 75.00 -0.00149475
20.00 75.00 -0.00128853
25.00 75.00 -0.00100704
30.00 75.00 -0.00066051
35.00 75.00 -0.00026976
40.00 75.00 0.00013461
45.00 75.00 0.00051585
50.00 75.00 0.00083796
55.00 75.00 0.0010731
60.00 75.00 0.00120759
65.00 75.00 0.00124395
70.00 75.00 0.00119823
75.00 75.00 0.00109419
80.00 75.00 0.00095598
85.00 75.00 0.00080241
90.00 75.00 0.00064482
95.00 75.00 0.00048831
100.00 75.00 0.00033537
105.00 75.00 0.00018981
110.00 75.00 5.886e-05
115.00 75.00 -4.647e-05
120.00 75.00 -0.00011367
125.00 75.00 -0.00013146
130.00 75.00 -9.264e-05
135.00 75.00 3.93e-06
140.00 75.00 0.0001521
145.00 75.00 0.00033753
150.00 75.00 0.00053802
155.00 75.00 0.00072459
160.00 75.00 0.00086451
165.00 75.00 0.0009264
170.00 75.00 0.00088671
175.00 75.00 0.00073611
180.00 75.00 0.00048351
-180.00 80.00 0.00087474
-175.00 80.00 0.00066954
-170.00 80.00 0.00044523
-165.00 80.00 0.00021978
-160.00 80.00 1.053e-05
-155.00 80.00 -0.00016782
-150.00 80.00 -0.00030459
-145.00 80.00 -0.00039378
-140.00 80.00 -0.00043401
-135.00 80.00 -0.00042813
-130.00 80.00 -0.00038247
-125.00 80.00 -0.000306
-120.00 80.00 -0.00020964
-115.00 80.00 -0.00010536
-110.00 80.00 -5.34e-06
-105.00 80.00 7.872e-05
-100.00 80.00 0.0001368
-95.00 80.00 0.00016146
-90.00 80.00 0.00014868
-85.00 80.00 9.825e-05
-80.00 80.00 1.386e-05
-75.00 80.00 -9.762e-05
-70.00 80.00 -0.00022707
-65.00 80.00 -0.00036456
-60.00 80.00 -0.00050052
-55.00 80.00 -0.00062721
-50.00 80.00 -0.00073941
-45.00 80.00 -0.00083466
-40.00 80.00 -0.00091296
-35.00 80.00 -0.00097602
-30.00 80.00 -0.00102633
-25.00 80.00 -0.00106614
-20.00 80.00 -0.00109638
-15.00 80.00 -0.00111639
-10.00 80.00 -0.00112377
-5.00 80.00 -0.00111474
0.00 80.00 -0.00108483
5.00 80.00 -0.00102954
10.00 80.00 -0.0009456
15.00 80.00 -0.00083166
20.00 80.00 -0.00068916
25.00 80.00 -0.0005226
30.00 80.00 -0.00033963
35.00 80.00 -0.00015048
40.00 80.00 3.285e-05
45.00 80.00 0.00019821
50.00 80.00 0.00033474
55.00 80.00 0.00043431
60.00 80.00 0.00049257
65.00 80.00 0.00050946
70.00 80.00 0.00048912
75.00 80.00 0.00043902
80.00 80.00 0.00036894
85.00 80.00 0.00028977
90.00 80.00 0.00021246
95.00 80.00 0.00014703
100.00 80.00 0.00010206
105.00 80.00 8.439e-05
110.00 80.00 9.876e-05
115.00 80.00 0.00014757
120.00 80.00 0.00023064
125.00 80.00 0.00034497
130.00 80.00 0.00048471
135.00 80.00 0.00064119
140.00 80.00 0.00080313
145.00 80.00 0.0009573
150.00 80.00 0.00108957
155.00 80.00 0.00118635
160.00 80.00 0.001236
165.00 80.00 0.00123021
170.00 80.00 0.00116559
175.00 80.00 0.00104442
180.00 80.00 0.00087474
-180.00 85.00 0.00045723
-175.00 85.00 0.00040734
-170.00 85.00 0.00034959
-165.00 85.00 0.00028698
-160.00 85.00 0.00022233
-155.00 85.00 0.00015795
-150.00 85.00 9.555e-05
-145.00 85.00 3.651e-05
-140.00 85.00 -1.8e-05
-135.00 85.00 -6.708e-05
-130.00 85.00 -0.00011058
-125.00 85.00 -0.00014922
-120.00 85.00 -0.00018438
-115.00 85.00 -0.00021753
-110.00 85.00 -0.00024984
-105.00 85.00 -0.00028215
-100.00 85.00 -0.00031518
-95.00 85.00 -0.0003498
-90.00 85.00 -0.00038679
-85.00 85.00 -0.00042648
-80.00 85.00 -0.00046833
-75.00 85.00 -0.00051117
-70.00 85.00 -0.00055368
-65.00 85.00 -0.0005949
-60.00 85.00 -0.00063408
-55.00 85.00 -0.00067047
-50.00 85.00 -0.0007029
-45.00 85.00 -0.00073011
-40.00 85.00 -0.00075111
-35.00 85.00 -0.0007656
-30.00 85.00 -0.00077382
-25.00 85.00 -0.00077592
-20.00 85.00 -0.00077172
-15.00 85.00 -0.00076077
-10.00 85.00 -0.0007428
-5.00 85.00 -0.00071817
0.00 85.00 -0.00068766
5.00 85.00 -0.00065199
10.00 85.00 -0.00061164
15.00 85.00 -0.00056694
20.00 85.00 -0.00051858
25.00 85.00 -0.00046803
30.00 85.00 -0.00041715
35.00 85.00 -0.00036768
40.00 85.00 -0.00032079
45.00 85.00 -0.00027714
50.00 85.00 -0.00023736
55.00 85.00 -0.00020217
60.00 85.00 -0.00017208
65.00 85.00 -0.00014691
70.00 85.00 -0.00012555
75.00 85.00 -0.00010626
80.00 85.00 -8.721e-05
85.00 85.00 -6.696e-05
90.00 85.00 -4.434e-05
95.00 85.00 -1.809e-05
100.00 85.00 1.314e-05
105.00 85.00 5.052e-05
110.00 85.00 9.441e-05
115.00 85.00 0.00014412
120.00 85.00 0.00019818
125.00 85.00 0.00025482
130.00 85.00 0.00031218
135.00 85.00 0.00036825
140.00 85.00 0.00042066
145.00 85.00 0.00046659
150.00 85.00 0.00050322
155.00 85.00 0.00052821
160.00 85.00 0.0005403
165.00 85.00 0.00053898
170.00 85.00 0.00052434
175.00 85.00 0.0004968
180.00 85.00 0.00045723
-180.00 90.00 -0.00026586
-175.00 90.00 -0.00026586
-170.00 90.00 -0.00026586
-165.00 90.00 -0.00026586
-160.00 90.00 -0.00026586
-155.00 90.00 -0.00026586
-150.00 90.00 -0.00026586
-145.00 90.00 -0.00026586
-140.00 90.00 -0.00026586
-135.00 90.00 -0.00026586
-130.00 90.00 -0.00026586
-125.00 90.00 -0.00026586
-120.00 90.00 -0.00026586
-115.00 90.00 -0.00026586
-110.00 90.00 -0.00026586
-105.00 90.00 -0.00026586
-100.00 90.00 -0.00026586
-95.00 90.00 -0.00026586
-90.00 90.00 -0.00026586
-85.00 90.00 -0.00026586
-80.00 90.00 -0.00026586
-75.00 90.00 -0.00026586
-70.00 90.00 -0.00026586
-65.00 90.00 -0.00026586
-60.00 90.00 -0.00026586
-55.00 90.00 -0.00026586
-50.00 90.00 -0.00026586
-45.00 90.00 -0.00026586
-40.00 90.00 -0.00026586
-35.00 90.00 -0.00026586
-30.00 90.00 -0.00026586
-25.00 90.00 -0.00026586
-20.00 90.00 -0.00026586
-15.00 90.00 -0.00026586
-10.00 90.00 -0.00026586
-5.00 90.00 -0.00026586
0.00 90.00 -0.00026586
5.00 90.00 -0.00026586
10.00 90.00 -0.00026586
15.00 90.00 -0.00026586
20.00 90.00 -0.00026586
25.00 90.00 -0.00026586
30.00 90.00 -0.00026586
35.00 90.00 -0.00026586
40.00 90.00 -0.00026586
45.00 90.00 -0.00026586
50.00 90.00 -0.00026586
55.00 90.00 -0.00026586
60.00 90.00 -0.00026586
65.00 90.00 -0.00026586
70.00 90.00 -0.00026586
75.00 90.00 -0.00026586
80.00 90.00 -0.00026586
85.00 90.00 -0.00026586
90.00 90.00 -0.00026586
95.00 90.00 -0.00026586
100.00 90.00 -0.00026586
105.00 90.00 -0.00026586
110.00 90.00 -0.00026586
115.00 90.00 -0.00026586
120.00 90.00 -0.00026586
125.00 90.00 -0.00026586
130.00 90.00 -0.00026586
135.00 90.00 -0.00026586
140.00 90.00 -0.00026586
145.00 90.00 -0.00026586
150.00 90.00 -0.00026586
155.00 90.00 -0.00026586
160.00 90.00 -0.00026586
165.00 90.00 -0.00026586
170.00 90.00 -0.00026586
175.00 90.00 -0.00026586
180.00 90.00 -0.00026586
