-180.00 -90.00 0.00133332
-175.00 -90.00 0.00133335
-170.00 -90.00 0.00133335
-165.00 -90.00 0.00133335
-160.00 -90.00 0.00133335
-155.00 -90.00 0.00133335
-150.00 -90.00 0.00133332
-145.00 -90.00 0.00133329
-140.00 -90.00 0.00133326
-135.00 -90.00 0.00133323
-130.00 -90.00 0.00133317
-125.00 -90.00 0.00133314
-120.00 -90.00 0.00133308
-115.00 -90.00 0.00133305
-110.00 -90.00 0.00133299
-105.00 -90.00 0.00133296
-100.00 -90.00 0.0013329
-95.00 -90.00 0.00133287
-90.00 -90.00 0.00133287
-85.00 -90.00 0.00133284
-80.00 -90.00 0.00133284
-75.00 -90.00 0.00133284
-70.00 -90.00 0.00133284
-65.00 -90.00 0.00133284
-60.00 -90.00 0.00133287
-55.00 -90.00 0.0013329
-50.00 -90.00 0.00133293
-45.00 -90.00 0.00133296
-40.00 -90.00 0.00133302
-35.00 -90.00 0.00133305
-30.00 -90.00 0.00133311
-25.00 -90.00 0.00133314
-20.00 -90.00 0.0013332
-15.00 -90.00 0.00133323
-10.00 -90.00 0.00133329
-5.00 -90.00 0.00133332
0.00 -90.00 0.00133332
5.00 -90.00 0.00133335
10.00 -90.00 0.00133335
15.00 -90.00 0.00133338
20.00 -90.00 0.00133335
25.00 -90.00 0.00133335
30.00 -90.00 0.00133332
35.00 -90.00 0.00133329
40.00 -90.00 0.00133326
45.00 -90.00 0.00133323
50.00 -90.00 0.00133317
55.00 -90.00 0.00133314
60.00 -90.00 0.00133308
65.00 -90.00 0.00133305
70.00 -90.00 0.00133299
75.00 -90.00 0.00133296
80.00 -90.00 0.0013329
85.00 -90.00 0.00133287
90.00 -90.00 0.00133287
95.00 -90.00 0.00133284
100.00 -90.00 0.00133284
105.00 -90.00 0.00133284
110.00 -90.00 0.00133284
115.00 -90.00 0.00133284
120.00 -90.00 0.00133287
125.00 -90.00 0.0013329
130.00 -90.00 0.00133293
135.00 -90.00 0.00133296
140.00 -90.00 0.00133302
145.00 -90.00 0.00133305
150.00 -90.00 0.00133311
155.00 -90.00 0.00133314
160.00 -90.00 0.0013332
165.00 -90.00 0.00133323
170.00 -90.00 0.00133329
175.00 -90.00 0.00133332
180.00 -90.00 0.00133332
-180.00 -85.00 0.00123732
-175.00 -85.00 0.00127443
-170.00 -85.00 0.00130689
-165.00 -85.00 0.00133392
-160.00 -85.00 0.00135489
-155.00 -85.00 0.00136953
-150.00 -85.00 0.00137778
-145.00 -85.00 0.0013797
-140.00 -85.00 0.00137565
-135.00 -85.00 0.00136596
-130.00 -85.00 0.00135129
-125.00 -85.00 0.00133245
-120.00 -85.00 0.00131058
-115.00 -85.00 0.00128691
-110.00 -85.00 0.00126279
-105.00 -85.00 0.00123963
-100.00 -85.00 0.00121887
-95.00 -85.00 0.00120198
-90.00 -85.00 0.0011904
-85.00 -85.00 0.00118527
-80.00 -85.00 0.00118743
-75.00 -85.00 0.00119727
-70.00 -85.00 0.001215
-65.00 -85.00 0.00124038
-60.00 -85.00 0.00127293
-55.00 -85.00 0.00131172
-50.00 -85.00 0.00135546
-45.00 -85.00 0.00140274
-40.00 -85.00 0.00145206
-35.00 -85.00 0.00150189
-30.00 -85.00 0.00155076
-25.00 -85.00 0.00159714
-20.00 -85.00 0.00163974
-15.00 -85.00 0.00167736
-10.00 -85.00 0.0017091
-5.00 -85.00 0.00173433
0.00 -85.00 0.00175257
5.00 -85.00 0.00176355
10.00 -85.00 0.00176727
15.00 -85.00 0.00176382
20.00 -85.00 0.00175359
25.00 -85.00 0.00173697
30.00 -85.00 0.00171447
35.00 -85.00 0.00168657
40.00 -85.00 0.00165366
45.00 -85.00 0.00161619
50.00 -85.00 0.00157458
55.00 -85.00 0.00152916
60.00 -85.00 0.00148032
65.00 -85.00 0.00142839
70.00 -85.00 0.00137388
75.00 -85.00 0.00131745
80.00 -85.00 0.00125988
85.00 -85.00 0.00120222
90.00 -85.00 0.0011457
95.00 -85.00 0.00109167
100.00 -85.00 0.0010416
105.00 -85.00 0.00099699
110.00 -85.00 0.00095928
115.00 -85.00 0.00092967
120.00 -85.00 0.00090912
125.00 -85.00 0.00089829
130.00 -85.00 0.00089739
135.00 -85.00 0.00090627
140.00 -85.00 0.00092427
145.00 -85.00 0.00095043
150.00 -85.00 0.00098346
155.00 -85.00 0.00102189
160.00 -85.00 0.00106407
165.00 -85.00 0.00110835
170.00 -85.00 0.00115299
175.00 -85.00 0.00119643
180.00 -85.00 0.00123732
-180.00 -80.00 0.0018813
-175.00 -80.00 0.00192909
-170.00 -80.00 0.00195777
-165.00 -80.00 0.00197001
-160.00 -80.00 0.00196857
-155.00 -80.00 0.00195561
-150.00 -80.00 0.00193239
-145.00 -80.00 0.00189897
-140.00 -80.00 0.00185445
-135.00 -80.00 0.00179751
-130.00 -80.00 0.00172698
-125.00 -80.00 0.00164253
-120.00 -80.00 0.00154509
-115.00 -80.00 0.00143724
-110.00 -80.00 0.00132312
-105.00 -80.00 0.00120831
-100.00 -80.00 0.00109905
-95.00 -80.00 0.00100164
-90.00 -80.00 0.00092211
-85.00 -80.00 0.00086532
-80.00 -80.00 0.00083454
-75.00 -80.00 0.00083085
-70.00 -80.00 0.00085335
-65.00 -80.00 0.00089928
-60.00 -80.00 0.00096399
-55.00 -80.00 0.00104169
-50.00 -80.00 0.00112602
-45.00 -80.00 0.00121107
-40.00 -80.00 0.00129165
-35.00 -80.00 0.0013635
-30.00 -80.00 0.00142335
-25.00 -80.00 0.00146913
-20.00 -80.00 0.00149952
-15.00 -80.00 0.00151362
-10.00 -80.00 0.00151086
-5.00 -80.00 0.00149136
0.00 -80.00 0.00145626
5.00 -80.00 0.00140763
10.00 -80.00 0.00134841
15.00 -80.00 0.00128265
20.00 -80.00 0.00121527
25.00 -80.00 0.00115125
30.00 -80.00 0.00109503
35.00 -80.00 0.00104979
40.00 -80.00 0.00101742
45.00 -80.00 0.00099828
50.00 -80.00 0.00099069
55.00 -80.00 0.00099141
60.00 -80.00 0.00099618
65.00 -80.00 0.00100032
70.00 -80.00 0.00099909
75.00 -80.00 0.00098835
80.00 -80.00 0.00096531
85.00 -80.00 0.00092925
90.00 -80.00 0.00088164
95.00 -80.00 0.00082605
100.00 -80.00 0.00076794
105.00 -80.00 0.0007143
110.00 -80.00 0.0006726
115.00 -80.00 0.0006498
120.00 -80.00 0.00065145
125.00 -80.00 0.00068106
130.00 -80.00 0.00073983
135.00 -80.00 0.00082638
140.00 -80.00 0.00093678
145.00 -80.00 0.00106521
150.00 -80.00 0.00120456
155.00 -80.00 0.00134712
160.00 -80.00 0.00148521
165.00 -80.00 0.00161202
170.00 -80.00 0.00172227
175.00 -80.00 0.00181248
180.00 -80.00 0.0018813
-180.00 -75.00 0.00219069
-175.00 -75.00 0.0021138
-170.00 -75.00 0.00201066
-165.00 -75.00 0.00189789
-160.00 -75.00 0.00179133
-155.00 -75.00 0.00170268
-150.00 -75.00 0.00163728
-145.00 -75.00 0.00159333
-140.00 -75.00 0.00156255
-135.00 -75.00 0.00153249
-130.00 -75.00 0.00148998
-125.00 -75.00 0.00142509
-120.00 -75.00 0.00133377
-115.00 -75.00 0.00121878
-110.00 -75.00 0.001089
-105.00 -75.00 0.00095739
-100.00 -75.00 0.00083799
-95.00 -75.00 0.00074364
-90.00 -75.00 0.00068481
-85.00 -75.00 0.00066867
-80.00 -75.00 0.00069849
-75.00 -75.00 0.00077301
-70.00 -75.00 0.00088605
-65.00 -75.00 0.00102576
-60.00 -75.00 0.00117564
-55.00 -75.00 0.00131679
-50.00 -75.00 0.00143148
-45.00 -75.00 0.00150645
-40.00 -75.00 0.00153561
-35.00 -75.00 0.00152076
-30.00 -75.00 0.00146964
-25.00 -75.00 0.00139248
-20.00 -75.00 0.00129846
-15.00 -75.00 0.00119322
-10.00 -75.00 0.0010779
-5.00 -75.00 0.00095058
0.00 -75.00 0.00080904
5.00 -75.00 0.00065346
10.00 -75.00 0.00048816
15.00 -75.00 0.00032196
20.00 -75.00 0.0001671
25.00 -75.00 3.696e-05
30.00 -75.00 -5.667e-05
35.00 -75.00 -0.00010563
40.00 -75.00 -0.00010668
45.00 -75.00 -6.18e-05
50.00 -75.00 2.253e-05
55.00 -75.00 0.00013668
60.00 -75.00 0.00026916
65.00 -75.00 0.00040737
70.00 -75.00 0.00053883
75.00 -75.00 0.00065175
80.00 -75.00 0.00073623
85.00 -75.00 0.00078588
90.00 -75.00 0.00079938
95.00 -75.00 0.00078153
100.00 -75.00 0.00074295
105.00 -75.00 0.00069897
110.00 -75.00 0.00066672
115.00 -75.00 0.00066201
120.00 -75.00 0.00069657
125.00 -75.00 0.00077637
130.00 -75.00 0.00090111
135.00 -75.00 0.00106464
140.00 -75.00 0.00125652
145.00 -75.00 0.00146355
150.00 -75.00 0.00167082
155.00 -75.00 0.00186276
160.00 -75.00 0.00202467
165.00 -75.00 0.0021441
170.00 -75.00 0.00221253
175.00 -75.00 0.00222687
180.00 -75.00 0.00219069
-180.00 -70.00 0.00174156
-175.00 -70.00 0.00155973
-170.00 -70.00 0.00134499
-165.00 -70.00 0.00112653
-160.00 -70.00 0.0009333
-155.00 -70.00 0.0007893
-150.00 -70.00 0.00070881
-145.00 -70.00 0.00069222
-140.00 -70.00 0.00072378
-135.00 -70.00 0.00077442
-130.00 -70.00 0.00081042
-125.00 -70.00 0.00080547
-120.00 -70.00 0.00075105
-115.00 -70.00 0.00065949
-110.00 -70.00 0.00055809
-105.00 -70.00 0.00047748
-100.00 -70.00 0.00044019
-95.00 -70.00 0.00045546
-90.00 -70.00 0.0005214
-85.00 -70.00 0.00063201
-80.00 -70.00 0.00078324
-75.00 -70.00 0.0009735
-70.00 -70.00 0.00119886
-65.00 -70.00 0.00144555
-60.00 -70.00 0.00168627
-55.00 -70.00 0.00188352
-50.00 -70.00 0.00200016
-45.00 -70.00 0.00201288
-40.00 -70.00 0.00192216
-35.00 -70.00 0.00175323
-30.00 -70.00 0.00154734
-25.00 -70.00 0.0013467
-20.00 -70.00 0.00118008
-15.00 -70.00 0.0010548
-10.00 -70.00 0.00095853
-5.00 -70.00 0.00086856
0.00 -70.00 0.00076356
5.00 -70.00 0.00063282
10.00 -70.00 0.00047946
15.00 -70.00 0.00031839
20.00 -70.00 0.00017055
25.00 -70.00 5.667e-05
30.00 -70.00 -8.37e-06
35.00 -70.00 -1.911e-05
40.00 -70.00 1.917e-05
45.00 -70.00 9.246e-05
50.00 -70.00 0.00018252
55.00 -70.00 0.00027282
60.00 -70.00 0.00035292
65.00 -70.00 0.00041931
70.00 -70.00 0.00047259
75.00 -70.00 0.00051288
80.00 -70.00 0.00053679
85.00 -70.00 0.0005385
90.00 -70.00 0.00051378
95.00 -70.00 0.00046533
100.00 -70.00 0.00040539
105.00 -70.00 0.00035412
110.00 -70.00 0.00033408
115.00 -70.00 0.00036321
120.00 -70.00 0.00044907
125.00 -70.00 0.00058713
130.00 -70.00 0.00076338
135.00 -70.00 0.00095976
140.00 -70.00 0.00116031
145.00 -70.00 0.00135402
150.00 -70.00 0.00153396
155.00 -70.00 0.00169317
160.00 -70.00 0.00182088
165.00 -70.00 0.00190182
170.00 -70.00 0.0019203
175.00 -70.00 0.00186642
180.00 -70.00 0.00174156
-180.00 -65.00 0.00137922
-175.00 -65.00 0.00128508
-170.00 -65.00 0.00116622
-165.00 -65.00 0.00103149
-160.00 -65.00 0.00088434
-155.00 -65.00 0.00073731
-150.00 -65.00 0.00061923
-145.00 -65.00 0.00056307
-140.00 -65.00 0.00058041
-135.00 -65.00 0.0006441
-130.00 -65.00 0.0006969
-125.00 -65.00 0.0006843
-120.00 -65.00 0.00059013
-115.00 -65.00 0.00044913
-110.00 -65.00 0.00032772
-105.00 -65.00 0.00028554
-100.00 -65.00 0.00034356
-95.00 -65.00 0.00047748
-90.00 -65.00 0.00063852
-85.00 -65.00 0.00078525
-80.00 -65.00 0.00090684
-75.00 -65.00 0.00102354
-70.00 -65.00 0.00116652
-65.00 -65.00 0.00135003
-60.00 -65.00 0.00155367
-55.00 -65.00 0.00172536
-50.00 -65.00 0.00180453
-45.00 -65.00 0.00175374
-40.00 -65.00 0.00158148
-35.00 -65.00 0.00134349
-30.00 -65.00 0.00111948
-25.00 -65.00 0.00097707
-20.00 -65.00 0.00094161
-15.00 -65.00 0.00098883
-10.00 -65.00 0.00106374
-5.00 -65.00 0.00111279
0.00 -65.00 0.00110928
5.00 -65.00 0.00105813
10.00 -65.00 0.00098205
15.00 -65.00 0.00090357
20.00 -65.00 0.00083631
25.00 -65.00 0.00078873
30.00 -65.00 0.00077061
35.00 -65.00 0.00079209
40.00 -65.00 0.00085323
45.00 -65.00 0.00093438
50.00 -65.00 0.00099771
55.00 -65.00 0.0010032
60.00 -65.00 0.00092886
65.00 -65.00 0.00078129
70.00 -65.00 0.00058962
75.00 -65.00 0.00038802
80.00 -65.00 0.00019992
85.00 -65.00 3.357e-05
90.00 -65.00 -0.00011091
95.00 -65.00 -0.00023106
100.00 -65.00 -0.00031677
105.00 -65.00 -0.0003519
110.00 -65.00 -0.00032025
115.00 -65.00 -0.00021252
120.00 -65.00 -3.234e-05
125.00 -65.00 0.00019989
130.00 -65.00 0.00044886
135.00 -65.00 0.00067506
140.00 -65.00 0.00085137
145.00 -65.00 0.00097581
150.00 -65.00 0.0010701
155.00 -65.00 0.00116196
160.00 -65.00 0.00126318
165.00 -65.00 0.00136008
170.00 -65.00 0.00142359
175.00 -65.00 0.00143064
180.00 -65.00 0.00137922
-180.00 -60.00 0.00121359
-175.00 -60.00 0.0012609
-170.00 -60.00 0.00138651
-165.00 -60.00 0.00152883
-160.00 -60.00 0.00157611
-155.00 -60.00 0.00146007
-150.00 -60.00 0.00122211
-145.00 -60.00 0.00098859
-140.00 -60.00 0.00087246
-135.00 -60.00 0.00088512
-130.00 -60.00 0.0009345
-125.00 -60.00 0.00090837
-120.00 -60.00 0.00077007
-115.00 -60.00 0.00058764
-110.00 -60.00 0.00047787
-105.00 -60.00 0.00051627
-100.00 -60.00 0.00068406
-95.00 -60.00 0.00088554
-90.00 -60.00 0.00101475
-85.00 -60.00 0.00102045
-80.00 -60.00 0.00092874
-75.00 -60.00 0.00081678
-70.00 -60.00 0.00076173
-65.00 -60.00 0.00079761
-60.00 -60.00 0.00090156
-55.00 -60.00 0.00101088
-50.00 -60.00 0.00105771
-45.00 -60.00 0.00100575
-40.00 -60.00 0.0008736
-35.00 -60.00 0.00073209
-30.00 -60.00 0.00066948
-25.00 -60.00 0.00073755
-20.00 -60.00 0.00091128
-15.00 -60.00 0.00109626
-10.00 -60.00 0.00118749
-5.00 -60.00 0.0011418
0.00 -60.00 0.00100737
5.00 -60.00 0.00088365
10.00 -60.00 0.00084057
15.00 -60.00 0.00086256
20.00 -60.00 0.00086451
25.00 -60.00 0.00076785
30.00 -60.00 0.00057366
35.00 -60.00 0.00037176
40.00 -60.00 0.00027783
45.00 -60.00 0.00034863
50.00 -60.00 0.00054096
55.00 -60.00 0.00074235
60.00 -60.00 0.00084381
65.00 -60.00 0.00079809
70.00 -60.00 0.00062676
75.00 -60.00 0.00038595
80.00 -60.00 0.00012906
85.00 -60.00 -0.0001053
90.00 -60.00 -0.00028626
95.00 -60.00 -0.00038742
100.00 -60.00 -0.00039876
105.00 -60.00 -0.00033723
110.00 -60.00 -0.00023544
115.00 -60.00 -0.00011274
120.00 -60.00 4.224e-05
125.00 -60.00 0.00025287
130.00 -60.00 0.00051414
135.00 -60.00 0.00077244
140.00 -60.00 0.00095484
145.00 -60.00 0.00102651
150.00 -60.00 0.00102228
155.00 -60.00 0.0010179
160.00 -60.00 0.00106416
165.00 -60.00 0.00114603
170.00 -60.00 0.00120768
175.00 -60.00 0.00121863
180.00 -60.00 0.00121359
-180.00 -55.00 0.00063021
-175.00 -55.00 0.00062751
-170.00 -55.00 0.00091263
-165.00 -55.00 0.00134607
-160.00 -55.00 0.00162402
-155.00 -55.00 0.00152883
-150.00 -55.00 0.00111549
-145.00 -55.00 0.00066186
-140.00 -55.00 0.00042933
-135.00 -55.00 0.00045561
-130.00 -55.00 0.00056346
-125.00 -55.00 0.00055953
-120.00 -55.00 0.00042372
-115.00 -55.00 0.00031455
-110.00 -55.00 0.00040425
-105.00 -55.00 0.00071091
-100.00 -55.00 0.00107655
-95.00 -55.00 0.00129372
-90.00 -55.00 0.00125997
-85.00 -55.00 0.00103794
-80.00 -55.00 0.00079167
-75.00 -55.00 0.00066498
-70.00 -55.00 0.0006969
-65.00 -55.00 0.00082566
-60.00 -55.00 0.00095751
-55.00 -55.00 0.00103293
-50.00 -55.00 0.00104241
-45.00 -55.00 0.00100308
-40.00 -55.00 0.00094149
-35.00 -55.00 0.0008994
-30.00 -55.00 0.00093159
-25.00 -55.00 0.00106278
-20.00 -55.00 0.00123105
-15.00 -55.00 0.00129045
-10.00 -55.00 0.00110919
-5.00 -55.00 0.00069999
0.00 -55.00 0.00025905
5.00 -55.00 4.626e-05
10.00 -55.00 0.00017925
15.00 -55.00 0.00051009
20.00 -55.00 0.00070608
25.00 -55.00 0.00048951
30.00 -55.00 -0.00014664
35.00 -55.00 -0.0009186
40.00 -55.00 -0.00144015
45.00 -55.00 -0.00147141
50.00 -55.00 -0.00104604
55.00 -55.00 -0.00040548
60.00 -55.00 0.00018027
65.00 -55.00 0.00055779
70.00 -55.00 0.00071223
75.00 -55.00 0.00069765
80.00 -55.00 0.00057384
85.00 -55.00 0.00040668
90.00 -55.00 0.00029313
95.00 -55.00 0.00033585
100.00 -55.00 0.00055806
105.00 -55.00 0.00084555
110.00 -55.00 0.00100647
115.00 -55.00 0.00092772
120.00 -55.00 0.00068832
125.00 -55.00 0.00050634
130.00 -55.00 0.00055086
135.00 -55.00 0.00079218
140.00 -55.00 0.00103548
145.00 -55.00 0.00110628
150.00 -55.00 0.00100554
155.00 -55.00 0.00088491
160.00 -55.00 0.00087438
165.00 -55.00 0.00094479
170.00 -55.00 0.00095061
175.00 -55.00 0.00081033
180.00 -55.00 0.00063021
-180.00 -50.00 0.00018864
-175.00 -50.00 -8.439e-05
-170.00 -50.00 9.123e-05
-165.00 -50.00 0.00056943
-160.00 -50.00 0.00089286
-155.00 -50.00 0.00072456
-150.00 -50.00 0.00016347
-145.00 -50.00 -0.00036021
-140.00 -50.00 -0.00049932
-135.00 -50.00 -0.00030264
-130.00 -50.00 -0.00011925
-125.00 -50.00 -0.00020355
-120.00 -50.00 -0.00043725
-115.00 -50.00 -0.00045282
-110.00 -50.00 -1.797e-05
-105.00 -50.00 0.00071643
-100.00 -50.00 0.00133515
-95.00 -50.00 0.0015063
-90.00 -50.00 0.00123639
-85.00 -50.00 0.00083919
-80.00 -50.00 0.00067956
-75.00 -50.00 0.00090861
-70.00 -50.00 0.00138306
-65.00 -50.00 0.00180996
-60.00 -50.00 0.00198468
-55.00 -50.00 0.00192045
-50.00 -50.00 0.00177132
-45.00 -50.00 0.00165123
-40.00 -50.00 0.00154542
-35.00 -50.00 0.0013914
-30.00 -50.00 0.00120297
-25.00 -50.00 0.00106602
-20.00 -50.00 0.00100332
-15.00 -50.00 0.00088479
-10.00 -50.00 0.00052878
-5.00 -50.00 -7.47e-05
0.00 -50.00 -0.00064992
5.00 -50.00 -0.00079656
10.00 -50.00 -0.00033426
15.00 -50.00 0.00046947
20.00 -50.00 0.00102801
25.00 -50.00 0.00085533
30.00 -50.00 -6.306e-05
35.00 -50.00 -0.00125409
40.00 -50.00 -0.00209556
45.00 -50.00 -0.0022242
50.00 -50.00 -0.0017106
55.00 -50.00 -0.00091701
60.00 -50.00 -0.00020094
65.00 -50.00 0.00028614
70.00 -50.00 0.00057723
75.00 -50.00 0.00073539
80.00 -50.00 0.00076572
85.00 -50.00 0.00068616
90.00 -50.00 0.00063825
95.00 -50.00 0.00084516
100.00 -50.00 0.00139044
105.00 -50.00 0.00203547
110.00 -50.00 0.00232371
115.00 -50.00 0.00195399
120.00 -50.00 0.0010887
125.00 -50.00 0.00026589
130.00 -50.00 -4.314e-05
135.00 -50.00 0.00017961
140.00 -50.00 0.00053634
145.00 -50.00 0.00062385
150.00 -50.00 0.00040554
155.00 -50.00 0.00019176
160.00 -50.00 0.00027321
165.00 -50.00 0.00059295
170.00 -50.00 0.00079836
175.00 -50.00 0.00062178
180.00 -50.00 0.00018864
-180.00 -45.00 0.00070896
-175.00 -45.00 0.00011442
-170.00 -45.00 -2.544e-05
-165.00 -45.00 0.00020505
-160.00 -45.00 0.00033261
-155.00 -45.00 2.871e-05
-150.00 -45.00 -0.00054585
-145.00 -45.00 -0.000909
-140.00 -45.00 -0.00076017
-135.00 -45.00 -0.0003117
-130.00 -45.00 -8.235e-05
-125.00 -45.00 -0.00033222
-120.00 -45.00 -0.00074787
-115.00 -45.00 -0.0007482
-110.00 -45.00 -8.931e-05
-105.00 -45.00 0.00087954
-100.00 -45.00 0.00154329
-95.00 -45.00 0.00155955
-90.00 -45.00 0.00110814
-85.00 -45.00 0.00070179
-80.00 -45.00 0.00077454
-75.00 -45.00 0.00136689
-70.00 -45.00 0.00211746
-65.00 -45.00 0.00255858
-60.00 -45.00 0.00248733
-55.00 -45.00 0.00209532
-50.00 -45.00 0.00173445
-45.00 -45.00 0.00155262
-40.00 -45.00 0.00138573
-35.00 -45.00 0.0010128
-30.00 -45.00 0.00046302
-25.00 -45.00 8.58e-06
-20.00 -45.00 -0.00014169
-15.00 -45.00 -8.883e-05
-10.00 -45.00 -0.00015318
-5.00 -45.00 -0.00053397
0.00 -45.00 -0.00105537
5.00 -45.00 -0.00126867
10.00 -45.00 -0.00086307
15.00 -45.00 -1.8e-05
20.00 -45.00 0.0006759
25.00 -45.00 0.00069852
30.00 -45.00 3.261e-05
35.00 -45.00 -0.00085416
40.00 -45.00 -0.00141405
45.00 -45.00 -0.00141474
50.00 -45.00 -0.00102573
55.00 -45.00 -0.0006018
60.00 -45.00 -0.00037722
65.00 -45.00 -0.00031533
70.00 -45.00 -0.00022668
75.00 -45.00 -2.202e-05
80.00 -45.00 0.0001827
85.00 -45.00 0.00024054
90.00 -45.00 0.00023052
95.00 -45.00 0.00046611
100.00 -45.00 0.00116481
105.00 -45.00 0.00208905
110.00 -45.00 0.00260082
115.00 -45.00 0.00220209
120.00 -45.00 0.00106473
125.00 -45.00 -4.575e-05
130.00 -45.00 -0.00044268
135.00 -45.00 -0.00011562
140.00 -45.00 0.00034461
145.00 -45.00 0.00037569
150.00 -45.00 -1.905e-05
155.00 -45.00 -0.00032262
160.00 -45.00 -6.084e-05
165.00 -45.00 0.0006825
170.00 -45.00 0.00131034
175.00 -45.00 0.00129624
180.00 -45.00 0.00070896
-180.00 -40.00 0.00126879
-175.00 -40.00 0.0005286
-170.00 -40.00 0.00018534
-165.00 -40.00 0.00016668
-160.00 -40.00 0.00011127
-155.00 -40.00 -0.00017079
-150.00 -40.00 -0.00053457
-145.00 -40.00 -0.00066381
-140.00 -40.00 -0.00038181
-135.00 -40.00 0.00011481
-130.00 -40.00 0.00038598
-125.00 -40.00 0.00022578
-120.00 -40.00 -5.61e-05
-115.00 -40.00 3.015e-05
-110.00 -40.00 0.00058272
-105.00 -40.00 0.00120396
-100.00 -40.00 0.0014382
-95.00 -40.00 0.00119799
-90.00 -40.00 0.00078345
-85.00 -40.00 0.00060093
-80.00 -40.00 0.00085929
-75.00 -40.00 0.00141738
-70.00 -40.00 0.0018684
-65.00 -40.00 0.00184761
-60.00 -40.00 0.00135237
-55.00 -40.00 0.00076218
-50.00 -40.00 0.00047418
-45.00 -40.00 0.00049308
-40.00 -40.00 0.00044259
-35.00 -40.00 2.205e-05
-30.00 -40.00 -0.00061869
-25.00 -40.00 -0.00102999
-20.00 -40.00 -0.00093645
-15.00 -40.00 -0.00049395
-10.00 -40.00 -0.00013056
-5.00 -40.00 -0.0001992
0.00 -40.00 -0.00070941
5.00 -40.00 -0.00130182
10.00 -40.00 -0.00154329
15.00 -40.00 -0.00133998
20.00 -40.00 -0.00101451
25.00 -40.00 -0.00091752
30.00 -40.00 -0.00105222
35.00 -40.00 -0.00115782
40.00 -40.00 -0.00105702
45.00 -40.00 -0.00080937
50.00 -40.00 -0.00059985
55.00 -40.00 -0.0005823
60.00 -40.00 -0.00077181
65.00 -40.00 -0.00099771
70.00 -40.00 -0.00101031
75.00 -40.00 -0.00071895
80.00 -40.00 -0.00030747
85.00 -40.00 -5.463e-05
90.00 -40.00 -2.586e-05
95.00 -40.00 4.044e-05
100.00 -40.00 0.00048396
105.00 -40.00 0.00128751
110.00 -40.00 0.00193596
115.00 -40.00 0.00187812
120.00 -40.00 0.00117195
125.00 -40.00 0.0005004
130.00 -40.00 0.00045336
135.00 -40.00 0.00092523
140.00 -40.00 0.00130671
145.00 -40.00 0.00115101
150.00 -40.00 0.0005832
155.00 -40.00 0.00016542
160.00 -40.00 0.00039351
165.00 -40.00 0.00119769
170.00 -40.00 0.00192147
175.00 -40.00 0.00193362
180.00 -40.00 0.00126879
-180.00 -35.00 0.00076995
-175.00 -35.00 0.00021762
-170.00 -35.00 -1.419e-05
-165.00 -35.00 -0.00011895
-160.00 -35.00 -0.00025104
-155.00 -35.00 -0.00032292
-150.00 -35.00 -0.00031839
-145.00 -35.00 -0.00035073
-140.00 -35.00 -0.00038547
-135.00 -35.00 -0.00026553
-130.00 -35.00 1.29e-05
-125.00 -35.00 0.00033927
-120.00 -35.00 0.00070389
-115.00 -35.00 0.00109269
-110.00 -35.00 0.0012942
-105.00 -35.00 0.00110115
-100.00 -35.00 0.00063144
-95.00 -35.00 0.0002346
-90.00 -35.00 0.0001461
-85.00 -35.00 0.00036141
-80.00 -35.00 0.00072366
-75.00 -35.00 0.00098598
-70.00 -35.00 0.00089343
-65.00 -35.00 0.00038649
-60.00 -35.00 -0.00026268
-55.00 -35.00 -0.00062196
-50.00 -35.00 -0.00049569
-45.00 -35.00 -0.00015474
-40.00 -35.00 -7.884e-05
-35.00 -35.00 -0.0004164
-30.00 -35.00 -0.00081147
-25.00 -35.00 -0.00085071
-20.00 -35.00 -0.00052224
-15.00 -35.00 -0.00010479
-10.00 -35.00 0.00017823
-5.00 -35.00 0.00018306
0.00 -35.00 -0.00023712
5.00 -35.00 -0.00103263
10.00 -35.00 -0.00183486
15.00 -35.00 -0.00230721
20.00 -35.00 -0.00247323
25.00 -35.00 -0.00248733
30.00 -35.00 -0.00231609
35.00 -35.00 -0.0019113
40.00 -35.00 -0.00146838
45.00 -35.00 -0.00121914
50.00 -35.00 -0.00113283
55.00 -35.00 -0.00104787
60.00 -35.00 -0.00092925
65.00 -35.00 -0.00080925
70.00 -35.00 -0.00063654
75.00 -35.00 -0.00034755
80.00 -35.00 1.062e-05
85.00 -35.00 0.00029874
90.00 -35.00 0.00037899
95.00 -35.00 0.00026136
100.00 -35.00 0.00021402
105.00 -35.00 0.00052986
110.00 -35.00 0.00108834
115.00 -35.00 0.00144033
120.00 -35.00 0.00145647
125.00 -35.00 0.00151887
130.00 -35.00 0.00188514
135.00 -35.00 0.00226785
140.00 -35.00 0.00227082
145.00 -35.00 0.00187341
150.00 -35.00 0.00130776
155.00 -35.00 0.00083247
160.00 -35.00 0.00072867
165.00 -35.00 0.00108219
170.00 -35.00 0.00147969
175.00 -35.00 0.00136761
180.00 -35.00 0.00076995
-180.00 -30.00 -3.732e-05
-175.00 -30.00 -0.00020322
-170.00 -30.00 -0.0001992
-165.00 -30.00 -0.00044442
-160.00 -30.00 -0.0008418
-155.00 -30.00 -0.00085566
-150.00 -30.00 -0.00055779
-145.00 -30.00 -0.00058902
-140.00 -30.00 -0.00108201
-135.00 -30.00 -0.00145425
-130.00 -30.00 -0.00122964
-125.00 -30.00 -0.00044973
-120.00 -30.00 0.00054147
-115.00 -30.00 0.00121842
-110.00 -30.00 0.00108372
-105.00 -30.00 0.00022245
-100.00 -30.00 -0.00062277
-95.00 -30.00 -0.00083223
-90.00 -30.00 -0.00046458
-85.00 -30.00 9.369e-05
-80.00 -30.00 0.00057771
-75.00 -30.00 0.00078354
-70.00 -30.00 0.00052695
-65.00 -30.00 -7.533e-05
-60.00 -30.00 -0.00055701
-55.00 -30.00 -0.00053949
-50.00 -30.00 -0.00013005
-45.00 -30.00 0.00018228
-40.00 -30.00 4.161e-05
-35.00 -30.00 -0.00034482
-30.00 -30.00 -0.00043275
-25.00 -30.00 -9.699e-05
-20.00 -30.00 0.00015096
-15.00 -30.00 -5.022e-05
-10.00 -30.00 -0.00035016
-5.00 -30.00 -0.00035148
0.00 -30.00 -0.0003597
5.00 -30.00 -0.00087012
10.00 -30.00 -0.00172119
15.00 -30.00 -0.00238287
20.00 -30.00 -0.00270159
25.00 -30.00 -0.00277569
30.00 -30.00 -0.00252828
35.00 -30.00 -0.00199506
40.00 -30.00 -0.00160206
45.00 -30.00 -0.00159678
50.00 -30.00 -0.00160086
55.00 -30.00 -0.00118047
60.00 -30.00 -0.0004638
65.00 -30.00 0.0001395
70.00 -30.00 0.000435
75.00 -30.00 0.00046149
80.00 -30.00 0.0003942
85.00 -30.00 0.00046656
90.00 -30.00 0.00065025
95.00 -30.00 0.00060375
100.00 -30.00 0.00028647
105.00 -30.00 0.000201
110.00 -30.00 0.00061539
115.00 -30.00 0.00112866
120.00 -30.00 0.00143769
125.00 -30.00 0.00179355
130.00 -30.00 0.00224718
135.00 -30.00 0.00230757
140.00 -30.00 0.0018231
145.00 -30.00 0.00130602
150.00 -30.00 0.00099492
155.00 -30.00 0.00056109
160.00 -30.00 2.766e-05
165.00 -30.00 -9.048e-05
170.00 -30.00 0.00019203
175.00 -30.00 0.00025257
180.00 -30.00 -3.729e-05
-180.00 -25.00 -0.0003807
-175.00 -25.00 -0.00039162
-170.00 -25.00 -0.00025914
-165.00 -25.00 -0.00069564
-160.00 -25.00 -0.00151668
-155.00 -25.00 -0.00175128
-150.00 -25.00 -0.00138372
-145.00 -25.00 -0.00132162
-140.00 -25.00 -0.00178017
-135.00 -25.00 -0.00209133
-130.00 -25.00 -0.0018417
-125.00 -25.00 -0.0011391
-120.00 -25.00 -0.00022752
-115.00 -25.00 0.0003813
-110.00 -25.00 8.235e-05
-105.00 -25.00 -0.000903
-100.00 -25.00 -0.00154494
-95.00 -25.00 -0.00132741
-90.00 -25.00 -0.00071358
-85.00 -25.00 -0.0001353
-80.00 -25.00 0.00047337
-75.00 -25.00 0.00099084
-70.00 -25.00 0.00098172
-65.00 -25.00 0.00048726
-60.00 -25.00 0.00014262
-55.00 -25.00 0.00031176
-50.00 -25.00 0.00063885
-45.00 -25.00 0.00055677
-40.00 -25.00 -3.165e-05
-35.00 -25.00 -0.0005823
-30.00 -25.00 -0.00046938
-25.00 -25.00 0.00011682
-20.00 -25.00 0.00020865
-15.00 -25.00 -0.00057651
-10.00 -25.00 -0.00132606
-5.00 -25.00 -0.00119877
0.00 -25.00 -0.00077157
5.00 -25.00 -0.00106392
10.00 -25.00 -0.00194898
15.00 -25.00 -0.00260346
20.00 -25.00 -0.00281649
25.00 -25.00 -0.00278628
30.00 -25.00 -0.00236982
35.00 -25.00 -0.00157455
40.00 -25.00 -0.00104259
45.00 -25.00 -0.00112272
50.00 -25.00 -0.00121326
55.00 -25.00 -0.00074175
60.00 -25.00 1.098e-05
65.00 -25.00 0.00054924
70.00 -25.00 0.00075645
75.00 -25.00 0.00061167
80.00 -25.00 0.00021402
85.00 -25.00 5.586e-05
90.00 -25.00 0.00037407
95.00 -25.00 0.00059904
100.00 -25.00 0.00034974
105.00 -25.00 0.0002328
110.00 -25.00 0.00069306
115.00 -25.00 0.00112251
120.00 -25.00 0.0010938
125.00 -25.00 0.00116904
130.00 -25.00 0.00154278
135.00 -25.00 0.00143301
140.00 -25.00 0.00069342
145.00 -25.00 0.00028332
150.00 -25.00 0.0003891
155.00 -25.00 1.158e-05
160.00 -25.00 -0.00095553
165.00 -25.00 -0.00131031
170.00 -25.00 -0.0007269
175.00 -25.00 -0.00027141
180.00 -25.00 -0.0003807
-180.00 -20.00 -0.00099525
-175.00 -20.00 -0.00129348
-170.00 -20.00 -0.00105993
-165.00 -20.00 -0.00130659
-160.00 -20.00 -0.0021012
-155.00 -20.00 -0.0024267
-150.00 -20.00 -0.00216036
-145.00 -20.00 -0.00198948
-140.00 -20.00 -0.00187629
-135.00 -20.00 -0.00143124
-130.00 -20.00 -0.00098301
-125.00 -20.00 -0.00085053
-120.00 -20.00 -0.0006504
-115.00 -20.00 -0.00034788
-110.00 -20.00 -0.00060747
-105.00 -20.00 -0.00136803
-100.00 -20.00 -0.00162417
-95.00 -20.00 -0.00111333
-90.00 -20.00 -0.00061866
-85.00 -20.00 -0.00037611
-80.00 -20.00 0.00015225
-75.00 -20.00 0.00084219
-70.00 -20.00 0.00089538
-65.00 -20.00 0.00033204
-60.00 -20.00 6.492e-05
-55.00 -20.00 0.00044031
-50.00 -20.00 0.00080676
-45.00 -20.00 0.00052371
-40.00 -20.00 -0.00030057
-35.00 -20.00 -0.00096342
-30.00 -20.00 -0.00082839
-25.00 -20.00 -0.00014424
-20.00 -20.00 1.419e-05
-15.00 -20.00 -0.00078522
-10.00 -20.00 -0.00152295
-5.00 -20.00 -0.00130569
0.00 -20.00 -0.00089439
5.00 -20.00 -0.00141744
10.00 -20.00 -0.00251025
15.00 -20.00 -0.00313488
20.00 -20.00 -0.00323796
25.00 -20.00 -0.00317019
30.00 -20.00 -0.00258393
35.00 -20.00 -0.00133344
40.00 -20.00 -0.00032352
45.00 -20.00 -0.00019557
50.00 -20.00 -0.00034449
55.00 -20.00 -0.00017223
60.00 -20.00 3.003e-05
65.00 -20.00 7.701e-05
70.00 -20.00 0.00026328
75.00 -20.00 0.00041889
80.00 -20.00 0.00014283
85.00 -20.00 -0.00011316
90.00 -20.00 0.00022185
95.00 -20.00 0.00059553
100.00 -20.00 0.00043986
105.00 -20.00 0.00044001
110.00 -20.00 0.00105276
115.00 -20.00 0.00131193
120.00 -20.00 0.00074013
125.00 -20.00 0.00047922
130.00 -20.00 0.00099636
135.00 -20.00 0.00104643
140.00 -20.00 0.00027411
145.00 -20.00 7.44e-05
150.00 -20.00 0.00066585
155.00 -20.00 0.00039486
160.00 -20.00 -0.00099042
165.00 -20.00 -0.00161829
170.00 -20.00 -0.00091275
175.00 -20.00 -0.00048516
180.00 -20.00 -0.00099525
-180.00 -15.00 -0.00196845
-175.00 -15.00 -0.00258942
-170.00 -15.00 -0.00221187
-165.00 -15.00 -0.00193755
-160.00 -15.00 -0.00214371
-155.00 -15.00 -0.0022125
-150.00 -15.00 -0.00214467
-145.00 -15.00 -0.00210993
-140.00 -15.00 -0.00149196
-135.00 -15.00 -0.00025353
-130.00 -15.00 0.00033918
-125.00 -15.00 -0.00018768
-120.00 -15.00 -0.00064155
-115.00 -15.00 -0.00042495
-110.00 -15.00 -0.00043272
-105.00 -15.00 -0.00094722
-100.00 -15.00 -0.00100731
-95.00 -15.00 -0.00041382
-90.00 -15.00 -9.252e-05
-85.00 -15.00 -0.00021027
-80.00 -15.00 -6.279e-05
-75.00 -15.00 0.00019896
-70.00 -15.00 -0.00022545
-65.00 -15.00 -0.00101187
-60.00 -15.00 -0.000984
-55.00 -15.00 -5.94e-06
-50.00 -15.00 0.00084084
-45.00 -15.00 0.00076299
-40.00 -15.00 -4.119e-05
-35.00 -15.00 -0.0008406
-30.00 -15.00 -0.00098259
-25.00 -15.00 -0.00050988
-20.00 -15.00 -0.00026118
-15.00 -15.00 -0.00074148
-10.00 -15.00 -0.00128049
-5.00 -15.00 -0.00120711
0.00 -15.00 -0.00110532
5.00 -15.00 -0.00170523
10.00 -15.00 -0.00247662
15.00 -15.00 -0.00268578
20.00 -15.00 -0.00272211
25.00 -15.00 -0.00295326
30.00 -15.00 -0.00259848
35.00 -15.00 -0.00121794
40.00 -15.00 0.00010881
45.00 -15.00 0.0004404
50.00 -15.00 0.00028236
55.00 -15.00 0.00021522
60.00 -15.00 -1.425e-05
65.00 -15.00 -0.00028977
70.00 -15.00 2.787e-05
75.00 -15.00 0.00062565
80.00 -15.00 0.00061551
85.00 -15.00 0.00030585
90.00 -15.00 0.00052803
95.00 -15.00 0.00085662
100.00 -15.00 0.00063822
105.00 -15.00 0.00056076
110.00 -15.00 0.00107763
115.00 -15.00 0.00109623
120.00 -15.00 0.00025569
125.00 -15.00 7.665e-05
130.00 -15.00 0.00098262
135.00 -15.00 0.00119967
140.00 -15.00 0.00028134
145.00 -15.00 0.00016035
150.00 -15.00 0.0012057
155.00 -15.00 0.00120357
160.00 -15.00 -0.00040602
165.00 -15.00 -0.00140199
170.00 -15.00 -0.00097083
175.00 -15.00 -0.00092751
180.00 -15.00 -0.00196845
-180.00 -10.00 -0.00195498
-175.00 -10.00 -0.00238353
-170.00 -10.00 -0.00201798
-165.00 -10.00 -0.0016482
-160.00 -10.00 -0.0015186
-155.00 -10.00 -0.0014175
-150.00 -10.00 -0.00160728
-145.00 -10.00 -0.00183471
-140.00 -10.00 -0.00106785
-135.00 -10.00 0.00040671
-130.00 -10.00 0.00081642
-125.00 -10.00 -0.00015351
-120.00 -10.00 -0.00077499
-115.00 -10.00 -0.00032679
-110.00 -10.00 -1.038e-05
-105.00 -10.00 -0.00033432
-100.00 -10.00 -0.00030108
-95.00 -10.00 0.00041199
-90.00 -10.00 0.00088791
-85.00 -10.00 0.00075447
-80.00 -10.00 0.00047301
-75.00 -10.00 -2.01e-06
-70.00 -10.00 -0.00099597
-65.00 -10.00 -0.0018369
-60.00 -10.00 -0.00145179
-55.00 -10.00 -2.289e-05
-50.00 -10.00 0.00116355
-45.00 -10.00 0.00126708
-40.00 -10.00 0.000498
-35.00 -10.00 -0.00043542
-30.00 -10.00 -0.00093081
-25.00 -10.00 -0.00090762
-20.00 -10.00 -0.00086154
-15.00 -10.00 -0.0011793
-10.00 -10.00 -0.00158376
-5.00 -10.00 -0.00171681
0.00 -10.00 -0.00176208
5.00 -10.00 -0.00185799
10.00 -10.00 -0.00164976
15.00 -10.00 -0.00119178
20.00 -10.00 -0.00128991
25.00 -10.00 -0.00203157
30.00 -10.00 -0.00218655
35.00 -10.00 -0.00110535
40.00 -10.00 0.00013179
45.00 -10.00 0.00047865
50.00 -10.00 0.00032982
55.00 -10.00 0.00026388
60.00 -10.00 8.49e-05
65.00 -10.00 -0.00011703
70.00 -10.00 0.00023967
75.00 -10.00 0.0008787
80.00 -10.00 0.00095451
85.00 -10.00 0.00070899
90.00 -10.00 0.00091563
95.00 -10.00 0.00119118
100.00 -10.00 0.00086037
105.00 -10.00 0.00045873
110.00 -10.00 0.00044961
115.00 -10.00 0.00010194
120.00 -10.00 -0.00060099
125.00 -10.00 -0.0002976
130.00 -10.00 0.00092253
135.00 -10.00 0.00105177
140.00 -10.00 -8.148e-05
145.00 -10.00 -0.00020565
150.00 -10.00 0.00104118
155.00 -10.00 0.00121269
160.00 -10.00 -0.00040956
165.00 -10.00 -0.00158766
170.00 -10.00 -0.00132381
175.00 -10.00 -0.00120477
180.00 -10.00 -0.00195498
-180.00 -5.00 -0.00089208
-175.00 -5.00 -0.00071937
-170.00 -5.00 -0.00059646
-165.00 -5.00 -0.00077331
-160.00 -5.00 -0.00099663
-155.00 -5.00 -0.00114501
-150.00 -5.00 -0.0015003
-145.00 -5.00 -0.00162321
-140.00 -5.00 -0.000714
-135.00 -5.00 0.00052272
-130.00 -5.00 0.0005181
-125.00 -5.00 -0.000525
-120.00 -5.00 -0.00092325
-115.00 -5.00 -0.0003384
-110.00 -5.00 1.38e-05
-105.00 -5.00 -0.00020985
-100.00 -5.00 -5.754e-05
-95.00 -5.00 0.00081813
-90.00 -5.00 0.00163725
-85.00 -5.00 0.00177921
-80.00 -5.00 0.00131094
-75.00 -5.00 0.00045144
-70.00 -5.00 -0.00053109
-65.00 -5.00 -0.00109329
-60.00 -5.00 -0.00078783
-55.00 -5.00 0.00016227
-50.00 -5.00 0.00097491
-45.00 -5.00 0.00103191
-40.00 -5.00 0.00043482
-35.00 -5.00 -0.0002109
-30.00 -5.00 -0.00055239
-25.00 -5.00 -0.00079977
-20.00 -5.00 -0.00120042
-15.00 -5.00 -0.00161043
-10.00 -5.00 -0.00183765
-5.00 -5.00 -0.00197562
0.00 -5.00 -0.0020409
5.00 -5.00 -0.00170805
10.00 -5.00 -0.00090291
15.00 -5.00 -0.00032784
20.00 -5.00 -0.00072234
25.00 -5.00 -0.00168279
30.00 -5.00 -0.00196764
35.00 -5.00 -0.00113802
40.00 -5.00 -0.00011553
45.00 -5.00 0.00020736
50.00 -5.00 4.815e-05
55.00 -5.00 -2.073e-05
60.00 -5.00 3.465e-05
65.00 -5.00 0.00011619
70.00 -5.00 0.00037539
75.00 -5.00 0.0007341
80.00 -5.00 0.00090012
85.00 -5.00 0.00101118
90.00 -5.00 0.0013251
95.00 -5.00 0.00147351
100.00 -5.00 0.0010347
105.00 -5.00 0.00031548
110.00 -5.00 -0.00034242
115.00 -5.00 -0.00103359
120.00 -5.00 -0.00134922
125.00 -5.00 -0.00058059
130.00 -5.00 0.0005427
135.00 -5.00 0.00047082
140.00 -5.00 -0.00039282
145.00 -5.00 -0.00019251
150.00 -5.00 0.00087615
155.00 -5.00 0.00067779
160.00 -5.00 -0.00104331
165.00 -5.00 -0.00219627
170.00 -5.00 -0.00184647
175.00 -5.00 -0.00115398
180.00 -5.00 -0.00089208
-180.00 0.00 -0.00036081
-175.00 0.00 0.00015234
-170.00 0.00 2.397e-05
-165.00 0.00 -0.0005952
-160.00 0.00 -0.00121755
-155.00 0.00 -0.00170034
-150.00 0.00 -0.00195456
-145.00 0.00 -0.00146166
-140.00 0.00 -0.00022887
-135.00 0.00 0.00058299
-130.00 0.00 0.00022176
-125.00 0.00 -0.00045312
-120.00 0.00 -0.00044565
-115.00 0.00 -0.00012738
-110.00 0.00 -0.00023925
-105.00 0.00 -0.00053475
-100.00 0.00 -0.00030792
-95.00 0.00 0.00055365
-90.00 0.00 0.0015186
-85.00 0.00 0.00190029
-80.00 0.00 0.00142752
-75.00 0.00 0.00061449
-70.00 0.00 0.00016722
-65.00 0.00 5.481e-05
-60.00 0.00 -0.00012795
-55.00 0.00 -0.00025671
-50.00 0.00 -9.645e-05
-45.00 0.00 1.137e-05
-40.00 0.00 -0.00012243
-35.00 0.00 -2.964e-05
-30.00 0.00 0.00030612
-25.00 0.00 8.055e-05
-20.00 0.00 -0.00081474
-15.00 0.00 -0.00138348
-10.00 0.00 -0.00124131
-5.00 0.00 -0.00112641
0.00 0.00 -0.00130125
5.00 0.00 -0.00115641
10.00 0.00 -0.00068874
15.00 0.00 -0.00073098
20.00 0.00 -0.00147375
25.00 0.00 -0.00208989
30.00 0.00 -0.00193029
35.00 0.00 -0.00116145
40.00 0.00 -0.00033378
45.00 0.00 7.479e-05
50.00 0.00 -4.338e-05
55.00 0.00 -0.00026583
60.00 0.00 -0.00011649
65.00 0.00 0.00029574
70.00 0.00 0.00056691
75.00 0.00 0.0007314
80.00 0.00 0.00111618
85.00 0.00 0.00163794
90.00 0.00 0.00184251
95.00 0.00 0.00156651
100.00 0.00 0.00104412
105.00 0.00 0.00039039
110.00 0.00 -0.00045342
115.00 0.00 -0.00115074
120.00 0.00 -0.00105759
125.00 0.00 -0.00028581
130.00 0.00 0.00012837
135.00 0.00 -0.00019665
140.00 0.00 -0.00021291
145.00 0.00 0.00072993
150.00 0.00 0.00140016
155.00 0.00 0.00043752
160.00 0.00 -0.00143265
165.00 0.00 -0.00244578
170.00 0.00 -0.00212469
175.00 0.00 -0.00122535
180.00 0.00 -0.00036081
-180.00 5.00 -0.00062241
-175.00 5.00 -0.00033585
-170.00 5.00 -0.00064506
-165.00 5.00 -0.00119715
-160.00 5.00 -0.00173652
-155.00 5.00 -0.00225102
-150.00 5.00 -0.00219135
-145.00 5.00 -0.00102882
-140.00 5.00 0.0003444
-135.00 5.00 0.00056688
-130.00 5.00 -3.81e-06
-125.00 5.00 -1.287e-05
-120.00 5.00 0.00045801
-115.00 5.00 0.00028245
-110.00 5.00 -0.00051774
-105.00 5.00 -0.00094989
-100.00 5.00 -0.00066885
-95.00 5.00 7.875e-05
-90.00 5.00 0.00105282
-85.00 5.00 0.00160764
-80.00 5.00 0.00112371
-75.00 5.00 0.00027006
-70.00 5.00 0.00013653
-65.00 5.00 0.00032208
-60.00 5.00 -0.00016488
-55.00 5.00 -0.00088236
-50.00 5.00 -0.00090807
-45.00 5.00 -0.00059391
-40.00 5.00 -0.00044262
-35.00 5.00 5.589e-05
-30.00 5.00 0.00081069
-25.00 5.00 0.00055329
-20.00 5.00 -0.00074172
-15.00 5.00 -0.00135426
-10.00 5.00 -0.00072453
-5.00 5.00 -0.00019785
0.00 5.00 -0.00036819
5.00 5.00 -0.00046647
10.00 5.00 -0.00048936
15.00 5.00 -0.00118404
20.00 5.00 -0.00212055
25.00 5.00 -0.00221763
30.00 5.00 -0.00162207
35.00 5.00 -0.00110451
40.00 5.00 -0.00062454
45.00 5.00 -6.171e-05
50.00 5.00 4.494e-05
55.00 5.00 -0.00029403
60.00 5.00 -0.00017163
65.00 5.00 0.00056955
70.00 5.00 0.0010779
75.00 5.00 0.00121587
80.00 5.00 0.00164961
85.00 5.00 0.00217842
90.00 5.00 0.00193965
95.00 5.00 0.00114477
100.00 5.00 0.0007314
105.00 5.00 0.00064491
110.00 5.00 0.00027522
115.00 5.00 3e-08
120.00 5.00 0.00041865
125.00 5.00 0.00076875
130.00 5.00 9.666e-05
135.00 5.00 -0.00070158
140.00 5.00 -0.00011565
145.00 5.00 0.00127473
150.00 5.00 0.0014685
155.00 5.00 4.653e-05
160.00 5.00 -0.0014808
165.00 5.00 -0.0020238
170.00 5.00 -0.00180954
175.00 5.00 -0.00126411
180.00 5.00 -0.00062241
-180.00 10.00 -0.00051309
-175.00 10.00 -0.00058065
-170.00 10.00 -0.00112632
-165.00 10.00 -0.00158841
-160.00 10.00 -0.00190149
-155.00 10.00 -0.00221094
-150.00 10.00 -0.001818
-145.00 10.00 -0.00038964
-140.00 10.00 0.00064836
-135.00 10.00 0.00017103
-130.00 10.00 -0.00049686
-125.00 10.00 0.00013458
-120.00 10.00 0.00099876
-115.00 10.00 0.0004911
-110.00 10.00 -0.00071289
-105.00 10.00 -0.00113934
-100.00 10.00 -0.00077949
-95.00 10.00 -8.997e-05
-90.00 10.00 0.00100275
-85.00 10.00 0.00188034
-80.00 10.00 0.00146748
-75.00 10.00 0.00029454
-70.00 10.00 -0.00016419
-65.00 10.00 -3.636e-05
-60.00 10.00 -0.00037221
-55.00 10.00 -0.00082575
-50.00 10.00 -0.00060582
-45.00 10.00 -0.00031068
-40.00 10.00 -0.00049032
-35.00 10.00 -0.00035625
-30.00 10.00 0.00018543
-25.00 10.00 -0.00021594
-20.00 10.00 -0.0015786
-15.00 10.00 -0.00203085
-10.00 10.00 -0.00107289
-5.00 10.00 -0.00025359
0.00 10.00 -0.00015768
5.00 10.00 1.695e-05
10.00 10.00 3.699e-05
15.00 10.00 -0.00091317
20.00 10.00 -0.00197352
25.00 10.00 -0.0018516
30.00 10.00 -0.00121386
35.00 10.00 -0.00119481
40.00 10.00 -0.00120663
45.00 10.00 -0.00055407
50.00 10.00 -0.0001209
55.00 10.00 -0.00044409
60.00 10.00 -0.00041616
65.00 10.00 0.00053439
70.00 10.00 0.00136572
75.00 10.00 0.00153426
80.00 10.00 0.00170502
85.00 10.00 0.00186297
90.00 10.00 0.00125739
95.00 10.00 0.00032451
100.00 10.00 0.00021276
105.00 10.00 0.00070971
110.00 10.00 0.0009198
115.00 10.00 0.0011535
120.00 10.00 0.00186426
125.00 10.00 0.0019785
130.00 10.00 0.00068055
135.00 10.00 -0.00058122
140.00 10.00 -0.00026982
145.00 10.00 0.00058209
150.00 10.00 0.00019923
155.00 10.00 -0.001017
160.00 10.00 -0.00157563
165.00 10.00 -0.00136698
170.00 10.00 -0.00111564
175.00 10.00 -0.00085467
180.00 10.00 -0.00051309
-180.00 15.00 -0.00011769
-175.00 15.00 -0.00019452
-170.00 15.00 -0.0009306
-165.00 15.00 -0.00156069
-160.00 15.00 -0.00181284
-155.00 15.00 -0.00181923
-150.00 15.00 -0.00114594
-145.00 15.00 0.00013314
-140.00 15.00 0.00056382
-135.00 15.00 -0.00041841
-130.00 15.00 -0.00101874
-125.00 15.00 1.329e-05
-120.00 15.00 0.00112329
-115.00 15.00 0.00069399
-110.00 15.00 -0.00035001
-105.00 15.00 -0.00062289
-100.00 15.00 -0.0003918
-95.00 15.00 -1.011e-05
-90.00 15.00 0.00102993
-85.00 15.00 0.00226008
-80.00 15.00 0.00220167
-75.00 15.00 0.00090522
-70.00 15.00 -7.035e-05
-65.00 15.00 -0.00025164
-60.00 15.00 -0.00032856
-55.00 15.00 -0.00029148
-50.00 15.00 0.00010146
-45.00 15.00 0.00013815
-40.00 15.00 -0.00049932
-35.00 15.00 -0.00083907
-30.00 15.00 -0.00062349
-25.00 15.00 -0.00097944
-20.00 15.00 -0.0019677
-15.00 15.00 -0.00214461
-10.00 15.00 -0.00127917
-5.00 15.00 -0.00063375
0.00 15.00 -0.00039564
5.00 15.00 0.00016071
10.00 15.00 0.00041841
15.00 15.00 -0.00055131
20.00 15.00 -0.001641
25.00 15.00 -0.00141231
30.00 15.00 -0.00074652
35.00 15.00 -0.00099186
40.00 15.00 -0.00135855
45.00 15.00 -0.00079308
50.00 15.00 -0.00024165
55.00 15.00 -0.00062688
60.00 15.00 -0.00087624
65.00 15.00 -2.493e-05
70.00 15.00 0.00100185
75.00 15.00 0.00125202
80.00 15.00 0.00113754
85.00 15.00 0.00098967
90.00 15.00 0.00046083
95.00 15.00 -0.0001497
100.00 15.00 -8.649e-05
105.00 15.00 0.00038142
110.00 15.00 0.00059634
115.00 15.00 0.00096627
120.00 15.00 0.00187869
125.00 15.00 0.00230706
130.00 15.00 0.00144027
135.00 15.00 0.00030009
140.00 15.00 -6.876e-05
145.00 15.00 -0.00034065
150.00 15.00 -0.00118062
155.00 15.00 -0.0017025
160.00 15.00 -0.00123309
165.00 15.00 -0.00064686
170.00 15.00 -0.00061368
175.00 15.00 -0.00051954
180.00 15.00 -0.00011769
-180.00 20.00 -0.0003576
-175.00 20.00 -0.00024531
-170.00 20.00 -0.00092541
-165.00 20.00 -0.00164796
-160.00 20.00 -0.00180918
-155.00 20.00 -0.00142599
-150.00 20.00 -0.0005178
-145.00 20.00 0.00045063
-140.00 20.00 0.00038808
-135.00 20.00 -0.00068841
-130.00 20.00 -0.00108048
-125.00 20.00 2.916e-05
-120.00 20.00 0.00119478
-115.00 20.00 0.00119448
-110.00 20.00 0.00078093
-105.00 20.00 0.0007278
-100.00 20.00 0.00051315
-95.00 20.00 9.456e-05
-90.00 20.00 0.00051855
-85.00 20.00 0.00174801
-80.00 20.00 0.00224691
-75.00 20.00 0.00143877
-70.00 20.00 0.00041982
-65.00 20.00 -1.983e-05
-60.00 20.00 -9.033e-05
-55.00 20.00 7.62e-05
-50.00 20.00 0.00040812
-45.00 20.00 0.00036012
-40.00 20.00 -0.00020151
-35.00 20.00 -0.00055893
-30.00 20.00 -0.00052425
-25.00 20.00 -0.0007848
-20.00 20.00 -0.00130251
-15.00 20.00 -0.00123879
-10.00 20.00 -0.00070983
-5.00 20.00 -0.00054549
0.00 20.00 -0.00051093
5.00 20.00 6.21e-06
10.00 20.00 0.00024363
15.00 20.00 -0.00059919
20.00 20.00 -0.0013674
25.00 20.00 -0.00077121
30.00 20.00 0.00020088
35.00 20.00 0.00012486
40.00 20.00 -0.00030006
45.00 20.00 7.173e-05
50.00 20.00 0.00047313
55.00 20.00 -0.00012165
60.00 20.00 -0.00082176
65.00 20.00 -0.00042165
70.00 20.00 0.00050397
75.00 20.00 0.000822
80.00 20.00 0.0006027
85.00 20.00 0.00041028
90.00 20.00 0.00027456
95.00 20.00 0.00016377
100.00 20.00 0.00020973
105.00 20.00 0.00019002
110.00 20.00 -6.651e-05
115.00 20.00 -1.782e-05
120.00 20.00 0.00072099
125.00 20.00 0.00147423
130.00 20.00 0.00150564
135.00 20.00 0.00100539
140.00 20.00 0.00027402
145.00 20.00 -0.000765
150.00 20.00 -0.00156897
155.00 20.00 -0.0011652
160.00 20.00 2.856e-05
165.00 20.00 0.00040878
170.00 20.00 -0.00030093
175.00 20.00 -0.0007272
180.00 20.00 -0.0003576
-180.00 25.00 -0.00069696
-175.00 25.00 -0.00059799
-170.00 25.00 -0.00115101
-165.00 25.00 -0.00181872
-160.00 25.00 -0.00186108
-155.00 25.00 -0.00118686
-150.00 25.00 -0.00013329
-145.00 25.00 0.00064734
-140.00 25.00 0.00047886
-135.00 25.00 -0.00034884
-130.00 25.00 -0.00062004
-125.00 25.00 0.0001122
-120.00 25.00 0.00095181
-115.00 25.00 0.00129972
-110.00 25.00 0.00158751
-105.00 25.00 0.00184635
-100.00 25.00 0.00132282
-95.00 25.00 0.00018432
-90.00 25.00 -0.00018993
-85.00 25.00 0.00068532
-80.00 25.00 0.0016362
-75.00 25.00 0.00168369
-70.00 25.00 0.00116562
-65.00 25.00 0.00070635
-60.00 25.00 0.00043368
-55.00 25.00 0.00037434
-50.00 25.00 0.00053097
-45.00 25.00 0.00060996
-40.00 25.00 0.00039888
-35.00 25.00 5.469e-05
-30.00 25.00 -0.00036216
-25.00 25.00 -0.00091239
-20.00 25.00 -0.001212
-15.00 25.00 -0.00085743
-10.00 25.00 -0.00032328
-5.00 25.00 -0.00027477
0.00 25.00 -0.00038697
5.00 25.00 -0.00014949
10.00 25.00 -8.298e-05
15.00 25.00 -0.00063684
20.00 25.00 -0.0008814
25.00 25.00 4.23e-06
30.00 25.00 0.0010725
35.00 25.00 0.00117309
40.00 25.00 0.00091125
45.00 25.00 0.00127026
50.00 25.00 0.00162696
55.00 25.00 0.00098694
60.00 25.00 -2.349e-05
65.00 25.00 -0.00017028
70.00 25.00 0.00039072
75.00 25.00 0.00064371
80.00 25.00 0.00040476
85.00 25.00 0.00026586
90.00 25.00 0.00049866
95.00 25.00 0.00086799
100.00 25.00 0.00105783
105.00 25.00 0.00085701
110.00 25.00 0.00034683
115.00 25.00 -1.245e-05
120.00 25.00 0.00013467
125.00 25.00 0.00061605
130.00 25.00 0.0010137
135.00 25.00 0.00095643
140.00 25.00 0.00013776
145.00 25.00 -0.00115965
150.00 25.00 -0.00168183
155.00 25.00 -0.00054183
160.00 25.00 0.00115506
165.00 25.00 0.00145935
170.00 25.00 0.00027186
175.00 25.00 -0.00071535
180.00 25.00 -0.00069696
-180.00 30.00 -0.00014349
-175.00 30.00 -0.00027249
-170.00 30.00 -0.00088401
-165.00 30.00 -0.00162294
-160.00 30.00 -0.00178014
-155.00 30.00 -0.00113814
-150.00 30.00 -5.304e-05
-145.00 30.00 0.000831
-140.00 30.00 0.00101169
-135.00 30.00 0.00062181
-130.00 30.00 0.00026184
-125.00 30.00 0.00019275
-120.00 30.00 0.00021381
-115.00 30.00 0.00038049
-110.00 30.00 0.00096528
-105.00 30.00 0.00155943
-100.00 30.00 0.00128376
-95.00 30.00 0.00021456
-90.00 30.00 -0.00043704
-85.00 30.00 6.165e-05
-80.00 30.00 0.00109884
-75.00 30.00 0.00175392
-70.00 30.00 0.00181857
-65.00 30.00 0.00153423
-60.00 30.00 0.00111033
-55.00 30.00 0.00077058
-50.00 30.00 0.00070653
-45.00 30.00 0.00079533
-40.00 30.00 0.00066237
-35.00 30.00 3.627e-05
-30.00 30.00 -0.0010155
-25.00 30.00 -0.00198354
-20.00 30.00 -0.00215469
-15.00 30.00 -0.00138138
-10.00 30.00 -0.0004236
-5.00 30.00 -2.595e-05
0.00 30.00 -2.952e-05
5.00 30.00 1.836e-05
10.00 30.00 -3.75e-06
15.00 30.00 -0.00025506
20.00 30.00 -0.00025638
25.00 30.00 0.00029589
30.00 30.00 0.00077823
35.00 30.00 0.00069132
40.00 30.00 0.00065364
45.00 30.00 0.00127902
50.00 30.00 0.00189384
55.00 30.00 0.0015534
60.00 30.00 0.00063306
65.00 30.00 0.00022446
70.00 30.00 0.00048009
75.00 30.00 0.00065481
80.00 30.00 0.00044085
85.00 30.00 0.0003066
90.00 30.00 0.00064698
95.00 30.00 0.00128346
100.00 30.00 0.0017859
105.00 30.00 0.00189072
110.00 30.00 0.00161121
115.00 30.00 0.00116496
120.00 30.00 0.00084768
125.00 30.00 0.00088398
130.00 30.00 0.0011967
135.00 30.00 0.00121824
140.00 30.00 0.00031218
145.00 30.00 -0.00119928
150.00 30.00 -0.00187971
155.00 30.00 -0.00080823
160.00 30.00 0.00098901
165.00 30.00 0.00168636
170.00 30.00 0.00096648
175.00 30.00 9.15e-05
180.00 30.00 -0.00014349
-180.00 35.00 0.0007074
-175.00 35.00 0.00041655
-170.00 35.00 -0.00022635
-165.00 35.00 -0.00099078
-160.00 35.00 -0.00132021
-155.00 35.00 -0.00091185
-150.00 35.00 6.018e-05
-145.00 35.00 0.0011064
-140.00 35.00 0.00174684
-135.00 35.00 0.00179313
-130.00 35.00 0.00133788
-125.00 35.00 0.00055587
-120.00 35.00 -0.00026694
-115.00 35.00 -0.0006327
-110.00 35.00 -0.00023298
-105.00 35.00 0.00050313
-100.00 35.00 0.00075453
-95.00 35.00 0.00032961
-90.00 35.00 -0.0001053
-85.00 35.00 6.729e-05
-80.00 35.00 0.00073236
-75.00 35.00 0.0013869
-70.00 35.00 0.00171723
-65.00 35.00 0.00166674
-60.00 35.00 0.00131319
-55.00 35.00 0.00088677
-50.00 35.00 0.00065973
-45.00 35.00 0.00063747
-40.00 35.00 0.0004728
-35.00 35.00 -0.00018888
-30.00 35.00 -0.00125082
-25.00 35.00 -0.00207579
-20.00 35.00 -0.00200616
-15.00 35.00 -0.00109107
-10.00 35.00 -0.0001146
-5.00 35.00 0.00027183
0.00 35.00 0.00019683
5.00 35.00 0.00014163
10.00 35.00 0.00023889
15.00 35.00 0.00034014
20.00 35.00 0.00039186
25.00 35.00 0.0003276
30.00 35.00 -2.49e-05
35.00 35.00 -0.0004893
40.00 35.00 -0.00043383
45.00 35.00 0.00035982
50.00 35.00 0.00114696
55.00 35.00 0.00112848
60.00 35.00 0.00054981
65.00 35.00 0.00027606
70.00 35.00 0.00055485
75.00 35.00 0.00085095
80.00 35.00 0.0007782
85.00 35.00 0.00058755
90.00 35.00 0.00068229
95.00 35.00 0.00109212
100.00 35.00 0.00155436
105.00 35.00 0.00183909
110.00 35.00 0.00186441
115.00 35.00 0.00168369
120.00 35.00 0.00152502
125.00 35.00 0.00170397
130.00 35.00 0.00221709
135.00 35.00 0.0024402
140.00 35.00 0.00164142
145.00 35.00 2.337e-05
150.00 35.00 -0.00114081
155.00 35.00 -0.00085098
160.00 35.00 0.00041295
165.00 35.00 0.00132843
170.00 35.00 0.0013308
175.00 35.00 0.00095157
180.00 35.00 0.0007074
-180.00 40.00 0.00093552
-175.00 40.00 0.00065277
-170.00 40.00 0.00032628
-165.00 40.00 -2.625e-05
-160.00 40.00 -0.00019986
-155.00 40.00 -5.58e-06
-150.00 40.00 0.00055968
-145.00 40.00 0.00129891
-140.00 40.00 0.00191292
-135.00 40.00 0.00212862
-130.00 40.00 0.00179508
-125.00 40.00 0.00096849
-120.00 40.00 -3.06e-06
-115.00 40.00 -0.00057534
-110.00 40.00 -0.0004131
-105.00 40.00 0.00025125
-100.00 40.00 0.00081744
-95.00 40.00 0.00091866
-90.00 40.00 0.00070047
-85.00 40.00 0.00051795
-80.00 40.00 0.00055293
-75.00 40.00 0.000765
-70.00 40.00 0.00101445
-65.00 40.00 0.00113049
-60.00 40.00 0.00099933
-55.00 40.00 0.0006954
-50.00 40.00 0.00044676
-45.00 40.00 0.00038601
-40.00 40.00 0.0003846
-35.00 40.00 0.00021726
-30.00 40.00 -0.00011382
-25.00 40.00 -0.00031038
-20.00 40.00 -0.00012375
-15.00 40.00 0.0002664
-10.00 40.00 0.00038085
-5.00 40.00 1.554e-05
0.00 40.00 -0.00046143
5.00 40.00 -0.00050817
10.00 40.00 6.51e-06
15.00 40.00 0.00071601
20.00 40.00 0.00111525
25.00 40.00 0.00090978
30.00 40.00 0.00020892
35.00 40.00 -0.00046194
40.00 40.00 -0.0005352
45.00 40.00 -1.29e-06
50.00 40.00 0.00052038
55.00 40.00 0.00051558
60.00 40.00 0.00020811
65.00 40.00 0.00021123
70.00 40.00 0.00069696
75.00 40.00 0.00122571
80.00 40.00 0.00135111
85.00 40.00 0.00109089
90.00 40.00 0.00075411
95.00 40.00 0.0005523
100.00 40.00 0.00049983
105.00 40.00 0.00054144
110.00 40.00 0.00063705
115.00 40.00 0.00079509
120.00 40.00 0.00112572
125.00 40.00 0.0017703
130.00 40.00 0.00260856
135.00 40.00 0.00309387
140.00 40.00 0.00266709
145.00 40.00 0.00146625
150.00 40.00 0.00039636
155.00 40.00 0.00025551
160.00 40.00 0.00090717
165.00 40.00 0.0015378
170.00 40.00 0.00161247
175.00 40.00 0.00128613
180.00 40.00 0.00093552
-180.00 45.00 0.00094863
-175.00 45.00 0.00074013
-170.00 45.00 0.00088767
-165.00 45.00 0.0011499
-160.00 45.00 0.0013029
-155.00 45.00 0.00127662
-150.00 45.00 0.00115407
-145.00 45.00 0.00107262
-140.00 45.00 0.00109935
-135.00 45.00 0.0011625
-130.00 45.00 0.0010965
-125.00 45.00 0.00079395
-120.00 45.00 0.00035814
-115.00 45.00 8.643e-05
-110.00 45.00 0.00023559
-105.00 45.00 0.0007725
-100.00 45.00 0.00137922
-95.00 45.00 0.00171198
-90.00 45.00 0.00164493
-85.00 45.00 0.00130188
-80.00 45.00 0.00092841
-75.00 45.00 0.00073353
-70.00 45.00 0.00076593
-65.00 45.00 0.00088389
-60.00 45.00 0.00087861
-55.00 45.00 0.00067329
-50.00 45.00 0.00039669
-45.00 45.00 0.00024843
-40.00 45.00 0.00031419
-35.00 45.00 0.00053037
-30.00 45.00 0.00078921
-25.00 45.00 0.00100377
-20.00 45.00 0.00104847
-15.00 45.00 0.00072747
-10.00 45.00 -5.739e-05
-5.00 45.00 -0.00106302
0.00 45.00 -0.0017286
5.00 45.00 -0.00157083
10.00 45.00 -0.00060399
15.00 45.00 0.00063252
20.00 45.00 0.0014592
25.00 45.00 0.00151917
30.00 45.00 0.00098649
35.00 45.00 0.00039108
40.00 45.00 0.00016983
45.00 45.00 0.00030546
50.00 45.00 0.00042822
55.00 45.00 0.0003018
60.00 45.00 0.00012747
65.00 45.00 0.00028683
70.00 45.00 0.00085245
75.00 45.00 0.00147348
80.00 45.00 0.00172872
85.00 45.00 0.00148563
90.00 45.00 0.00091512
95.00 45.00 0.00028515
100.00 45.00 -0.00019092
105.00 45.00 -0.00038904
110.00 45.00 -0.00027741
115.00 45.00 9.579e-05
120.00 45.00 0.00064944
125.00 45.00 0.00128589
130.00 45.00 0.00183072
135.00 45.00 0.00202905
140.00 45.00 0.00174924
145.00 45.00 0.00122949
150.00 45.00 0.00098436
155.00 45.00 0.0013251
160.00 45.00 0.00199752
165.00 45.00 0.00240282
170.00 45.00 0.0021858
175.00 45.00 0.00153906
180.00 45.00 0.00094863
-180.00 50.00 0.00119958
-175.00 50.00 0.00106299
-170.00 50.00 0.00142755
-165.00 50.00 0.00195003
-160.00 50.00 0.00220572
-155.00 50.00 0.00197436
-150.00 50.00 0.0013566
-145.00 50.00 0.00067293
-140.00 50.00 0.00023601
-135.00 50.00 0.00015513
-130.00 50.00 0.0003009
-125.00 50.00 0.00044391
-120.00 50.00 0.00045474
-115.00 50.00 0.000402
-110.00 50.00 0.00046974
-105.00 50.00 0.00077424
-100.00 50.00 0.00124632
-95.00 50.00 0.00167361
-90.00 50.00 0.00185415
-85.00 50.00 0.00173553
-80.00 50.00 0.00144222
-75.00 50.00 0.00117495
-70.00 50.00 0.00105378
-65.00 50.00 0.0010287
-60.00 50.00 0.00093834
-55.00 50.00 0.0006675
-50.00 50.00 0.00025893
-45.00 50.00 -0.00011679
-40.00 50.00 -0.000291
-35.00 50.00 -0.00020832
-30.00 50.00 4.518e-05
-25.00 50.00 0.00027849
-20.00 50.00 0.00026604
-15.00 50.00 -0.00014361
-10.00 50.00 -0.00089637
-5.00 50.00 -0.00167838
0.00 50.00 -0.00205065
5.00 50.00 -0.00173538
10.00 50.00 -0.00083904
15.00 50.00 0.00019152
20.00 50.00 0.00086589
25.00 50.00 0.00097152
30.00 50.00 0.00067653
35.00 50.00 0.00034644
40.00 50.00 0.00023298
45.00 50.00 0.00030156
50.00 50.00 0.00034764
55.00 50.00 0.00027141
60.00 50.00 0.00021156
65.00 50.00 0.0003924
70.00 50.00 0.00086151
75.00 50.00 0.00140589
80.00 50.00 0.00171684
85.00 50.00 0.00161643
90.00 50.00 0.00115194
95.00 50.00 0.00054027
100.00 50.00 5.175e-05
105.00 50.00 -0.00010374
110.00 50.00 0.00013218
115.00 50.00 0.00063384
120.00 50.00 0.00114861
125.00 50.00 0.00141795
130.00 50.00 0.00129747
135.00 50.00 0.00083661
140.00 50.00 0.0002982
145.00 50.00 6.951e-05
150.00 50.00 0.00043521
155.00 50.00 0.00132753
160.00 50.00 0.00229038
165.00 50.00 0.00276981
170.00 50.00 0.00252861
175.00 50.00 0.00182523
180.00 50.00 0.00119961
-180.00 55.00 0.0011634
-175.00 55.00 0.00108885
-170.00 55.00 0.00137529
-165.00 55.00 0.00177363
-160.00 55.00 0.00196113
-155.00 55.00 0.00176838
-150.00 55.00 0.0012849
-145.00 55.00 0.00078273
-140.00 55.00 0.00052362
-135.00 55.00 0.00058629
-130.00 55.00 0.0008289
-125.00 55.00 0.00100395
-120.00 55.00 0.00093912
-115.00 55.00 0.00065475
-110.00 55.00 0.00033834
-105.00 55.00 0.00020319
-100.00 55.00 0.00033918
-95.00 55.00 0.00066135
-90.00 55.00 0.00098271
-85.00 55.00 0.0011466
-80.00 55.00 0.00111795
-75.00 55.00 0.00097242
-70.00 55.00 0.00080571
-65.00 55.00 0.00064662
-60.00 55.00 0.00044553
-55.00 55.00 0.00013995
-50.00 55.00 -0.00026781
-45.00 55.00 -0.0006879
-40.00 55.00 -0.00099015
-35.00 55.00 -0.00108183
-30.00 55.00 -0.0009642
-25.00 55.00 -0.00073749
-20.00 55.00 -0.00055155
-15.00 55.00 -0.00052182
-10.00 55.00 -0.00065409
-5.00 55.00 -0.00083181
0.00 55.00 -0.00089181
5.00 55.00 -0.00074643
10.00 55.00 -0.00045828
15.00 55.00 -0.0001986
20.00 55.00 -0.00011406
25.00 55.00 -0.00020898
30.00 55.00 -0.00034398
35.00 55.00 -0.00035451
40.00 55.00 -0.00018975
45.00 55.00 5.106e-05
50.00 55.00 0.00021945
55.00 55.00 0.00026286
60.00 55.00 0.00027813
65.00 55.00 0.0004218
70.00 55.00 0.00076149
75.00 55.00 0.00120084
80.00 55.00 0.00153498
85.00 55.00 0.00158397
90.00 55.00 0.00130767
95.00 55.00 0.00083928
100.00 55.00 0.00042726
105.00 55.00 0.00031224
110.00 55.00 0.00059421
115.00 55.00 0.00116079
120.00 55.00 0.00172869
125.00 55.00 0.00198891
130.00 55.00 0.00178131
135.00 55.00 0.00120099
140.00 55.00 0.00056829
145.00 55.00 0.00026013
150.00 55.00 0.00048402
155.00 55.00 0.0011325
160.00 55.00 0.00183453
165.00 55.00 0.00219261
170.00 55.00 0.00204861
175.00 55.00 0.00158133
180.00 55.00 0.0011634
-180.00 60.00 0.00071586
-175.00 60.00 0.00069267
-170.00 60.00 0.00085572
-165.00 60.00 0.00109419
-160.00 60.00 0.00127407
-155.00 60.00 0.00133677
-150.00 60.00 0.00133725
-145.00 60.00 0.00139437
-140.00 60.00 0.00158991
-135.00 60.00 0.00188961
-130.00 60.00 0.00214434
-125.00 60.00 0.00217458
-120.00 60.00 0.00188403
-115.00 60.00 0.00132825
-110.00 60.00 0.00069237
-105.00 60.00 0.00019182
-100.00 60.00 -4.116e-05
-95.00 60.00 -1.602e-05
-90.00 60.00 0.00014301
-85.00 60.00 0.00028293
-80.00 60.00 0.00030729
-75.00 60.00 0.00020898
-70.00 60.00 4.188e-05
-65.00 60.00 -0.00013494
-60.00 60.00 -0.00029544
-55.00 60.00 -0.00044514
-50.00 60.00 -0.00059223
-45.00 60.00 -0.00072117
-40.00 60.00 -0.00079065
-35.00 60.00 -0.00075579
-30.00 60.00 -0.00059823
-25.00 60.00 -0.00034395
-20.00 60.00 -5.76e-05
-15.00 60.00 0.00018498
-10.00 60.00 0.00032937
-5.00 60.00 0.00036036
0.00 60.00 0.00029511
5.00 60.00 0.00016107
10.00 60.00 -1.851e-05
15.00 60.00 -0.00021846
20.00 60.00 -0.00039468
25.00 60.00 -0.00048261
30.00 60.00 -0.00042651
35.00 60.00 -0.00022458
40.00 60.00 4.995e-05
45.00 60.00 0.00028029
50.00 60.00 0.00037956
55.00 60.00 0.0003549
60.00 60.00 0.00031059
65.00 60.00 0.00037971
70.00 60.00 0.00062841
75.00 60.00 0.00099852
80.00 60.00 0.00132831
85.00 60.00 0.00144039
90.00 60.00 0.00124641
95.00 60.00 0.00080943
100.00 60.00 0.00032766
105.00 60.00 4.347e-05
110.00 60.00 0.00012072
115.00 60.00 0.00055623
120.00 60.00 0.00117729
125.00 60.00 0.00173034
130.00 60.00 0.00201399
135.00 60.00 0.00197961
140.00 60.00 0.00174165
145.00 60.00 0.0014925
150.00 60.00 0.00137622
155.00 60.00 0.00140325
160.00 60.00 0.0014616
165.00 60.00 0.0014142
170.00 60.00 0.0012099
175.00 60.00 0.00092667
180.00 60.00 0.00071586
-180.00 65.00 0.00065934
-175.00 65.00 0.0007131
-170.00 65.00 0.00084114
-165.00 65.00 0.00100722
-160.00 65.00 0.00118116
-155.00 65.00 0.00135987
-150.00 65.00 0.00156636
-145.00 65.00 0.00182409
-140.00 65.00 0.00212289
-135.00 65.00 0.00240192
-130.00 65.00 0.00256554
-125.00 65.00 0.00252753
-120.00 65.00 0.0022596
-115.00 65.00 0.00181428
-110.00 65.00 0.00130701
-105.00 65.00 0.00086514
-100.00 65.00 0.00057186
-95.00 65.00 0.00043536
-90.00 65.00 0.00039813
-85.00 65.00 0.00037758
-80.00 65.00 0.00031242
-75.00 65.00 0.00018918
-70.00 65.00 3.864e-05
-65.00 65.00 -9.006e-05
-60.00 65.00 -0.00015816
-55.00 65.00 -0.00015315
-50.00 65.00 -8.685e-05
-45.00 65.00 1.752e-05
-40.00 65.00 0.00013884
-35.00 65.00 0.00026388
-30.00 65.00 0.00038445
-25.00 65.00 0.00049104
-20.00 65.00 0.00056856
-15.00 65.00 0.00059862
-10.00 65.00 0.00056733
-5.00 65.00 0.00047355
0.00 65.00 0.00033363
5.00 65.00 0.00018
10.00 65.00 5.475e-05
15.00 65.00 -4.5e-07
20.00 65.00 4.317e-05
25.00 65.00 0.00018807
30.00 65.00 0.00040107
35.00 65.00 0.00061617
40.00 65.00 0.00075513
45.00 65.00 0.00076242
50.00 65.00 0.00063864
55.00 65.00 0.00045183
60.00 65.00 0.00031317
65.00 65.00 0.00032421
70.00 65.00 0.00052038
75.00 65.00 0.00084219
80.00 65.00 0.0011529
85.00 65.00 0.00129807
90.00 65.00 0.00117939
95.00 65.00 0.00080709
100.00 65.00 0.00030336
105.00 65.00 -0.00014646
110.00 65.00 -0.00037284
115.00 65.00 -0.00029325
120.00 65.00 5.838e-05
125.00 65.00 0.00055572
130.00 65.00 0.00104202
135.00 65.00 0.0013959
140.00 65.00 0.00156861
145.00 65.00 0.00157983
150.00 65.00 0.00148383
155.00 65.00 0.00133248
160.00 65.00 0.00115764
165.00 65.00 0.00097758
170.00 65.00 0.00081351
175.00 65.00 0.00069693
180.00 65.00 0.00065934
-180.00 70.00 0.00125196
-175.00 70.00 0.00141225
-170.00 70.00 0.00155436
-165.00 70.00 0.00166416
-160.00 70.00 0.00173856
-155.00 70.00 0.00178659
-150.00 70.00 0.0018237
-145.00 70.00 0.00186207
-140.00 70.00 0.0019014
-135.00 70.00 0.00192675
-130.00 70.00 0.00191514
-125.00 70.00 0.0018486
-120.00 70.00 0.00172614
-115.00 70.00 0.00156768
-110.00 70.00 0.00140745
-105.00 70.00 0.00127881
-100.00 70.00 0.00119967
-95.00 70.00 0.0011649
-90.00 70.00 0.00115065
-85.00 70.00 0.00112728
-80.00 70.00 0.00107436
-75.00 70.00 0.00099
-70.00 70.00 0.00089016
-65.00 70.00 0.00079977
-60.00 70.00 0.00074004
-55.00 70.00 0.00071901
-50.00 70.00 0.00072843
-45.00 70.00 0.00074799
-40.00 70.00 0.00075315
-35.00 70.00 0.00072348
-30.00 70.00 0.000648
-25.00 70.00 0.00052716
-20.00 70.00 0.00037173
-15.00 70.00 0.00020058
-10.00 70.00 3.804e-05
-5.00 70.00 -8.898e-05
0.00 70.00 -0.00015477
5.00 70.00 -0.00013929
10.00 70.00 -3.381e-05
15.00 70.00 0.0001542
20.00 70.00 0.00039834
25.00 70.00 0.00065484
30.00 70.00 0.00087045
35.00 70.00 0.0009957
40.00 70.00 0.00100143
45.00 70.00 0.00089247
50.00 70.00 0.0007122
55.00 70.00 0.00053295
60.00 70.00 0.00043302
65.00 70.00 0.00046719
70.00 70.00 0.00064239
75.00 70.00 0.00090984
80.00 70.00 0.00117837
85.00 70.00 0.00134625
90.00 70.00 0.00133857
95.00 70.00 0.00113589
100.00 70.00 0.00078195
105.00 70.00 0.00036747
110.00 70.00 -2.79e-06
115.00 70.00 -0.00024561
120.00 70.00 -0.00032382
125.00 70.00 -0.00025101
130.00 70.00 -7.755e-05
135.00 70.00 0.00013377
140.00 70.00 0.00033081
145.00 70.00 0.00048549
150.00 70.00 0.00059544
155.00 70.00 0.00067608
160.00 70.00 0.00075006
165.00 70.00 0.00083781
170.00 70.00 0.00095157
175.00 70.00 0.00109269
180.00 70.00 0.00125196
-180.00 75.00 0.00179358
-175.00 75.00 0.00198651
-170.00 75.00 0.00211581
-165.00 75.00 0.00217374
-160.00 75.00 0.00216132
-155.00 75.00 0.0020877
-150.00 75.00 0.00196803
-145.00 75.00 0.00182019
-140.00 75.00 0.00166185
-135.00 75.00 0.00150819
-130.00 75.00 0.00137124
-125.00 75.00 0.00126003
-120.00 75.00 0.00118098
-115.00 75.00 0.00113802
-110.00 75.00 0.00113166
-105.00 75.00 0.00115803
-100.00 75.00 0.00120828
-95.00 75.00 0.00126945
-90.00 75.00 0.00132666
-85.00 75.00 0.00136638
-80.00 75.00 0.00137949
-75.00 75.00 0.00136299
-70.00 75.00 0.0013194
-65.00 75.00 0.00125466
-60.00 75.00 0.00117498
-55.00 75.00 0.00108405
-50.00 75.00 0.00098193
-45.00 75.00 0.00086577
-40.00 75.00 0.00073212
-35.00 75.00 0.00057963
-30.00 75.00 0.00041145
-25.00 75.00 0.00023652
-20.00 75.00 6.915e-05
-15.00 75.00 -7.29e-05
-10.00 75.00 -0.00017145
-5.00 75.00 -0.00021117
0.00 75.00 -0.00018327
5.00 75.00 -8.778e-05
10.00 75.00 6.504e-05
15.00 75.00 0.00025527
20.00 75.00 0.00045615
25.00 75.00 0.00063846
30.00 75.00 0.00077679
35.00 75.00 0.00085569
40.00 75.00 0.00087423
45.00 75.00 0.00084759
50.00 75.00 0.00080406
55.00 75.00 0.00077775
60.00 75.00 0.00079866
65.00 75.00 0.00088281
70.00 75.00 0.00102597
75.00 75.00 0.00120291
80.00 75.00 0.00137337
85.00 75.00 0.00149274
90.00 75.00 0.0015246
95.00 75.00 0.00145059
100.00 75.00 0.0012753
105.00 75.00 0.00102423
110.00 75.00 0.00073641
115.00 75.00 0.00045435
120.00 75.00 0.00021462
125.00 75.00 4.179e-05
130.00 75.00 -5.298e-05
135.00 75.00 -6.969e-05
140.00 75.00 -1.524e-05
145.00 75.00 0.00010092
150.00 75.00 0.00026952
155.00 75.00 0.00048204
160.00 75.00 0.00072945
165.00 75.00 0.00100062
170.00 75.00 0.00128085
175.00 75.00 0.00155193
180.00 75.00 0.00179358
-180.00 80.00 0.00181863
-175.00 80.00 0.00192237
-170.00 80.00 0.00198609
-165.00 80.00 0.00200613
-160.00 80.00 0.00198273
-155.00 80.00 0.00192
-150.00 80.00 0.0018252
-145.00 80.00 0.0017079
-140.00 80.00 0.00157866
-135.00 80.00 0.00144816
-130.00 80.00 0.00132603
-125.00 80.00 0.00122001
-120.00 80.00 0.00113541
-115.00 80.00 0.00107475
-110.00 80.00 0.0010377
-105.00 80.00 0.00102138
-100.00 80.00 0.0010209
-95.00 80.00 0.00103005
-90.00 80.00 0.0010422
-85.00 80.00 0.00105108
-80.00 80.00 0.00105144
-75.00 80.00 0.00103956
-70.00 80.00 0.00101325
-65.00 80.00 0.00097179
-60.00 80.00 0.00091572
-55.00 80.00 0.00084642
-50.00 80.00 0.00076611
-45.00 80.00 0.00067767
-40.00 80.00 0.00058461
-35.00 80.00 0.00049125
-30.00 80.00 0.00040266
-25.00 80.00 0.00032442
-20.00 80.00 0.00026226
-15.00 80.00 0.00022131
-10.00 80.00 0.00020553
-5.00 80.00 0.00021693
0.00 80.00 0.00025518
5.00 80.00 0.00031728
10.00 80.00 0.00039786
15.00 80.00 0.00048993
20.00 80.00 0.00058587
25.00 80.00 0.00067875
30.00 80.00 0.00076332
35.00 80.00 0.00083718
40.00 80.00 0.00090105
45.00 80.00 0.00095841
50.00 80.00 0.00101436
55.00 80.00 0.001074
60.00 80.00 0.0011409
65.00 80.00 0.00121557
70.00 80.00 0.00129453
75.00 80.00 0.00137082
80.00 80.00 0.0014349
85.00 80.00 0.00147675
90.00 80.00 0.00148797
95.00 80.00 0.00146364
100.00 80.00 0.00140355
105.00 80.00 0.00131262
110.00 80.00 0.00120018
115.00 80.00 0.00107853
120.00 80.00 0.00096138
125.00 80.00 0.0008619
130.00 80.00 0.00079131
135.00 80.00 0.00075786
140.00 80.00 0.00076626
145.00 80.00 0.00081756
150.00 80.00 0.00090921
155.00 80.00 0.00103533
160.00 80.00 0.00118722
165.00 80.00 0.00135399
170.00 80.00 0.00152325
175.00 80.00 0.00168219
180.00 80.00 0.00181863
-180.00 85.00 0.00151548
-175.00 85.00 0.00152559
-170.00 85.00 0.00152802
-165.00 85.00 0.00152211
-160.00 85.00 0.00150744
-155.00 85.00 0.00148398
-150.00 85.00 0.00145248
-145.00 85.00 0.00141453
-140.00 85.00 0.00137202
-135.00 85.00 0.00132666
-130.00 85.00 0.00127977
-125.00 85.00 0.00123249
-120.00 85.00 0.00118599
-115.00 85.00 0.00114162
-110.00 85.00 0.0011004
-105.00 85.00 0.00106272
-100.00 85.00 0.00102825
-95.00 85.00 0.00099642
-90.00 85.00 0.00096669
-85.00 85.00 0.00093885
-80.00 85.00 0.00091278
-75.00 85.00 0.00088803
-70.00 85.00 0.00086394
-65.00 85.00 0.00083988
-60.00 85.00 0.00081579
-55.00 85.00 0.00079218
-50.00 85.00 0.0007698
-45.00 85.00 0.00074922
-40.00 85.00 0.0007308
-35.00 85.00 0.00071496
-30.00 85.00 0.00070245
-25.00 85.00 0.00069429
-20.00 85.00 0.0006915
-15.00 85.00 0.00069471
-10.00 85.00 0.00070386
-5.00 85.00 0.00071865
0.00 85.00 0.00073881
5.00 85.00 0.00076422
10.00 85.00 0.00079458
15.00 85.00 0.00082917
20.00 85.00 0.00086682
25.00 85.00 0.00090627
30.00 85.00 0.00094665
35.00 85.00 0.00098757
40.00 85.00 0.00102873
45.00 85.00 0.00106968
50.00 85.00 0.0011097
55.00 85.00 0.00114795
60.00 85.00 0.00118386
65.00 85.00 0.00121722
70.00 85.00 0.00124776
75.00 85.00 0.00127488
80.00 85.00 0.00129771
85.00 85.00 0.00131538
90.00 85.00 0.00132756
95.00 85.00 0.00133458
100.00 85.00 0.00133722
105.00 85.00 0.00133641
110.00 85.00 0.00133302
115.00 85.00 0.0013281
120.00 85.00 0.00132312
125.00 85.00 0.00132003
130.00 85.00 0.00132057
135.00 85.00 0.00132594
140.00 85.00 0.0013365
145.00 85.00 0.00135201
150.00 85.00 0.00137193
155.00 85.00 0.00139566
160.00 85.00 0.00142209
165.00 85.00 0.0014496
170.00 85.00 0.00147585
175.00 85.00 0.00149847
180.00 85.00 0.00151548
-180.00 90.00 0.0011433
-175.00 90.00 0.0011433
-170.00 90.00 0.0011433
-165.00 90.00 0.0011433
-160.00 90.00 0.0011433
-155.00 90.00 0.0011433
-150.00 90.00 0.0011433
-145.00 90.00 0.0011433
-140.00 90.00 0.0011433
-135.00 90.00 0.0011433
-130.00 90.00 0.0011433
-125.00 90.00 0.0011433
-120.00 90.00 0.0011433
-115.00 90.00 0.0011433
-110.00 90.00 0.0011433
-105.00 90.00 0.0011433
-100.00 90.00 0.0011433
-95.00 90.00 0.0011433
-90.00 90.00 0.0011433
-85.00 90.00 0.0011433
-80.00 90.00 0.0011433
-75.00 90.00 0.0011433
-70.00 90.00 0.0011433
-65.00 90.00 0.0011433
-60.00 90.00 0.0011433
-55.00 90.00 0.0011433
-50.00 90.00 0.0011433
-45.00 90.00 0.0011433
-40.00 90.00 0.0011433
-35.00 90.00 0.0011433
-30.00 90.00 0.0011433
-25.00 90.00 0.0011433
-20.00 90.00 0.0011433
-15.00 90.00 0.0011433
-10.00 90.00 0.0011433
-5.00 90.00 0.0011433
0.00 90.00 0.0011433
5.00 90.00 0.0011433
10.00 90.00 0.0011433
15.00 90.00 0.0011433
20.00 90.00 0.0011433
25.00 90.00 0.0011433
30.00 90.00 0.0011433
35.00 90.00 0.0011433
40.00 90.00 0.0011433
45.00 90.00 0.0011433
50.00 90.00 0.0011433
55.00 90.00 0.0011433
60.00 90.00 0.0011433
65.00 90.00 0.0011433
70.00 90.00 0.0011433
75.00 90.00 0.0011433
80.00 90.00 0.0011433
85.00 90.00 0.0011433
90.00 90.00 0.0011433
95.00 90.00 0.0011433
100.00 90.00 0.0011433
105.00 90.00 0.0011433
110.00 90.00 0.0011433
115.00 90.00 0.0011433
120.00 90.00 0.0011433
125.00 90.00 0.0011433
130.00 90.00 0.0011433
135.00 90.00 0.0011433
140.00 90.00 0.0011433
145.00 90.00 0.0011433
150.00 90.00 0.0011433
155.00 90.00 0.0011433
160.00 90.00 0.0011433
165.00 90.00 0.0011433
170.00 90.00 0.0011433
175.00 90.00 0.0011433
180.00 90.00 0.0011433
