-180.00 -90.00 0.0027381
-175.00 -90.00 0.0027382
-170.00 -90.00 0.0027382
-165.00 -90.00 0.0027382
-160.00 -90.00 0.0027381
-155.00 -90.00 0.0027381
-150.00 -90.00 0.002738
-145.00 -90.00 0.0027379
-140.00 -90.00 0.0027378
-135.00 -90.00 0.0027377
-130.00 -90.00 0.0027376
-125.00 -90.00 0.0027374
-120.00 -90.00 0.0027373
-115.00 -90.00 0.0027372
-110.00 -90.00 0.002737
-105.00 -90.00 0.0027369
-100.00 -90.00 0.0027368
-95.00 -90.00 0.0027367
-90.00 -90.00 0.0027367
-85.00 -90.00 0.0027366
-80.00 -90.00 0.0027366
-75.00 -90.00 0.0027366
-70.00 -90.00 0.0027366
-65.00 -90.00 0.0027367
-60.00 -90.00 0.0027367
-55.00 -90.00 0.0027368
-50.00 -90.00 0.0027369
-45.00 -90.00 0.002737
-40.00 -90.00 0.0027372
-35.00 -90.00 0.0027373
-30.00 -90.00 0.0027375
-25.00 -90.00 0.0027376
-20.00 -90.00 0.0027377
-15.00 -90.00 0.0027378
-10.00 -90.00 0.0027379
-5.00 -90.00 0.002738
0.00 -90.00 0.0027381
5.00 -90.00 0.0027381
10.00 -90.00 0.0027382
15.00 -90.00 0.0027382
20.00 -90.00 0.0027381
25.00 -90.00 0.0027381
30.00 -90.00 0.002738
35.00 -90.00 0.0027379
40.00 -90.00 0.0027378
45.00 -90.00 0.0027377
50.00 -90.00 0.0027376
55.00 -90.00 0.0027374
60.00 -90.00 0.0027373
65.00 -90.00 0.0027372
70.00 -90.00 0.002737
75.00 -90.00 0.0027369
80.00 -90.00 0.0027368
85.00 -90.00 0.0027367
90.00 -90.00 0.0027367
95.00 -90.00 0.0027366
100.00 -90.00 0.0027366
105.00 -90.00 0.0027366
110.00 -90.00 0.0027366
115.00 -90.00 0.0027367
120.00 -90.00 0.0027367
125.00 -90.00 0.0027368
130.00 -90.00 0.0027369
135.00 -90.00 0.0027371
140.00 -90.00 0.0027372
145.00 -90.00 0.0027373
150.00 -90.00 0.0027375
155.00 -90.00 0.0027376
160.00 -90.00 0.0027377
165.00 -90.00 0.0027378
170.00 -90.00 0.0027379
175.00 -90.00 0.002738
180.00 -90.00 0.0027381
-180.00 -85.00 0.004939
-175.00 -85.00 0.0050266
-170.00 -85.00 0.0051
-165.00 -85.00 0.005156
-160.00 -85.00 0.0051915
-155.00 -85.00 0.0052042
-150.00 -85.00 0.0051917
-145.00 -85.00 0.0051518
-140.00 -85.00 0.0050826
-135.00 -85.00 0.0049829
-130.00 -85.00 0.0048523
-125.00 -85.00 0.0046908
-120.00 -85.00 0.0044991
-115.00 -85.00 0.0042782
-110.00 -85.00 0.0040298
-105.00 -85.00 0.0037568
-100.00 -85.00 0.0034627
-95.00 -85.00 0.0031517
-90.00 -85.00 0.002828
-85.00 -85.00 0.0024968
-80.00 -85.00 0.0021635
-75.00 -85.00 0.0018341
-70.00 -85.00 0.0015145
-65.00 -85.00 0.0012102
-60.00 -85.00 0.0009265
-55.00 -85.00 0.0006685
-50.00 -85.00 0.0004408
-45.00 -85.00 0.0002471
-40.00 -85.00 9.01e-05
-35.00 -85.00 -2.81e-05
-30.00 -85.00 -0.0001061
-25.00 -85.00 -0.000143
-20.00 -85.00 -0.000139
-15.00 -85.00 -9.51e-05
-10.00 -85.00 -1.3e-05
-5.00 -85.00 0.0001054
0.00 -85.00 0.0002579
5.00 -85.00 0.0004417
10.00 -85.00 0.000653
15.00 -85.00 0.0008875
20.00 -85.00 0.0011405
25.00 -85.00 0.0014072
30.00 -85.00 0.0016826
35.00 -85.00 0.0019609
40.00 -85.00 0.002236
45.00 -85.00 0.0025019
50.00 -85.00 0.002753
55.00 -85.00 0.0029848
60.00 -85.00 0.0031933
65.00 -85.00 0.0033752
70.00 -85.00 0.0035281
75.00 -85.00 0.0036516
80.00 -85.00 0.0037468
85.00 -85.00 0.003816
90.00 -85.00 0.0038627
95.00 -85.00 0.0038913
100.00 -85.00 0.0039068
105.00 -85.00 0.0039148
110.00 -85.00 0.0039207
115.00 -85.00 0.0039297
120.00 -85.00 0.003946
125.00 -85.00 0.0039728
130.00 -85.00 0.0040125
135.00 -85.00 0.0040662
140.00 -85.00 0.0041339
145.00 -85.00 0.0042146
150.00 -85.00 0.0043068
155.00 -85.00 0.004408
160.00 -85.00 0.0045153
165.00 -85.00 0.0046255
170.00 -85.00 0.0047351
175.00 -85.00 0.0048407
180.00 -85.00 0.004939
-180.00 -80.00 0.0044966
-175.00 -80.00 0.0046664
-170.00 -80.00 0.0048281
-165.00 -80.00 0.0049839
-160.00 -80.00 0.0051309
-155.00 -80.00 0.0052636
-150.00 -80.00 0.0053772
-145.00 -80.00 0.0054654
-140.00 -80.00 0.0055187
-135.00 -80.00 0.0055278
-130.00 -80.00 0.0054878
-125.00 -80.00 0.0053983
-120.00 -80.00 0.0052591
-115.00 -80.00 0.0050707
-110.00 -80.00 0.0048374
-105.00 -80.00 0.0045666
-100.00 -80.00 0.0042634
-95.00 -80.00 0.0039298
-90.00 -80.00 0.003568
-85.00 -80.00 0.0031827
-80.00 -80.00 0.0027777
-75.00 -80.00 0.0023551
-70.00 -80.00 0.0019201
-65.00 -80.00 0.0014836
-60.00 -80.00 0.0010595
-55.00 -80.00 0.0006599
-50.00 -80.00 0.0002961
-45.00 -80.00 -1.96e-05
-40.00 -80.00 -0.0002778
-35.00 -80.00 -0.0004764
-30.00 -80.00 -0.0006194
-25.00 -80.00 -0.000711
-20.00 -80.00 -0.0007541
-15.00 -80.00 -0.0007525
-10.00 -80.00 -0.0007097
-5.00 -80.00 -0.0006236
0.00 -80.00 -0.000486
5.00 -80.00 -0.000288
10.00 -80.00 -2.4e-05
15.00 -80.00 0.0003094
20.00 -80.00 0.0007145
25.00 -80.00 0.0011873
30.00 -80.00 0.0017144
35.00 -80.00 0.0022766
40.00 -80.00 0.0028536
45.00 -80.00 0.003424
50.00 -80.00 0.0039631
55.00 -80.00 0.0044458
60.00 -80.00 0.0048516
65.00 -80.00 0.0051658
70.00 -80.00 0.005375
75.00 -80.00 0.0054692
80.00 -80.00 0.0054461
85.00 -80.00 0.0053138
90.00 -80.00 0.0050871
95.00 -80.00 0.0047848
100.00 -80.00 0.0044331
105.00 -80.00 0.0040647
110.00 -80.00 0.0037123
115.00 -80.00 0.0034029
120.00 -80.00 0.0031568
125.00 -80.00 0.0029897
130.00 -80.00 0.0029093
135.00 -80.00 0.0029121
140.00 -80.00 0.0029862
145.00 -80.00 0.0031179
150.00 -80.00 0.003293
155.00 -80.00 0.003495
160.00 -80.00 0.003707
165.00 -80.00 0.0039174
170.00 -80.00 0.0041211
175.00 -80.00 0.004315
180.00 -80.00 0.0044966
-180.00 -75.00 0.0029801
-175.00 -75.00 0.0029072
-170.00 -75.00 0.0028559
-165.00 -75.00 0.0028529
-160.00 -75.00 0.0029118
-155.00 -75.00 0.0030287
-150.00 -75.00 0.0031825
-145.00 -75.00 0.0033418
-140.00 -75.00 0.0034729
-135.00 -75.00 0.0035484
-130.00 -75.00 0.0035536
-125.00 -75.00 0.0034908
-120.00 -75.00 0.0033783
-115.00 -75.00 0.0032448
-110.00 -75.00 0.0031233
-105.00 -75.00 0.0030448
-100.00 -75.00 0.0030304
-95.00 -75.00 0.0030851
-90.00 -75.00 0.0031955
-85.00 -75.00 0.0033309
-80.00 -75.00 0.003447
-75.00 -75.00 0.0034964
-70.00 -75.00 0.0034423
-65.00 -75.00 0.0032697
-60.00 -75.00 0.00299
-55.00 -75.00 0.0026391
-50.00 -75.00 0.0022662
-45.00 -75.00 0.0019168
-40.00 -75.00 0.0016179
-35.00 -75.00 0.0013711
-30.00 -75.00 0.0011553
-25.00 -75.00 0.0009353
-20.00 -75.00 0.0006762
-15.00 -75.00 0.0003574
-10.00 -75.00 -1.97e-05
-5.00 -75.00 -0.0004302
0.00 -75.00 -0.0008277
5.00 -75.00 -0.0011531
10.00 -75.00 -0.0013462
15.00 -75.00 -0.0013586
20.00 -75.00 -0.0011635
25.00 -75.00 -0.0007627
30.00 -75.00 -0.0001857
35.00 -75.00 0.0005173
40.00 -75.00 0.0012889
45.00 -75.00 0.0020758
50.00 -75.00 0.0028368
55.00 -75.00 0.0035442
60.00 -75.00 0.004179
65.00 -75.00 0.0047224
70.00 -75.00 0.0051494
75.00 -75.00 0.0054285
80.00 -75.00 0.0055268
85.00 -75.00 0.0054205
90.00 -75.00 0.0051061
95.00 -75.00 0.0046085
100.00 -75.00 0.0039808
105.00 -75.00 0.003298
110.00 -75.00 0.0026434
115.00 -75.00 0.0020933
120.00 -75.00 0.0017021
125.00 -75.00 0.0014954
130.00 -75.00 0.0014685
135.00 -75.00 0.0015922
140.00 -75.00 0.0018217
145.00 -75.00 0.0021074
150.00 -75.00 0.0024027
155.00 -75.00 0.002668
160.00 -75.00 0.0028742
165.00 -75.00 0.0030049
170.00 -75.00 0.003057
175.00 -75.00 0.0030409
180.00 -75.00 0.0029801
-180.00 -70.00 0.0030315
-175.00 -70.00 0.002651
-170.00 -70.00 0.0023127
-165.00 -70.00 0.0020988
-160.00 -70.00 0.0020563
-155.00 -70.00 0.002182
-150.00 -70.00 0.0024228
-145.00 -70.00 0.0026909
-140.00 -70.00 0.0028886
-135.00 -70.00 0.0029366
-130.00 -70.00 0.0027964
-125.00 -70.00 0.0024798
-120.00 -70.00 0.0020429
-115.00 -70.00 0.0015701
-110.00 -70.00 0.0011552
-105.00 -70.00 0.0008874
-100.00 -70.00 0.0008413
-95.00 -70.00 0.0010666
-90.00 -70.00 0.001572
-85.00 -70.00 0.0023069
-80.00 -70.00 0.0031535
-75.00 -70.00 0.0039433
-70.00 -70.00 0.0045029
-65.00 -70.00 0.0047138
-60.00 -70.00 0.0045598
-55.00 -70.00 0.0041334
-50.00 -70.00 0.0035946
-45.00 -70.00 0.0030994
-40.00 -70.00 0.0027347
-35.00 -70.00 0.0024926
-30.00 -70.00 0.00229
-25.00 -70.00 0.0020195
-20.00 -70.00 0.0015982
-15.00 -70.00 0.0009929
-10.00 -70.00 0.0002204
-5.00 -70.00 -0.0006662
0.00 -70.00 -0.0015878
5.00 -70.00 -0.0024445
10.00 -70.00 -0.0031232
15.00 -70.00 -0.0035173
20.00 -70.00 -0.0035594
25.00 -70.00 -0.0032512
30.00 -70.00 -0.0026727
35.00 -70.00 -0.0019585
40.00 -70.00 -0.0012495
45.00 -70.00 -0.0006406
50.00 -70.00 -0.0001503
55.00 -70.00 0.0002734
60.00 -70.00 0.0007149
65.00 -70.00 0.0012397
70.00 -70.00 0.001855
75.00 -70.00 0.0024986
80.00 -70.00 0.0030588
85.00 -70.00 0.003415
90.00 -70.00 0.0034819
95.00 -70.00 0.0032415
100.00 -70.00 0.0027522
105.00 -70.00 0.0021344
110.00 -70.00 0.0015363
115.00 -70.00 0.0010932
120.00 -70.00 0.0008914
125.00 -70.00 0.0009502
130.00 -70.00 0.0012278
135.00 -70.00 0.0016447
140.00 -70.00 0.0021161
145.00 -70.00 0.0025757
150.00 -70.00 0.0029822
155.00 -70.00 0.0033103
160.00 -70.00 0.0035365
165.00 -70.00 0.0036329
170.00 -70.00 0.0035758
175.00 -70.00 0.0033636
180.00 -70.00 0.0030315
-180.00 -65.00 0.0037213
-175.00 -65.00 0.0032996
-170.00 -65.00 0.0028932
-165.00 -65.00 0.002623
-160.00 -65.00 0.0025641
-155.00 -65.00 0.0027364
-150.00 -65.00 0.0031023
-145.00 -65.00 0.0035657
-140.00 -65.00 0.0039829
-135.00 -65.00 0.0042013
-130.00 -65.00 0.0041189
-125.00 -65.00 0.0037286
-120.00 -65.00 0.0031149
-115.00 -65.00 0.0024037
-110.00 -65.00 0.0017048
-105.00 -65.00 0.0010926
-100.00 -65.00 0.0006345
-95.00 -65.00 0.0004312
-90.00 -65.00 0.0006122
-85.00 -65.00 0.0012651
-80.00 -65.00 0.0023348
-75.00 -65.00 0.0035725
-70.00 -65.00 0.0046009
-65.00 -65.00 0.0050827
-60.00 -65.00 0.0049007
-55.00 -65.00 0.0042274
-50.00 -65.00 0.0034254
-45.00 -65.00 0.0028333
-40.00 -65.00 0.0025767
-35.00 -65.00 0.0025278
-30.00 -65.00 0.0024295
-25.00 -65.00 0.0020851
-20.00 -65.00 0.0014753
-15.00 -65.00 0.0007316
-10.00 -65.00 9.7e-06
-5.00 -65.00 -0.0006253
0.00 -65.00 -0.0012135
5.00 -65.00 -0.001816
10.00 -65.00 -0.0024115
15.00 -65.00 -0.0028685
20.00 -65.00 -0.0030188
25.00 -65.00 -0.0027831
30.00 -65.00 -0.0022532
35.00 -65.00 -0.0016684
40.00 -65.00 -0.0012942
45.00 -65.00 -0.001277
50.00 -65.00 -0.0015646
55.00 -65.00 -0.0019378
60.00 -65.00 -0.0021277
65.00 -65.00 -0.00195
70.00 -65.00 -0.0013819
75.00 -65.00 -0.0005544
80.00 -65.00 0.0003201
85.00 -65.00 0.0010362
90.00 -65.00 0.0014615
95.00 -65.00 0.0015621
100.00 -65.00 0.0013968
105.00 -65.00 0.0010904
110.00 -65.00 0.0007972
115.00 -65.00 0.0006586
120.00 -65.00 0.0007613
125.00 -65.00 0.0011071
130.00 -65.00 0.0016134
135.00 -65.00 0.0021517
140.00 -65.00 0.002612
145.00 -65.00 0.0029567
150.00 -65.00 0.0032258
155.00 -65.00 0.0034871
160.00 -65.00 0.0037659
165.00 -65.00 0.0040112
170.00 -65.00 0.0041235
175.00 -65.00 0.0040257
180.00 -65.00 0.0037213
-180.00 -60.00 0.0026191
-175.00 -60.00 0.0025296
-170.00 -60.00 0.0024573
-165.00 -60.00 0.0023293
-160.00 -60.00 0.0020729
-155.00 -60.00 0.0017538
-150.00 -60.00 0.001583
-145.00 -60.00 0.0017537
-140.00 -60.00 0.0022549
-135.00 -60.00 0.0028454
-130.00 -60.00 0.0032297
-125.00 -60.00 0.0032812
-120.00 -60.00 0.0031133
-115.00 -60.00 0.0029404
-110.00 -60.00 0.0028629
-105.00 -60.00 0.0027751
-100.00 -60.00 0.0024822
-95.00 -60.00 0.0019301
-90.00 -60.00 0.0013475
-85.00 -60.00 0.0011551
-80.00 -60.00 0.0016728
-75.00 -60.00 0.0028326
-70.00 -60.00 0.0041363
-65.00 -60.00 0.0049408
-60.00 -60.00 0.0048948
-55.00 -60.00 0.0041973
-50.00 -60.00 0.0034506
-45.00 -60.00 0.0031937
-40.00 -60.00 0.0034755
-35.00 -60.00 0.0038149
-30.00 -60.00 0.0035907
-25.00 -60.00 0.0025481
-20.00 -60.00 0.0010181
-15.00 -60.00 -0.0003157
-10.00 -60.00 -0.0009045
-5.00 -60.00 -0.0006949
0.00 -60.00 -0.0001081
5.00 -60.00 0.0003098
10.00 -60.00 0.0002769
15.00 -60.00 -7.8e-05
20.00 -60.00 -0.0003832
25.00 -60.00 -0.000346
30.00 -60.00 1.95e-05
35.00 -60.00 0.0004086
40.00 -60.00 0.0004567
45.00 -60.00 8.6e-06
50.00 -60.00 -0.0007591
55.00 -60.00 -0.0014448
60.00 -60.00 -0.001677
65.00 -60.00 -0.0013399
70.00 -60.00 -0.0006153
75.00 -60.00 0.0001665
80.00 -60.00 0.0007402
85.00 -60.00 0.0010287
90.00 -60.00 0.0011199
95.00 -60.00 0.0011522
100.00 -60.00 0.0012097
105.00 -60.00 0.0012901
110.00 -60.00 0.0013484
115.00 -60.00 0.0013688
120.00 -60.00 0.0014053
125.00 -60.00 0.0015472
130.00 -60.00 0.0018295
135.00 -60.00 0.002172
140.00 -60.00 0.0024204
145.00 -60.00 0.0024742
150.00 -60.00 0.0023821
155.00 -60.00 0.0023031
160.00 -60.00 0.0023596
165.00 -60.00 0.0025273
170.00 -60.00 0.0026732
175.00 -60.00 0.0026966
180.00 -60.00 0.0026191
-180.00 -55.00 0.0003077
-175.00 -55.00 0.0009525
-170.00 -55.00 0.0018312
-165.00 -55.00 0.0022437
-160.00 -55.00 0.0015902
-155.00 -55.00 -4.28e-05
-150.00 -55.00 -0.0018315
-145.00 -55.00 -0.0028144
-140.00 -55.00 -0.0026258
-135.00 -55.00 -0.0017028
-130.00 -55.00 -0.0008074
-125.00 -55.00 -0.0003429
-120.00 -55.00 -8.8e-05
-115.00 -55.00 0.000473
-110.00 -55.00 0.0015863
-105.00 -55.00 0.0029404
-100.00 -55.00 0.0038677
-95.00 -55.00 0.0038525
-90.00 -55.00 0.002964
-85.00 -55.00 0.0018893
-80.00 -55.00 0.0015015
-75.00 -55.00 0.0022289
-70.00 -55.00 0.0036976
-65.00 -55.00 0.0049877
-60.00 -55.00 0.0053647
-55.00 -55.00 0.0048949
-50.00 -55.00 0.0043737
-45.00 -55.00 0.0045706
-40.00 -55.00 0.0054486
-35.00 -55.00 0.0060883
-30.00 -55.00 0.0054283
-25.00 -55.00 0.003187
-20.00 -55.00 0.0001715
-15.00 -55.00 -0.0022681
-10.00 -55.00 -0.003166
-5.00 -55.00 -0.0025175
0.00 -55.00 -0.001131
5.00 -55.00 3.26e-05
10.00 -55.00 0.000487
15.00 -55.00 0.0003911
20.00 -55.00 0.0002398
25.00 -55.00 0.000396
30.00 -55.00 0.0008229
35.00 -55.00 0.001164
40.00 -55.00 0.0010625
45.00 -55.00 0.0004817
50.00 -55.00 -0.0001975
55.00 -55.00 -0.0003971
60.00 -55.00 0.000241
65.00 -55.00 0.0015492
70.00 -55.00 0.0029089
75.00 -55.00 0.0036731
80.00 -55.00 0.0035988
85.00 -55.00 0.002958
90.00 -55.00 0.0022947
95.00 -55.00 0.0020651
100.00 -55.00 0.0023934
105.00 -55.00 0.003028
110.00 -55.00 0.003489
115.00 -55.00 0.0033654
120.00 -55.00 0.0026221
125.00 -55.00 0.0016706
130.00 -55.00 0.0010753
135.00 -55.00 0.0010995
140.00 -55.00 0.0015066
145.00 -55.00 0.0018149
150.00 -55.00 0.0017417
155.00 -55.00 0.0013816
160.00 -55.00 0.0009854
165.00 -55.00 0.0006617
170.00 -55.00 0.0003718
175.00 -55.00 0.0001711
180.00 -55.00 0.0003077
-180.00 -50.00 -0.0006099
-175.00 -50.00 0.0005754
-170.00 -50.00 0.0024973
-165.00 -50.00 0.0037245
-160.00 -50.00 0.0029244
-155.00 -50.00 0.0001176
-150.00 -50.00 -0.003176
-145.00 -50.00 -0.0051362
-140.00 -50.00 -0.0050931
-135.00 -50.00 -0.0038769
-130.00 -50.00 -0.0028274
-125.00 -50.00 -0.0025327
-120.00 -50.00 -0.0024903
-115.00 -50.00 -0.0018126
-110.00 -50.00 -0.000123
-105.00 -50.00 0.0021363
-100.00 -50.00 0.0040422
-95.00 -50.00 0.0047854
-90.00 -50.00 0.0041774
-85.00 -50.00 0.0028404
-80.00 -50.00 0.0018994
-75.00 -50.00 0.0022264
-70.00 -50.00 0.0037325
-65.00 -50.00 0.0053705
-60.00 -50.00 0.0060014
-55.00 -50.00 0.0054151
-50.00 -50.00 0.0045075
-45.00 -50.00 0.0043597
-40.00 -50.00 0.0051026
-35.00 -50.00 0.0057216
-30.00 -50.00 0.0050012
-25.00 -50.00 0.0026485
-20.00 -50.00 -0.000461
-15.00 -50.00 -0.0030209
-10.00 -50.00 -0.0042353
-5.00 -50.00 -0.0041959
0.00 -50.00 -0.0035644
5.00 -50.00 -0.002966
10.00 -50.00 -0.0025895
15.00 -50.00 -0.0022293
20.00 -50.00 -0.0016321
25.00 -50.00 -0.0007993
30.00 -50.00 -4.5e-06
35.00 -50.00 0.0004046
40.00 -50.00 0.0002246
45.00 -50.00 -0.0004474
50.00 -50.00 -0.0011458
55.00 -50.00 -0.0011933
60.00 -50.00 -0.0001616
65.00 -50.00 0.0016764
70.00 -50.00 0.0034272
75.00 -50.00 0.0042447
80.00 -50.00 0.0039679
85.00 -50.00 0.0031279
90.00 -50.00 0.0024498
95.00 -50.00 0.0024235
100.00 -50.00 0.0031779
105.00 -50.00 0.0044256
110.00 -50.00 0.005411
115.00 -50.00 0.0051963
120.00 -50.00 0.003397
125.00 -50.00 0.0007434
130.00 -50.00 -0.0012945
135.00 -50.00 -0.0016724
140.00 -50.00 -0.0006151
145.00 -50.00 0.0007288
150.00 -50.00 0.0014101
155.00 -50.00 0.0013543
160.00 -50.00 0.0009997
165.00 -50.00 0.0005707
170.00 -50.00 -2.02e-05
175.00 -50.00 -0.0006281
180.00 -50.00 -0.0006099
-180.00 -45.00 0.0002952
-175.00 -45.00 0.0008244
-170.00 -45.00 0.0026262
-165.00 -45.00 0.0041753
-160.00 -45.00 0.0037921
-155.00 -45.00 0.0013283
-150.00 -45.00 -0.0015777
-145.00 -45.00 -0.0029985
-140.00 -45.00 -0.0024851
-135.00 -45.00 -0.0012724
-130.00 -45.00 -0.0007638
-125.00 -45.00 -0.0010669
-120.00 -45.00 -0.00117
-115.00 -45.00 -0.0002761
-110.00 -45.00 0.0014095
-105.00 -45.00 0.0030917
-100.00 -45.00 0.0041252
-95.00 -45.00 0.0042516
-90.00 -45.00 0.0035254
-85.00 -45.00 0.0023741
-80.00 -45.00 0.0016128
-75.00 -45.00 0.0019965
-70.00 -45.00 0.003493
-65.00 -45.00 0.0050563
-60.00 -45.00 0.0053865
-55.00 -45.00 0.0041219
-50.00 -45.00 0.0022318
-45.00 -45.00 0.0010721
-40.00 -45.00 0.0010759
-35.00 -45.00 0.0015289
-30.00 -45.00 0.0015561
-25.00 -45.00 0.0010062
-20.00 -45.00 0.0002713
-15.00 -45.00 -0.0004139
-10.00 -45.00 -0.0011702
-5.00 -45.00 -0.0021082
0.00 -45.00 -0.0030756
5.00 -45.00 -0.0037853
10.00 -45.00 -0.004011
15.00 -45.00 -0.0036641
20.00 -45.00 -0.0028587
25.00 -45.00 -0.0019234
30.00 -45.00 -0.0012089
35.00 -45.00 -0.0008742
40.00 -45.00 -0.0009505
45.00 -45.00 -0.0014925
50.00 -45.00 -0.0023921
55.00 -45.00 -0.0030893
60.00 -45.00 -0.0028798
65.00 -45.00 -0.0017133
70.00 -45.00 -0.0003934
75.00 -45.00 0.0002859
80.00 -45.00 0.0003877
85.00 -45.00 0.0005382
90.00 -45.00 0.0010322
95.00 -45.00 0.0016957
100.00 -45.00 0.0025241
105.00 -45.00 0.0037934
110.00 -45.00 0.0052283
115.00 -45.00 0.0055675
120.00 -45.00 0.0036407
125.00 -45.00 -5.75e-05
130.00 -45.00 -0.0033436
135.00 -45.00 -0.0042346
140.00 -45.00 -0.0027508
145.00 -45.00 -0.0006301
150.00 -45.00 0.000619
155.00 -45.00 0.0010065
160.00 -45.00 0.0013609
165.00 -45.00 0.0018637
170.00 -45.00 0.0018535
175.00 -45.00 0.0010382
180.00 -45.00 0.0002952
-180.00 -40.00 0.0009724
-175.00 -40.00 0.0001341
-170.00 -40.00 0.0006592
-165.00 -40.00 0.001705
-160.00 -40.00 0.0020076
-155.00 -40.00 0.0012428
-150.00 -40.00 0.000325
-145.00 -40.00 0.0003384
-140.00 -40.00 0.001159
-135.00 -40.00 0.0015087
-130.00 -40.00 0.000675
-125.00 -40.00 -0.0003121
-120.00 -40.00 0.0001436
-115.00 -40.00 0.0021487
-110.00 -40.00 0.0041598
-105.00 -40.00 0.0047421
-100.00 -40.00 0.0037941
-95.00 -40.00 0.0020933
-90.00 -40.00 0.0003999
-85.00 -40.00 -0.0007519
-80.00 -40.00 -0.0009365
-75.00 -40.00 -4.7e-06
-70.00 -40.00 0.0016002
-65.00 -40.00 0.0028452
-60.00 -40.00 0.002685
-55.00 -40.00 0.0009649
-50.00 -40.00 -0.0012588
-45.00 -40.00 -0.0026453
-40.00 -40.00 -0.0028359
-35.00 -40.00 -0.0024244
-30.00 -40.00 -0.0017637
-25.00 -40.00 -0.0005366
-20.00 -40.00 0.0012504
-15.00 -40.00 0.0026278
-10.00 -40.00 0.0026568
-5.00 -40.00 0.0016137
0.00 -40.00 0.0005317
5.00 -40.00 -0.0001527
10.00 -40.00 -0.0008316
15.00 -40.00 -0.001771
20.00 -40.00 -0.0026465
25.00 -40.00 -0.0030909
30.00 -40.00 -0.0031061
35.00 -40.00 -0.0028188
40.00 -40.00 -0.002383
45.00 -40.00 -0.0022469
50.00 -40.00 -0.002868
55.00 -40.00 -0.0038841
60.00 -40.00 -0.0042238
65.00 -40.00 -0.0034833
70.00 -40.00 -0.0025686
75.00 -40.00 -0.0023565
80.00 -40.00 -0.0023122
85.00 -40.00 -0.001333
90.00 -40.00 0.0004062
95.00 -40.00 0.0015828
100.00 -40.00 0.0017445
105.00 -40.00 0.0020471
110.00 -40.00 0.0034183
115.00 -40.00 0.0048117
120.00 -40.00 0.0042303
125.00 -40.00 0.0013225
130.00 -40.00 -0.0018416
135.00 -40.00 -0.0028914
140.00 -40.00 -0.0016501
145.00 -40.00 -4.67e-05
150.00 -40.00 0.0003484
155.00 -40.00 5.58e-05
160.00 -40.00 0.0005759
165.00 -40.00 0.0020836
170.00 -40.00 0.0031043
175.00 -40.00 0.0025033
180.00 -40.00 0.0009724
-180.00 -35.00 0.0002219
-175.00 -35.00 -0.0008636
-170.00 -35.00 -0.0011695
-165.00 -35.00 -0.0007928
-160.00 -35.00 -9.13e-05
-155.00 -35.00 0.0005233
-150.00 -35.00 0.0008864
-145.00 -35.00 0.0012211
-140.00 -35.00 0.001407
-135.00 -35.00 0.000616
-130.00 -35.00 -0.0013108
-125.00 -35.00 -0.0027399
-120.00 -35.00 -0.0018976
-115.00 -35.00 0.0007102
-110.00 -35.00 0.0028316
-105.00 -35.00 0.0030637
-100.00 -35.00 0.0017131
-95.00 -35.00 -0.0004053
-90.00 -35.00 -0.0026062
-85.00 -35.00 -0.0040261
-80.00 -35.00 -0.0039744
-75.00 -35.00 -0.0026919
-70.00 -35.00 -0.0011234
-65.00 -35.00 -0.0001244
-60.00 -35.00 -0.0001878
-55.00 -35.00 -0.0012965
-50.00 -35.00 -0.0026275
-45.00 -35.00 -0.0031318
-40.00 -35.00 -0.0027843
-35.00 -35.00 -0.0024471
-30.00 -35.00 -0.0022565
-25.00 -35.00 -0.0013293
-20.00 -35.00 0.0004422
-15.00 -35.00 0.0016795
-10.00 -35.00 0.0015562
-5.00 -35.00 0.0013282
0.00 -35.00 0.002447
5.00 -35.00 0.0039592
10.00 -35.00 0.0034352
15.00 -35.00 0.0002751
20.00 -35.00 -0.0034288
25.00 -35.00 -0.0054729
30.00 -35.00 -0.0056296
35.00 -35.00 -0.0048604
40.00 -35.00 -0.0038699
45.00 -35.00 -0.0031494
50.00 -35.00 -0.0031904
55.00 -35.00 -0.0036201
60.00 -35.00 -0.0031059
65.00 -35.00 -0.001246
70.00 -35.00 0.0003328
75.00 -35.00 9.18e-05
80.00 -35.00 -0.0009774
85.00 -35.00 -0.0006606
90.00 -35.00 0.0011642
95.00 -35.00 0.002371
100.00 -35.00 0.0018341
105.00 -35.00 0.0010422
110.00 -35.00 0.0018008
115.00 -35.00 0.0036617
120.00 -35.00 0.0046298
125.00 -35.00 0.0037731
130.00 -35.00 0.0022508
135.00 -35.00 0.0017867
140.00 -35.00 0.0025672
145.00 -35.00 0.0030063
150.00 -35.00 0.0017937
155.00 -35.00 -0.0002143
160.00 -35.00 -0.0009416
165.00 -35.00 0.0001749
170.00 -35.00 0.0014938
175.00 -35.00 0.0014233
180.00 -35.00 0.0002219
-180.00 -30.00 -0.0010898
-175.00 -30.00 -0.00129
-170.00 -30.00 -0.0015276
-165.00 -30.00 -0.0015416
-160.00 -30.00 -0.0008034
-155.00 -30.00 0.0001268
-150.00 -30.00 6.81e-05
-145.00 -30.00 -0.0008354
-140.00 -30.00 -0.0015453
-135.00 -30.00 -0.0021641
-130.00 -30.00 -0.0033656
-125.00 -30.00 -0.004408
-120.00 -30.00 -0.0040977
-115.00 -30.00 -0.0030172
-110.00 -30.00 -0.0024835
-105.00 -30.00 -0.0022659
-100.00 -30.00 -0.0016047
-95.00 -30.00 -0.0012574
-90.00 -30.00 -0.0021914
-85.00 -30.00 -0.0034744
-80.00 -30.00 -0.0036252
-75.00 -30.00 -0.0028392
-70.00 -30.00 -0.0020609
-65.00 -30.00 -0.0012615
-60.00 -30.00 -0.0002702
-55.00 -30.00 0.0001798
-50.00 -30.00 -0.0002769
-45.00 -30.00 -0.0007594
-40.00 -30.00 -0.0007102
-35.00 -30.00 -0.000804
-30.00 -30.00 -0.0013278
-25.00 -30.00 -0.001422
-20.00 -30.00 -0.0009748
-15.00 -30.00 -0.0013165
-10.00 -30.00 -0.0026031
-5.00 -30.00 -0.002417
0.00 -30.00 0.0008936
5.00 -30.00 0.0047119
10.00 -30.00 0.0045161
15.00 -30.00 -0.0004447
20.00 -30.00 -0.00608
25.00 -30.00 -0.0084067
30.00 -30.00 -0.0075162
35.00 -30.00 -0.0058731
40.00 -30.00 -0.0047992
45.00 -30.00 -0.0041879
50.00 -30.00 -0.0039875
55.00 -30.00 -0.0038734
60.00 -30.00 -0.0025419
65.00 -30.00 0.0004979
70.00 -30.00 0.0031768
75.00 -30.00 0.003121
80.00 -30.00 0.0011362
85.00 -30.00 0.0001671
90.00 -30.00 0.0011134
95.00 -30.00 0.002083
100.00 -30.00 0.0017793
105.00 -30.00 0.0012123
110.00 -30.00 0.0016252
115.00 -30.00 0.0027618
120.00 -30.00 0.0037649
125.00 -30.00 0.0043039
130.00 -30.00 0.0044655
135.00 -30.00 0.0045694
140.00 -30.00 0.0049467
145.00 -30.00 0.0050873
150.00 -30.00 0.0037883
155.00 -30.00 0.0010795
160.00 -30.00 -0.0011635
165.00 -30.00 -0.0015944
170.00 -30.00 -0.0010544
175.00 -30.00 -0.0008743
180.00 -30.00 -0.0010898
-180.00 -25.00 -0.0021803
-175.00 -25.00 -0.002385
-170.00 -25.00 -0.0029544
-165.00 -25.00 -0.0034089
-160.00 -25.00 -0.0025901
-155.00 -25.00 -0.0014098
-150.00 -25.00 -0.0020702
-145.00 -25.00 -0.0041318
-140.00 -25.00 -0.0049511
-135.00 -25.00 -0.0039972
-130.00 -25.00 -0.0030562
-125.00 -25.00 -0.0027981
-120.00 -25.00 -0.0028355
-115.00 -25.00 -0.0038545
-110.00 -25.00 -0.0059253
-105.00 -25.00 -0.0065592
-100.00 -25.00 -0.0041411
-95.00 -25.00 -0.0010607
-90.00 -25.00 -8.7e-05
-85.00 -25.00 -0.0003916
-80.00 -25.00 -0.0002263
-75.00 -25.00 -0.000222
-70.00 -25.00 -0.0009123
-65.00 -25.00 -0.000429
-60.00 -25.00 0.0021642
-55.00 -25.00 0.0043022
-50.00 -25.00 0.0034995
-45.00 -25.00 0.0008726
-40.00 -25.00 -0.0010896
-35.00 -25.00 -0.0017694
-30.00 -25.00 -0.0016885
-25.00 -25.00 -0.0010036
-20.00 -25.00 -0.0004142
-15.00 -25.00 -0.0013612
-10.00 -25.00 -0.0035488
-5.00 -25.00 -0.0040679
0.00 -25.00 -0.0010505
5.00 -25.00 0.002826
10.00 -25.00 0.002726
15.00 -25.00 -0.002414
20.00 -25.00 -0.0082875
25.00 -25.00 -0.0103002
30.00 -25.00 -0.0085164
35.00 -25.00 -0.0061896
40.00 -25.00 -0.00509
45.00 -25.00 -0.0045988
50.00 -25.00 -0.0042604
55.00 -25.00 -0.0042727
60.00 -25.00 -0.0037831
65.00 -25.00 -0.0016252
70.00 -25.00 0.0011359
75.00 -25.00 0.0020757
80.00 -25.00 0.0009657
85.00 -25.00 -9.68e-05
90.00 -25.00 -5.03e-05
95.00 -25.00 0.00033
100.00 -25.00 0.0008022
105.00 -25.00 0.0019152
110.00 -25.00 0.0030461
115.00 -25.00 0.0030617
120.00 -25.00 0.002631
125.00 -25.00 0.0030975
130.00 -25.00 0.0038013
135.00 -25.00 0.0034496
140.00 -25.00 0.0029671
145.00 -25.00 0.0037654
150.00 -25.00 0.0045607
155.00 -25.00 0.0032764
160.00 -25.00 0.0006887
165.00 -25.00 -0.000975
170.00 -25.00 -0.001473
175.00 -25.00 -0.001844
180.00 -25.00 -0.0021803
-180.00 -20.00 -0.0035757
-175.00 -20.00 -0.0046872
-170.00 -20.00 -0.0059203
-165.00 -20.00 -0.0068414
-160.00 -20.00 -0.0059794
-155.00 -20.00 -0.0043292
-150.00 -20.00 -0.0047205
-145.00 -20.00 -0.0066758
-140.00 -20.00 -0.0068076
-135.00 -20.00 -0.0045489
-130.00 -20.00 -0.0023787
-125.00 -20.00 -0.0011472
-120.00 -20.00 -0.0003523
-115.00 -20.00 -0.0011947
-110.00 -20.00 -0.0041378
-105.00 -20.00 -0.0060334
-100.00 -20.00 -0.0045063
-95.00 -20.00 -0.0018793
-90.00 -20.00 -0.0006915
-85.00 -20.00 0.0002784
-80.00 -20.00 0.0019068
-75.00 -20.00 0.001974
-70.00 -20.00 0.0001531
-65.00 -20.00 0.0002758
-60.00 -20.00 0.0039876
-55.00 -20.00 0.0070779
-50.00 -20.00 0.0053984
-45.00 -20.00 0.0004018
-40.00 -20.00 -0.0036353
-35.00 -20.00 -0.0045631
-30.00 -20.00 -0.0029157
-25.00 -20.00 -0.0003591
-20.00 -20.00 0.0011148
-15.00 -20.00 0.0003356
-10.00 -20.00 -0.0017932
-5.00 -20.00 -0.0030104
0.00 -20.00 -0.0019899
5.00 -20.00 0.0001099
10.00 -20.00 0.0003366
15.00 -20.00 -0.0030896
20.00 -20.00 -0.0081197
25.00 -20.00 -0.0105348
30.00 -20.00 -0.0088657
35.00 -20.00 -0.0057993
40.00 -20.00 -0.0040518
45.00 -20.00 -0.0034338
50.00 -20.00 -0.0030488
55.00 -20.00 -0.0033505
60.00 -20.00 -0.0043097
65.00 -20.00 -0.0042873
70.00 -20.00 -0.0025342
75.00 -20.00 -0.0005344
80.00 -20.00 0.00037
85.00 -20.00 0.000408
90.00 -20.00 -7.67e-05
95.00 -20.00 -0.0008024
100.00 -20.00 -0.0002895
105.00 -20.00 0.0023297
110.00 -20.00 0.0046826
115.00 -20.00 0.0041006
120.00 -20.00 0.0022246
125.00 -20.00 0.0022706
130.00 -20.00 0.0032229
135.00 -20.00 0.0020802
140.00 -20.00 0.0001804
145.00 -20.00 0.0011571
150.00 -20.00 0.0040282
155.00 -20.00 0.0045607
160.00 -20.00 0.0022344
165.00 -20.00 6.54e-05
170.00 -20.00 -0.0009684
175.00 -20.00 -0.0021519
180.00 -20.00 -0.0035757
-180.00 -15.00 -0.0054495
-175.00 -15.00 -0.0059625
-170.00 -15.00 -0.0063388
-165.00 -15.00 -0.0071165
-160.00 -15.00 -0.006955
-155.00 -15.00 -0.0059697
-150.00 -15.00 -0.0062622
-145.00 -15.00 -0.0073355
-140.00 -15.00 -0.0063839
-135.00 -15.00 -0.0037494
-130.00 -15.00 -0.0022338
-125.00 -15.00 -0.0016777
-120.00 -15.00 -0.0002323
-115.00 -15.00 0.0008879
-110.00 -15.00 -0.0002391
-105.00 -15.00 -0.0020115
-100.00 -15.00 -0.0024417
-95.00 -15.00 -0.0025659
-90.00 -15.00 -0.0028043
-85.00 -15.00 -0.0011444
-80.00 -15.00 0.0018853
-75.00 -15.00 0.0025018
-70.00 -15.00 0.0004814
-65.00 -15.00 0.0003516
-60.00 -15.00 0.0037324
-55.00 -15.00 0.0064308
-50.00 -15.00 0.004746
-45.00 -15.00 -9.56e-05
-40.00 -15.00 -0.0044043
-35.00 -15.00 -0.0054614
-30.00 -15.00 -0.0030562
-25.00 -15.00 6.3e-05
-20.00 -15.00 0.0006462
-15.00 -15.00 -0.0011978
-10.00 -15.00 -0.0028267
-5.00 -15.00 -0.0032933
0.00 -15.00 -0.0034236
5.00 -15.00 -0.0029888
10.00 -15.00 -0.0019379
15.00 -15.00 -0.0026574
20.00 -15.00 -0.0063944
25.00 -15.00 -0.0094785
30.00 -15.00 -0.0078855
35.00 -15.00 -0.0034546
40.00 -15.00 -0.0009499
45.00 -15.00 -0.0012121
50.00 -15.00 -0.0017652
55.00 -15.00 -0.0019336
60.00 -15.00 -0.0027679
65.00 -15.00 -0.0036307
70.00 -15.00 -0.0028917
75.00 -15.00 -0.000806
80.00 -15.00 0.0010834
85.00 -15.00 0.0019296
90.00 -15.00 0.0013897
95.00 -15.00 -0.0001909
100.00 -15.00 -0.0006203
105.00 -15.00 0.0017587
110.00 -15.00 0.0043815
115.00 -15.00 0.0036135
120.00 -15.00 0.0011358
125.00 -15.00 0.0013989
130.00 -15.00 0.0035029
135.00 -15.00 0.0028023
140.00 -15.00 -0.0001044
145.00 -15.00 -0.0001599
150.00 -15.00 0.0027579
155.00 -15.00 0.0035784
160.00 -15.00 0.0009053
165.00 -15.00 -0.0017377
170.00 -15.00 -0.0028594
175.00 -15.00 -0.0040656
180.00 -15.00 -0.0054495
-180.00 -10.00 -0.0063653
-175.00 -10.00 -0.0048315
-170.00 -10.00 -0.0030311
-165.00 -10.00 -0.0030374
-160.00 -10.00 -0.0041396
-155.00 -10.00 -0.0050235
-150.00 -10.00 -0.0059221
-145.00 -10.00 -0.0061072
-140.00 -10.00 -0.0040388
-135.00 -10.00 -0.0012725
-130.00 -10.00 -0.0008863
-125.00 -10.00 -0.0020803
-120.00 -10.00 -0.0017147
-115.00 -10.00 0.0001713
-110.00 -10.00 0.0013633
-105.00 -10.00 0.0014811
-100.00 -10.00 0.0009755
-95.00 -10.00 -0.0003496
-90.00 -10.00 -0.0011798
-85.00 -10.00 0.0004466
-80.00 -10.00 0.0029133
-75.00 -10.00 0.0028338
-70.00 -10.00 0.0009352
-65.00 -10.00 0.0007064
-60.00 -10.00 0.0024291
-55.00 -10.00 0.0035814
-50.00 -10.00 0.0029763
-45.00 -10.00 0.0006811
-40.00 -10.00 -0.0027504
-35.00 -10.00 -0.004664
-30.00 -10.00 -0.0027682
-25.00 -10.00 -8.59e-05
-20.00 -10.00 -0.0013954
-15.00 -10.00 -0.0052042
-10.00 -10.00 -0.0063499
-5.00 -10.00 -0.004948
0.00 -10.00 -0.0047939
5.00 -10.00 -0.0053106
10.00 -10.00 -0.0036929
15.00 -10.00 -0.0022661
20.00 -10.00 -0.0047794
25.00 -10.00 -0.008059
30.00 -10.00 -0.0061819
35.00 -10.00 -0.0006865
40.00 -10.00 0.0016886
45.00 -10.00 -0.000409
50.00 -10.00 -0.0022561
55.00 -10.00 -0.0015411
60.00 -10.00 -0.0005768
65.00 -10.00 -0.0007581
70.00 -10.00 -0.0007024
75.00 -10.00 0.0003185
80.00 -10.00 0.0014751
85.00 -10.00 0.0023106
90.00 -10.00 0.002523
95.00 -10.00 0.0014594
100.00 -10.00 8.91e-05
105.00 -10.00 0.000566
110.00 -10.00 0.0020576
115.00 -10.00 0.0013577
120.00 -10.00 -0.0008609
125.00 -10.00 -0.000322
130.00 -10.00 0.0028105
135.00 -10.00 0.0034072
140.00 -10.00 0.000578
145.00 -10.00 -0.0007307
150.00 -10.00 0.0009208
155.00 -10.00 0.0010677
160.00 -10.00 -0.0020991
165.00 -10.00 -0.0050753
170.00 -10.00 -0.005952
175.00 -10.00 -0.0063279
180.00 -10.00 -0.0063653
-180.00 -5.00 -0.00485
-175.00 -5.00 -0.00309
-170.00 -5.00 -0.000641
-165.00 -5.00 -9.95e-05
-160.00 -5.00 -0.0016505
-155.00 -5.00 -0.0033613
-150.00 -5.00 -0.004175
-145.00 -5.00 -0.0036085
-140.00 -5.00 -0.0013594
-135.00 -5.00 0.0009047
-130.00 -5.00 0.0007692
-125.00 -5.00 -0.001201
-120.00 -5.00 -0.0022487
-115.00 -5.00 -0.001346
-110.00 -5.00 0.0005092
-105.00 -5.00 0.0022733
-100.00 -5.00 0.0031475
-95.00 -5.00 0.0031159
-90.00 -5.00 0.0036268
-85.00 -5.00 0.0050871
-80.00 -5.00 0.0052093
-75.00 -5.00 0.0029821
-70.00 -5.00 0.0010405
-65.00 -5.00 0.0009635
-60.00 -5.00 0.0009496
-55.00 -5.00 0.0005444
-50.00 -5.00 0.0013475
-45.00 -5.00 0.0017226
-40.00 -5.00 -0.0012979
-35.00 -5.00 -0.0047508
-30.00 -5.00 -0.0035902
-25.00 -5.00 -0.0006094
-20.00 -5.00 -0.0022303
-15.00 -5.00 -0.0066376
-10.00 -5.00 -0.0071473
-5.00 -5.00 -0.004426
0.00 -5.00 -0.0040509
5.00 -5.00 -0.0053599
10.00 -5.00 -0.0039744
15.00 -5.00 -0.0018253
20.00 -5.00 -0.0037193
25.00 -5.00 -0.0071867
30.00 -5.00 -0.0060275
35.00 -5.00 -0.001335
40.00 -5.00 0.0003569
45.00 -5.00 -0.0019972
50.00 -5.00 -0.0032238
55.00 -5.00 -0.0010315
60.00 -5.00 0.0014196
65.00 -5.00 0.0017545
70.00 -5.00 0.0011665
75.00 -5.00 0.0009023
80.00 -5.00 0.0008499
85.00 -5.00 0.0014784
90.00 -5.00 0.0030534
95.00 -5.00 0.0037105
100.00 -5.00 0.002088
105.00 -5.00 0.0002026
110.00 -5.00 4.56e-05
115.00 -5.00 0.0001334
120.00 -5.00 -0.0007901
125.00 -5.00 -0.0006466
130.00 -5.00 0.0013566
135.00 -5.00 0.0019741
140.00 -5.00 -0.0001806
145.00 -5.00 -0.001705
150.00 -5.00 -0.0010123
155.00 -5.00 -0.0013909
160.00 -5.00 -0.0042996
165.00 -5.00 -0.0064592
170.00 -5.00 -0.0060956
175.00 -5.00 -0.0053103
180.00 -5.00 -0.0048501
-180.00 0.00 -0.0015031
-175.00 0.00 -0.0021584
-170.00 0.00 -0.0015679
-165.00 0.00 -0.0013344
-160.00 0.00 -0.002317
-155.00 0.00 -0.002962
-150.00 0.00 -0.0022547
-145.00 0.00 -0.0009792
-140.00 0.00 -9.37e-05
-135.00 0.00 4.99e-05
-130.00 0.00 -0.0005124
-125.00 0.00 -0.0012811
-120.00 0.00 -0.0016325
-115.00 0.00 -0.0013033
-110.00 0.00 -0.0002772
-105.00 0.00 0.0010751
-100.00 0.00 0.0021349
-95.00 0.00 0.003302
-90.00 0.00 0.0054324
-85.00 0.00 0.0070339
-80.00 0.00 0.005484
-75.00 0.00 0.0020335
-70.00 0.00 0.0005657
-65.00 0.00 0.0008927
-60.00 0.00 -0.0001254
-55.00 0.00 -0.0013406
-50.00 0.00 0.00041
-45.00 0.00 0.0022763
-40.00 0.00 -0.000489
-35.00 0.00 -0.004668
-30.00 0.00 -0.0040435
-25.00 0.00 -0.0009892
-20.00 0.00 -0.0018909
-15.00 0.00 -0.005063
-10.00 0.00 -0.004627
-5.00 0.00 -0.0019544
0.00 0.00 -0.0022026
5.00 0.00 -0.0040606
10.00 0.00 -0.0032016
15.00 0.00 -0.0014481
20.00 0.00 -0.0032092
25.00 0.00 -0.0067675
30.00 0.00 -0.0071797
35.00 0.00 -0.0046107
40.00 0.00 -0.0030333
45.00 0.00 -0.0031206
50.00 0.00 -0.0021328
55.00 0.00 0.0006087
60.00 0.00 0.0028084
65.00 0.00 0.0031734
70.00 0.00 0.002651
75.00 0.00 0.0019641
80.00 0.00 0.0011859
85.00 0.00 0.0015282
90.00 0.00 0.0039667
95.00 0.00 0.0061717
100.00 0.00 0.0048609
105.00 0.00 0.0012227
110.00 0.00 -0.0004146
115.00 0.00 0.0008764
120.00 0.00 0.0021053
125.00 0.00 0.0017541
130.00 0.00 0.0008499
135.00 0.00 -0.0002396
140.00 0.00 -0.001592
145.00 0.00 -0.0021711
150.00 0.00 -0.0021558
155.00 0.00 -0.0037074
160.00 0.00 -0.0064566
165.00 0.00 -0.0066984
170.00 0.00 -0.0036433
175.00 0.00 -0.0012056
180.00 0.00 -0.0015031
-180.00 5.00 0.0011193
-175.00 5.00 -0.0011219
-170.00 5.00 -0.002312
-165.00 5.00 -0.0031332
-160.00 5.00 -0.0043764
-155.00 5.00 -0.0042699
-150.00 5.00 -0.0018745
-145.00 5.00 0.0003451
-140.00 5.00 -0.0002608
-135.00 5.00 -0.002771
-130.00 5.00 -0.004053
-125.00 5.00 -0.0028652
-120.00 5.00 -0.0009188
-115.00 5.00 -7.19e-05
-110.00 5.00 -0.0002777
-105.00 5.00 -0.0007228
-100.00 5.00 -0.000895
-95.00 5.00 9.87e-05
-90.00 5.00 0.0026154
-85.00 5.00 0.0045074
-80.00 5.00 0.0035532
-75.00 5.00 0.0015688
-70.00 5.00 0.0015545
-65.00 5.00 0.0020545
-60.00 5.00 0.000261
-55.00 5.00 -0.0015555
-50.00 5.00 4.14e-05
-45.00 5.00 0.0023055
-40.00 5.00 0.0008563
-35.00 5.00 -0.0021164
-30.00 5.00 -0.0023242
-25.00 5.00 -0.001478
-20.00 5.00 -0.002897
-15.00 5.00 -0.0043201
-10.00 5.00 -0.0027361
-5.00 5.00 -0.0008036
0.00 5.00 -0.0016979
5.00 5.00 -0.0032263
10.00 5.00 -0.0026774
15.00 5.00 -0.0019878
20.00 5.00 -0.0035863
25.00 5.00 -0.0059751
30.00 5.00 -0.0066525
35.00 5.00 -0.005518
40.00 5.00 -0.0036173
45.00 5.00 -0.0015708
50.00 5.00 6.78e-05
55.00 5.00 0.0010482
60.00 5.00 0.0019684
65.00 5.00 0.0033206
70.00 5.00 0.0044828
75.00 5.00 0.0044294
80.00 5.00 0.0032962
85.00 5.00 0.0028915
90.00 5.00 0.0047292
95.00 5.00 0.0071376
100.00 5.00 0.0064467
105.00 5.00 0.0024488
110.00 5.00 -0.0002899
115.00 5.00 0.0012235
120.00 5.00 0.0040721
125.00 5.00 0.0040173
130.00 5.00 0.0012132
135.00 5.00 -0.0011397
140.00 5.00 -0.0013078
145.00 5.00 -0.0005487
150.00 5.00 -0.0016385
155.00 5.00 -0.0056958
160.00 5.00 -0.0095248
165.00 5.00 -0.0084284
170.00 5.00 -0.0028531
175.00 5.00 0.0014298
180.00 5.00 0.0011193
-180.00 10.00 0.0005855
-175.00 10.00 1.9e-06
-170.00 10.00 -0.0006673
-165.00 10.00 -0.0026542
-160.00 10.00 -0.005786
-155.00 10.00 -0.0066081
-150.00 10.00 -0.0034135
-145.00 10.00 0.0001495
-140.00 10.00 -0.0003408
-135.00 10.00 -0.0039131
-130.00 10.00 -0.0056804
-125.00 10.00 -0.0034946
-120.00 10.00 -0.0001676
-115.00 10.00 0.0009053
-110.00 10.00 -0.0004324
-105.00 10.00 -0.0022799
-100.00 10.00 -0.0031507
-95.00 10.00 -0.0023577
-90.00 10.00 -0.0001656
-85.00 10.00 0.0018451
-80.00 10.00 0.0025887
-75.00 10.00 0.0031696
-70.00 10.00 0.0043836
-65.00 10.00 0.0042985
-60.00 10.00 0.0016581
-55.00 10.00 -0.0007997
-50.00 10.00 -0.0003408
-45.00 10.00 0.0013801
-40.00 10.00 0.0016555
-35.00 10.00 0.0007652
-30.00 10.00 -0.0005297
-25.00 10.00 -0.0029317
-20.00 10.00 -0.0053652
-15.00 10.00 -0.0050113
-10.00 10.00 -0.0024666
-5.00 10.00 -0.0013678
0.00 10.00 -0.0022356
5.00 10.00 -0.0024968
10.00 10.00 -0.0020573
15.00 10.00 -0.0028647
20.00 10.00 -0.0043081
25.00 10.00 -0.0045004
30.00 10.00 -0.0039155
35.00 10.00 -0.003401
40.00 10.00 -0.0019433
45.00 10.00 0.0002272
50.00 10.00 0.0006426
55.00 10.00 -0.0007065
60.00 10.00 -0.0004043
65.00 10.00 0.0028359
70.00 10.00 0.0061456
75.00 10.00 0.0069933
80.00 10.00 0.0058984
85.00 10.00 0.0046071
90.00 10.00 0.0043508
95.00 10.00 0.0050769
100.00 10.00 0.004943
105.00 10.00 0.0025397
110.00 10.00 -4.91e-05
115.00 10.00 0.0004167
120.00 10.00 0.0030576
125.00 10.00 0.0038237
130.00 10.00 0.0017014
135.00 10.00 5.04e-05
140.00 10.00 0.0012048
145.00 10.00 0.0028107
150.00 10.00 0.0008153
155.00 10.00 -0.0050664
160.00 10.00 -0.0101232
165.00 10.00 -0.0096705
170.00 10.00 -0.0046845
175.00 10.00 -0.0003692
180.00 10.00 0.0005855
-180.00 15.00 -0.0028649
-175.00 15.00 -0.0003717
-170.00 15.00 0.0008551
-165.00 15.00 -0.001584
-160.00 15.00 -0.0061832
-155.00 15.00 -0.0079365
-150.00 15.00 -0.0046836
-145.00 15.00 -0.0003716
-140.00 15.00 8.71e-05
-135.00 15.00 -0.0027942
-130.00 15.00 -0.0043345
-125.00 15.00 -0.0022147
-120.00 15.00 0.0009868
-115.00 15.00 0.0017665
-110.00 15.00 -0.0001971
-105.00 15.00 -0.0026274
-100.00 15.00 -0.0035302
-95.00 15.00 -0.0025162
-90.00 15.00 -0.0004051
-85.00 15.00 0.0017045
-80.00 15.00 0.0033978
-75.00 15.00 0.0048384
-70.00 15.00 0.0055041
-65.00 15.00 0.0043391
-60.00 15.00 0.0017874
-55.00 15.00 -0.0001255
-50.00 15.00 -0.0004125
-45.00 15.00 0.0001283
-40.00 15.00 0.0007231
-35.00 15.00 0.0006863
-30.00 15.00 -0.0013283
-25.00 15.00 -0.004887
-20.00 15.00 -0.0064445
-15.00 15.00 -0.0042537
-10.00 15.00 -0.001751
-5.00 15.00 -0.0019273
0.00 15.00 -0.0024877
5.00 15.00 -0.0011758
10.00 15.00 -0.0005793
15.00 15.00 -0.0025898
20.00 15.00 -0.0040188
25.00 15.00 -0.0026687
30.00 15.00 -0.001439
35.00 15.00 -0.0021373
40.00 15.00 -0.0020506
45.00 15.00 -0.000158
50.00 15.00 0.0004812
55.00 15.00 -0.0007007
60.00 15.00 -1.64e-05
65.00 15.00 0.0037003
70.00 15.00 0.0071695
75.00 15.00 0.0083507
80.00 15.00 0.0080924
85.00 15.00 0.0065451
90.00 15.00 0.0034565
95.00 15.00 0.0008413
100.00 15.00 0.000586
105.00 15.00 0.0012078
110.00 15.00 0.0007618
115.00 15.00 0.0003304
120.00 15.00 0.0013484
125.00 15.00 0.0024838
130.00 15.00 0.0022658
135.00 15.00 0.0020404
140.00 15.00 0.0034083
145.00 15.00 0.0047975
150.00 15.00 0.0032614
155.00 15.00 -0.0012737
160.00 15.00 -0.0056312
165.00 15.00 -0.0071578
170.00 15.00 -0.0062906
175.00 15.00 -0.0047642
180.00 15.00 -0.0028649
-180.00 20.00 -0.0055026
-175.00 20.00 -0.0013761
-170.00 20.00 0.0008401
-165.00 20.00 -0.001182
-160.00 20.00 -0.0050983
-155.00 20.00 -0.0064855
-150.00 20.00 -0.0041033
-145.00 20.00 -0.0010273
-140.00 20.00 -0.0004243
-135.00 20.00 -0.001797
-130.00 20.00 -0.0022464
-125.00 20.00 -0.0003719
-120.00 20.00 0.0022642
-115.00 20.00 0.0032012
-110.00 20.00 0.00164
-105.00 20.00 -0.0010765
-100.00 20.00 -0.0028464
-95.00 20.00 -0.0024571
-90.00 20.00 -0.0002552
-85.00 20.00 0.0024442
-80.00 20.00 0.0043642
-75.00 20.00 0.0047118
-70.00 20.00 0.003376
-65.00 20.00 0.0013562
-60.00 20.00 0.0002622
-55.00 20.00 0.0004818
-50.00 20.00 0.0007401
-45.00 20.00 0.000255
-40.00 20.00 -0.000368
-35.00 20.00 -0.0012606
-30.00 20.00 -0.0034841
-25.00 20.00 -0.0057929
-20.00 20.00 -0.0050916
-15.00 20.00 -0.0019354
-10.00 20.00 -0.000749
-5.00 20.00 -0.0024463
0.00 20.00 -0.0027464
5.00 20.00 -0.0002857
10.00 20.00 0.000626
15.00 20.00 -0.0016792
20.00 20.00 -0.0028804
25.00 20.00 -0.0009976
30.00 20.00 -7.57e-05
35.00 20.00 -0.0020678
40.00 20.00 -0.0029827
45.00 20.00 -0.000458
50.00 20.00 0.0023481
55.00 20.00 0.0031529
60.00 20.00 0.003853
65.00 20.00 0.0056246
70.00 20.00 0.0071102
75.00 20.00 0.0081232
80.00 20.00 0.0091997
85.00 20.00 0.0081206
90.00 20.00 0.0029481
95.00 20.00 -0.0027388
100.00 20.00 -0.0036559
105.00 20.00 -0.0004991
110.00 20.00 0.0016531
115.00 20.00 0.0010772
120.00 20.00 0.0004117
125.00 20.00 0.0012009
130.00 20.00 0.0021272
135.00 20.00 0.0022039
140.00 20.00 0.0021158
145.00 20.00 0.0023586
150.00 20.00 0.0023846
155.00 20.00 0.0016049
160.00 20.00 -0.0001856
165.00 20.00 -0.0030329
170.00 20.00 -0.0061829
175.00 20.00 -0.0075637
180.00 20.00 -0.0055026
-180.00 25.00 -0.0035114
-175.00 25.00 -5.18e-05
-170.00 25.00 0.0011097
-165.00 25.00 -0.0005866
-160.00 25.00 -0.0028627
-155.00 25.00 -0.0037635
-150.00 25.00 -0.0034485
-145.00 25.00 -0.0028574
-140.00 25.00 -0.0021142
-135.00 25.00 -0.0009388
-130.00 25.00 0.0004483
-125.00 25.00 0.0017141
-120.00 25.00 0.0029536
-115.00 25.00 0.0039704
-110.00 25.00 0.003684
-105.00 25.00 0.0013851
-100.00 25.00 -0.0016418
-95.00 25.00 -0.0028235
-90.00 25.00 -0.0008799
-85.00 25.00 0.0027761
-80.00 25.00 0.0052777
-75.00 25.00 0.0047597
-70.00 25.00 0.0019492
-65.00 25.00 -0.0004275
-60.00 25.00 -0.0003452
-55.00 25.00 0.0013068
-50.00 25.00 0.0020263
-45.00 25.00 0.0009433
-40.00 25.00 -0.0008402
-35.00 25.00 -0.0027363
-30.00 25.00 -0.0048312
-25.00 25.00 -0.0057391
-20.00 25.00 -0.0039043
-15.00 25.00 -0.0012661
-10.00 25.00 -0.0013262
-5.00 25.00 -0.0031837
0.00 25.00 -0.0026147
5.00 25.00 0.0003698
10.00 25.00 0.0011718
15.00 25.00 -0.0011568
20.00 25.00 -0.0021476
25.00 25.00 -6.64e-05
30.00 25.00 0.0012185
35.00 25.00 -0.0002352
40.00 25.00 -0.0008887
45.00 25.00 0.001713
50.00 25.00 0.0049387
55.00 25.00 0.0060117
60.00 25.00 0.0056914
65.00 25.00 0.0054212
70.00 25.00 0.0054571
75.00 25.00 0.0063887
80.00 25.00 0.0080703
85.00 25.00 0.0075104
90.00 25.00 0.0025775
95.00 25.00 -0.0031018
100.00 25.00 -0.0039706
105.00 25.00 -0.0004285
110.00 25.00 0.0020524
115.00 25.00 0.0010421
120.00 25.00 -0.0005029
125.00 25.00 -1.14e-05
130.00 25.00 0.0010509
135.00 25.00 0.0003394
140.00 25.00 -0.0016669
145.00 25.00 -0.0025755
150.00 25.00 -0.0012305
155.00 25.00 0.0009577
160.00 25.00 0.0013757
165.00 25.00 -0.0011359
170.00 25.00 -0.0046855
175.00 25.00 -0.0058839
180.00 25.00 -0.0035114
-180.00 30.00 0.0019607
-175.00 30.00 0.0031505
-170.00 30.00 0.0018874
-165.00 30.00 -0.0002066
-160.00 30.00 -0.0015606
-155.00 30.00 -0.0027052
-150.00 30.00 -0.0043789
-145.00 30.00 -0.0050658
-140.00 30.00 -0.0026314
-135.00 30.00 0.0019661
-130.00 30.00 0.0049576
-125.00 30.00 0.0043814
-120.00 30.00 0.0024806
-115.00 30.00 0.0022993
-110.00 30.00 0.0034499
-105.00 30.00 0.0030918
-100.00 30.00 0.000407
-95.00 30.00 -0.0019024
-90.00 30.00 -0.000939
-85.00 30.00 0.0028532
-80.00 30.00 0.0061861
-75.00 30.00 0.006445
-70.00 30.00 0.004158
-65.00 30.00 0.0019838
-60.00 30.00 0.001576
-55.00 30.00 0.0019888
-50.00 30.00 0.0014221
-45.00 30.00 -0.0003448
-40.00 30.00 -0.00228
-35.00 30.00 -0.0039622
-30.00 30.00 -0.0054041
-25.00 30.00 -0.0057421
-20.00 30.00 -0.0043744
-15.00 30.00 -0.0028384
-10.00 30.00 -0.0028257
-5.00 30.00 -0.0028913
0.00 30.00 -0.0005274
5.00 30.00 0.0028961
10.00 30.00 0.0034109
15.00 30.00 0.0007903
20.00 30.00 -0.0008786
25.00 30.00 0.0004167
30.00 30.00 0.0022201
35.00 30.00 0.0025802
40.00 30.00 0.0028508
45.00 30.00 0.0040888
50.00 30.00 0.0048075
55.00 30.00 0.003994
60.00 30.00 0.0029874
65.00 30.00 0.0030323
70.00 30.00 0.0037316
75.00 30.00 0.0045332
80.00 30.00 0.0051305
85.00 30.00 0.0044183
90.00 30.00 0.0018568
95.00 30.00 -0.0004435
100.00 30.00 1.61e-05
105.00 30.00 0.0021254
110.00 30.00 0.0025077
115.00 30.00 0.0006378
120.00 30.00 -0.000578
125.00 30.00 0.0003839
130.00 30.00 0.0013107
135.00 30.00 -0.0002078
140.00 30.00 -0.0030967
145.00 30.00 -0.0041925
150.00 30.00 -0.0023095
155.00 30.00 0.0004041
160.00 30.00 0.0011107
165.00 30.00 -0.0004316
170.00 30.00 -0.0017075
175.00 30.00 -0.0005925
180.00 30.00 0.0019607
-180.00 35.00 0.005615
-175.00 35.00 0.0044198
-170.00 35.00 0.0013406
-165.00 35.00 -0.0009298
-160.00 35.00 -0.0017308
-155.00 35.00 -0.0029039
-150.00 35.00 -0.0050132
-145.00 35.00 -0.005215
-140.00 35.00 -0.0008712
-135.00 35.00 0.0057294
-130.00 35.00 0.0088562
-125.00 35.00 0.0060005
-120.00 35.00 0.0009927
-115.00 35.00 -0.0007266
-110.00 35.00 0.0015373
-105.00 35.00 0.0037813
-100.00 35.00 0.0029244
-95.00 35.00 0.0003694
-90.00 35.00 -0.000368
-85.00 35.00 0.001955
-80.00 35.00 0.0053267
-75.00 35.00 0.0071979
-70.00 35.00 0.0070147
-65.00 35.00 0.0058785
-60.00 35.00 0.0045594
-55.00 35.00 0.0027437
-50.00 35.00 0.0001952
-45.00 35.00 -0.0023187
-40.00 35.00 -0.0038774
-35.00 35.00 -0.0045154
-30.00 35.00 -0.0047067
-25.00 35.00 -0.004398
-20.00 35.00 -0.0035527
-15.00 35.00 -0.0028982
-10.00 35.00 -0.0027017
-5.00 35.00 -0.001514
0.00 35.00 0.0019321
5.00 35.00 0.0059651
10.00 35.00 0.0073422
15.00 35.00 0.0054159
20.00 35.00 0.0028061
25.00 35.00 0.0017906
30.00 35.00 0.0021938
35.00 35.00 0.0030318
40.00 35.00 0.0038742
45.00 35.00 0.0040591
50.00 35.00 0.002825
55.00 35.00 0.0010079
60.00 35.00 0.000693
65.00 35.00 0.002395
70.00 35.00 0.0041653
75.00 35.00 0.0041253
80.00 35.00 0.0025443
85.00 35.00 0.0010083
90.00 35.00 0.0007497
95.00 35.00 0.0019856
100.00 35.00 0.003729
105.00 35.00 0.0042353
110.00 35.00 0.0028324
115.00 35.00 0.0012006
120.00 35.00 0.001495
125.00 35.00 0.0032505
130.00 35.00 0.0037021
135.00 35.00 0.0015421
140.00 35.00 -0.0010897
145.00 35.00 -0.00125
150.00 35.00 0.0010996
155.00 35.00 0.0031745
160.00 35.00 0.0029598
165.00 35.00 0.0016373
170.00 35.00 0.0018348
175.00 35.00 0.0039982
180.00 35.00 0.005615
-180.00 40.00 0.0049114
-175.00 40.00 0.0029225
-170.00 40.00 0.0001834
-165.00 40.00 -0.0010977
-160.00 40.00 -0.0010635
-155.00 40.00 -0.0017157
-150.00 40.00 -0.0033431
-145.00 40.00 -0.0032333
-140.00 40.00 0.000751
-135.00 40.00 0.006313
-130.00 40.00 0.0083927
-125.00 40.00 0.0049791
-120.00 40.00 -0.0002687
-115.00 40.00 -0.0021192
-110.00 40.00 0.0004608
-105.00 40.00 0.0037734
-100.00 40.00 0.0041239
-95.00 40.00 0.0017191
-90.00 40.00 -0.0003645
-85.00 40.00 8.99e-05
-80.00 40.00 0.0026012
-75.00 40.00 0.0052954
-70.00 40.00 0.006906
-65.00 40.00 0.0072069
-60.00 40.00 0.0062613
-55.00 40.00 0.004109
-50.00 40.00 0.0012211
-45.00 40.00 -0.0013676
-40.00 40.00 -0.0027569
-35.00 40.00 -0.0027832
-30.00 40.00 -0.0017991
-25.00 40.00 -0.0003193
-20.00 40.00 0.0008318
-15.00 40.00 0.0007183
-10.00 40.00 -0.0005373
-5.00 40.00 -0.0011663
0.00 40.00 0.0006373
5.00 40.00 0.0044604
10.00 40.00 0.0078028
15.00 40.00 0.0085472
20.00 40.00 0.0067008
25.00 40.00 0.0038488
30.00 40.00 0.0017332
35.00 40.00 0.0013046
40.00 40.00 0.0021838
45.00 40.00 0.0028787
50.00 40.00 0.002347
55.00 40.00 0.0014385
60.00 40.00 0.0019079
65.00 40.00 0.0038603
70.00 40.00 0.0052058
75.00 40.00 0.004138
80.00 40.00 0.0014031
85.00 40.00 -0.000499
90.00 40.00 1.5e-06
95.00 40.00 0.0020845
100.00 40.00 0.0035841
105.00 40.00 0.0032762
110.00 40.00 0.0021542
115.00 40.00 0.0022774
120.00 40.00 0.0041734
125.00 40.00 0.0058229
130.00 40.00 0.0048981
135.00 40.00 0.001835
140.00 40.00 -0.0002474
145.00 40.00 0.0009601
150.00 40.00 0.0042428
155.00 40.00 0.0063086
160.00 40.00 0.0056132
165.00 40.00 0.003876
170.00 40.00 0.003566
175.00 40.00 0.0046767
180.00 40.00 0.0049114
-180.00 45.00 0.0027637
-175.00 45.00 0.0018113
-170.00 45.00 0.0008684
-165.00 45.00 0.0008702
-160.00 45.00 0.0012658
-155.00 45.00 0.0006624
-150.00 45.00 -0.0009254
-145.00 45.00 -0.0015191
-140.00 45.00 0.000432
-135.00 45.00 0.0036551
-130.00 45.00 0.0050601
-125.00 45.00 0.003251
-120.00 45.00 0.0002247
-115.00 45.00 -0.0009062
-110.00 45.00 0.0006272
-105.00 45.00 0.0027041
-100.00 45.00 0.0029986
-95.00 45.00 0.0014691
-90.00 45.00 -1.08e-05
-85.00 45.00 0.0001105
-80.00 45.00 0.0017174
-75.00 45.00 0.0036548
-70.00 45.00 0.0050334
-65.00 45.00 0.0056733
-60.00 45.00 0.0056471
-55.00 45.00 0.0048871
-50.00 45.00 0.0033503
-45.00 45.00 0.001365
-40.00 45.00 -0.0003185
-35.00 45.00 -0.0008191
-30.00 45.00 0.0003627
-25.00 45.00 0.0027476
-20.00 45.00 0.0047006
-15.00 45.00 0.0043563
-10.00 45.00 0.0013366
-5.00 45.00 -0.0024147
0.00 45.00 -0.0039677
5.00 45.00 -0.0019238
10.00 45.00 0.0023291
15.00 45.00 0.0058037
20.00 45.00 0.00632
25.00 45.00 0.0040463
30.00 45.00 0.0011101
35.00 45.00 -0.0002616
40.00 45.00 0.0004587
45.00 45.00 0.0019531
50.00 45.00 0.0027012
55.00 45.00 0.0025813
60.00 45.00 0.0025796
65.00 45.00 0.0031553
70.00 45.00 0.0035465
75.00 45.00 0.0029127
80.00 45.00 0.0016345
85.00 45.00 0.0009489
90.00 45.00 0.001412
95.00 45.00 0.0022153
100.00 45.00 0.0022513
105.00 45.00 0.0016295
110.00 45.00 0.0017218
115.00 45.00 0.0034575
120.00 45.00 0.0057552
125.00 45.00 0.0061844
130.00 45.00 0.0035677
135.00 45.00 -0.0002921
140.00 45.00 -0.0020211
145.00 45.00 -1.06e-05
150.00 45.00 0.0039356
155.00 45.00 0.0065059
160.00 45.00 0.0061898
165.00 45.00 0.0043396
170.00 45.00 0.0031
175.00 45.00 0.0029543
180.00 45.00 0.0027637
-180.00 50.00 0.0020344
-175.00 50.00 0.0024059
-170.00 50.00 0.0027373
-165.00 50.00 0.0029905
-160.00 50.00 0.0027396
-155.00 50.00 0.0015441
-150.00 50.00 -0.0001624
-145.00 50.00 -0.0010455
-140.00 50.00 -0.0001261
-135.00 50.00 0.0020377
-130.00 50.00 0.0037542
-125.00 50.00 0.0038479
-120.00 50.00 0.0026937
-115.00 50.00 0.0015574
-110.00 50.00 0.0011971
-105.00 50.00 0.0013843
-100.00 50.00 0.0016408
-95.00 50.00 0.0019979
-90.00 50.00 0.0028014
-85.00 50.00 0.0039847
-80.00 50.00 0.0048913
-75.00 50.00 0.0049259
-70.00 50.00 0.0042292
-65.00 50.00 0.0035549
-60.00 50.00 0.0034671
-55.00 50.00 0.0037143
-50.00 50.00 0.0034256
-45.00 50.00 0.0019653
-40.00 50.00 -0.0003018
-35.00 50.00 -0.0020415
-30.00 50.00 -0.0019077
-25.00 50.00 0.0002096
-20.00 50.00 0.0027289
-15.00 50.00 0.0033756
-10.00 50.00 0.0010536
-5.00 50.00 -0.0030157
0.00 50.00 -0.0060719
5.00 50.00 -0.0059909
10.00 50.00 -0.0029823
15.00 50.00 0.0006604
20.00 50.00 0.0024818
25.00 50.00 0.0017613
30.00 50.00 -0.0001797
35.00 50.00 -0.0013818
40.00 50.00 -0.0009947
45.00 50.00 0.0002193
50.00 50.00 0.0009335
55.00 50.00 0.0006361
60.00 50.00 -5.17e-05
65.00 50.00 -0.0002008
70.00 50.00 0.0005581
75.00 50.00 0.0019535
80.00 50.00 0.0034964
85.00 50.00 0.0047136
90.00 50.00 0.0051271
95.00 50.00 0.0044493
100.00 50.00 0.0030661
105.00 50.00 0.0021433
110.00 50.00 0.002806
115.00 50.00 0.0049087
120.00 50.00 0.0067305
125.00 50.00 0.0062926
130.00 50.00 0.0032959
135.00 50.00 -0.0002796
140.00 50.00 -0.0017606
145.00 50.00 -0.0001602
150.00 50.00 0.0029878
155.00 50.00 0.0051503
160.00 50.00 0.0050696
165.00 50.00 0.0035358
170.00 50.00 0.0021629
175.00 50.00 0.0017665
180.00 50.00 0.0020344
-180.00 55.00 0.0017797
-175.00 55.00 0.0026889
-170.00 55.00 0.0031704
-165.00 55.00 0.0029212
-160.00 55.00 0.0019096
-155.00 55.00 0.0004471
-150.00 55.00 -0.0007538
-145.00 55.00 -0.0008473
-140.00 55.00 0.0005478
-135.00 55.00 0.0029192
-130.00 55.00 0.005098
-125.00 55.00 0.0060405
-120.00 55.00 0.0054948
-115.00 55.00 0.0040445
-110.00 55.00 0.0026449
-105.00 55.00 0.0021169
-100.00 55.00 0.0028606
-95.00 55.00 0.0047249
-90.00 55.00 0.0069726
-85.00 55.00 0.0084936
-80.00 55.00 0.0083731
-75.00 55.00 0.0065391
-70.00 55.00 0.0039387
-65.00 55.00 0.0019556
-60.00 55.00 0.0014185
-55.00 55.00 0.001968
-50.00 55.00 0.002325
-45.00 55.00 0.0013032
-40.00 55.00 -0.0011963
-35.00 55.00 -0.0040042
-30.00 55.00 -0.0055125
-25.00 55.00 -0.0049135
-20.00 55.00 -0.0028644
-15.00 55.00 -0.0009942
-10.00 55.00 -0.0006134
-5.00 55.00 -0.0016924
0.00 55.00 -0.0029778
5.00 55.00 -0.003129
10.00 55.00 -0.0018689
15.00 55.00 -0.0001578
20.00 55.00 0.000699
25.00 55.00 0.0001664
30.00 55.00 -0.0011673
35.00 55.00 -0.0022341
40.00 55.00 -0.0024529
45.00 55.00 -0.0021137
50.00 55.00 -0.0018957
55.00 55.00 -0.0020769
60.00 55.00 -0.0022123
65.00 55.00 -0.0015306
70.00 55.00 0.000376
75.00 55.00 0.0031568
80.00 55.00 0.0058397
85.00 55.00 0.0073386
90.00 55.00 0.0070433
95.00 55.00 0.0052255
100.00 55.00 0.0030193
105.00 55.00 0.0018431
110.00 55.00 0.0024821
115.00 55.00 0.0044551
120.00 55.00 0.0062707
125.00 55.00 0.0065311
130.00 55.00 0.0050432
135.00 55.00 0.0029579
140.00 55.00 0.0017664
145.00 55.00 0.0020385
150.00 55.00 0.0030454
155.00 55.00 0.0035565
160.00 55.00 0.002983
165.00 55.00 0.001795
170.00 55.00 0.0009457
175.00 55.00 0.0009985
180.00 55.00 0.0017797
-180.00 60.00 0.0010216
-175.00 60.00 0.0020997
-170.00 60.00 0.0025185
-165.00 60.00 0.0020788
-160.00 60.00 0.0009945
-155.00 60.00 -0.0001846
-150.00 60.00 -0.0007837
-145.00 60.00 -0.0003046
-140.00 60.00 0.0012952
-135.00 60.00 0.0035182
-130.00 60.00 0.005542
-125.00 60.00 0.0066453
-120.00 60.00 0.0065942
-115.00 60.00 0.0057544
-110.00 60.00 0.0048773
-105.00 60.00 0.0046871
-100.00 60.00 0.0054803
-95.00 60.00 0.0069234
-90.00 60.00 0.0081694
-85.00 60.00 0.0082879
-80.00 60.00 0.0068248
-75.00 60.00 0.0041655
-70.00 60.00 0.0014146
-65.00 60.00 -0.0002154
-60.00 60.00 -0.0001576
-55.00 60.00 0.0011152
-50.00 60.00 0.002358
-45.00 60.00 0.0023398
-40.00 60.00 0.0006346
-35.00 60.00 -0.0021137
-30.00 60.00 -0.0046229
-25.00 60.00 -0.0057855
-20.00 60.00 -0.0052926
-15.00 60.00 -0.0036649
-10.00 60.00 -0.0017535
-5.00 60.00 -0.000152
0.00 60.00 0.0010289
5.00 60.00 0.0019366
10.00 60.00 0.0026019
15.00 60.00 0.0028014
20.00 60.00 0.0022698
25.00 60.00 0.0010267
30.00 60.00 -0.0005226
35.00 60.00 -0.0018208
40.00 60.00 -0.0025133
45.00 60.00 -0.0026063
50.00 60.00 -0.002307
55.00 60.00 -0.0017323
60.00 60.00 -0.0007786
65.00 60.00 0.0007189
70.00 60.00 0.0026852
75.00 60.00 0.0046351
80.00 60.00 0.0058093
85.00 60.00 0.0055664
90.00 60.00 0.0038044
95.00 60.00 0.0011425
100.00 60.00 -0.0012908
105.00 60.00 -0.0024036
110.00 60.00 -0.0017287
115.00 60.00 0.0003141
120.00 60.00 0.0026815
125.00 60.00 0.0043397
130.00 60.00 0.0048296
135.00 60.00 0.0043761
140.00 60.00 0.003522
145.00 60.00 0.0026457
150.00 60.00 0.0017749
155.00 60.00 0.0007949
160.00 60.00 -0.0002243
165.00 60.00 -0.0009368
170.00 60.00 -0.0009568
175.00 60.00 -0.0001932
180.00 60.00 0.0010216
-180.00 65.00 0.0014471
-175.00 65.00 0.0026763
-170.00 65.00 0.0032528
-165.00 65.00 0.0030705
-160.00 65.00 0.0023267
-155.00 65.00 0.0014396
-150.00 65.00 0.0008769
-145.00 65.00 0.0009631
-140.00 65.00 0.0017481
-135.00 65.00 0.0029973
-130.00 65.00 0.0043124
-125.00 65.00 0.0053233
-120.00 65.00 0.0058546
-115.00 65.00 0.0059743
-110.00 65.00 0.005903
-105.00 65.00 0.0058338
-100.00 65.00 0.0057682
-95.00 65.00 0.0054737
-90.00 65.00 0.0046068
-85.00 65.00 0.0029554
-80.00 65.00 0.0006662
-75.00 65.00 -0.0016959
-70.00 65.00 -0.0033381
-65.00 65.00 -0.0036156
-60.00 65.00 -0.0023963
-55.00 65.00 -0.0001966
-50.00 65.00 0.0020195
-45.00 65.00 0.0032877
-40.00 65.00 0.0030987
-35.00 65.00 0.0016134
-30.00 65.00 -0.0004656
-25.00 65.00 -0.0022689
-20.00 65.00 -0.0031548
-15.00 65.00 -0.0029216
-10.00 65.00 -0.0017748
-5.00 65.00 -0.0001405
0.00 65.00 0.0015279
5.00 65.00 0.002859
10.00 65.00 0.0035959
15.00 65.00 0.003612
20.00 65.00 0.0029412
25.00 65.00 0.0017964
30.00 65.00 0.0005243
35.00 65.00 -0.0005068
40.00 65.00 -0.0010339
45.00 65.00 -0.000966
50.00 65.00 -0.0003618
55.00 65.00 0.000637
60.00 65.00 0.0018513
65.00 65.00 0.0030556
70.00 65.00 0.0039505
75.00 65.00 0.0041858
80.00 65.00 0.0034716
85.00 65.00 0.0017439
90.00 65.00 -0.0007124
95.00 65.00 -0.0032807
100.00 65.00 -0.005204
105.00 65.00 -0.0058814
110.00 65.00 -0.0051274
115.00 65.00 -0.003253
120.00 65.00 -0.0009226
125.00 65.00 0.0011354
130.00 65.00 0.0024039
135.00 65.00 0.0027059
140.00 65.00 0.0021633
145.00 65.00 0.0010658
150.00 65.00 -0.0002418
155.00 65.00 -0.0014129
160.00 65.00 -0.0021259
165.00 65.00 -0.0021418
170.00 65.00 -0.0013966
175.00 65.00 -6.87e-05
180.00 65.00 0.0014471
-180.00 70.00 0.0035403
-175.00 70.00 0.0045713
-170.00 70.00 0.0051512
-165.00 70.00 0.0052075
-160.00 70.00 0.0048262
-155.00 70.00 0.0042141
-150.00 70.00 0.0036234
-145.00 70.00 0.0032653
-140.00 70.00 0.0032482
-135.00 70.00 0.0035572
-130.00 70.00 0.0040791
-125.00 70.00 0.0046525
-120.00 70.00 0.0051194
-115.00 70.00 0.0053534
-110.00 70.00 0.0052608
-105.00 70.00 0.0047662
-100.00 70.00 0.0038063
-95.00 70.00 0.0023518
-90.00 70.00 0.0004553
-85.00 70.00 -0.0016974
-80.00 70.00 -0.003774
-75.00 70.00 -0.0053495
-70.00 70.00 -0.0060293
-65.00 70.00 -0.0055996
-60.00 70.00 -0.0041375
-55.00 70.00 -0.0020216
-50.00 70.00 0.0001775
-45.00 70.00 0.0018876
-40.00 70.00 0.0027284
-35.00 70.00 0.0026251
-30.00 70.00 0.0018007
-25.00 70.00 0.0006614
-20.00 70.00 -0.0003668
-15.00 70.00 -0.0009787
-10.00 70.00 -0.0010613
-5.00 70.00 -0.0006877
0.00 70.00 -5.59e-05
5.00 70.00 0.0005946
10.00 70.00 0.0010585
15.00 70.00 0.0012189
20.00 70.00 0.001072
25.00 70.00 0.000719
30.00 70.00 0.0003293
35.00 70.00 8.43e-05
40.00 70.00 0.0001216
45.00 70.00 0.0004958
50.00 70.00 0.0011655
55.00 70.00 0.0020055
60.00 70.00 0.0028326
65.00 70.00 0.0034392
70.00 70.00 0.0036324
75.00 70.00 0.003281
80.00 70.00 0.0023638
85.00 70.00 0.0010035
90.00 70.00 -0.0005365
95.00 70.00 -0.0019065
100.00 70.00 -0.002768
105.00 70.00 -0.0029037
110.00 70.00 -0.002294
115.00 70.00 -0.0011289
120.00 70.00 0.0002551
125.00 70.00 0.0014847
130.00 70.00 0.0022646
135.00 70.00 0.0024553
140.00 70.00 0.0020959
145.00 70.00 0.0013748
150.00 70.00 0.0005677
155.00 70.00 -3.61e-05
160.00 70.00 -0.0002063
165.00 70.00 0.0001703
170.00 70.00 0.0010567
175.00 70.00 0.0022721
180.00 70.00 0.0035403
-180.00 75.00 0.0043932
-175.00 75.00 0.0049402
-170.00 75.00 0.0053235
-165.00 75.00 0.005503
-160.00 75.00 0.0054919
-155.00 75.00 0.0053488
-150.00 75.00 0.0051572
-145.00 75.00 0.0049992
-140.00 75.00 0.0049317
-135.00 75.00 0.0049709
-130.00 75.00 0.0050894
-125.00 75.00 0.0052223
-120.00 75.00 0.0052819
-115.00 75.00 0.0051747
-110.00 75.00 0.0048185
-105.00 75.00 0.0041598
-100.00 75.00 0.0031888
-95.00 75.00 0.0019519
-90.00 75.00 0.0005565
-85.00 75.00 -0.0008363
-80.00 75.00 -0.002035
-75.00 75.00 -0.0028549
-70.00 75.00 -0.0031626
-65.00 75.00 -0.0029138
-60.00 75.00 -0.0021722
-55.00 75.00 -0.0011
-50.00 75.00 7.96e-05
-45.00 75.00 0.0011369
-40.00 75.00 0.0018916
-35.00 75.00 0.0022515
-30.00 75.00 0.0022241
-25.00 75.00 0.0018994
-20.00 75.00 0.0014123
-15.00 75.00 0.0008996
-10.00 75.00 0.000464
-5.00 75.00 0.000157
0.00 75.00 -2.03e-05
5.00 75.00 -0.0001008
10.00 75.00 -0.000128
15.00 75.00 -0.0001355
20.00 75.00 -0.0001337
25.00 75.00 -0.0001079
30.00 75.00 -2.57e-05
35.00 75.00 0.00015
40.00 75.00 0.0004451
45.00 75.00 0.0008629
50.00 75.00 0.0013769
55.00 75.00 0.0019332
60.00 75.00 0.0024596
65.00 75.00 0.0028808
70.00 75.00 0.0031377
75.00 75.00 0.0032033
80.00 75.00 0.0030937
85.00 75.00 0.0028675
90.00 75.00 0.0026132
95.00 75.00 0.0024275
100.00 75.00 0.0023883
105.00 75.00 0.0025314
110.00 75.00 0.0028381
115.00 75.00 0.0032388
120.00 75.00 0.0036316
125.00 75.00 0.0039119
130.00 75.00 0.0040029
135.00 75.00 0.003879
140.00 75.00 0.0035743
145.00 75.00 0.0031741
150.00 75.00 0.0027934
155.00 75.00 0.0025462
160.00 75.00 0.0025165
165.00 75.00 0.0027368
170.00 75.00 0.0031805
175.00 75.00 0.0037692
180.00 75.00 0.0043932
-180.00 80.00 0.0023334
-175.00 80.00 0.0025882
-170.00 80.00 0.002851
-165.00 80.00 0.0031075
-160.00 80.00 0.0033507
-155.00 80.00 0.0035797
-150.00 80.00 0.0037981
-145.00 80.00 0.0040096
-140.00 80.00 0.0042146
-135.00 80.00 0.0044076
-130.00 80.00 0.0045759
-125.00 80.00 0.0047011
-120.00 80.00 0.0047611
-115.00 80.00 0.0047351
-110.00 80.00 0.0046083
-105.00 80.00 0.0043767
-100.00 80.00 0.0040501
-95.00 80.00 0.0036529
-90.00 80.00 0.0032226
-85.00 80.00 0.0028054
-80.00 80.00 0.0024485
-75.00 80.00 0.0021924
-70.00 80.00 0.0020633
-65.00 80.00 0.0020679
-60.00 80.00 0.0021915
-55.00 80.00 0.0024004
-50.00 80.00 0.0026485
-45.00 80.00 0.0028859
-40.00 80.00 0.0030677
-35.00 80.00 0.0031611
-30.00 80.00 0.0031498
-25.00 80.00 0.0030343
-20.00 80.00 0.0028293
-15.00 80.00 0.0025585
-10.00 80.00 0.0022486
-5.00 80.00 0.0019257
0.00 80.00 0.0016117
5.00 80.00 0.0013231
10.00 80.00 0.0010716
15.00 80.00 0.0008657
20.00 80.00 0.0007123
25.00 80.00 0.0006167
30.00 80.00 0.0005829
35.00 80.00 0.000613
40.00 80.00 0.0007055
45.00 80.00 0.000855
50.00 80.00 0.0010511
55.00 80.00 0.0012796
60.00 80.00 0.0015243
65.00 80.00 0.0017694
70.00 80.00 0.0020015
75.00 80.00 0.0022113
80.00 80.00 0.0023949
85.00 80.00 0.0025532
90.00 80.00 0.0026895
95.00 80.00 0.0028072
100.00 80.00 0.0029073
105.00 80.00 0.002987
110.00 80.00 0.0030388
115.00 80.00 0.0030523
120.00 80.00 0.0030171
125.00 80.00 0.0029268
130.00 80.00 0.002782
135.00 80.00 0.0025925
140.00 80.00 0.0023774
145.00 80.00 0.0021626
150.00 80.00 0.0019768
155.00 80.00 0.0018464
160.00 80.00 0.0017907
165.00 80.00 0.0018186
170.00 80.00 0.001928
175.00 80.00 0.0021061
180.00 80.00 0.0023334
-180.00 85.00 5.87e-05
-175.00 85.00 0.0002143
-170.00 85.00 0.0003925
-165.00 85.00 0.0005902
-160.00 85.00 0.0008027
-155.00 85.00 0.0010249
-150.00 85.00 0.0012525
-145.00 85.00 0.0014819
-140.00 85.00 0.0017096
-135.00 85.00 0.0019312
-130.00 85.00 0.0021414
-125.00 85.00 0.0023351
-120.00 85.00 0.0025092
-115.00 85.00 0.0026621
-110.00 85.00 0.0027937
-105.00 85.00 0.0029039
-100.00 85.00 0.002993
-95.00 85.00 0.0030619
-90.00 85.00 0.0031126
-85.00 85.00 0.003149
-80.00 85.00 0.0031747
-75.00 85.00 0.0031924
-70.00 85.00 0.0032028
-65.00 85.00 0.0032052
-60.00 85.00 0.0031985
-55.00 85.00 0.0031816
-50.00 85.00 0.0031534
-45.00 85.00 0.0031115
-40.00 85.00 0.0030528
-35.00 85.00 0.0029738
-30.00 85.00 0.0028728
-25.00 85.00 0.0027502
-20.00 85.00 0.0026085
-15.00 85.00 0.0024504
-10.00 85.00 0.0022783
-5.00 85.00 0.0020949
0.00 85.00 0.0019038
5.00 85.00 0.0017106
10.00 85.00 0.001521
15.00 85.00 0.0013398
20.00 85.00 0.0011696
25.00 85.00 0.0010117
30.00 85.00 0.0008675
35.00 85.00 0.0007393
40.00 85.00 0.0006291
45.00 85.00 0.0005372
50.00 85.00 0.0004616
55.00 85.00 0.0003994
60.00 85.00 0.0003481
65.00 85.00 0.0003068
70.00 85.00 0.0002745
75.00 85.00 0.0002493
80.00 85.00 0.0002272
85.00 85.00 0.0002042
90.00 85.00 0.0001778
95.00 85.00 0.0001472
100.00 85.00 0.0001125
105.00 85.00 7.3e-05
110.00 85.00 2.72e-05
115.00 85.00 -2.59e-05
120.00 85.00 -8.48e-05
125.00 85.00 -0.0001461
130.00 85.00 -0.000205
135.00 85.00 -0.0002579
140.00 85.00 -0.0003018
145.00 85.00 -0.0003341
150.00 85.00 -0.0003506
155.00 85.00 -0.0003466
160.00 85.00 -0.0003178
165.00 85.00 -0.0002624
170.00 85.00 -0.0001804
175.00 85.00 -7.3e-05
180.00 85.00 5.87e-05
-180.00 90.00 0.0003963
-175.00 90.00 0.0003963
-170.00 90.00 0.0003963
-165.00 90.00 0.0003963
-160.00 90.00 0.0003963
-155.00 90.00 0.0003963
-150.00 90.00 0.0003963
-145.00 90.00 0.0003963
-140.00 90.00 0.0003963
-135.00 90.00 0.0003963
-130.00 90.00 0.0003963
-125.00 90.00 0.0003963
-120.00 90.00 0.0003963
-115.00 90.00 0.0003963
-110.00 90.00 0.0003963
-105.00 90.00 0.0003963
-100.00 90.00 0.0003963
-95.00 90.00 0.0003963
-90.00 90.00 0.0003963
-85.00 90.00 0.0003963
-80.00 90.00 0.0003963
-75.00 90.00 0.0003963
-70.00 90.00 0.0003963
-65.00 90.00 0.0003963
-60.00 90.00 0.0003963
-55.00 90.00 0.0003963
-50.00 90.00 0.0003963
-45.00 90.00 0.0003963
-40.00 90.00 0.0003963
-35.00 90.00 0.0003963
-30.00 90.00 0.0003963
-25.00 90.00 0.0003963
-20.00 90.00 0.0003963
-15.00 90.00 0.0003963
-10.00 90.00 0.0003963
-5.00 90.00 0.0003963
0.00 90.00 0.0003963
5.00 90.00 0.0003963
10.00 90.00 0.0003963
15.00 90.00 0.0003963
20.00 90.00 0.0003963
25.00 90.00 0.0003963
30.00 90.00 0.0003963
35.00 90.00 0.0003963
40.00 90.00 0.0003963
45.00 90.00 0.0003963
50.00 90.00 0.0003963
55.00 90.00 0.0003963
60.00 90.00 0.0003963
65.00 90.00 0.0003963
70.00 90.00 0.0003963
75.00 90.00 0.0003963
80.00 90.00 0.0003963
85.00 90.00 0.0003963
90.00 90.00 0.0003963
95.00 90.00 0.0003963
100.00 90.00 0.0003963
105.00 90.00 0.0003963
110.00 90.00 0.0003963
115.00 90.00 0.0003963
120.00 90.00 0.0003963
125.00 90.00 0.0003963
130.00 90.00 0.0003963
135.00 90.00 0.0003963
140.00 90.00 0.0003963
145.00 90.00 0.0003963
150.00 90.00 0.0003963
155.00 90.00 0.0003963
160.00 90.00 0.0003963
165.00 90.00 0.0003963
170.00 90.00 0.0003963
175.00 90.00 0.0003963
180.00 90.00 0.0003963
