-180.00 -90.00 0.00096336
-175.00 -90.00 0.00096336
-170.00 -90.00 0.00096336
-165.00 -90.00 0.00096336
-160.00 -90.00 0.00096336
-155.00 -90.00 0.00096336
-150.00 -90.00 0.00096333
-145.00 -90.00 0.0009633
-140.00 -90.00 0.00096327
-135.00 -90.00 0.00096324
-130.00 -90.00 0.00096318
-125.00 -90.00 0.00096315
-120.00 -90.00 0.00096312
-115.00 -90.00 0.00096306
-110.00 -90.00 0.00096303
-105.00 -90.00 0.000963
-100.00 -90.00 0.00096297
-95.00 -90.00 0.00096294
-90.00 -90.00 0.00096291
-85.00 -90.00 0.00096291
-80.00 -90.00 0.00096288
-75.00 -90.00 0.00096288
-70.00 -90.00 0.00096291
-65.00 -90.00 0.00096291
-60.00 -90.00 0.00096294
-55.00 -90.00 0.00096297
-50.00 -90.00 0.000963
-45.00 -90.00 0.00096303
-40.00 -90.00 0.00096306
-35.00 -90.00 0.00096312
-30.00 -90.00 0.00096315
-25.00 -90.00 0.00096318
-20.00 -90.00 0.00096324
-15.00 -90.00 0.00096327
-10.00 -90.00 0.0009633
-5.00 -90.00 0.00096333
0.00 -90.00 0.00096336
5.00 -90.00 0.00096336
10.00 -90.00 0.00096336
15.00 -90.00 0.00096336
20.00 -90.00 0.00096336
25.00 -90.00 0.00096333
30.00 -90.00 0.00096333
35.00 -90.00 0.0009633
40.00 -90.00 0.00096327
45.00 -90.00 0.00096324
50.00 -90.00 0.00096318
55.00 -90.00 0.00096315
60.00 -90.00 0.00096312
65.00 -90.00 0.00096306
70.00 -90.00 0.00096303
75.00 -90.00 0.000963
80.00 -90.00 0.00096297
85.00 -90.00 0.00096294
90.00 -90.00 0.00096291
95.00 -90.00 0.00096291
100.00 -90.00 0.00096288
105.00 -90.00 0.00096288
110.00 -90.00 0.00096291
115.00 -90.00 0.00096291
120.00 -90.00 0.00096294
125.00 -90.00 0.00096297
130.00 -90.00 0.000963
135.00 -90.00 0.00096303
140.00 -90.00 0.00096306
145.00 -90.00 0.00096312
150.00 -90.00 0.00096315
155.00 -90.00 0.00096318
160.00 -90.00 0.00096324
165.00 -90.00 0.00096327
170.00 -90.00 0.0009633
175.00 -90.00 0.00096333
180.00 -90.00 0.00096336
-180.00 -85.00 0.00146079
-175.00 -85.00 0.00149214
-170.00 -85.00 0.00151968
-165.00 -85.00 0.00154299
-160.00 -85.00 0.0015618
-155.00 -85.00 0.00157584
-150.00 -85.00 0.00158478
-145.00 -85.00 0.00158832
-140.00 -85.00 0.00158619
-135.00 -85.00 0.00157806
-130.00 -85.00 0.00156375
-125.00 -85.00 0.00154311
-120.00 -85.00 0.00151608
-115.00 -85.00 0.00148278
-110.00 -85.00 0.00144339
-105.00 -85.00 0.00139836
-100.00 -85.00 0.00134823
-95.00 -85.00 0.00129369
-90.00 -85.00 0.00123564
-85.00 -85.00 0.00117495
-80.00 -85.00 0.00111264
-75.00 -85.00 0.00104979
-70.00 -85.00 0.00098745
-65.00 -85.00 0.00092667
-60.00 -85.00 0.00086844
-55.00 -85.00 0.00081375
-50.00 -85.00 0.00076344
-45.00 -85.00 0.00071823
-40.00 -85.00 0.00067866
-35.00 -85.00 0.00064518
-30.00 -85.00 0.00061806
-25.00 -85.00 0.00059742
-20.00 -85.00 0.00058317
-15.00 -85.00 0.00057504
-10.00 -85.00 0.00057261
-5.00 -85.00 0.0005754
0.00 -85.00 0.00058293
5.00 -85.00 0.00059469
10.00 -85.00 0.00060999
15.00 -85.00 0.00062823
20.00 -85.00 0.00064875
25.00 -85.00 0.00067116
30.00 -85.00 0.00069501
35.00 -85.00 0.00071985
40.00 -85.00 0.00074511
45.00 -85.00 0.00077034
50.00 -85.00 0.00079506
55.00 -85.00 0.00081891
60.00 -85.00 0.00084159
65.00 -85.00 0.00086268
70.00 -85.00 0.00088188
75.00 -85.00 0.00089898
80.00 -85.00 0.00091413
85.00 -85.00 0.0009276
90.00 -85.00 0.00093984
95.00 -85.00 0.00095142
100.00 -85.00 0.00096306
105.00 -85.00 0.00097563
110.00 -85.00 0.00098997
115.00 -85.00 0.00100695
120.00 -85.00 0.00102726
125.00 -85.00 0.00105123
130.00 -85.00 0.0010791
135.00 -85.00 0.00111075
140.00 -85.00 0.00114591
145.00 -85.00 0.00118401
150.00 -85.00 0.00122424
155.00 -85.00 0.00126573
160.00 -85.00 0.00130755
165.00 -85.00 0.00134874
170.00 -85.00 0.00138852
175.00 -85.00 0.00142608
180.00 -85.00 0.00146079
-180.00 -80.00 0.00158811
-175.00 -80.00 0.00161568
-170.00 -80.00 0.00163692
-165.00 -80.00 0.00165645
-160.00 -80.00 0.00167775
-155.00 -80.00 0.00170175
-150.00 -80.00 0.00172758
-145.00 -80.00 0.00175359
-140.00 -80.00 0.00177726
-135.00 -80.00 0.00179466
-130.00 -80.00 0.00180177
-125.00 -80.00 0.00179628
-120.00 -80.00 0.00177777
-115.00 -80.00 0.00174627
-110.00 -80.00 0.00170241
-105.00 -80.00 0.00164829
-100.00 -80.00 0.001587
-95.00 -80.00 0.00152085
-90.00 -80.00 0.00145077
-85.00 -80.00 0.00137718
-80.00 -80.00 0.00130077
-75.00 -80.00 0.00122151
-70.00 -80.00 0.0011385
-65.00 -80.00 0.00105132
-60.00 -80.00 0.00096141
-55.00 -80.00 0.00087117
-50.00 -80.00 0.00078279
-45.00 -80.00 0.00069852
-40.00 -80.00 0.00062148
-35.00 -80.00 0.00055458
-30.00 -80.00 0.00049896
-25.00 -80.00 0.00045426
-20.00 -80.00 0.00041997
-15.00 -80.00 0.00039582
-10.00 -80.00 0.00038064
-5.00 -80.00 0.00037269
0.00 -80.00 0.00037113
5.00 -80.00 0.00037656
10.00 -80.00 0.00038976
15.00 -80.00 0.00041064
20.00 -80.00 0.00043941
25.00 -80.00 0.00047706
30.00 -80.00 0.00052431
35.00 -80.00 0.0005805
40.00 -80.00 0.00064431
45.00 -80.00 0.00071499
50.00 -80.00 0.00079164
55.00 -80.00 0.00087171
60.00 -80.00 0.00095127
65.00 -80.00 0.00102639
70.00 -80.00 0.00109326
75.00 -80.00 0.0011472
80.00 -80.00 0.00118317
85.00 -80.00 0.00119799
90.00 -80.00 0.00119139
95.00 -80.00 0.00116517
100.00 -80.00 0.00112281
105.00 -80.00 0.00107013
110.00 -80.00 0.00101562
115.00 -80.00 0.00096816
120.00 -80.00 0.00093504
125.00 -80.00 0.00092172
130.00 -80.00 0.0009321
135.00 -80.00 0.00096747
140.00 -80.00 0.00102534
145.00 -80.00 0.00110019
150.00 -80.00 0.00118551
155.00 -80.00 0.00127473
160.00 -80.00 0.00136089
165.00 -80.00 0.00143754
170.00 -80.00 0.00150096
175.00 -80.00 0.00155067
180.00 -80.00 0.00158811
-180.00 -75.00 0.00137568
-175.00 -75.00 0.00129975
-170.00 -75.00 0.00122052
-165.00 -75.00 0.00115794
-160.00 -75.00 0.00112623
-155.00 -75.00 0.00113076
-150.00 -75.00 0.00116724
-145.00 -75.00 0.0012237
-140.00 -75.00 0.00128457
-135.00 -75.00 0.00133398
-130.00 -75.00 0.0013593
-125.00 -75.00 0.00135408
-120.00 -75.00 0.00131919
-115.00 -75.00 0.00126183
-110.00 -75.00 0.00119394
-105.00 -75.00 0.00113037
-100.00 -75.00 0.00108531
-95.00 -75.00 0.00106881
-90.00 -75.00 0.00108468
-85.00 -75.00 0.00112917
-80.00 -75.00 0.00119094
-75.00 -75.00 0.00125334
-70.00 -75.00 0.00129903
-65.00 -75.00 0.00131421
-60.00 -75.00 0.00129156
-55.00 -75.00 0.00123186
-50.00 -75.00 0.00114309
-45.00 -75.00 0.00103713
-40.00 -75.00 0.00092544
-35.00 -75.00 0.00081651
-30.00 -75.00 0.00071442
-25.00 -75.00 0.0006183
-20.00 -75.00 0.00052401
-15.00 -75.00 0.00042681
-10.00 -75.00 0.00032343
-5.00 -75.00 0.00021369
0.00 -75.00 0.00010155
5.00 -75.00 -4.59e-06
10.00 -75.00 -9.42e-05
15.00 -75.00 -0.00015717
20.00 -75.00 -0.000186
25.00 -75.00 -0.00017733
30.00 -75.00 -0.0001326
35.00 -75.00 -5.628e-05
40.00 -75.00 4.677e-05
45.00 -75.00 0.00017301
50.00 -75.00 0.00032046
55.00 -75.00 0.00048786
60.00 -75.00 0.00067275
65.00 -75.00 0.00086853
70.00 -75.00 0.00106317
75.00 -75.00 0.00124002
80.00 -75.00 0.00138018
85.00 -75.00 0.00146589
90.00 -75.00 0.00148491
95.00 -75.00 0.00143415
100.00 -75.00 0.00132078
105.00 -75.00 0.0011616
110.00 -75.00 0.00098094
115.00 -75.00 0.00080622
120.00 -75.00 0.00066324
125.00 -75.00 0.00057222
130.00 -75.00 0.00054519
135.00 -75.00 0.00058443
140.00 -75.00 0.00068253
145.00 -75.00 0.00082422
150.00 -75.00 0.00098871
155.00 -75.00 0.0011523
160.00 -75.00 0.00129195
165.00 -75.00 0.00138942
170.00 -75.00 0.00143448
175.00 -75.00 0.00142662
180.00 -75.00 0.00137568
-180.00 -70.00 0.00138168
-175.00 -70.00 0.00118308
-170.00 -70.00 0.00098607
-165.00 -70.00 0.00083499
-160.00 -70.00 0.00075771
-155.00 -70.00 0.00075927
-150.00 -70.00 0.00082344
-145.00 -70.00 0.00091911
-140.00 -70.00 0.0010095
-135.00 -70.00 0.00106146
-130.00 -70.00 0.00105246
-125.00 -70.00 0.00097491
-120.00 -70.00 0.00083661
-115.00 -70.00 0.0006585
-110.00 -70.00 0.00047079
-105.00 -70.00 0.00030852
-100.00 -70.00 0.00020709
-95.00 -70.00 0.00019629
-90.00 -70.00 0.00029277
-85.00 -70.00 0.00049233
-80.00 -70.00 0.00076605
-75.00 -70.00 0.00106404
-70.00 -70.00 0.00132798
-65.00 -70.00 0.00150882
-60.00 -70.00 0.00158205
-55.00 -70.00 0.00155334
-50.00 -70.00 0.00145245
-45.00 -70.00 0.00131841
-40.00 -70.00 0.00118398
-35.00 -70.00 0.00106656
-30.00 -70.00 0.00096714
-25.00 -70.00 0.00087546
-20.00 -70.00 0.00077601
-15.00 -70.00 0.00065256
-10.00 -70.00 0.00049167
-5.00 -70.00 0.00028692
0.00 -70.00 4.452e-05
5.00 -70.00 -0.00021366
10.00 -70.00 -0.00045261
15.00 -70.00 -0.00063441
20.00 -70.00 -0.000732
25.00 -70.00 -0.00073965
30.00 -70.00 -0.00067437
35.00 -70.00 -0.000567
40.00 -70.00 -0.0004476
45.00 -70.00 -0.00033273
50.00 -70.00 -0.00022071
55.00 -70.00 -9.603e-05
60.00 -70.00 5.97e-05
65.00 -70.00 0.0002565
70.00 -70.00 0.00048879
75.00 -70.00 0.00073494
80.00 -70.00 0.0009621
85.00 -70.00 0.00113502
90.00 -70.00 0.00122496
95.00 -70.00 0.0012174
100.00 -70.00 0.00111615
105.00 -70.00 0.00094341
110.00 -70.00 0.00073533
115.00 -70.00 0.00053424
120.00 -70.00 0.00037908
125.00 -70.00 0.00029766
130.00 -70.00 0.0003024
135.00 -70.00 0.0003912
140.00 -70.00 0.00055104
145.00 -70.00 0.00076224
150.00 -70.00 0.00100032
155.00 -70.00 0.00123585
160.00 -70.00 0.00143532
165.00 -70.00 0.0015651
170.00 -70.00 0.00160008
175.00 -70.00 0.00153333
180.00 -70.00 0.00138168
-180.00 -65.00 0.0015597
-175.00 -65.00 0.00134205
-170.00 -65.00 0.00112935
-165.00 -65.00 0.00097212
-160.00 -65.00 0.000894
-155.00 -65.00 0.00089283
-150.00 -65.00 0.00095067
-145.00 -65.00 0.00104064
-140.00 -65.00 0.00112893
-135.00 -65.00 0.00117783
-130.00 -65.00 0.00115569
-125.00 -65.00 0.0010497
-120.00 -65.00 0.00087132
-115.00 -65.00 0.00064959
-110.00 -65.00 0.00041778
-105.00 -65.00 0.00020565
-100.00 -65.00 4.23e-05
-95.00 -65.00 -3.666e-05
-90.00 -65.00 8.49e-06
-85.00 -65.00 0.00020304
-80.00 -65.00 0.00053238
-75.00 -65.00 0.00092964
-70.00 -65.00 0.00129207
-65.00 -65.00 0.00152322
-60.00 -65.00 0.00157797
-55.00 -65.00 0.00148188
-50.00 -65.00 0.00131118
-45.00 -65.00 0.00114696
-40.00 -65.00 0.00103395
-35.00 -65.00 0.00097026
-30.00 -65.00 0.00092883
-25.00 -65.00 0.00088794
-20.00 -65.00 0.00084393
-15.00 -65.00 0.00079836
-10.00 -65.00 0.00073713
-5.00 -65.00 0.00062601
0.00 -65.00 0.00043278
5.00 -65.00 0.00015975
10.00 -65.00 -0.00014106
15.00 -65.00 -0.00038706
20.00 -65.00 -0.00050877
25.00 -65.00 -0.00048948
30.00 -65.00 -0.00037371
35.00 -65.00 -0.00024
40.00 -65.00 -0.00015699
45.00 -65.00 -0.00015024
50.00 -65.00 -0.00019785
55.00 -65.00 -0.00025155
60.00 -65.00 -0.00026628
65.00 -65.00 -0.00022026
70.00 -65.00 -0.00011802
75.00 -65.00 1.923e-05
80.00 -65.00 0.00016596
85.00 -65.00 0.00029997
90.00 -65.00 0.00040407
95.00 -65.00 0.00046587
100.00 -65.00 0.00047922
105.00 -65.00 0.00044943
110.00 -65.00 0.00039732
115.00 -65.00 0.00035718
120.00 -65.00 0.00036531
125.00 -65.00 0.00044337
130.00 -65.00 0.00058707
135.00 -65.00 0.00076929
140.00 -65.00 0.00095718
145.00 -65.00 0.00113193
150.00 -65.00 0.00129531
155.00 -65.00 0.0014571
160.00 -65.00 0.00161364
165.00 -65.00 0.00173628
170.00 -65.00 0.00178212
175.00 -65.00 0.00172116
180.00 -65.00 0.0015597
-180.00 -60.00 0.00131001
-175.00 -60.00 0.00121533
-170.00 -60.00 0.00113667
-165.00 -60.00 0.00106602
-160.00 -60.00 0.00096339
-155.00 -60.00 0.00081327
-150.00 -60.00 0.00066132
-145.00 -60.00 0.00058554
-140.00 -60.00 0.00062502
-135.00 -60.00 0.00073728
-130.00 -60.00 0.00082962
-125.00 -60.00 0.00083685
-120.00 -60.00 0.00077184
-115.00 -60.00 0.00070362
-110.00 -60.00 0.0006873
-105.00 -60.00 0.00071388
-100.00 -60.00 0.00072567
-95.00 -60.00 0.00068112
-90.00 -60.00 0.00060762
-85.00 -60.00 0.00059262
-80.00 -60.00 0.00071493
-75.00 -60.00 0.00097062
-70.00 -60.00 0.00125613
-65.00 -60.00 0.0014301
-60.00 -60.00 0.00141261
-55.00 -60.00 0.00124506
-50.00 -60.00 0.00105759
-45.00 -60.00 0.00096543
-40.00 -60.00 0.00097773
-35.00 -60.00 0.00099774
-30.00 -60.00 0.00091596
-25.00 -60.00 0.00071535
-20.00 -60.00 0.0004938
-15.00 -60.00 0.00038232
-10.00 -60.00 0.00043059
-5.00 -60.00 0.00056064
0.00 -60.00 0.00062925
5.00 -60.00 0.00054417
10.00 -60.00 0.00033654
15.00 -60.00 0.00013107
20.00 -60.00 4.458e-05
25.00 -60.00 9.768e-05
30.00 -60.00 0.00020787
35.00 -60.00 0.00026178
40.00 -60.00 0.00020238
45.00 -60.00 6.519e-05
50.00 -60.00 -5.739e-05
55.00 -60.00 -8.784e-05
60.00 -60.00 -1.587e-05
65.00 -60.00 0.00010197
70.00 -60.00 0.00018759
75.00 -60.00 0.00019542
80.00 -60.00 0.00013839
85.00 -60.00 7.398e-05
90.00 -60.00 6.339e-05
95.00 -60.00 0.00013215
100.00 -60.00 0.00025611
105.00 -60.00 0.00038097
110.00 -60.00 0.00046398
115.00 -60.00 0.00050949
120.00 -60.00 0.00057081
125.00 -60.00 0.00071064
130.00 -60.00 0.0009456
135.00 -60.00 0.00121956
140.00 -60.00 0.00143412
145.00 -60.00 0.00151812
150.00 -60.00 0.00148038
155.00 -60.00 0.00139947
160.00 -60.00 0.00135693
165.00 -60.00 0.00137292
170.00 -60.00 0.0014013
175.00 -60.00 0.00138432
180.00 -60.00 0.00131001
-180.00 -55.00 0.00069483
-175.00 -55.00 0.00078858
-170.00 -55.00 0.00095082
-165.00 -55.00 0.00103581
-160.00 -55.00 0.00084312
-155.00 -55.00 0.00032574
-150.00 -55.00 -0.00030459
-145.00 -55.00 -0.00071208
-140.00 -55.00 -0.00070647
-135.00 -55.00 -0.00039555
-130.00 -55.00 -7.293e-05
-125.00 -55.00 4.935e-05
-120.00 -55.00 1.302e-05
-115.00 -55.00 4.353e-05
-110.00 -55.00 0.0003231
-105.00 -55.00 0.00081861
-100.00 -55.00 0.00130404
-95.00 -55.00 0.00153942
-90.00 -55.00 0.00145179
-85.00 -55.00 0.00118197
-80.00 -55.00 0.00097248
-75.00 -55.00 0.00098598
-70.00 -55.00 0.00119094
-65.00 -55.00 0.00140307
-60.00 -55.00 0.00145365
-55.00 -55.00 0.00134424
-50.00 -55.00 0.00124329
-45.00 -55.00 0.00131241
-40.00 -55.00 0.00151812
-35.00 -55.00 0.00162033
-30.00 -55.00 0.00137142
-25.00 -55.00 0.00075279
-20.00 -55.00 2.553e-05
-15.00 -55.00 -0.00045996
-10.00 -55.00 -0.00052854
-5.00 -55.00 -0.0002898
0.00 -55.00 -1.197e-05
5.00 -55.00 0.00011067
10.00 -55.00 8.901e-05
15.00 -55.00 7.104e-05
20.00 -55.00 0.00016173
25.00 -55.00 0.00030684
30.00 -55.00 0.00034311
35.00 -55.00 0.00015888
40.00 -55.00 -0.00018501
45.00 -55.00 -0.00047799
50.00 -55.00 -0.00050322
55.00 -55.00 -0.0001866
60.00 -55.00 0.00035469
65.00 -55.00 0.00088629
70.00 -55.00 0.00119481
75.00 -55.00 0.00119964
80.00 -55.00 0.00097896
85.00 -55.00 0.00070959
90.00 -55.00 0.00056568
95.00 -55.00 0.00063
100.00 -55.00 0.00085392
105.00 -55.00 0.00108273
110.00 -55.00 0.00114567
115.00 -55.00 0.00097326
120.00 -55.00 0.00066459
125.00 -55.00 0.00043584
130.00 -55.00 0.00046503
135.00 -55.00 0.00074733
140.00 -55.00 0.00108837
145.00 -55.00 0.00125481
150.00 -55.00 0.00115788
155.00 -55.00 0.00090795
160.00 -55.00 0.00069552
165.00 -55.00 0.0006207
170.00 -55.00 0.00063984
175.00 -55.00 0.00066669
180.00 -55.00 0.00069483
-180.00 -50.00 0.00038973
-175.00 -50.00 0.00053223
-170.00 -50.00 0.00087609
-165.00 -50.00 0.0011472
-160.00 -50.00 0.00092265
-155.00 -50.00 7.491e-05
-150.00 -50.00 -0.00100011
-145.00 -50.00 -0.00166089
-140.00 -50.00 -0.00156945
-135.00 -50.00 -0.00097551
-130.00 -50.00 -0.00045615
-125.00 -50.00 -0.00037902
-120.00 -50.00 -0.00060843
-115.00 -50.00 -0.00069186
-110.00 -50.00 -0.00029382
-105.00 -50.00 0.00052725
-100.00 -50.00 0.0013884
-95.00 -50.00 0.00187728
-90.00 -50.00 0.00182745
-85.00 -50.00 0.00140511
-80.00 -50.00 0.0009822
-75.00 -50.00 0.00088428
-70.00 -50.00 0.00116985
-65.00 -50.00 0.00159858
-60.00 -50.00 0.00183963
-55.00 -50.00 0.00176778
-50.00 -50.00 0.00157281
-45.00 -50.00 0.00154794
-40.00 -50.00 0.00175089
-35.00 -50.00 0.0018969
-30.00 -50.00 0.00161844
-25.00 -50.00 0.00083568
-20.00 -50.00 -0.00014016
-15.00 -50.00 -0.00086544
-10.00 -50.00 -0.00111948
-5.00 -50.00 -0.00102519
0.00 -50.00 -0.00086145
5.00 -50.00 -0.00078198
10.00 -50.00 -0.000711
15.00 -50.00 -0.00049041
20.00 -50.00 -0.00011079
25.00 -50.00 0.00021432
30.00 -50.00 0.00021345
35.00 -50.00 -0.00019137
40.00 -50.00 -0.00078297
45.00 -50.00 -0.00118692
50.00 -50.00 -0.00112329
55.00 -50.00 -0.00057459
60.00 -50.00 0.00022623
65.00 -50.00 0.00094614
70.00 -50.00 0.00133464
75.00 -50.00 0.0013386
80.00 -50.00 0.00109671
85.00 -50.00 0.00083709
90.00 -50.00 0.00075846
95.00 -50.00 0.00095484
100.00 -50.00 0.00137523
105.00 -50.00 0.00180867
110.00 -50.00 0.00194721
115.00 -50.00 0.00156804
120.00 -50.00 0.00073923
125.00 -50.00 -0.00015225
130.00 -50.00 -0.00064173
135.00 -50.00 -0.00053256
140.00 -50.00 -4.515e-05
145.00 -50.00 0.00038199
150.00 -50.00 0.0004683
155.00 -50.00 0.00029469
160.00 -50.00 0.00014802
165.00 -50.00 0.00019131
170.00 -50.00 0.00032634
175.00 -50.00 0.0003852
180.00 -50.00 0.00038973
-180.00 -45.00 0.00048798
-175.00 -45.00 0.00039336
-170.00 -45.00 0.0006738
-165.00 -45.00 0.00106092
-160.00 -45.00 0.00099408
-155.00 -45.00 0.00024204
-150.00 -45.00 -0.00076887
-145.00 -45.00 -0.00131385
-140.00 -45.00 -0.00106641
-135.00 -45.00 -0.00039687
-130.00 -45.00 3.963e-05
-125.00 -45.00 -3.996e-05
-120.00 -45.00 -0.00033909
-115.00 -45.00 -0.00036198
-110.00 -45.00 9.918e-05
-105.00 -45.00 0.0008352
-100.00 -45.00 0.00144954
-95.00 -45.00 0.00165363
-90.00 -45.00 0.00141549
-85.00 -45.00 0.0009456
-80.00 -45.00 0.0005826
-75.00 -45.00 0.00061935
-70.00 -45.00 0.00110742
-65.00 -45.00 0.00175935
-60.00 -45.00 0.00210648
-55.00 -45.00 0.00187929
-50.00 -45.00 0.00127035
-45.00 -45.00 0.00075636
-40.00 -45.00 0.00062379
-35.00 -45.00 0.00071679
-30.00 -45.00 0.00067284
-25.00 -45.00 0.0003354
-20.00 -45.00 -0.00012846
-15.00 -45.00 -0.00046725
-10.00 -45.00 -0.00060897
-5.00 -45.00 -0.00067695
0.00 -45.00 -0.000807
5.00 -45.00 -0.00098487
10.00 -45.00 -0.00105153
15.00 -45.00 -0.00086313
20.00 -45.00 -0.00046695
25.00 -45.00 -0.0001179
30.00 -45.00 -8.304e-05
35.00 -45.00 -0.00040254
40.00 -45.00 -0.00085068
45.00 -45.00 -0.00113055
50.00 -45.00 -0.00108969
55.00 -45.00 -0.00077016
60.00 -45.00 -0.00033249
65.00 -45.00 3.051e-05
70.00 -45.00 0.00017784
75.00 -45.00 0.00011217
80.00 -45.00 -1.173e-05
85.00 -45.00 -1.431e-05
90.00 -45.00 0.00018219
95.00 -45.00 0.00057144
100.00 -45.00 0.00112995
105.00 -45.00 0.00175713
110.00 -45.00 0.00216666
115.00 -45.00 0.00199122
120.00 -45.00 0.00111753
125.00 -45.00 -9.171e-05
130.00 -45.00 -0.00099237
135.00 -45.00 -0.00115044
140.00 -45.00 -0.00068541
145.00 -45.00 -0.00012894
150.00 -45.00 8.733e-05
155.00 -45.00 1.236e-05
160.00 -45.00 2.274e-05
165.00 -45.00 0.0003147
170.00 -45.00 0.00065568
175.00 -45.00 0.00070515
180.00 -45.00 0.00048798
-180.00 -40.00 0.00050193
-175.00 -40.00 0.00014244
-170.00 -40.00 0.0001965
-165.00 -40.00 0.00048975
-160.00 -40.00 0.00057423
-155.00 -40.00 0.00026754
-150.00 -40.00 -0.00014499
-145.00 -40.00 -0.00024117
-140.00 -40.00 4.278e-05
-135.00 -40.00 0.00033354
-130.00 -40.00 0.00029322
-125.00 -40.00 6.366e-05
-120.00 -40.00 9.396e-05
-115.00 -40.00 0.0005802
-110.00 -40.00 0.00123822
-105.00 -40.00 0.00161577
-100.00 -40.00 0.00148881
-95.00 -40.00 0.00096195
-90.00 -40.00 0.0003276
-85.00 -40.00 -0.00012375
-80.00 -40.00 -0.00022683
-75.00 -40.00 4.791e-05
-70.00 -40.00 0.00062067
-65.00 -40.00 0.001254
-60.00 -40.00 0.00155184
-55.00 -40.00 0.00122049
-50.00 -40.00 0.00039981
-45.00 -40.00 -0.00041055
-40.00 -40.00 -0.00082608
-35.00 -40.00 -0.0008655
-30.00 -40.00 -0.00074067
-25.00 -40.00 -0.00054606
-20.00 -40.00 -0.00027405
-15.00 -40.00 5.34e-06
-10.00 -40.00 0.00015771
-5.00 -40.00 0.00013812
0.00 -40.00 4.44e-06
5.00 -40.00 -0.00020364
10.00 -40.00 -0.00048513
15.00 -40.00 -0.00077841
20.00 -40.00 -0.00095883
25.00 -40.00 -0.00097299
30.00 -40.00 -0.00088944
35.00 -40.00 -0.00078495
40.00 -40.00 -0.00067521
45.00 -40.00 -0.0005934
50.00 -40.00 -0.0006099
55.00 -40.00 -0.00069786
60.00 -40.00 -0.00070704
65.00 -40.00 -0.00058335
70.00 -40.00 -0.00048648
75.00 -40.00 -0.00054045
80.00 -40.00 -0.00058758
85.00 -40.00 -0.00038556
90.00 -40.00 3.588e-05
95.00 -40.00 0.00043938
100.00 -40.00 0.00075378
105.00 -40.00 0.00112743
110.00 -40.00 0.00157122
115.00 -40.00 0.00178152
120.00 -40.00 0.00145572
125.00 -40.00 0.00068868
130.00 -40.00 -4.149e-05
135.00 -40.00 -0.00027894
140.00 -40.00 4.86e-06
145.00 -40.00 0.00038664
150.00 -40.00 0.00043206
155.00 -40.00 0.00018927
160.00 -40.00 0.00011982
165.00 -40.00 0.00047157
170.00 -40.00 0.00090486
175.00 -40.00 0.00091755
180.00 -40.00 0.00050196
-180.00 -35.00 0.00030774
-175.00 -35.00 0.00010446
-170.00 -35.00 8.13e-05
-165.00 -35.00 3.054e-05
-160.00 -35.00 -0.00012225
-155.00 -35.00 -0.00019575
-150.00 -35.00 -3.63e-05
-145.00 -35.00 0.00027036
-140.00 -35.00 0.00043038
-135.00 -35.00 0.00017598
-130.00 -35.00 -0.00037779
-125.00 -35.00 -0.00067743
-120.00 -35.00 -0.00028254
-115.00 -35.00 0.00058425
-110.00 -35.00 0.00127098
-105.00 -35.00 0.00136287
-100.00 -35.00 0.00089718
-95.00 -35.00 0.00013152
-90.00 -35.00 -0.00059271
-85.00 -35.00 -0.00093588
-80.00 -35.00 -0.00081357
-75.00 -35.00 -0.00046311
-70.00 -35.00 -0.00011673
-65.00 -35.00 0.00018852
-60.00 -35.00 0.00038802
-55.00 -35.00 0.0002973
-50.00 -35.00 -9.75e-05
-45.00 -35.00 -0.00054132
-40.00 -35.00 -0.00083925
-35.00 -35.00 -0.00101892
-30.00 -35.00 -0.00107757
-25.00 -35.00 -0.00088482
-20.00 -35.00 -0.00047523
-15.00 -35.00 -0.00013833
-10.00 -35.00 -2.487e-05
-5.00 -35.00 9.129e-05
0.00 -35.00 0.00041895
5.00 -35.00 0.00068967
10.00 -35.00 0.00039531
15.00 -35.00 -0.00053202
20.00 -35.00 -0.00154047
25.00 -35.00 -0.00202395
30.00 -35.00 -0.00186015
35.00 -35.00 -0.00132747
40.00 -35.00 -0.00076176
45.00 -35.00 -0.00044661
50.00 -35.00 -0.00053688
55.00 -35.00 -0.00081129
60.00 -35.00 -0.00074811
65.00 -35.00 -0.00017379
70.00 -35.00 0.00039492
75.00 -35.00 0.00042801
80.00 -35.00 0.00016281
85.00 -35.00 0.00023352
90.00 -35.00 0.00069714
95.00 -35.00 0.00099135
100.00 -35.00 0.00082659
105.00 -35.00 0.00056694
110.00 -35.00 0.0006312
115.00 -35.00 0.00096471
120.00 -35.00 0.00124674
125.00 -35.00 0.00129738
130.00 -35.00 0.00117045
135.00 -35.00 0.0010575
140.00 -35.00 0.00110733
145.00 -35.00 0.00118755
150.00 -35.00 0.00096897
155.00 -35.00 0.00043968
160.00 -35.00 7.812e-05
165.00 -35.00 0.00022449
170.00 -35.00 0.00056238
175.00 -35.00 0.00058548
180.00 -35.00 0.00030774
-180.00 -30.00 3.153e-05
-175.00 -30.00 0.00027498
-170.00 -30.00 0.00037809
-165.00 -30.00 -8.067e-05
-160.00 -30.00 -0.00073842
-155.00 -30.00 -0.00093669
-150.00 -30.00 -0.0006333
-145.00 -30.00 -0.00029814
-140.00 -30.00 -0.00028998
-135.00 -30.00 -0.00065778
-130.00 -30.00 -0.00115347
-125.00 -30.00 -0.00131925
-120.00 -30.00 -0.00097812
-115.00 -30.00 -0.00054465
-110.00 -30.00 -0.00042579
-105.00 -30.00 -0.00044109
-100.00 -30.00 -0.00032454
-95.00 -30.00 -0.00029091
-90.00 -30.00 -0.00052227
-85.00 -30.00 -0.00066282
-80.00 -30.00 -0.00043206
-75.00 -30.00 -0.00016629
-70.00 -30.00 -0.00019833
-65.00 -30.00 -0.00027888
-60.00 -30.00 -9.594e-05
-55.00 -30.00 0.00018816
-50.00 -30.00 0.0003003
-45.00 -30.00 0.00023907
-40.00 -30.00 4.437e-05
-35.00 -30.00 -0.0003015
-30.00 -30.00 -0.00059835
-25.00 -30.00 -0.00057399
-20.00 -30.00 -0.00039831
-15.00 -30.00 -0.00051882
-10.00 -30.00 -0.0008703
-5.00 -30.00 -0.00078507
0.00 -30.00 4.194e-05
5.00 -30.00 0.00088857
10.00 -30.00 0.00071103
15.00 -30.00 -0.0005961
20.00 -30.00 -0.00202161
25.00 -30.00 -0.00257211
30.00 -30.00 -0.00221802
35.00 -30.00 -0.0015585
40.00 -30.00 -0.00101952
45.00 -30.00 -0.00076059
50.00 -30.00 -0.00089022
55.00 -30.00 -0.00116991
60.00 -30.00 -0.00090144
65.00 -30.00 0.00017292
70.00 -30.00 0.00119322
75.00 -30.00 0.00120522
80.00 -30.00 0.00056019
85.00 -30.00 0.00038703
90.00 -30.00 0.00089268
95.00 -30.00 0.00120333
100.00 -30.00 0.00083445
105.00 -30.00 0.00030645
110.00 -30.00 0.0002031
115.00 -30.00 0.00050172
120.00 -30.00 0.0009663
125.00 -30.00 0.00144531
130.00 -30.00 0.00169596
135.00 -30.00 0.00156426
140.00 -30.00 0.00131436
145.00 -30.00 0.00121194
150.00 -30.00 0.00100743
155.00 -30.00 0.00044322
160.00 -30.00 -9.978e-05
165.00 -30.00 -0.00016263
170.00 -30.00 1.998e-05
175.00 -30.00 2.949e-05
180.00 -30.00 3.153e-05
-180.00 -25.00 -0.00051699
-175.00 -25.00 -0.00020796
-170.00 -25.00 -9.243e-05
-165.00 -25.00 -0.00073434
-160.00 -25.00 -0.00148152
-155.00 -25.00 -0.00155823
-150.00 -25.00 -0.00129351
-145.00 -25.00 -0.00129237
-140.00 -25.00 -0.00141906
-135.00 -25.00 -0.00134502
-130.00 -25.00 -0.00114153
-125.00 -25.00 -0.00093915
-120.00 -25.00 -0.00087687
-115.00 -25.00 -0.00129186
-110.00 -25.00 -0.00204915
-105.00 -25.00 -0.00220587
-100.00 -25.00 -0.00132828
-95.00 -25.00 -0.00033027
-90.00 -25.00 -3.324e-05
-85.00 -25.00 2.859e-05
-80.00 -25.00 0.00041754
-75.00 -25.00 0.00068577
-70.00 -25.00 0.00044028
-65.00 -25.00 0.0002595
-60.00 -25.00 0.00063876
-55.00 -25.00 0.00111324
-50.00 -25.00 0.00109569
-45.00 -25.00 0.0006417
-40.00 -25.00 3.561e-05
-35.00 -25.00 -0.00050517
-30.00 -25.00 -0.00063645
-25.00 -25.00 -0.00025254
-20.00 -25.00 3.297e-05
-15.00 -25.00 -0.00041685
-10.00 -25.00 -0.00120822
-5.00 -25.00 -0.00130191
0.00 -25.00 -0.00043134
5.00 -25.00 0.0004263
10.00 -25.00 0.00014241
15.00 -25.00 -0.00124425
20.00 -25.00 -0.00253509
25.00 -25.00 -0.00273903
30.00 -25.00 -0.00210609
35.00 -25.00 -0.00148911
40.00 -25.00 -0.00115167
45.00 -25.00 -0.00088902
50.00 -25.00 -0.00083712
55.00 -25.00 -0.00114234
60.00 -25.00 -0.00120786
65.00 -25.00 -0.00045693
70.00 -25.00 0.00044934
75.00 -25.00 0.00043605
80.00 -25.00 -0.00021252
85.00 -25.00 -0.00029307
90.00 -25.00 0.00032199
95.00 -25.00 0.00063186
100.00 -25.00 0.00034932
105.00 -25.00 0.00025101
110.00 -25.00 0.00065652
115.00 -25.00 0.00103593
120.00 -25.00 0.00119805
125.00 -25.00 0.00146916
130.00 -25.00 0.00168483
135.00 -25.00 0.00137202
140.00 -25.00 0.00084468
145.00 -25.00 0.00077526
150.00 -25.00 0.00091194
155.00 -25.00 0.00056607
160.00 -25.00 -2.904e-05
165.00 -25.00 -0.00021027
170.00 -25.00 -0.00016803
175.00 -25.00 -0.00038295
180.00 -25.00 -0.00051699
-180.00 -20.00 -0.00132672
-175.00 -20.00 -0.00141384
-170.00 -20.00 -0.00149817
-165.00 -20.00 -0.00204576
-160.00 -20.00 -0.00228123
-155.00 -20.00 -0.00175254
-150.00 -20.00 -0.00142461
-145.00 -20.00 -0.00184413
-140.00 -20.00 -0.00205152
-135.00 -20.00 -0.00138105
-130.00 -20.00 -0.00050178
-125.00 -20.00 -6.987e-05
-120.00 -20.00 -0.00011928
-115.00 -20.00 -0.00078417
-110.00 -20.00 -0.0018738
-105.00 -20.00 -0.00227649
-100.00 -20.00 -0.0014466
-95.00 -20.00 -0.00046785
-90.00 -20.00 -0.00021714
-85.00 -20.00 -1.428e-05
-80.00 -20.00 0.00064233
-75.00 -20.00 0.00094458
-70.00 -20.00 0.00056463
-65.00 -20.00 0.00053751
-60.00 -20.00 0.00133359
-55.00 -20.00 0.00193071
-50.00 -20.00 0.00149943
-45.00 -20.00 0.00040167
-40.00 -20.00 -0.00069657
-35.00 -20.00 -0.00131115
-30.00 -20.00 -0.00099927
-25.00 -20.00 5.7e-06
-20.00 -20.00 0.00054459
-15.00 -20.00 -4.722e-05
-10.00 -20.00 -0.000957
-5.00 -20.00 -0.00110235
0.00 -20.00 -0.00056154
5.00 -20.00 -0.00025266
10.00 -20.00 -0.00081936
15.00 -20.00 -0.00206352
20.00 -20.00 -0.00305778
25.00 -20.00 -0.00298374
30.00 -20.00 -0.00209607
35.00 -20.00 -0.00132801
40.00 -20.00 -0.00093462
45.00 -20.00 -0.00049368
50.00 -20.00 -0.00014985
55.00 -20.00 -0.0004833
60.00 -20.00 -0.00115257
65.00 -20.00 -0.00118713
70.00 -20.00 -0.00064719
75.00 -20.00 -0.00044418
80.00 -20.00 -0.00059541
85.00 -20.00 -0.00032865
90.00 -20.00 0.00020718
95.00 -20.00 0.00016317
100.00 -20.00 -0.00017595
105.00 -20.00 0.00028431
110.00 -20.00 0.00133323
115.00 -20.00 0.00167232
120.00 -20.00 0.00121935
125.00 -20.00 0.00110541
130.00 -20.00 0.00142968
135.00 -20.00 0.00123378
140.00 -20.00 0.00064164
145.00 -20.00 0.00071274
150.00 -20.00 0.00125658
155.00 -20.00 0.00109791
160.00 -20.00 0.00029862
165.00 -20.00 -0.00012204
170.00 -20.00 -0.00022209
175.00 -20.00 -0.00072735
180.00 -20.00 -0.00132672
-180.00 -15.00 -0.00178911
-175.00 -15.00 -0.00194808
-170.00 -15.00 -0.00204519
-165.00 -15.00 -0.00245262
-160.00 -15.00 -0.00235656
-155.00 -15.00 -0.00153477
-150.00 -15.00 -0.00126459
-145.00 -15.00 -0.00186993
-140.00 -15.00 -0.00185721
-135.00 -15.00 -0.00070185
-130.00 -15.00 0.00023172
-125.00 -15.00 0.00026178
-120.00 -15.00 0.00011568
-115.00 -15.00 -2.949e-05
-110.00 -15.00 -0.0005724
-105.00 -15.00 -0.0010185
-100.00 -15.00 -0.00081327
-95.00 -15.00 -0.0005703
-90.00 -15.00 -0.00065013
-85.00 -15.00 -0.00028497
-80.00 -15.00 0.00051192
-75.00 -15.00 0.00051225
-70.00 -15.00 -0.00025599
-65.00 -15.00 -0.00022644
-60.00 -15.00 0.00089943
-55.00 -15.00 0.00164811
-50.00 -15.00 0.00123492
-45.00 -15.00 0.00023868
-40.00 -15.00 -0.00076383
-35.00 -15.00 -0.00131412
-30.00 -15.00 -0.00080838
-25.00 -15.00 0.00033444
-20.00 -15.00 0.00062688
-15.00 -15.00 -0.00028707
-10.00 -15.00 -0.00107607
-5.00 -15.00 -0.00097152
0.00 -15.00 -0.00068694
5.00 -15.00 -0.00084621
10.00 -15.00 -0.00133074
15.00 -15.00 -0.0020739
20.00 -15.00 -0.00288198
25.00 -15.00 -0.00296598
30.00 -15.00 -0.00200958
35.00 -15.00 -0.00088842
40.00 -15.00 -0.00032532
45.00 -15.00 4.2e-06
50.00 -15.00 0.00030183
55.00 -15.00 7.068e-05
60.00 -15.00 -0.00063972
65.00 -15.00 -0.00093612
70.00 -15.00 -0.00054177
75.00 -15.00 -0.0001125
80.00 -15.00 0.00012186
85.00 -15.00 0.00050325
90.00 -15.00 0.00072978
95.00 -15.00 0.00022644
100.00 -15.00 -0.00032328
105.00 -15.00 0.0002475
110.00 -15.00 0.00133728
115.00 -15.00 0.0012792
120.00 -15.00 0.00026799
125.00 -15.00 0.0001017
130.00 -15.00 0.00095022
135.00 -15.00 0.00117441
140.00 -15.00 0.00053349
145.00 -15.00 0.00053526
150.00 -15.00 0.00131685
155.00 -15.00 0.00129648
160.00 -15.00 0.00019677
165.00 -15.00 -0.00060759
170.00 -15.00 -0.00077805
175.00 -15.00 -0.00118749
180.00 -15.00 -0.00178911
-180.00 -10.00 -0.00161685
-175.00 -10.00 -0.00123381
-170.00 -10.00 -0.00091173
-165.00 -10.00 -0.00123729
-160.00 -10.00 -0.00152022
-155.00 -10.00 -0.00128544
-150.00 -10.00 -0.00134898
-145.00 -10.00 -0.00174096
-140.00 -10.00 -0.00115077
-135.00 -10.00 0.0002943
-130.00 -10.00 0.00074739
-125.00 -10.00 -8.043e-05
-120.00 -10.00 -0.00053982
-115.00 -10.00 -0.00011937
-110.00 -10.00 0.00017019
-105.00 -10.00 5.79e-05
-100.00 -10.00 -1.131e-05
-95.00 -10.00 -0.00013242
-90.00 -10.00 -0.00020379
-85.00 -10.00 0.00035721
-80.00 -10.00 0.00098508
-75.00 -10.00 0.0004119
-70.00 -10.00 -0.00078546
-65.00 -10.00 -0.0008382
-60.00 -10.00 0.00018048
-55.00 -10.00 0.00076842
-50.00 -10.00 0.00061974
-45.00 -10.00 0.00028659
-40.00 -10.00 -0.00031002
-35.00 -10.00 -0.00092718
-30.00 -10.00 -0.00060582
-25.00 -10.00 0.00027021
-20.00 -10.00 5.34e-05
-15.00 -10.00 -0.00119484
-10.00 -10.00 -0.00170868
-5.00 -10.00 -0.00120741
0.00 -10.00 -0.00100176
5.00 -10.00 -0.00123672
10.00 -10.00 -0.00109065
15.00 -10.00 -0.00097833
20.00 -10.00 -0.00168003
25.00 -10.00 -0.00230508
30.00 -10.00 -0.00165015
35.00 -10.00 -0.00039219
40.00 -10.00 0.0001242
45.00 -10.00 -2.652e-05
50.00 -10.00 -7.443e-05
55.00 -10.00 -1.245e-05
60.00 -10.00 -8.748e-05
65.00 -10.00 -4.455e-05
70.00 -10.00 0.00025197
75.00 -10.00 0.00047667
80.00 -10.00 0.00057198
85.00 -10.00 0.00079803
90.00 -10.00 0.00090393
95.00 -10.00 0.00042198
100.00 -10.00 -0.00016311
105.00 -10.00 5.331e-05
110.00 -10.00 0.00062748
115.00 -10.00 0.00027471
120.00 -10.00 -0.00067968
125.00 -10.00 -0.00054579
130.00 -10.00 0.00064359
135.00 -10.00 0.00092166
140.00 -10.00 -9.99e-05
145.00 -10.00 -0.00050901
150.00 -10.00 0.00029451
155.00 -10.00 0.00051261
160.00 -10.00 -0.00062916
165.00 -10.00 -0.00164952
170.00 -10.00 -0.00171348
175.00 -10.00 -0.00161739
180.00 -10.00 -0.00161685
-180.00 -5.00 -0.00125034
-175.00 -5.00 -0.00059628
-170.00 -5.00 0.00013908
-165.00 -5.00 -2.94e-06
-160.00 -5.00 -0.00077109
-155.00 -5.00 -0.00128523
-150.00 -5.00 -0.00151722
-145.00 -5.00 -0.00142431
-140.00 -5.00 -0.00045036
-135.00 -5.00 0.00078096
-130.00 -5.00 0.00068418
-125.00 -5.00 -0.00055965
-120.00 -5.00 -0.00111816
-115.00 -5.00 -0.00050781
-110.00 -5.00 0.00014619
-105.00 -5.00 0.00036708
-100.00 -5.00 0.00048909
-95.00 -5.00 0.00055314
-90.00 -5.00 0.00072324
-85.00 -5.00 0.00130635
-80.00 -5.00 0.00159837
-75.00 -5.00 0.00075537
-70.00 -5.00 -0.00030786
-65.00 -5.00 -0.0002718
-60.00 -5.00 0.00027693
-55.00 -5.00 0.00027087
-50.00 -5.00 0.00014538
-45.00 -5.00 0.00025941
-40.00 -5.00 -0.00019941
-35.00 -5.00 -0.00105915
-30.00 -5.00 -0.00094074
-25.00 -5.00 -0.00019194
-20.00 -5.00 -0.00057708
-15.00 -5.00 -0.00176829
-10.00 -5.00 -0.0018927
-5.00 -5.00 -0.0011616
0.00 -5.00 -0.00113682
5.00 -5.00 -0.00139983
10.00 -5.00 -0.00068004
15.00 -5.00 0.00012282
20.00 -5.00 -0.00049512
25.00 -5.00 -0.00164286
30.00 -5.00 -0.0015735
35.00 -5.00 -0.00062616
40.00 -5.00 -0.00024405
45.00 -5.00 -0.00052833
50.00 -5.00 -0.00059367
55.00 -5.00 -0.00018159
60.00 -5.00 0.00032205
65.00 -5.00 0.0006396
70.00 -5.00 0.00068262
75.00 -5.00 0.00047664
80.00 -5.00 0.00031056
85.00 -5.00 0.00050085
90.00 -5.00 0.00086289
95.00 -5.00 0.00083961
100.00 -5.00 0.00032982
105.00 -5.00 -9.978e-05
110.00 -5.00 -0.00014463
115.00 -5.00 -0.00020034
120.00 -5.00 -0.00033753
125.00 -5.00 6.525e-05
130.00 -5.00 0.00081654
135.00 -5.00 0.00058848
140.00 -5.00 -0.00074283
145.00 -5.00 -0.00141336
150.00 -5.00 -0.00075621
155.00 -5.00 -0.00045546
160.00 -5.00 -0.00144519
165.00 -5.00 -0.00231411
170.00 -5.00 -0.00206445
175.00 -5.00 -0.00154773
180.00 -5.00 -0.00125034
-180.00 0.00 -0.00083427
-175.00 0.00 -0.00081648
-170.00 0.00 -0.00022482
-165.00 0.00 -0.00013119
-160.00 0.00 -0.00087936
-155.00 0.00 -0.00146409
-150.00 0.00 -0.00131163
-145.00 0.00 -0.00073497
-140.00 0.00 -6.573e-05
-135.00 0.00 0.00027825
-130.00 0.00 -0.00013596
-125.00 0.00 -0.00081639
-120.00 0.00 -0.00080898
-115.00 0.00 -0.00022986
-110.00 0.00 0.00013407
-105.00 0.00 0.00025113
-100.00 0.00 0.00047511
-95.00 0.00 0.0007134
-90.00 0.00 0.00095499
-85.00 0.00 0.00133302
-80.00 0.00 0.00137481
-75.00 0.00 0.00075873
-70.00 0.00 0.0003051
-65.00 0.00 0.00053586
-60.00 0.00 0.00057828
-55.00 0.00 5.946e-05
-50.00 0.00 -3.804e-05
-45.00 0.00 0.0003354
-40.00 0.00 -3.858e-05
-35.00 0.00 -0.00091989
-30.00 0.00 -0.00084432
-25.00 0.00 -0.00023391
-20.00 0.00 -0.00066849
-15.00 0.00 -0.00157233
-10.00 0.00 -0.00134076
-5.00 0.00 -0.0006252
0.00 0.00 -0.00088557
5.00 0.00 -0.00133713
10.00 0.00 -0.00068613
15.00 0.00 6.897e-05
20.00 0.00 -0.00051024
25.00 0.00 -0.00166686
30.00 0.00 -0.00195168
35.00 0.00 -0.00146973
40.00 0.00 -0.00104418
45.00 0.00 -0.0007824
50.00 0.00 -0.00044043
55.00 0.00 -5.37e-06
60.00 0.00 0.00046473
65.00 0.00 0.00084708
70.00 0.00 0.00091995
75.00 0.00 0.0007143
80.00 0.00 0.00058656
85.00 0.00 0.00082338
90.00 0.00 0.00134961
95.00 0.00 0.0016578
100.00 0.00 0.00117504
105.00 0.00 0.00013902
110.00 0.00 -0.00038739
115.00 0.00 7.026e-05
120.00 0.00 0.00078396
125.00 0.00 0.00103644
130.00 0.00 0.00081363
135.00 0.00 0.00018738
140.00 0.00 -0.00061305
145.00 0.00 -0.00086139
150.00 0.00 -0.00051135
155.00 0.00 -0.00072336
160.00 0.00 -0.00178926
165.00 0.00 -0.00223854
170.00 0.00 -0.00141687
175.00 0.00 -0.00069213
180.00 0.00 -0.00083427
-180.00 5.00 -8.832e-05
-175.00 5.00 -0.00083646
-170.00 5.00 -0.00078279
-165.00 5.00 -0.00078267
-160.00 5.00 -0.00145173
-155.00 5.00 -0.00176007
-150.00 5.00 -0.000972
-145.00 5.00 4.32e-06
-140.00 5.00 7.725e-05
-135.00 5.00 -0.00060294
-130.00 5.00 -0.0011037
-125.00 5.00 -0.00081876
-120.00 5.00 -5.571e-05
-115.00 5.00 0.00032742
-110.00 5.00 4.776e-05
-105.00 5.00 -0.00026037
-100.00 5.00 -0.00011295
-95.00 5.00 0.00025926
-90.00 5.00 0.00061839
-85.00 5.00 0.00092655
-80.00 5.00 0.00092802
-75.00 5.00 0.00060153
-70.00 5.00 0.00046443
-65.00 5.00 0.00052437
-60.00 5.00 0.00013992
-55.00 5.00 -0.0004269
-50.00 5.00 -0.00017961
-45.00 5.00 0.00054993
-40.00 5.00 0.00052422
-35.00 5.00 -2.805e-05
-30.00 5.00 -5.934e-05
-25.00 5.00 -2.241e-05
-20.00 5.00 -0.00078084
-15.00 5.00 -0.00143553
-10.00 5.00 -0.00095241
-5.00 5.00 -0.00029574
0.00 5.00 -0.00054804
5.00 5.00 -0.00095415
10.00 5.00 -0.00076545
15.00 5.00 -0.00073545
20.00 5.00 -0.001371
25.00 5.00 -0.00195012
30.00 5.00 -0.00202029
35.00 5.00 -0.0018426
40.00 5.00 -0.00136662
45.00 5.00 -0.00053976
50.00 5.00 -6.18e-06
55.00 5.00 -7.692e-05
60.00 5.00 -2.961e-05
65.00 5.00 0.00061548
70.00 5.00 0.00134742
75.00 5.00 0.00165993
80.00 5.00 0.00164226
85.00 5.00 0.00157125
90.00 5.00 0.00170241
95.00 5.00 0.00198924
100.00 5.00 0.00178422
105.00 5.00 0.00081858
110.00 5.00 0.00014706
115.00 5.00 0.00067044
120.00 5.00 0.00145641
125.00 5.00 0.00116475
130.00 5.00 0.00015087
135.00 5.00 -0.00035868
140.00 5.00 -8.205e-05
145.00 5.00 0.0003717
150.00 5.00 0.00026448
155.00 5.00 -0.00082317
160.00 5.00 -0.00216651
165.00 5.00 -0.00216297
170.00 5.00 -0.00066012
175.00 5.00 0.00039879
180.00 5.00 -8.832e-05
-180.00 10.00 0.00046281
-175.00 10.00 -0.00014046
-170.00 10.00 -0.00035592
-165.00 10.00 -0.00081333
-160.00 10.00 -0.00184602
-155.00 10.00 -0.0021702
-150.00 10.00 -0.0009765
-145.00 10.00 0.00038313
-140.00 10.00 0.00027882
-135.00 10.00 -0.00087591
-130.00 10.00 -0.00139323
-125.00 10.00 -0.00063894
-120.00 10.00 0.00035904
-115.00 10.00 0.00041016
-110.00 10.00 -0.00040662
-105.00 10.00 -0.00107352
-100.00 10.00 -0.00097302
-95.00 10.00 -0.00031869
-90.00 10.00 0.00046341
-85.00 10.00 0.00105939
-80.00 10.00 0.00121566
-75.00 10.00 0.00098184
-70.00 10.00 0.0006507
-65.00 10.00 0.00019236
-60.00 10.00 -0.00050133
-55.00 10.00 -0.00086499
-50.00 10.00 -0.00034224
-45.00 10.00 0.00044694
-40.00 10.00 0.00057963
-35.00 10.00 0.00024867
-30.00 10.00 -5.283e-05
-25.00 10.00 -0.00062676
-20.00 10.00 -0.00148671
-15.00 10.00 -0.00170727
-10.00 10.00 -0.00104985
-5.00 10.00 -0.00048315
0.00 10.00 -0.00038139
5.00 10.00 -0.00023208
10.00 10.00 -0.00024873
15.00 10.00 -0.00099177
20.00 10.00 -0.00177558
25.00 10.00 -0.00171198
30.00 10.00 -0.00138768
35.00 10.00 -0.00146802
40.00 10.00 -0.0012354
45.00 10.00 -0.00034791
50.00 10.00 2.625e-05
55.00 10.00 -0.00057651
60.00 10.00 -0.00079521
65.00 10.00 0.00026235
70.00 10.00 0.00170532
75.00 10.00 0.00246117
80.00 10.00 0.00237303
85.00 10.00 0.00171462
90.00 10.00 0.00105189
95.00 10.00 0.0010257
100.00 10.00 0.00138786
105.00 10.00 0.00133719
110.00 10.00 0.00105426
115.00 10.00 0.00127089
120.00 10.00 0.00153006
125.00 10.00 0.00086028
130.00 10.00 -0.00024354
135.00 10.00 -0.00045771
140.00 10.00 0.00027744
145.00 10.00 0.00080889
150.00 10.00 0.00028509
155.00 10.00 -0.00117627
160.00 10.00 -0.00251406
165.00 10.00 -0.00237828
170.00 10.00 -0.00077724
175.00 10.00 0.00054843
180.00 10.00 0.00046281
-180.00 15.00 -0.00011493
-175.00 15.00 9.579e-05
-170.00 15.00 0.0001068
-165.00 15.00 -0.00063747
-160.00 15.00 -0.00197088
-155.00 15.00 -0.00238893
-150.00 15.00 -0.00110664
-145.00 15.00 0.00045585
-140.00 15.00 0.00054726
-135.00 15.00 -0.00052035
-130.00 15.00 -0.00105321
-125.00 15.00 -0.00037785
-120.00 15.00 0.0005286
-115.00 15.00 0.00054582
-110.00 15.00 -0.00030282
-105.00 15.00 -0.00114816
-100.00 15.00 -0.00129303
-95.00 15.00 -0.00067638
-90.00 15.00 0.00031701
-85.00 15.00 0.00117309
-80.00 15.00 0.0015405
-75.00 15.00 0.00140871
-70.00 15.00 0.00092337
-65.00 15.00 0.00018543
-60.00 15.00 -0.00050421
-55.00 15.00 -0.00062754
-50.00 15.00 -0.00017238
-45.00 15.00 0.0001578
-40.00 15.00 -6.852e-05
-35.00 15.00 -0.00054135
-30.00 15.00 -0.00102342
-25.00 15.00 -0.00157185
-20.00 15.00 -0.00182262
-15.00 15.00 -0.00137934
-10.00 15.00 -0.00077763
-5.00 15.00 -0.00061122
0.00 15.00 -0.00034164
5.00 15.00 0.00039615
10.00 15.00 0.00053862
15.00 15.00 -0.00049161
20.00 15.00 -0.00130593
25.00 15.00 -0.00091734
30.00 15.00 -0.0004992
35.00 15.00 -0.00093714
40.00 15.00 -0.00110748
45.00 15.00 -0.00033426
50.00 15.00 0.00012747
55.00 15.00 -0.00038451
60.00 15.00 -0.00057333
65.00 15.00 0.00045516
70.00 15.00 0.00183423
75.00 15.00 0.00257406
80.00 15.00 0.00250371
85.00 15.00 0.00161103
90.00 15.00 0.00026082
95.00 15.00 -0.00043689
100.00 15.00 6.537e-05
105.00 15.00 0.00092421
110.00 15.00 0.00130113
115.00 15.00 0.0013416
120.00 15.00 0.00124638
125.00 15.00 0.00084723
130.00 15.00 0.00038985
135.00 15.00 0.00037641
140.00 15.00 0.0006282
145.00 15.00 0.0005436
150.00 15.00 -5.205e-05
155.00 15.00 -0.00096069
160.00 15.00 -0.00184128
165.00 15.00 -0.00211047
170.00 15.00 -0.00149274
175.00 15.00 -0.00060321
180.00 15.00 -0.00011493
-180.00 20.00 -0.00116763
-175.00 20.00 -0.00051264
-170.00 20.00 -0.00027564
-165.00 20.00 -0.00086745
-160.00 20.00 -0.001872
-155.00 20.00 -0.00207918
-150.00 20.00 -0.00099048
-145.00 20.00 0.00030243
-140.00 20.00 0.00049938
-135.00 20.00 -0.00021723
-130.00 20.00 -0.00061089
-125.00 20.00 -5.925e-05
-120.00 20.00 0.00088377
-115.00 20.00 0.00133326
-110.00 20.00 0.00094878
-105.00 20.00 7.518e-05
-100.00 20.00 -0.00062253
-95.00 20.00 -0.00066591
-90.00 20.00 -0.00010029
-85.00 20.00 0.00063108
-80.00 20.00 0.00112242
-75.00 20.00 0.00120651
-70.00 20.00 0.00085146
-65.00 20.00 0.00022239
-60.00 20.00 -0.00019443
-55.00 20.00 -3.081e-05
-50.00 20.00 0.00036756
-45.00 20.00 0.00032274
-40.00 20.00 -0.00024684
-35.00 20.00 -0.00088467
-30.00 20.00 -0.00133428
-25.00 20.00 -0.00148101
-20.00 20.00 -0.00105438
-15.00 20.00 -0.00027321
-10.00 20.00 -1.842e-05
-5.00 20.00 -0.00040716
0.00 20.00 -0.00035472
5.00 20.00 0.00042336
10.00 20.00 0.00062763
15.00 20.00 -0.00022944
20.00 20.00 -0.0007101
25.00 20.00 -7.2e-05
30.00 20.00 0.00033573
35.00 20.00 -0.00028716
40.00 20.00 -0.0006426
45.00 20.00 0.00015846
50.00 20.00 0.00100278
55.00 20.00 0.00096018
60.00 20.00 0.00076566
65.00 20.00 0.00115548
70.00 20.00 0.0017766
75.00 20.00 0.0022506
80.00 20.00 0.00248517
85.00 20.00 0.00195063
90.00 20.00 0.00040068
95.00 20.00 -0.00103539
100.00 20.00 -0.00107646
105.00 20.00 -9.021e-05
110.00 20.00 0.00061434
115.00 20.00 0.0006192
120.00 20.00 0.00048813
125.00 20.00 0.00066834
130.00 20.00 0.00104346
135.00 20.00 0.00117762
140.00 20.00 0.00076767
145.00 20.00 0.00010173
150.00 20.00 -0.00020781
155.00 20.00 -0.00016068
160.00 20.00 -0.00040692
165.00 20.00 -0.00114207
170.00 20.00 -0.0017511
175.00 20.00 -0.00171999
180.00 20.00 -0.00116763
-180.00 25.00 -0.00091257
-175.00 25.00 -0.00057492
-170.00 25.00 -0.00059478
-165.00 25.00 -0.00100083
-160.00 25.00 -0.00145803
-155.00 25.00 -0.00146154
-150.00 25.00 -0.00086892
-145.00 25.00 -0.00014622
-140.00 25.00 0.00017247
-135.00 25.00 0.00010479
-130.00 25.00 9.246e-05
-125.00 25.00 0.00045411
-120.00 25.00 0.00112377
-115.00 25.00 0.00172488
-110.00 25.00 0.00179961
-105.00 25.00 0.00118842
-100.00 25.00 0.00027816
-95.00 25.00 -0.00029763
-90.00 25.00 -0.00023577
-85.00 25.00 0.00027726
-80.00 25.00 0.00085446
-75.00 25.00 0.00113121
-70.00 25.00 0.000888
-65.00 25.00 0.000312
-60.00 25.00 -7.77e-06
-55.00 25.00 0.0002601
-50.00 25.00 0.00068928
-45.00 25.00 0.00065097
-40.00 25.00 0.00012192
-35.00 25.00 -0.00048573
-30.00 25.00 -0.00091836
-25.00 25.00 -0.00102558
-20.00 25.00 -0.00064986
-15.00 25.00 -9.549e-05
-10.00 25.00 -1.512e-05
-5.00 25.00 -0.00033876
0.00 25.00 -0.00026817
5.00 25.00 0.00021474
10.00 25.00 0.00016521
15.00 25.00 -0.00047055
20.00 25.00 -0.00048066
25.00 25.00 0.00044421
30.00 25.00 0.00101232
35.00 25.00 0.00061389
40.00 25.00 0.00039057
45.00 25.00 0.00113733
50.00 25.00 0.00197922
55.00 25.00 0.00200649
60.00 25.00 0.00157944
65.00 25.00 0.00133527
70.00 25.00 0.00134832
75.00 25.00 0.00162636
80.00 25.00 0.00209133
85.00 25.00 0.00202896
90.00 25.00 0.00088566
95.00 25.00 -0.00052797
100.00 25.00 -0.00089886
105.00 25.00 -0.00025203
110.00 25.00 0.00023214
115.00 25.00 1.458e-05
120.00 25.00 -0.0002433
125.00 25.00 0.0001209
130.00 25.00 0.00078639
135.00 25.00 0.00087564
140.00 25.00 9.996e-05
145.00 25.00 -0.00077439
150.00 25.00 -0.00081933
155.00 25.00 -0.00016947
160.00 25.00 0.00015696
165.00 25.00 -0.00033495
170.00 25.00 -0.00104439
175.00 25.00 -0.00123414
180.00 25.00 -0.00091257
-180.00 30.00 0.00063258
-175.00 30.00 0.00036666
-170.00 30.00 -0.00016623
-165.00 30.00 -0.00062064
-160.00 30.00 -0.00087819
-155.00 30.00 -0.00100815
-150.00 30.00 -0.00095931
-145.00 30.00 -0.00053541
-140.00 30.00 0.00028353
-135.00 30.00 0.00111621
-130.00 30.00 0.00144273
-125.00 30.00 0.00116121
-120.00 30.00 0.00074025
-115.00 30.00 0.00066537
-110.00 30.00 0.00086313
-105.00 30.00 0.00088344
-100.00 30.00 0.00054987
-95.00 30.00 0.00017643
-90.00 30.00 0.00017748
-85.00 30.00 0.00066408
-80.00 30.00 0.00137142
-75.00 30.00 0.00181401
-70.00 30.00 0.00163056
-65.00 30.00 0.00098052
-60.00 30.00 0.000462
-55.00 30.00 0.00042684
-50.00 30.00 0.00056598
-45.00 30.00 0.00039573
-40.00 30.00 -0.00011757
-35.00 30.00 -0.00069984
-30.00 30.00 -0.00120816
-25.00 30.00 -0.00157788
-20.00 30.00 -0.00165363
-15.00 30.00 -0.00140928
-10.00 30.00 -0.00101673
-5.00 30.00 -0.00050208
0.00 30.00 0.00018339
5.00 30.00 0.00065931
10.00 30.00 0.00043728
15.00 30.00 -0.00011361
20.00 30.00 -5.394e-05
25.00 30.00 0.00067608
30.00 30.00 0.00115212
35.00 30.00 0.00103809
40.00 30.00 0.00106464
45.00 30.00 0.00159873
50.00 30.00 0.00195792
55.00 30.00 0.00161244
60.00 30.00 0.00099783
65.00 30.00 0.00069942
70.00 30.00 0.00073554
75.00 30.00 0.00093378
80.00 30.00 0.00119382
85.00 30.00 0.00122892
90.00 30.00 0.00081792
95.00 30.00 0.00035532
100.00 30.00 0.0004221
105.00 30.00 0.00083997
110.00 30.00 0.00087234
115.00 30.00 0.00036183
120.00 30.00 -1.809e-05
125.00 30.00 0.00021735
130.00 30.00 0.00061701
135.00 30.00 0.0003609
140.00 30.00 -0.00064548
145.00 30.00 -0.00156588
150.00 30.00 -0.00159438
155.00 30.00 -0.00087381
160.00 30.00 -0.00018762
165.00 30.00 8.007e-05
170.00 30.00 0.00022242
175.00 30.00 0.00048834
180.00 30.00 0.00063258
-180.00 35.00 0.00142134
-175.00 35.00 0.0008295
-170.00 35.00 0.000165
-165.00 35.00 -0.00022161
-160.00 35.00 -0.00043872
-155.00 35.00 -0.00073827
-150.00 35.00 -0.00091569
-145.00 35.00 -0.00038982
-140.00 35.00 0.00097857
-135.00 35.00 0.00237903
-130.00 35.00 0.00267558
-125.00 35.00 0.0015885
-120.00 35.00 5.052e-05
-115.00 35.00 -0.0007317
-110.00 35.00 -0.00043065
-105.00 35.00 0.0002982
-100.00 35.00 0.00068919
-95.00 35.00 0.00061329
-90.00 35.00 0.00051507
-85.00 35.00 0.00083409
-80.00 35.00 0.00154362
-75.00 35.00 0.00216912
-70.00 35.00 0.00225099
-65.00 35.00 0.0018111
-60.00 35.00 0.00127647
-55.00 35.00 0.0009219
-50.00 35.00 0.0005814
-45.00 35.00 1.32e-05
-40.00 35.00 -0.00068853
-35.00 35.00 -0.00125469
-30.00 35.00 -0.00161949
-25.00 35.00 -0.00188802
-20.00 35.00 -0.00204753
-15.00 35.00 -0.00192552
-10.00 35.00 -0.0013716
-5.00 35.00 -0.00039972
0.00 35.00 0.00071268
5.00 35.00 0.00147231
10.00 35.00 0.00158082
15.00 35.00 0.00129783
20.00 35.00 0.00108747
25.00 35.00 0.00098361
30.00 35.00 0.00074589
35.00 35.00 0.00052599
40.00 35.00 0.00073122
45.00 35.00 0.001209
50.00 35.00 0.00127878
55.00 35.00 0.00074232
60.00 35.00 0.00021891
65.00 35.00 0.00024444
70.00 35.00 0.00059349
75.00 35.00 0.00075036
80.00 35.00 0.00060336
85.00 35.00 0.0004281
90.00 35.00 0.00050154
95.00 35.00 0.00088983
100.00 35.00 0.00137727
105.00 35.00 0.00155886
110.00 35.00 0.00125352
115.00 35.00 0.0008298
120.00 35.00 0.00083904
125.00 35.00 0.00127863
130.00 35.00 0.00148752
135.00 35.00 0.00091068
140.00 35.00 -0.00019611
145.00 35.00 -0.00099969
150.00 35.00 -0.00096969
155.00 35.00 -0.00033945
160.00 35.00 0.00033693
165.00 35.00 0.00083736
170.00 35.00 0.0012615
175.00 35.00 0.00155109
180.00 35.00 0.00142137
-180.00 40.00 0.0006759
-175.00 40.00 0.0002373
-170.00 40.00 1.833e-05
-165.00 40.00 2.358e-05
-160.00 40.00 -3.456e-05
-155.00 40.00 -0.00033528
-150.00 40.00 -0.00052674
-145.00 40.00 1.56e-06
-140.00 40.00 0.00129783
-135.00 40.00 0.00249006
-130.00 40.00 0.00251412
-125.00 40.00 0.00124029
-120.00 40.00 -0.00028926
-115.00 40.00 -0.00084702
-110.00 40.00 -0.00017442
-105.00 40.00 0.00090177
-100.00 40.00 0.00139314
-95.00 40.00 0.00106218
-90.00 40.00 0.00047475
-85.00 40.00 0.00032262
-80.00 40.00 0.00077367
-75.00 40.00 0.00142491
-70.00 40.00 0.00179379
-65.00 40.00 0.00177468
-60.00 40.00 0.00158364
-55.00 40.00 0.00134985
-50.00 40.00 0.00094866
-45.00 40.00 0.00029223
-40.00 40.00 -0.00039024
-35.00 40.00 -0.00073125
-30.00 40.00 -0.00062757
-25.00 40.00 -0.00033309
-20.00 40.00 -0.00016719
-15.00 40.00 -0.00021648
-10.00 40.00 -0.00029943
-5.00 40.00 -0.00014841
0.00 40.00 0.00036381
5.00 40.00 0.00112128
10.00 40.00 0.00185022
15.00 40.00 0.00226083
20.00 40.00 0.0021231
25.00 40.00 0.00139479
30.00 40.00 0.00043539
35.00 40.00 -8.865e-05
40.00 40.00 0.00017439
45.00 40.00 0.00078504
50.00 40.00 0.00097404
55.00 40.00 0.00058185
60.00 40.00 0.00020742
65.00 40.00 0.0003606
70.00 40.00 0.00081693
75.00 40.00 0.00100215
80.00 40.00 0.00076212
85.00 40.00 0.00049032
90.00 40.00 0.00057648
95.00 40.00 0.0009336
100.00 40.00 0.00111915
105.00 40.00 0.00087291
110.00 40.00 0.00048387
115.00 40.00 0.00054258
120.00 40.00 0.00126309
125.00 40.00 0.00212271
130.00 40.00 0.00232269
135.00 40.00 0.00163338
140.00 40.00 0.00067299
145.00 40.00 0.00028461
150.00 40.00 0.00070953
155.00 40.00 0.00145404
160.00 40.00 0.00189756
165.00 40.00 0.00186195
170.00 40.00 0.00155103
175.00 40.00 0.00114462
180.00 40.00 0.0006759
-180.00 45.00 4.608e-05
-175.00 45.00 7.857e-05
-170.00 45.00 0.00040413
-165.00 45.00 0.00070146
-160.00 45.00 0.00065841
-155.00 45.00 0.0002655
-150.00 45.00 -7.554e-05
-145.00 45.00 0.00010245
-140.00 45.00 0.00078939
-135.00 45.00 0.00138717
-130.00 45.00 0.00127599
-125.00 45.00 0.00050547
-120.00 45.00 -0.00017736
-115.00 45.00 -5.67e-05
-110.00 45.00 0.00082662
-105.00 45.00 0.00171861
-100.00 45.00 0.00189306
-95.00 45.00 0.00130659
-90.00 45.00 0.00054861
-85.00 45.00 0.00022725
-80.00 45.00 0.00044811
-75.00 45.00 0.00085308
-70.00 45.00 0.00107658
-65.00 45.00 0.00108519
-60.00 45.00 0.00106719
-55.00 45.00 0.00108681
-50.00 45.00 0.00097791
-45.00 45.00 0.00061248
-40.00 45.00 0.00017661
-35.00 45.00 6.672e-05
-30.00 45.00 0.00049194
-25.00 45.00 0.0012141
-20.00 45.00 0.00169182
-15.00 45.00 0.00149013
-10.00 45.00 0.00061914
-5.00 45.00 -0.00043686
0.00 45.00 -0.00101559
5.00 45.00 -0.00071403
10.00 45.00 0.00031134
15.00 45.00 0.0013998
20.00 45.00 0.0018195
25.00 45.00 0.00132864
30.00 45.00 0.00041118
35.00 45.00 -0.00012411
40.00 45.00 9.927e-05
45.00 45.00 0.00068046
50.00 45.00 0.00092859
55.00 45.00 0.0006399
60.00 45.00 0.00025335
65.00 45.00 0.00025734
70.00 45.00 0.00063891
75.00 45.00 0.00101205
80.00 45.00 0.00113415
85.00 45.00 0.00110658
90.00 45.00 0.00108876
95.00 45.00 0.00100674
100.00 45.00 0.00067938
105.00 45.00 0.00019275
110.00 45.00 -7.98e-06
115.00 45.00 0.00046629
120.00 45.00 0.00143424
125.00 45.00 0.0021615
130.00 45.00 0.0020157
135.00 45.00 0.0011241
140.00 45.00 0.00031362
145.00 45.00 0.00034746
150.00 45.00 0.00122451
155.00 45.00 0.00222777
160.00 45.00 0.00260586
165.00 45.00 0.00216675
170.00 45.00 0.00128085
175.00 45.00 0.00046623
180.00 45.00 4.608e-05
-180.00 50.00 0.0006417
-175.00 50.00 0.00106242
-170.00 50.00 0.00153138
-165.00 50.00 0.00168171
-160.00 50.00 0.00135783
-155.00 50.00 0.00073416
-150.00 50.00 0.00020997
-145.00 50.00 0.00010401
-140.00 50.00 0.00038247
-135.00 50.00 0.00069309
-130.00 50.00 0.00071169
-125.00 50.00 0.000468
-120.00 50.00 0.00030438
-115.00 50.00 0.00050184
-110.00 50.00 0.00097314
-105.00 50.00 0.00135342
-100.00 50.00 0.00138357
-95.00 50.00 0.00116751
-90.00 50.00 0.00103593
-85.00 50.00 0.00117795
-80.00 50.00 0.00144072
-75.00 50.00 0.00150249
-70.00 50.00 0.00122202
-65.00 50.00 0.00078504
-60.00 50.00 0.00049452
-55.00 50.00 0.00044115
-50.00 50.00 0.00042057
-45.00 50.00 0.00018918
-40.00 50.00 -0.00022356
-35.00 50.00 -0.00049224
-30.00 50.00 -0.00030198
-25.00 50.00 0.000309
-20.00 50.00 0.00089892
-15.00 50.00 0.00092829
-10.00 50.00 0.00018663
-5.00 50.00 -0.00099432
0.00 50.00 -0.00192372
5.00 50.00 -0.00202356
10.00 50.00 -0.00125094
15.00 50.00 -0.00013797
20.00 50.00 0.00061179
25.00 50.00 0.00066453
30.00 50.00 0.00027684
35.00 50.00 -9.75e-06
40.00 50.00 9.06e-05
45.00 50.00 0.00037083
50.00 50.00 0.00042546
55.00 50.00 0.00013098
60.00 50.00 -0.00021921
65.00 50.00 -0.00023577
70.00 50.00 0.00018639
75.00 50.00 0.0008232
80.00 50.00 0.00137082
85.00 50.00 0.0016575
90.00 50.00 0.00164733
95.00 50.00 0.001371
100.00 50.00 0.00095109
105.00 50.00 0.0006552
110.00 50.00 0.00077937
115.00 50.00 0.0013593
120.00 50.00 0.00200052
125.00 50.00 0.00210792
130.00 50.00 0.00140334
135.00 50.00 0.00025452
140.00 50.00 -0.00055584
145.00 50.00 -0.00046128
150.00 50.00 0.00042468
155.00 50.00 0.00142998
160.00 50.00 0.00189144
165.00 50.00 0.0016428
170.00 50.00 0.00104178
175.00 50.00 0.00060939
180.00 50.00 0.0006417
-180.00 55.00 0.00127341
-175.00 55.00 0.00172221
-170.00 55.00 0.00198852
-165.00 55.00 0.00185289
-160.00 55.00 0.00133935
-155.00 55.00 0.0007122
-150.00 55.00 0.00031167
-145.00 55.00 0.00033336
-140.00 55.00 0.00070599
-135.00 55.00 0.00115905
-130.00 55.00 0.00142641
-125.00 55.00 0.00141759
-120.00 55.00 0.00122556
-115.00 55.00 0.00099969
-110.00 55.00 0.00083121
-105.00 55.00 0.00075537
-100.00 55.00 0.00082119
-95.00 55.00 0.00109944
-90.00 55.00 0.00158454
-85.00 55.00 0.00209904
-80.00 55.00 0.00234582
-75.00 55.00 0.0021144
-70.00 55.00 0.00147066
-65.00 55.00 0.00073671
-60.00 55.00 0.0002469
-55.00 55.00 8.253e-05
-50.00 55.00 2.457e-05
-45.00 55.00 -0.00022692
-40.00 55.00 -0.00076239
-35.00 55.00 -0.00136164
-30.00 55.00 -0.00167145
-25.00 55.00 -0.00150606
-20.00 55.00 -0.0010131
-15.00 55.00 -0.00056688
-10.00 55.00 -0.00047742
-5.00 55.00 -0.00075048
0.00 55.00 -0.00109125
5.00 55.00 -0.00114723
10.00 55.00 -0.00079236
15.00 55.00 -0.00021945
20.00 55.00 0.00023103
25.00 55.00 0.00035052
30.00 55.00 0.00020115
35.00 55.00 2.49e-06
40.00 55.00 -0.00010209
45.00 55.00 -0.00015645
50.00 55.00 -0.00027942
55.00 55.00 -0.00047094
60.00 55.00 -0.00055902
65.00 55.00 -0.00034611
70.00 55.00 0.0001995
75.00 55.00 0.00089385
80.00 55.00 0.00145782
85.00 55.00 0.0016866
90.00 55.00 0.00154764
95.00 55.00 0.00118278
100.00 55.00 0.00084627
105.00 55.00 0.00079308
110.00 55.00 0.00112944
115.00 55.00 0.00169956
120.00 55.00 0.00212703
125.00 55.00 0.00204873
130.00 55.00 0.00139893
135.00 55.00 0.00050358
140.00 55.00 -0.00013011
145.00 55.00 -0.00018144
150.00 55.00 0.00026157
155.00 55.00 0.00080769
160.00 55.00 0.00109299
165.00 55.00 0.00104949
170.00 55.00 0.00090402
175.00 55.00 0.00094536
180.00 55.00 0.00127341
-180.00 60.00 0.00082434
-175.00 60.00 0.00110337
-170.00 60.00 0.00121062
-165.00 60.00 0.00105408
-160.00 60.00 0.00070986
-155.00 60.00 0.00038715
-150.00 60.00 0.00030714
-145.00 60.00 0.00057258
-140.00 60.00 0.00110868
-135.00 60.00 0.00170865
-130.00 60.00 0.00214791
-125.00 60.00 0.00229227
-120.00 60.00 0.00214149
-115.00 60.00 0.00180396
-110.00 60.00 0.00143832
-105.00 60.00 0.00119577
-100.00 60.00 0.00117072
-95.00 60.00 0.00135696
-90.00 60.00 0.00162771
-85.00 60.00 0.00177477
-80.00 60.00 0.00161715
-75.00 60.00 0.00112602
-70.00 60.00 0.00047256
-65.00 60.00 -6.012e-05
-60.00 60.00 -0.00025962
-55.00 60.00 -0.00013425
-50.00 60.00 8.706e-05
-45.00 60.00 0.00011415
-40.00 60.00 -0.00019788
-35.00 60.00 -0.00074616
-30.00 60.00 -0.00125262
-25.00 60.00 -0.00145185
-20.00 60.00 -0.00125529
-15.00 60.00 -0.0007806
-10.00 60.00 -0.00024387
-5.00 60.00 0.00018954
0.00 60.00 0.00048273
5.00 60.00 0.00069132
10.00 60.00 0.000867
15.00 60.00 0.00099366
20.00 60.00 0.00100665
25.00 60.00 0.00086331
30.00 60.00 0.00059052
35.00 60.00 0.00026616
40.00 60.00 -3.654e-05
45.00 60.00 -0.00027984
50.00 60.00 -0.00044055
55.00 60.00 -0.00047433
60.00 60.00 -0.00032172
65.00 60.00 3.477e-05
70.00 60.00 0.00051387
75.00 60.00 0.00094011
80.00 60.00 0.00112158
85.00 60.00 0.00095394
90.00 60.00 0.00048603
95.00 60.00 -8.976e-05
100.00 60.00 -0.0005181
105.00 60.00 -0.00059751
110.00 60.00 -0.00028098
115.00 60.00 0.00029457
120.00 60.00 0.00087738
125.00 60.00 0.0012405
130.00 60.00 0.00130683
135.00 60.00 0.00117246
140.00 60.00 0.00101133
145.00 60.00 0.00093657
150.00 60.00 0.0009297
155.00 60.00 0.00088998
160.00 60.00 0.00075264
165.00 60.00 0.00056748
170.00 60.00 0.00046848
175.00 60.00 0.00056145
180.00 60.00 0.00082434
-180.00 65.00 0.00023259
-175.00 65.00 0.00046854
-170.00 65.00 0.00063234
-165.00 65.00 0.00067083
-160.00 65.00 0.00061461
-155.00 65.00 0.00056004
-150.00 65.00 0.00061431
-145.00 65.00 0.00083607
-140.00 65.00 0.00120429
-135.00 65.00 0.00162996
-130.00 65.00 0.00199998
-125.00 65.00 0.0022266
-120.00 65.00 0.00227835
-115.00 65.00 0.00218097
-110.00 65.00 0.00199365
-105.00 65.00 0.00177354
-100.00 65.00 0.00154443
-95.00 65.00 0.00128322
-90.00 65.00 0.0009345
-85.00 65.00 0.00045237
-80.00 65.00 -0.00014895
-75.00 65.00 -0.00076635
-70.00 65.00 -0.00123
-65.00 65.00 -0.00137694
-60.00 65.00 -0.00114162
-55.00 65.00 -0.00060852
-50.00 65.00 1.257e-05
-45.00 65.00 0.00048177
-40.00 65.00 0.00064407
-35.00 65.00 0.00049779
-30.00 65.00 0.00018033
-25.00 65.00 -0.00011442
-20.00 65.00 -0.00023424
-15.00 65.00 -0.00012714
-10.00 65.00 0.0001617
-5.00 65.00 0.00053682
0.00 65.00 0.00090447
5.00 65.00 0.00120021
10.00 65.00 0.00138867
15.00 65.00 0.0014517
20.00 65.00 0.00138294
25.00 65.00 0.00119154
30.00 65.00 0.00090738
35.00 65.00 0.00057897
40.00 65.00 0.00026439
45.00 65.00 2.127e-05
50.00 65.00 -0.00010134
55.00 65.00 -7.332e-05
60.00 65.00 0.00010074
65.00 65.00 0.00036654
70.00 65.00 0.00061983
75.00 65.00 0.00073317
80.00 65.00 0.00060441
85.00 65.00 0.00020658
90.00 65.00 -0.0003876
95.00 65.00 -0.00102213
100.00 65.00 -0.00151146
105.00 65.00 -0.00170892
110.00 65.00 -0.00156036
115.00 65.00 -0.00111852
120.00 65.00 -0.00051327
125.00 65.00 0.00010503
130.00 65.00 0.00061806
135.00 65.00 0.00096321
140.00 65.00 0.00112458
145.00 65.00 0.00111093
150.00 65.00 0.00094374
155.00 65.00 0.00066447
160.00 65.00 0.00034566
165.00 65.00 8.433e-05
170.00 65.00 -3.177e-05
175.00 65.00 3.186e-05
180.00 65.00 0.00023259
-180.00 70.00 0.00064041
-175.00 70.00 0.00096642
-170.00 70.00 0.00124734
-165.00 70.00 0.00143742
-160.00 70.00 0.00152676
-155.00 70.00 0.00153978
-150.00 70.00 0.00152025
-145.00 70.00 0.00151095
-140.00 70.00 0.00153747
-135.00 70.00 0.00160179
-130.00 70.00 0.00168636
-125.00 70.00 0.00176334
-120.00 70.00 0.00180354
-115.00 70.00 0.00178143
-110.00 70.00 0.00167544
-105.00 70.00 0.00146679
-100.00 70.00 0.00114048
-95.00 70.00 0.00069138
-90.00 70.00 0.00013506
-85.00 70.00 -0.00048123
-80.00 70.00 -0.00107514
-75.00 70.00 -0.00154026
-70.00 70.00 -0.00177324
-65.00 70.00 -0.00170991
-60.00 70.00 -0.00135513
-55.00 70.00 -0.00079128
-50.00 70.00 -0.00015732
-45.00 70.00 0.00039507
-40.00 70.00 0.00075087
-35.00 70.00 0.00086592
-30.00 70.00 0.0007719
-25.00 70.00 0.00055398
-20.00 70.00 0.0003132
-15.00 70.00 0.00013179
-10.00 70.00 5.337e-05
-5.00 70.00 8.13e-05
0.00 70.00 0.0001896
5.00 70.00 0.00033798
10.00 70.00 0.00048462
15.00 70.00 0.00059463
20.00 70.00 0.0006453
25.00 70.00 0.00062901
30.00 70.00 0.00055458
35.00 70.00 0.00044619
40.00 70.00 0.00033867
45.00 70.00 0.00026988
50.00 70.00 0.00027042
55.00 70.00 0.00035304
60.00 70.00 0.00050475
65.00 70.00 0.00068496
70.00 70.00 0.0008334
75.00 70.00 0.0008868
80.00 70.00 0.00080058
85.00 70.00 0.00056739
90.00 70.00 0.0002241
95.00 70.00 -0.00015612
100.00 70.00 -0.00048552
105.00 70.00 -0.00068871
110.00 70.00 -0.00072504
115.00 70.00 -0.00059862
120.00 70.00 -0.00035349
125.00 70.00 -5.766e-05
130.00 70.00 0.00021702
135.00 70.00 0.00041253
140.00 70.00 0.00049602
145.00 70.00 0.00046497
150.00 70.00 0.00034656
155.00 70.00 0.00019242
160.00 70.00 6.702e-05
165.00 70.00 3.069e-05
170.00 70.00 0.0001206
175.00 70.00 0.00033684
180.00 70.00 0.00064041
-180.00 75.00 0.00132792
-175.00 75.00 0.00165648
-170.00 75.00 0.00194013
-165.00 75.00 0.00214914
-160.00 75.00 0.00226806
-155.00 75.00 0.0022977
-150.00 75.00 0.00225291
-145.00 75.00 0.00215694
-140.00 75.00 0.00203493
-135.00 75.00 0.00190773
-130.00 75.00 0.00178779
-125.00 75.00 0.00167751
-120.00 75.00 0.00156984
-115.00 75.00 0.00145089
-110.00 75.00 0.00130362
-105.00 75.00 0.00111297
-100.00 75.00 0.00087096
-95.00 75.00 0.00058158
-90.00 75.00 0.00026364
-85.00 75.00 -4.971e-05
-80.00 75.00 -0.00031572
-75.00 75.00 -0.00049083
-70.00 75.00 -0.00054174
-65.00 75.00 -0.00045588
-60.00 75.00 -0.0002472
-55.00 75.00 4.449e-05
-50.00 75.00 0.00036189
-45.00 75.00 0.00064341
-40.00 75.00 0.00083811
-35.00 75.00 0.00091686
-30.00 75.00 0.00087738
-25.00 75.00 0.00074157
-20.00 75.00 0.0005472
-15.00 75.00 0.00033696
-10.00 75.00 0.0001482
-5.00 75.00 6.33e-06
0.00 75.00 -7.749e-05
5.00 75.00 -0.00010503
10.00 75.00 -8.703e-05
15.00 75.00 -3.849e-05
20.00 75.00 2.601e-05
25.00 75.00 9.585e-05
30.00 75.00 0.00016659
35.00 75.00 0.00024048
40.00 75.00 0.00032514
45.00 75.00 0.00043029
50.00 75.00 0.00056352
55.00 75.00 0.00072624
60.00 75.00 0.00091086
65.00 75.00 0.00110076
70.00 75.00 0.00127323
75.00 75.00 0.00140469
80.00 75.00 0.00147672
85.00 75.00 0.00148074
90.00 75.00 0.00142035
95.00 75.00 0.00130986
100.00 75.00 0.00117012
105.00 75.00 0.00102279
110.00 75.00 0.00088488
115.00 75.00 0.00076524
120.00 75.00 0.00066411
125.00 75.00 0.00057531
130.00 75.00 0.00049077
135.00 75.00 0.00040536
140.00 75.00 0.00032082
145.00 75.00 0.00024759
150.00 75.00 0.00020367
155.00 75.00 0.0002109
160.00 75.00 0.00028893
165.00 75.00 0.00044913
170.00 75.00 0.00068952
175.00 75.00 0.00099273
180.00 75.00 0.00132792
-180.00 80.00 0.00112275
-175.00 80.00 0.00132078
-170.00 80.00 0.00149991
-165.00 80.00 0.00164844
-160.00 80.00 0.00175866
-155.00 80.00 0.00182745
-150.00 80.00 0.00185631
-145.00 80.00 0.00185028
-140.00 80.00 0.00181665
-135.00 80.00 0.00176334
-130.00 80.00 0.00169767
-125.00 80.00 0.00162534
-120.00 80.00 0.0015498
-115.00 80.00 0.0014727
-110.00 80.00 0.00139461
-105.00 80.00 0.00131586
-100.00 80.00 0.00123771
-95.00 80.00 0.00116292
-90.00 80.00 0.00109614
-85.00 80.00 0.00104337
-80.00 80.00 0.00101076
-75.00 80.00 0.00100311
-70.00 80.00 0.00102234
-65.00 80.00 0.00106629
-60.00 80.00 0.00112827
-55.00 80.00 0.00119769
-50.00 80.00 0.00126165
-45.00 80.00 0.00130719
-40.00 80.00 0.00132345
-35.00 80.00 0.00130359
-30.00 80.00 0.00124605
-25.00 80.00 0.00115452
-20.00 80.00 0.00103707
-15.00 80.00 0.0009045
-10.00 80.00 0.00076857
-5.00 80.00 0.0006402
0.00 80.00 0.0005283
5.00 80.00 0.0004389
10.00 80.00 0.00037521
15.00 80.00 0.00033816
20.00 80.00 0.00032703
25.00 80.00 0.0003402
30.00 80.00 0.00037584
35.00 80.00 0.00043215
40.00 80.00 0.00050751
45.00 80.00 0.00059994
50.00 80.00 0.00070662
55.00 80.00 0.00082359
60.00 80.00 0.00094542
65.00 80.00 0.0010653
70.00 80.00 0.00117549
75.00 80.00 0.00126798
80.00 80.00 0.00133557
85.00 80.00 0.00137283
90.00 80.00 0.00137643
95.00 80.00 0.00134577
100.00 80.00 0.00128268
105.00 80.00 0.0011913
110.00 80.00 0.00107742
115.00 80.00 0.00094794
120.00 80.00 0.00081066
125.00 80.00 0.00067383
130.00 80.00 0.00054621
135.00 80.00 0.00043671
140.00 80.00 0.00035415
145.00 80.00 0.00030678
150.00 80.00 0.00030129
155.00 80.00 0.00034194
160.00 80.00 0.00042948
165.00 80.00 0.00056073
170.00 80.00 0.00072807
175.00 80.00 0.00092013
180.00 80.00 0.00112275
-180.00 85.00 0.00048825
-175.00 85.00 0.00055719
-170.00 85.00 0.00062706
-165.00 85.00 0.00069594
-160.00 85.00 0.00076179
-155.00 85.00 0.00082293
-150.00 85.00 0.00087846
-145.00 85.00 0.0009282
-140.00 85.00 0.00097242
-135.00 85.00 0.00101151
-130.00 85.00 0.00104574
-125.00 85.00 0.00107544
-120.00 85.00 0.00110127
-115.00 85.00 0.00112422
-110.00 85.00 0.00114537
-105.00 85.00 0.00116535
-100.00 85.00 0.00118446
-95.00 85.00 0.00120267
-90.00 85.00 0.00122001
-85.00 85.00 0.00123666
-80.00 85.00 0.00125262
-75.00 85.00 0.0012675
-70.00 85.00 0.00128031
-65.00 85.00 0.00128982
-60.00 85.00 0.00129474
-55.00 85.00 0.00129417
-50.00 85.00 0.00128742
-45.00 85.00 0.00127368
-40.00 85.00 0.0012522
-35.00 85.00 0.00122241
-30.00 85.00 0.00118443
-25.00 85.00 0.00113922
-20.00 85.00 0.00108825
-15.00 85.00 0.00103323
-10.00 85.00 0.00097569
-5.00 85.00 0.00091707
0.00 85.00 0.00085911
5.00 85.00 0.0008037
10.00 85.00 0.0007527
15.00 85.00 0.00070743
20.00 85.00 0.00066843
25.00 85.00 0.0006357
30.00 85.00 0.00060918
35.00 85.00 0.00058884
40.00 85.00 0.0005745
45.00 85.00 0.00056544
50.00 85.00 0.00056037
55.00 85.00 0.00055758
60.00 85.00 0.00055566
65.00 85.00 0.00055344
70.00 85.00 0.00054993
75.00 85.00 0.00054399
80.00 85.00 0.00053418
85.00 85.00 0.0005193
90.00 85.00 0.00049872
95.00 85.00 0.00047268
100.00 85.00 0.00044199
105.00 85.00 0.00040761
110.00 85.00 0.00037059
115.00 85.00 0.00033219
120.00 85.00 0.00029439
125.00 85.00 0.00025965
130.00 85.00 0.00023061
135.00 85.00 0.00020943
140.00 85.00 0.00019764
145.00 85.00 0.00019632
150.00 85.00 0.00020625
155.00 85.00 0.00022809
160.00 85.00 0.00026184
165.00 85.00 0.00030672
170.00 85.00 0.0003609
175.00 85.00 0.00042216
180.00 85.00 0.00048825
-180.00 90.00 0.00051429
-175.00 90.00 0.00051429
-170.00 90.00 0.00051429
-165.00 90.00 0.00051429
-160.00 90.00 0.00051429
-155.00 90.00 0.00051429
-150.00 90.00 0.00051429
-145.00 90.00 0.00051429
-140.00 90.00 0.00051429
-135.00 90.00 0.00051429
-130.00 90.00 0.00051429
-125.00 90.00 0.00051429
-120.00 90.00 0.00051429
-115.00 90.00 0.00051429
-110.00 90.00 0.00051429
-105.00 90.00 0.00051429
-100.00 90.00 0.00051429
-95.00 90.00 0.00051429
-90.00 90.00 0.00051429
-85.00 90.00 0.00051429
-80.00 90.00 0.00051429
-75.00 90.00 0.00051429
-70.00 90.00 0.00051429
-65.00 90.00 0.00051429
-60.00 90.00 0.00051429
-55.00 90.00 0.00051429
-50.00 90.00 0.00051429
-45.00 90.00 0.00051429
-40.00 90.00 0.00051429
-35.00 90.00 0.00051429
-30.00 90.00 0.00051429
-25.00 90.00 0.00051429
-20.00 90.00 0.00051429
-15.00 90.00 0.00051429
-10.00 90.00 0.00051429
-5.00 90.00 0.00051429
0.00 90.00 0.00051429
5.00 90.00 0.00051429
10.00 90.00 0.00051429
15.00 90.00 0.00051429
20.00 90.00 0.00051429
25.00 90.00 0.00051429
30.00 90.00 0.00051429
35.00 90.00 0.00051429
40.00 90.00 0.00051429
45.00 90.00 0.00051429
50.00 90.00 0.00051429
55.00 90.00 0.00051429
60.00 90.00 0.00051429
65.00 90.00 0.00051429
70.00 90.00 0.00051429
75.00 90.00 0.00051429
80.00 90.00 0.00051429
85.00 90.00 0.00051429
90.00 90.00 0.00051429
95.00 90.00 0.00051429
100.00 90.00 0.00051429
105.00 90.00 0.00051429
110.00 90.00 0.00051429
115.00 90.00 0.00051429
120.00 90.00 0.00051429
125.00 90.00 0.00051429
130.00 90.00 0.00051429
135.00 90.00 0.00051429
140.00 90.00 0.00051429
145.00 90.00 0.00051429
150.00 90.00 0.00051429
155.00 90.00 0.00051429
160.00 90.00 0.00051429
165.00 90.00 0.00051429
170.00 90.00 0.00051429
175.00 90.00 0.00051429
180.00 90.00 0.00051429
