-180.00 -90.00 0.00129594
-175.00 -90.00 0.00129597
-170.00 -90.00 0.00129597
-165.00 -90.00 0.00129597
-160.00 -90.00 0.00129597
-155.00 -90.00 0.00129594
-150.00 -90.00 0.00129591
-145.00 -90.00 0.00129588
-140.00 -90.00 0.00129582
-135.00 -90.00 0.00129579
-130.00 -90.00 0.00129573
-125.00 -90.00 0.00129567
-120.00 -90.00 0.00129561
-115.00 -90.00 0.00129555
-110.00 -90.00 0.00129549
-105.00 -90.00 0.00129546
-100.00 -90.00 0.0012954
-95.00 -90.00 0.00129537
-90.00 -90.00 0.00129534
-85.00 -90.00 0.00129531
-80.00 -90.00 0.00129528
-75.00 -90.00 0.00129528
-70.00 -90.00 0.00129531
-65.00 -90.00 0.00129531
-60.00 -90.00 0.00129534
-55.00 -90.00 0.00129537
-50.00 -90.00 0.00129543
-45.00 -90.00 0.00129549
-40.00 -90.00 0.00129552
-35.00 -90.00 0.00129558
-30.00 -90.00 0.00129564
-25.00 -90.00 0.0012957
-20.00 -90.00 0.00129576
-15.00 -90.00 0.00129582
-10.00 -90.00 0.00129585
-5.00 -90.00 0.00129591
0.00 -90.00 0.00129594
5.00 -90.00 0.00129597
10.00 -90.00 0.00129597
15.00 -90.00 0.00129597
20.00 -90.00 0.00129597
25.00 -90.00 0.00129594
30.00 -90.00 0.00129591
35.00 -90.00 0.00129588
40.00 -90.00 0.00129585
45.00 -90.00 0.00129579
50.00 -90.00 0.00129573
55.00 -90.00 0.00129567
60.00 -90.00 0.00129561
65.00 -90.00 0.00129555
70.00 -90.00 0.00129549
75.00 -90.00 0.00129546
80.00 -90.00 0.0012954
85.00 -90.00 0.00129537
90.00 -90.00 0.00129534
95.00 -90.00 0.00129531
100.00 -90.00 0.00129531
105.00 -90.00 0.00129528
110.00 -90.00 0.00129531
115.00 -90.00 0.00129531
120.00 -90.00 0.00129534
125.00 -90.00 0.00129537
130.00 -90.00 0.00129543
135.00 -90.00 0.00129549
140.00 -90.00 0.00129552
145.00 -90.00 0.00129558
150.00 -90.00 0.00129564
155.00 -90.00 0.0012957
160.00 -90.00 0.00129576
165.00 -90.00 0.00129582
170.00 -90.00 0.00129585
175.00 -90.00 0.00129591
180.00 -90.00 0.00129594
-180.00 -85.00 0.00134592
-175.00 -85.00 0.00131553
-170.00 -85.00 0.0012798
-165.00 -85.00 0.00123939
-160.00 -85.00 0.00119517
-155.00 -85.00 0.00114822
-150.00 -85.00 0.00109983
-145.00 -85.00 0.00105141
-140.00 -85.00 0.00100446
-135.00 -85.00 0.00096048
-130.00 -85.00 0.000921
-125.00 -85.00 0.00088734
-120.00 -85.00 0.00086073
-115.00 -85.00 0.00084225
-110.00 -85.00 0.00083268
-105.00 -85.00 0.00083244
-100.00 -85.00 0.00084168
-95.00 -85.00 0.00086016
-90.00 -85.00 0.00088749
-85.00 -85.00 0.00092298
-80.00 -85.00 0.00096567
-75.00 -85.00 0.00101433
-70.00 -85.00 0.00106767
-65.00 -85.00 0.00112431
-60.00 -85.00 0.00118284
-55.00 -85.00 0.00124191
-50.00 -85.00 0.0013002
-45.00 -85.00 0.00135654
-40.00 -85.00 0.00140985
-35.00 -85.00 0.00145923
-30.00 -85.00 0.00150396
-25.00 -85.00 0.00154353
-20.00 -85.00 0.00157752
-15.00 -85.00 0.00160563
-10.00 -85.00 0.00162774
-5.00 -85.00 0.0016437
0.00 -85.00 0.00165351
5.00 -85.00 0.00165726
10.00 -85.00 0.00165516
15.00 -85.00 0.00164754
20.00 -85.00 0.0016347
25.00 -85.00 0.00161709
30.00 -85.00 0.00159537
35.00 -85.00 0.00157026
40.00 -85.00 0.00154263
45.00 -85.00 0.00151332
50.00 -85.00 0.0014832
55.00 -85.00 0.00145308
60.00 -85.00 0.0014238
65.00 -85.00 0.0013962
70.00 -85.00 0.001371
75.00 -85.00 0.00134883
80.00 -85.00 0.00133011
85.00 -85.00 0.00131523
90.00 -85.00 0.00130452
95.00 -85.00 0.00129819
100.00 -85.00 0.0012963
105.00 -85.00 0.00129867
110.00 -85.00 0.00130494
115.00 -85.00 0.00131457
120.00 -85.00 0.00132693
125.00 -85.00 0.00134124
130.00 -85.00 0.00135651
135.00 -85.00 0.0013716
140.00 -85.00 0.0013854
145.00 -85.00 0.00139686
150.00 -85.00 0.00140502
155.00 -85.00 0.00140898
160.00 -85.00 0.00140799
165.00 -85.00 0.00140148
170.00 -85.00 0.00138903
175.00 -85.00 0.00137049
180.00 -85.00 0.00134592
-180.00 -80.00 0.0017025
-175.00 -80.00 0.00167658
-170.00 -80.00 0.00163293
-165.00 -80.00 0.00157179
-160.00 -80.00 0.00149277
-155.00 -80.00 0.00139734
-150.00 -80.00 0.00129
-145.00 -80.00 0.00117564
-140.00 -80.00 0.00105816
-135.00 -80.00 0.000942
-130.00 -80.00 0.00083352
-125.00 -80.00 0.00073881
-120.00 -80.00 0.00066147
-115.00 -80.00 0.00060375
-110.00 -80.00 0.00056868
-105.00 -80.00 0.00055899
-100.00 -80.00 0.00057435
-95.00 -80.00 0.00061236
-90.00 -80.00 0.00067113
-85.00 -80.00 0.00074922
-80.00 -80.00 0.00084324
-75.00 -80.00 0.00094764
-70.00 -80.00 0.00105768
-65.00 -80.00 0.00117015
-60.00 -80.00 0.00128109
-55.00 -80.00 0.00138492
-50.00 -80.00 0.00147705
-45.00 -80.00 0.00155592
-40.00 -80.00 0.00162108
-35.00 -80.00 0.00167145
-30.00 -80.00 0.00170688
-25.00 -80.00 0.00173016
-20.00 -80.00 0.00174516
-15.00 -80.00 0.00175371
-10.00 -80.00 0.00175584
-5.00 -80.00 0.00175221
0.00 -80.00 0.00174369
5.00 -80.00 0.00172869
10.00 -80.00 0.00170358
15.00 -80.00 0.00166596
20.00 -80.00 0.00161592
25.00 -80.00 0.00155382
30.00 -80.00 0.00147942
35.00 -80.00 0.00139416
40.00 -80.00 0.00130245
45.00 -80.00 0.00120894
50.00 -80.00 0.00111624
55.00 -80.00 0.00102624
60.00 -80.00 0.000942
65.00 -80.00 0.00086634
70.00 -80.00 0.00079971
75.00 -80.00 0.00074133
80.00 -80.00 0.00069234
85.00 -80.00 0.00065538
90.00 -80.00 0.00063231
95.00 -80.00 0.000624
100.00 -80.00 0.00063264
105.00 -80.00 0.00066156
110.00 -80.00 0.00071214
115.00 -80.00 0.00078249
120.00 -80.00 0.00086958
125.00 -80.00 0.00097056
130.00 -80.00 0.00108108
135.00 -80.00 0.00119424
140.00 -80.00 0.00130326
145.00 -80.00 0.00140406
150.00 -80.00 0.001494
155.00 -80.00 0.00156999
160.00 -80.00 0.00162936
165.00 -80.00 0.00167199
170.00 -80.00 0.00169893
175.00 -80.00 0.00170973
180.00 -80.00 0.0017025
-180.00 -75.00 0.0015582
-175.00 -75.00 0.00155802
-170.00 -75.00 0.00153678
-165.00 -75.00 0.00148788
-160.00 -75.00 0.00140865
-155.00 -75.00 0.00130161
-150.00 -75.00 0.00117414
-145.00 -75.00 0.00103647
-140.00 -75.00 0.00089901
-135.00 -75.00 0.0007704
-130.00 -75.00 0.00065712
-125.00 -75.00 0.00056349
-120.00 -75.00 0.00049248
-115.00 -75.00 0.00044661
-110.00 -75.00 0.00042807
-105.00 -75.00 0.0004377
-100.00 -75.00 0.00047448
-95.00 -75.00 0.00053541
-90.00 -75.00 0.00061626
-85.00 -75.00 0.00071223
-80.00 -75.00 0.00081915
-75.00 -75.00 0.00093408
-70.00 -75.00 0.00105423
-65.00 -75.00 0.00117552
-60.00 -75.00 0.00129186
-55.00 -75.00 0.00139488
-50.00 -75.00 0.00147495
-45.00 -75.00 0.0015234
-40.00 -75.00 0.00153552
-35.00 -75.00 0.00151257
-30.00 -75.00 0.00146199
-25.00 -75.00 0.00139668
-20.00 -75.00 0.00133227
-15.00 -75.00 0.00128358
-10.00 -75.00 0.00126078
-5.00 -75.00 0.00126723
0.00 -75.00 0.00129846
5.00 -75.00 0.00134286
10.00 -75.00 0.00138468
15.00 -75.00 0.00140796
20.00 -75.00 0.00140034
25.00 -75.00 0.0013557
30.00 -75.00 0.00127515
35.00 -75.00 0.00116631
40.00 -75.00 0.00104037
45.00 -75.00 0.00090912
50.00 -75.00 0.00078237
55.00 -75.00 0.00066612
60.00 -75.00 0.00056172
65.00 -75.00 0.0004668
70.00 -75.00 0.00037674
75.00 -75.00 0.00028662
80.00 -75.00 0.00019338
85.00 -75.00 9.816e-05
90.00 -75.00 7.29e-06
95.00 -75.00 -6.804e-05
100.00 -75.00 -0.00011361
105.00 -75.00 -0.00011496
110.00 -75.00 -6.153e-05
115.00 -75.00 5.01e-05
120.00 -75.00 0.00021447
125.00 -75.00 0.0004176
130.00 -75.00 0.00063942
135.00 -75.00 0.00085779
140.00 -75.00 0.00105333
145.00 -75.00 0.00121311
150.00 -75.00 0.00133221
155.00 -75.00 0.00141375
160.00 -75.00 0.00146649
165.00 -75.00 0.00150099
170.00 -75.00 0.00152595
175.00 -75.00 0.00154548
180.00 -75.00 0.0015582
-180.00 -70.00 0.00094551
-175.00 -70.00 0.00097083
-170.00 -70.00 0.00096675
-165.00 -70.00 0.00091272
-160.00 -70.00 0.00080418
-155.00 -70.00 0.00065544
-150.00 -70.00 0.00049491
-145.00 -70.00 0.00035415
-140.00 -70.00 0.00025563
-135.00 -70.00 0.00020577
-130.00 -70.00 0.00019554
-125.00 -70.00 0.0002088
-120.00 -70.00 0.00023253
-115.00 -70.00 0.00026361
-110.00 -70.00 0.00030816
-105.00 -70.00 0.00037452
-100.00 -70.00 0.00046527
-95.00 -70.00 0.00057291
-90.00 -70.00 0.00068271
-85.00 -70.00 0.00078048
-80.00 -70.00 0.00086037
-75.00 -70.00 0.00092778
-70.00 -70.00 0.00099543
-65.00 -70.00 0.00107448
-60.00 -70.00 0.00116625
-55.00 -70.00 0.00125832
-50.00 -70.00 0.00132816
-45.00 -70.00 0.00135168
-40.00 -70.00 0.00131319
-35.00 -70.00 0.00121182
-30.00 -70.00 0.00106302
-25.00 -70.00 0.00089475
-20.00 -70.00 0.00074109
-15.00 -70.00 0.00063501
-10.00 -70.00 0.00060135
-5.00 -70.00 0.00065058
0.00 -70.00 0.0007746
5.00 -70.00 0.00094653
10.00 -70.00 0.0011265
15.00 -70.00 0.00127239
20.00 -70.00 0.00135255
25.00 -70.00 0.00135495
30.00 -70.00 0.00128907
35.00 -70.00 0.00117936
40.00 -70.00 0.00105444
45.00 -70.00 0.00093675
50.00 -70.00 0.00083673
55.00 -70.00 0.00075312
60.00 -70.00 0.0006768
65.00 -70.00 0.00059532
70.00 -70.00 0.00049656
75.00 -70.00 0.00037089
80.00 -70.00 0.00021345
85.00 -70.00 2.724e-05
90.00 -70.00 -0.00017436
95.00 -70.00 -0.00036669
100.00 -70.00 -0.0005169
105.00 -70.00 -0.00059103
110.00 -70.00 -0.00056355
115.00 -70.00 -0.000426
120.00 -70.00 -0.00019182
125.00 -70.00 0.00010506
130.00 -70.00 0.00041772
135.00 -70.00 0.00069801
140.00 -70.00 0.00090837
145.00 -70.00 0.00103059
150.00 -70.00 0.00106848
155.00 -70.00 0.00104427
160.00 -70.00 0.00099036
165.00 -70.00 0.00093897
170.00 -70.00 0.00091269
175.00 -70.00 0.00091833
180.00 -70.00 0.00094551
-180.00 -65.00 0.00071874
-175.00 -65.00 0.00080586
-170.00 -65.00 0.00083979
-165.00 -65.00 0.00078372
-160.00 -65.00 0.00062787
-155.00 -65.00 0.00040212
-150.00 -65.00 0.00017004
-145.00 -65.00 2.4e-06
-140.00 -65.00 -5.622e-05
-135.00 -65.00 -8.64e-06
-130.00 -65.00 9.999e-05
-125.00 -65.00 0.0002109
-120.00 -65.00 0.00028704
-115.00 -65.00 0.00033237
-110.00 -65.00 0.00038391
-105.00 -65.00 0.00048225
-100.00 -65.00 0.00064086
-95.00 -65.00 0.00083448
-90.00 -65.00 0.00101268
-85.00 -65.00 0.00112926
-80.00 -65.00 0.00116796
-75.00 -65.00 0.00114951
-70.00 -65.00 0.00111777
-65.00 -65.00 0.00111396
-60.00 -65.00 0.00115437
-55.00 -65.00 0.00122274
-50.00 -65.00 0.00128139
-45.00 -65.00 0.00129291
-40.00 -65.00 0.0012396
-35.00 -65.00 0.00112917
-30.00 -65.00 0.00098535
-25.00 -65.00 0.00083298
-20.00 -65.00 0.00069081
-15.00 -65.00 0.00057597
-10.00 -65.00 0.00051219
-5.00 -65.00 0.0005283
0.00 -65.00 0.00064182
5.00 -65.00 0.00083727
10.00 -65.00 0.00105852
15.00 -65.00 0.00122688
20.00 -65.00 0.00127842
25.00 -65.00 0.0011979
30.00 -65.00 0.00102699
35.00 -65.00 0.00084027
40.00 -65.00 0.00070452
45.00 -65.00 0.00064668
50.00 -65.00 0.00064791
55.00 -65.00 0.00066285
60.00 -65.00 0.00064755
65.00 -65.00 0.00057777
70.00 -65.00 0.00045048
75.00 -65.00 0.00027474
80.00 -65.00 6.249e-05
85.00 -65.00 -0.00017277
90.00 -65.00 -0.00041169
95.00 -65.00 -0.00062514
100.00 -65.00 -0.00077658
105.00 -65.00 -0.00083085
110.00 -65.00 -0.00076599
115.00 -65.00 -0.00058263
120.00 -65.00 -0.0003075
125.00 -65.00 1.068e-05
130.00 -65.00 0.00031284
135.00 -65.00 0.00054591
140.00 -65.00 0.00067893
145.00 -65.00 0.00071184
150.00 -65.00 0.00067239
155.00 -65.00 0.00060282
160.00 -65.00 0.00054354
165.00 -65.00 0.00052209
170.00 -65.00 0.00054969
175.00 -65.00 0.00062184
180.00 -65.00 0.00071874
-180.00 -60.00 0.00084909
-175.00 -60.00 0.0009546
-170.00 -60.00 0.00104088
-165.00 -60.00 0.00106536
-160.00 -60.00 0.00098346
-155.00 -60.00 0.00079368
-150.00 -60.00 0.00055722
-145.00 -60.00 0.00037053
-140.00 -60.00 0.00030645
-135.00 -60.00 0.00036516
-130.00 -60.00 0.00047394
-125.00 -60.00 0.00054003
-120.00 -60.00 0.00051984
-115.00 -60.00 0.00045267
-110.00 -60.00 0.0004314
-105.00 -60.00 0.00053241
-100.00 -60.00 0.00075753
-95.00 -60.00 0.00103122
-90.00 -60.00 0.00125064
-85.00 -60.00 0.00134763
-80.00 -60.00 0.00132045
-75.00 -60.00 0.00122226
-70.00 -60.00 0.00112365
-65.00 -60.00 0.00107589
-60.00 -60.00 0.00108987
-55.00 -60.00 0.0011361
-50.00 -60.00 0.00116694
-45.00 -60.00 0.00115248
-40.00 -60.00 0.00110772
-35.00 -60.00 0.00108468
-30.00 -60.00 0.00112572
-25.00 -60.00 0.00121419
-20.00 -60.00 0.00127125
-15.00 -60.00 0.0012144
-10.00 -60.00 0.00103461
-5.00 -60.00 0.00082332
0.00 -60.00 0.00071592
5.00 -60.00 0.00078798
10.00 -60.00 0.00098487
15.00 -60.00 0.00114396
20.00 -60.00 0.00110013
25.00 -60.00 0.00080034
30.00 -60.00 0.00034464
35.00 -60.00 -7.551e-05
40.00 -60.00 -0.00029646
45.00 -60.00 -0.00027495
50.00 -60.00 -9.558e-05
55.00 -60.00 0.00010005
60.00 -60.00 0.00020184
65.00 -60.00 0.00017661
70.00 -60.00 5.34e-05
75.00 -60.00 -0.00012018
80.00 -60.00 -0.00030849
85.00 -60.00 -0.00048858
90.00 -60.00 -0.00063606
95.00 -60.00 -0.00072087
100.00 -60.00 -0.00071931
105.00 -60.00 -0.00062916
110.00 -60.00 -0.00047172
115.00 -60.00 -0.00028002
120.00 -60.00 -8.67e-05
125.00 -60.00 7.899e-05
130.00 -60.00 0.00018864
135.00 -60.00 0.00022095
140.00 -60.00 0.00017913
145.00 -60.00 0.00010356
150.00 -60.00 5.967e-05
155.00 -60.00 0.00010053
160.00 -60.00 0.00023271
165.00 -60.00 0.00041463
170.00 -60.00 0.00059115
175.00 -60.00 0.0007335
180.00 -60.00 0.00084909
-180.00 -55.00 0.00057195
-175.00 -55.00 0.00050502
-170.00 -55.00 0.00053925
-165.00 -55.00 0.00065523
-160.00 -55.00 0.00074937
-155.00 -55.00 0.00072741
-150.00 -55.00 0.00058359
-145.00 -55.00 0.00040395
-140.00 -55.00 0.00029322
-135.00 -55.00 0.0002862
-130.00 -55.00 0.0003204
-125.00 -55.00 0.00029988
-120.00 -55.00 0.00019761
-115.00 -55.00 9.879e-05
-110.00 -55.00 0.00013446
-105.00 -55.00 0.00035943
-100.00 -55.00 0.00068931
-95.00 -55.00 0.00096102
-90.00 -55.00 0.00106179
-85.00 -55.00 0.00100629
-80.00 -55.00 0.00089919
-75.00 -55.00 0.00083523
-70.00 -55.00 0.00083982
-65.00 -55.00 0.00088839
-60.00 -55.00 0.00095238
-55.00 -55.00 0.00100965
-50.00 -55.00 0.00103038
-45.00 -55.00 0.00099306
-40.00 -55.00 0.0009357
-35.00 -55.00 0.00096747
-30.00 -55.00 0.00118251
-25.00 -55.00 0.00153417
-20.00 -55.00 0.0018078
-15.00 -55.00 0.00176019
-10.00 -55.00 0.00132783
-5.00 -55.00 0.00071952
0.00 -55.00 0.00029355
5.00 -55.00 0.00030093
10.00 -55.00 0.00069036
15.00 -55.00 0.00112695
20.00 -55.00 0.0012189
25.00 -55.00 0.00079092
30.00 -55.00 5.79e-06
35.00 -55.00 -0.00075261
40.00 -55.00 -0.00114246
45.00 -55.00 -0.00107268
50.00 -55.00 -0.00071349
55.00 -55.00 -0.00033045
60.00 -55.00 -9.621e-05
65.00 -55.00 -2.334e-05
70.00 -55.00 -3.375e-05
75.00 -55.00 -6.507e-05
80.00 -55.00 -0.00010866
85.00 -55.00 -0.00016719
90.00 -55.00 -0.00020445
95.00 -55.00 -0.00015612
100.00 -55.00 7.26e-06
105.00 -55.00 0.00023478
110.00 -55.00 0.0004221
115.00 -55.00 0.0004899
120.00 -55.00 0.00043902
125.00 -55.00 0.00032961
130.00 -55.00 0.00020901
135.00 -55.00 7.005e-05
140.00 -55.00 -0.00011196
145.00 -55.00 -0.00030531
150.00 -55.00 -0.00040395
155.00 -55.00 -0.0003045
160.00 -55.00 -1.026e-05
165.00 -55.00 0.00034539
170.00 -55.00 0.00059115
175.00 -55.00 0.00064626
180.00 -55.00 0.00057195
-180.00 -50.00 0.00015609
-175.00 -50.00 -0.00016446
-170.00 -50.00 -0.00033486
-165.00 -50.00 -0.00030609
-160.00 -50.00 -0.00019053
-155.00 -50.00 -0.00015474
-150.00 -50.00 -0.00028149
-145.00 -50.00 -0.00050583
-140.00 -50.00 -0.00067809
-135.00 -50.00 -0.00070356
-130.00 -50.00 -0.00062622
-125.00 -50.00 -0.00056265
-120.00 -50.00 -0.00054624
-115.00 -50.00 -0.00045855
-110.00 -50.00 -0.00014979
-105.00 -50.00 0.0003624
-100.00 -50.00 0.00084333
-95.00 -50.00 0.00103077
-90.00 -50.00 0.00088926
-85.00 -50.00 0.0006573
-80.00 -50.00 0.00062148
-75.00 -50.00 0.00084705
-70.00 -50.00 0.00114906
-65.00 -50.00 0.00131865
-60.00 -50.00 0.00133356
-55.00 -50.00 0.00131781
-50.00 -50.00 0.00133449
-45.00 -50.00 0.00129978
-40.00 -50.00 0.00113541
-35.00 -50.00 0.00094509
-30.00 -50.00 0.00094797
-25.00 -50.00 0.00120711
-20.00 -50.00 0.00147423
-15.00 -50.00 0.00136782
-10.00 -50.00 0.00073563
-5.00 -50.00 -0.00015084
0.00 -50.00 -0.00075741
5.00 -50.00 -0.00067461
10.00 -50.00 6.669e-05
15.00 -50.00 0.0009813
20.00 -50.00 0.00143979
25.00 -50.00 0.00110058
30.00 -50.00 0.00015072
35.00 -50.00 -0.00084027
40.00 -50.00 -0.00134505
45.00 -50.00 -0.00123444
50.00 -50.00 -0.00078606
55.00 -50.00 -0.00038193
60.00 -50.00 -0.00019515
65.00 -50.00 -0.00013125
70.00 -50.00 -2.109e-05
75.00 -50.00 0.00017112
80.00 -50.00 0.00033627
85.00 -50.00 0.00038391
90.00 -50.00 0.0003756
95.00 -50.00 0.00047208
100.00 -50.00 0.00075162
105.00 -50.00 0.00109587
110.00 -50.00 0.00127101
115.00 -50.00 0.00113658
120.00 -50.00 0.00078291
125.00 -50.00 0.0004542
130.00 -50.00 0.0003204
135.00 -50.00 0.0003219
140.00 -50.00 0.00025302
145.00 -50.00 2.61e-06
150.00 -50.00 -0.00030387
155.00 -50.00 -0.00041712
160.00 -50.00 -0.00021513
165.00 -50.00 0.00016566
170.00 -50.00 0.00044364
175.00 -50.00 0.00042783
180.00 -50.00 0.00015609
-180.00 -45.00 0.00041868
-175.00 -45.00 9.06e-06
-170.00 -45.00 -0.00038781
-165.00 -45.00 -0.00059439
-160.00 -45.00 -0.00062466
-155.00 -45.00 -0.00065829
-150.00 -45.00 -0.00085788
-145.00 -45.00 -0.0011865
-140.00 -45.00 -0.00142212
-135.00 -45.00 -0.00138075
-130.00 -45.00 -0.00111291
-125.00 -45.00 -0.00083577
-120.00 -45.00 -0.0006621
-115.00 -45.00 -0.00045093
-110.00 -45.00 1.14e-05
-105.00 -45.00 0.00068949
-100.00 -45.00 0.00123543
-95.00 -45.00 0.00131883
-90.00 -45.00 0.00101877
-85.00 -45.00 0.00081309
-80.00 -45.00 0.00110877
-75.00 -45.00 0.00179478
-70.00 -45.00 0.00233313
-65.00 -45.00 0.00232599
-60.00 -45.00 0.00192816
-55.00 -45.00 0.00162531
-50.00 -45.00 0.00164253
-45.00 -45.00 0.00169917
-40.00 -45.00 0.00139977
-35.00 -45.00 0.00076008
-30.00 -45.00 0.00021159
-25.00 -45.00 9.504e-05
-20.00 -45.00 0.00027108
-15.00 -45.00 0.00028503
-10.00 -45.00 -0.000153
-5.00 -45.00 -0.00089586
0.00 -45.00 -0.00148851
5.00 -45.00 -0.00150522
10.00 -45.00 -0.00085254
15.00 -45.00 0.00011028
20.00 -45.00 0.00074796
25.00 -45.00 0.00059751
30.00 -45.00 -0.00023736
35.00 -45.00 -0.00114543
40.00 -45.00 -0.00152187
45.00 -45.00 -0.00126093
50.00 -45.00 -0.00076755
55.00 -45.00 -0.00051675
60.00 -45.00 -0.00061662
65.00 -45.00 -0.00078189
70.00 -45.00 -0.00069504
75.00 -45.00 -0.00035112
80.00 -45.00 -2.688e-05
85.00 -45.00 6.315e-05
90.00 -45.00 1.989e-05
95.00 -45.00 0.00014451
100.00 -45.00 0.00059406
105.00 -45.00 0.00117654
110.00 -45.00 0.0014931
115.00 -45.00 0.00129987
120.00 -45.00 0.00075951
125.00 -45.00 0.00032838
130.00 -45.00 0.0003465
135.00 -45.00 0.00071292
140.00 -45.00 0.00098721
145.00 -45.00 0.00082824
150.00 -45.00 0.000318
155.00 -45.00 -0.00014388
160.00 -45.00 -0.00022617
165.00 -45.00 6.57e-05
170.00 -45.00 0.00044556
175.00 -45.00 0.00060294
180.00 -45.00 0.00041868
-180.00 -40.00 0.00095019
-175.00 -40.00 0.00053586
-170.00 -40.00 -5.874e-05
-165.00 -40.00 -0.00042951
-160.00 -40.00 -0.00041412
-155.00 -40.00 -0.00025209
-150.00 -40.00 -0.00030681
-145.00 -40.00 -0.00064092
-140.00 -40.00 -0.00093357
-135.00 -40.00 -0.00084945
-130.00 -40.00 -0.00042708
-125.00 -40.00 -2.106e-05
-120.00 -40.00 0.00012708
-115.00 -40.00 0.00015876
-110.00 -40.00 0.00038193
-105.00 -40.00 0.00084093
-100.00 -40.00 0.0012114
-95.00 -40.00 0.00118092
-90.00 -40.00 0.00089193
-85.00 -40.00 0.0008877
-80.00 -40.00 0.00151848
-75.00 -40.00 0.00243498
-70.00 -40.00 0.00283068
-65.00 -40.00 0.00228624
-60.00 -40.00 0.00127881
-55.00 -40.00 0.00069501
-50.00 -40.00 0.00085353
-45.00 -40.00 0.00118635
-40.00 -40.00 0.00095511
-35.00 -40.00 0.0001161
-30.00 -40.00 -0.00069168
-25.00 -40.00 -0.00092073
-20.00 -40.00 -0.0006486
-15.00 -40.00 -0.00034191
-10.00 -40.00 -0.0003432
-5.00 -40.00 -0.00070374
0.00 -40.00 -0.00129108
5.00 -40.00 -0.00182931
10.00 -40.00 -0.00196695
15.00 -40.00 -0.00159147
20.00 -40.00 -0.00107805
25.00 -40.00 -0.00099084
30.00 -40.00 -0.00146292
35.00 -40.00 -0.0020199
40.00 -40.00 -0.00209085
45.00 -40.00 -0.00160254
50.00 -40.00 -0.00101745
55.00 -40.00 -0.00084288
60.00 -40.00 -0.00114039
65.00 -40.00 -0.00149838
70.00 -40.00 -0.00148071
75.00 -40.00 -0.0010872
80.00 -40.00 -0.00071613
85.00 -40.00 -0.00067206
90.00 -40.00 -0.00080685
95.00 -40.00 -0.00069681
100.00 -40.00 -0.0001107
105.00 -40.00 0.0007395
110.00 -40.00 0.00136311
115.00 -40.00 0.00139854
120.00 -40.00 0.00094326
125.00 -40.00 0.00050685
130.00 -40.00 0.00055638
135.00 -40.00 0.00106521
140.00 -40.00 0.00155412
145.00 -40.00 0.0015804
150.00 -40.00 0.00112716
155.00 -40.00 0.00053622
160.00 -40.00 0.00018033
165.00 -40.00 0.00022617
170.00 -40.00 0.00057702
175.00 -40.00 0.00092967
180.00 -40.00 0.00095019
-180.00 -35.00 0.00089916
-175.00 -35.00 0.0003717
-170.00 -35.00 -0.00049242
-165.00 -35.00 -0.00096972
-160.00 -35.00 -0.00070173
-155.00 -35.00 -6.966e-05
-150.00 -35.00 0.00026076
-145.00 -35.00 7.191e-05
-140.00 -35.00 -0.00023505
-135.00 -35.00 -0.00017049
-130.00 -35.00 0.00028668
-125.00 -35.00 0.00073707
-120.00 -35.00 0.00086055
-115.00 -35.00 0.00072141
-110.00 -35.00 0.00058539
-105.00 -35.00 0.00056856
-100.00 -35.00 0.00054588
-95.00 -35.00 0.00038421
-90.00 -35.00 0.00021579
-85.00 -35.00 0.00039591
-80.00 -35.00 0.00106686
-75.00 -35.00 0.00177477
-70.00 -35.00 0.00174996
-65.00 -35.00 0.00075123
-60.00 -35.00 -0.00050553
-55.00 -35.00 -0.00101583
-50.00 -35.00 -0.00057003
-45.00 -35.00 6.501e-05
-40.00 -35.00 9.375e-05
-35.00 -35.00 -0.00042894
-30.00 -35.00 -0.0008352
-25.00 -35.00 -0.00074436
-20.00 -35.00 -0.00039732
-15.00 -35.00 -0.00015999
-10.00 -35.00 -0.00012144
-5.00 -35.00 -0.00033096
0.00 -35.00 -0.00100482
5.00 -35.00 -0.00212085
10.00 -35.00 -0.00308346
15.00 -35.00 -0.00326466
20.00 -35.00 -0.00278964
25.00 -35.00 -0.00237534
30.00 -35.00 -0.0024198
35.00 -35.00 -0.00261804
40.00 -35.00 -0.00248712
45.00 -35.00 -0.00194844
50.00 -35.00 -0.00133119
55.00 -35.00 -0.00101397
60.00 -35.00 -0.00109215
65.00 -35.00 -0.0012801
70.00 -35.00 -0.00119283
75.00 -35.00 -0.00080421
80.00 -35.00 -0.00049446
85.00 -35.00 -0.00055302
90.00 -35.00 -0.00080091
95.00 -35.00 -0.00081489
100.00 -35.00 -0.00037329
105.00 -35.00 0.00039669
110.00 -35.00 0.00114708
115.00 -35.00 0.00152379
120.00 -35.00 0.00143436
125.00 -35.00 0.00117186
130.00 -35.00 0.00113256
135.00 -35.00 0.00138993
140.00 -35.00 0.00167889
145.00 -35.00 0.00175314
150.00 -35.00 0.00156675
155.00 -35.00 0.00116295
160.00 -35.00 0.00065145
165.00 -35.00 0.00030765
170.00 -35.00 0.00039852
175.00 -35.00 0.00078177
180.00 -35.00 0.00089916
-180.00 -30.00 0.00052557
-175.00 -30.00 2.61e-06
-170.00 -30.00 -0.00105597
-165.00 -30.00 -0.00171342
-160.00 -30.00 -0.00149808
-155.00 -30.00 -0.00083052
-150.00 -30.00 -0.00043011
-145.00 -30.00 -0.00052086
-140.00 -30.00 -0.00072633
-135.00 -30.00 -0.00061635
-130.00 -30.00 -0.00015831
-125.00 -30.00 0.00037602
-120.00 -30.00 0.00073533
-115.00 -30.00 0.00079689
-110.00 -30.00 0.0005256
-105.00 -30.00 2.73e-05
-100.00 -30.00 -0.00043602
-95.00 -30.00 -0.00063909
-90.00 -30.00 -0.00053763
-85.00 -30.00 -0.00016221
-80.00 -30.00 0.00041046
-75.00 -30.00 0.00084513
-70.00 -30.00 0.0006282
-65.00 -30.00 -0.00031059
-60.00 -30.00 -0.00127128
-55.00 -30.00 -0.00146196
-50.00 -30.00 -0.00091053
-45.00 -30.00 -0.00035427
-40.00 -30.00 -0.00026568
-35.00 -30.00 -0.00036258
-30.00 -30.00 -0.00018921
-25.00 -30.00 0.00015648
-20.00 -30.00 0.00019896
-15.00 -30.00 -0.00016197
-10.00 -30.00 -0.00054096
-5.00 -30.00 -0.00081096
0.00 -30.00 -0.00142935
5.00 -30.00 -0.00263184
10.00 -30.00 -0.00375624
15.00 -30.00 -0.00396618
20.00 -30.00 -0.0033624
25.00 -30.00 -0.00275049
30.00 -30.00 -0.0025257
35.00 -30.00 -0.00242085
40.00 -30.00 -0.0021786
45.00 -30.00 -0.00183276
50.00 -30.00 -0.00141969
55.00 -30.00 -0.00094608
60.00 -30.00 -0.00055722
65.00 -30.00 -0.00034602
70.00 -30.00 -0.00016014
75.00 -30.00 0.00010062
80.00 -30.00 0.00025167
85.00 -30.00 0.00015084
90.00 -30.00 -3.471e-05
95.00 -30.00 -9.69e-05
100.00 -30.00 -1.41e-05
105.00 -30.00 0.00021915
110.00 -30.00 0.00064305
115.00 -30.00 0.00112053
120.00 -30.00 0.00141246
125.00 -30.00 0.0015024
130.00 -30.00 0.00153648
135.00 -30.00 0.00150516
140.00 -30.00 0.00133014
145.00 -30.00 0.0011412
150.00 -30.00 0.00106116
155.00 -30.00 0.0008559
160.00 -30.00 0.00027405
165.00 -30.00 -0.00035298
170.00 -30.00 -0.00038688
175.00 -30.00 0.00017676
180.00 -30.00 0.00052557
-180.00 -25.00 0.00013386
-175.00 -25.00 -7.023e-05
-170.00 -25.00 -0.00085653
-165.00 -25.00 -0.00148863
-160.00 -25.00 -0.00168864
-155.00 -25.00 -0.0017133
-150.00 -25.00 -0.00181482
-145.00 -25.00 -0.00192723
-140.00 -25.00 -0.00186441
-135.00 -25.00 -0.00159831
-130.00 -25.00 -0.00120465
-125.00 -25.00 -0.00066774
-120.00 -25.00 -7.71e-06
-115.00 -25.00 0.0004155
-110.00 -25.00 0.00011694
-105.00 -25.00 -0.00080934
-100.00 -25.00 -0.00157656
-95.00 -25.00 -0.00157932
-90.00 -25.00 -0.00102303
-85.00 -25.00 -0.00039918
-80.00 -25.00 0.00017148
-75.00 -25.00 0.00064713
-70.00 -25.00 0.00067323
-65.00 -25.00 0.00011052
-60.00 -25.00 -0.00046881
-55.00 -25.00 -0.00046071
-50.00 -25.00 -8.733e-05
-45.00 -25.00 1.572e-05
-40.00 -25.00 -0.00021159
-35.00 -25.00 -0.00027102
-30.00 -25.00 2.082e-05
-25.00 -25.00 0.00020508
-20.00 -25.00 -0.00017823
-15.00 -25.00 -0.00093234
-10.00 -25.00 -0.00145764
-5.00 -25.00 -0.00162324
0.00 -25.00 -0.00198372
5.00 -25.00 -0.00286149
10.00 -25.00 -0.00367482
15.00 -25.00 -0.00373017
20.00 -25.00 -0.00324231
25.00 -25.00 -0.00284484
30.00 -25.00 -0.00253452
35.00 -25.00 -0.00196392
40.00 -25.00 -0.00134697
45.00 -25.00 -0.00111975
50.00 -25.00 -0.00106266
55.00 -25.00 -0.00066129
60.00 -25.00 -8.58e-06
65.00 -25.00 0.00041871
70.00 -25.00 0.00051801
75.00 -25.00 0.0004839
80.00 -25.00 0.00039813
85.00 -25.00 0.0003513
90.00 -25.00 0.00049362
95.00 -25.00 0.00067059
100.00 -25.00 0.00054027
105.00 -25.00 0.00019815
110.00 -25.00 0.00010695
115.00 -25.00 0.00038589
120.00 -25.00 0.00075831
125.00 -25.00 0.00108849
130.00 -25.00 0.00135378
135.00 -25.00 0.00130167
140.00 -25.00 0.00078876
145.00 -25.00 0.00020691
150.00 -25.00 -6.42e-05
155.00 -25.00 -0.00031923
160.00 -25.00 -0.00096552
165.00 -25.00 -0.0016062
170.00 -25.00 -0.00145647
175.00 -25.00 -0.00055758
180.00 -25.00 0.00013386
-180.00 -20.00 -0.00086325
-175.00 -20.00 -0.00094281
-170.00 -20.00 -0.00105348
-165.00 -20.00 -0.00107166
-160.00 -20.00 -0.00134016
-155.00 -20.00 -0.00197157
-150.00 -20.00 -0.00252435
-145.00 -20.00 -0.00254229
-140.00 -20.00 -0.00213375
-135.00 -20.00 -0.00178512
-130.00 -20.00 -0.00167016
-125.00 -20.00 -0.00140673
-120.00 -20.00 -0.00071094
-115.00 -20.00 -0.00011106
-110.00 -20.00 -0.00046362
-105.00 -20.00 -0.00164226
-100.00 -20.00 -0.00240747
-95.00 -20.00 -0.00198504
-90.00 -20.00 -0.00102285
-85.00 -20.00 -0.00040461
-80.00 -20.00 -5.79e-06
-75.00 -20.00 0.00054201
-70.00 -20.00 0.00080151
-65.00 -20.00 0.00034764
-60.00 -20.00 -0.00018441
-55.00 -20.00 -3.168e-05
-50.00 -20.00 0.00040611
-45.00 -20.00 0.00028794
-40.00 -20.00 -0.0002925
-35.00 -20.00 -0.00064347
-30.00 -20.00 -0.00065259
-25.00 -20.00 -0.00077214
-20.00 -20.00 -0.00118842
-15.00 -20.00 -0.0016272
-10.00 -20.00 -0.00182406
-5.00 -20.00 -0.00188418
0.00 -20.00 -0.00216453
5.00 -20.00 -0.0027579
10.00 -20.00 -0.00324165
15.00 -20.00 -0.0032799
20.00 -20.00 -0.00316971
25.00 -20.00 -0.00317484
30.00 -20.00 -0.00279966
35.00 -20.00 -0.00163899
40.00 -20.00 -0.00040767
45.00 -20.00 -2.994e-05
50.00 -20.00 -0.00023127
55.00 -20.00 -0.00012021
60.00 -20.00 0.00039054
65.00 -20.00 0.00074214
70.00 -20.00 0.00072006
75.00 -20.00 0.00047787
80.00 -20.00 0.0001767
85.00 -20.00 0.00011874
90.00 -20.00 0.00054186
95.00 -20.00 0.00103272
100.00 -20.00 0.00094065
105.00 -20.00 0.00040215
110.00 -20.00 0.00010785
115.00 -20.00 0.00023046
120.00 -20.00 0.00045291
125.00 -20.00 0.00070851
130.00 -20.00 0.00100938
135.00 -20.00 0.00098316
140.00 -20.00 0.00041568
145.00 -20.00 -0.00023856
150.00 -20.00 -0.00059916
155.00 -20.00 -0.00100452
160.00 -20.00 -0.0017343
165.00 -20.00 -0.00225309
170.00 -20.00 -0.00197622
175.00 -20.00 -0.00125226
180.00 -20.00 -0.00086325
-180.00 -15.00 -0.00224049
-175.00 -15.00 -0.0028341
-170.00 -15.00 -0.00250158
-165.00 -15.00 -0.00167952
-160.00 -15.00 -0.00141102
-155.00 -15.00 -0.00188091
-150.00 -15.00 -0.00228831
-145.00 -15.00 -0.00202656
-140.00 -15.00 -0.00142902
-135.00 -15.00 -0.00121557
-130.00 -15.00 -0.00150171
-125.00 -15.00 -0.00163431
-120.00 -15.00 -0.00110256
-115.00 -15.00 -0.00042384
-110.00 -15.00 -0.00060663
-105.00 -15.00 -0.0015867
-100.00 -15.00 -0.00201327
-95.00 -15.00 -0.00116094
-90.00 -15.00 -7.503e-05
-85.00 -15.00 0.00012009
-80.00 -15.00 -8.721e-05
-75.00 -15.00 0.00011823
-70.00 -15.00 0.00017481
-65.00 -15.00 -0.00060375
-60.00 -15.00 -0.0012915
-55.00 -15.00 -0.00074046
-50.00 -15.00 0.00034251
-45.00 -15.00 0.00050343
-40.00 -15.00 -0.00024276
-35.00 -15.00 -0.00088548
-30.00 -15.00 -0.00114423
-25.00 -15.00 -0.00135573
-20.00 -15.00 -0.00151617
-15.00 -15.00 -0.00151935
-10.00 -15.00 -0.00163524
-5.00 -15.00 -0.00206628
0.00 -15.00 -0.00259017
5.00 -15.00 -0.00291672
10.00 -15.00 -0.00297762
15.00 -15.00 -0.00291735
20.00 -15.00 -0.00299307
25.00 -15.00 -0.00312795
30.00 -15.00 -0.00266508
35.00 -15.00 -0.00126582
40.00 -15.00 0.00023271
45.00 -15.00 0.00077202
50.00 -15.00 0.00048423
55.00 -15.00 0.00023583
60.00 -15.00 0.00033216
65.00 -15.00 0.00053583
70.00 -15.00 0.0006954
75.00 -15.00 0.00066828
80.00 -15.00 0.00034818
85.00 -15.00 0.00012396
90.00 -15.00 0.00045831
95.00 -15.00 0.00097677
100.00 -15.00 0.0009543
105.00 -15.00 0.00050607
110.00 -15.00 0.00029277
115.00 -15.00 0.00043371
120.00 -15.00 0.00063204
125.00 -15.00 0.00081576
130.00 -15.00 0.00089106
135.00 -15.00 0.00057879
140.00 -15.00 5.295e-05
145.00 -15.00 -0.0001326
150.00 -15.00 -9.813e-05
155.00 -15.00 -0.00055755
160.00 -15.00 -0.00144954
165.00 -15.00 -0.00186021
170.00 -15.00 -0.00158835
175.00 -15.00 -0.00155433
180.00 -15.00 -0.00224049
-180.00 -10.00 -0.00253899
-175.00 -10.00 -0.00363417
-170.00 -10.00 -0.00339711
-165.00 -10.00 -0.00234525
-160.00 -10.00 -0.00170724
-155.00 -10.00 -0.00176337
-150.00 -10.00 -0.0018066
-145.00 -10.00 -0.00137133
-140.00 -10.00 -0.00084204
-135.00 -10.00 -0.00081525
-130.00 -10.00 -0.00128061
-125.00 -10.00 -0.00160122
-120.00 -10.00 -0.00123417
-115.00 -10.00 -0.00046968
-110.00 -10.00 -0.00020493
-105.00 -10.00 -0.00063078
-100.00 -10.00 -0.000681
-95.00 -10.00 0.00036459
-90.00 -10.00 0.00146307
-85.00 -10.00 0.00133113
-80.00 -10.00 0.00050211
-75.00 -10.00 0.00012021
-70.00 -10.00 -0.00022845
-65.00 -10.00 -0.00130533
-60.00 -10.00 -0.00203388
-55.00 -10.00 -0.0010491
-50.00 -10.00 0.00063933
-45.00 -10.00 0.00102324
-40.00 -10.00 0.00010602
-35.00 -10.00 -0.00067326
-30.00 -10.00 -0.00087618
-25.00 -10.00 -0.00098436
-20.00 -10.00 -0.00107007
-15.00 -10.00 -0.00113742
-10.00 -10.00 -0.00165714
-5.00 -10.00 -0.00263895
0.00 -10.00 -0.00325671
5.00 -10.00 -0.00306333
10.00 -10.00 -0.00258129
15.00 -10.00 -0.00240369
20.00 -10.00 -0.00253158
25.00 -10.00 -0.00258021
30.00 -10.00 -0.00209862
35.00 -10.00 -0.00097731
40.00 -10.00 0.00020199
45.00 -10.00 0.00068742
50.00 -10.00 0.00042276
55.00 -10.00 -7.362e-05
60.00 -10.00 -0.00036942
65.00 -10.00 -0.00023187
70.00 -10.00 0.00033684
75.00 -10.00 0.00084621
80.00 -10.00 0.00079392
85.00 -10.00 0.00047481
90.00 -10.00 0.00051834
95.00 -10.00 0.00081516
100.00 -10.00 0.0007824
105.00 -10.00 0.00035037
110.00 -10.00 -7.779e-05
115.00 -10.00 -0.00018423
120.00 -10.00 0.00017268
125.00 -10.00 0.00074499
130.00 -10.00 0.00075627
135.00 -10.00 -5.694e-05
140.00 -10.00 -0.000627
145.00 -10.00 -6.978e-05
150.00 -10.00 0.0006192
155.00 -10.00 7.23e-06
160.00 -10.00 -0.00134178
165.00 -10.00 -0.00175074
170.00 -10.00 -0.00120315
175.00 -10.00 -0.00128502
180.00 -10.00 -0.00253899
-180.00 -5.00 -0.00154872
-175.00 -5.00 -0.00229476
-170.00 -5.00 -0.00230892
-165.00 -5.00 -0.0018111
-160.00 -5.00 -0.0015606
-155.00 -5.00 -0.00168216
-150.00 -5.00 -0.00164907
-145.00 -5.00 -0.00120006
-140.00 -5.00 -0.00072819
-135.00 -5.00 -0.00066657
-130.00 -5.00 -0.00095073
-125.00 -5.00 -0.00119226
-120.00 -5.00 -0.00103011
-115.00 -5.00 -0.00044229
-110.00 -5.00 4.152e-05
-105.00 -5.00 -2.412e-05
-100.00 -5.00 -3.435e-05
-95.00 -5.00 0.00090276
-90.00 -5.00 0.00218613
-85.00 -5.00 0.00233466
-80.00 -5.00 0.00137022
-75.00 -5.00 0.00056796
-70.00 -5.00 6.615e-05
-65.00 -5.00 -0.00083514
-60.00 -5.00 -0.00144285
-55.00 -5.00 -0.00055161
-50.00 -5.00 0.00093447
-45.00 -5.00 0.00108285
-40.00 -5.00 2.511e-05
-35.00 -5.00 -0.00061779
-30.00 -5.00 -0.00052068
-25.00 -5.00 -0.00052545
-20.00 -5.00 -0.00079842
-15.00 -5.00 -0.00110172
-10.00 -5.00 -0.00172569
-5.00 -5.00 -0.00262734
0.00 -5.00 -0.00291261
5.00 -5.00 -0.00226989
10.00 -5.00 -0.00165279
15.00 -5.00 -0.00182397
20.00 -5.00 -0.00236142
25.00 -5.00 -0.00249288
30.00 -5.00 -0.00199182
35.00 -5.00 -0.00111354
40.00 -5.00 -0.00029637
45.00 -5.00 7.449e-05
50.00 -5.00 -7.11e-05
55.00 -5.00 -0.00049182
60.00 -5.00 -0.00082413
65.00 -5.00 -0.00068892
70.00 -5.00 2.136e-05
75.00 -5.00 0.00084819
80.00 -5.00 0.00120552
85.00 -5.00 0.0011043
90.00 -5.00 0.00099435
95.00 -5.00 0.00105588
100.00 -5.00 0.00102027
105.00 -5.00 0.0004812
110.00 -5.00 -0.00061974
115.00 -5.00 -0.00149211
120.00 -5.00 -0.00107919
125.00 -5.00 0.00021297
130.00 -5.00 0.00053724
135.00 -5.00 -0.00060087
140.00 -5.00 -0.00122703
145.00 -5.00 -8.577e-05
150.00 -5.00 0.00099513
155.00 -5.00 -5.418e-05
160.00 -5.00 -0.00215232
165.00 -5.00 -0.00279927
170.00 -5.00 -0.00180546
175.00 -5.00 -0.00107442
180.00 -5.00 -0.00154872
-180.00 0.00 -0.00073392
-175.00 0.00 -0.00069741
-170.00 0.00 -0.00083643
-165.00 0.00 -0.00106605
-160.00 0.00 -0.00149451
-155.00 0.00 -0.00195144
-150.00 0.00 -0.00192144
-145.00 0.00 -0.00125892
-140.00 0.00 -0.00054324
-135.00 0.00 -0.00026904
-130.00 0.00 -0.00027729
-125.00 0.00 -0.00031929
-120.00 0.00 -0.00037488
-115.00 0.00 -0.00031512
-110.00 0.00 -0.00015393
-105.00 0.00 -0.00028035
-100.00 0.00 -0.00049389
-95.00 0.00 0.00019569
-90.00 0.00 0.00171957
-85.00 0.00 0.00243543
-80.00 0.00 0.00161466
-75.00 0.00 0.00053649
-70.00 0.00 0.00012
-65.00 0.00 -0.00023631
-60.00 0.00 -0.0006933
-55.00 0.00 -0.00045315
-50.00 0.00 0.0002259
-45.00 0.00 0.00011748
-40.00 0.00 -0.00063837
-35.00 0.00 -0.00079281
-30.00 0.00 -0.00037776
-25.00 0.00 -0.00045864
-20.00 0.00 -0.00103068
-15.00 0.00 -0.00130152
-10.00 0.00 -0.00130689
-5.00 0.00 -0.00145509
0.00 0.00 -0.00142383
5.00 0.00 -0.00097179
10.00 0.00 -0.00082989
15.00 0.00 -0.00161484
20.00 0.00 -0.00272058
25.00 0.00 -0.00309375
30.00 0.00 -0.00246546
35.00 0.00 -0.0013923
40.00 0.00 -0.00055857
45.00 0.00 -0.00024864
50.00 0.00 -0.0002676
55.00 0.00 -0.00029244
60.00 0.00 -0.00022332
65.00 0.00 -7.446e-05
70.00 0.00 0.00026061
75.00 0.00 0.00085689
80.00 0.00 0.00148947
85.00 0.00 0.00177066
90.00 0.00 0.00162378
95.00 0.00 0.00144774
100.00 0.00 0.00145674
105.00 0.00 0.0010098
110.00 0.00 -0.00047934
115.00 0.00 -0.00194718
120.00 0.00 -0.00161562
125.00 0.00 7.047e-05
130.00 0.00 0.00062292
135.00 0.00 -0.00056727
140.00 0.00 -0.00113271
145.00 0.00 0.00017652
150.00 0.00 0.00116841
155.00 0.00 -0.0002379
160.00 0.00 -0.00269715
165.00 0.00 -0.00361671
170.00 0.00 -0.00265377
175.00 0.00 -0.00134703
180.00 0.00 -0.00073392
-180.00 5.00 -0.00065145
-175.00 5.00 -0.00037164
-170.00 5.00 -0.00068904
-165.00 5.00 -0.00131703
-160.00 5.00 -0.00200043
-155.00 5.00 -0.00249696
-150.00 5.00 -0.00226917
-145.00 5.00 -0.00120885
-140.00 5.00 -0.00019776
-135.00 5.00 0.00010266
-130.00 5.00 0.00016092
-125.00 5.00 0.00039669
-120.00 5.00 0.00040101
-115.00 5.00 2.739e-05
-110.00 5.00 -0.00027327
-105.00 5.00 -0.00048012
-100.00 5.00 -0.00069792
-95.00 5.00 -0.00020976
-90.00 5.00 0.00124824
-85.00 5.00 0.00219081
-80.00 5.00 0.00143277
-75.00 5.00 0.00012483
-70.00 5.00 -0.00023322
-65.00 5.00 -0.0001095
-60.00 5.00 -0.00045678
-55.00 5.00 -0.00087954
-50.00 5.00 -0.00086358
-45.00 5.00 -0.0008418
-40.00 5.00 -0.00091884
-35.00 5.00 -0.00054876
-30.00 5.00 -7.011e-05
-25.00 5.00 -0.0004812
-20.00 5.00 -0.00147261
-15.00 5.00 -0.00170454
-10.00 5.00 -0.00099675
-5.00 5.00 -0.00041199
0.00 5.00 -0.00041577
5.00 5.00 -0.00059262
10.00 5.00 -0.00088869
15.00 5.00 -0.00169734
20.00 5.00 -0.0028083
25.00 5.00 -0.00331038
30.00 5.00 -0.0026667
35.00 5.00 -0.00138696
40.00 5.00 -0.00046827
45.00 5.00 -0.00031035
50.00 5.00 -0.00038928
55.00 5.00 -9.66e-05
60.00 5.00 0.00040977
65.00 5.00 0.0005751
70.00 5.00 0.00042924
75.00 5.00 0.00058941
80.00 5.00 0.00122943
85.00 5.00 0.00167643
90.00 5.00 0.00143259
95.00 5.00 0.00103431
100.00 5.00 0.001104
105.00 5.00 0.00105369
110.00 5.00 6.303e-05
115.00 5.00 -0.00100434
120.00 5.00 -0.00057969
125.00 5.00 0.00079083
130.00 5.00 0.00097917
135.00 5.00 -0.00018201
140.00 5.00 -0.00060111
145.00 5.00 0.00038085
150.00 5.00 0.00085413
155.00 5.00 -0.00039555
160.00 5.00 -0.00210462
165.00 5.00 -0.00273075
170.00 5.00 -0.00226695
175.00 5.00 -0.00141042
180.00 5.00 -0.00065145
-180.00 10.00 -0.00062682
-175.00 10.00 -0.00061461
-170.00 10.00 -0.00118191
-165.00 10.00 -0.00181329
-160.00 10.00 -0.00219276
-155.00 10.00 -0.002385
-150.00 10.00 -0.00203679
-145.00 10.00 -0.00099708
-140.00 10.00 -0.00018318
-135.00 10.00 -0.00022005
-130.00 10.00 -0.00026685
-125.00 10.00 0.0003258
-120.00 10.00 0.00073899
-115.00 10.00 0.00037422
-110.00 10.00 -4.572e-05
-105.00 10.00 -4.296e-05
-100.00 10.00 2.28e-06
-95.00 10.00 0.00026316
-90.00 10.00 0.0012168
-85.00 10.00 0.00200514
-80.00 10.00 0.00144468
-75.00 10.00 0.00025452
-70.00 10.00 -7.008e-05
-65.00 10.00 0.00021324
-60.00 10.00 -7.578e-05
-55.00 10.00 -0.00078579
-50.00 10.00 -0.00102993
-45.00 10.00 -0.00082062
-40.00 10.00 -0.00052983
-35.00 10.00 -9.051e-05
-30.00 10.00 0.00015312
-25.00 10.00 -0.00060156
-20.00 10.00 -0.00198186
-15.00 10.00 -0.00243606
-10.00 10.00 -0.00151464
-5.00 10.00 -0.00055662
0.00 10.00 -0.0006033
5.00 10.00 -0.00113595
10.00 10.00 -0.00139086
15.00 10.00 -0.00158769
20.00 10.00 -0.00215295
25.00 10.00 -0.00265044
30.00 10.00 -0.00231777
35.00 10.00 -0.00128817
40.00 10.00 -0.00053367
45.00 10.00 -0.00057843
50.00 10.00 -0.00087603
55.00 10.00 -0.00071592
60.00 10.00 -0.00022806
65.00 10.00 -7.17e-06
70.00 10.00 -9.036e-05
75.00 10.00 3.801e-05
80.00 10.00 0.00048822
85.00 10.00 0.00069975
90.00 10.00 0.00037839
95.00 10.00 5.724e-05
100.00 10.00 0.00019926
105.00 10.00 0.00037113
110.00 10.00 0.00013869
115.00 10.00 0.00010704
120.00 10.00 0.00085443
125.00 10.00 0.00151656
130.00 10.00 0.00100776
135.00 10.00 -1.851e-05
140.00 10.00 -0.00023703
145.00 10.00 6.048e-05
150.00 10.00 -0.0002832
155.00 10.00 -0.0010698
160.00 10.00 -0.00129699
165.00 10.00 -0.00104766
170.00 10.00 -0.00097374
175.00 10.00 -0.00091986
180.00 10.00 -0.00062682
-180.00 15.00 -0.00076191
-175.00 15.00 -0.00087072
-170.00 15.00 -0.0014958
-165.00 15.00 -0.00184575
-160.00 15.00 -0.00160602
-155.00 15.00 -0.00133545
-150.00 15.00 -0.00111465
-145.00 15.00 -0.00068754
-140.00 15.00 -0.00052947
-135.00 15.00 -0.00094119
-130.00 15.00 -0.00099783
-125.00 15.00 -0.0001182
-120.00 15.00 0.00067167
-115.00 15.00 0.00056802
-110.00 15.00 0.00035499
-105.00 15.00 0.00065835
-100.00 15.00 0.00083979
-95.00 15.00 0.00065412
-90.00 15.00 0.00085809
-85.00 15.00 0.00144906
-80.00 15.00 0.00146481
-75.00 15.00 0.00089628
-70.00 15.00 0.00068982
-65.00 15.00 0.00084978
-60.00 15.00 0.00055581
-55.00 15.00 -0.00011367
-50.00 15.00 -0.00039699
-45.00 15.00 -0.00028062
-40.00 15.00 -0.00021405
-35.00 15.00 -0.00017367
-30.00 15.00 -0.00022785
-25.00 15.00 -0.00097224
-20.00 15.00 -0.00229971
-15.00 15.00 -0.00291954
-10.00 15.00 -0.00214953
-5.00 15.00 -0.00105897
0.00 15.00 -0.00087807
5.00 15.00 -0.0013305
10.00 15.00 -0.00148404
15.00 15.00 -0.00133197
20.00 15.00 -0.0014865
25.00 15.00 -0.00188631
30.00 15.00 -0.00184743
35.00 15.00 -0.00122193
40.00 15.00 -0.00066429
45.00 15.00 -0.00068733
50.00 15.00 -0.00107412
55.00 15.00 -0.00134952
60.00 15.00 -0.00132012
65.00 15.00 -0.0009897
70.00 15.00 -0.00041049
75.00 15.00 0.00015018
80.00 15.00 0.00028893
85.00 15.00 -2.4e-06
90.00 15.00 -0.00019929
95.00 15.00 3.129e-05
100.00 15.00 0.00027495
105.00 15.00 5.118e-05
110.00 15.00 -0.00020694
115.00 15.00 0.00029568
120.00 15.00 0.00122574
125.00 15.00 0.00135258
130.00 15.00 0.00051891
135.00 15.00 -6.402e-05
140.00 15.00 1.449e-05
145.00 15.00 -0.00033012
150.00 15.00 -0.0014118
155.00 15.00 -0.00184668
160.00 15.00 -0.00098715
165.00 15.00 -0.00018006
170.00 15.00 -0.00041031
175.00 15.00 -0.00083499
180.00 15.00 -0.00076191
-180.00 20.00 -0.00142275
-175.00 20.00 -0.00148053
-170.00 20.00 -0.00205674
-165.00 20.00 -0.00215976
-160.00 20.00 -0.0013662
-155.00 20.00 -0.00056076
-150.00 20.00 -0.00032766
-145.00 20.00 -0.00040881
-140.00 20.00 -0.00069489
-135.00 20.00 -0.00111654
-130.00 20.00 -0.00102192
-125.00 20.00 -0.00013905
-120.00 20.00 0.00065991
-115.00 20.00 0.00078594
-110.00 20.00 0.00089559
-105.00 20.00 0.00136614
-100.00 20.00 0.00140163
-95.00 20.00 0.0006942
-90.00 20.00 0.0002724
-85.00 20.00 0.00075117
-80.00 20.00 0.00137232
-75.00 20.00 0.00147987
-70.00 20.00 0.00137532
-65.00 20.00 0.00127287
-60.00 20.00 0.00090513
-55.00 20.00 0.0003987
-50.00 20.00 0.00021453
-45.00 20.00 0.00022194
-40.00 20.00 -4.212e-05
-35.00 20.00 -0.00047931
-30.00 20.00 -0.00080256
-25.00 20.00 -0.00126921
-20.00 20.00 -0.00204654
-15.00 20.00 -0.0024669
-10.00 20.00 -0.00192552
-5.00 20.00 -0.00097299
0.00 20.00 -0.00059481
5.00 20.00 -0.00087657
10.00 20.00 -0.00119523
15.00 20.00 -0.00130059
20.00 20.00 -0.00140829
25.00 20.00 -0.0015069
30.00 20.00 -0.0013092
35.00 20.00 -0.00080028
40.00 20.00 -0.00031371
45.00 20.00 -0.00013461
50.00 20.00 -0.00035823
55.00 20.00 -0.00090915
60.00 20.00 -0.00134622
65.00 20.00 -0.00101286
70.00 20.00 9.039e-05
75.00 20.00 0.00093798
80.00 20.00 0.0006819
85.00 20.00 -4.536e-05
90.00 20.00 8.445e-05
95.00 20.00 0.00108684
100.00 20.00 0.0015288
105.00 20.00 0.00070362
110.00 20.00 -0.00021507
115.00 20.00 1.047e-05
120.00 20.00 0.000759
125.00 20.00 0.00071538
130.00 20.00 0.00012075
135.00 20.00 0.00012318
140.00 20.00 0.00042456
145.00 20.00 -0.00026673
150.00 20.00 -0.00158271
155.00 20.00 -0.00172032
160.00 20.00 -0.00054408
165.00 20.00 4.416e-05
170.00 20.00 -0.0007221
175.00 20.00 -0.00147507
180.00 20.00 -0.00142275
-180.00 25.00 -0.00158634
-175.00 25.00 -0.00175413
-170.00 25.00 -0.00249588
-165.00 25.00 -0.00278049
-160.00 25.00 -0.00195735
-155.00 25.00 -0.0008157
-150.00 25.00 -0.00023628
-145.00 25.00 -0.00019551
-140.00 25.00 -0.00037188
-135.00 25.00 -0.00055476
-130.00 25.00 -0.00043134
-125.00 25.00 8.682e-05
-120.00 25.00 0.00058326
-115.00 25.00 0.00086346
-110.00 25.00 0.00129717
-105.00 25.00 0.00184167
-100.00 25.00 0.00173928
-95.00 25.00 0.00086904
-90.00 25.00 0.00028776
-85.00 25.00 0.00071982
-80.00 25.00 0.00156156
-75.00 25.00 0.00196212
-70.00 25.00 0.00186381
-65.00 25.00 0.00152817
-60.00 25.00 0.00103746
-55.00 25.00 0.0006279
-50.00 25.00 0.00061725
-45.00 25.00 0.0007629
-40.00 25.00 0.00046758
-35.00 25.00 -0.0003
-30.00 25.00 -0.00099321
-25.00 25.00 -0.00133461
-20.00 25.00 -0.0014886
-15.00 25.00 -0.00149373
-10.00 25.00 -0.00119526
-5.00 25.00 -0.00071139
0.00 25.00 -0.00043164
5.00 25.00 -0.00054888
10.00 25.00 -0.00092229
15.00 25.00 -0.00130251
20.00 25.00 -0.00144465
25.00 25.00 -0.00118542
30.00 25.00 -0.0006432
35.00 25.00 -0.00014898
40.00 25.00 0.00016152
45.00 25.00 0.00039015
50.00 25.00 0.00043305
55.00 25.00 2.121e-05
60.00 25.00 -0.00056757
65.00 25.00 -0.00051327
70.00 25.00 0.00032784
75.00 25.00 0.0008844
80.00 25.00 0.00034071
85.00 25.00 -0.00041466
90.00 25.00 9.162e-05
95.00 25.00 0.00162414
100.00 25.00 0.00237939
105.00 25.00 0.00155877
110.00 25.00 0.00043731
115.00 25.00 0.00031158
120.00 25.00 0.00071844
125.00 25.00 0.00068013
130.00 25.00 0.0004872
135.00 25.00 0.0007944
140.00 25.00 0.00093255
145.00 25.00 -4.008e-05
150.00 25.00 -0.00125187
155.00 25.00 -0.00105372
160.00 25.00 0.00018369
165.00 25.00 0.00048699
170.00 25.00 -0.00059355
175.00 25.00 -0.00152826
180.00 25.00 -0.00158634
-180.00 30.00 -0.00044265
-175.00 30.00 -0.00071778
-170.00 30.00 -0.00165483
-165.00 30.00 -0.00237675
-160.00 30.00 -0.00206217
-155.00 30.00 -0.0010722
-150.00 30.00 -0.00021975
-145.00 30.00 0.00019953
-140.00 30.00 0.00028389
-135.00 30.00 0.00014766
-130.00 30.00 -4.605e-05
-125.00 30.00 -0.00011895
-120.00 30.00 -1.572e-05
-115.00 30.00 0.00031452
-110.00 30.00 0.00090765
-105.00 30.00 0.00143736
-100.00 30.00 0.00137631
-95.00 30.00 0.00080595
-90.00 30.00 0.00050952
-85.00 30.00 0.00094179
-80.00 30.00 0.00166575
-75.00 30.00 0.00206619
-70.00 30.00 0.00202098
-65.00 30.00 0.00165375
-60.00 30.00 0.00107673
-55.00 30.00 0.00061614
-50.00 30.00 0.00065427
-45.00 30.00 0.00097725
-40.00 30.00 0.00084189
-35.00 30.00 -3.789e-05
-30.00 30.00 -0.00103878
-25.00 30.00 -0.00141426
-20.00 30.00 -0.00115398
-15.00 30.00 -0.00081054
-10.00 30.00 -0.00074664
-5.00 30.00 -0.00083004
0.00 30.00 -0.00078765
5.00 30.00 -0.00064293
10.00 30.00 -0.00067515
15.00 30.00 -0.00095595
20.00 30.00 -0.00112503
25.00 30.00 -0.00084045
30.00 30.00 -0.00031023
35.00 30.00 -2.577e-05
40.00 30.00 -3.078e-05
45.00 30.00 7.506e-05
50.00 30.00 0.00036318
55.00 30.00 0.00038805
60.00 30.00 -5.19e-06
65.00 30.00 -0.00029979
70.00 30.00 -0.00016206
75.00 30.00 -8.649e-05
80.00 30.00 -0.00053142
85.00 30.00 -0.00089001
90.00 30.00 -0.00022026
95.00 30.00 0.00120876
100.00 30.00 0.00209055
105.00 30.00 0.00185952
110.00 30.00 0.00131841
115.00 30.00 0.00124419
120.00 30.00 0.00139131
125.00 30.00 0.00137679
130.00 30.00 0.0015021
135.00 30.00 0.00186081
140.00 30.00 0.001596
145.00 30.00 0.00021615
150.00 30.00 -0.00109773
155.00 30.00 -0.00089427
160.00 30.00 0.0003363
165.00 30.00 0.00084735
170.00 30.00 0.00021285
175.00 30.00 -0.00040134
180.00 30.00 -0.00044265
-180.00 35.00 0.00075036
-175.00 35.00 0.00062046
-170.00 35.00 -8.097e-05
-165.00 35.00 -0.00082341
-160.00 35.00 -0.00091119
-155.00 35.00 -0.00033447
-150.00 35.00 0.00040536
-145.00 35.00 0.00089652
-140.00 35.00 0.00097494
-135.00 35.00 0.00062817
-130.00 35.00 2.208e-05
-125.00 35.00 -0.00052293
-120.00 35.00 -0.00072819
-115.00 35.00 -0.00051849
-110.00 35.00 -6.129e-05
-105.00 35.00 0.0003027
-100.00 35.00 0.00032973
-95.00 35.00 0.00016245
-90.00 35.00 0.00017928
-85.00 35.00 0.00051273
-80.00 35.00 0.00093789
-75.00 35.00 0.00123324
-70.00 35.00 0.00134118
-65.00 35.00 0.00117618
-60.00 35.00 0.00068475
-55.00 35.00 0.00016752
-50.00 35.00 9.159e-05
-45.00 35.00 0.00040125
-40.00 35.00 0.00042924
-35.00 35.00 -0.00022737
-30.00 35.00 -0.00107064
-25.00 35.00 -0.00129468
-20.00 35.00 -0.000831
-15.00 35.00 -0.00041622
-10.00 35.00 -0.00062118
-5.00 35.00 -0.00115476
0.00 35.00 -0.0013158
5.00 35.00 -0.00092706
10.00 35.00 -0.00050259
15.00 35.00 -0.00048738
20.00 35.00 -0.00068049
25.00 35.00 -0.0006387
30.00 35.00 -0.00038484
35.00 35.00 -0.00031086
40.00 35.00 -0.00046938
45.00 35.00 -0.00044499
50.00 35.00 -4.086e-05
55.00 35.00 0.00035211
60.00 35.00 0.00032979
65.00 35.00 5.745e-05
70.00 35.00 -5.967e-05
75.00 35.00 4.68e-06
80.00 35.00 2.658e-05
85.00 35.00 7.383e-05
90.00 35.00 0.00042597
95.00 35.00 0.00102156
100.00 35.00 0.00146715
105.00 35.00 0.00161739
110.00 35.00 0.00169125
115.00 35.00 0.00177993
120.00 35.00 0.00176052
125.00 35.00 0.00178671
130.00 35.00 0.00221187
135.00 35.00 0.00274479
140.00 35.00 0.00240063
145.00 35.00 0.00086484
150.00 35.00 -0.00069264
155.00 35.00 -0.00092973
160.00 35.00 -3.807e-05
165.00 35.00 0.00070047
170.00 35.00 0.00073554
175.00 35.00 0.000633
180.00 35.00 0.00075036
-180.00 40.00 0.00079584
-175.00 40.00 0.00079869
-170.00 40.00 0.00063987
-165.00 40.00 0.00043983
-160.00 40.00 0.00047304
-155.00 40.00 0.00079596
-150.00 40.00 0.00120414
-145.00 40.00 0.00144468
-140.00 40.00 0.00135285
-135.00 40.00 0.00089763
-130.00 40.00 0.0002256
-125.00 40.00 -0.000384
-120.00 40.00 -0.00069975
-115.00 40.00 -0.0006903
-110.00 40.00 -0.00050223
-105.00 40.00 -0.00030876
-100.00 40.00 -0.00017613
-95.00 40.00 -6.633e-05
-90.00 40.00 4.122e-05
-85.00 40.00 9.516e-05
-80.00 40.00 9.225e-05
-75.00 40.00 0.00015192
-70.00 40.00 0.00032685
-65.00 40.00 0.00041772
-60.00 40.00 0.00019689
-55.00 40.00 -0.00020148
-50.00 40.00 -0.00037935
-45.00 40.00 -0.00023031
-40.00 40.00 -0.00012354
-35.00 40.00 -0.00036156
-30.00 40.00 -0.00068799
-25.00 40.00 -0.0006306
-20.00 40.00 -0.00023934
-15.00 40.00 -0.0001338
-10.00 40.00 -0.00070581
-5.00 40.00 -0.00153096
0.00 40.00 -0.00181281
5.00 40.00 -0.001314
10.00 40.00 -0.00058155
15.00 40.00 -0.00022587
20.00 40.00 -0.00024924
25.00 40.00 -0.00025686
30.00 40.00 -0.00010947
35.00 40.00 -4.161e-05
40.00 40.00 -0.00017571
45.00 40.00 -0.0002703
50.00 40.00 -8.712e-05
55.00 40.00 0.0002475
60.00 40.00 0.00046689
65.00 40.00 0.00059232
70.00 40.00 0.00088314
75.00 40.00 0.00140514
80.00 40.00 0.00187518
85.00 40.00 0.00197046
90.00 40.00 0.00165525
95.00 40.00 0.00118542
100.00 40.00 0.00089805
105.00 40.00 0.00096921
110.00 40.00 0.00124944
115.00 40.00 0.00138639
120.00 40.00 0.00127809
125.00 40.00 0.00131751
130.00 40.00 0.00188493
135.00 40.00 0.00261288
140.00 40.00 0.00258909
145.00 40.00 0.00149763
150.00 40.00 0.00017991
155.00 40.00 -0.00029301
160.00 40.00 0.00015918
165.00 40.00 0.00073914
170.00 40.00 0.00089481
175.00 40.00 0.00080694
180.00 40.00 0.00079584
-180.00 45.00 0.00059886
-175.00 45.00 0.00048432
-170.00 45.00 0.00063945
-165.00 45.00 0.00091965
-160.00 45.00 0.00119349
-155.00 45.00 0.00137619
-150.00 45.00 0.00142974
-145.00 45.00 0.00135513
-140.00 45.00 0.00116319
-135.00 45.00 0.00086355
-130.00 45.00 0.00049443
-125.00 45.00 0.00013533
-120.00 45.00 -0.00013326
-115.00 45.00 -0.00026808
-110.00 45.00 -0.00024831
-105.00 45.00 -5.457e-05
-100.00 45.00 0.00029085
-95.00 45.00 0.00065472
-90.00 45.00 0.00082038
-85.00 45.00 0.00066381
-80.00 45.00 0.00031944
-75.00 45.00 9.693e-05
-70.00 45.00 0.00016674
-65.00 45.00 0.00036933
-60.00 45.00 0.00041436
-55.00 45.00 0.00023292
-50.00 45.00 2.031e-05
-45.00 45.00 -6.294e-05
-40.00 45.00 -7.905e-05
-35.00 45.00 -0.0001332
-30.00 45.00 -0.00015705
-25.00 45.00 -4.773e-05
-20.00 45.00 3.213e-05
-15.00 45.00 -0.00027861
-10.00 45.00 -0.00106641
-5.00 45.00 -0.0018726
0.00 45.00 -0.00207021
5.00 45.00 -0.00150501
10.00 45.00 -0.0006336
15.00 45.00 -4.38e-06
20.00 45.00 0.00026373
25.00 45.00 0.00041091
30.00 45.00 0.00058428
35.00 45.00 0.0006501
40.00 45.00 0.000453
45.00 45.00 8.052e-05
50.00 45.00 -0.00022545
55.00 45.00 -0.00031182
60.00 45.00 -0.00015228
65.00 45.00 0.00028245
70.00 45.00 0.00101649
75.00 45.00 0.00188364
80.00 45.00 0.002472
85.00 45.00 0.00239031
90.00 45.00 0.00163491
95.00 45.00 0.00067107
100.00 45.00 9.903e-05
105.00 45.00 0.00016923
110.00 45.00 0.00059226
115.00 45.00 0.00086559
120.00 45.00 0.00082068
125.00 45.00 0.00077736
130.00 45.00 0.00107646
135.00 45.00 0.00155241
140.00 45.00 0.00167421
145.00 45.00 0.00123561
150.00 45.00 0.00068532
155.00 45.00 0.00061416
160.00 45.00 0.0010506
165.00 45.00 0.00146541
170.00 45.00 0.00141915
175.00 45.00 0.00099804
180.00 45.00 0.00059886
-180.00 50.00 0.00107502
-175.00 50.00 0.00085872
-170.00 50.00 0.00100146
-165.00 50.00 0.00130395
-160.00 50.00 0.001497
-155.00 50.00 0.00143592
-150.00 50.00 0.00116814
-145.00 50.00 0.00085737
-140.00 50.00 0.00064233
-135.00 50.00 0.00054366
-130.00 50.00 0.00047727
-125.00 50.00 0.0003423
-120.00 50.00 0.00011223
-115.00 50.00 -0.00012453
-110.00 50.00 -0.00019962
-105.00 50.00 2.571e-05
-100.00 50.00 0.00053025
-95.00 50.00 0.00108876
-90.00 50.00 0.00139566
-85.00 50.00 0.00129588
-80.00 50.00 0.00092469
-75.00 50.00 0.00059964
-70.00 50.00 0.00054246
-65.00 50.00 0.00070059
-60.00 50.00 0.00084069
-55.00 50.00 0.00078978
-50.00 50.00 0.00055896
-45.00 50.00 0.00026388
-40.00 50.00 7.2e-07
-35.00 50.00 -0.00017958
-30.00 50.00 -0.00025305
-25.00 50.00 -0.00026439
-20.00 50.00 -0.00036624
-15.00 50.00 -0.00070992
-10.00 50.00 -0.00123702
-5.00 50.00 -0.00163092
0.00 50.00 -0.00156486
5.00 50.00 -0.00101862
10.00 50.00 -0.0003081
15.00 50.00 0.00021513
20.00 50.00 0.00045543
25.00 50.00 0.00054831
30.00 50.00 0.00060546
35.00 50.00 0.00056511
40.00 50.00 0.00030153
45.00 50.00 -0.00018309
50.00 50.00 -0.00071529
55.00 50.00 -0.00106281
60.00 50.00 -0.0010536
65.00 50.00 -0.0006306
70.00 50.00 0.00011064
75.00 50.00 0.0008943
80.00 50.00 0.00134067
85.00 50.00 0.00119166
90.00 50.00 0.00053988
95.00 50.00 -0.00017268
100.00 50.00 -0.0004539
105.00 50.00 -0.00013797
110.00 50.00 0.00049902
115.00 50.00 0.00100419
120.00 50.00 0.00114219
125.00 50.00 0.00102783
130.00 50.00 0.00089418
135.00 50.00 0.00080805
140.00 50.00 0.00068322
145.00 50.00 0.00053313
150.00 50.00 0.00057345
155.00 50.00 0.00098547
160.00 50.00 0.00162753
165.00 50.00 0.00208611
170.00 50.00 0.00204756
175.00 50.00 0.00158562
180.00 50.00 0.00107502
-180.00 55.00 0.00133872
-175.00 55.00 0.00127026
-170.00 55.00 0.00140364
-165.00 55.00 0.00157965
-160.00 55.00 0.00159459
-155.00 55.00 0.00136104
-150.00 55.00 0.00096732
-145.00 55.00 0.00060177
-140.00 55.00 0.00040992
-135.00 55.00 0.00039483
-130.00 55.00 0.00042771
-125.00 55.00 0.0003537
-120.00 55.00 0.00011424
-115.00 55.00 -0.0001977
-110.00 55.00 -0.00039018
-105.00 55.00 -0.00030498
-100.00 55.00 5.622e-05
-95.00 55.00 0.00051021
-90.00 55.00 0.00080709
-85.00 55.00 0.00080601
-80.00 55.00 0.00057291
-75.00 55.00 0.0003159
-70.00 55.00 0.0002133
-65.00 55.00 0.00028338
-60.00 55.00 0.00039774
-55.00 55.00 0.00040428
-50.00 55.00 0.0002388
-45.00 55.00 -5.229e-05
-40.00 55.00 -0.00036198
-35.00 55.00 -0.00058734
-30.00 55.00 -0.00067839
-25.00 55.00 -0.00066168
-20.00 55.00 -0.00062013
-15.00 55.00 -0.00062148
-10.00 55.00 -0.00064698
-5.00 55.00 -0.00060111
0.00 55.00 -0.00041508
5.00 55.00 -0.00014331
10.00 55.00 6.09e-05
15.00 55.00 8.037e-05
20.00 55.00 -5.934e-05
25.00 55.00 -0.00022416
30.00 55.00 -0.00030741
35.00 55.00 -0.00032268
40.00 55.00 -0.00036774
45.00 55.00 -0.00051174
50.00 55.00 -0.00071919
55.00 55.00 -0.00086607
60.00 55.00 -0.00081783
65.00 55.00 -0.00051288
70.00 55.00 -1.569e-05
75.00 55.00 0.0004878
80.00 55.00 0.00077193
85.00 55.00 0.00070977
90.00 55.00 0.00038067
95.00 55.00 4.563e-05
100.00 55.00 -2.052e-05
105.00 55.00 0.00027732
110.00 55.00 0.00079392
115.00 55.00 0.00126564
120.00 55.00 0.00150087
125.00 55.00 0.0014733
130.00 55.00 0.00126891
135.00 55.00 0.00098793
140.00 55.00 0.00071853
145.00 55.00 0.00056967
150.00 55.00 0.00065637
155.00 55.00 0.00100146
160.00 55.00 0.00145896
165.00 55.00 0.00178185
170.00 55.00 0.00180633
175.00 55.00 0.00158496
180.00 55.00 0.00133872
-180.00 60.00 0.00068553
-175.00 60.00 0.00084342
-170.00 60.00 0.00109896
-165.00 60.00 0.00132723
-160.00 60.00 0.00140673
-155.00 60.00 0.00130062
-150.00 60.00 0.00108018
-145.00 60.00 0.00087282
-140.00 60.00 0.00077322
-135.00 60.00 0.00078132
-130.00 60.00 0.00080919
-125.00 60.00 0.00074919
-120.00 60.00 0.00055473
-115.00 60.00 0.00027732
-110.00 60.00 3.453e-05
-105.00 60.00 -7.053e-05
-100.00 60.00 -2.187e-05
-95.00 60.00 9.633e-05
-90.00 60.00 0.00015861
-85.00 60.00 8.676e-05
-80.00 60.00 -9.768e-05
-75.00 60.00 -0.00029529
-70.00 60.00 -0.00040545
-65.00 60.00 -0.0003957
-60.00 60.00 -0.00031476
-55.00 60.00 -0.00024804
-50.00 60.00 -0.00025644
-45.00 60.00 -0.00034182
-40.00 60.00 -0.00045354
-35.00 60.00 -0.00052263
-30.00 60.00 -0.0005004
-25.00 60.00 -0.00038064
-20.00 60.00 -0.00019614
-15.00 60.00 5.04e-06
-10.00 60.00 0.00018264
-5.00 60.00 0.00030726
0.00 60.00 0.00034653
5.00 60.00 0.00026127
10.00 60.00 3.087e-05
15.00 60.00 -0.00030753
20.00 60.00 -0.00064899
25.00 60.00 -0.00086412
30.00 60.00 -0.00087195
35.00 60.00 -0.00068628
40.00 60.00 -0.00039993
45.00 60.00 -0.0001209
50.00 60.00 9.219e-05
55.00 60.00 0.00025416
60.00 60.00 0.00042804
65.00 60.00 0.00067149
70.00 60.00 0.00098709
75.00 60.00 0.0013071
80.00 60.00 0.00152469
85.00 60.00 0.0015576
90.00 60.00 0.00140307
95.00 60.00 0.00114483
100.00 60.00 0.00090441
105.00 60.00 0.00077232
110.00 60.00 0.0007686
115.00 60.00 0.00085446
120.00 60.00 0.00097263
125.00 60.00 0.00107841
130.00 60.00 0.00114489
135.00 60.00 0.0011586
140.00 60.00 0.00112275
145.00 60.00 0.00106212
150.00 60.00 0.00101049
155.00 60.00 0.000981
160.00 60.00 0.00094983
165.00 60.00 0.00087972
170.00 60.00 0.00076863
175.00 60.00 0.00067506
180.00 60.00 0.00068553
-180.00 65.00 8.211e-05
-175.00 65.00 0.00035865
-170.00 65.00 0.00071748
-165.00 65.00 0.00106311
-160.00 65.00 0.00131475
-155.00 65.00 0.00144027
-150.00 65.00 0.00146316
-145.00 65.00 0.00143928
-140.00 65.00 0.00141843
-135.00 65.00 0.00141561
-130.00 65.00 0.00140892
-125.00 65.00 0.00136266
-120.00 65.00 0.00125769
-115.00 65.00 0.00110772
-110.00 65.00 0.00095079
-105.00 65.00 0.00082266
-100.00 65.00 0.00073236
-95.00 65.00 0.00065718
-90.00 65.00 0.00056139
-85.00 65.00 0.00042465
-80.00 65.00 0.00025974
-75.00 65.00 0.00010683
-70.00 65.00 8.85e-06
-65.00 65.00 -1.464e-05
-60.00 65.00 2.229e-05
-55.00 65.00 8.253e-05
-50.00 65.00 0.00012807
-45.00 65.00 0.00013944
-40.00 65.00 0.00012195
-35.00 65.00 9.822e-05
-30.00 65.00 9.294e-05
-25.00 65.00 0.00011949
-20.00 65.00 0.00017379
-15.00 65.00 0.00023616
-10.00 65.00 0.00027813
-5.00 65.00 0.00027036
0.00 65.00 0.00019116
5.00 65.00 3.666e-05
10.00 65.00 -0.00016947
15.00 65.00 -0.00037404
20.00 65.00 -0.00050712
25.00 65.00 -0.00050922
30.00 65.00 -0.00036
35.00 65.00 -9.117e-05
40.00 65.00 0.00022701
45.00 65.00 0.00051924
50.00 65.00 0.00074082
55.00 65.00 0.00089565
60.00 65.00 0.0010269
65.00 65.00 0.00118686
70.00 65.00 0.00140139
75.00 65.00 0.00164898
80.00 65.00 0.00186471
85.00 65.00 0.00196815
90.00 65.00 0.00190017
95.00 65.00 0.00165057
100.00 65.00 0.0012642
105.00 65.00 0.0008259
110.00 65.00 0.00043317
115.00 65.00 0.00016791
120.00 65.00 7.494e-05
125.00 65.00 0.00015111
130.00 65.00 0.00034764
135.00 65.00 0.00058575
140.00 65.00 0.00078183
145.00 65.00 0.00087264
150.00 65.00 0.000831
155.00 65.00 0.00066858
160.00 65.00 0.00042987
165.00 65.00 0.00018207
170.00 65.00 2.04e-06
175.00 65.00 -4.269e-05
180.00 65.00 8.211e-05
-180.00 70.00 0.00036888
-175.00 70.00 0.00066522
-170.00 70.00 0.00100551
-165.00 70.00 0.0013326
-160.00 70.00 0.00159651
-155.00 70.00 0.00176856
-150.00 70.00 0.00184614
-145.00 70.00 0.00184716
-140.00 70.00 0.00179826
-135.00 70.00 0.00172377
-130.00 70.00 0.00163968
-125.00 70.00 0.00155457
-120.00 70.00 0.00147375
-115.00 70.00 0.00140262
-110.00 70.00 0.00134628
-105.00 70.00 0.00130641
-100.00 70.00 0.00127866
-95.00 70.00 0.00125328
-90.00 70.00 0.00121995
-85.00 70.00 0.0011733
-80.00 70.00 0.00111618
-75.00 70.00 0.00105759
-70.00 70.00 0.00100689
-65.00 70.00 0.00096729
-60.00 70.00 0.00093264
-55.00 70.00 0.00088941
-50.00 70.00 0.0008223
-45.00 70.00 0.00072117
-40.00 70.00 0.00058536
-35.00 70.00 0.00042432
-30.00 70.00 0.00025437
-25.00 70.00 9.384e-05
-20.00 70.00 -4.206e-05
-15.00 70.00 -0.00014397
-10.00 70.00 -0.00020907
-5.00 70.00 -0.00023922
0.00 70.00 -0.0002379
5.00 70.00 -0.00020709
10.00 70.00 -0.00014571
15.00 70.00 -5.103e-05
20.00 70.00 7.722e-05
25.00 70.00 0.00023136
30.00 70.00 0.00039282
35.00 70.00 0.00053457
40.00 70.00 0.00062994
45.00 70.00 0.0006645
50.00 70.00 0.0006456
55.00 70.00 0.00060354
60.00 70.00 0.00058209
65.00 70.00 0.00062148
70.00 70.00 0.00074007
75.00 70.00 0.00092319
80.00 70.00 0.00112455
85.00 70.00 0.00128001
90.00 70.00 0.0013296
95.00 70.00 0.00123873
100.00 70.00 0.00101139
105.00 70.00 0.00069027
110.00 70.00 0.0003441
115.00 70.00 4.692e-05
120.00 70.00 -0.00014415
125.00 70.00 -0.0002049
130.00 70.00 -0.0001491
135.00 70.00 -2.13e-05
140.00 70.00 0.00011982
145.00 70.00 0.00022131
150.00 70.00 0.00025284
155.00 70.00 0.00021522
160.00 70.00 0.00013854
165.00 70.00 7.194e-05
170.00 70.00 6.738e-05
175.00 70.00 0.00016272
180.00 70.00 0.00036888
-180.00 75.00 0.00097266
-175.00 75.00 0.00119499
-170.00 75.00 0.00141144
-165.00 75.00 0.00159741
-160.00 75.00 0.00173169
-155.00 75.00 0.00180105
-150.00 75.00 0.00180255
-145.00 75.00 0.00174336
-140.00 75.00 0.00163836
-135.00 75.00 0.00150669
-130.00 75.00 0.00136791
-125.00 75.00 0.00123921
-120.00 75.00 0.00113367
-115.00 75.00 0.00105924
-110.00 75.00 0.00101859
-105.00 75.00 0.00100953
-100.00 75.00 0.00102588
-95.00 75.00 0.00105882
-90.00 75.00 0.00109851
-85.00 75.00 0.00113559
-80.00 75.00 0.00116214
-75.00 75.00 0.00117186
-70.00 75.00 0.00115968
-65.00 75.00 0.00112125
-60.00 75.00 0.00105258
-55.00 75.00 0.00095082
-50.00 75.00 0.00081528
-45.00 75.00 0.00064902
-40.00 75.00 0.00045966
-35.00 75.00 0.00025959
-30.00 75.00 6.474e-05
-25.00 75.00 -0.00010752
-20.00 75.00 -0.00024072
-15.00 75.00 -0.00032178
-10.00 75.00 -0.00034293
-5.00 75.00 -0.00030273
0.00 75.00 -0.00020631
5.00 75.00 -6.489e-05
10.00 75.00 0.00010536
15.00 75.00 0.00028479
20.00 75.00 0.00045222
25.00 75.00 0.0005874
30.00 75.00 0.00067395
35.00 75.00 0.00070242
40.00 75.00 0.00067317
45.00 75.00 0.00059754
50.00 75.00 0.00049713
55.00 75.00 0.00039984
60.00 75.00 0.00033393
65.00 75.00 0.00032073
70.00 75.00 0.0003687
75.00 75.00 0.00047022
80.00 75.00 0.00060306
85.00 75.00 0.00073578
90.00 75.00 0.00083607
95.00 75.00 0.00087939
100.00 75.00 0.00085518
105.00 75.00 0.00076896
110.00 75.00 0.00063993
115.00 75.00 0.00049473
120.00 75.00 0.00036
125.00 75.00 0.00025566
130.00 75.00 0.00019116
135.00 75.00 0.00016554
140.00 75.00 0.0001707
145.00 75.00 0.00019653
150.00 75.00 0.00023613
155.00 75.00 0.00028869
160.00 75.00 0.00035979
165.00 75.00 0.00045864
170.00 75.00 0.00059349
175.00 75.00 0.00076695
180.00 75.00 0.00097266
-180.00 80.00 0.00119634
-175.00 80.00 0.00127308
-170.00 80.00 0.00133551
-165.00 80.00 0.0013767
-160.00 80.00 0.00139146
-155.00 80.00 0.00137706
-150.00 80.00 0.0013338
-145.00 80.00 0.00126501
-140.00 80.00 0.00117654
-135.00 80.00 0.00107598
-130.00 80.00 0.00097158
-125.00 80.00 0.00087156
-120.00 80.00 0.00078288
-115.00 80.00 0.00071055
-110.00 80.00 0.00065736
-105.00 80.00 0.00062373
-100.00 80.00 0.00060792
-95.00 80.00 0.00060651
-90.00 80.00 0.00061455
-85.00 80.00 0.00062655
-80.00 80.00 0.00063696
-75.00 80.00 0.00064065
-70.00 80.00 0.00063324
-65.00 80.00 0.00061167
-60.00 80.00 0.00057438
-55.00 80.00 0.00052176
-50.00 80.00 0.00045597
-45.00 80.00 0.00038103
-40.00 80.00 0.00030261
-35.00 80.00 0.00022752
-30.00 80.00 0.00016314
-25.00 80.00 0.00011643
-20.00 80.00 9.333e-05
-15.00 80.00 9.777e-05
-10.00 80.00 0.00013113
-5.00 80.00 0.00019185
0.00 80.00 0.00027555
5.00 80.00 0.00037536
10.00 80.00 0.00048258
15.00 80.00 0.00058779
20.00 80.00 0.00068205
25.00 80.00 0.00075807
30.00 80.00 0.00081117
35.00 80.00 0.00084003
40.00 80.00 0.00084702
45.00 80.00 0.00083784
50.00 80.00 0.00082044
55.00 80.00 0.0008037
60.00 80.00 0.00079578
65.00 80.00 0.00080256
70.00 80.00 0.00082665
75.00 80.00 0.00086658
80.00 80.00 0.00091734
85.00 80.00 0.00097155
90.00 80.00 0.00102084
95.00 80.00 0.00105765
100.00 80.00 0.00107646
105.00 80.00 0.00107496
110.00 80.00 0.00105414
115.00 80.00 0.00101787
120.00 80.00 0.00097185
125.00 80.00 0.00092268
130.00 80.00 0.00087675
135.00 80.00 0.00083967
140.00 80.00 0.00081573
145.00 80.00 0.0008079
150.00 80.00 0.00081798
155.00 80.00 0.00084654
160.00 80.00 0.00089304
165.00 80.00 0.0009555
170.00 80.00 0.0010305
175.00 80.00 0.00111297
180.00 80.00 0.00119634
-180.00 85.00 0.00114972
-175.00 85.00 0.00113667
-170.00 85.00 0.0011205
-165.00 85.00 0.00110067
-160.00 85.00 0.00107655
-155.00 85.00 0.00104775
-150.00 85.00 0.00101442
-145.00 85.00 0.00097746
-140.00 85.00 0.00093807
-135.00 85.00 0.00089742
-130.00 85.00 0.00085635
-125.00 85.00 0.00081573
-120.00 85.00 0.00077655
-115.00 85.00 0.0007401
-110.00 85.00 0.00070752
-105.00 85.00 0.00067929
-100.00 85.00 0.00065535
-95.00 85.00 0.00063528
-90.00 85.00 0.00061875
-85.00 85.00 0.00060564
-80.00 85.00 0.00059577
-75.00 85.00 0.00058869
-70.00 85.00 0.00058359
-65.00 85.00 0.00057981
-60.00 85.00 0.00057711
-55.00 85.00 0.00057594
-50.00 85.00 0.00057684
-45.00 85.00 0.00058032
-40.00 85.00 0.00058662
-35.00 85.00 0.00059607
-30.00 85.00 0.00060921
-25.00 85.00 0.00062685
-20.00 85.00 0.00064965
-15.00 85.00 0.00067764
-10.00 85.00 0.00071028
-5.00 85.00 0.0007467
0.00 85.00 0.00078603
5.00 85.00 0.00082761
10.00 85.00 0.00087054
15.00 85.00 0.00091368
20.00 85.00 0.00095565
25.00 85.00 0.00099522
30.00 85.00 0.00103167
35.00 85.00 0.00106494
40.00 85.00 0.00109524
45.00 85.00 0.00112275
50.00 85.00 0.00114753
55.00 85.00 0.0011697
60.00 85.00 0.00118965
65.00 85.00 0.00120801
70.00 85.00 0.00122523
75.00 85.00 0.00124131
80.00 85.00 0.0012558
85.00 85.00 0.00126801
90.00 85.00 0.00127746
95.00 85.00 0.00128397
100.00 85.00 0.00128751
105.00 85.00 0.00128796
110.00 85.00 0.00128511
115.00 85.00 0.00127893
120.00 85.00 0.00126987
125.00 85.00 0.00125874
130.00 85.00 0.00124662
135.00 85.00 0.00123438
140.00 85.00 0.00122244
145.00 85.00 0.00121104
150.00 85.00 0.00120042
155.00 85.00 0.00119091
160.00 85.00 0.00118272
165.00 85.00 0.00117546
170.00 85.00 0.00116829
175.00 85.00 0.00116004
180.00 85.00 0.00114972
-180.00 90.00 0.00105573
-175.00 90.00 0.00105573
-170.00 90.00 0.00105573
-165.00 90.00 0.00105573
-160.00 90.00 0.00105573
-155.00 90.00 0.00105573
-150.00 90.00 0.00105573
-145.00 90.00 0.00105573
-140.00 90.00 0.00105573
-135.00 90.00 0.00105573
-130.00 90.00 0.00105573
-125.00 90.00 0.00105573
-120.00 90.00 0.00105573
-115.00 90.00 0.00105573
-110.00 90.00 0.00105573
-105.00 90.00 0.00105573
-100.00 90.00 0.00105573
-95.00 90.00 0.00105573
-90.00 90.00 0.00105573
-85.00 90.00 0.00105573
-80.00 90.00 0.00105573
-75.00 90.00 0.00105573
-70.00 90.00 0.00105573
-65.00 90.00 0.00105573
-60.00 90.00 0.00105573
-55.00 90.00 0.00105573
-50.00 90.00 0.00105573
-45.00 90.00 0.00105573
-40.00 90.00 0.00105573
-35.00 90.00 0.00105573
-30.00 90.00 0.00105573
-25.00 90.00 0.00105573
-20.00 90.00 0.00105573
-15.00 90.00 0.00105573
-10.00 90.00 0.00105573
-5.00 90.00 0.00105573
0.00 90.00 0.00105573
5.00 90.00 0.00105573
10.00 90.00 0.00105573
15.00 90.00 0.00105573
20.00 90.00 0.00105573
25.00 90.00 0.00105573
30.00 90.00 0.00105573
35.00 90.00 0.00105573
40.00 90.00 0.00105573
45.00 90.00 0.00105573
50.00 90.00 0.00105573
55.00 90.00 0.00105573
60.00 90.00 0.00105573
65.00 90.00 0.00105573
70.00 90.00 0.00105573
75.00 90.00 0.00105573
80.00 90.00 0.00105573
85.00 90.00 0.00105573
90.00 90.00 0.00105573
95.00 90.00 0.00105573
100.00 90.00 0.00105573
105.00 90.00 0.00105573
110.00 90.00 0.00105573
115.00 90.00 0.00105573
120.00 90.00 0.00105573
125.00 90.00 0.00105573
130.00 90.00 0.00105573
135.00 90.00 0.00105573
140.00 90.00 0.00105573
145.00 90.00 0.00105573
150.00 90.00 0.00105573
155.00 90.00 0.00105573
160.00 90.00 0.00105573
165.00 90.00 0.00105573
170.00 90.00 0.00105573
175.00 90.00 0.00105573
180.00 90.00 0.00105573
