-180.00 -90.00 4.4e-05
-175.00 -90.00 4.41e-05
-170.00 -90.00 4.41e-05
-165.00 -90.00 4.41e-05
-160.00 -90.00 4.41e-05
-155.00 -90.00 4.41e-05
-150.00 -90.00 4.4e-05
-145.00 -90.00 4.39e-05
-140.00 -90.00 4.38e-05
-135.00 -90.00 4.37e-05
-130.00 -90.00 4.36e-05
-125.00 -90.00 4.34e-05
-120.00 -90.00 4.33e-05
-115.00 -90.00 4.31e-05
-110.00 -90.00 4.3e-05
-105.00 -90.00 4.28e-05
-100.00 -90.00 4.27e-05
-95.00 -90.00 4.26e-05
-90.00 -90.00 4.25e-05
-85.00 -90.00 4.24e-05
-80.00 -90.00 4.24e-05
-75.00 -90.00 4.24e-05
-70.00 -90.00 4.24e-05
-65.00 -90.00 4.24e-05
-60.00 -90.00 4.25e-05
-55.00 -90.00 4.26e-05
-50.00 -90.00 4.27e-05
-45.00 -90.00 4.28e-05
-40.00 -90.00 4.3e-05
-35.00 -90.00 4.31e-05
-30.00 -90.00 4.33e-05
-25.00 -90.00 4.34e-05
-20.00 -90.00 4.35e-05
-15.00 -90.00 4.37e-05
-10.00 -90.00 4.38e-05
-5.00 -90.00 4.39e-05
0.00 -90.00 4.4e-05
5.00 -90.00 4.41e-05
10.00 -90.00 4.41e-05
15.00 -90.00 4.41e-05
20.00 -90.00 4.41e-05
25.00 -90.00 4.41e-05
30.00 -90.00 4.4e-05
35.00 -90.00 4.39e-05
40.00 -90.00 4.38e-05
45.00 -90.00 4.37e-05
50.00 -90.00 4.36e-05
55.00 -90.00 4.34e-05
60.00 -90.00 4.33e-05
65.00 -90.00 4.31e-05
70.00 -90.00 4.3e-05
75.00 -90.00 4.28e-05
80.00 -90.00 4.27e-05
85.00 -90.00 4.26e-05
90.00 -90.00 4.25e-05
95.00 -90.00 4.25e-05
100.00 -90.00 4.24e-05
105.00 -90.00 4.24e-05
110.00 -90.00 4.24e-05
115.00 -90.00 4.24e-05
120.00 -90.00 4.25e-05
125.00 -90.00 4.26e-05
130.00 -90.00 4.27e-05
135.00 -90.00 4.28e-05
140.00 -90.00 4.3e-05
145.00 -90.00 4.31e-05
150.00 -90.00 4.33e-05
155.00 -90.00 4.34e-05
160.00 -90.00 4.35e-05
165.00 -90.00 4.37e-05
170.00 -90.00 4.38e-05
175.00 -90.00 4.39e-05
180.00 -90.00 4.4e-05
-180.00 -85.00 -0.0010794
-175.00 -85.00 -0.0010842
-170.00 -85.00 -0.0010978
-165.00 -85.00 -0.001123
-160.00 -85.00 -0.0011627
-155.00 -85.00 -0.0012189
-150.00 -85.00 -0.001293
-145.00 -85.00 -0.0013854
-140.00 -85.00 -0.0014957
-135.00 -85.00 -0.001623
-130.00 -85.00 -0.001765
-125.00 -85.00 -0.001918
-120.00 -85.00 -0.0020765
-115.00 -85.00 -0.0022345
-110.00 -85.00 -0.0023855
-105.00 -85.00 -0.0025227
-100.00 -85.00 -0.0026393
-95.00 -85.00 -0.002729
-90.00 -85.00 -0.0027861
-85.00 -85.00 -0.0028069
-80.00 -85.00 -0.0027891
-75.00 -85.00 -0.0027318
-70.00 -85.00 -0.0026353
-65.00 -85.00 -0.0025012
-60.00 -85.00 -0.0023317
-55.00 -85.00 -0.0021304
-50.00 -85.00 -0.0019012
-45.00 -85.00 -0.0016487
-40.00 -85.00 -0.0013779
-35.00 -85.00 -0.0010942
-30.00 -85.00 -0.0008034
-25.00 -85.00 -0.0005118
-20.00 -85.00 -0.000226
-15.00 -85.00 4.75e-05
-10.00 -85.00 0.0003023
-5.00 -85.00 0.0005332
0.00 -85.00 0.0007357
5.00 -85.00 0.0009068
10.00 -85.00 0.0010444
15.00 -85.00 0.0011477
20.00 -85.00 0.0012172
25.00 -85.00 0.0012547
30.00 -85.00 0.0012628
35.00 -85.00 0.0012443
40.00 -85.00 0.0012018
45.00 -85.00 0.0011379
50.00 -85.00 0.0010553
55.00 -85.00 0.0009566
60.00 -85.00 0.0008446
65.00 -85.00 0.0007213
70.00 -85.00 0.0005887
75.00 -85.00 0.0004489
80.00 -85.00 0.0003044
85.00 -85.00 0.0001577
90.00 -85.00 1.15e-05
95.00 -85.00 -0.0001322
100.00 -85.00 -0.0002711
105.00 -85.00 -0.0004033
110.00 -85.00 -0.0005267
115.00 -85.00 -0.0006395
120.00 -85.00 -0.0007407
125.00 -85.00 -0.0008292
130.00 -85.00 -0.0009044
135.00 -85.00 -0.0009659
140.00 -85.00 -0.0010138
145.00 -85.00 -0.0010488
150.00 -85.00 -0.0010722
155.00 -85.00 -0.0010854
160.00 -85.00 -0.0010902
165.00 -85.00 -0.001089
170.00 -85.00 -0.0010847
175.00 -85.00 -0.0010804
180.00 -85.00 -0.0010794
-180.00 -80.00 -0.0022256
-175.00 -80.00 -0.0020731
-170.00 -80.00 -0.0019449
-165.00 -80.00 -0.0018485
-160.00 -80.00 -0.0017827
-155.00 -80.00 -0.0017477
-150.00 -80.00 -0.0017554
-145.00 -80.00 -0.0018226
-140.00 -80.00 -0.0019597
-135.00 -80.00 -0.0021739
-130.00 -80.00 -0.0024761
-125.00 -80.00 -0.0028735
-120.00 -80.00 -0.0033537
-115.00 -80.00 -0.0038843
-110.00 -80.00 -0.0044266
-105.00 -80.00 -0.0049407
-100.00 -80.00 -0.0053807
-95.00 -80.00 -0.0056995
-90.00 -80.00 -0.0058688
-85.00 -80.00 -0.0058886
-80.00 -80.00 -0.005777
-75.00 -80.00 -0.0055593
-70.00 -80.00 -0.0052703
-65.00 -80.00 -0.0049542
-60.00 -80.00 -0.0046474
-55.00 -80.00 -0.0043624
-50.00 -80.00 -0.0040924
-45.00 -80.00 -0.003825
-40.00 -80.00 -0.003544
-35.00 -80.00 -0.0032249
-30.00 -80.00 -0.0028446
-25.00 -80.00 -0.0023996
-20.00 -80.00 -0.0019076
-15.00 -80.00 -0.0013939
-10.00 -80.00 -0.0008839
-5.00 -80.00 -0.0004086
0.00 -80.00 -2.6e-06
5.00 -80.00 0.0003127
10.00 -80.00 0.0005378
15.00 -80.00 0.000685
20.00 -80.00 0.0007668
25.00 -80.00 0.0007994
30.00 -80.00 0.0008076
35.00 -80.00 0.0008125
40.00 -80.00 0.0008182
45.00 -80.00 0.0008159
50.00 -80.00 0.0007969
55.00 -80.00 0.0007533
60.00 -80.00 0.0006696
65.00 -80.00 0.0005272
70.00 -80.00 0.0003197
75.00 -80.00 5.54e-05
80.00 -80.00 -0.000255
85.00 -80.00 -0.0006034
90.00 -80.00 -0.0009758
95.00 -80.00 -0.0013497
100.00 -80.00 -0.0017061
105.00 -80.00 -0.0020385
110.00 -80.00 -0.0023432
115.00 -80.00 -0.0026107
120.00 -80.00 -0.0028321
125.00 -80.00 -0.0030077
130.00 -80.00 -0.0031408
135.00 -80.00 -0.0032268
140.00 -80.00 -0.003258
145.00 -80.00 -0.0032354
150.00 -80.00 -0.0031679
155.00 -80.00 -0.0030612
160.00 -80.00 -0.0029174
165.00 -80.00 -0.0027463
170.00 -80.00 -0.0025664
175.00 -80.00 -0.0023915
180.00 -80.00 -0.0022256
-180.00 -75.00 -0.002209
-175.00 -75.00 -0.0021101
-170.00 -75.00 -0.0021014
-165.00 -75.00 -0.0021469
-160.00 -75.00 -0.0022027
-155.00 -75.00 -0.0022292
-150.00 -75.00 -0.0022019
-145.00 -75.00 -0.0021224
-140.00 -75.00 -0.002026
-135.00 -75.00 -0.0019824
-130.00 -75.00 -0.0020809
-125.00 -75.00 -0.0024048
-120.00 -75.00 -0.0029994
-115.00 -75.00 -0.0038453
-110.00 -75.00 -0.0048438
-105.00 -75.00 -0.0058281
-100.00 -75.00 -0.006599
-95.00 -75.00 -0.0069744
-90.00 -75.00 -0.0068404
-85.00 -75.00 -0.0061892
-80.00 -75.00 -0.0051305
-75.00 -75.00 -0.0038699
-70.00 -75.00 -0.0026605
-65.00 -75.00 -0.001742
-60.00 -75.00 -0.0012826
-55.00 -75.00 -0.0013404
-50.00 -75.00 -0.0018547
-45.00 -75.00 -0.0026687
-40.00 -75.00 -0.0035735
-35.00 -75.00 -0.0043608
-30.00 -75.00 -0.0048706
-25.00 -75.00 -0.0050223
-20.00 -75.00 -0.0048227
-15.00 -75.00 -0.0043528
-10.00 -75.00 -0.003739
-5.00 -75.00 -0.0031166
0.00 -75.00 -0.0025953
5.00 -75.00 -0.0022346
10.00 -75.00 -0.0020355
15.00 -75.00 -0.001947
20.00 -75.00 -0.0018861
25.00 -75.00 -0.0017643
30.00 -75.00 -0.0015128
35.00 -75.00 -0.0011009
40.00 -75.00 -0.0005443
45.00 -75.00 9.75e-05
50.00 -75.00 0.0007348
55.00 -75.00 0.0012658
60.00 -75.00 0.0015982
65.00 -75.00 0.0016678
70.00 -75.00 0.0014524
75.00 -75.00 0.000974
80.00 -75.00 0.0002909
85.00 -75.00 -0.0005166
90.00 -75.00 -0.0013647
95.00 -75.00 -0.0021829
100.00 -75.00 -0.0029237
105.00 -75.00 -0.0035617
110.00 -75.00 -0.0040897
115.00 -75.00 -0.0045106
120.00 -75.00 -0.0048297
125.00 -75.00 -0.0050483
130.00 -75.00 -0.0051634
135.00 -75.00 -0.005169
140.00 -75.00 -0.0050589
145.00 -75.00 -0.0048314
150.00 -75.00 -0.004496
155.00 -75.00 -0.0040773
160.00 -75.00 -0.0036131
165.00 -75.00 -0.0031509
170.00 -75.00 -0.0027396
175.00 -75.00 -0.0024187
180.00 -75.00 -0.002209
-180.00 -70.00 -0.0012382
-175.00 -70.00 -0.0014311
-170.00 -70.00 -0.0017414
-165.00 -70.00 -0.0021117
-160.00 -70.00 -0.0024924
-155.00 -70.00 -0.0028243
-150.00 -70.00 -0.0030247
-145.00 -70.00 -0.0030043
-140.00 -70.00 -0.0027166
-135.00 -70.00 -0.0022158
-130.00 -70.00 -0.0016821
-125.00 -70.00 -0.0013835
-120.00 -70.00 -0.0015796
-115.00 -70.00 -0.002404
-110.00 -70.00 -0.0037784
-105.00 -70.00 -0.0053994
-100.00 -70.00 -0.0068079
-95.00 -70.00 -0.0075196
-90.00 -70.00 -0.0071776
-85.00 -70.00 -0.0056762
-80.00 -70.00 -0.003218
-75.00 -70.00 -0.0002785
-70.00 -70.00 0.002515
-65.00 -70.00 0.0045551
-60.00 -70.00 0.0054206
-55.00 -70.00 0.0049815
-50.00 -70.00 0.0034101
-45.00 -70.00 0.0011054
-40.00 -70.00 -0.0014339
-35.00 -70.00 -0.0037414
-30.00 -70.00 -0.0054807
-25.00 -70.00 -0.006494
-20.00 -70.00 -0.0068021
-15.00 -70.00 -0.0065667
-10.00 -70.00 -0.0060305
-5.00 -70.00 -0.0054456
0.00 -70.00 -0.0050072
5.00 -70.00 -0.0048072
10.00 -70.00 -0.0048204
15.00 -70.00 -0.0049271
20.00 -70.00 -0.0049624
25.00 -70.00 -0.0047737
30.00 -70.00 -0.004266
35.00 -70.00 -0.0034238
40.00 -70.00 -0.0023097
45.00 -70.00 -0.0010484
50.00 -70.00 0.0001936
55.00 -70.00 0.0012325
60.00 -70.00 0.0018975
65.00 -70.00 0.0020675
70.00 -70.00 0.0017057
75.00 -70.00 0.0008763
80.00 -70.00 -0.0002715
85.00 -70.00 -0.0015495
90.00 -70.00 -0.0027885
95.00 -70.00 -0.0038799
100.00 -70.00 -0.0047839
105.00 -70.00 -0.0055058
110.00 -70.00 -0.0060597
115.00 -70.00 -0.0064454
120.00 -70.00 -0.006647
125.00 -70.00 -0.0066483
130.00 -70.00 -0.0064489
135.00 -70.00 -0.0060674
140.00 -70.00 -0.0055326
145.00 -70.00 -0.0048745
150.00 -70.00 -0.0041255
155.00 -70.00 -0.003332
160.00 -70.00 -0.002564
165.00 -70.00 -0.0019093
170.00 -70.00 -0.001449
175.00 -70.00 -0.0012277
180.00 -70.00 -0.0012382
-180.00 -65.00 -0.0022129
-175.00 -65.00 -0.0026771
-170.00 -65.00 -0.0027536
-165.00 -65.00 -0.0025009
-160.00 -65.00 -0.0022048
-155.00 -65.00 -0.0021758
-150.00 -65.00 -0.0025068
-145.00 -65.00 -0.0029759
-140.00 -65.00 -0.0031781
-135.00 -65.00 -0.0028037
-130.00 -65.00 -0.0018703
-125.00 -65.00 -0.0007526
-120.00 -65.00 2.3e-06
-115.00 -65.00 -4.91e-05
-110.00 -65.00 -0.0010405
-105.00 -65.00 -0.0027421
-100.00 -65.00 -0.004644
-95.00 -65.00 -0.0061098
-90.00 -65.00 -0.0065551
-85.00 -65.00 -0.0056279
-80.00 -65.00 -0.0033575
-75.00 -65.00 -0.000202
-70.00 -65.00 0.0030646
-65.00 -65.00 0.0056144
-60.00 -65.00 0.0068604
-55.00 -65.00 0.0066386
-50.00 -65.00 0.0051955
-45.00 -65.00 0.0030169
-40.00 -65.00 0.0006166
-35.00 -65.00 -0.0016073
-30.00 -65.00 -0.0034133
-25.00 -65.00 -0.0046911
-20.00 -65.00 -0.0054291
-15.00 -65.00 -0.0057007
-10.00 -65.00 -0.0056572
-5.00 -65.00 -0.0054981
0.00 -65.00 -0.0054097
5.00 -65.00 -0.0054934
10.00 -65.00 -0.0057252
15.00 -65.00 -0.0059771
20.00 -65.00 -0.0060902
25.00 -65.00 -0.0059589
30.00 -65.00 -0.0055741
35.00 -65.00 -0.005002
40.00 -65.00 -0.0043224
45.00 -65.00 -0.0035824
50.00 -65.00 -0.0028054
55.00 -65.00 -0.0020473
60.00 -65.00 -0.0014398
65.00 -65.00 -0.0011648
70.00 -65.00 -0.0013552
75.00 -65.00 -0.0019907
80.00 -65.00 -0.0028787
85.00 -65.00 -0.0037507
90.00 -65.00 -0.0044181
95.00 -65.00 -0.0048741
100.00 -65.00 -0.0052617
105.00 -65.00 -0.0057324
110.00 -65.00 -0.0062977
115.00 -65.00 -0.0067863
120.00 -65.00 -0.0069396
125.00 -65.00 -0.006577
130.00 -65.00 -0.0057153
135.00 -65.00 -0.0045618
140.00 -65.00 -0.0033913
145.00 -65.00 -0.0024025
150.00 -65.00 -0.0016546
155.00 -65.00 -0.0011196
160.00 -65.00 -0.0007877
165.00 -65.00 -0.0007192
170.00 -65.00 -0.000986
175.00 -65.00 -0.0015521
180.00 -65.00 -0.0022129
-180.00 -60.00 -0.005031
-175.00 -60.00 -0.005995
-170.00 -60.00 -0.0054734
-165.00 -60.00 -0.0035827
-160.00 -60.00 -0.0013012
-155.00 -60.00 0.0001211
-150.00 -60.00 -9.7e-06
-145.00 -60.00 -0.0013891
-140.00 -60.00 -0.002977
-135.00 -60.00 -0.0037337
-130.00 -60.00 -0.0032611
-125.00 -60.00 -0.0019103
-120.00 -60.00 -0.0003825
-115.00 -60.00 0.0007647
-110.00 -60.00 0.0013127
-105.00 -60.00 0.0012423
-100.00 -60.00 0.0005556
-95.00 -60.00 -0.0006834
-90.00 -60.00 -0.002154
-85.00 -60.00 -0.0032395
-80.00 -60.00 -0.0033202
-75.00 -60.00 -0.0022094
-70.00 -60.00 -0.0003379
-65.00 -60.00 0.0015077
-60.00 -60.00 0.0026868
-55.00 -60.00 0.0030367
-50.00 -60.00 0.002806
-45.00 -60.00 0.002322
-40.00 -60.00 0.0017162
-35.00 -60.00 0.0009152
-30.00 -60.00 -0.0001672
-25.00 -60.00 -0.0014522
-20.00 -60.00 -0.0026906
-15.00 -60.00 -0.0036113
-10.00 -60.00 -0.0040914
-5.00 -60.00 -0.0042201
0.00 -60.00 -0.0042247
5.00 -60.00 -0.0043182
10.00 -60.00 -0.0045716
15.00 -60.00 -0.0048921
20.00 -60.00 -0.0051216
25.00 -60.00 -0.0051848
30.00 -60.00 -0.0051705
35.00 -60.00 -0.0052687
40.00 -60.00 -0.0055936
45.00 -60.00 -0.0060377
50.00 -60.00 -0.0063001
55.00 -60.00 -0.0061055
60.00 -60.00 -0.005449
65.00 -60.00 -0.004646
70.00 -60.00 -0.0041041
75.00 -60.00 -0.0039829
80.00 -60.00 -0.0040407
85.00 -60.00 -0.0038313
90.00 -60.00 -0.0031143
95.00 -60.00 -0.0021294
100.00 -60.00 -0.0014804
105.00 -60.00 -0.0016916
110.00 -60.00 -0.0027722
115.00 -60.00 -0.0041251
120.00 -60.00 -0.0048802
125.00 -60.00 -0.004431
130.00 -60.00 -0.0028178
135.00 -60.00 -0.0007042
140.00 -60.00 0.0010371
145.00 -60.00 0.001848
150.00 -60.00 0.0017507
155.00 -60.00 0.0011701
160.00 -60.00 0.0004791
165.00 -60.00 -0.0003309
170.00 -60.00 -0.0015429
175.00 -60.00 -0.0032586
180.00 -60.00 -0.005031
-180.00 -55.00 -0.0046848
-175.00 -55.00 -0.0067412
-170.00 -55.00 -0.0066398
-165.00 -55.00 -0.0040714
-160.00 -55.00 -0.000511
-155.00 -55.00 0.0018225
-150.00 -55.00 0.0015913
-145.00 -55.00 -0.0007749
-140.00 -55.00 -0.003577
-135.00 -55.00 -0.0052116
-130.00 -55.00 -0.0052323
-125.00 -55.00 -0.0042903
-120.00 -55.00 -0.003173
-115.00 -55.00 -0.0019688
-110.00 -55.00 -0.0002078
-105.00 -55.00 0.0022204
-100.00 -55.00 0.004449
-95.00 -55.00 0.0051311
-90.00 -55.00 0.0036696
-85.00 -55.00 0.0009278
-80.00 -55.00 -0.0013619
-75.00 -55.00 -0.0019592
-70.00 -55.00 -0.0009576
-65.00 -55.00 0.0005867
-60.00 -55.00 0.0017108
-55.00 -55.00 0.0022105
-50.00 -55.00 0.0024281
-45.00 -55.00 0.0026099
-40.00 -55.00 0.0025819
-35.00 -55.00 0.0019929
-30.00 -55.00 0.0007561
-25.00 -55.00 -0.0007946
-20.00 -55.00 -0.0021343
-15.00 -55.00 -0.0028928
-10.00 -55.00 -0.0030248
-5.00 -55.00 -0.0027524
0.00 -55.00 -0.0024108
5.00 -55.00 -0.0023061
10.00 -55.00 -0.0026047
15.00 -55.00 -0.0032565
20.00 -55.00 -0.0040147
25.00 -55.00 -0.0045939
30.00 -55.00 -0.0048898
35.00 -55.00 -0.0050682
40.00 -55.00 -0.005399
45.00 -55.00 -0.005942
50.00 -55.00 -0.0063843
55.00 -55.00 -0.0062505
60.00 -55.00 -0.0053582
65.00 -55.00 -0.0040855
70.00 -55.00 -0.0031098
75.00 -55.00 -0.0027774
80.00 -55.00 -0.0027009
85.00 -55.00 -0.0020479
90.00 -55.00 -0.000335
95.00 -55.00 0.0019895
100.00 -55.00 0.0037404
105.00 -55.00 0.0038369
110.00 -55.00 0.0021164
115.00 -55.00 -0.0004816
120.00 -55.00 -0.0024548
125.00 -55.00 -0.0026333
130.00 -55.00 -0.0008997
135.00 -55.00 0.0016982
140.00 -55.00 0.0035836
145.00 -55.00 0.0037045
150.00 -55.00 0.0022692
155.00 -55.00 0.0005146
160.00 -55.00 -0.0003976
165.00 -55.00 -0.0004299
170.00 -55.00 -0.0006599
175.00 -55.00 -0.0021429
180.00 -55.00 -0.0046848
-180.00 -50.00 -8.55e-05
-175.00 -50.00 -0.0031851
-170.00 -50.00 -0.0045443
-165.00 -50.00 -0.0031394
-160.00 -50.00 -0.0004107
-155.00 -50.00 0.0011771
-150.00 -50.00 0.0002774
-145.00 -50.00 -0.0023782
-140.00 -50.00 -0.0048238
-135.00 -50.00 -0.0056131
-130.00 -50.00 -0.0049628
-125.00 -50.00 -0.0043114
-120.00 -50.00 -0.0046639
-115.00 -50.00 -0.0053139
-110.00 -50.00 -0.0044042
-105.00 -50.00 -0.0010107
-100.00 -50.00 0.0033989
-95.00 -50.00 0.0059347
-90.00 -50.00 0.0049502
-85.00 -50.00 0.0016763
-80.00 -50.00 -0.0009201
-75.00 -50.00 -0.0008329
-70.00 -50.00 0.0014891
-65.00 -50.00 0.0040864
-60.00 -50.00 0.0054836
-55.00 -50.00 0.0056051
-50.00 -50.00 0.0050906
-45.00 -50.00 0.0042526
-40.00 -50.00 0.0029238
-35.00 -50.00 0.0010892
-30.00 -50.00 -0.0007111
-25.00 -50.00 -0.0017657
-20.00 -50.00 -0.0018771
-15.00 -50.00 -0.0015213
-10.00 -50.00 -0.0013175
-5.00 -50.00 -0.0014389
0.00 -50.00 -0.0016087
5.00 -50.00 -0.0016116
10.00 -50.00 -0.0016762
15.00 -50.00 -0.0022709
20.00 -50.00 -0.0035384
25.00 -50.00 -0.0049992
30.00 -50.00 -0.0058777
35.00 -50.00 -0.0057652
40.00 -50.00 -0.0049744
45.00 -50.00 -0.0042167
50.00 -50.00 -0.0039052
55.00 -50.00 -0.003795
60.00 -50.00 -0.0033643
65.00 -50.00 -0.0025227
70.00 -50.00 -0.0017974
75.00 -50.00 -0.0016961
80.00 -50.00 -0.0019503
85.00 -50.00 -0.001599
90.00 -50.00 5.84e-05
95.00 -50.00 0.002638
100.00 -50.00 0.0048494
105.00 -50.00 0.0054537
110.00 -50.00 0.0040768
115.00 -50.00 0.0013499
120.00 -50.00 -0.0014435
125.00 -50.00 -0.0029351
130.00 -50.00 -0.0024068
135.00 -50.00 -0.0004474
140.00 -50.00 0.0011691
145.00 -50.00 0.0007682
150.00 -50.00 -0.0016288
155.00 -50.00 -0.00403
160.00 -50.00 -0.0041574
165.00 -50.00 -0.0016789
170.00 -50.00 0.0012805
175.00 -50.00 0.0020448
180.00 -50.00 -8.54e-05
-180.00 -45.00 0.0029099
-175.00 -45.00 -0.0002712
-170.00 -45.00 -0.0021073
-165.00 -45.00 -0.0016589
-160.00 -45.00 -0.000396
-155.00 -45.00 -0.0001776
-150.00 -45.00 -0.0014386
-145.00 -45.00 -0.0031411
-140.00 -45.00 -0.0039211
-135.00 -45.00 -0.003218
-130.00 -45.00 -0.0017834
-125.00 -45.00 -0.0012742
-120.00 -45.00 -0.0028108
-115.00 -45.00 -0.0054613
-110.00 -45.00 -0.0065496
-105.00 -45.00 -0.004247
-100.00 -45.00 8.99e-05
-95.00 -45.00 0.0028647
-90.00 -45.00 0.0019024
-85.00 -45.00 -0.0012412
-80.00 -45.00 -0.0030151
-75.00 -45.00 -0.0015716
-70.00 -45.00 0.0017693
-65.00 -45.00 0.0044827
-60.00 -45.00 0.0054302
-55.00 -45.00 0.0052032
-50.00 -45.00 0.0045641
-45.00 -45.00 0.0034191
-40.00 -45.00 0.001493
-35.00 -45.00 -0.0005573
-30.00 -45.00 -0.0013317
-25.00 -45.00 -0.000156
-20.00 -45.00 0.001881
-15.00 -45.00 0.0026823
-10.00 -45.00 0.0010899
-5.00 -45.00 -0.00194
0.00 -45.00 -0.0041824
5.00 -45.00 -0.0042047
10.00 -45.00 -0.0026366
15.00 -45.00 -0.0014871
20.00 -45.00 -0.0022576
25.00 -45.00 -0.0046298
30.00 -45.00 -0.0068263
35.00 -45.00 -0.0072089
40.00 -45.00 -0.0056755
45.00 -45.00 -0.0036632
50.00 -45.00 -0.0027841
55.00 -45.00 -0.0033696
60.00 -45.00 -0.004331
65.00 -45.00 -0.0044355
70.00 -45.00 -0.0035625
75.00 -45.00 -0.0025539
80.00 -45.00 -0.0020068
85.00 -45.00 -0.0016182
90.00 -45.00 -0.0008044
95.00 -45.00 0.0004445
100.00 -45.00 0.001626
105.00 -45.00 0.0023339
110.00 -45.00 0.0023553
115.00 -45.00 0.0013551
120.00 -45.00 -0.0008538
125.00 -45.00 -0.0035031
130.00 -45.00 -0.0049516
135.00 -45.00 -0.0042721
140.00 -45.00 -0.0026615
145.00 -45.00 -0.0025474
150.00 -45.00 -0.0048546
155.00 -45.00 -0.0075006
160.00 -45.00 -0.0072433
165.00 -45.00 -0.0031853
170.00 -45.00 0.0019554
175.00 -45.00 0.0043903
180.00 -45.00 0.00291
-180.00 -40.00 0.0013709
-175.00 -40.00 -0.0012318
-170.00 -40.00 -0.001465
-165.00 -40.00 -9.4e-05
-160.00 -40.00 0.0005584
-155.00 -40.00 -0.0002549
-150.00 -40.00 -0.0012688
-145.00 -40.00 -0.0013422
-140.00 -40.00 -0.0007429
-135.00 -40.00 -0.0001972
-130.00 -40.00 0.0001125
-125.00 -40.00 -1.92e-05
-120.00 -40.00 -0.0013269
-115.00 -40.00 -0.0038401
-110.00 -40.00 -0.005734
-105.00 -40.00 -0.0049185
-100.00 -40.00 -0.0019012
-95.00 -40.00 0.0002905
-90.00 -40.00 -0.0003572
-85.00 -40.00 -0.002442
-80.00 -40.00 -0.0031264
-75.00 -40.00 -0.0017072
-70.00 -40.00 -3.66e-05
-65.00 -40.00 0.0002754
-60.00 -40.00 -0.0002658
-55.00 -40.00 -0.0003229
-50.00 -40.00 0.0001355
-45.00 -40.00 -8.77e-05
-40.00 -40.00 -0.0014165
-35.00 -40.00 -0.0023895
-30.00 -40.00 -0.0010325
-25.00 -40.00 0.0027023
-20.00 -40.00 0.0061643
-15.00 -40.00 0.0060439
-10.00 -40.00 0.0015019
-5.00 -40.00 -0.0046768
0.00 -40.00 -0.0082605
5.00 -40.00 -0.0071718
10.00 -40.00 -0.0031357
15.00 -40.00 5.06e-05
20.00 -40.00 -0.0001946
25.00 -40.00 -0.0033884
30.00 -40.00 -0.0068397
35.00 -40.00 -0.0080575
40.00 -40.00 -0.0066506
45.00 -40.00 -0.0044091
50.00 -40.00 -0.003626
55.00 -40.00 -0.004991
60.00 -40.00 -0.006941
65.00 -40.00 -0.007245
70.00 -40.00 -0.0052727
75.00 -40.00 -0.0024501
80.00 -40.00 -0.0005304
85.00 -40.00 2.22e-05
90.00 -40.00 -0.0002354
95.00 -40.00 -0.0008036
100.00 -40.00 -0.0013348
105.00 -40.00 -0.0012118
110.00 -40.00 -0.0001449
115.00 -40.00 0.000816
120.00 -40.00 -2.8e-05
125.00 -40.00 -0.0027858
130.00 -40.00 -0.0052
135.00 -40.00 -0.0049854
140.00 -40.00 -0.0026998
145.00 -40.00 -0.0013332
150.00 -40.00 -0.0027067
155.00 -40.00 -0.0050049
160.00 -40.00 -0.0047427
165.00 -40.00 -0.0010439
170.00 -40.00 0.0030204
175.00 -40.00 0.0038518
180.00 -40.00 0.0013709
-180.00 -35.00 -0.0012855
-175.00 -35.00 -0.0034517
-170.00 -35.00 -0.0013839
-165.00 -35.00 0.0015077
-160.00 -35.00 0.0016184
-155.00 -35.00 -0.0004824
-150.00 -35.00 -0.0015855
-145.00 -35.00 -0.0005845
-140.00 -35.00 0.000344
-135.00 -35.00 -0.0006759
-130.00 -35.00 -0.0025317
-125.00 -35.00 -0.0031766
-120.00 -35.00 -0.0028254
-115.00 -35.00 -0.0031924
-110.00 -35.00 -0.0043021
-105.00 -35.00 -0.004314
-100.00 -35.00 -0.0026204
-95.00 -35.00 -0.0009611
-90.00 -35.00 -0.0007055
-85.00 -35.00 -0.0008896
-80.00 -35.00 -0.0001877
-75.00 -35.00 0.0006454
-70.00 -35.00 -2.81e-05
-65.00 -35.00 -0.0019087
-60.00 -35.00 -0.0029228
-55.00 -35.00 -0.0021558
-50.00 -35.00 -0.0011576
-45.00 -35.00 -0.0018195
-40.00 -35.00 -0.0037981
-35.00 -35.00 -0.0046831
-30.00 -35.00 -0.0025396
-25.00 -35.00 0.0018841
-20.00 -35.00 0.0053419
-15.00 -35.00 0.0046729
-10.00 -35.00 -0.0002115
-5.00 -35.00 -0.0057496
0.00 -35.00 -0.0076362
5.00 -35.00 -0.0047624
10.00 -35.00 -0.0002122
15.00 -35.00 0.0017823
20.00 -35.00 -0.0002863
25.00 -35.00 -0.0043748
30.00 -35.00 -0.0073701
35.00 -35.00 -0.0078095
40.00 -35.00 -0.0064259
45.00 -35.00 -0.004958
50.00 -35.00 -0.0047844
55.00 -35.00 -0.0059883
60.00 -35.00 -0.007117
65.00 -35.00 -0.0063222
70.00 -35.00 -0.0033898
75.00 -35.00 -0.0002673
80.00 -35.00 0.0010221
85.00 -35.00 0.000507
90.00 -35.00 -0.0003665
95.00 -35.00 -0.0008072
100.00 -35.00 -0.0010077
105.00 -35.00 -0.0009312
110.00 -35.00 -0.0002746
115.00 -35.00 0.0003297
120.00 -35.00 -0.0004485
125.00 -35.00 -0.0025997
130.00 -35.00 -0.004046
135.00 -35.00 -0.0029088
140.00 -35.00 -4.85e-05
145.00 -35.00 0.0016977
150.00 -35.00 0.0010226
155.00 -35.00 7e-07
160.00 -35.00 0.0014897
165.00 -35.00 0.0049925
170.00 -35.00 0.0065796
175.00 -35.00 0.0036734
180.00 -35.00 -0.0012855
-180.00 -30.00 -0.0036908
-175.00 -30.00 -0.0053323
-170.00 -30.00 -0.0020044
-165.00 -30.00 0.0011329
-160.00 -30.00 0.0002587
-155.00 -30.00 -0.0029038
-150.00 -30.00 -0.0043498
-145.00 -30.00 -0.0033758
-140.00 -30.00 -0.0029341
-135.00 -30.00 -0.0048725
-130.00 -30.00 -0.0071291
-125.00 -30.00 -0.0068156
-120.00 -30.00 -0.0043934
-115.00 -30.00 -0.0026893
-110.00 -30.00 -0.0026591
-105.00 -30.00 -0.0026681
-100.00 -30.00 -0.0017829
-95.00 -30.00 -0.0010408
-90.00 -30.00 -0.0009419
-85.00 -30.00 -0.0003245
-80.00 -30.00 0.0011728
-75.00 -30.00 0.0018605
-70.00 -30.00 0.0007202
-65.00 -30.00 -0.0005056
-60.00 -30.00 0.0002316
-55.00 -30.00 0.002004
-50.00 -30.00 0.001965
-45.00 -30.00 -0.0008707
-40.00 -30.00 -0.0044375
-35.00 -30.00 -0.0059926
-30.00 -30.00 -0.0045617
-25.00 -30.00 -0.0012938
-20.00 -30.00 0.0014921
-15.00 -30.00 0.0017603
-10.00 -30.00 -0.0004957
-5.00 -30.00 -0.0026924
0.00 -30.00 -0.0019129
5.00 -30.00 0.0016452
10.00 -30.00 0.0042097
15.00 -30.00 0.0022933
20.00 -30.00 -0.0032805
25.00 -30.00 -0.0081132
30.00 -30.00 -0.0090089
35.00 -30.00 -0.0070135
40.00 -30.00 -0.0053278
45.00 -30.00 -0.0054025
50.00 -30.00 -0.0061744
55.00 -30.00 -0.0061998
60.00 -30.00 -0.0049533
65.00 -30.00 -0.0025326
70.00 -30.00 0.000202
75.00 -30.00 0.0014194
80.00 -30.00 1.71e-05
85.00 -30.00 -0.0024364
90.00 -30.00 -0.0030529
95.00 -30.00 -0.0010127
100.00 -30.00 0.0017545
105.00 -30.00 0.0031289
110.00 -30.00 0.0025902
115.00 -30.00 0.0006387
120.00 -30.00 -0.0018991
125.00 -30.00 -0.0037097
130.00 -30.00 -0.0035027
135.00 -30.00 -0.0013941
140.00 -30.00 0.0007831
145.00 -30.00 0.0012055
150.00 -30.00 0.0002592
155.00 -30.00 0.0005703
160.00 -30.00 0.0039139
165.00 -30.00 0.0080317
170.00 -30.00 0.0081407
175.00 -30.00 0.0027193
180.00 -30.00 -0.0036908
-180.00 -25.00 -0.0073722
-175.00 -25.00 -0.0077732
-170.00 -25.00 -0.0045381
-165.00 -25.00 -0.0025067
-160.00 -25.00 -0.0036505
-155.00 -25.00 -0.0056322
-150.00 -25.00 -0.0061227
-145.00 -25.00 -0.0058345
-140.00 -25.00 -0.0067258
-135.00 -25.00 -0.0087027
-130.00 -25.00 -0.0093972
-125.00 -25.00 -0.0073051
-120.00 -25.00 -0.0039486
-115.00 -25.00 -0.0017447
-110.00 -25.00 -0.0007381
-105.00 -25.00 0.0005288
-100.00 -25.00 0.0017386
-95.00 -25.00 0.0012489
-90.00 -25.00 -0.0004774
-85.00 -25.00 -0.0010977
-80.00 -25.00 -0.0002591
-75.00 -25.00 3.9e-06
-70.00 -25.00 -0.0007182
-65.00 -25.00 -0.0001516
-60.00 -25.00 0.0025191
-55.00 -25.00 0.0044624
-50.00 -25.00 0.002945
-45.00 -25.00 -0.0009077
-40.00 -25.00 -0.003866
-35.00 -25.00 -0.0044558
-30.00 -25.00 -0.0033682
-25.00 -25.00 -0.0014325
-20.00 -25.00 0.0007855
-15.00 -25.00 0.0021072
-10.00 -25.00 0.0015981
-5.00 -25.00 0.0004202
0.00 -25.00 0.001033
5.00 -25.00 0.0037112
10.00 -25.00 0.0050984
15.00 -25.00 0.001731
20.00 -25.00 -0.0052122
25.00 -25.00 -0.0103245
30.00 -25.00 -0.0099517
35.00 -25.00 -0.0063906
40.00 -25.00 -0.0045806
45.00 -25.00 -0.0057714
50.00 -25.00 -0.0068532
55.00 -25.00 -0.0053626
60.00 -25.00 -0.0022396
65.00 -25.00 0.0004725
70.00 -25.00 0.0017364
75.00 -25.00 0.0009248
80.00 -25.00 -0.0019848
85.00 -25.00 -0.0048631
90.00 -25.00 -0.0046002
95.00 -25.00 -0.0007117
100.00 -25.00 0.0039339
105.00 -25.00 0.0062122
110.00 -25.00 0.0051576
115.00 -25.00 0.0018011
120.00 -25.00 -0.0017029
125.00 -25.00 -0.0032147
130.00 -25.00 -0.0023149
135.00 -25.00 -0.000706
140.00 -25.00 -0.0003637
145.00 -25.00 -0.0017115
150.00 -25.00 -0.003415
155.00 -25.00 -0.0032593
160.00 -25.00 -0.0001995
165.00 -25.00 0.0033521
170.00 -25.00 0.0029834
175.00 -25.00 -0.0021877
180.00 -25.00 -0.0073722
-180.00 -20.00 -0.0096571
-175.00 -20.00 -0.0085096
-170.00 -20.00 -0.0060202
-165.00 -20.00 -0.0055749
-160.00 -20.00 -0.0062254
-155.00 -20.00 -0.0053721
-150.00 -20.00 -0.0037688
-145.00 -20.00 -0.0041429
-140.00 -20.00 -0.006696
-135.00 -20.00 -0.0087706
-130.00 -20.00 -0.0082125
-125.00 -20.00 -0.0055887
-120.00 -20.00 -0.0031172
-115.00 -20.00 -0.0017119
-110.00 -20.00 9.39e-05
-105.00 -20.00 0.0031951
-100.00 -20.00 0.0052945
-95.00 -20.00 0.0038809
-90.00 -20.00 0.0005787
-85.00 -20.00 -0.0009994
-80.00 -20.00 -0.0006837
-75.00 -20.00 -0.0009674
-70.00 -20.00 -0.0017218
-65.00 -20.00 -0.0004005
-60.00 -20.00 0.0026027
-55.00 -20.00 0.0034963
-50.00 -20.00 0.0008091
-45.00 -20.00 -0.0023575
-40.00 -20.00 -0.0029705
-35.00 -20.00 -0.0016975
-30.00 -20.00 -0.0004869
-25.00 -20.00 0.000664
-20.00 -20.00 0.0024821
-15.00 -20.00 0.0038291
-10.00 -20.00 0.0027684
-5.00 -20.00 -0.0002253
0.00 -20.00 -0.0020768
5.00 -20.00 -0.0007948
10.00 -20.00 0.001565
15.00 -20.00 0.0008268
20.00 -20.00 -0.0041016
25.00 -20.00 -0.0091879
30.00 -20.00 -0.0098922
35.00 -20.00 -0.0068378
40.00 -20.00 -0.0043934
45.00 -20.00 -0.0042137
50.00 -20.00 -0.0037419
55.00 -20.00 -0.0013838
60.00 -20.00 0.0008612
65.00 -20.00 0.0010407
70.00 -20.00 -0.0001576
75.00 -20.00 -0.0015984
80.00 -20.00 -0.0030948
85.00 -20.00 -0.00378
90.00 -20.00 -0.0023089
95.00 -20.00 0.0007065
100.00 -20.00 0.0030793
105.00 -20.00 0.0037551
110.00 -20.00 0.0030806
115.00 -20.00 0.0014914
120.00 -20.00 -0.0001355
125.00 -20.00 -0.0004587
130.00 -20.00 0.0004045
135.00 -20.00 0.0007207
140.00 -20.00 -0.0003765
145.00 -20.00 -0.0022903
150.00 -20.00 -0.0044826
155.00 -20.00 -0.0061601
160.00 -20.00 -0.0058365
165.00 -20.00 -0.0040192
170.00 -20.00 -0.0040492
175.00 -20.00 -0.0071512
180.00 -20.00 -0.0096571
-180.00 -15.00 -0.0072299
-175.00 -15.00 -0.0052091
-170.00 -15.00 -0.0030897
-165.00 -15.00 -0.0037745
-160.00 -15.00 -0.0047698
-155.00 -15.00 -0.0031125
-150.00 -15.00 -0.0008622
-145.00 -15.00 -0.0013384
-140.00 -15.00 -0.0038405
-135.00 -15.00 -0.0053725
-130.00 -15.00 -0.0047908
-125.00 -15.00 -0.0032662
-120.00 -15.00 -0.0022264
-115.00 -15.00 -0.0015374
-110.00 -15.00 0.0003495
-105.00 -15.00 0.0034975
-100.00 -15.00 0.0049033
-95.00 -15.00 0.0025615
-90.00 -15.00 -0.0005724
-85.00 -15.00 -0.0006113
-80.00 -15.00 0.0012846
-75.00 -15.00 0.0016661
-70.00 -15.00 0.0012421
-65.00 -15.00 0.0029998
-60.00 -15.00 0.0056941
-55.00 -15.00 0.0051076
-50.00 -15.00 0.0010233
-45.00 -15.00 -0.0022946
-40.00 -15.00 -0.0024225
-35.00 -15.00 -0.0011879
-30.00 -15.00 -0.0005741
-25.00 -15.00 -1.37e-05
-20.00 -15.00 0.0013196
-15.00 -15.00 0.002263
-10.00 -15.00 0.0010969
-5.00 -15.00 -0.0019951
0.00 -15.00 -0.0047669
5.00 -15.00 -0.0049863
10.00 -15.00 -0.0028966
15.00 -15.00 -0.0016449
20.00 -15.00 -0.0040452
25.00 -15.00 -0.0086305
30.00 -15.00 -0.0108358
35.00 -15.00 -0.0086072
40.00 -15.00 -0.0042964
45.00 -15.00 -0.0004934
50.00 -15.00 0.0025087
55.00 -15.00 0.0042132
60.00 -15.00 0.0030523
65.00 -15.00 -0.0004812
70.00 -15.00 -0.0035137
75.00 -15.00 -0.0045211
80.00 -15.00 -0.0040459
85.00 -15.00 -0.0021935
90.00 -15.00 0.0006813
95.00 -15.00 0.0021074
100.00 -15.00 0.0004931
105.00 -15.00 -0.0018001
110.00 -15.00 -0.0020207
115.00 -15.00 -0.0009459
120.00 -15.00 -0.0001914
125.00 -15.00 0.0007124
130.00 -15.00 0.0019678
135.00 -15.00 0.0022438
140.00 -15.00 0.0013268
145.00 -15.00 2.22e-05
150.00 -15.00 -0.0023781
155.00 -15.00 -0.0060766
160.00 -15.00 -0.0081219
165.00 -15.00 -0.0067527
170.00 -15.00 -0.005242
175.00 -15.00 -0.006337
180.00 -15.00 -0.0072299
-180.00 -10.00 -0.0037818
-175.00 -10.00 -0.0018565
-170.00 -10.00 0.0007513
-165.00 -10.00 0.0002394
-160.00 -10.00 -0.0019519
-155.00 -10.00 -0.0027467
-150.00 -10.00 -0.0023757
-145.00 -10.00 -0.0021189
-140.00 -10.00 -0.0018098
-135.00 -10.00 -0.0014655
-130.00 -10.00 -0.0015654
-125.00 -10.00 -0.0015457
-120.00 -10.00 -0.0007912
-115.00 -10.00 0.0002296
-110.00 -10.00 0.001299
-105.00 -10.00 0.0022525
-100.00 -10.00 0.0014581
-95.00 -10.00 -0.0015471
-90.00 -10.00 -0.0031278
-85.00 -10.00 -0.0002041
-80.00 -10.00 0.004266
-75.00 -10.00 0.0058791
-70.00 -10.00 0.0058908
-65.00 -10.00 0.0077621
-60.00 -10.00 0.0098422
-55.00 -10.00 0.0079144
-50.00 -10.00 0.0025813
-45.00 -10.00 -0.0016722
-40.00 -10.00 -0.0030082
-35.00 -10.00 -0.0031501
-30.00 -10.00 -0.0032957
-25.00 -10.00 -0.0030133
-20.00 -10.00 -0.0022709
-15.00 -10.00 -0.0017143
-10.00 -10.00 -0.0015658
-5.00 -10.00 -0.0019628
0.00 -10.00 -0.00334
5.00 -10.00 -0.0052058
10.00 -10.00 -0.0061065
15.00 -10.00 -0.0061159
20.00 -10.00 -0.0073482
25.00 -10.00 -0.0103436
30.00 -10.00 -0.0121472
35.00 -10.00 -0.0098991
40.00 -10.00 -0.0043163
45.00 -10.00 0.0017424
50.00 -10.00 0.005728
55.00 -10.00 0.0058003
60.00 -10.00 0.0020943
65.00 -10.00 -0.002089
70.00 -10.00 -0.0037234
75.00 -10.00 -0.0037422
80.00 -10.00 -0.0037401
85.00 -10.00 -0.0021011
90.00 -10.00 0.0017248
95.00 -10.00 0.0034835
100.00 -10.00 0.0005829
105.00 -10.00 -0.0026494
110.00 -10.00 -0.002028
115.00 -10.00 -5.76e-05
120.00 -10.00 -3.63e-05
125.00 -10.00 -0.0002059
130.00 -10.00 0.0013922
135.00 -10.00 0.0028903
140.00 -10.00 0.0028149
145.00 -10.00 0.0018695
150.00 -10.00 -0.0005232
155.00 -10.00 -0.0047099
160.00 -10.00 -0.0070722
165.00 -10.00 -0.0049043
170.00 -10.00 -0.002027
175.00 -10.00 -0.0025686
180.00 -10.00 -0.0037818
-180.00 -5.00 -0.0034791
-175.00 -5.00 -0.002209
-170.00 -5.00 0.0005723
-165.00 -5.00 0.0009845
-160.00 -5.00 -0.0015126
-155.00 -5.00 -0.0048271
-150.00 -5.00 -0.0066615
-145.00 -5.00 -0.0052399
-140.00 -5.00 -0.0016163
-135.00 -5.00 0.000115
-130.00 -5.00 -0.0014681
-125.00 -5.00 -0.0027102
-120.00 -5.00 -0.0012319
-115.00 -5.00 0.0005294
-110.00 -5.00 0.0005236
-105.00 -5.00 -0.0002115
-100.00 -5.00 -0.0012603
-95.00 -5.00 -0.0028025
-90.00 -5.00 -0.0021984
-85.00 -5.00 0.0026729
-80.00 -5.00 0.0082254
-75.00 -5.00 0.0098148
-70.00 -5.00 0.0087731
-65.00 -5.00 0.0086518
-60.00 -5.00 0.0083075
-55.00 -5.00 0.0048781
-50.00 -5.00 -0.0001518
-45.00 -5.00 -0.003356
-40.00 -5.00 -0.004511
-35.00 -5.00 -0.0051587
-30.00 -5.00 -0.0052362
-25.00 -5.00 -0.004347
-20.00 -5.00 -0.0035022
-15.00 -5.00 -0.0032679
-10.00 -5.00 -0.0027652
-5.00 -5.00 -0.0020452
0.00 -5.00 -0.0028076
5.00 -5.00 -0.0054117
10.00 -5.00 -0.0077581
15.00 -5.00 -0.0085068
20.00 -5.00 -0.0089149
25.00 -5.00 -0.0100372
30.00 -5.00 -0.010522
35.00 -5.00 -0.0087026
40.00 -5.00 -0.0048338
45.00 -5.00 -0.0004568
50.00 -5.00 0.0023951
55.00 -5.00 0.0019165
60.00 -5.00 -0.0007514
65.00 -5.00 -0.0014167
70.00 -5.00 0.0010181
75.00 -5.00 0.0020011
80.00 -5.00 -0.0005519
85.00 -5.00 -0.0014069
90.00 -5.00 0.0026696
95.00 -5.00 0.0061758
100.00 -5.00 0.004798
105.00 -5.00 0.0034547
110.00 -5.00 0.0063438
115.00 -5.00 0.0084317
120.00 -5.00 0.0052351
125.00 -5.00 0.0014042
130.00 -5.00 0.0018008
135.00 -5.00 0.0034656
140.00 -5.00 0.0026303
145.00 -5.00 0.0006092
150.00 -5.00 -0.0012409
155.00 -5.00 -0.0036585
160.00 -5.00 -0.0050494
165.00 -5.00 -0.0032503
170.00 -5.00 -0.0009637
175.00 -5.00 -0.0017784
180.00 -5.00 -0.0034791
-180.00 0.00 -0.0030574
-175.00 0.00 -0.0025256
-170.00 0.00 -0.0013929
-165.00 0.00 -0.0011894
-160.00 0.00 -0.0029198
-155.00 0.00 -0.0063171
-150.00 0.00 -0.008599
-145.00 0.00 -0.0064277
-140.00 0.00 -0.0017409
-135.00 0.00 -0.0006959
-130.00 0.00 -0.004129
-125.00 0.00 -0.0060603
-120.00 0.00 -0.0040645
-115.00 0.00 -0.0025111
-110.00 0.00 -0.0034542
-105.00 0.00 -0.0035933
-100.00 0.00 -0.0016763
-95.00 0.00 0.0001182
-90.00 0.00 0.0022712
-85.00 0.00 0.0068699
-80.00 0.00 0.0116465
-75.00 0.00 0.0126255
-70.00 0.00 0.010376
-65.00 0.00 0.007521
-60.00 0.00 0.0038568
-55.00 0.00 -0.0008915
-50.00 0.00 -0.0041592
-45.00 0.00 -0.004731
-40.00 0.00 -0.005102
-35.00 0.00 -0.0065854
-30.00 0.00 -0.0068738
-25.00 0.00 -0.0046416
-20.00 0.00 -0.0020424
-15.00 0.00 -0.0011415
-10.00 0.00 -0.001741
-5.00 0.00 -0.0033514
0.00 0.00 -0.0057426
5.00 0.00 -0.0074074
10.00 0.00 -0.0068215
15.00 0.00 -0.0051911
20.00 0.00 -0.0049709
25.00 0.00 -0.0060814
30.00 0.00 -0.0065667
35.00 0.00 -0.0061372
40.00 0.00 -0.0057566
45.00 0.00 -0.0049781
50.00 0.00 -0.0033078
55.00 0.00 -0.0021997
60.00 0.00 -0.0017972
65.00 0.00 0.0007873
70.00 0.00 0.0053329
75.00 0.00 0.0061729
80.00 0.00 0.0019073
85.00 0.00 8.83e-05
90.00 0.00 0.0049623
95.00 0.00 0.0096428
100.00 0.00 0.0088891
105.00 0.00 0.0087929
110.00 0.00 0.0140123
115.00 0.00 0.0172487
120.00 0.00 0.012161
125.00 0.00 0.0050634
130.00 0.00 0.0033818
135.00 0.00 0.0037042
140.00 0.00 0.0005244
145.00 0.00 -0.0036992
150.00 0.00 -0.0048545
155.00 0.00 -0.0042638
160.00 0.00 -0.0041251
165.00 0.00 -0.0036792
170.00 0.00 -0.0027388
175.00 0.00 -0.0026476
180.00 0.00 -0.0030574
-180.00 5.00 8.74e-05
-175.00 5.00 0.0002021
-170.00 5.00 -0.0010013
-165.00 5.00 -0.0022907
-160.00 5.00 -0.0036699
-155.00 5.00 -0.0060142
-150.00 5.00 -0.0075459
-145.00 5.00 -0.00529
-140.00 5.00 -0.001434
-135.00 5.00 -0.0016188
-130.00 5.00 -0.0054385
-125.00 5.00 -0.0068107
-120.00 5.00 -0.0047511
-115.00 5.00 -0.0042126
-110.00 5.00 -0.0057186
-105.00 5.00 -0.0045005
-100.00 5.00 -0.0001074
-95.00 5.00 0.0031028
-90.00 5.00 0.004451
-85.00 5.00 0.0069383
-80.00 5.00 0.01035
-75.00 5.00 0.0118631
-70.00 5.00 0.0109901
-65.00 5.00 0.008434
-60.00 5.00 0.0039781
-55.00 5.00 -0.0007027
-50.00 5.00 -0.0023863
-45.00 5.00 -0.0019904
-40.00 5.00 -0.0039219
-35.00 5.00 -0.0082501
-30.00 5.00 -0.0098931
-25.00 5.00 -0.0065867
-20.00 5.00 -0.0017716
-15.00 5.00 0.0007726
-10.00 5.00 0.0001265
-5.00 5.00 -0.0031636
0.00 5.00 -0.0069694
5.00 5.00 -0.0074657
10.00 5.00 -0.0035752
15.00 5.00 0.0002275
20.00 5.00 -0.000377
25.00 5.00 -0.0034915
30.00 5.00 -0.004931
35.00 5.00 -0.0050544
40.00 5.00 -0.0063764
45.00 5.00 -0.0075126
50.00 5.00 -0.0056562
55.00 5.00 -0.0022402
60.00 5.00 3.1e-06
65.00 5.00 0.0020638
70.00 5.00 0.0045976
75.00 5.00 0.0041827
80.00 5.00 0.0005979
85.00 5.00 0.0007289
90.00 5.00 0.0071403
95.00 5.00 0.0115054
100.00 5.00 0.0085326
105.00 5.00 0.0060215
110.00 5.00 0.0106516
115.00 5.00 0.0151612
120.00 5.00 0.0112675
125.00 5.00 0.004113
130.00 5.00 0.0020175
135.00 5.00 0.0022867
140.00 5.00 -0.0015046
145.00 5.00 -0.0071591
150.00 5.00 -0.0087048
155.00 5.00 -0.0064598
160.00 5.00 -0.0046347
165.00 5.00 -0.0042111
170.00 5.00 -0.0033789
175.00 5.00 -0.0015349
180.00 5.00 8.74e-05
-180.00 10.00 0.00122
-175.00 10.00 0.0016253
-170.00 10.00 0.0003734
-165.00 10.00 -0.0014288
-160.00 10.00 -0.0032892
-155.00 10.00 -0.0055071
-150.00 10.00 -0.006584
-145.00 10.00 -0.0045559
-140.00 10.00 -0.0015793
-135.00 10.00 -0.0017637
-130.00 10.00 -0.0041175
-125.00 10.00 -0.0041676
-120.00 10.00 -0.0021233
-115.00 10.00 -0.0018184
-110.00 10.00 -0.0026859
-105.00 10.00 -0.0010716
-100.00 10.00 0.0020629
-95.00 10.00 0.0028695
-90.00 10.00 0.0019244
-85.00 10.00 0.0026187
-80.00 10.00 0.0050374
-75.00 10.00 0.0071625
-70.00 10.00 0.0084885
-65.00 10.00 0.0084322
-60.00 10.00 0.0058794
-55.00 10.00 0.0026738
-50.00 10.00 0.0018332
-45.00 10.00 0.0014816
-40.00 10.00 -0.0026845
-35.00 10.00 -0.0090035
-30.00 10.00 -0.0112788
-25.00 10.00 -0.0081243
-20.00 10.00 -0.0038712
-15.00 10.00 -0.0013144
-10.00 10.00 -0.0001745
-5.00 10.00 -0.0008902
0.00 10.00 -0.0034004
5.00 10.00 -0.0042701
10.00 10.00 -0.0012538
15.00 10.00 0.0016601
20.00 10.00 -0.0002576
25.00 10.00 -0.0047324
30.00 10.00 -0.0064422
35.00 10.00 -0.0056485
40.00 10.00 -0.006005
45.00 10.00 -0.0066649
50.00 10.00 -0.0041478
55.00 10.00 0.0002789
60.00 10.00 0.0025804
65.00 10.00 0.0028705
70.00 10.00 0.003293
75.00 10.00 0.0026951
80.00 10.00 0.0007346
85.00 10.00 0.0020029
90.00 10.00 0.0077996
95.00 10.00 0.0103711
100.00 10.00 0.004662
105.00 10.00 -0.0016543
110.00 10.00 -9.26e-05
115.00 10.00 0.0046785
120.00 10.00 0.0037693
125.00 10.00 -0.0008225
130.00 10.00 -0.0015015
135.00 10.00 0.001072
140.00 10.00 0.0003921
145.00 10.00 -0.0042173
150.00 10.00 -0.0074676
155.00 10.00 -0.0067717
160.00 10.00 -0.0044341
165.00 10.00 -0.002856
170.00 10.00 -0.0018682
175.00 10.00 -0.000418
180.00 10.00 0.00122
-180.00 15.00 -0.00195
-175.00 15.00 -0.0004065
-170.00 15.00 0.0009741
-165.00 15.00 0.0004429
-160.00 15.00 -0.0020462
-155.00 15.00 -0.005109
-150.00 15.00 -0.0065279
-145.00 15.00 -0.0051971
-140.00 15.00 -0.003053
-135.00 15.00 -0.0027075
-130.00 15.00 -0.0034593
-125.00 15.00 -0.0028554
-120.00 15.00 -0.00105
-115.00 15.00 0.0002714
-110.00 15.00 0.0013526
-105.00 15.00 0.0026093
-100.00 15.00 0.002248
-95.00 15.00 -0.0001998
-90.00 15.00 -0.0015401
-85.00 15.00 0.0001291
-80.00 15.00 0.0023423
-75.00 15.00 0.0030247
-70.00 15.00 0.00328
-65.00 15.00 0.0034725
-60.00 15.00 0.0022834
-55.00 15.00 0.0007178
-50.00 15.00 0.0008754
-45.00 15.00 0.0008396
-40.00 15.00 -0.0025405
-35.00 15.00 -0.0069273
-30.00 15.00 -0.0077071
-25.00 15.00 -0.0060058
-20.00 15.00 -0.0059655
-15.00 15.00 -0.0064897
-10.00 15.00 -0.0037584
-5.00 15.00 0.0004173
0.00 15.00 0.0010337
5.00 15.00 -0.0012549
10.00 15.00 -0.0017473
15.00 15.00 -0.0005075
20.00 15.00 -0.0016841
25.00 15.00 -0.0052
30.00 15.00 -0.0067597
35.00 15.00 -0.0054795
40.00 15.00 -0.0043702
45.00 15.00 -0.0038277
50.00 15.00 -0.0015479
55.00 15.00 0.0017745
60.00 15.00 0.0033854
65.00 15.00 0.0040358
70.00 15.00 0.0060353
75.00 15.00 0.0076705
80.00 15.00 0.0064519
85.00 15.00 0.0050704
90.00 15.00 0.0065071
95.00 15.00 0.0067951
100.00 15.00 0.0012927
105.00 15.00 -0.005485
110.00 15.00 -0.0057069
115.00 15.00 -0.0007828
120.00 15.00 0.0013902
125.00 15.00 -0.0006441
130.00 15.00 -0.0009424
135.00 15.00 0.002922
140.00 15.00 0.006104
145.00 15.00 0.0042766
150.00 15.00 -0.0005285
155.00 15.00 -0.0033415
160.00 15.00 -0.0024339
165.00 15.00 -0.0004746
170.00 15.00 -0.000407
175.00 15.00 -0.0017434
180.00 15.00 -0.00195
-180.00 20.00 -0.0036923
-175.00 20.00 -0.000728
-170.00 20.00 0.0028497
-165.00 20.00 0.0032344
-160.00 20.00 0.0002295
-155.00 20.00 -0.0035525
-150.00 20.00 -0.005821
-145.00 20.00 -0.0061589
-140.00 20.00 -0.0055192
-135.00 20.00 -0.0048113
-130.00 20.00 -0.0041217
-125.00 20.00 -0.0032537
-120.00 20.00 -0.0020631
-115.00 20.00 -7.39e-05
-110.00 20.00 0.0024736
-105.00 20.00 0.0032091
-100.00 20.00 0.0003439
-95.00 20.00 -0.0031506
-90.00 20.00 -0.0024005
-85.00 20.00 0.0019567
-80.00 20.00 0.0042735
-75.00 20.00 0.0022181
-70.00 20.00 -0.0009624
-65.00 20.00 -0.002699
-60.00 20.00 -0.0036014
-55.00 20.00 -0.0036804
-50.00 20.00 -0.0021938
-45.00 20.00 -0.0009634
-40.00 20.00 -0.0020419
-35.00 20.00 -0.0033555
-30.00 20.00 -0.0025387
-25.00 20.00 -0.0025491
-20.00 20.00 -0.0065566
-15.00 20.00 -0.0102076
-10.00 20.00 -0.0071268
-5.00 20.00 7.89e-05
0.00 20.00 0.0029043
5.00 20.00 -0.0002419
10.00 20.00 -0.0028529
15.00 20.00 -0.0015899
20.00 20.00 -0.0003125
25.00 20.00 -0.0019225
30.00 20.00 -0.0037694
35.00 20.00 -0.0031364
40.00 20.00 -0.0012261
45.00 20.00 0.0001803
50.00 20.00 0.0011197
55.00 20.00 0.0015004
60.00 20.00 0.001326
65.00 20.00 0.0028766
70.00 20.00 0.0077098
75.00 20.00 0.0120995
80.00 20.00 0.0110903
85.00 20.00 0.0062719
90.00 20.00 0.003323
95.00 20.00 0.0028268
100.00 20.00 0.0006348
105.00 20.00 -0.0031055
110.00 20.00 -0.0031023
115.00 20.00 0.0018668
120.00 20.00 0.0060752
125.00 20.00 0.0055163
130.00 20.00 0.0036722
135.00 20.00 0.005423
140.00 20.00 0.0092533
145.00 20.00 0.0094753
150.00 20.00 0.0045481
155.00 20.00 -0.0006846
160.00 20.00 -0.0016919
165.00 20.00 -9.68e-05
170.00 20.00 -0.0004119
175.00 20.00 -0.0029525
180.00 20.00 -0.0036923
-180.00 25.00 -0.0009794
-175.00 25.00 0.0023322
-170.00 25.00 0.0052745
-165.00 25.00 0.0049522
-160.00 25.00 0.0019832
-155.00 25.00 -0.0013914
-150.00 25.00 -0.0043179
-145.00 25.00 -0.0067367
-140.00 25.00 -0.0075734
-135.00 25.00 -0.0057679
-130.00 25.00 -0.0025579
-125.00 25.00 -0.0005853
-120.00 25.00 -0.0003544
-115.00 25.00 0.0003161
-110.00 25.00 0.002192
-105.00 25.00 0.0025232
-100.00 25.00 -0.0003758
-95.00 25.00 -0.0029106
-90.00 25.00 -0.0007212
-85.00 25.00 0.0041762
-80.00 25.00 0.0056428
-75.00 25.00 0.0020313
-70.00 25.00 -0.0024116
-65.00 25.00 -0.0042237
-60.00 25.00 -0.0038031
-55.00 25.00 -0.0022669
-50.00 25.00 -0.0002329
-45.00 25.00 0.0006133
-40.00 25.00 -0.0007209
-35.00 25.00 -0.0020844
-30.00 25.00 -0.001748
-25.00 25.00 -0.0023843
-20.00 25.00 -0.0063697
-15.00 25.00 -0.0095997
-10.00 25.00 -0.0064908
-5.00 25.00 0.0005016
0.00 25.00 0.0034668
5.00 25.00 0.0006024
10.00 25.00 -0.0019246
15.00 25.00 -0.0001951
20.00 25.00 0.0023457
25.00 25.00 0.0018615
30.00 25.00 0.0001477
35.00 25.00 0.0007323
40.00 25.00 0.003337
45.00 25.00 0.005096
50.00 25.00 0.0043607
55.00 25.00 0.0015219
60.00 25.00 -0.0013534
65.00 25.00 -0.0010229
70.00 25.00 0.0036208
75.00 25.00 0.0084466
80.00 25.00 0.008076
85.00 25.00 0.0032723
90.00 25.00 1.6e-05
95.00 25.00 0.0007472
100.00 25.00 0.0016388
105.00 25.00 2.52e-05
110.00 25.00 -0.0008648
115.00 25.00 0.0022959
120.00 25.00 0.0067603
125.00 25.00 0.0075928
130.00 25.00 0.005149
135.00 25.00 0.0041047
140.00 25.00 0.0058432
145.00 25.00 0.0063192
150.00 25.00 0.0025736
155.00 25.00 -0.0024148
160.00 25.00 -0.0039984
165.00 25.00 -0.0023781
170.00 25.00 -0.0013217
175.00 25.00 -0.0017941
180.00 25.00 -0.0009794
-180.00 30.00 0.001442
-175.00 30.00 0.0031423
-170.00 30.00 0.003722
-165.00 30.00 0.0026741
-160.00 30.00 0.0011777
-155.00 30.00 -0.0003038
-150.00 30.00 -0.0028918
-145.00 30.00 -0.0063791
-140.00 30.00 -0.0076149
-135.00 30.00 -0.0041708
-130.00 30.00 0.0015111
-125.00 30.00 0.0043392
-120.00 30.00 0.0028325
-115.00 30.00 0.0004744
-110.00 30.00 0.0002475
-105.00 30.00 0.0008602
-100.00 30.00 0.0002135
-95.00 30.00 -0.0003475
-90.00 30.00 0.0014932
-85.00 30.00 0.0042576
-80.00 30.00 0.0042687
-75.00 30.00 0.0012098
-70.00 30.00 -0.001505
-65.00 30.00 -0.0015668
-60.00 30.00 0.0002082
-55.00 30.00 0.0022345
-50.00 30.00 0.0033874
-45.00 30.00 0.0023778
-40.00 30.00 -0.0009691
-35.00 30.00 -0.0042827
-30.00 30.00 -0.0053613
-25.00 30.00 -0.005378
-20.00 30.00 -0.0063047
-15.00 30.00 -0.0065744
-10.00 30.00 -0.0033593
-5.00 30.00 0.0017563
0.00 30.00 0.0040034
5.00 30.00 0.0023711
10.00 30.00 0.0008543
15.00 30.00 0.0020582
20.00 30.00 0.0038438
25.00 30.00 0.0038175
30.00 30.00 0.0033261
35.00 30.00 0.0047037
40.00 30.00 0.007263
45.00 30.00 0.0083275
50.00 30.00 0.006575
55.00 30.00 0.0028436
60.00 30.00 -0.0008592
65.00 30.00 -0.0022363
70.00 30.00 -0.0004714
75.00 30.00 0.0020729
80.00 30.00 0.0020319
85.00 30.00 -0.0003522
90.00 30.00 -0.0013457
95.00 30.00 0.000532
100.00 30.00 0.0019382
105.00 30.00 -9.44e-05
110.00 30.00 -0.0031992
115.00 30.00 -0.0029957
120.00 30.00 0.0004051
125.00 30.00 0.0027506
130.00 30.00 0.0019233
135.00 30.00 0.0002978
140.00 30.00 0.0002063
145.00 30.00 0.000336
150.00 30.00 -0.001458
155.00 30.00 -0.0041288
160.00 30.00 -0.0048574
165.00 30.00 -0.00322
170.00 30.00 -0.0012573
175.00 30.00 1.34e-05
180.00 30.00 0.001442
-180.00 35.00 0.0005954
-175.00 35.00 -3.24e-05
-170.00 35.00 -0.0009788
-165.00 35.00 -0.0013775
-160.00 35.00 -0.0005406
-155.00 35.00 0.0002534
-150.00 35.00 -0.001154
-145.00 35.00 -0.0042262
-140.00 35.00 -0.005139
-135.00 35.00 -0.0014281
-130.00 35.00 0.0039816
-125.00 35.00 0.0055936
-120.00 35.00 0.0019076
-115.00 35.00 -0.0029991
-110.00 35.00 -0.0047599
-105.00 35.00 -0.0033272
-100.00 35.00 -0.0012601
-95.00 35.00 0.0003372
-90.00 35.00 0.002029
-85.00 35.00 0.0035845
-80.00 35.00 0.003863
-75.00 35.00 0.0028656
-70.00 35.00 0.0018814
-65.00 35.00 0.0016102
-60.00 35.00 0.0016703
-55.00 35.00 0.0016906
-50.00 35.00 0.0013539
-45.00 35.00 -0.0002252
-40.00 35.00 -0.003438
-35.00 35.00 -0.0067831
-30.00 35.00 -0.0082152
-25.00 35.00 -0.0076238
-20.00 35.00 -0.0063403
-15.00 35.00 -0.0046619
-10.00 35.00 -0.0018987
-5.00 35.00 0.0013426
0.00 35.00 0.0032105
5.00 35.00 0.0032809
10.00 35.00 0.0031826
15.00 35.00 0.0040461
20.00 35.00 0.0051439
25.00 35.00 0.0056785
30.00 35.00 0.0061284
35.00 35.00 0.0069037
40.00 35.00 0.0071928
45.00 35.00 0.0062287
50.00 35.00 0.004562
55.00 35.00 0.0031298
60.00 35.00 0.0020536
65.00 35.00 0.0011465
70.00 35.00 0.000562
75.00 35.00 0.0001567
80.00 35.00 -0.0006741
85.00 35.00 -0.0016775
90.00 35.00 -0.0015192
95.00 35.00 -1.02e-05
100.00 35.00 0.0007113
105.00 35.00 -0.0011405
110.00 35.00 -0.0040082
115.00 35.00 -0.004623
120.00 35.00 -0.0023656
125.00 35.00 -5.6e-05
130.00 35.00 -0.000107
135.00 35.00 -0.0017017
140.00 35.00 -0.0026053
145.00 35.00 -0.0022328
150.00 35.00 -0.0015861
155.00 35.00 -0.001172
160.00 35.00 -0.0005749
165.00 35.00 0.000278
170.00 35.00 0.0008377
175.00 35.00 0.0008736
180.00 35.00 0.0005954
-180.00 40.00 -0.0009253
-175.00 40.00 -0.0021603
-170.00 40.00 -0.0027298
-165.00 40.00 -0.0019766
-160.00 40.00 3.2e-05
-155.00 40.00 0.0016529
-150.00 40.00 0.0011136
-145.00 40.00 -0.0009593
-140.00 40.00 -0.0016941
-135.00 40.00 0.0004783
-130.00 40.00 0.0033048
-125.00 40.00 0.0030382
-120.00 40.00 -0.0009916
-115.00 40.00 -0.0054753
-110.00 40.00 -0.0069721
-105.00 40.00 -0.0053747
-100.00 40.00 -0.002938
-95.00 40.00 -0.0010685
-90.00 40.00 0.0006921
-85.00 40.00 0.0030345
-80.00 40.00 0.0055263
-75.00 40.00 0.0069752
-70.00 40.00 0.0064119
-65.00 40.00 0.0037535
-60.00 40.00 0.00011
-55.00 40.00 -0.0027285
-50.00 40.00 -0.0038184
-45.00 40.00 -0.0040105
-40.00 40.00 -0.0047765
-35.00 40.00 -0.0062864
-30.00 40.00 -0.0073634
-25.00 40.00 -0.0071515
-20.00 40.00 -0.0059432
-15.00 40.00 -0.0043665
-10.00 40.00 -0.002672
-5.00 40.00 -0.0010337
0.00 40.00 0.0002527
5.00 40.00 0.0012399
10.00 40.00 0.0024437
15.00 40.00 0.0041638
20.00 40.00 0.0060473
25.00 40.00 0.0074118
30.00 40.00 0.0075799
35.00 40.00 0.0060144
40.00 40.00 0.0029281
45.00 40.00 -9.93e-05
50.00 40.00 -0.0010389
55.00 40.00 0.0004865
60.00 40.00 0.0025958
65.00 40.00 0.0031446
70.00 40.00 0.001832
75.00 40.00 -8.93e-05
80.00 40.00 -0.00151
85.00 40.00 -0.0021362
90.00 40.00 -0.0020034
95.00 40.00 -0.0013092
100.00 40.00 -0.0006076
105.00 40.00 -0.0003139
110.00 40.00 1.81e-05
115.00 40.00 0.0011291
120.00 40.00 0.0026129
125.00 40.00 0.0028734
130.00 40.00 0.0010147
135.00 40.00 -0.0017551
140.00 40.00 -0.0031707
145.00 40.00 -0.0021159
150.00 40.00 0.0005804
155.00 40.00 0.0031995
160.00 40.00 0.0044661
165.00 40.00 0.0040687
170.00 40.00 0.0025235
175.00 40.00 0.0006769
180.00 40.00 -0.0009253
-180.00 45.00 -0.0019026
-175.00 45.00 -0.001549
-170.00 45.00 -0.0007051
-165.00 45.00 0.0005453
-160.00 45.00 0.0019864
-155.00 45.00 0.0028365
-150.00 45.00 0.0023799
-145.00 45.00 0.0010375
-140.00 45.00 0.0001849
-135.00 45.00 0.0005523
-130.00 45.00 0.0012501
-125.00 45.00 0.0009167
-120.00 45.00 -0.0004156
-115.00 45.00 -0.0013011
-110.00 45.00 -0.0007965
-105.00 45.00 0.0003006
-100.00 45.00 0.0005845
-95.00 45.00 1.09e-05
-90.00 45.00 0.0001125
-85.00 45.00 0.0022004
-80.00 45.00 0.0056811
-75.00 45.00 0.0082645
-70.00 45.00 0.0077832
-65.00 45.00 0.0040096
-60.00 45.00 -0.0010058
-55.00 45.00 -0.0044587
-50.00 45.00 -0.0050237
-45.00 45.00 -0.0037704
-40.00 45.00 -0.0028406
-35.00 45.00 -0.003312
-30.00 45.00 -0.0044936
-25.00 45.00 -0.0050886
-20.00 45.00 -0.0046043
-15.00 45.00 -0.0035762
-10.00 45.00 -0.0028242
-5.00 45.00 -0.0027271
0.00 45.00 -0.0029931
5.00 45.00 -0.0028574
10.00 45.00 -0.0015777
15.00 45.00 0.000988
20.00 45.00 0.0040849
25.00 45.00 0.0062757
30.00 45.00 0.0061351
35.00 45.00 0.0032354
40.00 45.00 -0.0011267
45.00 45.00 -0.0043883
50.00 45.00 -0.0045959
55.00 45.00 -0.002193
60.00 45.00 0.0003222
65.00 45.00 0.0007989
70.00 45.00 -0.0006527
75.00 45.00 -0.0022593
80.00 45.00 -0.0026992
85.00 45.00 -0.0021812
90.00 45.00 -0.00162
95.00 45.00 -0.0013502
100.00 45.00 -0.0008669
105.00 45.00 0.000476
110.00 45.00 0.0027173
115.00 45.00 0.005032
120.00 45.00 0.0060837
125.00 45.00 0.004928
130.00 45.00 0.0019571
135.00 45.00 -0.0010475
140.00 45.00 -0.0021148
145.00 45.00 -0.0006114
150.00 45.00 0.0022778
155.00 45.00 0.0045065
160.00 45.00 0.0046723
165.00 45.00 0.0028759
170.00 45.00 0.0004082
175.00 45.00 -0.0013573
180.00 45.00 -0.0019026
-180.00 50.00 -0.0036566
-175.00 50.00 -0.0016399
-170.00 50.00 0.0001791
-165.00 50.00 0.0013751
-160.00 50.00 0.0020106
-155.00 50.00 0.0021693
-150.00 50.00 0.0017931
-145.00 50.00 0.0009166
-140.00 50.00 -0.000174
-135.00 50.00 -0.0010974
-130.00 50.00 -0.0015292
-125.00 50.00 -0.0011072
-120.00 50.00 0.0005559
-115.00 50.00 0.0033826
-110.00 50.00 0.0063175
-105.00 50.00 0.0077088
-100.00 50.00 0.0066321
-95.00 50.00 0.0039193
-90.00 50.00 0.0016609
-85.00 50.00 0.0014597
-80.00 50.00 0.003039
-75.00 50.00 0.0045095
-70.00 50.00 0.004046
-65.00 50.00 0.0014822
-60.00 50.00 -0.0015557
-55.00 50.00 -0.0030756
-50.00 50.00 -0.0024346
-45.00 50.00 -0.0007963
-40.00 50.00 5.59e-05
-35.00 50.00 -0.0006366
-30.00 50.00 -0.0020793
-25.00 50.00 -0.002886
-20.00 50.00 -0.0024504
-15.00 50.00 -0.0014287
-10.00 50.00 -0.0010485
-5.00 50.00 -0.0020022
0.00 50.00 -0.0038493
5.00 50.00 -0.0053028
10.00 50.00 -0.0051242
15.00 50.00 -0.0030087
20.00 50.00 0.0001051
25.00 50.00 0.0025205
30.00 50.00 0.0028319
35.00 50.00 0.0009287
40.00 50.00 -0.0017995
45.00 50.00 -0.0034195
50.00 50.00 -0.0030016
55.00 50.00 -0.001412
60.00 50.00 -0.0004582
65.00 50.00 -0.0010987
70.00 50.00 -0.0025251
75.00 50.00 -0.0030896
80.00 50.00 -0.0020559
85.00 50.00 -0.0002957
90.00 50.00 0.0007041
95.00 50.00 0.000345
100.00 50.00 -0.0006044
105.00 50.00 -0.0008595
110.00 50.00 0.0001754
115.00 50.00 0.0019408
120.00 50.00 0.003275
125.00 50.00 0.0034202
130.00 50.00 0.0026413
135.00 50.00 0.0019662
140.00 50.00 0.0022601
145.00 50.00 0.0034067
150.00 50.00 0.0043077
155.00 50.00 0.0037412
160.00 50.00 0.0013894
165.00 50.00 -0.001804
170.00 50.00 -0.0042559
175.00 50.00 -0.004854
180.00 50.00 -0.0036566
-180.00 55.00 -0.0052944
-175.00 55.00 -0.0032128
-170.00 55.00 -0.0015829
-165.00 55.00 -0.0006323
-160.00 55.00 -7.7e-05
-155.00 55.00 0.0003749
-150.00 55.00 0.0006437
-145.00 55.00 0.0003416
-140.00 55.00 -0.000815
-135.00 55.00 -0.0025914
-130.00 55.00 -0.0041398
-125.00 55.00 -0.0043481
-120.00 55.00 -0.0025152
-115.00 55.00 0.0010375
-110.00 55.00 0.0049195
-105.00 55.00 0.0074027
-100.00 55.00 0.0075129
-95.00 55.00 0.005643
-90.00 55.00 0.0031576
-85.00 55.00 0.0013097
-80.00 55.00 0.0003938
-75.00 55.00 -0.0001799
-70.00 55.00 -0.001054
-65.00 55.00 -0.0021668
-60.00 55.00 -0.0027795
-55.00 55.00 -0.0022389
-50.00 55.00 -0.0007264
-45.00 55.00 0.0007533
-40.00 55.00 0.0011782
-35.00 55.00 0.0003817
-30.00 55.00 -0.0008158
-25.00 55.00 -0.0013423
-20.00 55.00 -0.0008117
-15.00 55.00 0.0001534
-10.00 55.00 0.0004567
-5.00 55.00 -0.0005591
0.00 55.00 -0.002562
5.00 55.00 -0.0044428
10.00 55.00 -0.0050957
15.00 55.00 -0.0041835
20.00 55.00 -0.0023519
25.00 55.00 -0.0007543
30.00 55.00 -0.0002258
35.00 55.00 -0.000702
40.00 55.00 -0.0013342
45.00 55.00 -0.0012489
50.00 55.00 -0.0003418
55.00 55.00 0.0006158
60.00 55.00 0.0007231
65.00 55.00 -0.000116
70.00 55.00 -0.0009994
75.00 55.00 -0.0008359
80.00 55.00 0.0005871
85.00 55.00 0.0023171
90.00 55.00 0.0030176
95.00 55.00 0.0020886
100.00 55.00 0.0001319
105.00 55.00 -0.0015637
110.00 55.00 -0.0019764
115.00 55.00 -0.0009434
120.00 55.00 0.0009642
125.00 55.00 0.003007
130.00 55.00 0.0047344
135.00 55.00 0.0060048
140.00 55.00 0.0066869
145.00 55.00 0.0064339
150.00 55.00 0.0048272
155.00 55.00 0.0018094
160.00 55.00 -0.0019824
165.00 55.00 -0.0053521
170.00 55.00 -0.0071526
175.00 55.00 -0.0069595
180.00 55.00 -0.0052945
-180.00 60.00 -0.0050103
-175.00 60.00 -0.0039244
-170.00 60.00 -0.0032713
-165.00 60.00 -0.0028677
-160.00 60.00 -0.0023187
-155.00 60.00 -0.0014217
-150.00 60.00 -0.0004218
-145.00 60.00 9.5e-05
-140.00 60.00 -0.0003848
-135.00 60.00 -0.0018634
-130.00 60.00 -0.0036887
-125.00 60.00 -0.0048414
-120.00 60.00 -0.0045064
-115.00 60.00 -0.002574
-110.00 60.00 0.0002642
-105.00 60.00 0.0028997
-100.00 60.00 0.0044123
-95.00 60.00 0.0044895
-90.00 60.00 0.0034149
-85.00 60.00 0.0017285
-80.00 60.00 -0.0001146
-75.00 60.00 -0.001833
-70.00 60.00 -0.0031875
-65.00 60.00 -0.0038748
-60.00 60.00 -0.003636
-55.00 60.00 -0.0025138
-50.00 60.00 -0.0009882
-45.00 60.00 0.0002135
-40.00 60.00 0.0005529
-35.00 60.00 3.37e-05
-30.00 60.00 -0.0008277
-25.00 60.00 -0.0014074
-20.00 60.00 -0.0014399
-15.00 60.00 -0.0011791
-10.00 60.00 -0.0011438
-5.00 60.00 -0.0016713
0.00 60.00 -0.0026387
5.00 60.00 -0.0035572
10.00 60.00 -0.0039462
15.00 60.00 -0.0036862
20.00 60.00 -0.0030817
25.00 60.00 -0.002597
30.00 60.00 -0.0024771
35.00 60.00 -0.0025585
40.00 60.00 -0.0024262
45.00 60.00 -0.0017962
50.00 60.00 -0.0007987
55.00 60.00 0.000102
60.00 60.00 0.0005071
65.00 60.00 0.0004573
70.00 60.00 0.0004276
75.00 60.00 0.0009143
80.00 60.00 0.0019669
85.00 60.00 0.0030864
90.00 60.00 0.0035953
95.00 60.00 0.0031708
100.00 60.00 0.002105
105.00 60.00 0.0011061
110.00 60.00 0.000827
115.00 60.00 0.0014836
120.00 60.00 0.0027939
125.00 60.00 0.0041962
130.00 60.00 0.0051355
135.00 60.00 0.0052368
140.00 60.00 0.0043384
145.00 60.00 0.0024745
150.00 60.00 -0.0001117
155.00 60.00 -0.0029465
160.00 60.00 -0.005392
165.00 60.00 -0.0068569
170.00 60.00 -0.007075
175.00 60.00 -0.0062633
180.00 60.00 -0.0050103
-180.00 65.00 -0.0031981
-175.00 65.00 -0.0031231
-170.00 65.00 -0.0035345
-165.00 65.00 -0.0039918
-160.00 65.00 -0.0040302
-155.00 65.00 -0.0034215
-150.00 65.00 -0.0023073
-145.00 65.00 -0.0011192
-140.00 65.00 -0.0003248
-135.00 65.00 -0.0001501
-130.00 65.00 -0.0004431
-125.00 65.00 -0.0007616
-120.00 65.00 -0.0006287
-115.00 65.00 0.000196
-110.00 65.00 0.0015852
-105.00 65.00 0.0031128
-100.00 65.00 0.0042621
-95.00 65.00 0.0046457
-90.00 65.00 0.0041291
-85.00 65.00 0.0028355
-80.00 65.00 0.001075
-75.00 65.00 -0.0007456
-70.00 65.00 -0.0022143
-65.00 65.00 -0.0030139
-60.00 65.00 -0.0030282
-55.00 65.00 -0.0024077
-50.00 65.00 -0.0015339
-45.00 65.00 -0.0008678
-40.00 65.00 -0.0007454
-35.00 65.00 -0.0012362
-30.00 65.00 -0.0021501
-25.00 65.00 -0.0031783
-20.00 65.00 -0.0040691
-15.00 65.00 -0.0047205
-10.00 65.00 -0.0051508
-5.00 65.00 -0.0054001
0.00 65.00 -0.0054599
5.00 65.00 -0.0052896
10.00 65.00 -0.0048922
15.00 65.00 -0.0043708
20.00 65.00 -0.0038988
25.00 65.00 -0.0036153
30.00 65.00 -0.0035221
35.00 65.00 -0.0034692
40.00 65.00 -0.0032536
45.00 65.00 -0.0027634
50.00 65.00 -0.0020604
55.00 65.00 -0.0013315
60.00 65.00 -0.0007435
65.00 65.00 -0.000316
70.00 65.00 8.49e-05
75.00 65.00 0.0006286
80.00 65.00 0.0013745
85.00 65.00 0.00222
90.00 65.00 0.0029771
95.00 65.00 0.0035091
100.00 65.00 0.0038095
105.00 65.00 0.0039656
110.00 65.00 0.0040431
115.00 65.00 0.0039905
120.00 65.00 0.003637
125.00 65.00 0.0027832
130.00 65.00 0.0013249
135.00 65.00 -0.0006643
140.00 65.00 -0.0029253
145.00 65.00 -0.0050762
150.00 65.00 -0.0067152
155.00 65.00 -0.0075345
160.00 65.00 -0.0074206
165.00 65.00 -0.0065134
170.00 65.00 -0.0051883
175.00 65.00 -0.0039413
180.00 65.00 -0.0031981
-180.00 70.00 -0.0003804
-175.00 70.00 -0.0011092
-170.00 70.00 -0.0023078
-165.00 70.00 -0.0035573
-160.00 70.00 -0.0044402
-155.00 70.00 -0.0046778
-150.00 70.00 -0.0042069
-145.00 70.00 -0.0031668
-140.00 70.00 -0.0018098
-135.00 70.00 -0.0003845
-130.00 70.00 0.0009513
-125.00 70.00 0.0021522
-120.00 70.00 0.0032418
-115.00 70.00 0.0042409
-110.00 70.00 0.0051101
-105.00 70.00 0.0057395
-100.00 70.00 0.0059857
-95.00 70.00 0.0057341
-90.00 70.00 0.0049562
-85.00 70.00 0.0037371
-80.00 70.00 0.0022659
-75.00 70.00 0.000792
-70.00 70.00 -0.000441
-65.00 70.00 -0.0012641
-60.00 70.00 -0.0016349
-55.00 70.00 -0.0016517
-50.00 70.00 -0.0015209
-45.00 70.00 -0.0014849
-40.00 70.00 -0.0017389
-35.00 70.00 -0.0023673
-30.00 70.00 -0.0033259
-25.00 70.00 -0.0044691
-20.00 70.00 -0.0056043
-15.00 70.00 -0.0065464
-10.00 70.00 -0.0071552
-5.00 70.00 -0.007354
0.00 70.00 -0.0071338
5.00 70.00 -0.0065522
10.00 70.00 -0.0057236
15.00 70.00 -0.0047951
20.00 70.00 -0.0039088
25.00 70.00 -0.0031615
30.00 70.00 -0.0025814
35.00 70.00 -0.0021348
40.00 70.00 -0.0017622
45.00 70.00 -0.00142
50.00 70.00 -0.0011039
55.00 70.00 -0.0008388
60.00 70.00 -0.0006461
65.00 70.00 -0.0005113
70.00 70.00 -0.0003773
75.00 70.00 -0.0001666
80.00 70.00 0.0001813
85.00 70.00 0.0006803
90.00 70.00 0.0012884
95.00 70.00 0.0019174
100.00 70.00 0.0024489
105.00 70.00 0.0027506
110.00 70.00 0.0026916
115.00 70.00 0.0021676
120.00 70.00 0.0011351
125.00 70.00 -0.0003526
130.00 70.00 -0.0021251
135.00 70.00 -0.0039081
140.00 70.00 -0.0053744
145.00 70.00 -0.0062249
150.00 70.00 -0.0062759
155.00 70.00 -0.0055254
160.00 70.00 -0.004174
165.00 70.00 -0.0025873
170.00 70.00 -0.0012016
175.00 70.00 -0.0003976
180.00 70.00 -0.0003804
-180.00 75.00 0.0030061
-175.00 75.00 0.0018664
-170.00 75.00 0.0004243
-165.00 75.00 -0.0010764
-160.00 75.00 -0.002386
-155.00 75.00 -0.0033011
-150.00 75.00 -0.0037021
-145.00 75.00 -0.0035662
-140.00 75.00 -0.0029562
-135.00 75.00 -0.0019929
-130.00 75.00 -0.0008235
-125.00 75.00 0.0004064
-120.00 75.00 0.0015694
-115.00 75.00 0.0025625
-110.00 75.00 0.003308
-105.00 75.00 0.0037525
-100.00 75.00 0.0038696
-95.00 75.00 0.0036653
-90.00 75.00 0.0031816
-85.00 75.00 0.0024955
-80.00 75.00 0.0017087
-75.00 75.00 0.0009299
-70.00 75.00 0.0002514
-65.00 75.00 -0.0002711
-60.00 75.00 -0.0006299
-55.00 75.00 -0.0008652
-50.00 75.00 -0.0010507
-45.00 75.00 -0.0012712
-40.00 75.00 -0.0015969
-35.00 75.00 -0.0020629
-30.00 75.00 -0.0026587
-25.00 75.00 -0.0033294
-20.00 75.00 -0.0039887
-15.00 75.00 -0.0045388
-10.00 75.00 -0.0048923
-5.00 75.00 -0.0049906
0.00 75.00 -0.0048155
5.00 75.00 -0.0043912
10.00 75.00 -0.0037773
15.00 75.00 -0.003055
20.00 75.00 -0.0023109
25.00 75.00 -0.0016221
30.00 75.00 -0.0010467
35.00 75.00 -0.0006204
40.00 75.00 -0.0003579
45.00 75.00 -0.0002582
50.00 75.00 -0.0003076
55.00 75.00 -0.0004819
60.00 75.00 -0.000746
65.00 75.00 -0.0010539
70.00 75.00 -0.0013513
75.00 75.00 -0.0015831
80.00 75.00 -0.0017041
85.00 75.00 -0.0016905
90.00 75.00 -0.0015481
95.00 75.00 -0.0013132
100.00 75.00 -0.0010458
105.00 75.00 -0.0008152
110.00 75.00 -0.0006814
115.00 75.00 -0.0006762
120.00 75.00 -0.0007907
125.00 75.00 -0.0009699
130.00 75.00 -0.0011202
135.00 75.00 -0.0011293
140.00 75.00 -0.0008961
145.00 75.00 -0.0003637
150.00 75.00 0.0004535
155.00 75.00 0.0014582
160.00 75.00 0.0024806
165.00 75.00 0.0033112
170.00 75.00 0.0037506
175.00 75.00 0.003661
180.00 75.00 0.0030061
-180.00 80.00 0.0040176
-175.00 80.00 0.0031856
-170.00 80.00 0.0022108
-165.00 80.00 0.0011797
-160.00 80.00 0.0001829
-155.00 80.00 -0.0006981
-150.00 80.00 -0.0014007
-145.00 80.00 -0.0018882
-140.00 80.00 -0.0021513
-135.00 80.00 -0.0022057
-130.00 80.00 -0.0020876
-125.00 80.00 -0.0018457
-120.00 80.00 -0.0015338
-115.00 80.00 -0.0012037
-110.00 80.00 -0.0008994
-105.00 80.00 -0.0006537
-100.00 80.00 -0.0004856
-95.00 80.00 -0.0004002
-90.00 80.00 -0.0003903
-85.00 80.00 -0.0004391
-80.00 80.00 -0.0005251
-75.00 80.00 -0.0006261
-70.00 80.00 -0.0007242
-65.00 80.00 -0.0008086
-60.00 80.00 -0.0008776
-55.00 80.00 -0.0009371
-50.00 80.00 -0.0009989
-45.00 80.00 -0.0010762
-40.00 80.00 -0.0011794
-35.00 80.00 -0.0013126
-30.00 80.00 -0.0014715
-25.00 80.00 -0.001644
-20.00 80.00 -0.0018116
-15.00 80.00 -0.0019533
-10.00 80.00 -0.0020495
-5.00 80.00 -0.0020871
0.00 80.00 -0.0020617
5.00 80.00 -0.0019787
10.00 80.00 -0.0018527
15.00 80.00 -0.0017058
20.00 80.00 -0.0015639
25.00 80.00 -0.0014534
30.00 80.00 -0.0013966
35.00 80.00 -0.0014101
40.00 80.00 -0.0015026
45.00 80.00 -0.0016739
50.00 80.00 -0.0019149
55.00 80.00 -0.0022079
60.00 80.00 -0.0025286
65.00 80.00 -0.0028484
70.00 80.00 -0.0031363
75.00 80.00 -0.0033627
80.00 80.00 -0.0035019
85.00 80.00 -0.0035348
90.00 80.00 -0.0034509
95.00 80.00 -0.0032475
100.00 80.00 -0.0029298
105.00 80.00 -0.0025077
110.00 80.00 -0.0019936
115.00 80.00 -0.0013995
120.00 80.00 -0.0007365
125.00 80.00 -1.47e-05
130.00 80.00 0.0007551
135.00 80.00 0.0015579
140.00 80.00 0.0023705
145.00 80.00 0.0031588
150.00 80.00 0.0038774
155.00 80.00 0.0044727
160.00 80.00 0.0048886
165.00 80.00 0.0050743
170.00 80.00 0.004994
175.00 80.00 0.0046359
180.00 80.00 0.0040176
-180.00 85.00 0.0009365
-175.00 85.00 0.0007147
-170.00 85.00 0.0004468
-165.00 85.00 0.0001477
-160.00 85.00 -0.0001674
-155.00 85.00 -0.0004848
-150.00 85.00 -0.000793
-145.00 85.00 -0.001082
-140.00 85.00 -0.0013431
-135.00 85.00 -0.0015694
-130.00 85.00 -0.0017574
-125.00 85.00 -0.0019074
-120.00 85.00 -0.0020226
-115.00 85.00 -0.0021074
-110.00 85.00 -0.0021658
-105.00 85.00 -0.0022008
-100.00 85.00 -0.0022159
-95.00 85.00 -0.0022156
-90.00 85.00 -0.0022051
-85.00 85.00 -0.0021883
-80.00 85.00 -0.0021671
-75.00 85.00 -0.0021421
-70.00 85.00 -0.0021138
-65.00 85.00 -0.0020846
-60.00 85.00 -0.0020577
-55.00 85.00 -0.0020359
-50.00 85.00 -0.0020205
-45.00 85.00 -0.0020111
-40.00 85.00 -0.0020079
-35.00 85.00 -0.0020122
-30.00 85.00 -0.0020262
-25.00 85.00 -0.0020508
-20.00 85.00 -0.0020848
-15.00 85.00 -0.0021258
-10.00 85.00 -0.002172
-5.00 85.00 -0.0022235
0.00 85.00 -0.0022816
5.00 85.00 -0.0023473
10.00 85.00 -0.0024202
15.00 85.00 -0.0024987
20.00 85.00 -0.0025824
25.00 85.00 -0.0026721
30.00 85.00 -0.0027691
35.00 85.00 -0.0028728
40.00 85.00 -0.0029799
45.00 85.00 -0.0030854
50.00 85.00 -0.0031838
55.00 85.00 -0.0032703
60.00 85.00 -0.0033404
65.00 85.00 -0.0033879
70.00 85.00 -0.0034054
75.00 85.00 -0.0033851
80.00 85.00 -0.0033211
85.00 85.00 -0.0032103
90.00 85.00 -0.003052
95.00 85.00 -0.0028464
100.00 85.00 -0.0025944
105.00 85.00 -0.0022984
110.00 85.00 -0.0019636
115.00 85.00 -0.0015986
120.00 85.00 -0.0012141
125.00 85.00 -0.0008216
130.00 85.00 -0.0004322
135.00 85.00 -5.73e-05
140.00 85.00 0.0002909
145.00 85.00 0.0005993
150.00 85.00 0.0008551
155.00 85.00 0.0010478
160.00 85.00 0.0011705
165.00 85.00 0.00122
170.00 85.00 0.0011958
175.00 85.00 0.0010997
180.00 85.00 0.0009365
-180.00 90.00 -0.0023209
-175.00 90.00 -0.0023209
-170.00 90.00 -0.0023209
-165.00 90.00 -0.0023209
-160.00 90.00 -0.0023209
-155.00 90.00 -0.0023209
-150.00 90.00 -0.0023209
-145.00 90.00 -0.0023209
-140.00 90.00 -0.0023209
-135.00 90.00 -0.0023209
-130.00 90.00 -0.0023209
-125.00 90.00 -0.0023209
-120.00 90.00 -0.0023209
-115.00 90.00 -0.0023209
-110.00 90.00 -0.0023209
-105.00 90.00 -0.0023209
-100.00 90.00 -0.0023209
-95.00 90.00 -0.0023209
-90.00 90.00 -0.0023209
-85.00 90.00 -0.0023209
-80.00 90.00 -0.0023209
-75.00 90.00 -0.0023209
-70.00 90.00 -0.0023209
-65.00 90.00 -0.0023209
-60.00 90.00 -0.0023209
-55.00 90.00 -0.0023209
-50.00 90.00 -0.0023209
-45.00 90.00 -0.0023209
-40.00 90.00 -0.0023209
-35.00 90.00 -0.0023209
-30.00 90.00 -0.0023209
-25.00 90.00 -0.0023209
-20.00 90.00 -0.0023209
-15.00 90.00 -0.0023209
-10.00 90.00 -0.0023209
-5.00 90.00 -0.0023209
0.00 90.00 -0.0023209
5.00 90.00 -0.0023209
10.00 90.00 -0.0023209
15.00 90.00 -0.0023209
20.00 90.00 -0.0023209
25.00 90.00 -0.0023209
30.00 90.00 -0.0023209
35.00 90.00 -0.0023209
40.00 90.00 -0.0023209
45.00 90.00 -0.0023209
50.00 90.00 -0.0023209
55.00 90.00 -0.0023209
60.00 90.00 -0.0023209
65.00 90.00 -0.0023209
70.00 90.00 -0.0023209
75.00 90.00 -0.0023209
80.00 90.00 -0.0023209
85.00 90.00 -0.0023209
90.00 90.00 -0.0023209
95.00 90.00 -0.0023209
100.00 90.00 -0.0023209
105.00 90.00 -0.0023209
110.00 90.00 -0.0023209
115.00 90.00 -0.0023209
120.00 90.00 -0.0023209
125.00 90.00 -0.0023209
130.00 90.00 -0.0023209
135.00 90.00 -0.0023209
140.00 90.00 -0.0023209
145.00 90.00 -0.0023209
150.00 90.00 -0.0023209
155.00 90.00 -0.0023209
160.00 90.00 -0.0023209
165.00 90.00 -0.0023209
170.00 90.00 -0.0023209
175.00 90.00 -0.0023209
180.00 90.00 -0.0023209
