-180.00 -90.00 0.00142347
-175.00 -90.00 0.00142353
-170.00 -90.00 0.00142359
-165.00 -90.00 0.00142365
-160.00 -90.00 0.00142371
-155.00 -90.00 0.00142377
-150.00 -90.00 0.0014238
-145.00 -90.00 0.00142383
-140.00 -90.00 0.00142386
-135.00 -90.00 0.00142386
-130.00 -90.00 0.00142386
-125.00 -90.00 0.00142383
-120.00 -90.00 0.0014238
-115.00 -90.00 0.00142377
-110.00 -90.00 0.00142374
-105.00 -90.00 0.00142368
-100.00 -90.00 0.00142362
-95.00 -90.00 0.00142356
-90.00 -90.00 0.0014235
-85.00 -90.00 0.00142344
-80.00 -90.00 0.00142338
-75.00 -90.00 0.00142332
-70.00 -90.00 0.00142326
-65.00 -90.00 0.00142323
-60.00 -90.00 0.00142317
-55.00 -90.00 0.00142314
-50.00 -90.00 0.00142314
-45.00 -90.00 0.00142311
-40.00 -90.00 0.00142311
-35.00 -90.00 0.00142314
-30.00 -90.00 0.00142317
-25.00 -90.00 0.0014232
-20.00 -90.00 0.00142323
-15.00 -90.00 0.00142329
-10.00 -90.00 0.00142335
-5.00 -90.00 0.00142341
0.00 -90.00 0.00142347
5.00 -90.00 0.00142353
10.00 -90.00 0.00142359
15.00 -90.00 0.00142365
20.00 -90.00 0.00142371
25.00 -90.00 0.00142377
30.00 -90.00 0.0014238
35.00 -90.00 0.00142383
40.00 -90.00 0.00142386
45.00 -90.00 0.00142386
50.00 -90.00 0.00142386
55.00 -90.00 0.00142383
60.00 -90.00 0.0014238
65.00 -90.00 0.00142377
70.00 -90.00 0.00142374
75.00 -90.00 0.00142368
80.00 -90.00 0.00142362
85.00 -90.00 0.00142356
90.00 -90.00 0.0014235
95.00 -90.00 0.00142344
100.00 -90.00 0.00142338
105.00 -90.00 0.00142332
110.00 -90.00 0.00142326
115.00 -90.00 0.00142323
120.00 -90.00 0.00142317
125.00 -90.00 0.00142314
130.00 -90.00 0.00142314
135.00 -90.00 0.00142311
140.00 -90.00 0.00142311
145.00 -90.00 0.00142314
150.00 -90.00 0.00142317
155.00 -90.00 0.0014232
160.00 -90.00 0.00142323
165.00 -90.00 0.00142329
170.00 -90.00 0.00142335
175.00 -90.00 0.00142341
180.00 -90.00 0.00142347
-180.00 -85.00 0.00054456
-175.00 -85.00 0.00052986
-170.00 -85.00 0.00052191
-165.00 -85.00 0.00052167
-160.00 -85.00 0.00052992
-155.00 -85.00 0.00054708
-150.00 -85.00 0.00057354
-145.00 -85.00 0.00060963
-140.00 -85.00 0.00065565
-135.00 -85.00 0.00071154
-130.00 -85.00 0.00077667
-125.00 -85.00 0.00085002
-120.00 -85.00 0.00093042
-115.00 -85.00 0.00101658
-110.00 -85.00 0.00110709
-105.00 -85.00 0.00120018
-100.00 -85.00 0.00129387
-95.00 -85.00 0.00138594
-90.00 -85.00 0.0014745
-85.00 -85.00 0.00155787
-80.00 -85.00 0.0016347
-75.00 -85.00 0.00170352
-70.00 -85.00 0.00176319
-65.00 -85.00 0.00181284
-60.00 -85.00 0.00185217
-55.00 -85.00 0.00188133
-50.00 -85.00 0.00190068
-45.00 -85.00 0.00191085
-40.00 -85.00 0.00191262
-35.00 -85.00 0.00190722
-30.00 -85.00 0.00189612
-25.00 -85.00 0.00188088
-20.00 -85.00 0.00186309
-15.00 -85.00 0.00184407
-10.00 -85.00 0.00182526
-5.00 -85.00 0.00180792
0.00 -85.00 0.0017931
5.00 -85.00 0.00178143
10.00 -85.00 0.00177318
15.00 -85.00 0.00176826
20.00 -85.00 0.0017664
25.00 -85.00 0.001767
30.00 -85.00 0.00176907
35.00 -85.00 0.00177129
40.00 -85.00 0.00177216
45.00 -85.00 0.00177027
50.00 -85.00 0.0017643
55.00 -85.00 0.0017529
60.00 -85.00 0.00173472
65.00 -85.00 0.0017088
70.00 -85.00 0.0016746
75.00 -85.00 0.00163224
80.00 -85.00 0.0015822
85.00 -85.00 0.00152526
90.00 -85.00 0.00146247
95.00 -85.00 0.00139524
100.00 -85.00 0.00132525
105.00 -85.00 0.00125433
110.00 -85.00 0.0011841
115.00 -85.00 0.00111573
120.00 -85.00 0.00105003
125.00 -85.00 0.0009876
130.00 -85.00 0.00092892
135.00 -85.00 0.00087423
140.00 -85.00 0.00082347
145.00 -85.00 0.00077628
150.00 -85.00 0.00073236
155.00 -85.00 0.00069153
160.00 -85.00 0.00065403
165.00 -85.00 0.00062019
170.00 -85.00 0.00059037
175.00 -85.00 0.00056499
180.00 -85.00 0.00054456
-180.00 -80.00 -0.00035463
-175.00 -80.00 -0.00045417
-170.00 -80.00 -0.00053421
-165.00 -80.00 -0.00059202
-160.00 -80.00 -0.00062727
-155.00 -80.00 -0.00063912
-150.00 -80.00 -0.00062583
-145.00 -80.00 -0.0005868
-140.00 -80.00 -0.00052302
-135.00 -80.00 -0.00043467
-130.00 -80.00 -0.00032037
-125.00 -80.00 -0.00017976
-120.00 -80.00 -1.551e-05
-115.00 -80.00 0.00016833
-110.00 -80.00 0.00036819
-105.00 -80.00 0.00057945
-100.00 -80.00 0.00079491
-95.00 -80.00 0.00100677
-90.00 -80.00 0.00120975
-85.00 -80.00 0.00140025
-80.00 -80.00 0.00157419
-75.00 -80.00 0.00172704
-70.00 -80.00 0.00185637
-65.00 -80.00 0.00196188
-60.00 -80.00 0.00204249
-55.00 -80.00 0.00209601
-50.00 -80.00 0.00212199
-45.00 -80.00 0.00212286
-40.00 -80.00 0.00210165
-35.00 -80.00 0.00206067
-30.00 -80.00 0.00200337
-25.00 -80.00 0.00193602
-20.00 -80.00 0.00186561
-15.00 -80.00 0.001797
-10.00 -80.00 0.001734
-5.00 -80.00 0.00168102
0.00 -80.00 0.00164208
5.00 -80.00 0.00161793
10.00 -80.00 0.0016068
15.00 -80.00 0.00160734
20.00 -80.00 0.00161931
25.00 -80.00 0.00164127
30.00 -80.00 0.00167043
35.00 -80.00 0.00170499
40.00 -80.00 0.00174474
45.00 -80.00 0.00178818
50.00 -80.00 0.00183054
55.00 -80.00 0.00186567
60.00 -80.00 0.0018879
65.00 -80.00 0.00189108
70.00 -80.00 0.00186804
75.00 -80.00 0.00181323
80.00 -80.00 0.00172614
85.00 -80.00 0.0016113
90.00 -80.00 0.00147549
95.00 -80.00 0.0013275
100.00 -80.00 0.0011787
105.00 -80.00 0.00104085
110.00 -80.00 0.00092172
115.00 -80.00 0.0008238
120.00 -80.00 0.00074586
125.00 -80.00 0.00068433
130.00 -80.00 0.00063231
135.00 -80.00 0.00058023
140.00 -80.00 0.00051966
145.00 -80.00 0.00044601
150.00 -80.00 0.00035739
155.00 -80.00 0.00025323
160.00 -80.00 0.00013539
165.00 -80.00 9.36e-06
170.00 -80.00 -0.0001179
175.00 -80.00 -0.00024075
180.00 -80.00 -0.00035463
-180.00 -75.00 -0.00121272
-175.00 -75.00 -0.00138789
-170.00 -75.00 -0.00150678
-165.00 -75.00 -0.00157125
-160.00 -75.00 -0.00158862
-155.00 -75.00 -0.00157092
-150.00 -75.00 -0.00153168
-145.00 -75.00 -0.00148203
-140.00 -75.00 -0.00142734
-135.00 -75.00 -0.00136452
-130.00 -75.00 -0.00128262
-125.00 -75.00 -0.00116778
-120.00 -75.00 -0.00100923
-115.00 -75.00 -0.00080409
-110.00 -75.00 -0.00055983
-105.00 -75.00 -0.00029322
-100.00 -75.00 -2.466e-05
-95.00 -75.00 0.00022884
-90.00 -75.00 0.00045771
-85.00 -75.00 0.00066069
-80.00 -75.00 0.0008427
-75.00 -75.00 0.00101028
-70.00 -75.00 0.00116682
-65.00 -75.00 0.00131088
-60.00 -75.00 0.00143823
-55.00 -75.00 0.00154404
-50.00 -75.00 0.00162477
-45.00 -75.00 0.00167979
-40.00 -75.00 0.00171162
-35.00 -75.00 0.0017241
-30.00 -75.00 0.00172167
-25.00 -75.00 0.00171027
-20.00 -75.00 0.00169725
-15.00 -75.00 0.00168987
-10.00 -75.00 0.00169392
-5.00 -75.00 0.00171204
0.00 -75.00 0.00174132
5.00 -75.00 0.00177258
10.00 -75.00 0.00179286
15.00 -75.00 0.00178896
20.00 -75.00 0.00175077
25.00 -75.00 0.00167502
30.00 -75.00 0.0015684
35.00 -75.00 0.00144714
40.00 -75.00 0.00133374
45.00 -75.00 0.00125217
50.00 -75.00 0.00122145
55.00 -75.00 0.00124863
60.00 -75.00 0.00132459
65.00 -75.00 0.00142542
70.00 -75.00 0.00151809
75.00 -75.00 0.00156918
80.00 -75.00 0.00155511
85.00 -75.00 0.00147054
90.00 -75.00 0.00133032
95.00 -75.00 0.0011652
100.00 -75.00 0.00101355
105.00 -75.00 0.00091014
110.00 -75.00 0.00087519
115.00 -75.00 0.00090798
120.00 -75.00 0.00098748
125.00 -75.00 0.00107772
130.00 -75.00 0.00113736
135.00 -75.00 0.00113076
140.00 -75.00 0.00103713
145.00 -75.00 0.00085353
150.00 -75.00 0.00059304
155.00 -75.00 0.0002799
160.00 -75.00 -5.757e-05
165.00 -75.00 -0.00039348
170.00 -75.00 -0.00070728
175.00 -75.00 -0.00098382
180.00 -75.00 -0.00121272
-180.00 -70.00 -0.00166041
-175.00 -70.00 -0.00179736
-170.00 -70.00 -0.00185421
-165.00 -70.00 -0.00182109
-160.00 -70.00 -0.00170517
-155.00 -70.00 -0.0015378
-150.00 -70.00 -0.00136875
-145.00 -70.00 -0.00124995
-140.00 -70.00 -0.00121488
-135.00 -70.00 -0.00126285
-130.00 -70.00 -0.00135561
-125.00 -70.00 -0.00143001
-120.00 -70.00 -0.00142308
-115.00 -70.00 -0.0012999
-110.00 -70.00 -0.00107067
-105.00 -70.00 -0.00078696
-100.00 -70.00 -0.00051714
-95.00 -70.00 -0.00031248
-90.00 -70.00 -0.00018267
-85.00 -70.00 -9.486e-05
-80.00 -70.00 3.3e-06
-75.00 -70.00 0.00015105
-70.00 -70.00 0.00035202
-65.00 -70.00 0.00057519
-60.00 -70.00 0.00077628
-55.00 -70.00 0.00092454
-50.00 -70.00 0.00101715
-45.00 -70.00 0.00107463
-40.00 -70.00 0.00112248
-35.00 -70.00 0.00117426
-30.00 -70.00 0.00122751
-25.00 -70.00 0.00127356
-20.00 -70.00 0.00131187
-15.00 -70.00 0.00135687
-10.00 -70.00 0.00143136
-5.00 -70.00 0.00155133
0.00 -70.00 0.00171255
5.00 -70.00 0.0018876
10.00 -70.00 0.00203397
15.00 -70.00 0.00210765
20.00 -70.00 0.00207447
25.00 -70.00 0.00191706
30.00 -70.00 0.00163881
35.00 -70.00 0.00126741
40.00 -70.00 0.00085644
45.00 -70.00 0.00047994
50.00 -70.00 0.00021579
55.00 -70.00 0.00012099
60.00 -70.00 0.00020847
65.00 -70.00 0.00043761
70.00 -70.00 0.00072579
75.00 -70.00 0.00097761
80.00 -70.00 0.00111963
85.00 -70.00 0.00112632
90.00 -70.00 0.00102702
95.00 -70.00 0.00089262
100.00 -70.00 0.00080877
105.00 -70.00 0.00084483
110.00 -70.00 0.00102918
115.00 -70.00 0.00133731
120.00 -70.00 0.00169614
125.00 -70.00 0.00200397
130.00 -70.00 0.00216081
135.00 -70.00 0.00209964
140.00 -70.00 0.0018075
145.00 -70.00 0.00132816
150.00 -70.00 0.00074439
155.00 -70.00 0.00014799
160.00 -70.00 -0.00038988
165.00 -70.00 -0.00083445
170.00 -70.00 -0.00118452
175.00 -70.00 -0.00145569
180.00 -70.00 -0.00166041
-180.00 -65.00 -0.00150855
-175.00 -65.00 -0.0016254
-170.00 -65.00 -0.00168699
-165.00 -65.00 -0.00162648
-160.00 -65.00 -0.00142071
-155.00 -65.00 -0.00110544
-150.00 -65.00 -0.00076362
-145.00 -65.00 -0.00049776
-140.00 -65.00 -0.00039513
-135.00 -65.00 -0.00049281
-130.00 -65.00 -0.00075255
-125.00 -65.00 -0.00106107
-120.00 -65.00 -0.00126888
-115.00 -65.00 -0.00126078
-110.00 -65.00 -0.00102411
-105.00 -65.00 -0.00066681
-100.00 -65.00 -0.00036078
-95.00 -65.00 -0.00023493
-90.00 -65.00 -0.00028608
-85.00 -65.00 -0.00037404
-80.00 -65.00 -0.00031128
-75.00 -65.00 1.044e-05
-70.00 -65.00 0.0005442
-65.00 -65.00 0.00111483
-60.00 -65.00 0.00152799
-55.00 -65.00 0.0016848
-50.00 -65.00 0.00162615
-45.00 -65.00 0.0014835
-40.00 -65.00 0.00137832
-35.00 -65.00 0.00134256
-30.00 -65.00 0.00131394
-25.00 -65.00 0.00120225
-20.00 -65.00 0.00097356
-15.00 -65.00 0.00068769
-10.00 -65.00 0.00046257
-5.00 -65.00 0.00039588
0.00 -65.00 0.00050439
5.00 -65.00 0.00072363
10.00 -65.00 0.00095955
15.00 -65.00 0.00114483
20.00 -65.00 0.00125613
25.00 -65.00 0.00128868
30.00 -65.00 0.00122346
35.00 -65.00 0.00102711
40.00 -65.00 0.00068961
45.00 -65.00 0.00026655
50.00 -65.00 -0.0001194
55.00 -65.00 -0.00033111
60.00 -65.00 -0.00029457
65.00 -65.00 -4.65e-05
70.00 -65.00 0.00028158
75.00 -65.00 0.00053445
80.00 -65.00 0.00061362
85.00 -65.00 0.00052011
90.00 -65.00 0.00034176
95.00 -65.00 0.00020244
100.00 -65.00 0.00020682
105.00 -65.00 0.00040629
110.00 -65.00 0.00078936
115.00 -65.00 0.00128748
120.00 -65.00 0.00178692
125.00 -65.00 0.00214932
130.00 -65.00 0.00224634
135.00 -65.00 0.00200553
140.00 -65.00 0.00144855
145.00 -65.00 0.00069615
150.00 -65.00 -7.272e-05
155.00 -65.00 -0.00069399
160.00 -65.00 -0.00108531
165.00 -65.00 -0.00126966
170.00 -65.00 -0.0013428
175.00 -65.00 -0.00140637
180.00 -65.00 -0.00150855
-180.00 -60.00 -0.00198819
-175.00 -60.00 -0.0021675
-170.00 -60.00 -0.00224652
-165.00 -60.00 -0.0021627
-160.00 -60.00 -0.00193539
-155.00 -60.00 -0.00161856
-150.00 -60.00 -0.0012513
-145.00 -60.00 -0.00085983
-140.00 -60.00 -0.00049974
-135.00 -60.00 -0.00027513
-130.00 -60.00 -0.00028599
-125.00 -60.00 -0.00052881
-120.00 -60.00 -0.00084309
-115.00 -60.00 -0.00098355
-110.00 -60.00 -0.00079779
-105.00 -60.00 -0.00037215
-100.00 -60.00 3.3e-07
-95.00 -60.00 4.401e-05
-90.00 -60.00 -0.00024858
-85.00 -60.00 -0.00055845
-80.00 -60.00 -0.00045033
-75.00 -60.00 0.00030021
-70.00 -60.00 0.00151905
-65.00 -60.00 0.00273156
-60.00 -60.00 0.0034683
-55.00 -60.00 0.00355227
-50.00 -60.00 0.00317403
-45.00 -60.00 0.00272205
-40.00 -60.00 0.00249936
-35.00 -60.00 0.00252141
-30.00 -60.00 0.00253038
-25.00 -60.00 0.00221268
-20.00 -60.00 0.00145902
-15.00 -60.00 0.00046869
-10.00 -60.00 -0.00038505
-5.00 -60.00 -0.00082041
0.00 -60.00 -0.00082887
5.00 -60.00 -0.00063312
10.00 -60.00 -0.00047445
15.00 -60.00 -0.00042027
20.00 -60.00 -0.00035019
25.00 -60.00 -0.00011436
30.00 -60.00 0.0002901
35.00 -60.00 0.00068475
40.00 -60.00 0.00084687
45.00 -60.00 0.00069756
50.00 -60.00 0.00037665
55.00 -60.00 0.00013875
60.00 -60.00 0.00015471
65.00 -60.00 0.00038049
70.00 -60.00 0.00059652
75.00 -60.00 0.00058002
80.00 -60.00 0.00027192
85.00 -60.00 -0.0001854
90.00 -60.00 -0.00055371
95.00 -60.00 -0.000654
100.00 -60.00 -0.00045657
105.00 -60.00 -5.931e-05
110.00 -60.00 0.00040038
115.00 -60.00 0.00081792
120.00 -60.00 0.001131
125.00 -60.00 0.00128535
130.00 -60.00 0.00121212
135.00 -60.00 0.0008538
140.00 -60.00 0.00022377
145.00 -60.00 -0.00055443
150.00 -60.00 -0.00127698
155.00 -60.00 -0.00175692
160.00 -60.00 -0.00192909
165.00 -60.00 -0.0018852
170.00 -60.00 -0.0018057
175.00 -60.00 -0.00183435
180.00 -60.00 -0.00198819
-180.00 -55.00 -0.00353778
-175.00 -55.00 -0.00365091
-170.00 -55.00 -0.00343605
-165.00 -55.00 -0.00301716
-160.00 -55.00 -0.00266037
-155.00 -55.00 -0.00253149
-150.00 -55.00 -0.00252705
-145.00 -55.00 -0.00235296
-140.00 -55.00 -0.00179787
-135.00 -55.00 -0.00096561
-130.00 -55.00 -0.00024861
-125.00 -55.00 -3.096e-05
-120.00 -55.00 -0.00035046
-115.00 -55.00 -0.00082794
-110.00 -55.00 -0.00097632
-105.00 -55.00 -0.00064719
-100.00 -55.00 -0.0001878
-95.00 -55.00 -0.00010767
-90.00 -55.00 -0.0005373
-85.00 -55.00 -0.00100995
-80.00 -55.00 -0.00081423
-75.00 -55.00 0.00038805
-70.00 -55.00 0.0022395
-65.00 -55.00 0.00392712
-60.00 -55.00 0.00474846
-55.00 -55.00 0.0045465
-50.00 -55.00 0.00374349
-45.00 -55.00 0.00301989
-40.00 -55.00 0.00286683
-35.00 -55.00 0.00326691
-30.00 -55.00 0.00370341
-25.00 -55.00 0.0035361
-20.00 -55.00 0.00251259
-15.00 -55.00 0.00101169
-10.00 -55.00 -0.00022116
-5.00 -55.00 -0.00065013
0.00 -55.00 -0.00034485
5.00 -55.00 0.00014019
10.00 -55.00 0.00026952
15.00 -55.00 -4.089e-05
20.00 -55.00 -0.00041706
25.00 -55.00 -0.00040713
30.00 -55.00 0.00010416
35.00 -55.00 0.00079635
40.00 -55.00 0.00119481
45.00 -55.00 0.00107832
50.00 -55.00 0.00065904
55.00 -55.00 0.00038448
60.00 -55.00 0.00054126
65.00 -55.00 0.00100668
70.00 -55.00 0.00135393
75.00 -55.00 0.00120774
80.00 -55.00 0.00054654
85.00 -55.00 -0.00028416
90.00 -55.00 -0.00083265
95.00 -55.00 -0.00085068
100.00 -55.00 -0.00041838
105.00 -55.00 0.00017385
110.00 -55.00 0.00065232
115.00 -55.00 0.00090939
120.00 -55.00 0.00099135
125.00 -55.00 0.00098208
130.00 -55.00 0.00089844
135.00 -55.00 0.00067458
140.00 -55.00 0.00023307
145.00 -55.00 -0.00042075
150.00 -55.00 -0.00116172
155.00 -55.00 -0.00180981
160.00 -55.00 -0.00225831
165.00 -55.00 -0.0025545
170.00 -55.00 -0.00284229
175.00 -55.00 -0.00320157
180.00 -55.00 -0.00353778
-180.00 -50.00 -0.00365931
-175.00 -50.00 -0.00373065
-170.00 -50.00 -0.00326292
-165.00 -50.00 -0.00248931
-160.00 -50.00 -0.00195138
-155.00 -50.00 -0.00203181
-150.00 -50.00 -0.0025779
-145.00 -50.00 -0.00299007
-140.00 -50.00 -0.00270576
-135.00 -50.00 -0.00167835
-130.00 -50.00 -0.00047292
-125.00 -50.00 0.00012807
-120.00 -50.00 -0.0002433
-115.00 -50.00 -0.00118626
-110.00 -50.00 -0.00184998
-105.00 -50.00 -0.00172239
-100.00 -50.00 -0.00112203
-95.00 -50.00 -0.00082038
-90.00 -50.00 -0.00114369
-85.00 -50.00 -0.00153804
-80.00 -50.00 -0.00110859
-75.00 -50.00 0.00044646
-70.00 -50.00 0.00250287
-65.00 -50.00 0.00405411
-60.00 -50.00 0.00448305
-55.00 -50.00 0.00385605
-50.00 -50.00 0.00271038
-45.00 -50.00 0.00172659
-40.00 -50.00 0.00145896
-35.00 -50.00 0.00203874
-30.00 -50.00 0.00297039
-25.00 -50.00 0.00337815
-20.00 -50.00 0.00271725
-15.00 -50.00 0.00133041
-10.00 -50.00 0.00021327
-5.00 -50.00 0.00014283
0.00 -50.00 0.00101754
5.00 -50.00 0.00202236
10.00 -50.00 0.00238035
15.00 -50.00 0.00195459
20.00 -50.00 0.00123777
25.00 -50.00 0.00085752
30.00 -50.00 0.00105165
35.00 -50.00 0.00150882
40.00 -50.00 0.00167523
45.00 -50.00 0.00127308
50.00 -50.00 0.00057948
55.00 -50.00 0.00019671
60.00 -50.00 0.00051012
65.00 -50.00 0.00132972
70.00 -50.00 0.00203325
75.00 -50.00 0.00206424
80.00 -50.00 0.00135039
85.00 -50.00 0.00031881
90.00 -50.00 -0.0004557
95.00 -50.00 -0.00064926
100.00 -50.00 -0.00032403
105.00 -50.00 0.00024147
110.00 -50.00 0.00080445
115.00 -50.00 0.00126735
120.00 -50.00 0.00162765
125.00 -50.00 0.00189972
130.00 -50.00 0.00208194
135.00 -50.00 0.00213426
140.00 -50.00 0.00195471
145.00 -50.00 0.00142275
150.00 -50.00 0.00052908
155.00 -50.00 -0.00053733
160.00 -50.00 -0.00149223
165.00 -50.00 -0.00218811
170.00 -50.00 -0.00271623
175.00 -50.00 -0.00322704
180.00 -50.00 -0.00365931
-180.00 -45.00 -0.00073056
-175.00 -45.00 -0.00131817
-170.00 -45.00 -0.00148974
-165.00 -45.00 -0.00105393
-160.00 -45.00 -0.00050523
-155.00 -45.00 -0.00046368
-150.00 -45.00 -0.0010341
-145.00 -45.00 -0.0017544
-140.00 -45.00 -0.00204321
-135.00 -45.00 -0.00166389
-130.00 -45.00 -0.00091989
-125.00 -45.00 -0.00048843
-120.00 -45.00 -0.00088341
-115.00 -45.00 -0.00189294
-110.00 -45.00 -0.00265293
-105.00 -45.00 -0.0025077
-100.00 -45.00 -0.00176502
-95.00 -45.00 -0.00133923
-90.00 -45.00 -0.0015855
-85.00 -45.00 -0.00176838
-80.00 -45.00 -0.00091416
-75.00 -45.00 0.00097434
-70.00 -45.00 0.00285246
-65.00 -45.00 0.0037365
-60.00 -45.00 0.00354228
-55.00 -45.00 0.00276195
-50.00 -45.00 0.00172515
-45.00 -45.00 0.00056154
-40.00 -45.00 -0.0003198
-35.00 -45.00 -0.00030018
-30.00 -45.00 0.0006723
-25.00 -45.00 0.00172254
-20.00 -45.00 0.00184032
-15.00 -45.00 0.00097131
-10.00 -45.00 5.802e-05
-5.00 -45.00 7.23e-06
0.00 -45.00 0.00084684
5.00 -45.00 0.00191052
10.00 -45.00 0.00256764
15.00 -45.00 0.00263076
20.00 -45.00 0.00228507
25.00 -45.00 0.00188679
30.00 -45.00 0.00175863
35.00 -45.00 0.00194079
40.00 -45.00 0.00210858
45.00 -45.00 0.0018903
50.00 -45.00 0.00131637
55.00 -45.00 0.00085506
60.00 -45.00 0.00094947
65.00 -45.00 0.00156207
70.00 -45.00 0.00218487
75.00 -45.00 0.00225933
80.00 -45.00 0.00160626
85.00 -45.00 0.00052746
90.00 -45.00 -0.00046707
95.00 -45.00 -0.00103602
100.00 -45.00 -0.00113142
105.00 -45.00 -0.00082017
110.00 -45.00 -0.00012579
115.00 -45.00 0.00087312
120.00 -45.00 0.0018999
125.00 -45.00 0.00261801
130.00 -45.00 0.00293511
135.00 -45.00 0.00303261
140.00 -45.00 0.00302736
145.00 -45.00 0.0027252
150.00 -45.00 0.00186612
155.00 -45.00 0.00059991
160.00 -45.00 -0.0004581
165.00 -45.00 -0.00078699
170.00 -45.00 -0.00053322
175.00 -45.00 -0.00036954
180.00 -45.00 -0.00073056
-180.00 -40.00 0.00255171
-175.00 -40.00 0.00106257
-170.00 -40.00 -0.00037968
-165.00 -40.00 -0.00073185
-160.00 -40.00 -0.0002487
-155.00 -40.00 0.00019335
-150.00 -40.00 0.00014499
-145.00 -40.00 -0.00026262
-140.00 -40.00 -0.00076425
-135.00 -40.00 -0.00116934
-130.00 -40.00 -0.00136053
-125.00 -40.00 -0.00143214
-120.00 -40.00 -0.00167487
-115.00 -40.00 -0.00211965
-110.00 -40.00 -0.0022737
-105.00 -40.00 -0.00171018
-100.00 -40.00 -0.00083049
-95.00 -40.00 -0.00052926
-90.00 -40.00 -0.00095307
-85.00 -40.00 -0.00107133
-80.00 -40.00 0.00010611
-75.00 -40.00 0.0021522
-70.00 -40.00 0.00359907
-65.00 -40.00 0.00365703
-60.00 -40.00 0.00297873
-55.00 -40.00 0.00249951
-50.00 -40.00 0.0021111
-45.00 -40.00 0.00109302
-40.00 -40.00 -0.00042738
-35.00 -40.00 -0.00126657
-30.00 -40.00 -0.00065709
-25.00 -40.00 0.00066906
-20.00 -40.00 0.00132396
-15.00 -40.00 0.0008559
-10.00 -40.00 3.21e-06
-5.00 -40.00 -0.00042909
0.00 -40.00 -0.00032166
5.00 -40.00 0.00014205
10.00 -40.00 0.0009225
15.00 -40.00 0.00183684
20.00 -40.00 0.00233211
25.00 -40.00 0.00207726
30.00 -40.00 0.00155148
35.00 -40.00 0.00155145
40.00 -40.00 0.00219336
45.00 -40.00 0.00280848
50.00 -40.00 0.00280776
55.00 -40.00 0.00229872
60.00 -40.00 0.00180645
65.00 -40.00 0.00165606
70.00 -40.00 0.00170625
75.00 -40.00 0.00153549
80.00 -40.00 0.00085788
85.00 -40.00 -0.00016242
90.00 -40.00 -0.00104592
95.00 -40.00 -0.001485
100.00 -40.00 -0.00155217
105.00 -40.00 -0.00135054
110.00 -40.00 -0.0007263
115.00 -40.00 0.00039711
120.00 -40.00 0.00158112
125.00 -40.00 0.00217179
130.00 -40.00 0.00207246
135.00 -40.00 0.00187788
140.00 -40.00 0.00206322
145.00 -40.00 0.00227538
150.00 -40.00 0.00174216
155.00 -40.00 0.0003927
160.00 -40.00 -0.00072201
165.00 -40.00 -0.00041922
170.00 -40.00 0.00120627
175.00 -40.00 0.00265938
180.00 -40.00 0.00255171
-180.00 -35.00 0.00353826
-175.00 -35.00 0.00149283
-170.00 -35.00 -0.00070389
-165.00 -35.00 -0.00130806
-160.00 -35.00 -0.00069966
-155.00 -35.00 -0.00023127
-150.00 -35.00 -0.00035769
-145.00 -35.00 -0.00060852
-140.00 -35.00 -0.00071727
-135.00 -35.00 -0.00088953
-130.00 -35.00 -0.00122418
-125.00 -35.00 -0.0015657
-120.00 -35.00 -0.00180678
-115.00 -35.00 -0.00183234
-110.00 -35.00 -0.00132591
-105.00 -35.00 -0.00016662
-100.00 -35.00 0.00104862
-95.00 -35.00 0.00145425
-90.00 -35.00 0.00105393
-85.00 -35.00 0.0009363
-80.00 -35.00 0.00197484
-75.00 -35.00 0.00359838
-70.00 -35.00 0.00439188
-65.00 -35.00 0.00387288
-60.00 -35.00 0.00304017
-55.00 -35.00 0.00290424
-50.00 -35.00 0.0030834
-45.00 -35.00 0.00248208
-40.00 -35.00 0.00104142
-35.00 -35.00 -3.15e-06
-30.00 -35.00 0.00027006
-25.00 -35.00 0.00129189
-20.00 -35.00 0.00183441
-15.00 -35.00 0.0015222
-10.00 -35.00 0.00091497
-5.00 -35.00 0.00041151
0.00 -35.00 -6.675e-05
5.00 -35.00 -0.00028158
10.00 -35.00 0.00042696
15.00 -35.00 0.00195768
20.00 -35.00 0.00299832
25.00 -35.00 0.0025527
30.00 -35.00 0.00137694
35.00 -35.00 0.00104925
40.00 -35.00 0.00195414
45.00 -35.00 0.00301197
50.00 -35.00 0.00319914
55.00 -35.00 0.00255498
60.00 -35.00 0.00174249
65.00 -35.00 0.00125811
70.00 -35.00 0.0011157
75.00 -35.00 0.00090651
80.00 -35.00 0.00022344
85.00 -35.00 -0.00073017
90.00 -35.00 -0.00120408
95.00 -35.00 -0.00084366
100.00 -35.00 -0.00019455
105.00 -35.00 0.00011061
110.00 -35.00 0.00024573
115.00 -35.00 0.00071964
120.00 -35.00 0.00134283
125.00 -35.00 0.00139539
130.00 -35.00 0.00079695
135.00 -35.00 0.00042261
140.00 -35.00 0.00095787
145.00 -35.00 0.00182697
150.00 -35.00 0.00169941
155.00 -35.00 0.00012513
160.00 -35.00 -0.00157905
165.00 -35.00 -0.00146178
170.00 -35.00 0.00083016
175.00 -35.00 0.00328647
180.00 -35.00 0.00353826
-180.00 -30.00 0.003798
-175.00 -30.00 0.00142263
-170.00 -30.00 -0.00107568
-165.00 -30.00 -0.00144861
-160.00 -30.00 -0.00053007
-155.00 -30.00 -0.00049281
-150.00 -30.00 -0.00167742
-145.00 -30.00 -0.00257316
-140.00 -30.00 -0.00220692
-135.00 -30.00 -0.00117657
-130.00 -30.00 -0.00057273
-125.00 -30.00 -0.0008532
-120.00 -30.00 -0.00167055
-115.00 -30.00 -0.00217311
-110.00 -30.00 -0.00159057
-105.00 -30.00 4.104e-05
-100.00 -30.00 0.00180792
-95.00 -30.00 0.00280131
-90.00 -30.00 0.00297981
-85.00 -30.00 0.00302931
-80.00 -30.00 0.00347505
-75.00 -30.00 0.00410091
-70.00 -30.00 0.00430926
-65.00 -30.00 0.00393681
-60.00 -30.00 0.00345114
-55.00 -30.00 0.00327609
-50.00 -30.00 0.003243
-45.00 -30.00 0.0029412
-40.00 -30.00 0.00237537
-35.00 -30.00 0.00197181
-30.00 -30.00 0.00200661
-25.00 -30.00 0.00227472
-20.00 -30.00 0.00240282
-15.00 -30.00 0.00233454
-10.00 -30.00 0.00225237
-5.00 -30.00 0.00207009
0.00 -30.00 0.00153528
5.00 -30.00 0.00103461
10.00 -30.00 0.0015063
15.00 -30.00 0.00294615
20.00 -30.00 0.00384834
25.00 -30.00 0.00309435
30.00 -30.00 0.00164754
35.00 -30.00 0.00121626
40.00 -30.00 0.00188562
45.00 -30.00 0.00234444
50.00 -30.00 0.0019404
55.00 -30.00 0.0012222
60.00 -30.00 0.00078492
65.00 -30.00 0.00070584
70.00 -30.00 0.00086121
75.00 -30.00 0.00092853
80.00 -30.00 0.00044115
85.00 -30.00 -0.00043782
90.00 -30.00 -0.00072924
95.00 -30.00 5.34e-05
100.00 -30.00 0.0010197
105.00 -30.00 0.00111378
110.00 -30.00 0.00060999
115.00 -30.00 0.00051093
120.00 -30.00 0.00093717
125.00 -30.00 0.00111756
130.00 -30.00 0.00079602
135.00 -30.00 0.00071292
140.00 -30.00 0.00151104
145.00 -30.00 0.00270225
150.00 -30.00 0.00299301
155.00 -30.00 0.00164001
160.00 -30.00 -0.00041526
165.00 -30.00 -0.00102771
170.00 -30.00 0.00084969
175.00 -30.00 0.00343968
180.00 -30.00 0.003798
-180.00 -25.00 0.00489918
-175.00 -25.00 0.00190272
-170.00 -25.00 -0.0013875
-165.00 -25.00 -0.00199263
-160.00 -25.00 -0.0007125
-155.00 -25.00 -0.0005172
-150.00 -25.00 -0.00221124
-145.00 -25.00 -0.00379299
-140.00 -25.00 -0.00349077
-135.00 -25.00 -0.00172401
-130.00 -25.00 -0.00025539
-125.00 -25.00 -0.00040782
-120.00 -25.00 -0.00193353
-115.00 -25.00 -0.00319965
-110.00 -25.00 -0.00278313
-105.00 -25.00 -0.00090519
-100.00 -25.00 0.00111033
-95.00 -25.00 0.0024345
-90.00 -25.00 0.00311937
-85.00 -25.00 0.00333492
-80.00 -25.00 0.00313242
-75.00 -25.00 0.00284091
-70.00 -25.00 0.00295095
-65.00 -25.00 0.00345684
-60.00 -25.00 0.00371373
-55.00 -25.00 0.00321984
-50.00 -25.00 0.00241137
-45.00 -25.00 0.00224181
-40.00 -25.00 0.00284892
-35.00 -25.00 0.00327375
-30.00 -25.00 0.00288711
-25.00 -25.00 0.00230856
-20.00 -25.00 0.00231426
-15.00 -25.00 0.00268341
-10.00 -25.00 0.00281367
-5.00 -25.00 0.0026445
0.00 -25.00 0.00239958
5.00 -25.00 0.0022461
10.00 -25.00 0.00247431
15.00 -25.00 0.00307896
20.00 -25.00 0.00326859
25.00 -25.00 0.00253326
30.00 -25.00 0.00176445
35.00 -25.00 0.00193695
40.00 -25.00 0.00235425
45.00 -25.00 0.00180681
50.00 -25.00 0.00069342
55.00 -25.00 0.0002673
60.00 -25.00 0.00055023
65.00 -25.00 0.00068274
70.00 -25.00 0.00057909
75.00 -25.00 0.0006573
80.00 -25.00 0.00067083
85.00 -25.00 0.00022932
90.00 -25.00 -0.00022818
95.00 -25.00 -0.00020505
100.00 -25.00 -0.00016974
105.00 -25.00 -0.00069474
110.00 -25.00 -0.0012498
115.00 -25.00 -0.0009174
120.00 -25.00 0.00020142
125.00 -25.00 0.00122232
130.00 -25.00 0.00173574
135.00 -25.00 0.00207483
140.00 -25.00 0.00263526
145.00 -25.00 0.00346422
150.00 -25.00 0.0041751
155.00 -25.00 0.00402867
160.00 -25.00 0.00282804
165.00 -25.00 0.00189615
170.00 -25.00 0.00284145
175.00 -25.00 0.00484119
180.00 -25.00 0.00489918
-180.00 -20.00 0.00460485
-175.00 -20.00 0.00142701
-170.00 -20.00 -0.00250269
-165.00 -20.00 -0.00364359
-160.00 -20.00 -0.00203697
-155.00 -20.00 -0.00072873
-150.00 -20.00 -0.00135507
-145.00 -20.00 -0.00268191
-140.00 -20.00 -0.00293307
-135.00 -20.00 -0.00179823
-130.00 -20.00 -0.00045165
-125.00 -20.00 -0.00040014
-120.00 -20.00 -0.00183969
-115.00 -20.00 -0.00313245
-110.00 -20.00 -0.00270951
-105.00 -20.00 -0.0010056
-100.00 -20.00 0.00051174
-95.00 -20.00 0.00137781
-90.00 -20.00 0.00195264
-85.00 -20.00 0.0021456
-80.00 -20.00 0.00171336
-75.00 -20.00 0.00123357
-70.00 -20.00 0.00160251
-65.00 -20.00 0.00270816
-60.00 -20.00 0.00331926
-55.00 -20.00 0.00257952
-50.00 -20.00 0.00139686
-45.00 -20.00 0.0015594
-40.00 -20.00 0.00312825
-35.00 -20.00 0.00401544
-30.00 -20.00 0.00308229
-25.00 -20.00 0.00191538
-20.00 -20.00 0.00206637
-15.00 -20.00 0.00257919
-10.00 -20.00 0.00214887
-5.00 -20.00 0.00160683
0.00 -20.00 0.00217251
5.00 -20.00 0.0031848
10.00 -20.00 0.00341496
15.00 -20.00 0.00288333
20.00 -20.00 0.00215241
25.00 -20.00 0.00156342
30.00 -20.00 0.00167823
35.00 -20.00 0.0025998
40.00 -20.00 0.00298704
45.00 -20.00 0.00178365
50.00 -20.00 0.00027741
55.00 -20.00 0.00025281
60.00 -20.00 0.00107862
65.00 -20.00 0.00094605
70.00 -20.00 -4.149e-05
75.00 -20.00 -0.00033084
80.00 -20.00 0.00036339
85.00 -20.00 0.00082878
90.00 -20.00 0.00029241
95.00 -20.00 -0.00089661
100.00 -20.00 -0.00206013
105.00 -20.00 -0.00263373
110.00 -20.00 -0.00223578
115.00 -20.00 -0.0010053
120.00 -20.00 0.00042465
125.00 -20.00 0.00159369
130.00 -20.00 0.00245775
135.00 -20.00 0.00293544
140.00 -20.00 0.00295038
145.00 -20.00 0.00305271
150.00 -20.00 0.00396954
155.00 -20.00 0.00517029
160.00 -20.00 0.00519387
165.00 -20.00 0.00408198
170.00 -20.00 0.00376308
175.00 -20.00 0.00476976
180.00 -20.00 0.00460485
-180.00 -15.00 0.00138504
-175.00 -15.00 -0.00054225
-170.00 -15.00 -0.00333876
-165.00 -15.00 -0.00417129
-160.00 -15.00 -0.00258867
-155.00 -15.00 -0.00073986
-150.00 -15.00 -0.00017556
-145.00 -15.00 -0.00061518
-140.00 -15.00 -0.00113745
-135.00 -15.00 -0.00104919
-130.00 -15.00 -0.00034251
-125.00 -15.00 5.004e-05
-120.00 -15.00 -0.00055935
-115.00 -15.00 -0.0013476
-110.00 -15.00 -0.00117705
-105.00 -15.00 -0.00032949
-100.00 -15.00 0.00031941
-95.00 -15.00 0.00075792
-90.00 -15.00 0.00121866
-85.00 -15.00 0.00139275
-80.00 -15.00 0.00123336
-75.00 -15.00 0.00129588
-70.00 -15.00 0.00176724
-65.00 -15.00 0.0021855
-60.00 -15.00 0.00211065
-55.00 -15.00 0.00149508
-50.00 -15.00 0.00097224
-45.00 -15.00 0.00167124
-40.00 -15.00 0.00349704
-35.00 -15.00 0.00443448
-30.00 -15.00 0.0034032
-25.00 -15.00 0.00220434
-20.00 -15.00 0.00234435
-15.00 -15.00 0.00236271
-10.00 -15.00 0.00108468
-5.00 -15.00 0.00050805
0.00 -15.00 0.00230055
5.00 -15.00 0.00450291
10.00 -15.00 0.00467991
15.00 -15.00 0.00337557
20.00 -15.00 0.00219177
25.00 -15.00 0.00149127
30.00 -15.00 0.00147156
35.00 -15.00 0.00239001
40.00 -15.00 0.00299142
45.00 -15.00 0.00178308
50.00 -15.00 -0.00012018
55.00 -15.00 -0.00043407
60.00 -15.00 0.00055812
65.00 -15.00 0.0006837
70.00 -15.00 -0.00037743
75.00 -15.00 -0.00082506
80.00 -15.00 0.00014556
85.00 -15.00 0.00116889
90.00 -15.00 0.00073314
95.00 -15.00 -0.00087684
100.00 -15.00 -0.00194451
105.00 -15.00 -0.00128283
110.00 -15.00 0.0004506
115.00 -15.00 0.00169005
120.00 -15.00 0.0019515
125.00 -15.00 0.00210675
130.00 -15.00 0.00274242
135.00 -15.00 0.00328026
140.00 -15.00 0.0031371
145.00 -15.00 0.00297027
150.00 -15.00 0.00385587
155.00 -15.00 0.00532788
160.00 -15.00 0.00545169
165.00 -15.00 0.00357969
170.00 -15.00 0.00168033
175.00 -15.00 0.00142128
180.00 -15.00 0.00138507
-180.00 -10.00 -0.00193104
-175.00 -10.00 -0.00211143
-170.00 -10.00 -0.00252966
-165.00 -10.00 -0.00225216
-160.00 -10.00 -0.00133857
-155.00 -10.00 -0.00068295
-150.00 -10.00 -0.00040056
-145.00 -10.00 -0.00012492
-140.00 -10.00 2.397e-05
-135.00 -10.00 3.081e-05
-130.00 -10.00 0.00030441
-125.00 -10.00 0.00071352
-120.00 -10.00 0.00066672
-115.00 -10.00 0.00020757
-110.00 -10.00 -0.00022503
-105.00 -10.00 -0.00050136
-100.00 -10.00 -0.00034977
-95.00 -10.00 0.00050736
-90.00 -10.00 0.00135783
-85.00 -10.00 0.00142821
-80.00 -10.00 0.00147945
-75.00 -10.00 0.00229287
-70.00 -10.00 0.00270846
-65.00 -10.00 0.00165699
-60.00 -10.00 0.00042141
-55.00 -10.00 0.00050766
-50.00 -10.00 0.00143022
-45.00 -10.00 0.00237327
-40.00 -10.00 0.00340407
-35.00 -10.00 0.00407004
-30.00 -10.00 0.00371127
-25.00 -10.00 0.00313497
-20.00 -10.00 0.0030906
-15.00 -10.00 0.00248709
-10.00 -10.00 0.00106035
-5.00 -10.00 0.00108474
0.00 -10.00 0.0033774
5.00 -10.00 0.00514299
10.00 -10.00 0.00455628
15.00 -10.00 0.00337101
20.00 -10.00 0.00285852
25.00 -10.00 0.00185862
30.00 -10.00 0.00045888
35.00 -10.00 0.00064257
40.00 -10.00 0.00206745
45.00 -10.00 0.00192543
50.00 -10.00 -0.00022947
55.00 -10.00 -0.00172515
60.00 -10.00 -0.0011976
65.00 -10.00 -0.00018798
70.00 -10.00 -8.763e-05
75.00 -10.00 -0.00029997
80.00 -10.00 0.00010134
85.00 -10.00 0.0006555
90.00 -10.00 0.00028902
95.00 -10.00 -0.00068634
100.00 -10.00 -0.00043887
105.00 -10.00 0.00178983
110.00 -10.00 0.00405288
115.00 -10.00 0.00418728
120.00 -10.00 0.00286911
125.00 -10.00 0.00229098
130.00 -10.00 0.00290001
135.00 -10.00 0.00350418
140.00 -10.00 0.00366522
145.00 -10.00 0.00407289
150.00 -10.00 0.00502614
155.00 -10.00 0.00571128
160.00 -10.00 0.00490713
165.00 -10.00 0.00236436
170.00 -10.00 -0.00045909
175.00 -10.00 -0.00183888
180.00 -10.00 -0.00193104
-180.00 -5.00 -0.00256494
-175.00 -5.00 -0.00222657
-170.00 -5.00 -0.00134838
-165.00 -5.00 -0.00045729
-160.00 -5.00 -0.00037026
-155.00 -5.00 -0.00124737
-150.00 -5.00 -0.00186492
-145.00 -5.00 -0.00119412
-140.00 -5.00 8.658e-05
-135.00 -5.00 0.0007815
-130.00 -5.00 0.00073821
-125.00 -5.00 0.00045306
-120.00 -5.00 0.0002574
-115.00 -5.00 0.00014337
-110.00 -5.00 -0.00026088
-105.00 -5.00 -0.00093969
-100.00 -5.00 -0.00078495
-95.00 -5.00 0.00068982
-90.00 -5.00 0.00175485
-85.00 -5.00 0.0011733
-80.00 -5.00 0.00078768
-75.00 -5.00 0.00205701
-70.00 -5.00 0.00269694
-65.00 -5.00 0.0007995
-60.00 -5.00 -0.00102921
-55.00 -5.00 5.979e-05
-50.00 -5.00 0.00237735
-45.00 -5.00 0.00311169
-40.00 -5.00 0.00274857
-35.00 -5.00 0.00291534
-30.00 -5.00 0.00344865
-25.00 -5.00 0.00367701
-20.00 -5.00 0.00352971
-15.00 -5.00 0.00290697
-10.00 -5.00 0.00240969
-5.00 -5.00 0.0032922
0.00 -5.00 0.00474711
5.00 -5.00 0.00434889
10.00 -5.00 0.00260088
15.00 -5.00 0.00247005
20.00 -5.00 0.00350817
25.00 -5.00 0.00220623
30.00 -5.00 -0.00108855
35.00 -5.00 -0.00194829
40.00 -5.00 0.00063546
45.00 -5.00 0.00252657
50.00 -5.00 0.00108228
55.00 -5.00 -0.00150459
60.00 -5.00 -0.00228837
65.00 -5.00 -0.00125535
70.00 -5.00 -0.00017235
75.00 -5.00 -1.788e-05
80.00 -5.00 -0.00035784
85.00 -5.00 -0.00053526
90.00 -5.00 -0.00059925
95.00 -5.00 -0.00044727
100.00 -5.00 0.00089523
105.00 -5.00 0.00345753
110.00 -5.00 0.00506643
115.00 -5.00 0.00422475
120.00 -5.00 0.00264957
125.00 -5.00 0.00245901
130.00 -5.00 0.00299688
135.00 -5.00 0.00299871
140.00 -5.00 0.00326709
145.00 -5.00 0.00461733
150.00 -5.00 0.0057429
155.00 -5.00 0.00524574
160.00 -5.00 0.0035367
165.00 -5.00 0.00152907
170.00 -5.00 -0.0004503
175.00 -5.00 -0.00198642
180.00 -5.00 -0.00256494
-180.00 0.00 -0.00161091
-175.00 0.00 -0.00184848
-170.00 0.00 -0.00139656
-165.00 0.00 -0.00079608
-160.00 0.00 -0.00079896
-155.00 0.00 -0.00160692
-150.00 0.00 -0.00221673
-145.00 0.00 -0.00155181
-140.00 0.00 -4.494e-05
-135.00 0.00 0.00090285
-130.00 0.00 0.00060135
-125.00 0.00 -0.00037581
-120.00 0.00 -0.00087507
-115.00 0.00 -0.00044748
-110.00 0.00 -1.5e-07
-105.00 0.00 -0.00021312
-100.00 0.00 2.118e-05
-95.00 0.00 0.00144318
-90.00 0.00 0.0021522
-85.00 0.00 0.00077178
-80.00 0.00 -0.00030777
-75.00 0.00 0.00097896
-70.00 0.00 0.00205848
-65.00 0.00 0.00035259
-60.00 0.00 -0.00144024
-55.00 0.00 4.449e-05
-50.00 0.00 0.00284094
-45.00 0.00 0.00334161
-40.00 0.00 0.00215595
-35.00 0.00 0.00192354
-30.00 0.00 0.00277788
-25.00 0.00 0.0032847
-20.00 0.00 0.00312978
-15.00 0.00 0.00306495
-10.00 0.00 0.00391242
-5.00 0.00 0.00550017
0.00 0.00 0.00585099
5.00 0.00 0.00363954
10.00 0.00 0.00145542
15.00 0.00 0.00255195
20.00 0.00 0.00478695
25.00 0.00 0.00328188
30.00 0.00 -0.00132792
35.00 0.00 -0.0033783
40.00 0.00 -0.00076185
45.00 0.00 0.00257925
50.00 0.00 0.00279273
55.00 0.00 0.0003351
60.00 0.00 -0.00199905
65.00 0.00 -0.00239166
70.00 0.00 -0.00129699
75.00 0.00 -0.00049077
80.00 0.00 -0.00072315
85.00 0.00 -0.00094542
90.00 0.00 -0.00027495
95.00 0.00 0.00094566
100.00 0.00 0.00240417
105.00 0.00 0.00395091
110.00 0.00 0.00466146
115.00 0.00 0.004119
120.00 0.00 0.00357981
125.00 0.00 0.00363456
130.00 0.00 0.00296103
135.00 0.00 0.00153621
140.00 0.00 0.00168318
145.00 0.00 0.00372297
150.00 0.00 0.00456885
155.00 0.00 0.00269796
160.00 0.00 0.00046443
165.00 0.00 -0.00012882
170.00 0.00 -8.979e-05
175.00 0.00 -0.00073506
180.00 0.00 -0.00161091
-180.00 5.00 -0.00114255
-175.00 5.00 -0.00171798
-170.00 5.00 -0.00186648
-165.00 5.00 -0.00158982
-160.00 5.00 -0.00099417
-155.00 5.00 -0.00060639
-150.00 5.00 -0.00067128
-145.00 5.00 -0.00074124
-140.00 5.00 -0.0004251
-135.00 5.00 4.653e-05
-130.00 5.00 0.00011487
-125.00 5.00 -0.00040437
-120.00 5.00 -0.00085116
-115.00 5.00 -0.0004959
-110.00 5.00 0.0001839
-105.00 5.00 0.00033999
-100.00 5.00 0.00056541
-95.00 5.00 0.00162357
-90.00 5.00 0.00218994
-85.00 5.00 0.00102255
-80.00 5.00 -1.251e-05
-75.00 5.00 0.00103875
-70.00 5.00 0.00221331
-65.00 5.00 0.00103671
-60.00 5.00 -0.00064386
-55.00 5.00 0.00012474
-50.00 5.00 0.00217488
-45.00 5.00 0.00264735
-40.00 5.00 0.00181965
-35.00 5.00 0.00168741
-30.00 5.00 0.00233841
-25.00 5.00 0.00267564
-20.00 5.00 0.00269835
-15.00 5.00 0.00328395
-10.00 5.00 0.00485244
-5.00 5.00 0.00651693
0.00 5.00 0.00636183
5.00 5.00 0.0039831
10.00 5.00 0.00224406
15.00 5.00 0.00362079
20.00 5.00 0.00574035
25.00 5.00 0.00442677
30.00 5.00 0.00014286
35.00 5.00 -0.00268152
40.00 5.00 -0.00173472
45.00 5.00 0.00115938
50.00 5.00 0.00290886
55.00 5.00 0.00179412
60.00 5.00 -0.00125868
65.00 5.00 -0.00316698
70.00 5.00 -0.002211
75.00 5.00 -0.00038643
80.00 5.00 -6.984e-05
85.00 5.00 -0.00031287
90.00 5.00 0.00083829
95.00 5.00 0.00279897
100.00 5.00 0.00394737
105.00 5.00 0.00433377
110.00 5.00 0.00485394
115.00 5.00 0.005634
120.00 5.00 0.00607227
125.00 5.00 0.00515736
130.00 5.00 0.00255681
135.00 5.00 0.00031659
140.00 5.00 0.00098721
145.00 5.00 0.00323418
150.00 5.00 0.0030054
155.00 5.00 -0.0001797
160.00 5.00 -0.0024642
165.00 5.00 -0.0018048
170.00 5.00 -0.00038358
175.00 5.00 -0.00033396
180.00 5.00 -0.00114255
-180.00 10.00 -0.00138549
-175.00 10.00 -0.00176925
-170.00 10.00 -0.00173277
-165.00 10.00 -0.00138645
-160.00 10.00 -0.00055554
-155.00 10.00 0.00027204
-150.00 10.00 0.00025467
-145.00 10.00 -0.0007119
-140.00 10.00 -0.00176121
-135.00 10.00 -0.00183738
-130.00 10.00 -0.00085362
-125.00 10.00 6.369e-05
-120.00 10.00 2.547e-05
-115.00 10.00 -0.00049236
-110.00 10.00 -0.00070647
-105.00 10.00 -0.00061053
-100.00 10.00 -0.00023349
-95.00 10.00 0.00062313
-90.00 10.00 0.00136356
-85.00 10.00 0.00124401
-80.00 10.00 0.0010611
-75.00 10.00 0.00188436
-70.00 10.00 0.00269124
-65.00 10.00 0.0019404
-60.00 10.00 0.00048438
-55.00 10.00 0.00015969
-50.00 10.00 0.0007962
-45.00 10.00 0.00113937
-40.00 10.00 0.00120021
-35.00 10.00 0.00160167
-30.00 10.00 0.00215859
-25.00 10.00 0.00259221
-20.00 10.00 0.0032709
-15.00 10.00 0.00445791
-10.00 10.00 0.00577827
-5.00 10.00 0.00644391
0.00 10.00 0.00568254
5.00 10.00 0.0038022
10.00 10.00 0.00261618
15.00 10.00 0.00328722
20.00 10.00 0.00436602
25.00 10.00 0.00370062
30.00 10.00 0.00130212
35.00 10.00 -0.00109713
40.00 10.00 -0.00188706
45.00 10.00 -0.00037242
50.00 10.00 0.00216435
55.00 10.00 0.00255936
60.00 10.00 -0.00024471
65.00 10.00 -0.00268845
70.00 10.00 -0.00156543
75.00 10.00 0.00086493
80.00 10.00 0.00093705
85.00 10.00 -0.00021507
90.00 10.00 0.00069114
95.00 10.00 0.00311244
100.00 10.00 0.00419424
105.00 10.00 0.00393429
110.00 10.00 0.00457647
115.00 10.00 0.00634026
120.00 10.00 0.00692343
125.00 10.00 0.004809
130.00 10.00 0.00155868
135.00 10.00 0.0004356
140.00 10.00 0.00237876
145.00 10.00 0.00413682
150.00 10.00 0.00236214
155.00 10.00 -0.00139641
160.00 10.00 -0.00289209
165.00 10.00 -0.00140256
170.00 10.00 -1.62e-06
175.00 10.00 -0.00040701
180.00 10.00 -0.00138546
-180.00 15.00 -0.00188175
-175.00 15.00 -0.00197244
-170.00 15.00 -0.00153717
-165.00 15.00 -0.00126393
-160.00 15.00 -0.00115059
-155.00 15.00 -0.00105993
-150.00 15.00 -0.00117195
-145.00 15.00 -0.00186405
-140.00 15.00 -0.00301425
-135.00 15.00 -0.00349038
-130.00 15.00 -0.00233358
-125.00 15.00 -0.00048864
-120.00 15.00 0.00013557
-115.00 15.00 -0.0006318
-110.00 15.00 -0.00117084
-105.00 15.00 -0.00064116
-100.00 15.00 0.00017601
-95.00 15.00 0.00049926
-90.00 15.00 0.00045978
-85.00 15.00 0.00051135
-80.00 15.00 0.00093165
-75.00 15.00 0.00162933
-70.00 15.00 0.00203331
-65.00 15.00 0.00167217
-60.00 15.00 0.00082419
-55.00 15.00 5.502e-05
-50.00 15.00 -0.00042207
-45.00 15.00 -0.00046242
-40.00 15.00 0.00010155
-35.00 15.00 0.00092826
-30.00 15.00 0.00153606
-25.00 15.00 0.00226596
-20.00 15.00 0.0037524
-15.00 15.00 0.00554916
-10.00 15.00 0.00635982
-5.00 15.00 0.00551991
0.00 15.00 0.00362454
5.00 15.00 0.00194946
10.00 15.00 0.00140805
15.00 15.00 0.00175371
20.00 15.00 0.00203232
25.00 15.00 0.00180762
30.00 15.00 0.00113931
35.00 15.00 -6.276e-05
40.00 15.00 -0.00110265
45.00 15.00 -0.00018993
50.00 15.00 0.00253131
55.00 15.00 0.0036138
60.00 15.00 0.00122115
65.00 15.00 -0.00119583
70.00 15.00 -0.00018114
75.00 15.00 0.00190827
80.00 15.00 0.0012192
85.00 15.00 -0.00073623
90.00 15.00 -2.649e-05
95.00 15.00 0.00272421
100.00 15.00 0.00387216
105.00 15.00 0.00313764
110.00 15.00 0.00328869
115.00 15.00 0.00471981
120.00 15.00 0.00481674
125.00 15.00 0.00258756
130.00 15.00 0.0006462
135.00 15.00 0.00161799
140.00 15.00 0.00422925
145.00 15.00 0.00462738
150.00 15.00 0.0015357
155.00 15.00 -0.00181533
160.00 15.00 -0.00208911
165.00 15.00 -0.00025167
170.00 15.00 0.00047088
175.00 15.00 -0.00068715
180.00 15.00 -0.00188175
-180.00 20.00 -0.00225012
-175.00 20.00 -0.00191016
-170.00 20.00 -0.0014328
-165.00 20.00 -0.00164865
-160.00 20.00 -0.00256482
-155.00 20.00 -0.00325773
-150.00 20.00 -0.0029196
-145.00 20.00 -0.00220518
-140.00 20.00 -0.00250434
-135.00 20.00 -0.00357861
-130.00 20.00 -0.00360666
-125.00 20.00 -0.00211431
-120.00 20.00 -0.00076191
-115.00 20.00 -0.00042618
-110.00 20.00 0.00019533
-105.00 20.00 0.00194094
-100.00 20.00 0.00331704
-95.00 20.00 0.00270624
-90.00 20.00 0.00083487
-85.00 20.00 -0.00034809
-80.00 20.00 -0.0002091
-75.00 20.00 0.00033387
-70.00 20.00 0.00048183
-65.00 20.00 0.00033975
-60.00 20.00 0.00012879
-55.00 20.00 -0.00036801
-50.00 20.00 -0.0011232
-45.00 20.00 -0.00140712
-40.00 20.00 -0.0007872
-35.00 20.00 2.754e-05
-30.00 20.00 0.00029781
-25.00 20.00 0.00065244
-20.00 20.00 0.00218256
-15.00 20.00 0.00441774
-10.00 20.00 0.00541215
-5.00 20.00 0.00404718
0.00 20.00 0.00151491
5.00 20.00 8.223e-05
10.00 20.00 0.00057552
15.00 20.00 0.00166443
20.00 20.00 0.00188427
25.00 20.00 0.00142149
30.00 20.00 0.00104112
35.00 20.00 0.00060273
40.00 20.00 0.00021765
45.00 20.00 0.00116958
50.00 20.00 0.00341778
55.00 20.00 0.0042105
60.00 20.00 0.00206313
65.00 20.00 -0.00018519
70.00 20.00 0.00034893
75.00 20.00 0.00187425
80.00 20.00 0.00139305
85.00 20.00 0.00017079
90.00 20.00 0.00125373
95.00 20.00 0.00382011
100.00 20.00 0.00464598
105.00 20.00 0.00353994
110.00 20.00 0.0029688
115.00 20.00 0.00338676
120.00 20.00 0.00293856
125.00 20.00 0.00143031
130.00 20.00 0.00111441
135.00 20.00 0.00294528
140.00 20.00 0.00456477
145.00 20.00 0.00332016
150.00 20.00 -6.006e-05
155.00 20.00 -0.00237825
160.00 20.00 -0.0020964
165.00 20.00 -0.00087486
170.00 20.00 -0.00078972
175.00 20.00 -0.00171483
180.00 20.00 -0.00225012
-180.00 25.00 -0.00188115
-175.00 25.00 -0.00114114
-170.00 25.00 -0.00090615
-165.00 25.00 -0.00148755
-160.00 25.00 -0.00266184
-155.00 25.00 -0.00335265
-150.00 25.00 -0.00256776
-145.00 25.00 -0.00116928
-140.00 25.00 -0.00125409
-135.00 25.00 -0.00307359
-130.00 25.00 -0.00433404
-125.00 25.00 -0.00347862
-120.00 25.00 -0.00167274
-115.00 25.00 -0.00032586
-110.00 25.00 0.00119601
-105.00 25.00 0.003636
-100.00 25.00 0.00548703
-95.00 25.00 0.00475833
-90.00 25.00 0.00204393
-85.00 25.00 -0.00016971
-80.00 25.00 -0.00072
-75.00 25.00 -0.00058233
-70.00 25.00 -0.00074673
-65.00 25.00 -0.0009684
-60.00 25.00 -0.000882
-55.00 25.00 -0.00090135
-50.00 25.00 -0.00128907
-45.00 25.00 -0.00139329
-40.00 25.00 -0.0007446
-35.00 25.00 -0.00014478
-30.00 25.00 -0.00053883
-25.00 25.00 -0.00123882
-20.00 25.00 -0.00053949
-15.00 25.00 0.00179694
-10.00 25.00 0.00376425
-5.00 25.00 0.00343644
0.00 25.00 0.00146688
5.00 25.00 0.00036162
10.00 25.00 0.00132024
15.00 25.00 0.00288183
20.00 25.00 0.00319953
25.00 25.00 0.00244116
30.00 25.00 0.00186273
35.00 25.00 0.00173256
40.00 25.00 0.00173793
45.00 25.00 0.00225756
50.00 25.00 0.00331746
55.00 25.00 0.00346038
60.00 25.00 0.00180675
65.00 25.00 6.36e-05
70.00 25.00 0.00023379
75.00 25.00 0.00160866
80.00 25.00 0.00236517
85.00 25.00 0.00269058
90.00 25.00 0.0037527
95.00 25.00 0.00495168
100.00 25.00 0.00490143
105.00 25.00 0.00405972
110.00 25.00 0.00385554
115.00 25.00 0.00410871
120.00 25.00 0.00366384
125.00 25.00 0.00283878
130.00 25.00 0.00294036
135.00 25.00 0.00369435
140.00 25.00 0.00328554
145.00 25.00 0.00112353
150.00 25.00 -0.00116415
155.00 25.00 -0.00201507
160.00 25.00 -0.00184998
165.00 25.00 -0.00194022
170.00 25.00 -0.0024261
175.00 25.00 -0.00249741
180.00 25.00 -0.00188118
-180.00 30.00 -0.00111084
-175.00 30.00 -0.00068919
-170.00 30.00 -0.0008289
-165.00 30.00 -0.00113616
-160.00 30.00 -0.00139395
-155.00 30.00 -0.00135867
-150.00 30.00 -0.00084732
-145.00 30.00 -0.00059346
-140.00 30.00 -0.0017727
-135.00 30.00 -0.00396423
-130.00 30.00 -0.00498888
-125.00 30.00 -0.00373545
-120.00 30.00 -0.00172509
-115.00 30.00 -0.00069348
-110.00 30.00 -7.518e-05
-105.00 30.00 0.00152685
-100.00 30.00 0.00354468
-95.00 30.00 0.0040434
-90.00 30.00 0.00258102
-85.00 30.00 0.0006894
-80.00 30.00 -0.00039774
-75.00 30.00 -0.00093798
-70.00 30.00 -0.0014286
-65.00 30.00 -0.00159096
-60.00 30.00 -0.00117822
-55.00 30.00 -0.00071535
-50.00 30.00 -0.00065646
-45.00 30.00 -0.00055845
-40.00 30.00 4.422e-05
-35.00 30.00 0.00048954
-30.00 30.00 -0.0002154
-25.00 30.00 -0.00156909
-20.00 30.00 -0.0016608
-15.00 30.00 0.00046824
-10.00 30.00 0.00331281
-5.00 30.00 0.00452127
0.00 30.00 0.00367653
5.00 30.00 0.00254124
10.00 30.00 0.0025296
15.00 30.00 0.00306795
20.00 30.00 0.00301551
25.00 30.00 0.00257436
30.00 30.00 0.00265515
35.00 30.00 0.00316194
40.00 30.00 0.0032982
45.00 30.00 0.00305958
50.00 30.00 0.00299358
55.00 30.00 0.00285747
60.00 30.00 0.00199041
65.00 30.00 0.00081609
70.00 30.00 0.00059067
75.00 30.00 0.00170319
80.00 30.00 0.00328674
85.00 30.00 0.00433431
90.00 30.00 0.00436605
95.00 30.00 0.00344982
100.00 30.00 0.00240342
105.00 30.00 0.00241179
110.00 30.00 0.00363945
115.00 30.00 0.00485097
120.00 30.00 0.00507726
125.00 30.00 0.00476502
130.00 30.00 0.00448368
135.00 30.00 0.00359946
140.00 30.00 0.00148704
145.00 30.00 -0.00078837
150.00 30.00 -0.00154359
155.00 30.00 -0.00088605
160.00 30.00 -0.0005529
165.00 30.00 -0.00134628
170.00 30.00 -0.00216963
175.00 30.00 -0.0019389
180.00 30.00 -0.00111084
-180.00 35.00 -0.00120489
-175.00 35.00 -0.00166014
-170.00 35.00 -0.0021801
-165.00 35.00 -0.0018843
-160.00 35.00 -0.00081558
-155.00 35.00 0.00013593
-150.00 35.00 8.7e-05
-145.00 35.00 -0.00137763
-140.00 35.00 -0.00383898
-135.00 35.00 -0.00572553
-130.00 35.00 -0.00530514
-125.00 35.00 -0.00274188
-120.00 35.00 -0.00037725
-115.00 35.00 -9.435e-05
-110.00 35.00 -0.00106464
-105.00 35.00 -0.00107262
-100.00 35.00 0.00049047
-95.00 35.00 0.00210591
-90.00 35.00 0.00231465
-85.00 35.00 0.0012297
-80.00 35.00 -0.00019362
-75.00 35.00 -0.00129396
-70.00 35.00 -0.00173361
-65.00 35.00 -0.00127902
-60.00 35.00 -0.00018681
-55.00 35.00 0.00069552
-50.00 35.00 0.0008169
-45.00 35.00 0.00060726
-40.00 35.00 0.00073479
-35.00 35.00 0.00095655
-30.00 35.00 0.00044478
-25.00 35.00 -0.00070857
-20.00 35.00 -0.00108948
-15.00 35.00 0.00044406
-10.00 35.00 0.00318423
-5.00 35.00 0.00520239
0.00 35.00 0.00541905
5.00 35.00 0.0044331
10.00 35.00 0.00331656
15.00 35.00 0.00242466
20.00 35.00 0.00178134
25.00 35.00 0.00179673
30.00 35.00 0.0027168
35.00 35.00 0.00380991
40.00 35.00 0.00407649
45.00 35.00 0.00360759
50.00 35.00 0.00332271
55.00 35.00 0.00341841
60.00 35.00 0.00307254
65.00 35.00 0.0019221
70.00 35.00 0.00095679
75.00 35.00 0.00137646
80.00 35.00 0.0029535
85.00 35.00 0.00404412
90.00 35.00 0.00328692
95.00 35.00 0.00115098
100.00 35.00 -0.00038697
105.00 35.00 0.00013866
110.00 35.00 0.00218037
115.00 35.00 0.00403467
120.00 35.00 0.00486699
125.00 35.00 0.0050775
130.00 35.00 0.00479766
135.00 35.00 0.00332196
140.00 35.00 0.0006189
145.00 35.00 -0.00171699
150.00 35.00 -0.00212781
155.00 35.00 -0.00111579
160.00 35.00 -0.00048621
165.00 35.00 -0.00090795
170.00 35.00 -0.00142611
175.00 35.00 -0.00133305
180.00 35.00 -0.00120489
-180.00 40.00 -0.00172215
-175.00 40.00 -0.00251388
-170.00 40.00 -0.00327015
-165.00 40.00 -0.00293016
-160.00 40.00 -0.00152142
-155.00 40.00 -0.00027225
-150.00 40.00 -0.00049827
-145.00 40.00 -0.00245412
-140.00 40.00 -0.00495222
-135.00 40.00 -0.0060006
-130.00 40.00 -0.00436047
-125.00 40.00 -0.00092139
-120.00 40.00 0.0018075
-115.00 40.00 0.00207507
-110.00 40.00 0.00060333
-105.00 40.00 -0.00043443
-100.00 40.00 0.0001062
-95.00 40.00 0.00137766
-90.00 40.00 0.00187053
-85.00 40.00 0.00105201
-80.00 40.00 -0.00040755
-75.00 40.00 -0.00144807
-70.00 40.00 -0.0013554
-65.00 40.00 -0.00011508
-60.00 40.00 0.00152109
-55.00 40.00 0.00248217
-50.00 40.00 0.00227619
-45.00 40.00 0.00143811
-40.00 40.00 0.00085152
-35.00 40.00 0.00069828
-30.00 40.00 0.00040941
-25.00 40.00 -0.00031536
-20.00 40.00 -0.00084645
-15.00 40.00 -0.00028284
-10.00 40.00 0.00142119
-5.00 40.00 0.0033225
0.00 40.00 0.00442842
5.00 40.00 0.00445797
10.00 40.00 0.00370935
15.00 40.00 0.0026427
20.00 40.00 0.00180318
25.00 40.00 0.00171324
30.00 40.00 0.00237525
35.00 40.00 0.00308634
40.00 40.00 0.00320544
45.00 40.00 0.00297624
50.00 40.00 0.00308094
55.00 40.00 0.00343332
60.00 40.00 0.00308754
65.00 40.00 0.00163698
70.00 40.00 0.00016338
75.00 40.00 0.0001905
80.00 40.00 0.0017949
85.00 40.00 0.00330384
90.00 40.00 0.00310611
95.00 40.00 0.00146178
100.00 40.00 0.00014604
105.00 40.00 0.00040302
110.00 40.00 0.00174936
115.00 40.00 0.00296298
120.00 40.00 0.00366093
125.00 40.00 0.00425418
130.00 40.00 0.0046524
135.00 40.00 0.0039933
140.00 40.00 0.00195039
145.00 40.00 -0.00045393
150.00 40.00 -0.00192321
155.00 40.00 -0.0023106
160.00 40.00 -0.0023604
165.00 40.00 -0.00241113
170.00 40.00 -0.00217317
175.00 40.00 -0.0017088
180.00 40.00 -0.00172215
-180.00 45.00 -0.0005766
-175.00 45.00 -0.00085215
-170.00 45.00 -0.00173616
-165.00 45.00 -0.00226284
-160.00 45.00 -0.00201699
-155.00 45.00 -0.00154416
-150.00 45.00 -0.00174339
-145.00 45.00 -0.00289701
-140.00 45.00 -0.0042225
-135.00 45.00 -0.00438216
-130.00 45.00 -0.00265035
-125.00 45.00 0.00025332
-120.00 45.00 0.00261216
-115.00 45.00 0.00319845
-110.00 45.00 0.00231582
-105.00 45.00 0.00128538
-100.00 45.00 0.00101214
-95.00 45.00 0.00124308
-90.00 45.00 0.00115557
-85.00 45.00 0.0003858
-80.00 45.00 -0.00061563
-75.00 45.00 -0.00104199
-70.00 45.00 -0.00040758
-65.00 45.00 0.00107172
-60.00 45.00 0.00257535
-55.00 45.00 0.00321996
-50.00 45.00 0.0027234
-45.00 45.00 0.00161259
-40.00 45.00 0.00069588
-35.00 45.00 0.00029937
-30.00 45.00 9.048e-05
-25.00 45.00 -0.00034956
-20.00 45.00 -0.00092409
-15.00 45.00 -0.00109164
-10.00 45.00 -0.00045603
-5.00 45.00 0.00083499
0.00 45.00 0.00223419
5.00 45.00 0.00319362
10.00 45.00 0.00343926
15.00 45.00 0.00306063
20.00 45.00 0.00245061
25.00 45.00 0.00203466
30.00 45.00 0.00191784
35.00 45.00 0.00186558
40.00 45.00 0.00172434
45.00 45.00 0.00170262
50.00 45.00 0.00199338
55.00 45.00 0.00221892
60.00 45.00 0.00166485
65.00 45.00 0.00026541
70.00 45.00 -0.00093474
75.00 45.00 -0.00069588
80.00 45.00 0.00102885
85.00 45.00 0.00291699
90.00 45.00 0.00362178
95.00 45.00 0.00309147
100.00 45.00 0.00235962
105.00 45.00 0.00221505
110.00 45.00 0.00247902
115.00 45.00 0.00265623
120.00 45.00 0.00283869
125.00 45.00 0.00352101
130.00 45.00 0.0046536
135.00 45.00 0.0053733
140.00 45.00 0.00484161
145.00 45.00 0.00306639
150.00 45.00 0.00074235
155.00 45.00 -0.0014151
160.00 45.00 -0.00291102
165.00 45.00 -0.00335271
170.00 45.00 -0.00264231
175.00 45.00 -0.00136782
180.00 45.00 -0.0005766
-180.00 50.00 0.00220389
-175.00 50.00 0.00253263
-170.00 50.00 0.00164043
-165.00 50.00 0.00019692
-160.00 50.00 -0.0010137
-155.00 50.00 -0.00168282
-150.00 50.00 -0.00201918
-145.00 50.00 -0.00232359
-140.00 50.00 -0.00257007
-135.00 50.00 -0.00240651
-130.00 50.00 -0.00156999
-125.00 50.00 -0.00027951
-120.00 50.00 0.00084783
-115.00 50.00 0.00131805
-110.00 50.00 0.00117411
-105.00 50.00 0.00085899
-100.00 50.00 0.00071124
-95.00 50.00 0.00067023
-90.00 50.00 0.00047175
-85.00 50.00 4.5e-05
-80.00 50.00 -0.00033792
-75.00 50.00 -0.00027822
-70.00 50.00 0.00040329
-65.00 50.00 0.00148005
-60.00 50.00 0.00242433
-55.00 50.00 0.00274041
-50.00 50.00 0.00230553
-45.00 50.00 0.00144648
-40.00 50.00 0.00066288
-35.00 50.00 0.00023289
-30.00 50.00 6.882e-05
-25.00 50.00 -6.459e-05
-20.00 50.00 -0.00023343
-15.00 50.00 -0.00025707
-10.00 50.00 8.451e-05
-5.00 50.00 0.00080451
0.00 50.00 0.00165744
5.00 50.00 0.00229605
10.00 50.00 0.0024933
15.00 50.00 0.0022779
20.00 50.00 0.00189561
25.00 50.00 0.00161406
30.00 50.00 0.00153153
35.00 50.00 0.00157731
40.00 50.00 0.00167853
45.00 50.00 0.00183723
50.00 50.00 0.00198306
55.00 50.00 0.00184911
60.00 50.00 0.00119232
65.00 50.00 0.00020958
70.00 50.00 -0.00041682
75.00 50.00 -8.637e-05
80.00 50.00 0.00108159
85.00 50.00 0.00229752
90.00 50.00 0.00285312
95.00 50.00 0.00274629
100.00 50.00 0.00249726
105.00 50.00 0.00245721
110.00 50.00 0.00249528
115.00 50.00 0.00239772
120.00 50.00 0.00236562
125.00 50.00 0.00289605
130.00 50.00 0.0041628
135.00 50.00 0.00565239
140.00 50.00 0.00647199
145.00 50.00 0.00597966
150.00 50.00 0.00417357
155.00 50.00 0.00168027
160.00 50.00 -0.00050787
165.00 50.00 -0.0014631
170.00 50.00 -0.00085239
175.00 50.00 0.0007575
180.00 50.00 0.00220389
-180.00 55.00 0.0039216
-175.00 55.00 0.00445644
-170.00 55.00 0.00389424
-165.00 55.00 0.00255147
-160.00 55.00 0.00110214
-155.00 55.00 9.573e-05
-150.00 55.00 -0.00033795
-145.00 55.00 -0.00043392
-140.00 55.00 -0.0005112
-135.00 55.00 -0.00072555
-130.00 55.00 -0.00102504
-125.00 55.00 -0.00126948
-120.00 55.00 -0.0013524
-115.00 55.00 -0.00122826
-110.00 55.00 -0.0008889
-105.00 55.00 -0.00037461
-100.00 55.00 0.00018888
-95.00 55.00 0.00061257
-90.00 55.00 0.00075648
-85.00 55.00 0.00064533
-80.00 55.00 0.00047496
-75.00 55.00 0.00048993
-70.00 55.00 0.00082056
-65.00 55.00 0.00138987
-60.00 55.00 0.001947
-55.00 55.00 0.00220659
-50.00 55.00 0.00201156
-45.00 55.00 0.0014184
-40.00 55.00 0.0006534
-35.00 55.00 -1.707e-05
-30.00 55.00 -0.00040113
-25.00 55.00 -0.00041613
-20.00 55.00 -6.75e-05
-15.00 55.00 0.00056598
-10.00 55.00 0.00132366
-5.00 55.00 0.00197574
0.00 55.00 0.00229782
5.00 55.00 0.00218571
10.00 55.00 0.00173448
15.00 55.00 0.00121365
20.00 55.00 0.00093279
25.00 55.00 0.00107067
30.00 55.00 0.00158145
35.00 55.00 0.00224358
40.00 55.00 0.00280368
45.00 55.00 0.00309171
50.00 55.00 0.00304128
55.00 55.00 0.00266913
60.00 55.00 0.00209118
65.00 55.00 0.00153813
70.00 55.00 0.00126105
75.00 55.00 0.00133641
80.00 55.00 0.00156624
85.00 55.00 0.00164049
90.00 55.00 0.00144495
95.00 55.00 0.00118725
100.00 55.00 0.00117471
105.00 55.00 0.00147243
110.00 55.00 0.00183084
115.00 55.00 0.00197907
120.00 55.00 0.00196335
125.00 55.00 0.00215022
130.00 55.00 0.00287295
135.00 55.00 0.00406452
140.00 55.00 0.00521223
145.00 55.00 0.00566604
150.00 55.00 0.0050673
155.00 55.00 0.0036198
160.00 55.00 0.00203634
165.00 55.00 0.00115845
170.00 55.00 0.00144069
175.00 55.00 0.00263334
180.00 55.00 0.00392157
-180.00 60.00 0.00317277
-175.00 60.00 0.00360054
-170.00 60.00 0.00355116
-165.00 60.00 0.00308637
-160.00 60.00 0.00248847
-155.00 60.00 0.00203316
-150.00 60.00 0.0017961
-145.00 60.00 0.00162567
-140.00 60.00 0.0012825
-135.00 60.00 0.00063084
-130.00 60.00 -0.00025197
-125.00 60.00 -0.00110835
-120.00 60.00 -0.00163704
-115.00 60.00 -0.00164394
-110.00 60.00 -0.00113094
-105.00 60.00 -0.00029214
-100.00 60.00 0.0005715
-95.00 60.00 0.00118014
-90.00 60.00 0.00139155
-85.00 60.00 0.00125481
-80.00 60.00 0.00097548
-75.00 60.00 0.00080892
-70.00 60.00 0.00093195
-65.00 60.00 0.00135132
-60.00 60.00 0.00188973
-55.00 60.00 0.00225837
-50.00 60.00 0.00218733
-45.00 60.00 0.00155754
-40.00 60.00 0.0004725
-35.00 60.00 -0.0007647
-30.00 60.00 -0.00176166
-25.00 60.00 -0.00218733
-20.00 60.00 -0.00190278
-15.00 60.00 -0.00101913
-10.00 60.00 0.00014424
-5.00 60.00 0.00118974
0.00 60.00 0.00180846
5.00 60.00 0.00190914
10.00 60.00 0.00164451
15.00 60.00 0.00131928
20.00 60.00 0.0012252
25.00 60.00 0.00149115
30.00 60.00 0.00202926
35.00 60.00 0.00260169
40.00 60.00 0.002961
45.00 60.00 0.00297816
50.00 60.00 0.00269214
55.00 60.00 0.00227115
60.00 60.00 0.00191913
65.00 60.00 0.00177246
70.00 60.00 0.00182925
75.00 60.00 0.00194988
80.00 60.00 0.00194892
85.00 60.00 0.00173742
90.00 60.00 0.0014127
95.00 60.00 0.00120231
100.00 60.00 0.0012828
105.00 60.00 0.00161865
110.00 60.00 0.00197313
115.00 60.00 0.00209949
120.00 60.00 0.00195492
125.00 60.00 0.00175098
130.00 60.00 0.001791
135.00 60.00 0.00222387
140.00 60.00 0.0029064
145.00 60.00 0.00348027
150.00 60.00 0.00360999
155.00 60.00 0.0032184
160.00 60.00 0.00255687
165.00 60.00 0.00205389
170.00 60.00 0.00203643
175.00 60.00 0.00251304
180.00 60.00 0.00317277
-180.00 65.00 0.00152364
-175.00 65.00 0.00159498
-170.00 65.00 0.00167202
-165.00 65.00 0.00172977
-160.00 65.00 0.0017841
-155.00 65.00 0.0018432
-150.00 65.00 0.00186303
-145.00 65.00 0.00175005
-140.00 65.00 0.00141621
-135.00 65.00 0.00085056
-130.00 65.00 0.00015663
-125.00 65.00 -0.00047448
-120.00 65.00 -0.00084531
-115.00 65.00 -0.00084474
-110.00 65.00 -0.00050259
-105.00 65.00 2.136e-05
-100.00 65.00 0.00050883
-95.00 65.00 0.00078021
-90.00 65.00 0.00077313
-85.00 65.00 0.00056787
-80.00 65.00 0.00034872
-75.00 65.00 0.0003174
-70.00 65.00 0.00059403
-65.00 65.00 0.00114726
-60.00 65.00 0.00178518
-55.00 65.00 0.0022164
-50.00 65.00 0.00216252
-45.00 65.00 0.00147855
-40.00 65.00 0.00023079
-35.00 65.00 -0.00130518
-30.00 65.00 -0.0027306
-25.00 65.00 -0.00366147
-20.00 65.00 -0.00386313
-15.00 65.00 -0.00332571
-10.00 65.00 -0.00225057
-5.00 65.00 -0.00095688
0.00 65.00 0.00024702
5.00 65.00 0.0011685
10.00 65.00 0.00176814
15.00 65.00 0.00212109
20.00 65.00 0.00233337
25.00 65.00 0.00246399
30.00 65.00 0.00249597
35.00 65.00 0.00236712
40.00 65.00 0.00203646
45.00 65.00 0.00154134
50.00 65.00 0.00100866
55.00 65.00 0.00061098
60.00 65.00 0.00048963
65.00 65.00 0.00068652
70.00 65.00 0.00112194
75.00 65.00 0.00163443
80.00 65.00 0.00206313
85.00 65.00 0.0023271
90.00 65.00 0.00245241
95.00 65.00 0.00252849
100.00 65.00 0.00262434
105.00 65.00 0.00272652
110.00 65.00 0.00274869
115.00 65.00 0.00260757
120.00 65.00 0.0023079
125.00 65.00 0.00196743
130.00 65.00 0.00175689
135.00 65.00 0.00179277
140.00 65.00 0.00205707
145.00 65.00 0.00240012
150.00 65.00 0.00262656
155.00 65.00 0.00260886
160.00 65.00 0.0023559
165.00 65.00 0.00199524
170.00 65.00 0.00168708
175.00 65.00 0.00153054
180.00 65.00 0.00152367
-180.00 70.00 0.00090066
-175.00 70.00 0.00056937
-170.00 70.00 0.00036366
-165.00 70.00 0.00027909
-160.00 70.00 0.00028917
-155.00 70.00 0.00034893
-150.00 70.00 0.00040188
-145.00 70.00 0.00039414
-140.00 70.00 0.00029334
-135.00 70.00 0.00010428
-130.00 70.00 -0.00012951
-125.00 70.00 -0.00034182
-120.00 70.00 -0.00047325
-115.00 70.00 -0.0004995
-110.00 70.00 -0.00044388
-105.00 70.00 -0.00036651
-100.00 70.00 -0.00033375
-95.00 70.00 -0.00038211
-90.00 70.00 -0.00049374
-85.00 70.00 -0.0005967
-80.00 70.00 -0.00059169
-75.00 70.00 -0.00039702
-70.00 70.00 6.6e-06
-65.00 70.00 0.00054993
-60.00 70.00 0.0010815
-55.00 70.00 0.00140838
-50.00 70.00 0.00135996
-45.00 70.00 0.00085266
-40.00 70.00 -6.93e-05
-35.00 70.00 -0.00123423
-30.00 70.00 -0.00238737
-25.00 70.00 -0.00326373
-20.00 70.00 -0.00366408
-15.00 70.00 -0.00350634
-10.00 70.00 -0.00283737
-5.00 70.00 -0.00180489
0.00 70.00 -0.00060513
5.00 70.00 0.00057111
10.00 70.00 0.00157608
15.00 70.00 0.00231807
20.00 70.00 0.0027549
25.00 70.00 0.00288063
30.00 70.00 0.00271677
35.00 70.00 0.00231294
40.00 70.00 0.00175167
45.00 70.00 0.00114723
50.00 70.00 0.00063045
55.00 70.00 0.0003192
60.00 70.00 0.0002853
65.00 70.00 0.00053166
70.00 70.00 0.0009924
75.00 70.00 0.00155709
80.00 70.00 0.00210894
85.00 70.00 0.00255987
90.00 70.00 0.00286737
95.00 70.00 0.00302895
100.00 70.00 0.00306306
105.00 70.00 0.00299169
110.00 70.00 0.00283635
115.00 70.00 0.0026265
120.00 70.00 0.00240939
125.00 70.00 0.00224727
130.00 70.00 0.00219756
135.00 70.00 0.00228459
140.00 70.00 0.00247986
145.00 70.00 0.00270501
150.00 70.00 0.00285897
155.00 70.00 0.0028569
160.00 70.00 0.0026622
165.00 70.00 0.00229656
170.00 70.00 0.00182658
175.00 70.00 0.00133635
180.00 70.00 0.00090066
-180.00 75.00 0.00144489
-175.00 75.00 0.00107382
-170.00 75.00 0.00076398
-165.00 75.00 0.00053331
-160.00 75.00 0.00038349
-155.00 75.00 0.00030261
-150.00 75.00 0.00027036
-145.00 75.00 0.00026397
-140.00 75.00 0.00026364
-135.00 75.00 0.00025605
-130.00 75.00 0.00023502
-125.00 75.00 0.00019917
-120.00 75.00 0.00014856
-115.00 75.00 8.163e-05
-110.00 75.00 -5.22e-06
-105.00 75.00 -0.00011448
-100.00 75.00 -0.00024279
-95.00 75.00 -0.00037617
-90.00 75.00 -0.00048942
-85.00 75.00 -0.00055119
-80.00 75.00 -0.00053418
-75.00 75.00 -0.00042792
-70.00 75.00 -0.00024849
-65.00 75.00 -4.11e-05
-60.00 75.00 0.00012735
-55.00 75.00 0.00018495
-50.00 75.00 7.56e-05
-45.00 75.00 -0.00022161
-40.00 75.00 -0.00068154
-35.00 75.00 -0.00123432
-30.00 75.00 -0.00177936
-25.00 75.00 -0.00220776
-20.00 75.00 -0.00242742
-15.00 75.00 -0.00238344
-10.00 75.00 -0.00206865
-5.00 75.00 -0.0015228
0.00 75.00 -0.00082134
5.00 75.00 -5.832e-05
10.00 75.00 0.00067152
15.00 75.00 0.00128799
20.00 75.00 0.0017355
25.00 75.00 0.00198807
30.00 75.00 0.00205008
35.00 75.00 0.00195345
40.00 75.00 0.00175143
45.00 75.00 0.00150942
50.00 75.00 0.001293
55.00 75.00 0.00115527
60.00 75.00 0.00112668
65.00 75.00 0.00120975
70.00 75.00 0.00138108
75.00 75.00 0.00159966
80.00 75.00 0.00181875
85.00 75.00 0.00199764
90.00 75.00 0.00211014
95.00 75.00 0.00214791
100.00 75.00 0.0021198
105.00 75.00 0.00204774
110.00 75.00 0.00196203
115.00 75.00 0.00189564
120.00 75.00 0.00187839
125.00 75.00 0.0019308
130.00 75.00 0.00205836
135.00 75.00 0.00224781
140.00 75.00 0.00246741
145.00 75.00 0.00267222
150.00 75.00 0.00281367
155.00 75.00 0.00285105
160.00 75.00 0.00276156
165.00 75.00 0.00254565
170.00 75.00 0.00222645
175.00 75.00 0.00184386
180.00 75.00 0.00144489
-180.00 80.00 0.00188526
-175.00 80.00 0.00179091
-170.00 80.00 0.00169707
-165.00 80.00 0.00161301
-160.00 80.00 0.00154419
-155.00 80.00 0.00149208
-150.00 80.00 0.00145455
-145.00 80.00 0.00142665
-140.00 80.00 0.00140166
-135.00 80.00 0.00137223
-130.00 80.00 0.0013314
-125.00 80.00 0.00127326
-120.00 80.00 0.00119355
-115.00 80.00 0.00109002
-110.00 80.00 0.00096315
-105.00 80.00 0.00081612
-100.00 80.00 0.00065433
-95.00 80.00 0.00048477
-90.00 80.00 0.00031488
-85.00 80.00 0.00015111
-80.00 80.00 -2.73e-06
-75.00 80.00 -0.000147
-70.00 80.00 -0.00028632
-65.00 80.00 -0.0004287
-60.00 80.00 -0.00058356
-55.00 80.00 -0.00075921
-50.00 80.00 -0.00095976
-45.00 80.00 -0.00118251
-40.00 80.00 -0.00141693
-35.00 80.00 -0.00164532
-30.00 80.00 -0.00184536
-25.00 80.00 -0.00199365
-20.00 80.00 -0.00207006
-15.00 80.00 -0.00206124
-10.00 80.00 -0.00196353
-5.00 80.00 -0.00178347
0.00 80.00 -0.00153684
5.00 80.00 -0.00124608
10.00 80.00 -0.00093684
15.00 80.00 -0.00063408
20.00 80.00 -0.00035889
25.00 80.00 -0.00012594
30.00 80.00 5.754e-05
35.00 80.00 0.00019176
40.00 80.00 0.00028329
45.00 80.00 0.00034263
50.00 80.00 0.0003816
55.00 80.00 0.00041082
60.00 80.00 0.00043821
65.00 80.00 0.00046785
70.00 80.00 0.00049986
75.00 80.00 0.00053151
80.00 80.00 0.00055917
85.00 80.00 0.00058023
90.00 80.00 0.00059436
95.00 80.00 0.00060432
100.00 80.00 0.00061584
105.00 80.00 0.00063717
110.00 80.00 0.0006774
115.00 80.00 0.00074457
120.00 80.00 0.00084372
125.00 80.00 0.00097566
130.00 80.00 0.00113643
135.00 80.00 0.00131697
140.00 80.00 0.00150414
145.00 80.00 0.00168246
150.00 80.00 0.00183651
155.00 80.00 0.00195342
160.00 80.00 0.00202482
165.00 80.00 0.00204798
170.00 80.00 0.00202623
175.00 80.00 0.00196806
180.00 80.00 0.00188526
-180.00 85.00 0.00097281
-175.00 85.00 0.00102423
-170.00 85.00 0.00106359
-165.00 85.00 0.00109092
-160.00 85.00 0.00110712
-155.00 85.00 0.00111303
-150.00 85.00 0.00110853
-145.00 85.00 0.00109233
-140.00 85.00 0.00106302
-135.00 85.00 0.00101985
-130.00 85.00 0.00096315
-125.00 85.00 0.0008934
-120.00 85.00 0.00081054
-115.00 85.00 0.00071373
-110.00 85.00 0.00060249
-105.00 85.00 0.00047742
-100.00 85.00 0.00034044
-95.00 85.00 0.00019383
-90.00 85.00 3.921e-05
-85.00 85.00 -0.00012255
-80.00 85.00 -0.00029058
-75.00 85.00 -0.00046317
-70.00 85.00 -0.00063759
-65.00 85.00 -0.00081093
-60.00 85.00 -0.00098106
-55.00 85.00 -0.0011466
-50.00 85.00 -0.00130614
-45.00 85.00 -0.00145722
-40.00 85.00 -0.00159645
-35.00 85.00 -0.0017202
-30.00 85.00 -0.00182592
-25.00 85.00 -0.00191229
-20.00 85.00 -0.00197868
-15.00 85.00 -0.00202434
-10.00 85.00 -0.00204828
-5.00 85.00 -0.00205032
0.00 85.00 -0.00203184
5.00 85.00 -0.00199593
10.00 85.00 -0.00194628
15.00 85.00 -0.00188604
20.00 85.00 -0.0018174
25.00 85.00 -0.00174234
30.00 85.00 -0.00166332
35.00 85.00 -0.00158331
40.00 85.00 -0.00150495
45.00 85.00 -0.00142947
50.00 85.00 -0.00135666
55.00 85.00 -0.00128577
60.00 85.00 -0.00121647
65.00 85.00 -0.00114912
70.00 85.00 -0.00108402
75.00 85.00 -0.00102036
80.00 85.00 -0.00095616
85.00 85.00 -0.00088923
90.00 85.00 -0.00081816
95.00 85.00 -0.00074256
100.00 85.00 -0.00066222
105.00 85.00 -0.00057633
110.00 85.00 -0.00048342
115.00 85.00 -0.00038235
120.00 85.00 -0.00027327
125.00 85.00 -0.00015795
130.00 85.00 -3.87e-05
135.00 85.00 8.25e-05
140.00 85.00 0.00020442
145.00 85.00 0.00032568
150.00 85.00 0.00044409
155.00 85.00 0.00055662
160.00 85.00 0.00066048
165.00 85.00 0.00075405
170.00 85.00 0.00083718
175.00 85.00 0.00091017
180.00 85.00 0.00097281
-180.00 90.00 -0.00094599
-175.00 90.00 -0.00094599
-170.00 90.00 -0.00094599
-165.00 90.00 -0.00094599
-160.00 90.00 -0.00094599
-155.00 90.00 -0.00094599
-150.00 90.00 -0.00094599
-145.00 90.00 -0.00094599
-140.00 90.00 -0.00094599
-135.00 90.00 -0.00094599
-130.00 90.00 -0.00094599
-125.00 90.00 -0.00094599
-120.00 90.00 -0.00094599
-115.00 90.00 -0.00094599
-110.00 90.00 -0.00094599
-105.00 90.00 -0.00094599
-100.00 90.00 -0.00094599
-95.00 90.00 -0.00094599
-90.00 90.00 -0.00094599
-85.00 90.00 -0.00094599
-80.00 90.00 -0.00094599
-75.00 90.00 -0.00094599
-70.00 90.00 -0.00094599
-65.00 90.00 -0.00094599
-60.00 90.00 -0.00094599
-55.00 90.00 -0.00094599
-50.00 90.00 -0.00094599
-45.00 90.00 -0.00094599
-40.00 90.00 -0.00094599
-35.00 90.00 -0.00094599
-30.00 90.00 -0.00094599
-25.00 90.00 -0.00094599
-20.00 90.00 -0.00094599
-15.00 90.00 -0.00094599
-10.00 90.00 -0.00094599
-5.00 90.00 -0.00094599
0.00 90.00 -0.00094599
5.00 90.00 -0.00094599
10.00 90.00 -0.00094599
15.00 90.00 -0.00094599
20.00 90.00 -0.00094599
25.00 90.00 -0.00094599
30.00 90.00 -0.00094599
35.00 90.00 -0.00094599
40.00 90.00 -0.00094599
45.00 90.00 -0.00094599
50.00 90.00 -0.00094599
55.00 90.00 -0.00094599
60.00 90.00 -0.00094599
65.00 90.00 -0.00094599
70.00 90.00 -0.00094599
75.00 90.00 -0.00094599
80.00 90.00 -0.00094599
85.00 90.00 -0.00094599
90.00 90.00 -0.00094599
95.00 90.00 -0.00094599
100.00 90.00 -0.00094599
105.00 90.00 -0.00094599
110.00 90.00 -0.00094599
115.00 90.00 -0.00094599
120.00 90.00 -0.00094599
125.00 90.00 -0.00094599
130.00 90.00 -0.00094599
135.00 90.00 -0.00094599
140.00 90.00 -0.00094599
145.00 90.00 -0.00094599
150.00 90.00 -0.00094599
155.00 90.00 -0.00094599
160.00 90.00 -0.00094599
165.00 90.00 -0.00094599
170.00 90.00 -0.00094599
175.00 90.00 -0.00094599
180.00 90.00 -0.00094599
