-180.00 -90.00 0.0032112
-175.00 -90.00 0.0032112
-170.00 -90.00 0.0032112
-165.00 -90.00 0.0032112
-160.00 -90.00 0.0032112
-155.00 -90.00 0.0032112
-150.00 -90.00 0.0032111
-145.00 -90.00 0.003211
-140.00 -90.00 0.0032109
-135.00 -90.00 0.0032108
-130.00 -90.00 0.0032106
-125.00 -90.00 0.0032105
-120.00 -90.00 0.0032104
-115.00 -90.00 0.0032102
-110.00 -90.00 0.0032101
-105.00 -90.00 0.00321
-100.00 -90.00 0.0032099
-95.00 -90.00 0.0032098
-90.00 -90.00 0.0032097
-85.00 -90.00 0.0032097
-80.00 -90.00 0.0032096
-75.00 -90.00 0.0032096
-70.00 -90.00 0.0032097
-65.00 -90.00 0.0032097
-60.00 -90.00 0.0032098
-55.00 -90.00 0.0032099
-50.00 -90.00 0.00321
-45.00 -90.00 0.0032101
-40.00 -90.00 0.0032102
-35.00 -90.00 0.0032104
-30.00 -90.00 0.0032105
-25.00 -90.00 0.0032106
-20.00 -90.00 0.0032108
-15.00 -90.00 0.0032109
-10.00 -90.00 0.003211
-5.00 -90.00 0.0032111
0.00 -90.00 0.0032112
5.00 -90.00 0.0032112
10.00 -90.00 0.0032112
15.00 -90.00 0.0032112
20.00 -90.00 0.0032112
25.00 -90.00 0.0032111
30.00 -90.00 0.0032111
35.00 -90.00 0.003211
40.00 -90.00 0.0032109
45.00 -90.00 0.0032108
50.00 -90.00 0.0032106
55.00 -90.00 0.0032105
60.00 -90.00 0.0032104
65.00 -90.00 0.0032102
70.00 -90.00 0.0032101
75.00 -90.00 0.00321
80.00 -90.00 0.0032099
85.00 -90.00 0.0032098
90.00 -90.00 0.0032097
95.00 -90.00 0.0032097
100.00 -90.00 0.0032096
105.00 -90.00 0.0032096
110.00 -90.00 0.0032097
115.00 -90.00 0.0032097
120.00 -90.00 0.0032098
125.00 -90.00 0.0032099
130.00 -90.00 0.00321
135.00 -90.00 0.0032101
140.00 -90.00 0.0032102
145.00 -90.00 0.0032104
150.00 -90.00 0.0032105
155.00 -90.00 0.0032106
160.00 -90.00 0.0032108
165.00 -90.00 0.0032109
170.00 -90.00 0.003211
175.00 -90.00 0.0032111
180.00 -90.00 0.0032112
-180.00 -85.00 0.0048693
-175.00 -85.00 0.0049738
-170.00 -85.00 0.0050656
-165.00 -85.00 0.0051433
-160.00 -85.00 0.005206
-155.00 -85.00 0.0052528
-150.00 -85.00 0.0052826
-145.00 -85.00 0.0052944
-140.00 -85.00 0.0052873
-135.00 -85.00 0.0052602
-130.00 -85.00 0.0052125
-125.00 -85.00 0.0051437
-120.00 -85.00 0.0050536
-115.00 -85.00 0.0049426
-110.00 -85.00 0.0048113
-105.00 -85.00 0.0046612
-100.00 -85.00 0.0044941
-95.00 -85.00 0.0043123
-90.00 -85.00 0.0041188
-85.00 -85.00 0.0039165
-80.00 -85.00 0.0037088
-75.00 -85.00 0.0034993
-70.00 -85.00 0.0032915
-65.00 -85.00 0.0030889
-60.00 -85.00 0.0028948
-55.00 -85.00 0.0027125
-50.00 -85.00 0.0025448
-45.00 -85.00 0.0023941
-40.00 -85.00 0.0022622
-35.00 -85.00 0.0021506
-30.00 -85.00 0.0020602
-25.00 -85.00 0.0019914
-20.00 -85.00 0.0019439
-15.00 -85.00 0.0019168
-10.00 -85.00 0.0019087
-5.00 -85.00 0.001918
0.00 -85.00 0.0019431
5.00 -85.00 0.0019823
10.00 -85.00 0.0020333
15.00 -85.00 0.0020941
20.00 -85.00 0.0021625
25.00 -85.00 0.0022372
30.00 -85.00 0.0023167
35.00 -85.00 0.0023995
40.00 -85.00 0.0024837
45.00 -85.00 0.0025678
50.00 -85.00 0.0026502
55.00 -85.00 0.0027297
60.00 -85.00 0.0028053
65.00 -85.00 0.0028756
70.00 -85.00 0.0029396
75.00 -85.00 0.0029966
80.00 -85.00 0.0030471
85.00 -85.00 0.003092
90.00 -85.00 0.0031328
95.00 -85.00 0.0031714
100.00 -85.00 0.0032102
105.00 -85.00 0.0032521
110.00 -85.00 0.0032999
115.00 -85.00 0.0033565
120.00 -85.00 0.0034242
125.00 -85.00 0.0035041
130.00 -85.00 0.003597
135.00 -85.00 0.0037025
140.00 -85.00 0.0038197
145.00 -85.00 0.0039467
150.00 -85.00 0.0040808
155.00 -85.00 0.0042191
160.00 -85.00 0.0043585
165.00 -85.00 0.0044958
170.00 -85.00 0.0046284
175.00 -85.00 0.0047536
180.00 -85.00 0.0048693
-180.00 -80.00 0.0052937
-175.00 -80.00 0.0053856
-170.00 -80.00 0.0054564
-165.00 -80.00 0.0055215
-160.00 -80.00 0.0055925
-155.00 -80.00 0.0056725
-150.00 -80.00 0.0057586
-145.00 -80.00 0.0058453
-140.00 -80.00 0.0059242
-135.00 -80.00 0.0059822
-130.00 -80.00 0.0060059
-125.00 -80.00 0.0059876
-120.00 -80.00 0.0059259
-115.00 -80.00 0.0058209
-110.00 -80.00 0.0056747
-105.00 -80.00 0.0054943
-100.00 -80.00 0.00529
-95.00 -80.00 0.0050695
-90.00 -80.00 0.0048359
-85.00 -80.00 0.0045906
-80.00 -80.00 0.0043359
-75.00 -80.00 0.0040717
-70.00 -80.00 0.003795
-65.00 -80.00 0.0035044
-60.00 -80.00 0.0032047
-55.00 -80.00 0.0029039
-50.00 -80.00 0.0026093
-45.00 -80.00 0.0023284
-40.00 -80.00 0.0020716
-35.00 -80.00 0.0018486
-30.00 -80.00 0.0016632
-25.00 -80.00 0.0015142
-20.00 -80.00 0.0013999
-15.00 -80.00 0.0013194
-10.00 -80.00 0.0012688
-5.00 -80.00 0.0012423
0.00 -80.00 0.0012371
5.00 -80.00 0.0012552
10.00 -80.00 0.0012992
15.00 -80.00 0.0013688
20.00 -80.00 0.0014647
25.00 -80.00 0.0015902
30.00 -80.00 0.0017477
35.00 -80.00 0.001935
40.00 -80.00 0.0021477
45.00 -80.00 0.0023833
50.00 -80.00 0.0026388
55.00 -80.00 0.0029057
60.00 -80.00 0.0031709
65.00 -80.00 0.0034213
70.00 -80.00 0.0036442
75.00 -80.00 0.003824
80.00 -80.00 0.0039439
85.00 -80.00 0.0039933
90.00 -80.00 0.0039713
95.00 -80.00 0.0038839
100.00 -80.00 0.0037427
105.00 -80.00 0.0035671
110.00 -80.00 0.0033854
115.00 -80.00 0.0032272
120.00 -80.00 0.0031168
125.00 -80.00 0.0030724
130.00 -80.00 0.003107
135.00 -80.00 0.0032249
140.00 -80.00 0.0034178
145.00 -80.00 0.0036673
150.00 -80.00 0.0039517
155.00 -80.00 0.0042491
160.00 -80.00 0.0045363
165.00 -80.00 0.0047918
170.00 -80.00 0.0050032
175.00 -80.00 0.0051689
180.00 -80.00 0.0052937
-180.00 -75.00 0.0045856
-175.00 -75.00 0.0043325
-170.00 -75.00 0.0040684
-165.00 -75.00 0.0038598
-160.00 -75.00 0.0037541
-155.00 -75.00 0.0037692
-150.00 -75.00 0.0038908
-145.00 -75.00 0.004079
-140.00 -75.00 0.0042819
-135.00 -75.00 0.0044466
-130.00 -75.00 0.004531
-125.00 -75.00 0.0045136
-120.00 -75.00 0.0043973
-115.00 -75.00 0.0042061
-110.00 -75.00 0.0039798
-105.00 -75.00 0.0037679
-100.00 -75.00 0.0036177
-95.00 -75.00 0.0035627
-90.00 -75.00 0.0036156
-85.00 -75.00 0.0037639
-80.00 -75.00 0.0039698
-75.00 -75.00 0.0041778
-70.00 -75.00 0.0043301
-65.00 -75.00 0.0043807
-60.00 -75.00 0.0043052
-55.00 -75.00 0.0041062
-50.00 -75.00 0.0038103
-45.00 -75.00 0.0034571
-40.00 -75.00 0.0030848
-35.00 -75.00 0.0027217
-30.00 -75.00 0.0023814
-25.00 -75.00 0.002061
-20.00 -75.00 0.0017467
-15.00 -75.00 0.0014227
-10.00 -75.00 0.0010781
-5.00 -75.00 0.0007123
0.00 -75.00 0.0003385
5.00 -75.00 -1.53e-05
10.00 -75.00 -0.000314
15.00 -75.00 -0.0005239
20.00 -75.00 -0.00062
25.00 -75.00 -0.0005911
30.00 -75.00 -0.000442
35.00 -75.00 -0.0001876
40.00 -75.00 0.0001559
45.00 -75.00 0.0005767
50.00 -75.00 0.0010682
55.00 -75.00 0.0016262
60.00 -75.00 0.0022425
65.00 -75.00 0.0028951
70.00 -75.00 0.0035439
75.00 -75.00 0.0041334
80.00 -75.00 0.0046006
85.00 -75.00 0.0048863
90.00 -75.00 0.0049497
95.00 -75.00 0.0047805
100.00 -75.00 0.0044026
105.00 -75.00 0.003872
110.00 -75.00 0.0032698
115.00 -75.00 0.0026874
120.00 -75.00 0.0022108
125.00 -75.00 0.0019074
130.00 -75.00 0.0018173
135.00 -75.00 0.0019481
140.00 -75.00 0.0022751
145.00 -75.00 0.0027474
150.00 -75.00 0.0032957
155.00 -75.00 0.003841
160.00 -75.00 0.0043065
165.00 -75.00 0.0046314
170.00 -75.00 0.0047816
175.00 -75.00 0.0047554
180.00 -75.00 0.0045856
-180.00 -70.00 0.0046056
-175.00 -70.00 0.0039436
-170.00 -70.00 0.0032869
-165.00 -70.00 0.0027833
-160.00 -70.00 0.0025257
-155.00 -70.00 0.0025309
-150.00 -70.00 0.0027448
-145.00 -70.00 0.0030637
-140.00 -70.00 0.003365
-135.00 -70.00 0.0035382
-130.00 -70.00 0.0035082
-125.00 -70.00 0.0032497
-120.00 -70.00 0.0027887
-115.00 -70.00 0.002195
-110.00 -70.00 0.0015693
-105.00 -70.00 0.0010284
-100.00 -70.00 0.0006903
-95.00 -70.00 0.0006543
-90.00 -70.00 0.0009759
-85.00 -70.00 0.0016411
-80.00 -70.00 0.0025535
-75.00 -70.00 0.0035468
-70.00 -70.00 0.0044266
-65.00 -70.00 0.0050294
-60.00 -70.00 0.0052735
-55.00 -70.00 0.0051778
-50.00 -70.00 0.0048415
-45.00 -70.00 0.0043947
-40.00 -70.00 0.0039466
-35.00 -70.00 0.0035552
-30.00 -70.00 0.0032238
-25.00 -70.00 0.0029182
-20.00 -70.00 0.0025867
-15.00 -70.00 0.0021752
-10.00 -70.00 0.0016389
-5.00 -70.00 0.0009564
0.00 -70.00 0.0001484
5.00 -70.00 -0.0007122
10.00 -70.00 -0.0015087
15.00 -70.00 -0.0021147
20.00 -70.00 -0.00244
25.00 -70.00 -0.0024655
30.00 -70.00 -0.0022479
35.00 -70.00 -0.00189
40.00 -70.00 -0.001492
45.00 -70.00 -0.0011091
50.00 -70.00 -0.0007357
55.00 -70.00 -0.0003201
60.00 -70.00 0.000199
65.00 -70.00 0.000855
70.00 -70.00 0.0016293
75.00 -70.00 0.0024498
80.00 -70.00 0.003207
85.00 -70.00 0.0037834
90.00 -70.00 0.0040832
95.00 -70.00 0.004058
100.00 -70.00 0.0037205
105.00 -70.00 0.0031447
110.00 -70.00 0.0024511
115.00 -70.00 0.0017808
120.00 -70.00 0.0012636
125.00 -70.00 0.0009922
130.00 -70.00 0.001008
135.00 -70.00 0.001304
140.00 -70.00 0.0018368
145.00 -70.00 0.0025408
150.00 -70.00 0.0033344
155.00 -70.00 0.0041195
160.00 -70.00 0.0047844
165.00 -70.00 0.005217
170.00 -70.00 0.0053336
175.00 -70.00 0.0051111
180.00 -70.00 0.0046056
-180.00 -65.00 0.005199
-175.00 -65.00 0.0044735
-170.00 -65.00 0.0037645
-165.00 -65.00 0.0032404
-160.00 -65.00 0.00298
-155.00 -65.00 0.0029761
-150.00 -65.00 0.0031689
-145.00 -65.00 0.0034688
-140.00 -65.00 0.0037631
-135.00 -65.00 0.0039261
-130.00 -65.00 0.0038523
-125.00 -65.00 0.003499
-120.00 -65.00 0.0029044
-115.00 -65.00 0.0021653
-110.00 -65.00 0.0013926
-105.00 -65.00 0.0006855
-100.00 -65.00 0.000141
-95.00 -65.00 -0.0001222
-90.00 -65.00 2.83e-05
-85.00 -65.00 0.0006768
-80.00 -65.00 0.0017746
-75.00 -65.00 0.0030988
-70.00 -65.00 0.0043069
-65.00 -65.00 0.0050774
-60.00 -65.00 0.0052599
-55.00 -65.00 0.0049396
-50.00 -65.00 0.0043706
-45.00 -65.00 0.0038232
-40.00 -65.00 0.0034465
-35.00 -65.00 0.0032342
-30.00 -65.00 0.0030961
-25.00 -65.00 0.0029598
-20.00 -65.00 0.0028131
-15.00 -65.00 0.0026612
-10.00 -65.00 0.0024571
-5.00 -65.00 0.0020867
0.00 -65.00 0.0014426
5.00 -65.00 0.0005325
10.00 -65.00 -0.0004702
15.00 -65.00 -0.0012902
20.00 -65.00 -0.0016959
25.00 -65.00 -0.0016316
30.00 -65.00 -0.0012457
35.00 -65.00 -0.0008
40.00 -65.00 -0.0005233
45.00 -65.00 -0.0005008
50.00 -65.00 -0.0006595
55.00 -65.00 -0.0008385
60.00 -65.00 -0.0008876
65.00 -65.00 -0.0007342
70.00 -65.00 -0.0003934
75.00 -65.00 6.41e-05
80.00 -65.00 0.0005532
85.00 -65.00 0.0009999
90.00 -65.00 0.0013469
95.00 -65.00 0.0015529
100.00 -65.00 0.0015974
105.00 -65.00 0.0014981
110.00 -65.00 0.0013244
115.00 -65.00 0.0011906
120.00 -65.00 0.0012177
125.00 -65.00 0.0014779
130.00 -65.00 0.0019569
135.00 -65.00 0.0025643
140.00 -65.00 0.0031906
145.00 -65.00 0.0037731
150.00 -65.00 0.0043177
155.00 -65.00 0.004857
160.00 -65.00 0.0053788
165.00 -65.00 0.0057876
170.00 -65.00 0.0059404
175.00 -65.00 0.0057372
180.00 -65.00 0.005199
-180.00 -60.00 0.0043667
-175.00 -60.00 0.0040511
-170.00 -60.00 0.0037889
-165.00 -60.00 0.0035534
-160.00 -60.00 0.0032113
-155.00 -60.00 0.0027109
-150.00 -60.00 0.0022044
-145.00 -60.00 0.0019518
-140.00 -60.00 0.0020834
-135.00 -60.00 0.0024576
-130.00 -60.00 0.0027654
-125.00 -60.00 0.0027895
-120.00 -60.00 0.0025728
-115.00 -60.00 0.0023454
-110.00 -60.00 0.002291
-105.00 -60.00 0.0023796
-100.00 -60.00 0.0024189
-95.00 -60.00 0.0022704
-90.00 -60.00 0.0020254
-85.00 -60.00 0.0019754
-80.00 -60.00 0.0023831
-75.00 -60.00 0.0032354
-70.00 -60.00 0.0041871
-65.00 -60.00 0.004767
-60.00 -60.00 0.0047087
-55.00 -60.00 0.0041502
-50.00 -60.00 0.0035253
-45.00 -60.00 0.0032181
-40.00 -60.00 0.0032591
-35.00 -60.00 0.0033258
-30.00 -60.00 0.0030532
-25.00 -60.00 0.0023845
-20.00 -60.00 0.001646
-15.00 -60.00 0.0012744
-10.00 -60.00 0.0014353
-5.00 -60.00 0.0018688
0.00 -60.00 0.0020975
5.00 -60.00 0.0018139
10.00 -60.00 0.0011218
15.00 -60.00 0.0004369
20.00 -60.00 0.0001486
25.00 -60.00 0.0003256
30.00 -60.00 0.0006929
35.00 -60.00 0.0008726
40.00 -60.00 0.0006746
45.00 -60.00 0.0002173
50.00 -60.00 -0.0001913
55.00 -60.00 -0.0002928
60.00 -60.00 -5.29e-05
65.00 -60.00 0.0003399
70.00 -60.00 0.0006253
75.00 -60.00 0.0006514
80.00 -60.00 0.0004613
85.00 -60.00 0.0002466
90.00 -60.00 0.0002113
95.00 -60.00 0.0004405
100.00 -60.00 0.0008537
105.00 -60.00 0.0012699
110.00 -60.00 0.0015466
115.00 -60.00 0.0016983
120.00 -60.00 0.0019027
125.00 -60.00 0.0023688
130.00 -60.00 0.003152
135.00 -60.00 0.0040652
140.00 -60.00 0.0047804
145.00 -60.00 0.0050604
150.00 -60.00 0.0049346
155.00 -60.00 0.0046649
160.00 -60.00 0.0045231
165.00 -60.00 0.0045764
170.00 -60.00 0.004671
175.00 -60.00 0.0046144
180.00 -60.00 0.0043667
-180.00 -55.00 0.0023161
-175.00 -55.00 0.0026286
-170.00 -55.00 0.0031694
-165.00 -55.00 0.0034527
-160.00 -55.00 0.0028104
-155.00 -55.00 0.0010858
-150.00 -55.00 -0.0010153
-145.00 -55.00 -0.0023736
-140.00 -55.00 -0.0023549
-135.00 -55.00 -0.0013185
-130.00 -55.00 -0.0002431
-125.00 -55.00 0.0001645
-120.00 -55.00 4.34e-05
-115.00 -55.00 0.0001451
-110.00 -55.00 0.001077
-105.00 -55.00 0.0027287
-100.00 -55.00 0.0043468
-95.00 -55.00 0.0051314
-90.00 -55.00 0.0048393
-85.00 -55.00 0.0039399
-80.00 -55.00 0.0032416
-75.00 -55.00 0.0032866
-70.00 -55.00 0.0039698
-65.00 -55.00 0.0046769
-60.00 -55.00 0.0048455
-55.00 -55.00 0.0044808
-50.00 -55.00 0.0041443
-45.00 -55.00 0.0043747
-40.00 -55.00 0.0050604
-35.00 -55.00 0.0054011
-30.00 -55.00 0.0045714
-25.00 -55.00 0.0025093
-20.00 -55.00 8.51e-05
-15.00 -55.00 -0.0015332
-10.00 -55.00 -0.0017618
-5.00 -55.00 -0.000966
0.00 -55.00 -3.99e-05
5.00 -55.00 0.0003689
10.00 -55.00 0.0002967
15.00 -55.00 0.0002368
20.00 -55.00 0.0005391
25.00 -55.00 0.0010228
30.00 -55.00 0.0011437
35.00 -55.00 0.0005296
40.00 -55.00 -0.0006167
45.00 -55.00 -0.0015933
50.00 -55.00 -0.0016774
55.00 -55.00 -0.000622
60.00 -55.00 0.0011823
65.00 -55.00 0.0029543
70.00 -55.00 0.0039827
75.00 -55.00 0.0039988
80.00 -55.00 0.0032632
85.00 -55.00 0.0023653
90.00 -55.00 0.0018856
95.00 -55.00 0.0021
100.00 -55.00 0.0028464
105.00 -55.00 0.0036091
110.00 -55.00 0.0038189
115.00 -55.00 0.0032442
120.00 -55.00 0.0022153
125.00 -55.00 0.0014528
130.00 -55.00 0.0015501
135.00 -55.00 0.0024911
140.00 -55.00 0.0036279
145.00 -55.00 0.0041827
150.00 -55.00 0.0038596
155.00 -55.00 0.0030265
160.00 -55.00 0.0023184
165.00 -55.00 0.002069
170.00 -55.00 0.0021328
175.00 -55.00 0.0022223
180.00 -55.00 0.0023161
-180.00 -50.00 0.0012991
-175.00 -50.00 0.0017741
-170.00 -50.00 0.0029203
-165.00 -50.00 0.003824
-160.00 -50.00 0.0030755
-155.00 -50.00 0.0002497
-150.00 -50.00 -0.0033337
-145.00 -50.00 -0.0055363
-140.00 -50.00 -0.0052315
-135.00 -50.00 -0.0032517
-130.00 -50.00 -0.0015205
-125.00 -50.00 -0.0012634
-120.00 -50.00 -0.0020281
-115.00 -50.00 -0.0023062
-110.00 -50.00 -0.0009794
-105.00 -50.00 0.0017575
-100.00 -50.00 0.004628
-95.00 -50.00 0.0062576
-90.00 -50.00 0.0060915
-85.00 -50.00 0.0046837
-80.00 -50.00 0.003274
-75.00 -50.00 0.0029476
-70.00 -50.00 0.0038995
-65.00 -50.00 0.0053286
-60.00 -50.00 0.0061321
-55.00 -50.00 0.0058926
-50.00 -50.00 0.0052427
-45.00 -50.00 0.0051598
-40.00 -50.00 0.0058363
-35.00 -50.00 0.006323
-30.00 -50.00 0.0053948
-25.00 -50.00 0.0027856
-20.00 -50.00 -0.0004672
-15.00 -50.00 -0.0028848
-10.00 -50.00 -0.0037316
-5.00 -50.00 -0.0034173
0.00 -50.00 -0.0028715
5.00 -50.00 -0.0026066
10.00 -50.00 -0.00237
15.00 -50.00 -0.0016347
20.00 -50.00 -0.0003693
25.00 -50.00 0.0007144
30.00 -50.00 0.0007115
35.00 -50.00 -0.0006379
40.00 -50.00 -0.0026099
45.00 -50.00 -0.0039564
50.00 -50.00 -0.0037443
55.00 -50.00 -0.0019153
60.00 -50.00 0.0007541
65.00 -50.00 0.0031538
70.00 -50.00 0.0044488
75.00 -50.00 0.004462
80.00 -50.00 0.0036557
85.00 -50.00 0.0027903
90.00 -50.00 0.0025282
95.00 -50.00 0.0031828
100.00 -50.00 0.0045841
105.00 -50.00 0.0060289
110.00 -50.00 0.0064907
115.00 -50.00 0.0052268
120.00 -50.00 0.0024641
125.00 -50.00 -0.0005075
130.00 -50.00 -0.0021391
135.00 -50.00 -0.0017752
140.00 -50.00 -0.0001505
145.00 -50.00 0.0012733
150.00 -50.00 0.001561
155.00 -50.00 0.0009823
160.00 -50.00 0.0004934
165.00 -50.00 0.0006377
170.00 -50.00 0.0010878
175.00 -50.00 0.001284
180.00 -50.00 0.0012991
-180.00 -45.00 0.0016266
-175.00 -45.00 0.0013112
-170.00 -45.00 0.002246
-165.00 -45.00 0.0035364
-160.00 -45.00 0.0033136
-155.00 -45.00 0.0008068
-150.00 -45.00 -0.0025629
-145.00 -45.00 -0.0043795
-140.00 -45.00 -0.0035547
-135.00 -45.00 -0.0013229
-130.00 -45.00 0.0001321
-125.00 -45.00 -0.0001332
-120.00 -45.00 -0.0011303
-115.00 -45.00 -0.0012066
-110.00 -45.00 0.0003306
-105.00 -45.00 0.002784
-100.00 -45.00 0.0048318
-95.00 -45.00 0.0055121
-90.00 -45.00 0.0047183
-85.00 -45.00 0.003152
-80.00 -45.00 0.001942
-75.00 -45.00 0.0020645
-70.00 -45.00 0.0036914
-65.00 -45.00 0.0058645
-60.00 -45.00 0.0070216
-55.00 -45.00 0.0062643
-50.00 -45.00 0.0042345
-45.00 -45.00 0.0025212
-40.00 -45.00 0.0020793
-35.00 -45.00 0.0023893
-30.00 -45.00 0.0022428
-25.00 -45.00 0.001118
-20.00 -45.00 -0.0004282
-15.00 -45.00 -0.0015575
-10.00 -45.00 -0.0020299
-5.00 -45.00 -0.0022565
0.00 -45.00 -0.00269
5.00 -45.00 -0.0032829
10.00 -45.00 -0.0035051
15.00 -45.00 -0.0028771
20.00 -45.00 -0.0015565
25.00 -45.00 -0.000393
30.00 -45.00 -0.0002768
35.00 -45.00 -0.0013418
40.00 -45.00 -0.0028356
45.00 -45.00 -0.0037685
50.00 -45.00 -0.0036323
55.00 -45.00 -0.0025672
60.00 -45.00 -0.0011083
65.00 -45.00 0.0001017
70.00 -45.00 0.0005928
75.00 -45.00 0.0003739
80.00 -45.00 -3.91e-05
85.00 -45.00 -4.77e-05
90.00 -45.00 0.0006073
95.00 -45.00 0.0019048
100.00 -45.00 0.0037665
105.00 -45.00 0.0058571
110.00 -45.00 0.0072222
115.00 -45.00 0.0066374
120.00 -45.00 0.0037251
125.00 -45.00 -0.0003057
130.00 -45.00 -0.0033079
135.00 -45.00 -0.0038348
140.00 -45.00 -0.0022847
145.00 -45.00 -0.0004298
150.00 -45.00 0.0002911
155.00 -45.00 4.12e-05
160.00 -45.00 7.58e-05
165.00 -45.00 0.001049
170.00 -45.00 0.0021856
175.00 -45.00 0.0023505
180.00 -45.00 0.0016266
-180.00 -40.00 0.0016731
-175.00 -40.00 0.0004748
-170.00 -40.00 0.000655
-165.00 -40.00 0.0016325
-160.00 -40.00 0.0019141
-155.00 -40.00 0.0008918
-150.00 -40.00 -0.0004833
-145.00 -40.00 -0.0008039
-140.00 -40.00 0.0001426
-135.00 -40.00 0.0011118
-130.00 -40.00 0.0009774
-125.00 -40.00 0.0002122
-120.00 -40.00 0.0003132
-115.00 -40.00 0.001934
-110.00 -40.00 0.0041274
-105.00 -40.00 0.0053859
-100.00 -40.00 0.0049627
-95.00 -40.00 0.0032065
-90.00 -40.00 0.001092
-85.00 -40.00 -0.0004125
-80.00 -40.00 -0.0007561
-75.00 -40.00 0.0001597
-70.00 -40.00 0.0020689
-65.00 -40.00 0.00418
-60.00 -40.00 0.0051728
-55.00 -40.00 0.0040683
-50.00 -40.00 0.0013327
-45.00 -40.00 -0.0013685
-40.00 -40.00 -0.0027536
-35.00 -40.00 -0.002885
-30.00 -40.00 -0.0024689
-25.00 -40.00 -0.0018202
-20.00 -40.00 -0.0009135
-15.00 -40.00 1.78e-05
-10.00 -40.00 0.0005257
-5.00 -40.00 0.0004604
0.00 -40.00 1.48e-05
5.00 -40.00 -0.0006788
10.00 -40.00 -0.0016171
15.00 -40.00 -0.0025947
20.00 -40.00 -0.0031961
25.00 -40.00 -0.0032433
30.00 -40.00 -0.0029648
35.00 -40.00 -0.0026165
40.00 -40.00 -0.0022507
45.00 -40.00 -0.001978
50.00 -40.00 -0.002033
55.00 -40.00 -0.0023262
60.00 -40.00 -0.0023568
65.00 -40.00 -0.0019445
70.00 -40.00 -0.0016216
75.00 -40.00 -0.0018015
80.00 -40.00 -0.0019586
85.00 -40.00 -0.0012852
90.00 -40.00 0.0001196
95.00 -40.00 0.0014646
100.00 -40.00 0.0025126
105.00 -40.00 0.0037581
110.00 -40.00 0.0052374
115.00 -40.00 0.0059384
120.00 -40.00 0.0048524
125.00 -40.00 0.0022956
130.00 -40.00 -0.0001383
135.00 -40.00 -0.0009298
140.00 -40.00 1.62e-05
145.00 -40.00 0.0012888
150.00 -40.00 0.0014402
155.00 -40.00 0.0006309
160.00 -40.00 0.0003994
165.00 -40.00 0.0015719
170.00 -40.00 0.0030162
175.00 -40.00 0.0030585
180.00 -40.00 0.0016732
-180.00 -35.00 0.0010258
-175.00 -35.00 0.0003482
-170.00 -35.00 0.000271
-165.00 -35.00 0.0001018
-160.00 -35.00 -0.0004075
-155.00 -35.00 -0.0006525
-150.00 -35.00 -0.000121
-145.00 -35.00 0.0009012
-140.00 -35.00 0.0014346
-135.00 -35.00 0.0005866
-130.00 -35.00 -0.0012593
-125.00 -35.00 -0.0022581
-120.00 -35.00 -0.0009418
-115.00 -35.00 0.0019475
-110.00 -35.00 0.0042366
-105.00 -35.00 0.0045429
-100.00 -35.00 0.0029906
-95.00 -35.00 0.0004384
-90.00 -35.00 -0.0019757
-85.00 -35.00 -0.0031196
-80.00 -35.00 -0.0027119
-75.00 -35.00 -0.0015437
-70.00 -35.00 -0.0003891
-65.00 -35.00 0.0006284
-60.00 -35.00 0.0012934
-55.00 -35.00 0.000991
-50.00 -35.00 -0.000325
-45.00 -35.00 -0.0018044
-40.00 -35.00 -0.0027975
-35.00 -35.00 -0.0033964
-30.00 -35.00 -0.0035919
-25.00 -35.00 -0.0029494
-20.00 -35.00 -0.0015841
-15.00 -35.00 -0.0004611
-10.00 -35.00 -8.29e-05
-5.00 -35.00 0.0003043
0.00 -35.00 0.0013965
5.00 -35.00 0.0022989
10.00 -35.00 0.0013177
15.00 -35.00 -0.0017734
20.00 -35.00 -0.0051349
25.00 -35.00 -0.0067465
30.00 -35.00 -0.0062005
35.00 -35.00 -0.0044249
40.00 -35.00 -0.0025392
45.00 -35.00 -0.0014887
50.00 -35.00 -0.0017896
55.00 -35.00 -0.0027043
60.00 -35.00 -0.0024937
65.00 -35.00 -0.0005793
70.00 -35.00 0.0013164
75.00 -35.00 0.0014267
80.00 -35.00 0.0005427
85.00 -35.00 0.0007784
90.00 -35.00 0.0023238
95.00 -35.00 0.0033045
100.00 -35.00 0.0027553
105.00 -35.00 0.0018898
110.00 -35.00 0.002104
115.00 -35.00 0.0032157
120.00 -35.00 0.0041558
125.00 -35.00 0.0043246
130.00 -35.00 0.0039015
135.00 -35.00 0.003525
140.00 -35.00 0.0036911
145.00 -35.00 0.0039585
150.00 -35.00 0.0032299
155.00 -35.00 0.0014656
160.00 -35.00 0.0002604
165.00 -35.00 0.0007483
170.00 -35.00 0.0018746
175.00 -35.00 0.0019516
180.00 -35.00 0.0010258
-180.00 -30.00 0.0001051
-175.00 -30.00 0.0009166
-170.00 -30.00 0.0012603
-165.00 -30.00 -0.0002689
-160.00 -30.00 -0.0024614
-155.00 -30.00 -0.0031223
-150.00 -30.00 -0.002111
-145.00 -30.00 -0.0009938
-140.00 -30.00 -0.0009666
-135.00 -30.00 -0.0021926
-130.00 -30.00 -0.0038449
-125.00 -30.00 -0.0043975
-120.00 -30.00 -0.0032604
-115.00 -30.00 -0.0018155
-110.00 -30.00 -0.0014193
-105.00 -30.00 -0.0014703
-100.00 -30.00 -0.0010818
-95.00 -30.00 -0.0009697
-90.00 -30.00 -0.0017409
-85.00 -30.00 -0.0022094
-80.00 -30.00 -0.0014402
-75.00 -30.00 -0.0005543
-70.00 -30.00 -0.0006611
-65.00 -30.00 -0.0009296
-60.00 -30.00 -0.0003198
-55.00 -30.00 0.0006272
-50.00 -30.00 0.001001
-45.00 -30.00 0.0007969
-40.00 -30.00 0.0001479
-35.00 -30.00 -0.001005
-30.00 -30.00 -0.0019945
-25.00 -30.00 -0.0019133
-20.00 -30.00 -0.0013277
-15.00 -30.00 -0.0017294
-10.00 -30.00 -0.002901
-5.00 -30.00 -0.0026169
0.00 -30.00 0.0001398
5.00 -30.00 0.0029619
10.00 -30.00 0.0023701
15.00 -30.00 -0.001987
20.00 -30.00 -0.0067387
25.00 -30.00 -0.0085737
30.00 -30.00 -0.0073934
35.00 -30.00 -0.005195
40.00 -30.00 -0.0033984
45.00 -30.00 -0.0025353
50.00 -30.00 -0.0029674
55.00 -30.00 -0.0038997
60.00 -30.00 -0.0030048
65.00 -30.00 0.0005764
70.00 -30.00 0.0039774
75.00 -30.00 0.0040174
80.00 -30.00 0.0018673
85.00 -30.00 0.0012901
90.00 -30.00 0.0029756
95.00 -30.00 0.0040111
100.00 -30.00 0.0027815
105.00 -30.00 0.0010215
110.00 -30.00 0.000677
115.00 -30.00 0.0016724
120.00 -30.00 0.003221
125.00 -30.00 0.0048177
130.00 -30.00 0.0056532
135.00 -30.00 0.0052142
140.00 -30.00 0.0043812
145.00 -30.00 0.0040398
150.00 -30.00 0.0033581
155.00 -30.00 0.0014774
160.00 -30.00 -0.0003326
165.00 -30.00 -0.0005421
170.00 -30.00 6.66e-05
175.00 -30.00 9.83e-05
180.00 -30.00 0.0001051
-180.00 -25.00 -0.0017233
-175.00 -25.00 -0.0006932
-170.00 -25.00 -0.0003081
-165.00 -25.00 -0.0024478
-160.00 -25.00 -0.0049384
-155.00 -25.00 -0.0051941
-150.00 -25.00 -0.0043117
-145.00 -25.00 -0.0043079
-140.00 -25.00 -0.0047302
-135.00 -25.00 -0.0044834
-130.00 -25.00 -0.0038051
-125.00 -25.00 -0.0031305
-120.00 -25.00 -0.0029229
-115.00 -25.00 -0.0043062
-110.00 -25.00 -0.0068305
-105.00 -25.00 -0.0073529
-100.00 -25.00 -0.0044276
-95.00 -25.00 -0.0011009
-90.00 -25.00 -0.0001108
-85.00 -25.00 9.53e-05
-80.00 -25.00 0.0013918
-75.00 -25.00 0.0022859
-70.00 -25.00 0.0014676
-65.00 -25.00 0.000865
-60.00 -25.00 0.0021292
-55.00 -25.00 0.0037108
-50.00 -25.00 0.0036523
-45.00 -25.00 0.002139
-40.00 -25.00 0.0001187
-35.00 -25.00 -0.0016839
-30.00 -25.00 -0.0021215
-25.00 -25.00 -0.0008418
-20.00 -25.00 0.0001099
-15.00 -25.00 -0.0013895
-10.00 -25.00 -0.0040274
-5.00 -25.00 -0.0043397
0.00 -25.00 -0.0014378
5.00 -25.00 0.001421
10.00 -25.00 0.0004747
15.00 -25.00 -0.0041475
20.00 -25.00 -0.0084503
25.00 -25.00 -0.0091301
30.00 -25.00 -0.0070203
35.00 -25.00 -0.0049637
40.00 -25.00 -0.0038389
45.00 -25.00 -0.0029634
50.00 -25.00 -0.0027904
55.00 -25.00 -0.0038078
60.00 -25.00 -0.0040262
65.00 -25.00 -0.0015231
70.00 -25.00 0.0014978
75.00 -25.00 0.0014535
80.00 -25.00 -0.0007084
85.00 -25.00 -0.0009769
90.00 -25.00 0.0010733
95.00 -25.00 0.0021062
100.00 -25.00 0.0011644
105.00 -25.00 0.0008367
110.00 -25.00 0.0021884
115.00 -25.00 0.0034531
120.00 -25.00 0.0039935
125.00 -25.00 0.0048972
130.00 -25.00 0.0056161
135.00 -25.00 0.0045734
140.00 -25.00 0.0028156
145.00 -25.00 0.0025842
150.00 -25.00 0.0030398
155.00 -25.00 0.0018869
160.00 -25.00 -9.68e-05
165.00 -25.00 -0.0007009
170.00 -25.00 -0.0005601
175.00 -25.00 -0.0012765
180.00 -25.00 -0.0017233
-180.00 -20.00 -0.0044224
-175.00 -20.00 -0.0047128
-170.00 -20.00 -0.0049939
-165.00 -20.00 -0.0068192
-160.00 -20.00 -0.0076041
-155.00 -20.00 -0.0058418
-150.00 -20.00 -0.0047487
-145.00 -20.00 -0.0061471
-140.00 -20.00 -0.0068384
-135.00 -20.00 -0.0046035
-130.00 -20.00 -0.0016726
-125.00 -20.00 -0.0002329
-120.00 -20.00 -0.0003976
-115.00 -20.00 -0.0026139
-110.00 -20.00 -0.006246
-105.00 -20.00 -0.0075883
-100.00 -20.00 -0.004822
-95.00 -20.00 -0.0015595
-90.00 -20.00 -0.0007238
-85.00 -20.00 -4.76e-05
-80.00 -20.00 0.0021411
-75.00 -20.00 0.0031486
-70.00 -20.00 0.0018821
-65.00 -20.00 0.0017917
-60.00 -20.00 0.0044453
-55.00 -20.00 0.0064357
-50.00 -20.00 0.0049981
-45.00 -20.00 0.0013389
-40.00 -20.00 -0.0023219
-35.00 -20.00 -0.0043705
-30.00 -20.00 -0.0033309
-25.00 -20.00 1.9e-05
-20.00 -20.00 0.0018153
-15.00 -20.00 -0.0001574
-10.00 -20.00 -0.00319
-5.00 -20.00 -0.0036745
0.00 -20.00 -0.0018718
5.00 -20.00 -0.0008422
10.00 -20.00 -0.0027312
15.00 -20.00 -0.0068784
20.00 -20.00 -0.0101926
25.00 -20.00 -0.0099458
30.00 -20.00 -0.0069869
35.00 -20.00 -0.0044267
40.00 -20.00 -0.0031154
45.00 -20.00 -0.0016456
50.00 -20.00 -0.0004995
55.00 -20.00 -0.001611
60.00 -20.00 -0.0038419
65.00 -20.00 -0.0039571
70.00 -20.00 -0.0021573
75.00 -20.00 -0.0014806
80.00 -20.00 -0.0019847
85.00 -20.00 -0.0010955
90.00 -20.00 0.0006906
95.00 -20.00 0.0005439
100.00 -20.00 -0.0005865
105.00 -20.00 0.0009477
110.00 -20.00 0.0044441
115.00 -20.00 0.0055744
120.00 -20.00 0.0040645
125.00 -20.00 0.0036847
130.00 -20.00 0.0047656
135.00 -20.00 0.0041126
140.00 -20.00 0.0021388
145.00 -20.00 0.0023758
150.00 -20.00 0.0041886
155.00 -20.00 0.0036597
160.00 -20.00 0.0009954
165.00 -20.00 -0.0004068
170.00 -20.00 -0.0007403
175.00 -20.00 -0.0024245
180.00 -20.00 -0.0044224
-180.00 -15.00 -0.0059637
-175.00 -15.00 -0.0064936
-170.00 -15.00 -0.0068173
-165.00 -15.00 -0.0081754
-160.00 -15.00 -0.0078552
-155.00 -15.00 -0.0051159
-150.00 -15.00 -0.0042153
-145.00 -15.00 -0.0062331
-140.00 -15.00 -0.0061907
-135.00 -15.00 -0.0023395
-130.00 -15.00 0.0007724
-125.00 -15.00 0.0008726
-120.00 -15.00 0.0003856
-115.00 -15.00 -9.83e-05
-110.00 -15.00 -0.001908
-105.00 -15.00 -0.003395
-100.00 -15.00 -0.0027109
-95.00 -15.00 -0.001901
-90.00 -15.00 -0.0021671
-85.00 -15.00 -0.0009499
-80.00 -15.00 0.0017064
-75.00 -15.00 0.0017075
-70.00 -15.00 -0.0008533
-65.00 -15.00 -0.0007548
-60.00 -15.00 0.0029981
-55.00 -15.00 0.0054937
-50.00 -15.00 0.0041164
-45.00 -15.00 0.0007956
-40.00 -15.00 -0.0025461
-35.00 -15.00 -0.0043804
-30.00 -15.00 -0.0026946
-25.00 -15.00 0.0011148
-20.00 -15.00 0.0020896
-15.00 -15.00 -0.0009569
-10.00 -15.00 -0.0035869
-5.00 -15.00 -0.0032384
0.00 -15.00 -0.0022898
5.00 -15.00 -0.0028207
10.00 -15.00 -0.0044358
15.00 -15.00 -0.006913
20.00 -15.00 -0.0096066
25.00 -15.00 -0.0098866
30.00 -15.00 -0.0066986
35.00 -15.00 -0.0029614
40.00 -15.00 -0.0010844
45.00 -15.00 1.4e-05
50.00 -15.00 0.0010061
55.00 -15.00 0.0002356
60.00 -15.00 -0.0021324
65.00 -15.00 -0.0031204
70.00 -15.00 -0.0018059
75.00 -15.00 -0.000375
80.00 -15.00 0.0004062
85.00 -15.00 0.0016775
90.00 -15.00 0.0024326
95.00 -15.00 0.0007548
100.00 -15.00 -0.0010776
105.00 -15.00 0.000825
110.00 -15.00 0.0044576
115.00 -15.00 0.004264
120.00 -15.00 0.0008933
125.00 -15.00 0.000339
130.00 -15.00 0.0031674
135.00 -15.00 0.0039147
140.00 -15.00 0.0017783
145.00 -15.00 0.0017842
150.00 -15.00 0.0043895
155.00 -15.00 0.0043216
160.00 -15.00 0.0006559
165.00 -15.00 -0.0020253
170.00 -15.00 -0.0025935
175.00 -15.00 -0.0039583
180.00 -15.00 -0.0059637
-180.00 -10.00 -0.0053895
-175.00 -10.00 -0.0041127
-170.00 -10.00 -0.0030391
-165.00 -10.00 -0.0041243
-160.00 -10.00 -0.0050674
-155.00 -10.00 -0.0042848
-150.00 -10.00 -0.0044966
-145.00 -10.00 -0.0058032
-140.00 -10.00 -0.0038359
-135.00 -10.00 0.000981
-130.00 -10.00 0.0024913
-125.00 -10.00 -0.0002681
-120.00 -10.00 -0.0017994
-115.00 -10.00 -0.0003979
-110.00 -10.00 0.0005673
-105.00 -10.00 0.000193
-100.00 -10.00 -3.77e-05
-95.00 -10.00 -0.0004414
-90.00 -10.00 -0.0006793
-85.00 -10.00 0.0011907
-80.00 -10.00 0.0032836
-75.00 -10.00 0.001373
-70.00 -10.00 -0.0026182
-65.00 -10.00 -0.002794
-60.00 -10.00 0.0006016
-55.00 -10.00 0.0025614
-50.00 -10.00 0.0020658
-45.00 -10.00 0.0009553
-40.00 -10.00 -0.0010334
-35.00 -10.00 -0.0030906
-30.00 -10.00 -0.0020194
-25.00 -10.00 0.0009007
-20.00 -10.00 0.000178
-15.00 -10.00 -0.0039828
-10.00 -10.00 -0.0056956
-5.00 -10.00 -0.0040247
0.00 -10.00 -0.0033392
5.00 -10.00 -0.0041224
10.00 -10.00 -0.0036355
15.00 -10.00 -0.0032611
20.00 -10.00 -0.0056001
25.00 -10.00 -0.0076836
30.00 -10.00 -0.0055005
35.00 -10.00 -0.0013073
40.00 -10.00 0.000414
45.00 -10.00 -8.84e-05
50.00 -10.00 -0.0002481
55.00 -10.00 -4.15e-05
60.00 -10.00 -0.0002916
65.00 -10.00 -0.0001485
70.00 -10.00 0.0008399
75.00 -10.00 0.0015889
80.00 -10.00 0.0019066
85.00 -10.00 0.0026601
90.00 -10.00 0.0030131
95.00 -10.00 0.0014066
100.00 -10.00 -0.0005437
105.00 -10.00 0.0001777
110.00 -10.00 0.0020916
115.00 -10.00 0.0009157
120.00 -10.00 -0.0022656
125.00 -10.00 -0.0018193
130.00 -10.00 0.0021453
135.00 -10.00 0.0030722
140.00 -10.00 -0.000333
145.00 -10.00 -0.0016967
150.00 -10.00 0.0009817
155.00 -10.00 0.0017087
160.00 -10.00 -0.0020972
165.00 -10.00 -0.0054984
170.00 -10.00 -0.0057116
175.00 -10.00 -0.0053913
180.00 -10.00 -0.0053895
-180.00 -5.00 -0.0041678
-175.00 -5.00 -0.0019876
-170.00 -5.00 0.0004636
-165.00 -5.00 -9.8e-06
-160.00 -5.00 -0.0025703
-155.00 -5.00 -0.0042841
-150.00 -5.00 -0.0050574
-145.00 -5.00 -0.0047477
-140.00 -5.00 -0.0015012
-135.00 -5.00 0.0026032
-130.00 -5.00 0.0022806
-125.00 -5.00 -0.0018655
-120.00 -5.00 -0.0037272
-115.00 -5.00 -0.0016927
-110.00 -5.00 0.0004873
-105.00 -5.00 0.0012236
-100.00 -5.00 0.0016303
-95.00 -5.00 0.0018438
-90.00 -5.00 0.0024108
-85.00 -5.00 0.0043545
-80.00 -5.00 0.0053279
-75.00 -5.00 0.0025179
-70.00 -5.00 -0.0010262
-65.00 -5.00 -0.000906
-60.00 -5.00 0.0009231
-55.00 -5.00 0.0009029
-50.00 -5.00 0.0004846
-45.00 -5.00 0.0008647
-40.00 -5.00 -0.0006647
-35.00 -5.00 -0.0035305
-30.00 -5.00 -0.0031358
-25.00 -5.00 -0.0006398
-20.00 -5.00 -0.0019236
-15.00 -5.00 -0.0058943
-10.00 -5.00 -0.006309
-5.00 -5.00 -0.003872
0.00 -5.00 -0.0037894
5.00 -5.00 -0.0046661
10.00 -5.00 -0.0022668
15.00 -5.00 0.0004094
20.00 -5.00 -0.0016504
25.00 -5.00 -0.0054762
30.00 -5.00 -0.005245
35.00 -5.00 -0.0020872
40.00 -5.00 -0.0008135
45.00 -5.00 -0.0017611
50.00 -5.00 -0.0019789
55.00 -5.00 -0.0006053
60.00 -5.00 0.0010735
65.00 -5.00 0.002132
70.00 -5.00 0.0022754
75.00 -5.00 0.0015888
80.00 -5.00 0.0010352
85.00 -5.00 0.0016695
90.00 -5.00 0.0028763
95.00 -5.00 0.0027987
100.00 -5.00 0.0010994
105.00 -5.00 -0.0003326
110.00 -5.00 -0.0004821
115.00 -5.00 -0.0006678
120.00 -5.00 -0.0011251
125.00 -5.00 0.0002175
130.00 -5.00 0.0027218
135.00 -5.00 0.0019616
140.00 -5.00 -0.0024761
145.00 -5.00 -0.0047112
150.00 -5.00 -0.0025207
155.00 -5.00 -0.0015182
160.00 -5.00 -0.0048173
165.00 -5.00 -0.0077137
170.00 -5.00 -0.0068815
175.00 -5.00 -0.0051591
180.00 -5.00 -0.0041678
-180.00 0.00 -0.0027809
-175.00 0.00 -0.0027216
-170.00 0.00 -0.0007494
-165.00 0.00 -0.0004373
-160.00 0.00 -0.0029312
-155.00 0.00 -0.0048803
-150.00 0.00 -0.0043721
-145.00 0.00 -0.0024499
-140.00 0.00 -0.0002191
-135.00 0.00 0.0009275
-130.00 0.00 -0.0004532
-125.00 0.00 -0.0027213
-120.00 0.00 -0.0026966
-115.00 0.00 -0.0007662
-110.00 0.00 0.0004469
-105.00 0.00 0.0008371
-100.00 0.00 0.0015837
-95.00 0.00 0.002378
-90.00 0.00 0.0031833
-85.00 0.00 0.0044434
-80.00 0.00 0.0045827
-75.00 0.00 0.0025291
-70.00 0.00 0.001017
-65.00 0.00 0.0017862
-60.00 0.00 0.0019276
-55.00 0.00 0.0001982
-50.00 0.00 -0.0001268
-45.00 0.00 0.001118
-40.00 0.00 -0.0001286
-35.00 0.00 -0.0030663
-30.00 0.00 -0.0028144
-25.00 0.00 -0.0007797
-20.00 0.00 -0.0022283
-15.00 0.00 -0.0052411
-10.00 0.00 -0.0044692
-5.00 0.00 -0.002084
0.00 0.00 -0.0029519
5.00 0.00 -0.0044571
10.00 0.00 -0.0022871
15.00 0.00 0.0002299
20.00 0.00 -0.0017008
25.00 0.00 -0.0055562
30.00 0.00 -0.0065056
35.00 0.00 -0.0048991
40.00 0.00 -0.0034806
45.00 0.00 -0.002608
50.00 0.00 -0.0014681
55.00 0.00 -1.79e-05
60.00 0.00 0.0015491
65.00 0.00 0.0028236
70.00 0.00 0.0030665
75.00 0.00 0.002381
80.00 0.00 0.0019552
85.00 0.00 0.0027446
90.00 0.00 0.0044987
95.00 0.00 0.005526
100.00 0.00 0.0039168
105.00 0.00 0.0004634
110.00 0.00 -0.0012913
115.00 0.00 0.0002342
120.00 0.00 0.0026132
125.00 0.00 0.0034548
130.00 0.00 0.0027121
135.00 0.00 0.0006246
140.00 0.00 -0.0020435
145.00 0.00 -0.0028713
150.00 0.00 -0.0017045
155.00 0.00 -0.0024112
160.00 0.00 -0.0059642
165.00 0.00 -0.0074618
170.00 0.00 -0.0047229
175.00 0.00 -0.0023071
180.00 0.00 -0.0027809
-180.00 5.00 -0.0002944
-175.00 5.00 -0.0027882
-170.00 5.00 -0.0026093
-165.00 5.00 -0.0026089
-160.00 5.00 -0.0048391
-155.00 5.00 -0.0058669
-150.00 5.00 -0.00324
-145.00 5.00 1.44e-05
-140.00 5.00 0.0002575
-135.00 5.00 -0.0020098
-130.00 5.00 -0.003679
-125.00 5.00 -0.0027292
-120.00 5.00 -0.0001857
-115.00 5.00 0.0010914
-110.00 5.00 0.0001592
-105.00 5.00 -0.0008679
-100.00 5.00 -0.0003765
-95.00 5.00 0.0008642
-90.00 5.00 0.0020613
-85.00 5.00 0.0030885
-80.00 5.00 0.0030934
-75.00 5.00 0.0020051
-70.00 5.00 0.0015481
-65.00 5.00 0.0017479
-60.00 5.00 0.0004664
-55.00 5.00 -0.001423
-50.00 5.00 -0.0005987
-45.00 5.00 0.0018331
-40.00 5.00 0.0017474
-35.00 5.00 -9.35e-05
-30.00 5.00 -0.0001978
-25.00 5.00 -7.47e-05
-20.00 5.00 -0.0026028
-15.00 5.00 -0.0047851
-10.00 5.00 -0.0031747
-5.00 5.00 -0.0009858
0.00 5.00 -0.0018268
5.00 5.00 -0.0031805
10.00 5.00 -0.0025515
15.00 5.00 -0.0024515
20.00 5.00 -0.00457
25.00 5.00 -0.0065004
30.00 5.00 -0.0067343
35.00 5.00 -0.006142
40.00 5.00 -0.0045554
45.00 5.00 -0.0017992
50.00 5.00 -2.06e-05
55.00 5.00 -0.0002564
60.00 5.00 -9.87e-05
65.00 5.00 0.0020516
70.00 5.00 0.0044914
75.00 5.00 0.0055331
80.00 5.00 0.0054742
85.00 5.00 0.0052375
90.00 5.00 0.0056747
95.00 5.00 0.0066308
100.00 5.00 0.0059474
105.00 5.00 0.0027286
110.00 5.00 0.0004902
115.00 5.00 0.0022348
120.00 5.00 0.0048547
125.00 5.00 0.0038825
130.00 5.00 0.0005029
135.00 5.00 -0.0011956
140.00 5.00 -0.0002735
145.00 5.00 0.001239
150.00 5.00 0.0008816
155.00 5.00 -0.0027439
160.00 5.00 -0.0072217
165.00 5.00 -0.0072099
170.00 5.00 -0.0022004
175.00 5.00 0.0013293
180.00 5.00 -0.0002944
-180.00 10.00 0.0015427
-175.00 10.00 -0.0004682
-170.00 10.00 -0.0011864
-165.00 10.00 -0.0027111
-160.00 10.00 -0.0061534
-155.00 10.00 -0.007234
-150.00 10.00 -0.003255
-145.00 10.00 0.0012771
-140.00 10.00 0.0009294
-135.00 10.00 -0.0029197
-130.00 10.00 -0.0046441
-125.00 10.00 -0.0021298
-120.00 10.00 0.0011968
-115.00 10.00 0.0013672
-110.00 10.00 -0.0013554
-105.00 10.00 -0.0035784
-100.00 10.00 -0.0032434
-95.00 10.00 -0.0010623
-90.00 10.00 0.0015447
-85.00 10.00 0.0035313
-80.00 10.00 0.0040522
-75.00 10.00 0.0032728
-70.00 10.00 0.002169
-65.00 10.00 0.0006412
-60.00 10.00 -0.0016711
-55.00 10.00 -0.0028833
-50.00 10.00 -0.0011408
-45.00 10.00 0.0014898
-40.00 10.00 0.0019321
-35.00 10.00 0.0008289
-30.00 10.00 -0.0001761
-25.00 10.00 -0.0020892
-20.00 10.00 -0.0049557
-15.00 10.00 -0.0056909
-10.00 10.00 -0.0034995
-5.00 10.00 -0.0016105
0.00 10.00 -0.0012713
5.00 10.00 -0.0007736
10.00 10.00 -0.0008291
15.00 10.00 -0.0033059
20.00 10.00 -0.0059186
25.00 10.00 -0.0057066
30.00 10.00 -0.0046256
35.00 10.00 -0.0048934
40.00 10.00 -0.004118
45.00 10.00 -0.0011597
50.00 10.00 8.75e-05
55.00 10.00 -0.0019217
60.00 10.00 -0.0026507
65.00 10.00 0.0008745
70.00 10.00 0.0056844
75.00 10.00 0.0082039
80.00 10.00 0.0079101
85.00 10.00 0.0057154
90.00 10.00 0.0035063
95.00 10.00 0.003419
100.00 10.00 0.0046262
105.00 10.00 0.0044573
110.00 10.00 0.0035142
115.00 10.00 0.0042363
120.00 10.00 0.0051002
125.00 10.00 0.0028676
130.00 10.00 -0.0008118
135.00 10.00 -0.0015257
140.00 10.00 0.0009248
145.00 10.00 0.0026963
150.00 10.00 0.0009503
155.00 10.00 -0.0039209
160.00 10.00 -0.0083802
165.00 10.00 -0.0079276
170.00 10.00 -0.0025908
175.00 10.00 0.0018281
180.00 10.00 0.0015427
-180.00 15.00 -0.0003831
-175.00 15.00 0.0003193
-170.00 15.00 0.000356
-165.00 15.00 -0.0021249
-160.00 15.00 -0.0065696
-155.00 15.00 -0.0079631
-150.00 15.00 -0.0036888
-145.00 15.00 0.0015195
-140.00 15.00 0.0018242
-135.00 15.00 -0.0017345
-130.00 15.00 -0.0035107
-125.00 15.00 -0.0012595
-120.00 15.00 0.001762
-115.00 15.00 0.0018194
-110.00 15.00 -0.0010094
-105.00 15.00 -0.0038272
-100.00 15.00 -0.0043101
-95.00 15.00 -0.0022546
-90.00 15.00 0.0010567
-85.00 15.00 0.0039103
-80.00 15.00 0.005135
-75.00 15.00 0.0046957
-70.00 15.00 0.0030779
-65.00 15.00 0.0006181
-60.00 15.00 -0.0016807
-55.00 15.00 -0.0020918
-50.00 15.00 -0.0005746
-45.00 15.00 0.000526
-40.00 15.00 -0.0002284
-35.00 15.00 -0.0018045
-30.00 15.00 -0.0034114
-25.00 15.00 -0.0052395
-20.00 15.00 -0.0060754
-15.00 15.00 -0.0045978
-10.00 15.00 -0.0025921
-5.00 15.00 -0.0020374
0.00 15.00 -0.0011388
5.00 15.00 0.0013205
10.00 15.00 0.0017954
15.00 15.00 -0.0016387
20.00 15.00 -0.0043531
25.00 15.00 -0.0030578
30.00 15.00 -0.001664
35.00 15.00 -0.0031238
40.00 15.00 -0.0036916
45.00 15.00 -0.0011142
50.00 15.00 0.0004249
55.00 15.00 -0.0012817
60.00 15.00 -0.0019111
65.00 15.00 0.0015172
70.00 15.00 0.0061141
75.00 15.00 0.0085802
80.00 15.00 0.0083457
85.00 15.00 0.0053701
90.00 15.00 0.0008694
95.00 15.00 -0.0014563
100.00 15.00 0.0002179
105.00 15.00 0.0030807
110.00 15.00 0.0043371
115.00 15.00 0.004472
120.00 15.00 0.0041546
125.00 15.00 0.0028241
130.00 15.00 0.0012995
135.00 15.00 0.0012547
140.00 15.00 0.002094
145.00 15.00 0.001812
150.00 15.00 -0.0001735
155.00 15.00 -0.0032023
160.00 15.00 -0.0061376
165.00 15.00 -0.0070349
170.00 15.00 -0.0049758
175.00 15.00 -0.0020107
180.00 15.00 -0.0003831
-180.00 20.00 -0.0038921
-175.00 20.00 -0.0017088
-170.00 20.00 -0.0009188
-165.00 20.00 -0.0028915
-160.00 20.00 -0.00624
-155.00 20.00 -0.0069306
-150.00 20.00 -0.0033016
-145.00 20.00 0.0010081
-140.00 20.00 0.0016646
-135.00 20.00 -0.0007241
-130.00 20.00 -0.0020363
-125.00 20.00 -0.0001975
-120.00 20.00 0.0029459
-115.00 20.00 0.0044442
-110.00 20.00 0.0031626
-105.00 20.00 0.0002506
-100.00 20.00 -0.0020751
-95.00 20.00 -0.0022197
-90.00 20.00 -0.0003343
-85.00 20.00 0.0021036
-80.00 20.00 0.0037414
-75.00 20.00 0.0040217
-70.00 20.00 0.0028382
-65.00 20.00 0.0007413
-60.00 20.00 -0.0006481
-55.00 20.00 -0.0001027
-50.00 20.00 0.0012252
-45.00 20.00 0.0010758
-40.00 20.00 -0.0008228
-35.00 20.00 -0.0029489
-30.00 20.00 -0.0044476
-25.00 20.00 -0.0049367
-20.00 20.00 -0.0035146
-15.00 20.00 -0.0009107
-10.00 20.00 -6.14e-05
-5.00 20.00 -0.0013572
0.00 20.00 -0.0011824
5.00 20.00 0.0014112
10.00 20.00 0.0020921
15.00 20.00 -0.0007648
20.00 20.00 -0.002367
25.00 20.00 -0.00024
30.00 20.00 0.0011191
35.00 20.00 -0.0009572
40.00 20.00 -0.002142
45.00 20.00 0.0005282
50.00 20.00 0.0033426
55.00 20.00 0.0032006
60.00 20.00 0.0025522
65.00 20.00 0.0038516
70.00 20.00 0.005922
75.00 20.00 0.007502
80.00 20.00 0.0082839
85.00 20.00 0.0065021
90.00 20.00 0.0013356
95.00 20.00 -0.0034513
100.00 20.00 -0.0035882
105.00 20.00 -0.0003007
110.00 20.00 0.0020478
115.00 20.00 0.002064
120.00 20.00 0.0016271
125.00 20.00 0.0022278
130.00 20.00 0.0034782
135.00 20.00 0.0039254
140.00 20.00 0.0025589
145.00 20.00 0.0003391
150.00 20.00 -0.0006927
155.00 20.00 -0.0005356
160.00 20.00 -0.0013564
165.00 20.00 -0.0038069
170.00 20.00 -0.005837
175.00 20.00 -0.0057333
180.00 20.00 -0.0038921
-180.00 25.00 -0.0030419
-175.00 25.00 -0.0019164
-170.00 25.00 -0.0019826
-165.00 25.00 -0.0033361
-160.00 25.00 -0.0048601
-155.00 25.00 -0.0048718
-150.00 25.00 -0.0028964
-145.00 25.00 -0.0004874
-140.00 25.00 0.0005749
-135.00 25.00 0.0003493
-130.00 25.00 0.0003082
-125.00 25.00 0.0015137
-120.00 25.00 0.0037459
-115.00 25.00 0.0057496
-110.00 25.00 0.0059987
-105.00 25.00 0.0039614
-100.00 25.00 0.0009272
-95.00 25.00 -0.0009921
-90.00 25.00 -0.0007859
-85.00 25.00 0.0009242
-80.00 25.00 0.0028482
-75.00 25.00 0.0037707
-70.00 25.00 0.00296
-65.00 25.00 0.00104
-60.00 25.00 -2.59e-05
-55.00 25.00 0.000867
-50.00 25.00 0.0022976
-45.00 25.00 0.0021699
-40.00 25.00 0.0004064
-35.00 25.00 -0.0016191
-30.00 25.00 -0.0030612
-25.00 25.00 -0.0034186
-20.00 25.00 -0.0021662
-15.00 25.00 -0.0003183
-10.00 25.00 -5.04e-05
-5.00 25.00 -0.0011292
0.00 25.00 -0.0008939
5.00 25.00 0.0007158
10.00 25.00 0.0005507
15.00 25.00 -0.0015685
20.00 25.00 -0.0016022
25.00 25.00 0.0014807
30.00 25.00 0.0033744
35.00 25.00 0.0020463
40.00 25.00 0.0013019
45.00 25.00 0.0037911
50.00 25.00 0.0065974
55.00 25.00 0.0066883
60.00 25.00 0.0052648
65.00 25.00 0.0044509
70.00 25.00 0.0044944
75.00 25.00 0.0054212
80.00 25.00 0.0069711
85.00 25.00 0.0067632
90.00 25.00 0.0029522
95.00 25.00 -0.0017599
100.00 25.00 -0.0029962
105.00 25.00 -0.0008401
110.00 25.00 0.0007738
115.00 25.00 4.86e-05
120.00 25.00 -0.000811
125.00 25.00 0.000403
130.00 25.00 0.0026213
135.00 25.00 0.0029188
140.00 25.00 0.0003332
145.00 25.00 -0.0025813
150.00 25.00 -0.0027311
155.00 25.00 -0.0005649
160.00 25.00 0.0005232
165.00 25.00 -0.0011165
170.00 25.00 -0.0034813
175.00 25.00 -0.0041138
180.00 25.00 -0.0030419
-180.00 30.00 0.0021086
-175.00 30.00 0.0012222
-170.00 30.00 -0.0005541
-165.00 30.00 -0.0020688
-160.00 30.00 -0.0029273
-155.00 30.00 -0.0033605
-150.00 30.00 -0.0031977
-145.00 30.00 -0.0017847
-140.00 30.00 0.0009451
-135.00 30.00 0.0037207
-130.00 30.00 0.0048091
-125.00 30.00 0.0038707
-120.00 30.00 0.0024675
-115.00 30.00 0.0022179
-110.00 30.00 0.0028771
-105.00 30.00 0.0029448
-100.00 30.00 0.0018329
-95.00 30.00 0.0005881
-90.00 30.00 0.0005916
-85.00 30.00 0.0022136
-80.00 30.00 0.0045714
-75.00 30.00 0.0060467
-70.00 30.00 0.0054352
-65.00 30.00 0.0032684
-60.00 30.00 0.00154
-55.00 30.00 0.0014228
-50.00 30.00 0.0018866
-45.00 30.00 0.0013191
-40.00 30.00 -0.0003919
-35.00 30.00 -0.0023328
-30.00 30.00 -0.0040272
-25.00 30.00 -0.0052596
-20.00 30.00 -0.0055121
-15.00 30.00 -0.0046976
-10.00 30.00 -0.0033891
-5.00 30.00 -0.0016736
0.00 30.00 0.0006113
5.00 30.00 0.0021977
10.00 30.00 0.0014576
15.00 30.00 -0.0003787
20.00 30.00 -0.0001798
25.00 30.00 0.0022536
30.00 30.00 0.0038404
35.00 30.00 0.0034603
40.00 30.00 0.0035488
45.00 30.00 0.0053291
50.00 30.00 0.0065264
55.00 30.00 0.0053748
60.00 30.00 0.0033261
65.00 30.00 0.0023314
70.00 30.00 0.0024518
75.00 30.00 0.0031126
80.00 30.00 0.0039794
85.00 30.00 0.0040964
90.00 30.00 0.0027264
95.00 30.00 0.0011844
100.00 30.00 0.001407
105.00 30.00 0.0027999
110.00 30.00 0.0029078
115.00 30.00 0.0012061
120.00 30.00 -6.03e-05
125.00 30.00 0.0007245
130.00 30.00 0.0020567
135.00 30.00 0.001203
140.00 30.00 -0.0021516
145.00 30.00 -0.0052196
150.00 30.00 -0.0053146
155.00 30.00 -0.0029127
160.00 30.00 -0.0006254
165.00 30.00 0.0002669
170.00 30.00 0.0007414
175.00 30.00 0.0016278
180.00 30.00 0.0021086
-180.00 35.00 0.0047378
-175.00 35.00 0.002765
-170.00 35.00 0.00055
-165.00 35.00 -0.0007387
-160.00 35.00 -0.0014624
-155.00 35.00 -0.0024609
-150.00 35.00 -0.0030523
-145.00 35.00 -0.0012994
-140.00 35.00 0.0032619
-135.00 35.00 0.0079301
-130.00 35.00 0.0089186
-125.00 35.00 0.005295
-120.00 35.00 0.0001684
-115.00 35.00 -0.002439
-110.00 35.00 -0.0014355
-105.00 35.00 0.000994
-100.00 35.00 0.0022973
-95.00 35.00 0.0020443
-90.00 35.00 0.0017169
-85.00 35.00 0.0027803
-80.00 35.00 0.0051454
-75.00 35.00 0.0072304
-70.00 35.00 0.0075033
-65.00 35.00 0.006037
-60.00 35.00 0.0042549
-55.00 35.00 0.003073
-50.00 35.00 0.001938
-45.00 35.00 4.4e-05
-40.00 35.00 -0.0022951
-35.00 35.00 -0.0041823
-30.00 35.00 -0.0053983
-25.00 35.00 -0.0062934
-20.00 35.00 -0.0068251
-15.00 35.00 -0.0064184
-10.00 35.00 -0.004572
-5.00 35.00 -0.0013324
0.00 35.00 0.0023756
5.00 35.00 0.0049077
10.00 35.00 0.0052694
15.00 35.00 0.0043261
20.00 35.00 0.0036249
25.00 35.00 0.0032787
30.00 35.00 0.0024863
35.00 35.00 0.0017533
40.00 35.00 0.0024374
45.00 35.00 0.00403
50.00 35.00 0.0042626
55.00 35.00 0.0024744
60.00 35.00 0.0007297
65.00 35.00 0.0008148
70.00 35.00 0.0019783
75.00 35.00 0.0025012
80.00 35.00 0.0020112
85.00 35.00 0.001427
90.00 35.00 0.0016718
95.00 35.00 0.0029661
100.00 35.00 0.0045909
105.00 35.00 0.0051962
110.00 35.00 0.0041784
115.00 35.00 0.002766
120.00 35.00 0.0027968
125.00 35.00 0.0042621
130.00 35.00 0.0049584
135.00 35.00 0.0030356
140.00 35.00 -0.0006537
145.00 35.00 -0.0033323
150.00 35.00 -0.0032323
155.00 35.00 -0.0011315
160.00 35.00 0.0011231
165.00 35.00 0.0027912
170.00 35.00 0.004205
175.00 35.00 0.0051703
180.00 35.00 0.0047379
-180.00 40.00 0.002253
-175.00 40.00 0.000791
-170.00 40.00 6.11e-05
-165.00 40.00 7.86e-05
-160.00 40.00 -0.0001152
-155.00 40.00 -0.0011176
-150.00 40.00 -0.0017558
-145.00 40.00 5.2e-06
-140.00 40.00 0.0043261
-135.00 40.00 0.0083002
-130.00 40.00 0.0083804
-125.00 40.00 0.0041343
-120.00 40.00 -0.0009642
-115.00 40.00 -0.0028234
-110.00 40.00 -0.0005814
-105.00 40.00 0.0030059
-100.00 40.00 0.0046438
-95.00 40.00 0.0035406
-90.00 40.00 0.0015825
-85.00 40.00 0.0010754
-80.00 40.00 0.0025789
-75.00 40.00 0.0047497
-70.00 40.00 0.0059793
-65.00 40.00 0.0059156
-60.00 40.00 0.0052788
-55.00 40.00 0.0044995
-50.00 40.00 0.0031622
-45.00 40.00 0.0009741
-40.00 40.00 -0.0013008
-35.00 40.00 -0.0024375
-30.00 40.00 -0.0020919
-25.00 40.00 -0.0011103
-20.00 40.00 -0.0005573
-15.00 40.00 -0.0007216
-10.00 40.00 -0.0009981
-5.00 40.00 -0.0004947
0.00 40.00 0.0012127
5.00 40.00 0.0037376
10.00 40.00 0.0061674
15.00 40.00 0.0075361
20.00 40.00 0.007077
25.00 40.00 0.0046493
30.00 40.00 0.0014513
35.00 40.00 -0.0002955
40.00 40.00 0.0005813
45.00 40.00 0.0026168
50.00 40.00 0.0032468
55.00 40.00 0.0019395
60.00 40.00 0.0006914
65.00 40.00 0.001202
70.00 40.00 0.0027231
75.00 40.00 0.0033405
80.00 40.00 0.0025404
85.00 40.00 0.0016344
90.00 40.00 0.0019216
95.00 40.00 0.003112
100.00 40.00 0.0037305
105.00 40.00 0.0029097
110.00 40.00 0.0016129
115.00 40.00 0.0018086
120.00 40.00 0.0042103
125.00 40.00 0.0070757
130.00 40.00 0.0077423
135.00 40.00 0.0054446
140.00 40.00 0.0022433
145.00 40.00 0.0009487
150.00 40.00 0.0023651
155.00 40.00 0.0048468
160.00 40.00 0.0063252
165.00 40.00 0.0062065
170.00 40.00 0.0051701
175.00 40.00 0.0038154
180.00 40.00 0.002253
-180.00 45.00 0.0001536
-175.00 45.00 0.0002619
-170.00 45.00 0.0013471
-165.00 45.00 0.0023382
-160.00 45.00 0.0021947
-155.00 45.00 0.000885
-150.00 45.00 -0.0002518
-145.00 45.00 0.0003415
-140.00 45.00 0.0026313
-135.00 45.00 0.0046239
-130.00 45.00 0.0042533
-125.00 45.00 0.0016849
-120.00 45.00 -0.0005912
-115.00 45.00 -0.000189
-110.00 45.00 0.0027554
-105.00 45.00 0.0057287
-100.00 45.00 0.0063102
-95.00 45.00 0.0043553
-90.00 45.00 0.0018287
-85.00 45.00 0.0007575
-80.00 45.00 0.0014937
-75.00 45.00 0.0028436
-70.00 45.00 0.0035886
-65.00 45.00 0.0036173
-60.00 45.00 0.0035573
-55.00 45.00 0.0036227
-50.00 45.00 0.0032597
-45.00 45.00 0.0020416
-40.00 45.00 0.0005887
-35.00 45.00 0.0002224
-30.00 45.00 0.0016398
-25.00 45.00 0.004047
-20.00 45.00 0.0056394
-15.00 45.00 0.0049671
-10.00 45.00 0.0020638
-5.00 45.00 -0.0014562
0.00 45.00 -0.0033853
5.00 45.00 -0.0023801
10.00 45.00 0.0010378
15.00 45.00 0.004666
20.00 45.00 0.006065
25.00 45.00 0.0044288
30.00 45.00 0.0013706
35.00 45.00 -0.0004137
40.00 45.00 0.0003309
45.00 45.00 0.0022682
50.00 45.00 0.0030953
55.00 45.00 0.002133
60.00 45.00 0.0008445
65.00 45.00 0.0008578
70.00 45.00 0.0021297
75.00 45.00 0.0033735
80.00 45.00 0.0037805
85.00 45.00 0.0036886
90.00 45.00 0.0036292
95.00 45.00 0.0033558
100.00 45.00 0.0022646
105.00 45.00 0.0006425
110.00 45.00 -2.66e-05
115.00 45.00 0.0015543
120.00 45.00 0.0047808
125.00 45.00 0.007205
130.00 45.00 0.006719
135.00 45.00 0.003747
140.00 45.00 0.0010454
145.00 45.00 0.0011582
150.00 45.00 0.0040817
155.00 45.00 0.0074259
160.00 45.00 0.0086862
165.00 45.00 0.0072225
170.00 45.00 0.0042695
175.00 45.00 0.0015541
180.00 45.00 0.0001536
-180.00 50.00 0.002139
-175.00 50.00 0.0035414
-170.00 50.00 0.0051046
-165.00 50.00 0.0056057
-160.00 50.00 0.0045261
-155.00 50.00 0.0024472
-150.00 50.00 0.0006999
-145.00 50.00 0.0003467
-140.00 50.00 0.0012749
-135.00 50.00 0.0023103
-130.00 50.00 0.0023723
-125.00 50.00 0.00156
-120.00 50.00 0.0010146
-115.00 50.00 0.0016728
-110.00 50.00 0.0032438
-105.00 50.00 0.0045114
-100.00 50.00 0.0046119
-95.00 50.00 0.0038917
-90.00 50.00 0.0034531
-85.00 50.00 0.0039265
-80.00 50.00 0.0048024
-75.00 50.00 0.0050083
-70.00 50.00 0.0040734
-65.00 50.00 0.0026168
-60.00 50.00 0.0016484
-55.00 50.00 0.0014705
-50.00 50.00 0.0014019
-45.00 50.00 0.0006306
-40.00 50.00 -0.0007452
-35.00 50.00 -0.0016408
-30.00 50.00 -0.0010066
-25.00 50.00 0.00103
-20.00 50.00 0.0029964
-15.00 50.00 0.0030943
-10.00 50.00 0.0006221
-5.00 50.00 -0.0033144
0.00 50.00 -0.0064124
5.00 50.00 -0.0067452
10.00 50.00 -0.0041698
15.00 50.00 -0.0004599
20.00 50.00 0.0020393
25.00 50.00 0.0022151
30.00 50.00 0.0009228
35.00 50.00 -3.25e-05
40.00 50.00 0.000302
45.00 50.00 0.0012361
50.00 50.00 0.0014182
55.00 50.00 0.0004366
60.00 50.00 -0.0007307
65.00 50.00 -0.0007859
70.00 50.00 0.0006213
75.00 50.00 0.002744
80.00 50.00 0.0045694
85.00 50.00 0.005525
90.00 50.00 0.0054911
95.00 50.00 0.00457
100.00 50.00 0.0031703
105.00 50.00 0.002184
110.00 50.00 0.0025979
115.00 50.00 0.004531
120.00 50.00 0.0066684
125.00 50.00 0.0070264
130.00 50.00 0.0046778
135.00 50.00 0.0008484
140.00 50.00 -0.0018528
145.00 50.00 -0.0015376
150.00 50.00 0.0014156
155.00 50.00 0.0047666
160.00 50.00 0.0063048
165.00 50.00 0.005476
170.00 50.00 0.0034726
175.00 50.00 0.0020313
180.00 50.00 0.002139
-180.00 55.00 0.0042447
-175.00 55.00 0.0057407
-170.00 55.00 0.0066284
-165.00 55.00 0.0061763
-160.00 55.00 0.0044645
-155.00 55.00 0.002374
-150.00 55.00 0.0010389
-145.00 55.00 0.0011112
-140.00 55.00 0.0023533
-135.00 55.00 0.0038635
-130.00 55.00 0.0047547
-125.00 55.00 0.0047253
-120.00 55.00 0.0040852
-115.00 55.00 0.0033323
-110.00 55.00 0.0027707
-105.00 55.00 0.0025179
-100.00 55.00 0.0027373
-95.00 55.00 0.0036648
-90.00 55.00 0.0052818
-85.00 55.00 0.0069968
-80.00 55.00 0.0078194
-75.00 55.00 0.007048
-70.00 55.00 0.0049022
-65.00 55.00 0.0024557
-60.00 55.00 0.000823
-55.00 55.00 0.0002751
-50.00 55.00 8.19e-05
-45.00 55.00 -0.0007564
-40.00 55.00 -0.0025413
-35.00 55.00 -0.0045388
-30.00 55.00 -0.0055715
-25.00 55.00 -0.0050202
-20.00 55.00 -0.003377
-15.00 55.00 -0.0018896
-10.00 55.00 -0.0015914
-5.00 55.00 -0.0025016
0.00 55.00 -0.0036375
5.00 55.00 -0.0038241
10.00 55.00 -0.0026412
15.00 55.00 -0.0007315
20.00 55.00 0.0007701
25.00 55.00 0.0011684
30.00 55.00 0.0006705
35.00 55.00 8.3e-06
40.00 55.00 -0.0003403
45.00 55.00 -0.0005215
50.00 55.00 -0.0009314
55.00 55.00 -0.0015698
60.00 55.00 -0.0018634
65.00 55.00 -0.0011537
70.00 55.00 0.000665
75.00 55.00 0.0029795
80.00 55.00 0.0048594
85.00 55.00 0.005622
90.00 55.00 0.0051588
95.00 55.00 0.0039426
100.00 55.00 0.0028209
105.00 55.00 0.0026436
110.00 55.00 0.0037648
115.00 55.00 0.0056652
120.00 55.00 0.0070901
125.00 55.00 0.0068291
130.00 55.00 0.0046631
135.00 55.00 0.0016786
140.00 55.00 -0.0004337
145.00 55.00 -0.0006048
150.00 55.00 0.0008719
155.00 55.00 0.0026923
160.00 55.00 0.0036433
165.00 55.00 0.0034983
170.00 55.00 0.0030134
175.00 55.00 0.0031512
180.00 55.00 0.0042447
-180.00 60.00 0.0027478
-175.00 60.00 0.0036779
-170.00 60.00 0.0040354
-165.00 60.00 0.0035136
-160.00 60.00 0.0023662
-155.00 60.00 0.0012905
-150.00 60.00 0.0010238
-145.00 60.00 0.0019086
-140.00 60.00 0.0036956
-135.00 60.00 0.0056955
-130.00 60.00 0.0071597
-125.00 60.00 0.0076409
-120.00 60.00 0.0071383
-115.00 60.00 0.0060132
-110.00 60.00 0.0047944
-105.00 60.00 0.0039859
-100.00 60.00 0.0039024
-95.00 60.00 0.0045232
-90.00 60.00 0.0054257
-85.00 60.00 0.0059159
-80.00 60.00 0.0053905
-75.00 60.00 0.0037534
-70.00 60.00 0.0015752
-65.00 60.00 -0.0002004
-60.00 60.00 -0.0008654
-55.00 60.00 -0.0004475
-50.00 60.00 0.0002902
-45.00 60.00 0.0003805
-40.00 60.00 -0.0006596
-35.00 60.00 -0.0024872
-30.00 60.00 -0.0041754
-25.00 60.00 -0.0048395
-20.00 60.00 -0.0041843
-15.00 60.00 -0.002602
-10.00 60.00 -0.0008129
-5.00 60.00 0.0006318
0.00 60.00 0.0016091
5.00 60.00 0.0023044
10.00 60.00 0.00289
15.00 60.00 0.0033122
20.00 60.00 0.0033555
25.00 60.00 0.0028777
30.00 60.00 0.0019684
35.00 60.00 0.0008872
40.00 60.00 -0.0001218
45.00 60.00 -0.0009328
50.00 60.00 -0.0014685
55.00 60.00 -0.0015811
60.00 60.00 -0.0010724
65.00 60.00 0.0001159
70.00 60.00 0.0017129
75.00 60.00 0.0031337
80.00 60.00 0.0037386
85.00 60.00 0.0031798
90.00 60.00 0.0016201
95.00 60.00 -0.0002992
100.00 60.00 -0.001727
105.00 60.00 -0.0019917
110.00 60.00 -0.0009366
115.00 60.00 0.0009819
120.00 60.00 0.0029246
125.00 60.00 0.004135
130.00 60.00 0.0043561
135.00 60.00 0.0039082
140.00 60.00 0.0033711
145.00 60.00 0.0031219
150.00 60.00 0.003099
155.00 60.00 0.0029666
160.00 60.00 0.0025088
165.00 60.00 0.0018916
170.00 60.00 0.0015616
175.00 60.00 0.0018715
180.00 60.00 0.0027478
-180.00 65.00 0.0007753
-175.00 65.00 0.0015618
-170.00 65.00 0.0021078
-165.00 65.00 0.0022361
-160.00 65.00 0.0020487
-155.00 65.00 0.0018668
-150.00 65.00 0.0020477
-145.00 65.00 0.0027869
-140.00 65.00 0.0040143
-135.00 65.00 0.0054332
-130.00 65.00 0.0066666
-125.00 65.00 0.007422
-120.00 65.00 0.0075945
-115.00 65.00 0.0072699
-110.00 65.00 0.0066455
-105.00 65.00 0.0059118
-100.00 65.00 0.0051481
-95.00 65.00 0.0042774
-90.00 65.00 0.003115
-85.00 65.00 0.0015079
-80.00 65.00 -0.0004965
-75.00 65.00 -0.0025545
-70.00 65.00 -0.0041
-65.00 65.00 -0.0045898
-60.00 65.00 -0.0038054
-55.00 65.00 -0.0020284
-50.00 65.00 4.19e-05
-45.00 65.00 0.0016059
-40.00 65.00 0.0021469
-35.00 65.00 0.0016593
-30.00 65.00 0.0006011
-25.00 65.00 -0.0003814
-20.00 65.00 -0.0007808
-15.00 65.00 -0.0004238
-10.00 65.00 0.000539
-5.00 65.00 0.0017894
0.00 65.00 0.0030149
5.00 65.00 0.0040007
10.00 65.00 0.0046289
15.00 65.00 0.004839
20.00 65.00 0.0046098
25.00 65.00 0.0039718
30.00 65.00 0.0030246
35.00 65.00 0.0019299
40.00 65.00 0.0008813
45.00 65.00 7.09e-05
50.00 65.00 -0.0003378
55.00 65.00 -0.0002444
60.00 65.00 0.0003358
65.00 65.00 0.0012218
70.00 65.00 0.0020661
75.00 65.00 0.0024439
80.00 65.00 0.0020147
85.00 65.00 0.0006886
90.00 65.00 -0.001292
95.00 65.00 -0.0034071
100.00 65.00 -0.0050382
105.00 65.00 -0.0056964
110.00 65.00 -0.0052012
115.00 65.00 -0.0037284
120.00 65.00 -0.0017109
125.00 65.00 0.0003501
130.00 65.00 0.0020602
135.00 65.00 0.0032107
140.00 65.00 0.0037486
145.00 65.00 0.0037031
150.00 65.00 0.0031458
155.00 65.00 0.0022149
160.00 65.00 0.0011522
165.00 65.00 0.0002811
170.00 65.00 -0.0001059
175.00 65.00 0.0001062
180.00 65.00 0.0007753
-180.00 70.00 0.0021347
-175.00 70.00 0.0032214
-170.00 70.00 0.0041578
-165.00 70.00 0.0047914
-160.00 70.00 0.0050892
-155.00 70.00 0.0051326
-150.00 70.00 0.0050675
-145.00 70.00 0.0050365
-140.00 70.00 0.0051249
-135.00 70.00 0.0053393
-130.00 70.00 0.0056212
-125.00 70.00 0.0058778
-120.00 70.00 0.0060118
-115.00 70.00 0.0059381
-110.00 70.00 0.0055848
-105.00 70.00 0.0048893
-100.00 70.00 0.0038016
-95.00 70.00 0.0023046
-90.00 70.00 0.0004502
-85.00 70.00 -0.0016041
-80.00 70.00 -0.0035838
-75.00 70.00 -0.0051342
-70.00 70.00 -0.0059108
-65.00 70.00 -0.0056997
-60.00 70.00 -0.0045171
-55.00 70.00 -0.0026376
-50.00 70.00 -0.0005244
-45.00 70.00 0.0013169
-40.00 70.00 0.0025029
-35.00 70.00 0.0028864
-30.00 70.00 0.002573
-25.00 70.00 0.0018466
-20.00 70.00 0.001044
-15.00 70.00 0.0004393
-10.00 70.00 0.0001779
-5.00 70.00 0.000271
0.00 70.00 0.000632
5.00 70.00 0.0011266
10.00 70.00 0.0016154
15.00 70.00 0.0019821
20.00 70.00 0.002151
25.00 70.00 0.0020967
30.00 70.00 0.0018486
35.00 70.00 0.0014873
40.00 70.00 0.0011289
45.00 70.00 0.0008996
50.00 70.00 0.0009014
55.00 70.00 0.0011768
60.00 70.00 0.0016825
65.00 70.00 0.0022832
70.00 70.00 0.002778
75.00 70.00 0.002956
80.00 70.00 0.0026686
85.00 70.00 0.0018913
90.00 70.00 0.000747
95.00 70.00 -0.0005204
100.00 70.00 -0.0016184
105.00 70.00 -0.0022957
110.00 70.00 -0.0024168
115.00 70.00 -0.0019954
120.00 70.00 -0.0011783
125.00 70.00 -0.0001922
130.00 70.00 0.0007234
135.00 70.00 0.0013751
140.00 70.00 0.0016534
145.00 70.00 0.0015499
150.00 70.00 0.0011552
155.00 70.00 0.0006414
160.00 70.00 0.0002234
165.00 70.00 0.0001023
170.00 70.00 0.000402
175.00 70.00 0.0011228
180.00 70.00 0.0021347
-180.00 75.00 0.0044264
-175.00 75.00 0.0055216
-170.00 75.00 0.0064671
-165.00 75.00 0.0071638
-160.00 75.00 0.0075602
-155.00 75.00 0.007659
-150.00 75.00 0.0075097
-145.00 75.00 0.0071898
-140.00 75.00 0.0067831
-135.00 75.00 0.0063591
-130.00 75.00 0.0059593
-125.00 75.00 0.0055917
-120.00 75.00 0.0052328
-115.00 75.00 0.0048363
-110.00 75.00 0.0043454
-105.00 75.00 0.0037099
-100.00 75.00 0.0029032
-95.00 75.00 0.0019386
-90.00 75.00 0.0008788
-85.00 75.00 -0.0001657
-80.00 75.00 -0.0010524
-75.00 75.00 -0.0016361
-70.00 75.00 -0.0018058
-65.00 75.00 -0.0015196
-60.00 75.00 -0.000824
-55.00 75.00 0.0001483
-50.00 75.00 0.0012063
-45.00 75.00 0.0021447
-40.00 75.00 0.0027937
-35.00 75.00 0.0030562
-30.00 75.00 0.0029246
-25.00 75.00 0.0024719
-20.00 75.00 0.001824
-15.00 75.00 0.0011232
-10.00 75.00 0.000494
-5.00 75.00 2.11e-05
0.00 75.00 -0.0002583
5.00 75.00 -0.0003501
10.00 75.00 -0.0002901
15.00 75.00 -0.0001283
20.00 75.00 8.67e-05
25.00 75.00 0.0003195
30.00 75.00 0.0005553
35.00 75.00 0.0008016
40.00 75.00 0.0010838
45.00 75.00 0.0014343
50.00 75.00 0.0018784
55.00 75.00 0.0024208
60.00 75.00 0.0030362
65.00 75.00 0.0036692
70.00 75.00 0.0042441
75.00 75.00 0.0046823
80.00 75.00 0.0049224
85.00 75.00 0.0049358
90.00 75.00 0.0047345
95.00 75.00 0.0043662
100.00 75.00 0.0039004
105.00 75.00 0.0034093
110.00 75.00 0.0029496
115.00 75.00 0.0025508
120.00 75.00 0.0022137
125.00 75.00 0.0019177
130.00 75.00 0.0016359
135.00 75.00 0.0013512
140.00 75.00 0.0010694
145.00 75.00 0.0008253
150.00 75.00 0.0006789
155.00 75.00 0.000703
160.00 75.00 0.0009631
165.00 75.00 0.0014971
170.00 75.00 0.0022984
175.00 75.00 0.0033091
180.00 75.00 0.0044264
-180.00 80.00 0.0037425
-175.00 80.00 0.0044026
-170.00 80.00 0.0049997
-165.00 80.00 0.0054948
-160.00 80.00 0.0058622
-155.00 80.00 0.0060915
-150.00 80.00 0.0061877
-145.00 80.00 0.0061676
-140.00 80.00 0.0060555
-135.00 80.00 0.0058778
-130.00 80.00 0.0056589
-125.00 80.00 0.0054178
-120.00 80.00 0.005166
-115.00 80.00 0.004909
-110.00 80.00 0.0046487
-105.00 80.00 0.0043862
-100.00 80.00 0.0041257
-95.00 80.00 0.0038764
-90.00 80.00 0.0036538
-85.00 80.00 0.0034779
-80.00 80.00 0.0033692
-75.00 80.00 0.0033437
-70.00 80.00 0.0034078
-65.00 80.00 0.0035543
-60.00 80.00 0.0037609
-55.00 80.00 0.0039923
-50.00 80.00 0.0042055
-45.00 80.00 0.0043573
-40.00 80.00 0.0044115
-35.00 80.00 0.0043453
-30.00 80.00 0.0041535
-25.00 80.00 0.0038484
-20.00 80.00 0.0034569
-15.00 80.00 0.003015
-10.00 80.00 0.0025619
-5.00 80.00 0.002134
0.00 80.00 0.001761
5.00 80.00 0.001463
10.00 80.00 0.0012507
15.00 80.00 0.0011272
20.00 80.00 0.0010901
25.00 80.00 0.001134
30.00 80.00 0.0012528
35.00 80.00 0.0014405
40.00 80.00 0.0016917
45.00 80.00 0.0019998
50.00 80.00 0.0023554
55.00 80.00 0.0027453
60.00 80.00 0.0031514
65.00 80.00 0.003551
70.00 80.00 0.0039183
75.00 80.00 0.0042266
80.00 80.00 0.0044519
85.00 80.00 0.0045761
90.00 80.00 0.0045881
95.00 80.00 0.0044859
100.00 80.00 0.0042756
105.00 80.00 0.003971
110.00 80.00 0.0035914
115.00 80.00 0.0031598
120.00 80.00 0.0027022
125.00 80.00 0.0022461
130.00 80.00 0.0018207
135.00 80.00 0.0014557
140.00 80.00 0.0011805
145.00 80.00 0.0010226
150.00 80.00 0.0010043
155.00 80.00 0.0011398
160.00 80.00 0.0014316
165.00 80.00 0.0018691
170.00 80.00 0.0024269
175.00 80.00 0.0030671
180.00 80.00 0.0037425
-180.00 85.00 0.0016275
-175.00 85.00 0.0018573
-170.00 85.00 0.0020902
-165.00 85.00 0.0023198
-160.00 85.00 0.0025393
-155.00 85.00 0.0027431
-150.00 85.00 0.0029282
-145.00 85.00 0.003094
-140.00 85.00 0.0032414
-135.00 85.00 0.0033717
-130.00 85.00 0.0034858
-125.00 85.00 0.0035848
-120.00 85.00 0.0036709
-115.00 85.00 0.0037474
-110.00 85.00 0.0038179
-105.00 85.00 0.0038845
-100.00 85.00 0.0039482
-95.00 85.00 0.0040089
-90.00 85.00 0.0040667
-85.00 85.00 0.0041222
-80.00 85.00 0.0041754
-75.00 85.00 0.004225
-70.00 85.00 0.0042677
-65.00 85.00 0.0042994
-60.00 85.00 0.0043158
-55.00 85.00 0.0043139
-50.00 85.00 0.0042914
-45.00 85.00 0.0042456
-40.00 85.00 0.004174
-35.00 85.00 0.0040747
-30.00 85.00 0.0039481
-25.00 85.00 0.0037974
-20.00 85.00 0.0036275
-15.00 85.00 0.0034441
-10.00 85.00 0.0032523
-5.00 85.00 0.0030569
0.00 85.00 0.0028637
5.00 85.00 0.002679
10.00 85.00 0.002509
15.00 85.00 0.0023581
20.00 85.00 0.0022281
25.00 85.00 0.002119
30.00 85.00 0.0020306
35.00 85.00 0.0019628
40.00 85.00 0.001915
45.00 85.00 0.0018848
50.00 85.00 0.0018679
55.00 85.00 0.0018586
60.00 85.00 0.0018522
65.00 85.00 0.0018448
70.00 85.00 0.0018331
75.00 85.00 0.0018133
80.00 85.00 0.0017806
85.00 85.00 0.001731
90.00 85.00 0.0016624
95.00 85.00 0.0015756
100.00 85.00 0.0014733
105.00 85.00 0.0013587
110.00 85.00 0.0012353
115.00 85.00 0.0011073
120.00 85.00 0.0009813
125.00 85.00 0.0008655
130.00 85.00 0.0007687
135.00 85.00 0.0006981
140.00 85.00 0.0006588
145.00 85.00 0.0006544
150.00 85.00 0.0006875
155.00 85.00 0.0007603
160.00 85.00 0.0008728
165.00 85.00 0.0010224
170.00 85.00 0.001203
175.00 85.00 0.0014072
180.00 85.00 0.0016275
-180.00 90.00 0.0017143
-175.00 90.00 0.0017143
-170.00 90.00 0.0017143
-165.00 90.00 0.0017143
-160.00 90.00 0.0017143
-155.00 90.00 0.0017143
-150.00 90.00 0.0017143
-145.00 90.00 0.0017143
-140.00 90.00 0.0017143
-135.00 90.00 0.0017143
-130.00 90.00 0.0017143
-125.00 90.00 0.0017143
-120.00 90.00 0.0017143
-115.00 90.00 0.0017143
-110.00 90.00 0.0017143
-105.00 90.00 0.0017143
-100.00 90.00 0.0017143
-95.00 90.00 0.0017143
-90.00 90.00 0.0017143
-85.00 90.00 0.0017143
-80.00 90.00 0.0017143
-75.00 90.00 0.0017143
-70.00 90.00 0.0017143
-65.00 90.00 0.0017143
-60.00 90.00 0.0017143
-55.00 90.00 0.0017143
-50.00 90.00 0.0017143
-45.00 90.00 0.0017143
-40.00 90.00 0.0017143
-35.00 90.00 0.0017143
-30.00 90.00 0.0017143
-25.00 90.00 0.0017143
-20.00 90.00 0.0017143
-15.00 90.00 0.0017143
-10.00 90.00 0.0017143
-5.00 90.00 0.0017143
0.00 90.00 0.0017143
5.00 90.00 0.0017143
10.00 90.00 0.0017143
15.00 90.00 0.0017143
20.00 90.00 0.0017143
25.00 90.00 0.0017143
30.00 90.00 0.0017143
35.00 90.00 0.0017143
40.00 90.00 0.0017143
45.00 90.00 0.0017143
50.00 90.00 0.0017143
55.00 90.00 0.0017143
60.00 90.00 0.0017143
65.00 90.00 0.0017143
70.00 90.00 0.0017143
75.00 90.00 0.0017143
80.00 90.00 0.0017143
85.00 90.00 0.0017143
90.00 90.00 0.0017143
95.00 90.00 0.0017143
100.00 90.00 0.0017143
105.00 90.00 0.0017143
110.00 90.00 0.0017143
115.00 90.00 0.0017143
120.00 90.00 0.0017143
125.00 90.00 0.0017143
130.00 90.00 0.0017143
135.00 90.00 0.0017143
140.00 90.00 0.0017143
145.00 90.00 0.0017143
150.00 90.00 0.0017143
155.00 90.00 0.0017143
160.00 90.00 0.0017143
165.00 90.00 0.0017143
170.00 90.00 0.0017143
175.00 90.00 0.0017143
180.00 90.00 0.0017143
