-180.00 -90.00 0.0078918
-175.00 -90.00 0.007892
-170.00 -90.00 0.0078921
-165.00 -90.00 0.0078922
-160.00 -90.00 0.0078923
-155.00 -90.00 0.0078924
-150.00 -90.00 0.0078924
-145.00 -90.00 0.0078924
-140.00 -90.00 0.0078924
-135.00 -90.00 0.0078923
-130.00 -90.00 0.0078922
-125.00 -90.00 0.0078921
-120.00 -90.00 0.0078919
-115.00 -90.00 0.0078917
-110.00 -90.00 0.0078916
-105.00 -90.00 0.0078914
-100.00 -90.00 0.0078912
-95.00 -90.00 0.007891
-90.00 -90.00 0.0078908
-85.00 -90.00 0.0078907
-80.00 -90.00 0.0078905
-75.00 -90.00 0.0078904
-70.00 -90.00 0.0078903
-65.00 -90.00 0.0078903
-60.00 -90.00 0.0078902
-55.00 -90.00 0.0078902
-50.00 -90.00 0.0078903
-45.00 -90.00 0.0078904
-40.00 -90.00 0.0078905
-35.00 -90.00 0.0078906
-30.00 -90.00 0.0078907
-25.00 -90.00 0.0078909
-20.00 -90.00 0.0078911
-15.00 -90.00 0.0078913
-10.00 -90.00 0.0078915
-5.00 -90.00 0.0078917
0.00 -90.00 0.0078918
5.00 -90.00 0.007892
10.00 -90.00 0.0078921
15.00 -90.00 0.0078923
20.00 -90.00 0.0078923
25.00 -90.00 0.0078924
30.00 -90.00 0.0078924
35.00 -90.00 0.0078924
40.00 -90.00 0.0078924
45.00 -90.00 0.0078923
50.00 -90.00 0.0078922
55.00 -90.00 0.0078921
60.00 -90.00 0.0078919
65.00 -90.00 0.0078918
70.00 -90.00 0.0078916
75.00 -90.00 0.0078914
80.00 -90.00 0.0078912
85.00 -90.00 0.007891
90.00 -90.00 0.0078909
95.00 -90.00 0.0078907
100.00 -90.00 0.0078905
105.00 -90.00 0.0078904
110.00 -90.00 0.0078903
115.00 -90.00 0.0078903
120.00 -90.00 0.0078902
125.00 -90.00 0.0078903
130.00 -90.00 0.0078903
135.00 -90.00 0.0078904
140.00 -90.00 0.0078905
145.00 -90.00 0.0078906
150.00 -90.00 0.0078907
155.00 -90.00 0.0078909
160.00 -90.00 0.0078911
165.00 -90.00 0.0078913
170.00 -90.00 0.0078915
175.00 -90.00 0.0078916
180.00 -90.00 0.0078918
-180.00 -85.00 0.0022595
-175.00 -85.00 0.0014126
-170.00 -85.00 0.0006382
-165.00 -85.00 -5.48e-05
-160.00 -85.00 -0.0006608
-155.00 -85.00 -0.0011773
-150.00 -85.00 -0.0016038
-145.00 -85.00 -0.0019406
-140.00 -85.00 -0.0021883
-135.00 -85.00 -0.0023487
-130.00 -85.00 -0.0024243
-125.00 -85.00 -0.002418
-120.00 -85.00 -0.0023318
-115.00 -85.00 -0.0021667
-110.00 -85.00 -0.0019225
-105.00 -85.00 -0.0015993
-100.00 -85.00 -0.0011976
-95.00 -85.00 -0.000719
-90.00 -85.00 -0.0001653
-85.00 -85.00 0.000462
-80.00 -85.00 0.0011599
-75.00 -85.00 0.0019238
-70.00 -85.00 0.0027461
-65.00 -85.00 0.0036173
-60.00 -85.00 0.0045268
-55.00 -85.00 0.0054636
-50.00 -85.00 0.0064156
-45.00 -85.00 0.0073694
-40.00 -85.00 0.0083104
-35.00 -85.00 0.0092245
-30.00 -85.00 0.0100994
-25.00 -85.00 0.0109248
-20.00 -85.00 0.0116923
-15.00 -85.00 0.0123947
-10.00 -85.00 0.0130266
-5.00 -85.00 0.0135857
0.00 -85.00 0.0140733
5.00 -85.00 0.014493
10.00 -85.00 0.0148497
15.00 -85.00 0.0151491
20.00 -85.00 0.0153972
25.00 -85.00 0.0156011
30.00 -85.00 0.0157677
35.00 -85.00 0.0159024
40.00 -85.00 0.0160087
45.00 -85.00 0.0160885
50.00 -85.00 0.0161422
55.00 -85.00 0.0161697
60.00 -85.00 0.0161693
65.00 -85.00 0.0161385
70.00 -85.00 0.0160737
75.00 -85.00 0.0159721
80.00 -85.00 0.0158311
85.00 -85.00 0.0156484
90.00 -85.00 0.0154208
95.00 -85.00 0.0151448
100.00 -85.00 0.0148168
105.00 -85.00 0.0144336
110.00 -85.00 0.0139919
115.00 -85.00 0.0134878
120.00 -85.00 0.012917
125.00 -85.00 0.0122763
130.00 -85.00 0.0115651
135.00 -85.00 0.0107855
140.00 -85.00 0.0099423
145.00 -85.00 0.009042
150.00 -85.00 0.0080943
155.00 -85.00 0.0071118
160.00 -85.00 0.0061105
165.00 -85.00 0.0051078
170.00 -85.00 0.0041213
175.00 -85.00 0.0031669
180.00 -85.00 0.0022595
-180.00 -80.00 -0.0048201
-175.00 -80.00 -0.006118
-170.00 -80.00 -0.0070804
-165.00 -80.00 -0.007726
-160.00 -80.00 -0.0080996
-155.00 -80.00 -0.0082411
-150.00 -80.00 -0.0081881
-145.00 -80.00 -0.0079956
-140.00 -80.00 -0.0077249
-135.00 -80.00 -0.0074113
-130.00 -80.00 -0.0070649
-125.00 -80.00 -0.0066979
-120.00 -80.00 -0.0063298
-115.00 -80.00 -0.0059605
-110.00 -80.00 -0.0055638
-105.00 -80.00 -0.0051149
-100.00 -80.00 -0.004606
-95.00 -80.00 -0.0040231
-90.00 -80.00 -0.0033312
-85.00 -80.00 -0.0024978
-80.00 -80.00 -0.0015172
-75.00 -80.00 -0.0003957
-70.00 -80.00 0.0008715
-65.00 -80.00 0.0022867
-60.00 -80.00 0.0038236
-55.00 -80.00 0.0054363
-50.00 -80.00 0.0070905
-45.00 -80.00 0.0087631
-40.00 -80.00 0.0104142
-35.00 -80.00 0.0119867
-30.00 -80.00 0.0134355
-25.00 -80.00 0.0147364
-20.00 -80.00 0.0158608
-15.00 -80.00 0.0167655
-10.00 -80.00 0.0174213
-5.00 -80.00 0.0178324
0.00 -80.00 0.0180182
5.00 -80.00 0.0179935
10.00 -80.00 0.0177853
15.00 -80.00 0.017453
20.00 -80.00 0.0170691
25.00 -80.00 0.0166859
30.00 -80.00 0.016337
35.00 -80.00 0.0160588
40.00 -80.00 0.0158824
45.00 -80.00 0.0158046
50.00 -80.00 0.0157902
55.00 -80.00 0.0158046
60.00 -80.00 0.015826
65.00 -80.00 0.0158271
70.00 -80.00 0.0157712
75.00 -80.00 0.0156418
80.00 -80.00 0.0154578
85.00 -80.00 0.0152484
90.00 -80.00 0.01503
95.00 -80.00 0.0148167
100.00 -80.00 0.0146328
105.00 -80.00 0.0144896
110.00 -80.00 0.0143577
115.00 -80.00 0.0141787
120.00 -80.00 0.0138947
125.00 -80.00 0.0134504
130.00 -80.00 0.0127776
135.00 -80.00 0.0118101
140.00 -80.00 0.0105207
145.00 -80.00 0.00893
150.00 -80.00 0.0070811
155.00 -80.00 0.0050297
160.00 -80.00 0.0028627
165.00 -80.00 0.0006972
170.00 -80.00 -0.0013551
175.00 -80.00 -0.0032144
180.00 -80.00 -0.0048201
-180.00 -75.00 -0.0145399
-175.00 -75.00 -0.0156584
-170.00 -75.00 -0.0159651
-165.00 -75.00 -0.0155834
-160.00 -75.00 -0.0146944
-155.00 -75.00 -0.0135002
-150.00 -75.00 -0.0121886
-145.00 -75.00 -0.0109073
-140.00 -75.00 -0.00975
-135.00 -75.00 -0.0087556
-130.00 -75.00 -0.0079211
-125.00 -75.00 -0.0072214
-120.00 -75.00 -0.0066256
-115.00 -75.00 -0.006108
-110.00 -75.00 -0.0056523
-105.00 -75.00 -0.0052469
-100.00 -75.00 -0.0048734
-95.00 -75.00 -0.0044976
-90.00 -75.00 -0.0040675
-85.00 -75.00 -0.0035185
-80.00 -75.00 -0.002788
-75.00 -75.00 -0.0018336
-70.00 -75.00 -0.0006487
-65.00 -75.00 0.0007364
-60.00 -75.00 0.0022628
-55.00 -75.00 0.0038606
-50.00 -75.00 0.0054688
-45.00 -75.00 0.0070494
-40.00 -75.00 0.0085881
-35.00 -75.00 0.0100838
-30.00 -75.00 0.0115327
-25.00 -75.00 0.0129117
-20.00 -75.00 0.0141668
-15.00 -75.00 0.0152155
-10.00 -75.00 0.0159621
-5.00 -75.00 0.0163196
0.00 -75.00 0.0162349
5.00 -75.00 0.0157099
10.00 -75.00 0.0148107
15.00 -75.00 0.0136582
20.00 -75.00 0.0124085
25.00 -75.00 0.0112268
30.00 -75.00 0.0102574
35.00 -75.00 0.0095994
40.00 -75.00 0.0092943
45.00 -75.00 0.0093225
50.00 -75.00 0.0096062
55.00 -75.00 0.0100227
60.00 -75.00 0.010428
65.00 -75.00 0.0106841
70.00 -75.00 0.0106869
75.00 -75.00 0.0103944
80.00 -75.00 0.009844
85.00 -75.00 0.0091501
90.00 -75.00 0.008481
95.00 -75.00 0.0080223
100.00 -75.00 0.0079304
105.00 -75.00 0.0082847
110.00 -75.00 0.009056
115.00 -75.00 0.0101013
120.00 -75.00 0.0111818
125.00 -75.00 0.0120034
130.00 -75.00 0.0122733
135.00 -75.00 0.0117602
140.00 -75.00 0.0103379
145.00 -75.00 0.0080083
150.00 -75.00 0.0049025
155.00 -75.00 0.0012587
160.00 -75.00 -0.0026199
165.00 -75.00 -0.0064095
170.00 -75.00 -0.0098076
175.00 -75.00 -0.0125702
180.00 -75.00 -0.0145399
-180.00 -70.00 -0.0221604
-175.00 -70.00 -0.0227772
-170.00 -70.00 -0.0222363
-165.00 -70.00 -0.020808
-160.00 -70.00 -0.0188714
-155.00 -70.00 -0.0168302
-150.00 -70.00 -0.0150163
-145.00 -70.00 -0.0136182
-140.00 -70.00 -0.012661
-135.00 -70.00 -0.0120372
-130.00 -70.00 -0.0115711
-125.00 -70.00 -0.0110873
-120.00 -70.00 -0.0104655
-115.00 -70.00 -0.00967
-110.00 -70.00 -0.0087518
-105.00 -70.00 -0.007822
-100.00 -70.00 -0.0069998
-95.00 -70.00 -0.0063509
-90.00 -70.00 -0.0058403
-85.00 -70.00 -0.0053315
-80.00 -70.00 -0.0046405
-75.00 -70.00 -0.0036264
-70.00 -70.00 -0.002272
-65.00 -70.00 -0.0007095
-60.00 -70.00 0.0008281
-55.00 -70.00 0.0021048
-50.00 -70.00 0.0029813
-45.00 -70.00 0.0034673
-40.00 -70.00 0.0037086
-35.00 -70.00 0.0039229
-30.00 -70.00 0.0043171
-25.00 -70.00 0.0050174
-20.00 -70.00 0.00603
-15.00 -70.00 0.0072379
-10.00 -70.00 0.0084311
-5.00 -70.00 0.0093641
0.00 -70.00 0.0098273
5.00 -70.00 0.009712
10.00 -70.00 0.0090435
15.00 -70.00 0.0079692
20.00 -70.00 0.0067066
25.00 -70.00 0.0054782
30.00 -70.00 0.0044619
35.00 -70.00 0.0037734
40.00 -70.00 0.0034744
45.00 -70.00 0.003583
50.00 -70.00 0.0040693
55.00 -70.00 0.0048352
60.00 -70.00 0.0056991
65.00 -70.00 0.0064107
70.00 -70.00 0.0067092
75.00 -70.00 0.0064112
80.00 -70.00 0.005493
85.00 -70.00 0.0041319
90.00 -70.00 0.0026795
95.00 -70.00 0.0015738
100.00 -70.00 0.001214
105.00 -70.00 0.0018396
110.00 -70.00 0.0034477
115.00 -70.00 0.0057728
120.00 -70.00 0.0083324
125.00 -70.00 0.0105275
130.00 -70.00 0.0117743
135.00 -70.00 0.011635
140.00 -70.00 0.0099135
145.00 -70.00 0.0066913
150.00 -70.00 0.0022927
155.00 -70.00 -0.0028009
160.00 -70.00 -0.0080564
165.00 -70.00 -0.0129758
170.00 -70.00 -0.0171479
175.00 -70.00 -0.02027
180.00 -70.00 -0.0221604
-180.00 -65.00 -0.0234213
-175.00 -65.00 -0.0236651
-170.00 -65.00 -0.0228383
-165.00 -65.00 -0.0211518
-160.00 -65.00 -0.0190841
-155.00 -65.00 -0.0172101
-150.00 -65.00 -0.0159666
-145.00 -65.00 -0.0154983
-140.00 -65.00 -0.0156605
-135.00 -65.00 -0.0161381
-130.00 -65.00 -0.0165843
-125.00 -65.00 -0.0167069
-120.00 -65.00 -0.0163006
-115.00 -65.00 -0.0152719
-110.00 -65.00 -0.0136846
-105.00 -65.00 -0.0117918
-100.00 -65.00 -0.009982
-95.00 -65.00 -0.0086085
-90.00 -65.00 -0.0077751
-85.00 -65.00 -0.0072289
-80.00 -65.00 -0.0064748
-75.00 -65.00 -0.0050755
-70.00 -65.00 -0.002954
-65.00 -65.00 -0.0004898
-60.00 -65.00 0.0016634
-55.00 -65.00 0.0029197
-50.00 -65.00 0.0030456
-45.00 -65.00 0.0022281
-40.00 -65.00 0.0009279
-35.00 -65.00 -0.0003544
-30.00 -65.00 -0.0012517
-25.00 -65.00 -0.0015825
-20.00 -65.00 -0.0013201
-15.00 -65.00 -0.0005518
-10.00 -65.00 0.00054
-5.00 -65.00 0.0017018
0.00 -65.00 0.0026749
5.00 -65.00 0.003295
10.00 -65.00 0.0035598
15.00 -65.00 0.0036027
20.00 -65.00 0.0035764
25.00 -65.00 0.0035276
30.00 -65.00 0.0033634
35.00 -65.00 0.0029436
40.00 -65.00 0.0022355
45.00 -65.00 0.0014111
50.00 -65.00 0.0007971
55.00 -65.00 0.000694
60.00 -65.00 0.0011708
65.00 -65.00 0.0019717
70.00 -65.00 0.0026045
75.00 -65.00 0.0025719
80.00 -65.00 0.0016251
85.00 -65.00 -9.37e-05
90.00 -65.00 -0.0020874
95.00 -65.00 -0.0036962
100.00 -65.00 -0.0043475
105.00 -65.00 -0.0037546
110.00 -65.00 -0.0019953
115.00 -65.00 0.0005278
120.00 -65.00 0.0031994
125.00 -65.00 0.0053273
130.00 -65.00 0.0062841
135.00 -65.00 0.0056507
140.00 -65.00 0.003341
145.00 -65.00 -0.0003509
150.00 -65.00 -0.0048376
155.00 -65.00 -0.0094482
160.00 -65.00 -0.0136599
165.00 -65.00 -0.0172142
170.00 -65.00 -0.0200558
175.00 -65.00 -0.0221624
180.00 -65.00 -0.0234213
-180.00 -60.00 -0.0209637
-175.00 -60.00 -0.0211996
-170.00 -60.00 -0.0206126
-165.00 -60.00 -0.019072
-160.00 -60.00 -0.0170881
-155.00 -60.00 -0.0154226
-150.00 -60.00 -0.0145656
-145.00 -60.00 -0.0145115
-140.00 -60.00 -0.0149329
-135.00 -60.00 -0.0155077
-130.00 -60.00 -0.0160851
-125.00 -60.00 -0.0165908
-120.00 -60.00 -0.0168303
-115.00 -60.00 -0.0164381
-110.00 -60.00 -0.0150941
-105.00 -60.00 -0.0128678
-100.00 -60.00 -0.0103713
-95.00 -60.00 -0.0084765
-90.00 -60.00 -0.0076995
-85.00 -60.00 -0.0077164
-80.00 -60.00 -0.0074821
-75.00 -60.00 -0.0059708
-70.00 -60.00 -0.0029994
-65.00 -60.00 0.0005349
-60.00 -60.00 0.0032196
-55.00 -60.00 0.004058
-50.00 -60.00 0.003061
-45.00 -60.00 0.0011084
-40.00 -60.00 -0.0007288
-35.00 -60.00 -0.0018498
-30.00 -60.00 -0.0023156
-25.00 -60.00 -0.0025426
-20.00 -60.00 -0.0028423
-15.00 -60.00 -0.0031969
-10.00 -60.00 -0.0033875
-5.00 -60.00 -0.0032621
0.00 -60.00 -0.0028518
5.00 -60.00 -0.0022481
10.00 -60.00 -0.0014251
15.00 -60.00 -0.0002426
20.00 -60.00 0.0013304
25.00 -60.00 0.0029793
30.00 -60.00 0.0040527
35.00 -60.00 0.0038859
40.00 -60.00 0.0022457
45.00 -60.00 -0.0004234
50.00 -60.00 -0.0031576
55.00 -60.00 -0.0049745
60.00 -60.00 -0.0054158
65.00 -60.00 -0.0047915
70.00 -60.00 -0.0039787
75.00 -60.00 -0.003902
80.00 -60.00 -0.0050116
85.00 -60.00 -0.0070517
90.00 -60.00 -0.0092246
95.00 -60.00 -0.0106304
100.00 -60.00 -0.0107238
105.00 -60.00 -0.0095399
110.00 -60.00 -0.0075989
115.00 -60.00 -0.0055953
120.00 -60.00 -0.0041051
125.00 -60.00 -0.0034897
130.00 -60.00 -0.0039754
135.00 -60.00 -0.0057203
140.00 -60.00 -0.008707
145.00 -60.00 -0.0125314
150.00 -60.00 -0.0163545
155.00 -60.00 -0.0192223
160.00 -60.00 -0.0206113
165.00 -60.00 -0.0207698
170.00 -60.00 -0.0205076
175.00 -60.00 -0.0205468
180.00 -60.00 -0.0209637
-180.00 -55.00 -0.0181022
-175.00 -55.00 -0.0185902
-170.00 -55.00 -0.0184017
-165.00 -55.00 -0.0170012
-160.00 -55.00 -0.0150262
-155.00 -55.00 -0.0134235
-150.00 -55.00 -0.012531
-145.00 -55.00 -0.0119956
-140.00 -55.00 -0.0113948
-135.00 -55.00 -0.0107805
-130.00 -55.00 -0.0106178
-125.00 -55.00 -0.0112709
-120.00 -55.00 -0.0125316
-115.00 -55.00 -0.0135658
-110.00 -55.00 -0.0133609
-105.00 -55.00 -0.0114735
-100.00 -55.00 -0.0085703
-95.00 -55.00 -0.0061634
-90.00 -55.00 -0.0054613
-85.00 -55.00 -0.0061918
-80.00 -55.00 -0.006599
-75.00 -55.00 -0.0048853
-70.00 -55.00 -0.0009061
-65.00 -55.00 0.0034701
-60.00 -55.00 0.0057328
-55.00 -55.00 0.0046404
-50.00 -55.00 0.0010861
-45.00 -55.00 -0.0026573
-40.00 -55.00 -0.0045771
-35.00 -55.00 -0.0041803
-30.00 -55.00 -0.0025572
-25.00 -55.00 -0.0013613
-20.00 -55.00 -0.0015708
-15.00 -55.00 -0.0029725
-10.00 -55.00 -0.0046362
-5.00 -55.00 -0.0057852
0.00 -55.00 -0.0062314
5.00 -55.00 -0.0061202
10.00 -55.00 -0.0054709
15.00 -55.00 -0.0041055
20.00 -55.00 -0.0020267
25.00 -55.00 0.000211
30.00 -55.00 0.0015796
35.00 -55.00 0.001122
40.00 -55.00 -0.0014098
45.00 -55.00 -0.0052747
50.00 -55.00 -0.0090471
55.00 -55.00 -0.0113749
60.00 -55.00 -0.0117418
65.00 -55.00 -0.0107413
70.00 -55.00 -0.0096728
75.00 -55.00 -0.0097288
80.00 -55.00 -0.0112966
85.00 -55.00 -0.0137667
90.00 -55.00 -0.015897
95.00 -55.00 -0.0164973
100.00 -55.00 -0.0150828
105.00 -55.00 -0.0121604
110.00 -55.00 -0.0089559
115.00 -55.00 -0.0067028
120.00 -55.00 -0.0059646
125.00 -55.00 -0.0065157
130.00 -55.00 -0.0078776
135.00 -55.00 -0.0099763
140.00 -55.00 -0.0131915
145.00 -55.00 -0.017636
150.00 -55.00 -0.0223886
155.00 -55.00 -0.0256571
160.00 -55.00 -0.0260167
165.00 -55.00 -0.023674
170.00 -55.00 -0.0204588
175.00 -55.00 -0.01839
180.00 -55.00 -0.0181022
-180.00 -50.00 -0.0128894
-175.00 -50.00 -0.013954
-170.00 -50.00 -0.014504
-165.00 -50.00 -0.0136494
-160.00 -50.00 -0.0123245
-155.00 -50.00 -0.0115532
-150.00 -50.00 -0.0111385
-145.00 -50.00 -0.0102141
-140.00 -50.00 -0.0086215
-135.00 -50.00 -0.0072736
-130.00 -50.00 -0.0071967
-125.00 -50.00 -0.0085324
-120.00 -50.00 -0.0105082
-115.00 -50.00 -0.012026
-110.00 -50.00 -0.0121104
-105.00 -50.00 -0.0102536
-100.00 -50.00 -0.0069682
-95.00 -50.00 -0.0039469
-90.00 -50.00 -0.0028971
-85.00 -50.00 -0.0036851
-80.00 -50.00 -0.0039765
-75.00 -50.00 -0.0013818
-70.00 -50.00 0.0038863
-65.00 -50.00 0.0087736
-60.00 -50.00 0.0099127
-55.00 -50.00 0.0063596
-50.00 -50.00 0.00012
-45.00 -50.00 -0.0055034
-40.00 -50.00 -0.0080671
-35.00 -50.00 -0.0072459
-30.00 -50.00 -0.004713
-25.00 -50.00 -0.0028126
-20.00 -50.00 -0.0028755
-15.00 -50.00 -0.0044781
-10.00 -50.00 -0.0062465
-5.00 -50.00 -0.0072681
0.00 -50.00 -0.0076141
5.00 -50.00 -0.0076786
10.00 -50.00 -0.0074451
15.00 -50.00 -0.0066195
20.00 -50.00 -0.0052798
25.00 -50.00 -0.0041058
30.00 -50.00 -0.0039428
35.00 -50.00 -0.0052369
40.00 -50.00 -0.0078058
45.00 -50.00 -0.0109169
50.00 -50.00 -0.0135294
55.00 -50.00 -0.0147328
60.00 -50.00 -0.0142941
65.00 -50.00 -0.0128969
70.00 -50.00 -0.0117417
75.00 -50.00 -0.0117657
80.00 -50.00 -0.0131123
85.00 -50.00 -0.0151536
90.00 -50.00 -0.0168369
95.00 -50.00 -0.0170734
100.00 -50.00 -0.0151876
105.00 -50.00 -0.0114166
110.00 -50.00 -0.0070527
115.00 -50.00 -0.0037826
120.00 -50.00 -0.0025071
125.00 -50.00 -0.0027122
130.00 -50.00 -0.0032147
135.00 -50.00 -0.0037307
140.00 -50.00 -0.0055667
145.00 -50.00 -0.0103148
150.00 -50.00 -0.0175699
155.00 -50.00 -0.0241989
160.00 -50.00 -0.026498
165.00 -50.00 -0.0234723
170.00 -50.00 -0.0178731
175.00 -50.00 -0.0137364
180.00 -50.00 -0.0128894
-180.00 -45.00 -0.005671
-175.00 -45.00 -0.0079049
-170.00 -45.00 -0.0093545
-165.00 -45.00 -0.008886
-160.00 -45.00 -0.0082321
-155.00 -45.00 -0.0086844
-150.00 -45.00 -0.0092043
-145.00 -45.00 -0.0081843
-140.00 -45.00 -0.0060715
-135.00 -45.00 -0.0051555
-130.00 -45.00 -0.0067933
-125.00 -45.00 -0.0097513
-120.00 -45.00 -0.0117322
-115.00 -45.00 -0.0118226
-110.00 -45.00 -0.0106407
-105.00 -45.00 -0.0086755
-100.00 -45.00 -0.0058991
-95.00 -45.00 -0.0030948
-90.00 -45.00 -0.0019052
-85.00 -45.00 -0.0025216
-80.00 -45.00 -0.0024693
-75.00 -45.00 0.0007722
-70.00 -45.00 0.0062855
-65.00 -45.00 0.0102006
-60.00 -45.00 0.0096797
-55.00 -45.00 0.0053478
-50.00 -45.00 -0.0001862
-45.00 -45.00 -0.0048501
-40.00 -45.00 -0.0077372
-35.00 -45.00 -0.0086209
-30.00 -45.00 -0.0080445
-25.00 -45.00 -0.0073496
-20.00 -45.00 -0.0075538
-15.00 -45.00 -0.0082933
-10.00 -45.00 -0.0085543
-5.00 -45.00 -0.0082296
0.00 -45.00 -0.0081357
5.00 -45.00 -0.008529
10.00 -45.00 -0.0085544
15.00 -45.00 -0.0075763
20.00 -45.00 -0.0063713
25.00 -45.00 -0.0063352
30.00 -45.00 -0.007802
35.00 -45.00 -0.0097732
40.00 -45.00 -0.0112391
45.00 -45.00 -0.0121519
50.00 -45.00 -0.01293
55.00 -45.00 -0.0135668
60.00 -45.00 -0.0137112
65.00 -45.00 -0.0133825
70.00 -45.00 -0.0130603
75.00 -45.00 -0.0130441
80.00 -45.00 -0.013175
85.00 -45.00 -0.0133312
90.00 -45.00 -0.013744
95.00 -45.00 -0.0144228
100.00 -45.00 -0.0145322
105.00 -45.00 -0.0129469
110.00 -45.00 -0.0096254
115.00 -45.00 -0.0060575
120.00 -45.00 -0.0038964
125.00 -45.00 -0.0031397
130.00 -45.00 -0.0021491
135.00 -45.00 2.54e-05
140.00 -45.00 0.0015015
145.00 -45.00 -0.0013178
150.00 -45.00 -0.0096158
155.00 -45.00 -0.0194101
160.00 -45.00 -0.0241291
165.00 -45.00 -0.0206956
170.00 -45.00 -0.012637
175.00 -45.00 -0.0065313
180.00 -45.00 -0.005671
-180.00 -40.00 -0.0034886
-175.00 -40.00 -0.0069925
-170.00 -40.00 -0.0081343
-165.00 -40.00 -0.0059281
-160.00 -40.00 -0.0039062
-155.00 -40.00 -0.0045418
-150.00 -40.00 -0.006073
-145.00 -40.00 -0.0053758
-140.00 -40.00 -0.0026195
-135.00 -40.00 -0.0014418
-130.00 -40.00 -0.0042572
-125.00 -40.00 -0.0088457
-120.00 -40.00 -0.0109794
-115.00 -40.00 -0.0095871
-110.00 -40.00 -0.0072551
-105.00 -40.00 -0.0058566
-100.00 -40.00 -0.0044757
-95.00 -40.00 -0.002492
-90.00 -40.00 -0.0016559
-85.00 -40.00 -0.002867
-80.00 -40.00 -0.0033698
-75.00 -40.00 -0.0003533
-70.00 -40.00 0.0041009
-65.00 -40.00 0.0051772
-60.00 -40.00 0.0019377
-55.00 -40.00 -0.0016969
-50.00 -40.00 -0.0028423
-45.00 -40.00 -0.003136
-40.00 -40.00 -0.0051841
-35.00 -40.00 -0.0084879
-30.00 -40.00 -0.0108546
-25.00 -40.00 -0.0117409
-20.00 -40.00 -0.0119619
-15.00 -40.00 -0.0115022
-10.00 -40.00 -0.0100077
-5.00 -40.00 -0.0087001
0.00 -40.00 -0.0093266
5.00 -40.00 -0.0111377
10.00 -40.00 -0.0111287
15.00 -40.00 -0.0080705
20.00 -40.00 -0.0046142
25.00 -40.00 -0.0041522
30.00 -40.00 -0.0066377
35.00 -40.00 -0.0089737
40.00 -40.00 -0.0091223
45.00 -40.00 -0.0082857
50.00 -40.00 -0.0087071
55.00 -40.00 -0.0106634
60.00 -40.00 -0.0126538
65.00 -40.00 -0.0137903
70.00 -40.00 -0.0145701
75.00 -40.00 -0.0152878
80.00 -40.00 -0.0151272
85.00 -40.00 -0.0136148
90.00 -40.00 -0.0120477
95.00 -40.00 -0.0122862
100.00 -40.00 -0.0142745
105.00 -40.00 -0.015729
110.00 -40.00 -0.0146264
115.00 -40.00 -0.0114861
120.00 -40.00 -0.0086624
125.00 -40.00 -0.007402
130.00 -40.00 -0.0061946
135.00 -40.00 -0.0028865
140.00 -40.00 0.0014073
145.00 -40.00 0.0017996
150.00 -40.00 -0.0052439
155.00 -40.00 -0.0163529
160.00 -40.00 -0.0228956
165.00 -40.00 -0.0195398
170.00 -40.00 -0.0101022
175.00 -40.00 -0.0033269
180.00 -40.00 -0.0034886
-180.00 -35.00 -0.0078422
-175.00 -35.00 -0.0115716
-170.00 -35.00 -0.0111555
-165.00 -35.00 -0.005933
-160.00 -35.00 -0.0011528
-155.00 -35.00 -0.0011063
-150.00 -35.00 -0.0042749
-145.00 -35.00 -0.0055381
-140.00 -35.00 -0.0025996
-135.00 -35.00 0.0009165
-130.00 -35.00 1.98e-05
-125.00 -35.00 -0.0048467
-120.00 -35.00 -0.0083412
-115.00 -35.00 -0.0076217
-110.00 -35.00 -0.0053544
-105.00 -35.00 -0.0041206
-100.00 -35.00 -0.0025259
-95.00 -35.00 0.0002611
-90.00 -35.00 0.0009673
-85.00 -35.00 -0.002147
-80.00 -35.00 -0.0042773
-75.00 -35.00 -0.0006853
-70.00 -35.00 0.0046625
-65.00 -35.00 0.0039275
-60.00 -35.00 -0.00263
-55.00 -35.00 -0.0067571
-50.00 -35.00 -0.0044722
-45.00 -35.00 -0.0011997
-40.00 -35.00 -0.0028085
-35.00 -35.00 -0.0077182
-30.00 -35.00 -0.0111171
-25.00 -35.00 -0.0120621
-20.00 -35.00 -0.012313
-15.00 -35.00 -0.0117575
-10.00 -35.00 -0.0096586
-5.00 -35.00 -0.0083066
0.00 -35.00 -0.0105901
5.00 -35.00 -0.0144403
10.00 -35.00 -0.0140769
15.00 -35.00 -0.0076944
20.00 -35.00 -0.0005505
25.00 -35.00 0.0013242
30.00 -35.00 -0.001805
35.00 -35.00 -0.0047688
40.00 -35.00 -0.0046366
45.00 -35.00 -0.0037658
50.00 -35.00 -0.0054649
55.00 -35.00 -0.0090912
60.00 -35.00 -0.011383
65.00 -35.00 -0.0114706
70.00 -35.00 -0.0119009
75.00 -35.00 -0.0143336
80.00 -35.00 -0.0166778
85.00 -35.00 -0.0160554
90.00 -35.00 -0.0130572
95.00 -35.00 -0.0110575
100.00 -35.00 -0.0117949
105.00 -35.00 -0.0133088
110.00 -35.00 -0.0124621
115.00 -35.00 -0.0085586
120.00 -35.00 -0.004033
125.00 -35.00 -0.0016586
130.00 -35.00 -0.0012512
135.00 -35.00 3.21e-05
140.00 -35.00 0.0031895
145.00 -35.00 0.0042026
150.00 -35.00 -0.002
155.00 -35.00 -0.0138897
160.00 -35.00 -0.0225986
165.00 -35.00 -0.0211521
170.00 -35.00 -0.0126964
175.00 -35.00 -0.0067099
180.00 -35.00 -0.0078422
-180.00 -30.00 -0.0084233
-175.00 -30.00 -0.0112283
-170.00 -30.00 -0.0111905
-165.00 -30.00 -0.0070067
-160.00 -30.00 -0.0024053
-155.00 -30.00 -0.0019752
-150.00 -30.00 -0.0063458
-145.00 -30.00 -0.0106103
-140.00 -30.00 -0.009172
-135.00 -30.00 -0.0032528
-130.00 -30.00 -0.0003259
-125.00 -30.00 -0.004074
-120.00 -30.00 -0.0093683
-115.00 -30.00 -0.0103286
-110.00 -30.00 -0.0078862
-105.00 -30.00 -0.0049509
-100.00 -30.00 -0.0005146
-95.00 -30.00 0.0051562
-90.00 -30.00 0.0061495
-85.00 -30.00 9.72e-05
-80.00 -30.00 -0.0041755
-75.00 -30.00 0.0018567
-70.00 -30.00 0.0118353
-65.00 -30.00 0.0124814
-60.00 -30.00 0.0033079
-55.00 -30.00 -0.0033554
-50.00 -30.00 -0.0013908
-45.00 -30.00 0.0018466
-40.00 -30.00 -0.0007594
-35.00 -30.00 -0.0059109
-30.00 -30.00 -0.0078023
-25.00 -30.00 -0.007463
-20.00 -30.00 -0.0083764
-15.00 -30.00 -0.0092336
-10.00 -30.00 -0.0075524
-5.00 -30.00 -0.0061482
0.00 -30.00 -0.0092041
5.00 -30.00 -0.0140469
10.00 -30.00 -0.0132622
15.00 -30.00 -0.0049972
20.00 -30.00 0.0039276
25.00 -30.00 0.0064364
30.00 -30.00 0.0031127
35.00 -30.00 -0.0002635
40.00 -30.00 -0.0007865
45.00 -30.00 -0.0011433
50.00 -30.00 -0.0043118
55.00 -30.00 -0.0083292
60.00 -30.00 -0.0088625
65.00 -30.00 -0.0060464
70.00 -30.00 -0.0051898
75.00 -30.00 -0.0095544
80.00 -30.00 -0.0156018
85.00 -30.00 -0.0176919
90.00 -30.00 -0.0151342
95.00 -30.00 -0.0118686
100.00 -30.00 -0.0106571
105.00 -30.00 -0.0101989
110.00 -30.00 -0.0074126
115.00 -30.00 -0.0009048
120.00 -30.00 0.0073812
125.00 -30.00 0.0132794
130.00 -30.00 0.0141601
135.00 -30.00 0.0117617
140.00 -30.00 0.0094867
145.00 -30.00 0.006865
150.00 -30.00 -0.0001047
155.00 -30.00 -0.0117009
160.00 -30.00 -0.0210528
165.00 -30.00 -0.0213099
170.00 -30.00 -0.0143072
175.00 -30.00 -0.0084016
180.00 -30.00 -0.0084233
-180.00 -25.00 -1.97e-05
-175.00 -25.00 -0.0018574
-170.00 -25.00 -0.0059702
-165.00 -25.00 -0.0092966
-160.00 -25.00 -0.0097277
-155.00 -25.00 -0.0088823
-150.00 -25.00 -0.0109182
-145.00 -25.00 -0.0155754
-140.00 -25.00 -0.0165109
-135.00 -25.00 -0.011045
-130.00 -25.00 -0.006193
-125.00 -25.00 -0.0085601
-120.00 -25.00 -0.0139345
-115.00 -25.00 -0.0145884
-110.00 -25.00 -0.0107373
-105.00 -25.00 -0.0062066
-100.00 -25.00 1.9e-05
-95.00 -25.00 0.0078147
-90.00 -25.00 0.0095001
-85.00 -25.00 0.0016612
-80.00 -25.00 -0.0040926
-75.00 -25.00 0.0038196
-70.00 -25.00 0.0172763
-65.00 -25.00 0.0189164
-60.00 -25.00 0.0079283
-55.00 -25.00 -0.00036
-50.00 -25.00 0.0013178
-45.00 -25.00 0.0042536
-40.00 -25.00 0.0011895
-35.00 -25.00 -0.0030938
-30.00 -25.00 -0.00296
-25.00 -25.00 -0.0016469
-20.00 -25.00 -0.00358
-15.00 -25.00 -0.0059415
-10.00 -25.00 -0.0047359
-5.00 -25.00 -0.0027661
0.00 -25.00 -0.0046231
5.00 -25.00 -0.008038
10.00 -25.00 -0.0068199
15.00 -25.00 -0.000163
20.00 -25.00 0.0064002
25.00 -25.00 0.0083887
30.00 -25.00 0.006682
35.00 -25.00 0.0045827
40.00 -25.00 0.0032741
45.00 -25.00 0.0010737
50.00 -25.00 -0.003187
55.00 -25.00 -0.0069803
60.00 -25.00 -0.0065021
65.00 -25.00 -0.0028297
70.00 -25.00 -0.0021444
75.00 -25.00 -0.0076484
80.00 -25.00 -0.0148804
85.00 -25.00 -0.0180013
90.00 -25.00 -0.0171655
95.00 -25.00 -0.0162436
100.00 -25.00 -0.0164132
105.00 -25.00 -0.0154757
110.00 -25.00 -0.0111166
115.00 -25.00 -0.0023628
120.00 -25.00 0.0096017
125.00 -25.00 0.0201238
130.00 -25.00 0.0235139
135.00 -25.00 0.0188153
140.00 -25.00 0.0106584
145.00 -25.00 0.0030586
150.00 -25.00 -0.0044508
155.00 -25.00 -0.0126641
160.00 -25.00 -0.0182354
165.00 -25.00 -0.0169721
170.00 -25.00 -0.0099155
175.00 -25.00 -0.002782
180.00 -25.00 -1.97e-05
-180.00 -20.00 0.0053966
-175.00 -20.00 0.004087
-170.00 -20.00 -0.0036214
-165.00 -20.00 -0.0140561
-160.00 -20.00 -0.0197444
-155.00 -20.00 -0.0179946
-150.00 -20.00 -0.0149438
-145.00 -20.00 -0.016142
-140.00 -20.00 -0.0178529
-135.00 -20.00 -0.0148217
-130.00 -20.00 -0.0109294
-125.00 -20.00 -0.0123567
-120.00 -20.00 -0.015734
-115.00 -20.00 -0.0142146
-110.00 -20.00 -0.0095817
-105.00 -20.00 -0.0066901
-100.00 -20.00 -0.0028501
-95.00 -20.00 0.0045732
-90.00 -20.00 0.0081857
-85.00 -20.00 0.0025291
-80.00 -20.00 -0.0024432
-75.00 -20.00 0.0042486
-70.00 -20.00 0.0145076
-65.00 -20.00 0.012578
-60.00 -20.00 0.0005549
-55.00 -20.00 -0.0051666
-50.00 -20.00 0.0004625
-45.00 -20.00 0.0061547
-40.00 -20.00 0.0043742
-35.00 -20.00 0.0007276
-30.00 -20.00 0.0009361
-25.00 -20.00 0.0016779
-20.00 -20.00 -0.0009507
-15.00 -20.00 -0.0038796
-10.00 -20.00 -0.0033083
-5.00 -20.00 -0.0011909
0.00 -20.00 -0.000553
5.00 -20.00 -7.07e-05
10.00 -20.00 0.0023262
15.00 -20.00 0.0052433
20.00 -20.00 0.0069063
25.00 -20.00 0.0082389
30.00 -20.00 0.0099463
35.00 -20.00 0.0102712
40.00 -20.00 0.0076685
45.00 -20.00 0.0026816
50.00 -20.00 -0.0031482
55.00 -20.00 -0.0074324
60.00 -20.00 -0.0077087
65.00 -20.00 -0.0053805
70.00 -20.00 -0.005814
75.00 -20.00 -0.0109467
80.00 -20.00 -0.0160425
85.00 -20.00 -0.0173964
90.00 -20.00 -0.0178244
95.00 -20.00 -0.0204822
100.00 -20.00 -0.0230045
105.00 -20.00 -0.0218263
110.00 -20.00 -0.016868
115.00 -20.00 -0.0087693
120.00 -20.00 0.0027403
125.00 -20.00 0.0146731
130.00 -20.00 0.0203908
135.00 -20.00 0.0165544
140.00 -20.00 0.0068154
145.00 -20.00 -0.0030696
150.00 -20.00 -0.0103653
155.00 -20.00 -0.0145304
160.00 -20.00 -0.0148506
165.00 -20.00 -0.0110763
170.00 -20.00 -0.0047476
175.00 -20.00 0.0015796
180.00 -20.00 0.0053965
-180.00 -15.00 -0.003518
-175.00 -15.00 -0.0043529
-170.00 -15.00 -0.0098863
-165.00 -15.00 -0.0185589
-160.00 -15.00 -0.024091
-155.00 -15.00 -0.0225514
-150.00 -15.00 -0.0178899
-145.00 -15.00 -0.0159696
-140.00 -15.00 -0.0157673
-135.00 -15.00 -0.0132167
-130.00 -15.00 -0.0103504
-125.00 -15.00 -0.0113758
-120.00 -15.00 -0.0132793
-115.00 -15.00 -0.010985
-110.00 -15.00 -0.0075106
-105.00 -15.00 -0.0075966
-100.00 -15.00 -0.0070851
-95.00 -15.00 -0.0010223
-90.00 -15.00 0.004836
-85.00 -15.00 0.003849
-80.00 -15.00 0.0016414
-75.00 -15.00 0.0053787
-70.00 -15.00 0.0085524
-65.00 -15.00 0.0017853
-60.00 -15.00 -0.0085687
-55.00 -15.00 -0.0084021
-50.00 -15.00 0.0023917
-45.00 -15.00 0.0106344
-40.00 -15.00 0.0096631
-35.00 -15.00 0.0055094
-30.00 -15.00 0.0039778
-25.00 -15.00 0.0030142
-20.00 -15.00 -0.0002172
-15.00 -15.00 -0.0035713
-10.00 -15.00 -0.0043114
-5.00 -15.00 -0.002913
0.00 -15.00 -1.93e-05
5.00 -15.00 0.0048034
10.00 -15.00 0.0094553
15.00 -15.00 0.0103519
20.00 -15.00 0.0086577
25.00 -15.00 0.0092722
30.00 -15.00 0.0124619
35.00 -15.00 0.0130152
40.00 -15.00 0.0082875
45.00 -15.00 0.0007274
50.00 -15.00 -0.0068642
55.00 -15.00 -0.0124064
60.00 -15.00 -0.0133605
65.00 -15.00 -0.0106361
70.00 -15.00 -0.0097734
75.00 -15.00 -0.0129291
80.00 -15.00 -0.0155412
85.00 -15.00 -0.0153392
90.00 -15.00 -0.0164203
95.00 -15.00 -0.0200123
100.00 -15.00 -0.0206592
105.00 -15.00 -0.0158286
110.00 -15.00 -0.0098571
115.00 -15.00 -0.0051321
120.00 -15.00 0.0012788
125.00 -15.00 0.0097606
130.00 -15.00 0.0153717
135.00 -15.00 0.0146477
140.00 -15.00 0.0088348
145.00 -15.00 0.0005507
150.00 -15.00 -0.0075263
155.00 -15.00 -0.0120592
160.00 -15.00 -0.011647
165.00 -15.00 -0.0087449
170.00 -15.00 -0.0063671
175.00 -15.00 -0.0047979
180.00 -15.00 -0.003518
-180.00 -10.00 -0.0179757
-175.00 -10.00 -0.0185074
-170.00 -10.00 -0.0186109
-165.00 -10.00 -0.0189827
-160.00 -10.00 -0.0198299
-155.00 -10.00 -0.0205753
-150.00 -10.00 -0.0204736
-145.00 -10.00 -0.0191392
-140.00 -10.00 -0.0158085
-135.00 -10.00 -0.010729
-130.00 -10.00 -0.0074446
-125.00 -10.00 -0.0088711
-120.00 -10.00 -0.0116999
-115.00 -10.00 -0.011026
-110.00 -10.00 -0.0084154
-105.00 -10.00 -0.0077165
-100.00 -10.00 -0.0067412
-95.00 -10.00 -0.0020855
-90.00 -10.00 0.0027961
-85.00 -10.00 0.0036626
-80.00 -10.00 0.0035138
-75.00 -10.00 0.0054455
-70.00 -10.00 0.0048672
-65.00 -10.00 -0.0015852
-60.00 -10.00 -0.0067001
-55.00 -10.00 -0.0021599
-50.00 -10.00 0.0083006
-45.00 -10.00 0.0141033
-40.00 -10.00 0.0121212
-35.00 -10.00 0.0080051
-30.00 -10.00 0.0058093
-25.00 -10.00 0.003623
-20.00 -10.00 -0.0005173
-15.00 -10.00 -0.0044592
-10.00 -10.00 -0.00556
-5.00 -10.00 -0.0040032
0.00 -10.00 -0.0003986
5.00 -10.00 0.0055673
10.00 -10.00 0.0119359
15.00 -10.00 0.0147903
20.00 -10.00 0.013806
25.00 -10.00 0.0123171
30.00 -10.00 0.0109857
35.00 -10.00 0.0074845
40.00 -10.00 0.0019803
45.00 -10.00 -0.0038056
50.00 -10.00 -0.0106048
55.00 -10.00 -0.0176277
60.00 -10.00 -0.0195037
65.00 -10.00 -0.0147079
70.00 -10.00 -0.010187
75.00 -10.00 -0.0106619
80.00 -10.00 -0.0122869
85.00 -10.00 -0.0124598
90.00 -10.00 -0.0142679
95.00 -10.00 -0.0164992
100.00 -10.00 -0.0125598
105.00 -10.00 -0.0031516
110.00 -10.00 0.0033013
115.00 -10.00 0.0046535
120.00 -10.00 0.0065955
125.00 -10.00 0.0108501
130.00 -10.00 0.0139219
135.00 -10.00 0.0149744
140.00 -10.00 0.0144253
145.00 -10.00 0.009382
150.00 -10.00 -0.0005994
155.00 -10.00 -0.0091741
160.00 -10.00 -0.011649
165.00 -10.00 -0.0113783
170.00 -10.00 -0.0130308
175.00 -10.00 -0.0160577
180.00 -10.00 -0.0179757
-180.00 -5.00 -0.0218871
-175.00 -5.00 -0.0223382
-170.00 -5.00 -0.0207368
-165.00 -5.00 -0.0165447
-160.00 -5.00 -0.0138639
-155.00 -5.00 -0.0165127
-150.00 -5.00 -0.0213016
-145.00 -5.00 -0.021921
-140.00 -5.00 -0.0168081
-135.00 -5.00 -0.0100204
-130.00 -5.00 -0.0068082
-125.00 -5.00 -0.0090191
-120.00 -5.00 -0.0130611
-115.00 -5.00 -0.0136261
-110.00 -5.00 -0.0099118
-105.00 -5.00 -0.0052865
-100.00 -5.00 -0.0018346
-95.00 -5.00 0.0004883
-90.00 -5.00 0.0012296
-85.00 -5.00 0.0006141
-80.00 -5.00 0.0008195
-75.00 -5.00 0.0023318
-70.00 -5.00 0.0025825
-65.00 -5.00 0.0010731
-60.00 -5.00 0.001327
-55.00 -5.00 0.0050762
-50.00 -5.00 0.0088645
-45.00 -5.00 0.0089685
-40.00 -5.00 0.0063976
-35.00 -5.00 0.0046021
-30.00 -5.00 0.004029
-25.00 -5.00 0.0017667
-20.00 -5.00 -0.0029114
-15.00 -5.00 -0.005786
-10.00 -5.00 -0.0035026
-5.00 -5.00 0.0009182
0.00 -5.00 0.0031613
5.00 -5.00 0.0049414
10.00 -5.00 0.0102026
15.00 -5.00 0.0170594
20.00 -5.00 0.0194609
25.00 -5.00 0.0144254
30.00 -5.00 0.0042796
35.00 -5.00 -0.0050109
40.00 -5.00 -0.0077324
45.00 -5.00 -0.0055117
50.00 -5.00 -0.007194
55.00 -5.00 -0.0155611
60.00 -5.00 -0.0213084
65.00 -5.00 -0.017774
70.00 -5.00 -0.0114804
75.00 -5.00 -0.0097994
80.00 -5.00 -0.0103929
85.00 -5.00 -0.0103086
90.00 -5.00 -0.0115784
95.00 -5.00 -0.0122292
100.00 -5.00 -0.006748
105.00 -5.00 0.0018034
110.00 -5.00 0.0054089
115.00 -5.00 0.0055484
120.00 -5.00 0.0086198
125.00 -5.00 0.0121816
130.00 -5.00 0.0111314
135.00 -5.00 0.0092034
140.00 -5.00 0.0098802
145.00 -5.00 0.0067608
150.00 -5.00 -0.0040571
155.00 -5.00 -0.0142499
160.00 -5.00 -0.0166148
165.00 -5.00 -0.0156775
170.00 -5.00 -0.0173715
175.00 -5.00 -0.0202963
180.00 -5.00 -0.0218871
-180.00 0.00 -0.0157575
-175.00 0.00 -0.0152399
-170.00 0.00 -0.0164261
-165.00 0.00 -0.0151176
-160.00 0.00 -0.0126969
-155.00 0.00 -0.0143753
-150.00 0.00 -0.0188041
-145.00 0.00 -0.0197221
-140.00 0.00 -0.0157228
-135.00 0.00 -0.0110626
-130.00 0.00 -0.0093783
-125.00 0.00 -0.01095
-120.00 0.00 -0.0134726
-115.00 0.00 -0.0135665
-110.00 0.00 -0.0099052
-105.00 0.00 -0.0050386
-100.00 0.00 -0.0023396
-95.00 0.00 -0.002183
-90.00 0.00 -0.0025617
-85.00 0.00 -0.0021121
-80.00 0.00 -0.0011463
-75.00 0.00 -0.0002117
-70.00 0.00 0.001228
-65.00 0.00 0.0037213
-60.00 0.00 0.0058703
-55.00 0.00 0.0054028
-50.00 0.00 0.0023519
-45.00 0.00 -0.0008293
-40.00 0.00 -0.0021464
-35.00 0.00 -0.001614
-30.00 0.00 -0.0011901
-25.00 0.00 -0.003419
-20.00 0.00 -0.0071004
-15.00 0.00 -0.0058616
-10.00 0.00 0.0030891
-5.00 0.00 0.0116377
0.00 0.00 0.0108946
5.00 0.00 0.0053824
10.00 0.00 0.0065911
15.00 0.00 0.0151604
20.00 0.00 0.0198193
25.00 0.00 0.012314
30.00 0.00 -0.0036144
35.00 0.00 -0.0159023
40.00 0.00 -0.0147063
45.00 0.00 -0.0037267
50.00 0.00 0.0014319
55.00 0.00 -0.0071897
60.00 0.00 -0.0187835
65.00 0.00 -0.0206652
70.00 0.00 -0.0156425
75.00 0.00 -0.012388
80.00 0.00 -0.0111049
85.00 0.00 -0.0089624
90.00 0.00 -0.0071195
95.00 0.00 -0.0052059
100.00 0.00 -0.0013366
105.00 0.00 0.0008502
110.00 0.00 -0.0013526
115.00 0.00 -0.0008001
120.00 0.00 0.006926
125.00 0.00 0.0116901
130.00 0.00 0.0055393
135.00 0.00 -0.0024361
140.00 0.00 -0.0037538
145.00 0.00 -0.0060006
150.00 0.00 -0.0154558
155.00 0.00 -0.0229955
160.00 0.00 -0.0211908
165.00 0.00 -0.0170898
170.00 0.00 -0.0172624
175.00 0.00 -0.017723
180.00 0.00 -0.0157576
-180.00 5.00 -0.0127638
-175.00 5.00 -0.0102454
-170.00 5.00 -0.0132847
-165.00 5.00 -0.0159438
-160.00 5.00 -0.0148584
-155.00 5.00 -0.0139228
-150.00 5.00 -0.0150785
-145.00 5.00 -0.0156274
-140.00 5.00 -0.0145453
-135.00 5.00 -0.0133738
-130.00 5.00 -0.0123925
-125.00 5.00 -0.0111889
-120.00 5.00 -0.0105769
-115.00 5.00 -0.0109663
-110.00 5.00 -0.0115918
-105.00 5.00 -0.0123384
-100.00 5.00 -0.0132228
-95.00 5.00 -0.0123789
-90.00 5.00 -0.0081926
-85.00 5.00 -0.0029545
-80.00 5.00 -0.0005057
-75.00 5.00 -0.0003846
-70.00 5.00 0.0014709
-65.00 5.00 0.0055696
-60.00 5.00 0.0071669
-55.00 5.00 0.0036014
-50.00 5.00 -0.0015005
-45.00 5.00 -0.0039917
-40.00 5.00 -0.0043887
-35.00 5.00 -0.0049146
-30.00 5.00 -0.0063382
-25.00 5.00 -0.0086771
-20.00 5.00 -0.0093196
-15.00 5.00 -0.0022993
-10.00 5.00 0.0123883
-5.00 5.00 0.0226585
0.00 5.00 0.0184049
5.00 5.00 0.0071467
10.00 5.00 0.0037186
15.00 5.00 0.0093777
20.00 5.00 0.0126553
25.00 5.00 0.0058648
30.00 5.00 -0.0080667
35.00 5.00 -0.0194143
40.00 5.00 -0.0181329
45.00 5.00 -0.0047819
50.00 5.00 0.0051579
55.00 5.00 -0.0011878
60.00 5.00 -0.0158442
65.00 5.00 -0.0219637
70.00 5.00 -0.0173831
75.00 5.00 -0.0121485
80.00 5.00 -0.0103504
85.00 5.00 -0.0081343
90.00 5.00 -0.0031975
95.00 5.00 0.0029397
100.00 5.00 0.0063051
105.00 5.00 0.0026197
110.00 5.00 -0.0044751
115.00 5.00 -0.003464
120.00 5.00 0.0066195
125.00 5.00 0.0101278
130.00 5.00 -0.0004944
135.00 5.00 -0.0111785
140.00 5.00 -0.0111385
145.00 5.00 -0.0103285
150.00 5.00 -0.0173516
155.00 5.00 -0.0227036
160.00 5.00 -0.018783
165.00 5.00 -0.0143367
170.00 5.00 -0.0161082
175.00 5.00 -0.0170547
180.00 5.00 -0.0127638
-180.00 10.00 -0.0167866
-175.00 10.00 -0.0138404
-170.00 10.00 -0.0160484
-165.00 10.00 -0.0187008
-160.00 10.00 -0.0172306
-155.00 10.00 -0.0144372
-150.00 10.00 -0.0137298
-145.00 10.00 -0.0143881
-140.00 10.00 -0.0149343
-135.00 10.00 -0.0146664
-130.00 10.00 -0.0125176
-125.00 10.00 -0.0089842
-120.00 10.00 -0.0073409
-115.00 10.00 -0.0099391
-110.00 10.00 -0.0153877
-105.00 10.00 -0.0204678
-100.00 10.00 -0.022276
-95.00 10.00 -0.0189472
-90.00 10.00 -0.0117366
-85.00 10.00 -0.0055483
-80.00 10.00 -0.0036125
-75.00 10.00 -0.0028362
-70.00 10.00 0.0012796
-65.00 10.00 0.0067082
-60.00 10.00 0.0075149
-55.00 10.00 0.0033604
-50.00 10.00 -0.0003044
-45.00 10.00 -0.001305
-40.00 10.00 -0.0028473
-35.00 10.00 -0.0064709
-30.00 10.00 -0.0098847
-25.00 10.00 -0.0109852
-20.00 10.00 -0.0073628
-15.00 10.00 0.0044524
-10.00 10.00 0.0210376
-5.00 10.00 0.0293635
0.00 10.00 0.022097
5.00 10.00 0.008886
10.00 10.00 0.0026511
15.00 10.00 0.0031121
20.00 10.00 0.0027685
25.00 10.00 -0.0012827
30.00 10.00 -0.0089496
35.00 10.00 -0.018416
40.00 10.00 -0.021249
45.00 10.00 -0.010895
50.00 10.00 0.0020381
55.00 10.00 0.0003473
60.00 10.00 -0.0135275
65.00 10.00 -0.0206225
70.00 10.00 -0.0142642
75.00 10.00 -0.0066369
80.00 10.00 -0.0065952
85.00 10.00 -0.0081957
90.00 10.00 -0.0032968
95.00 10.00 0.0058966
100.00 10.00 0.0096424
105.00 10.00 0.0029669
110.00 10.00 -0.0058511
115.00 10.00 -0.0043325
120.00 10.00 0.00463
125.00 10.00 0.0046027
130.00 10.00 -0.0075402
135.00 10.00 -0.0146172
140.00 10.00 -0.0079336
145.00 10.00 -0.0016546
150.00 10.00 -0.0068069
155.00 10.00 -0.0135817
160.00 10.00 -0.0124707
165.00 10.00 -0.0108336
170.00 10.00 -0.0155416
175.00 10.00 -0.0194783
180.00 10.00 -0.0167866
-180.00 15.00 -0.019237
-175.00 15.00 -0.0192233
-170.00 15.00 -0.0216541
-165.00 15.00 -0.0230503
-160.00 15.00 -0.0204658
-155.00 15.00 -0.0166581
-150.00 15.00 -0.0147661
-145.00 15.00 -0.014337
-140.00 15.00 -0.0139602
-135.00 15.00 -0.0129727
-130.00 15.00 -0.0108206
-125.00 15.00 -0.0083051
-120.00 15.00 -0.0081283
-115.00 15.00 -0.011524
-110.00 15.00 -0.0159504
-105.00 15.00 -0.0178365
-100.00 15.00 -0.0161605
-95.00 15.00 -0.01277
-90.00 15.00 -0.0105701
-85.00 15.00 -0.0108758
-80.00 15.00 -0.0111838
-75.00 15.00 -0.0073061
-70.00 15.00 0.0004259
-65.00 15.00 0.0058673
-60.00 15.00 0.0048124
-55.00 15.00 0.0006851
-50.00 15.00 -0.001381
-45.00 15.00 -0.0022495
-40.00 15.00 -0.0054187
-35.00 15.00 -0.0098909
-30.00 15.00 -0.0121067
-25.00 15.00 -0.0107201
-20.00 15.00 -0.0042267
-15.00 15.00 0.0095446
-10.00 15.00 0.0254017
-5.00 15.00 0.0308565
0.00 15.00 0.0217623
5.00 15.00 0.0088658
10.00 15.00 0.0022109
15.00 15.00 -6.2e-05
20.00 15.00 -0.0021755
25.00 15.00 -0.0038764
30.00 15.00 -0.0076879
35.00 15.00 -0.0168824
40.00 15.00 -0.0229663
45.00 15.00 -0.0139628
50.00 15.00 0.0023854
55.00 15.00 0.0049691
60.00 15.00 -0.0083534
65.00 15.00 -0.0171155
70.00 15.00 -0.0106106
75.00 15.00 -0.0017647
80.00 15.00 -0.0029274
85.00 15.00 -0.0074091
90.00 15.00 -0.0037552
95.00 15.00 0.005032
100.00 15.00 0.0063283
105.00 15.00 -0.0032449
110.00 15.00 -0.0120647
115.00 15.00 -0.0093909
120.00 15.00 -0.0017383
125.00 15.00 -0.0037025
130.00 15.00 -0.0139484
135.00 15.00 -0.0156551
140.00 15.00 -0.0040014
145.00 15.00 0.0050583
150.00 15.00 0.0004488
155.00 15.00 -0.0083616
160.00 15.00 -0.0104318
165.00 15.00 -0.0099891
170.00 15.00 -0.0138877
175.00 15.00 -0.0185451
180.00 15.00 -0.019237
-180.00 20.00 -0.0156604
-175.00 20.00 -0.0192175
-170.00 20.00 -0.0239662
-165.00 20.00 -0.0263421
-160.00 20.00 -0.0241434
-155.00 20.00 -0.0195111
-150.00 20.00 -0.0152509
-145.00 20.00 -0.0123481
-140.00 20.00 -0.0113223
-135.00 20.00 -0.01226
-130.00 20.00 -0.0137275
-125.00 20.00 -0.014381
-120.00 20.00 -0.0146513
-115.00 20.00 -0.0147468
-110.00 20.00 -0.0128084
-105.00 20.00 -0.0076477
-100.00 20.00 -0.0021984
-95.00 20.00 -0.0015867
-90.00 20.00 -0.0071861
-85.00 20.00 -0.0137794
-80.00 20.00 -0.0140903
-75.00 20.00 -0.0068081
-70.00 20.00 0.0012188
-65.00 20.00 0.0026916
-60.00 20.00 -0.0015647
-55.00 20.00 -0.0050781
-50.00 20.00 -0.005541
-45.00 20.00 -0.0066335
-40.00 20.00 -0.0099394
-35.00 20.00 -0.0119958
-30.00 20.00 -0.0110018
-25.00 20.00 -0.0087486
-20.00 20.00 -0.0036977
-15.00 20.00 0.0083625
-10.00 20.00 0.0231548
-5.00 20.00 0.0281596
0.00 20.00 0.0193257
5.00 20.00 0.0071748
10.00 20.00 0.0014524
15.00 20.00 0.000725
20.00 20.00 0.0007915
25.00 20.00 0.0005382
30.00 20.00 -0.0033488
35.00 20.00 -0.012805
40.00 20.00 -0.0178284
45.00 20.00 -0.0066914
50.00 20.00 0.0117206
55.00 20.00 0.0152428
60.00 20.00 0.0007807
65.00 20.00 -0.0110203
70.00 20.00 -0.0074513
75.00 20.00 0.0004863
80.00 20.00 0.0004604
85.00 20.00 -0.0021522
90.00 20.00 0.0022017
95.00 20.00 0.0087109
100.00 20.00 0.0055132
105.00 20.00 -0.0070518
110.00 20.00 -0.0156748
115.00 20.00 -0.0125274
120.00 20.00 -0.0059342
125.00 20.00 -0.0074663
130.00 20.00 -0.0141744
135.00 20.00 -0.0135231
140.00 20.00 -0.004022
145.00 20.00 0.0017693
150.00 20.00 -0.0031623
155.00 20.00 -0.0106954
160.00 20.00 -0.0120994
165.00 20.00 -0.0100567
170.00 20.00 -0.0105136
175.00 20.00 -0.0131263
180.00 20.00 -0.0156604
-180.00 25.00 -0.0122001
-175.00 25.00 -0.0161262
-170.00 25.00 -0.0214375
-165.00 25.00 -0.025181
-160.00 25.00 -0.0245805
-155.00 25.00 -0.0199809
-150.00 25.00 -0.0141314
-145.00 25.00 -0.0106009
-140.00 25.00 -0.0121539
-135.00 25.00 -0.0181437
-130.00 25.00 -0.0241163
-125.00 25.00 -0.0259851
-120.00 25.00 -0.023635
-115.00 25.00 -0.0189142
-110.00 25.00 -0.0122011
-105.00 25.00 -0.0038385
-100.00 25.00 0.0024831
-95.00 25.00 0.001898
-90.00 25.00 -0.0049784
-85.00 25.00 -0.0106521
-80.00 25.00 -0.0087767
-75.00 25.00 -0.0022153
-70.00 25.00 0.0003519
-65.00 25.00 -0.0041635
-60.00 25.00 -0.0095507
-55.00 25.00 -0.0098444
-50.00 25.00 -0.0076598
-45.00 25.00 -0.0084403
-40.00 25.00 -0.0107604
-35.00 25.00 -0.0095641
-30.00 25.00 -0.0061917
-25.00 25.00 -0.0058849
-20.00 25.00 -0.0062183
-15.00 25.00 0.0010266
-10.00 25.00 0.0147091
-5.00 25.00 0.0222737
0.00 25.00 0.0168858
5.00 25.00 0.0066284
10.00 25.00 0.0021316
15.00 25.00 0.004198
20.00 25.00 0.0076102
25.00 25.00 0.0082422
30.00 25.00 0.003588
35.00 25.00 -0.0044488
40.00 25.00 -0.0061713
45.00 25.00 0.005474
50.00 25.00 0.020676
55.00 25.00 0.021995
60.00 25.00 0.0087953
65.00 25.00 -0.0016882
70.00 25.00 0.0004638
75.00 25.00 0.0066907
80.00 25.00 0.0077701
85.00 25.00 0.0076851
90.00 25.00 0.012321
95.00 25.00 0.016356
100.00 25.00 0.0112964
105.00 25.00 -0.0001752
110.00 25.00 -0.0072698
115.00 25.00 -0.0060335
120.00 25.00 -0.0033421
125.00 25.00 -0.0053321
130.00 25.00 -0.0086342
135.00 25.00 -0.0071619
140.00 25.00 -0.0028297
145.00 25.00 -0.0027976
150.00 25.00 -0.0079697
155.00 25.00 -0.0117179
160.00 25.00 -0.0103198
165.00 25.00 -0.0075532
170.00 25.00 -0.007547
175.00 25.00 -0.009617
180.00 25.00 -0.0122
-180.00 30.00 -0.0138107
-175.00 30.00 -0.0154309
-170.00 30.00 -0.0179667
-165.00 30.00 -0.0206634
-160.00 30.00 -0.0208859
-155.00 30.00 -0.0175075
-150.00 30.00 -0.0129313
-145.00 30.00 -0.011915
-140.00 30.00 -0.0174463
-135.00 30.00 -0.02689
-130.00 30.00 -0.0334555
-125.00 30.00 -0.0327524
-120.00 30.00 -0.026722
-115.00 30.00 -0.0199357
-110.00 30.00 -0.0139555
-105.00 30.00 -0.0077547
-100.00 30.00 -0.0021797
-95.00 30.00 -0.0001257
-90.00 30.00 -0.0017401
-85.00 30.00 -0.0030996
-80.00 30.00 -0.0019172
-75.00 30.00 -0.0017477
-70.00 30.00 -0.006814
-65.00 30.00 -0.0142524
-60.00 30.00 -0.0165773
-55.00 30.00 -0.012293
-50.00 30.00 -0.0083946
-45.00 30.00 -0.0097047
-40.00 30.00 -0.0115283
-35.00 30.00 -0.008152
-30.00 30.00 -0.0035282
-25.00 30.00 -0.005287
-20.00 30.00 -0.0107738
-15.00 30.00 -0.0090229
-10.00 30.00 0.0026327
-5.00 30.00 0.0134988
0.00 30.00 0.0142146
5.00 30.00 0.0084246
10.00 30.00 0.0055216
15.00 30.00 0.0082696
20.00 30.00 0.012176
25.00 30.00 0.0124331
30.00 30.00 0.0080648
35.00 30.00 0.0028366
40.00 30.00 0.0032536
45.00 30.00 0.0112581
50.00 30.00 0.0192428
55.00 30.00 0.0183446
60.00 30.00 0.0110679
65.00 30.00 0.0081829
70.00 30.00 0.0132321
75.00 30.00 0.0187364
80.00 30.00 0.0189223
85.00 30.00 0.0171857
90.00 30.00 0.0178209
95.00 30.00 0.0184129
100.00 30.00 0.0152446
105.00 30.00 0.0102972
110.00 30.00 0.0074954
115.00 30.00 0.0059037
120.00 30.00 0.0021273
125.00 30.00 -0.0026159
130.00 30.00 -0.0034183
135.00 30.00 0.0002431
140.00 30.00 0.0024289
145.00 30.00 -0.0011496
150.00 30.00 -0.0068526
155.00 30.00 -0.0083913
160.00 30.00 -0.0057165
165.00 30.00 -0.0043387
170.00 30.00 -0.0071073
175.00 30.00 -0.0112735
180.00 30.00 -0.0138107
-180.00 35.00 -0.0161863
-175.00 35.00 -0.0163701
-170.00 35.00 -0.0162638
-165.00 35.00 -0.0167943
-160.00 35.00 -0.0165501
-155.00 35.00 -0.0144386
-150.00 35.00 -0.0123028
-145.00 35.00 -0.0138937
-140.00 35.00 -0.0205463
-135.00 35.00 -0.0283011
-130.00 35.00 -0.0308658
-125.00 35.00 -0.0260854
-120.00 35.00 -0.0181914
-115.00 35.00 -0.0126674
-110.00 35.00 -0.0102182
-105.00 35.00 -0.0074437
-100.00 35.00 -0.0024054
-95.00 35.00 0.0029632
-90.00 35.00 0.0059305
-85.00 35.00 0.0057447
-80.00 35.00 0.0023963
-75.00 35.00 -0.0045525
-70.00 35.00 -0.0134212
-65.00 35.00 -0.0188586
-60.00 35.00 -0.0168598
-55.00 35.00 -0.0109725
-50.00 35.00 -0.009121
-45.00 35.00 -0.0131233
-40.00 35.00 -0.0159544
-35.00 35.00 -0.0122781
-30.00 35.00 -0.007142
-25.00 35.00 -0.0088047
-20.00 35.00 -0.0156745
-15.00 35.00 -0.0173838
-10.00 35.00 -0.0089691
-5.00 35.00 0.0026586
0.00 35.00 0.00852
5.00 35.00 0.0083024
10.00 35.00 0.0078586
15.00 35.00 0.0100223
20.00 35.00 0.0121401
25.00 35.00 0.0110373
30.00 35.00 0.0072102
35.00 35.00 0.0042775
40.00 35.00 0.0053573
45.00 35.00 0.0095319
50.00 35.00 0.0123609
55.00 35.00 0.0114374
60.00 35.00 0.0103001
65.00 35.00 0.0139965
70.00 35.00 0.0216423
75.00 35.00 0.0270128
80.00 35.00 0.0262926
85.00 35.00 0.0215294
90.00 35.00 0.0164147
95.00 35.00 0.012745
100.00 35.00 0.0116283
105.00 35.00 0.0137047
110.00 35.00 0.0162773
115.00 35.00 0.0141743
120.00 35.00 0.0064927
125.00 35.00 -0.0003095
130.00 35.00 0.0003147
135.00 35.00 0.0061378
140.00 35.00 0.0084627
145.00 35.00 0.0031417
150.00 35.00 -0.0045876
155.00 35.00 -0.0076057
160.00 35.00 -0.0058715
165.00 35.00 -0.0050931
170.00 35.00 -0.008494
175.00 35.00 -0.0134673
180.00 35.00 -0.0161863
-180.00 40.00 -0.0136663
-175.00 40.00 -0.0144929
-170.00 40.00 -0.0144721
-165.00 40.00 -0.0142354
-160.00 40.00 -0.0134108
-155.00 40.00 -0.0118799
-150.00 40.00 -0.0111379
-145.00 40.00 -0.0132004
-140.00 40.00 -0.0177106
-135.00 40.00 -0.0209312
-130.00 40.00 -0.0188973
-125.00 40.00 -0.0118369
-120.00 40.00 -0.0044282
-115.00 40.00 -0.0009367
-110.00 40.00 -0.0007798
-105.00 40.00 0.00019
-100.00 40.00 0.0045062
-95.00 40.00 0.0103474
-90.00 40.00 0.01375
-85.00 40.00 0.0122021
-80.00 40.00 0.0059393
-75.00 40.00 -0.0025245
-70.00 40.00 -0.0091042
-65.00 40.00 -0.0101441
-60.00 40.00 -0.0060708
-55.00 40.00 -0.0024918
-50.00 40.00 -0.0049962
-45.00 40.00 -0.012346
-40.00 40.00 -0.0173578
-35.00 40.00 -0.0158025
-30.00 40.00 -0.0118588
-25.00 40.00 -0.0122382
-20.00 40.00 -0.0168362
-15.00 40.00 -0.018908
-10.00 40.00 -0.0141806
-5.00 40.00 -0.0059515
0.00 40.00 4.93e-05
5.00 40.00 0.0026524
10.00 40.00 0.0047612
15.00 40.00 0.007882
20.00 40.00 0.0100872
25.00 40.00 0.0092854
30.00 40.00 0.0064622
35.00 40.00 0.0048427
40.00 40.00 0.0064315
45.00 40.00 0.0099449
50.00 40.00 0.0123888
55.00 40.00 0.0126197
60.00 40.00 0.0127057
65.00 40.00 0.0152456
70.00 40.00 0.0199913
75.00 40.00 0.0239637
80.00 40.00 0.0243293
85.00 40.00 0.0203202
90.00 40.00 0.0133683
95.00 40.00 0.0069297
100.00 40.00 0.0051656
105.00 40.00 0.009153
110.00 40.00 0.0142828
115.00 40.00 0.0141381
120.00 40.00 0.0081117
125.00 40.00 0.0028975
130.00 40.00 0.0044864
135.00 40.00 0.0103183
140.00 40.00 0.0120221
145.00 40.00 0.0054774
150.00 40.00 -0.0045764
155.00 40.00 -0.010605
160.00 40.00 -0.0105818
165.00 40.00 -0.0086103
170.00 40.00 -0.0088654
175.00 40.00 -0.0113667
180.00 40.00 -0.0136663
-180.00 45.00 -0.0083337
-175.00 45.00 -0.0100017
-170.00 45.00 -0.0109336
-165.00 45.00 -0.0108449
-160.00 45.00 -0.009867
-155.00 45.00 -0.0087613
-150.00 45.00 -0.0088412
-145.00 45.00 -0.0108417
-140.00 45.00 -0.0135603
-135.00 45.00 -0.0141632
-130.00 45.00 -0.0106299
-125.00 45.00 -0.0040547
-120.00 45.00 0.0020137
-115.00 45.00 0.0049272
-110.00 45.00 0.0054206
-105.00 45.00 0.006428
-100.00 45.00 0.0096515
-95.00 45.00 0.013736
-90.00 45.00 0.0157361
-85.00 45.00 0.0139062
-80.00 45.00 0.0091161
-75.00 45.00 0.0042418
-70.00 45.00 0.0023499
-65.00 45.00 0.0044865
-60.00 45.00 0.0082578
-55.00 45.00 0.009062
-50.00 45.00 0.0040896
-45.00 45.00 -0.0045228
-40.00 45.00 -0.0114293
-35.00 45.00 -0.0134218
-30.00 45.00 -0.0122281
-25.00 45.00 -0.0114643
-20.00 45.00 -0.011977
-15.00 45.00 -0.0116459
-10.00 45.00 -0.0092061
-5.00 45.00 -0.0062041
0.00 45.00 -0.0044761
5.00 45.00 -0.0032309
10.00 45.00 -0.0001106
15.00 45.00 0.0053353
20.00 45.00 0.0105986
25.00 45.00 0.0129393
30.00 45.00 0.0124316
35.00 45.00 0.0118318
40.00 45.00 0.0136466
45.00 45.00 0.0176343
50.00 45.00 0.0211472
55.00 45.00 0.0217196
60.00 45.00 0.019278
65.00 45.00 0.0160653
70.00 45.00 0.0146611
75.00 45.00 0.0158493
80.00 45.00 0.0178182
85.00 45.00 0.0173864
90.00 45.00 0.0128511
95.00 45.00 0.006224
100.00 45.00 0.0019793
105.00 45.00 0.0026023
110.00 45.00 0.0057154
115.00 45.00 0.0068104
120.00 45.00 0.0048212
125.00 45.00 0.0034622
130.00 45.00 0.0061957
135.00 45.00 0.0110855
140.00 45.00 0.0123103
145.00 45.00 0.0066967
150.00 45.00 -0.0026346
155.00 45.00 -0.0095913
160.00 45.00 -0.0110624
165.00 45.00 -0.0088911
170.00 45.00 -0.0068228
175.00 45.00 -0.0068136
180.00 45.00 -0.0083337
-180.00 50.00 -0.0057045
-175.00 50.00 -0.0069806
-170.00 50.00 -0.0073177
-165.00 50.00 -0.006506
-160.00 50.00 -0.0052055
-155.00 50.00 -0.0046364
-150.00 50.00 -0.005848
-145.00 50.00 -0.0088037
-140.00 50.00 -0.0119799
-135.00 50.00 -0.0131339
-130.00 50.00 -0.0109315
-125.00 50.00 -0.0060523
-120.00 50.00 -0.0006101
-115.00 50.00 0.0036597
-110.00 50.00 0.0066576
-105.00 50.00 0.0094103
-100.00 50.00 0.0125037
-95.00 50.00 0.0152209
-90.00 50.00 0.016219
-85.00 50.00 0.0149139
-80.00 50.00 0.0122077
-75.00 50.00 0.0099971
-70.00 50.00 0.0098718
-65.00 50.00 0.0118327
-60.00 50.00 0.0139286
-55.00 50.00 0.0133856
-50.00 50.00 0.0087157
-45.00 50.00 0.0010865
-40.00 50.00 -0.0064503
-35.00 50.00 -0.0112
-30.00 50.00 -0.0123304
-25.00 50.00 -0.0105031
-20.00 50.00 -0.0067995
-15.00 50.00 -0.0024967
-10.00 50.00 0.0006734
-5.00 50.00 0.0012609
0.00 50.00 -0.0002847
5.00 50.00 -0.0012214
10.00 50.00 0.0014109
15.00 50.00 0.0079843
20.00 50.00 0.0157151
25.00 50.00 0.0210747
30.00 50.00 0.0228064
35.00 50.00 0.022663
40.00 50.00 0.0233584
45.00 50.00 0.0258399
50.00 50.00 0.0283986
55.00 50.00 0.0282961
60.00 50.00 0.0243811
65.00 50.00 0.0183988
70.00 50.00 0.0138167
75.00 50.00 0.0130283
80.00 50.00 0.0152413
85.00 50.00 0.0170301
90.00 50.00 0.0153233
95.00 50.00 0.0101636
100.00 50.00 0.0044818
105.00 50.00 0.0010874
110.00 50.00 0.000162
115.00 50.00 -1.85e-05
120.00 50.00 -0.0003104
125.00 50.00 0.0004522
130.00 50.00 0.0034961
135.00 50.00 0.0076591
140.00 50.00 0.0097941
145.00 50.00 0.0077899
150.00 50.00 0.0027347
155.00 50.00 -0.0021674
160.00 50.00 -0.0045535
165.00 50.00 -0.0045841
170.00 50.00 -0.0040562
175.00 50.00 -0.0044151
180.00 50.00 -0.0057045
-180.00 55.00 -0.0056815
-175.00 55.00 -0.0059277
-170.00 55.00 -0.0047564
-165.00 55.00 -0.0026504
-160.00 55.00 -0.0007558
-155.00 55.00 -0.0003663
-150.00 55.00 -0.0021889
-145.00 55.00 -0.005793
-140.00 55.00 -0.009643
-135.00 55.00 -0.0118202
-130.00 55.00 -0.0110469
-125.00 55.00 -0.0073172
-120.00 55.00 -0.0016914
-115.00 55.00 0.0045074
-110.00 55.00 0.0103741
-105.00 55.00 0.0154779
-100.00 55.00 0.0194699
-95.00 55.00 0.0218283
-90.00 55.00 0.0220794
-85.00 55.00 0.0202713
-80.00 55.00 0.0172083
-75.00 55.00 0.0141667
-70.00 55.00 0.0122119
-65.00 55.00 0.0115146
-60.00 55.00 0.0111224
-55.00 55.00 0.0094453
-50.00 55.00 0.0052669
-45.00 55.00 -0.0013441
-40.00 55.00 -0.0088453
-35.00 55.00 -0.0148697
-30.00 55.00 -0.0172899
-25.00 55.00 -0.0151741
-20.00 55.00 -0.0093107
-15.00 55.00 -0.0020534
-10.00 55.00 0.003718
-5.00 55.00 0.0062598
0.00 55.00 0.0062047
5.00 55.00 0.0062047
10.00 55.00 0.0089315
15.00 55.00 0.01493
20.00 55.00 0.0221522
25.00 55.00 0.0275917
30.00 55.00 0.0295892
35.00 55.00 0.0288527
40.00 55.00 0.0274615
45.00 55.00 0.026898
50.00 55.00 0.0268766
55.00 55.00 0.0259135
60.00 55.00 0.0230164
65.00 55.00 0.0189175
70.00 55.00 0.0156937
75.00 55.00 0.0150497
80.00 55.00 0.0167717
85.00 55.00 0.0187865
90.00 55.00 0.0188285
95.00 55.00 0.0162056
100.00 55.00 0.0120681
105.00 55.00 0.0081038
110.00 55.00 0.0051345
115.00 55.00 0.0029951
120.00 55.00 0.0014908
125.00 55.00 0.0010336
130.00 55.00 0.0021388
135.00 55.00 0.0044793
140.00 55.00 0.0067555
145.00 55.00 0.0076255
150.00 55.00 0.0066996
155.00 55.00 0.0046022
160.00 55.00 0.0022014
165.00 55.00 -8.06e-05
170.00 55.00 -0.0022517
175.00 55.00 -0.0042596
180.00 55.00 -0.0056814
-180.00 60.00 -0.0042473
-175.00 60.00 -0.0039197
-170.00 60.00 -0.0021783
-165.00 60.00 0.0002669
-160.00 60.00 0.0023411
-155.00 60.00 0.0030576
-150.00 60.00 0.0020011
-145.00 60.00 -0.0004069
-140.00 60.00 -0.0030301
-135.00 60.00 -0.004492
-130.00 60.00 -0.0037644
-125.00 60.00 -0.0005578
-120.00 60.00 0.0046605
-115.00 60.00 0.010954
-110.00 60.00 0.0172737
-105.00 60.00 0.0226881
-100.00 60.00 0.0264643
-95.00 60.00 0.0281123
-90.00 60.00 0.027482
-85.00 60.00 0.0248783
-80.00 60.00 0.0210629
-75.00 60.00 0.0170423
-70.00 60.00 0.0136652
-65.00 60.00 0.011202
-60.00 60.00 0.0091514
-55.00 60.00 0.0064547
-50.00 60.00 0.0020908
-45.00 60.00 -0.0042241
-40.00 60.00 -0.0116278
-35.00 60.00 -0.0182827
-30.00 60.00 -0.0221235
-25.00 60.00 -0.0218479
-20.00 60.00 -0.0176261
-15.00 60.00 -0.0110675
-10.00 60.00 -0.0043613
-5.00 60.00 0.0009527
0.00 60.00 0.004786
5.00 60.00 0.0082849
10.00 60.00 0.0127267
15.00 60.00 0.0183578
20.00 60.00 0.0240722
25.00 60.00 0.028163
30.00 60.00 0.0295203
35.00 60.00 0.0283312
40.00 60.00 0.0257977
45.00 60.00 0.0231975
50.00 60.00 0.0210958
55.00 60.00 0.0192952
60.00 60.00 0.0174369
65.00 60.00 0.0156248
70.00 60.00 0.0144849
75.00 60.00 0.0146273
80.00 60.00 0.0160384
85.00 60.00 0.0179793
90.00 60.00 0.019481
95.00 60.00 0.0199633
100.00 60.00 0.0194346
105.00 60.00 0.0181855
110.00 60.00 0.0163956
115.00 60.00 0.0140854
120.00 60.00 0.0113999
125.00 60.00 0.0088183
130.00 60.00 0.0069817
135.00 60.00 0.0062639
140.00 60.00 0.0064866
145.00 60.00 0.0070193
150.00 60.00 0.0071425
155.00 60.00 0.0063761
160.00 60.00 0.0046093
165.00 60.00 0.0020785
170.00 60.00 -0.000702
175.00 60.00 -0.0030393
180.00 60.00 -0.0042473
-180.00 65.00 -0.0019406
-175.00 65.00 -0.001743
-170.00 65.00 -0.0005766
-165.00 65.00 0.0011637
-160.00 65.00 0.0029061
-155.00 65.00 0.0041388
-150.00 65.00 0.0046333
-145.00 65.00 0.0045511
-140.00 65.00 0.0043801
-135.00 65.00 0.0047296
-130.00 65.00 0.0060773
-125.00 65.00 0.0085825
-120.00 65.00 0.0120334
-115.00 65.00 0.0159288
-110.00 65.00 0.0196331
-105.00 65.00 0.0225392
-100.00 65.00 0.0241966
-95.00 65.00 0.0243992
-90.00 65.00 0.0232313
-85.00 65.00 0.0210619
-80.00 65.00 0.0184573
-75.00 65.00 0.0160045
-70.00 65.00 0.0140795
-65.00 65.00 0.0126497
-60.00 65.00 0.0112236
-55.00 65.00 0.0090202
-50.00 65.00 0.0053312
-45.00 65.00 -7.03e-05
-40.00 65.00 -0.0066808
-35.00 65.00 -0.0133378
-30.00 65.00 -0.0186199
-25.00 65.00 -0.0214014
-20.00 65.00 -0.0212805
-15.00 65.00 -0.0186494
-10.00 65.00 -0.0143757
-5.00 65.00 -0.009301
0.00 65.00 -0.0038782
5.00 65.00 0.0018311
10.00 65.00 0.0078417
15.00 65.00 0.0138839
20.00 65.00 0.0192962
25.00 65.00 0.0232653
30.00 65.00 0.0252387
35.00 65.00 0.0252101
40.00 65.00 0.0236845
45.00 65.00 0.0213786
50.00 65.00 0.0188874
55.00 65.00 0.016537
60.00 65.00 0.0144671
65.00 65.00 0.012807
70.00 65.00 0.0117679
75.00 65.00 0.0115799
80.00 65.00 0.0123517
85.00 65.00 0.0139819
90.00 65.00 0.0161818
95.00 65.00 0.018562
100.00 65.00 0.0207002
105.00 65.00 0.0221729
110.00 65.00 0.0226009
115.00 65.00 0.0217598
120.00 65.00 0.0197121
125.00 65.00 0.0168538
130.00 65.00 0.0137964
135.00 65.00 0.0111233
140.00 65.00 0.0091524
145.00 65.00 0.0078376
150.00 65.00 0.0068492
155.00 65.00 0.0057733
160.00 65.00 0.0043254
165.00 65.00 0.0024878
170.00 65.00 0.0005292
175.00 65.00 -0.001098
180.00 65.00 -0.0019406
-180.00 70.00 -0.0038099
-175.00 70.00 -0.0039246
-170.00 70.00 -0.0033715
-165.00 70.00 -0.0022414
-160.00 70.00 -0.0007104
-155.00 70.00 0.0010247
-150.00 70.00 0.0028114
-145.00 70.00 0.0045786
-140.00 70.00 0.006331
-135.00 70.00 0.0081078
-130.00 70.00 0.0099276
-125.00 70.00 0.0117478
-120.00 70.00 0.0134541
-115.00 70.00 0.0148846
-110.00 70.00 0.015877
-105.00 70.00 0.0163222
-100.00 70.00 0.0162078
-95.00 70.00 0.0156391
-90.00 70.00 0.0148283
-85.00 70.00 0.0140479
-80.00 70.00 0.0135534
-75.00 70.00 0.0134902
-70.00 70.00 0.0138115
-65.00 70.00 0.0142418
-60.00 70.00 0.0143158
-55.00 70.00 0.0134987
-50.00 70.00 0.011363
-45.00 70.00 0.007761
-40.00 70.00 0.0029233
-35.00 70.00 -0.0025667
-30.00 70.00 -0.0079206
-25.00 70.00 -0.0123585
-20.00 70.00 -0.0152993
-15.00 70.00 -0.0164556
-10.00 70.00 -0.0158145
-5.00 70.00 -0.0135474
0.00 70.00 -0.0099166
5.00 70.00 -0.0052358
10.00 70.00 0.0001188
15.00 70.00 0.0056867
20.00 70.00 0.0109448
25.00 70.00 0.0153888
30.00 70.00 0.0186428
35.00 70.00 0.020541
40.00 70.00 0.0211382
45.00 70.00 0.0206517
50.00 70.00 0.0193739
55.00 70.00 0.0176046
60.00 70.00 0.0156258
65.00 70.00 0.0137087
70.00 70.00 0.0121217
75.00 70.00 0.0111135
80.00 70.00 0.0108715
85.00 70.00 0.0114708
90.00 70.00 0.0128368
95.00 70.00 0.014737
100.00 70.00 0.0168077
105.00 70.00 0.0186166
110.00 70.00 0.0197544
115.00 70.00 0.019935
120.00 70.00 0.0190726
125.00 70.00 0.0173004
130.00 70.00 0.0149191
135.00 70.00 0.0122891
140.00 70.00 0.0097152
145.00 70.00 0.0073671
150.00 70.00 0.0052689
155.00 70.00 0.0033501
160.00 70.00 0.0015288
165.00 70.00 -0.0002132
170.00 70.00 -0.0017952
175.00 70.00 -0.0030556
180.00 70.00 -0.0038099
-180.00 75.00 -0.0110737
-175.00 75.00 -0.0111216
-170.00 75.00 -0.0105904
-165.00 75.00 -0.0094914
-160.00 75.00 -0.0078816
-155.00 75.00 -0.0058559
-150.00 75.00 -0.0035354
-145.00 75.00 -0.0010543
-140.00 75.00 0.0014515
-135.00 75.00 0.0038527
-130.00 75.00 0.006033
-125.00 75.00 0.0078974
-120.00 75.00 0.0093811
-115.00 75.00 0.0104587
-110.00 75.00 0.0111509
-105.00 75.00 0.0115265
-100.00 75.00 0.0116971
-95.00 75.00 0.0118015
-90.00 75.00 0.011981
-85.00 75.00 0.0123483
-80.00 75.00 0.0129552
-75.00 75.00 0.0137657
-70.00 75.00 0.0146452
-65.00 75.00 0.0153728
-60.00 75.00 0.0156778
-55.00 75.00 0.0152964
-50.00 75.00 0.0140358
-45.00 75.00 0.0118288
-40.00 75.00 0.0087633
-35.00 75.00 0.005077
-30.00 75.00 0.0011206
-25.00 75.00 -0.0027013
-20.00 75.00 -0.0059949
-15.00 75.00 -0.0084336
-10.00 75.00 -0.0097947
-5.00 75.00 -0.0099759
0.00 75.00 -0.0089966
5.00 75.00 -0.0069856
10.00 75.00 -0.0041631
15.00 75.00 -0.0008144
20.00 75.00 0.0027407
25.00 75.00 0.0061845
30.00 75.00 0.0092374
35.00 75.00 0.0116888
40.00 75.00 0.0134141
45.00 75.00 0.0143792
50.00 75.00 0.0146324
55.00 75.00 0.0142875
60.00 75.00 0.0135054
65.00 75.00 0.0124746
70.00 75.00 0.0113919
75.00 75.00 0.0104405
80.00 75.00 0.0097654
85.00 75.00 0.0094505
90.00 75.00 0.0095001
95.00 75.00 0.0098346
100.00 75.00 0.0103028
105.00 75.00 0.0107116
110.00 75.00 0.0108667
115.00 75.00 0.010612
120.00 75.00 0.0098598
125.00 75.00 0.0086022
130.00 75.00 0.0069025
135.00 75.00 0.004872
140.00 75.00 0.0026404
145.00 75.00 0.0003304
150.00 75.00 -0.0019562
155.00 75.00 -0.0041404
160.00 75.00 -0.0061559
165.00 75.00 -0.0079362
170.00 75.00 -0.0094056
175.00 75.00 -0.0104794
180.00 75.00 -0.0110737
-180.00 80.00 -0.0183668
-175.00 80.00 -0.0180417
-170.00 80.00 -0.0173149
-165.00 80.00 -0.0161988
-160.00 80.00 -0.0147265
-155.00 80.00 -0.0129497
-150.00 80.00 -0.0109361
-145.00 80.00 -0.0087643
-140.00 80.00 -0.0065181
-135.00 80.00 -0.0042796
-130.00 80.00 -0.0021227
-125.00 80.00 -0.0001066
-120.00 80.00 0.0017278
-115.00 80.00 0.0033601
-110.00 80.00 0.0047899
-105.00 80.00 0.0060338
-100.00 80.00 0.007119
-95.00 80.00 0.0080747
-90.00 80.00 0.008924
-85.00 80.00 0.0096765
-80.00 80.00 0.0103227
-75.00 80.00 0.0108314
-70.00 80.00 0.0111513
-65.00 80.00 0.0112191
-60.00 80.00 0.0109705
-55.00 80.00 0.0103519
-50.00 80.00 0.0093334
-45.00 80.00 0.0079188
-40.00 80.00 0.0061527
-35.00 80.00 0.0041196
-30.00 80.00 0.0019371
-25.00 80.00 -0.0002566
-20.00 80.00 -0.0023161
-15.00 80.00 -0.0041047
-10.00 80.00 -0.0055092
-5.00 80.00 -0.0064514
0.00 80.00 -0.0068948
5.00 80.00 -0.0068455
10.00 80.00 -0.0063496
15.00 80.00 -0.0054868
20.00 80.00 -0.0043611
25.00 80.00 -0.0030887
30.00 80.00 -0.0017863
35.00 80.00 -0.0005603
40.00 80.00 0.0005024
45.00 80.00 0.0013401
50.00 80.00 0.0019195
55.00 80.00 0.0022351
60.00 80.00 0.0023061
65.00 80.00 0.0021705
70.00 80.00 0.0018766
75.00 80.00 0.0014745
80.00 80.00 0.0010079
85.00 80.00 0.0005084
90.00 80.00 -9.8e-06
95.00 80.00 -0.000551
100.00 80.00 -0.0011362
105.00 80.00 -0.0017964
110.00 80.00 -0.0025652
115.00 80.00 -0.0034721
120.00 80.00 -0.0045362
125.00 80.00 -0.0057615
130.00 80.00 -0.0071337
135.00 80.00 -0.0086223
140.00 80.00 -0.0101839
145.00 80.00 -0.0117661
150.00 80.00 -0.0133098
155.00 80.00 -0.0147524
160.00 80.00 -0.0160308
165.00 80.00 -0.0170842
170.00 80.00 -0.0178561
175.00 80.00 -0.0182967
180.00 80.00 -0.0183668
-180.00 85.00 -0.0200724
-175.00 85.00 -0.0196467
-170.00 85.00 -0.0190807
-165.00 85.00 -0.0183809
-160.00 85.00 -0.0175547
-155.00 85.00 -0.0166135
-150.00 85.00 -0.0155753
-145.00 85.00 -0.014464
-140.00 85.00 -0.013305
-135.00 85.00 -0.0121213
-130.00 85.00 -0.0109323
-125.00 85.00 -0.0097565
-120.00 85.00 -0.0086137
-115.00 85.00 -0.0075249
-110.00 85.00 -0.0065092
-105.00 85.00 -0.00558
-100.00 85.00 -0.004746
-95.00 85.00 -0.0040134
-90.00 85.00 -0.0033903
-85.00 85.00 -0.0028869
-80.00 85.00 -0.0025129
-75.00 85.00 -0.0022734
-70.00 85.00 -0.0021685
-65.00 85.00 -0.0021955
-60.00 85.00 -0.0023522
-55.00 85.00 -0.0026367
-50.00 85.00 -0.0030438
-45.00 85.00 -0.0035611
-40.00 85.00 -0.0041683
-35.00 85.00 -0.0048411
-30.00 85.00 -0.0055559
-25.00 85.00 -0.0062915
-20.00 85.00 -0.0070267
-15.00 85.00 -0.0077384
-10.00 85.00 -0.0084022
-5.00 85.00 -0.0089966
0.00 85.00 -0.009509
5.00 85.00 -0.0099361
10.00 85.00 -0.0102807
15.00 85.00 -0.0105474
20.00 85.00 -0.0107413
25.00 85.00 -0.0108708
30.00 85.00 -0.0109511
35.00 85.00 -0.0110027
40.00 85.00 -0.0110466
45.00 85.00 -0.011099
50.00 85.00 -0.0111701
55.00 85.00 -0.0112675
60.00 85.00 -0.0114
65.00 85.00 -0.0115777
70.00 85.00 -0.0118082
75.00 85.00 -0.0120927
80.00 85.00 -0.012427
85.00 85.00 -0.0128052
90.00 85.00 -0.0132248
95.00 85.00 -0.0136867
100.00 85.00 -0.0141908
105.00 85.00 -0.0147325
110.00 85.00 -0.0153027
115.00 85.00 -0.0158911
120.00 85.00 -0.0164903
125.00 85.00 -0.0170945
130.00 85.00 -0.017696
135.00 85.00 -0.0182815
140.00 85.00 -0.0188323
145.00 85.00 -0.0193292
150.00 85.00 -0.0197555
155.00 85.00 -0.0200981
160.00 85.00 -0.0203443
165.00 85.00 -0.0204791
170.00 85.00 -0.0204862
175.00 85.00 -0.0203527
180.00 85.00 -0.0200724
-180.00 90.00 -0.0157048
-175.00 90.00 -0.0157048
-170.00 90.00 -0.0157048
-165.00 90.00 -0.0157048
-160.00 90.00 -0.0157048
-155.00 90.00 -0.0157048
-150.00 90.00 -0.0157048
-145.00 90.00 -0.0157048
-140.00 90.00 -0.0157048
-135.00 90.00 -0.0157048
-130.00 90.00 -0.0157048
-125.00 90.00 -0.0157048
-120.00 90.00 -0.0157048
-115.00 90.00 -0.0157048
-110.00 90.00 -0.0157048
-105.00 90.00 -0.0157048
-100.00 90.00 -0.0157048
-95.00 90.00 -0.0157048
-90.00 90.00 -0.0157048
-85.00 90.00 -0.0157048
-80.00 90.00 -0.0157048
-75.00 90.00 -0.0157048
-70.00 90.00 -0.0157048
-65.00 90.00 -0.0157048
-60.00 90.00 -0.0157048
-55.00 90.00 -0.0157048
-50.00 90.00 -0.0157048
-45.00 90.00 -0.0157048
-40.00 90.00 -0.0157048
-35.00 90.00 -0.0157048
-30.00 90.00 -0.0157048
-25.00 90.00 -0.0157048
-20.00 90.00 -0.0157048
-15.00 90.00 -0.0157048
-10.00 90.00 -0.0157048
-5.00 90.00 -0.0157048
0.00 90.00 -0.0157048
5.00 90.00 -0.0157048
10.00 90.00 -0.0157048
15.00 90.00 -0.0157048
20.00 90.00 -0.0157048
25.00 90.00 -0.0157048
30.00 90.00 -0.0157048
35.00 90.00 -0.0157048
40.00 90.00 -0.0157048
45.00 90.00 -0.0157048
50.00 90.00 -0.0157048
55.00 90.00 -0.0157048
60.00 90.00 -0.0157048
65.00 90.00 -0.0157048
70.00 90.00 -0.0157048
75.00 90.00 -0.0157048
80.00 90.00 -0.0157048
85.00 90.00 -0.0157048
90.00 90.00 -0.0157048
95.00 90.00 -0.0157048
100.00 90.00 -0.0157048
105.00 90.00 -0.0157048
110.00 90.00 -0.0157048
115.00 90.00 -0.0157048
120.00 90.00 -0.0157048
125.00 90.00 -0.0157048
130.00 90.00 -0.0157048
135.00 90.00 -0.0157048
140.00 90.00 -0.0157048
145.00 90.00 -0.0157048
150.00 90.00 -0.0157048
155.00 90.00 -0.0157048
160.00 90.00 -0.0157048
165.00 90.00 -0.0157048
170.00 90.00 -0.0157048
175.00 90.00 -0.0157048
180.00 90.00 -0.0157048
