-180.00 -90.00 -0.00054516
-175.00 -90.00 -0.00054513
-170.00 -90.00 -0.0005451
-165.00 -90.00 -0.00054507
-160.00 -90.00 -0.00054507
-155.00 -90.00 -0.00054507
-150.00 -90.00 -0.00054507
-145.00 -90.00 -0.0005451
-140.00 -90.00 -0.0005451
-135.00 -90.00 -0.00054513
-130.00 -90.00 -0.00054516
-125.00 -90.00 -0.00054522
-120.00 -90.00 -0.00054525
-115.00 -90.00 -0.00054531
-110.00 -90.00 -0.00054534
-105.00 -90.00 -0.0005454
-100.00 -90.00 -0.00054543
-95.00 -90.00 -0.00054549
-90.00 -90.00 -0.00054552
-85.00 -90.00 -0.00054555
-80.00 -90.00 -0.00054558
-75.00 -90.00 -0.00054558
-70.00 -90.00 -0.00054561
-65.00 -90.00 -0.00054561
-60.00 -90.00 -0.00054561
-55.00 -90.00 -0.00054558
-50.00 -90.00 -0.00054555
-45.00 -90.00 -0.00054555
-40.00 -90.00 -0.00054549
-35.00 -90.00 -0.00054546
-30.00 -90.00 -0.00054543
-25.00 -90.00 -0.00054537
-20.00 -90.00 -0.00054534
-15.00 -90.00 -0.00054528
-10.00 -90.00 -0.00054525
-5.00 -90.00 -0.00054519
0.00 -90.00 -0.00054516
5.00 -90.00 -0.00054513
10.00 -90.00 -0.0005451
15.00 -90.00 -0.00054507
20.00 -90.00 -0.00054507
25.00 -90.00 -0.00054507
30.00 -90.00 -0.00054507
35.00 -90.00 -0.0005451
40.00 -90.00 -0.0005451
45.00 -90.00 -0.00054513
50.00 -90.00 -0.00054516
55.00 -90.00 -0.00054522
60.00 -90.00 -0.00054525
65.00 -90.00 -0.00054531
70.00 -90.00 -0.00054534
75.00 -90.00 -0.0005454
80.00 -90.00 -0.00054543
85.00 -90.00 -0.00054549
90.00 -90.00 -0.00054552
95.00 -90.00 -0.00054555
100.00 -90.00 -0.00054558
105.00 -90.00 -0.00054558
110.00 -90.00 -0.00054561
115.00 -90.00 -0.00054561
120.00 -90.00 -0.00054561
125.00 -90.00 -0.00054558
130.00 -90.00 -0.00054558
135.00 -90.00 -0.00054555
140.00 -90.00 -0.00054549
145.00 -90.00 -0.00054546
150.00 -90.00 -0.00054543
155.00 -90.00 -0.00054537
160.00 -90.00 -0.00054534
165.00 -90.00 -0.00054528
170.00 -90.00 -0.00054525
175.00 -90.00 -0.00054519
180.00 -90.00 -0.00054516
-180.00 -85.00 -0.00127299
-175.00 -85.00 -0.00120804
-170.00 -85.00 -0.00114552
-165.00 -85.00 -0.00108768
-160.00 -85.00 -0.00103614
-155.00 -85.00 -0.00099204
-150.00 -85.00 -0.0009558
-145.00 -85.00 -0.00092721
-140.00 -85.00 -0.00090552
-135.00 -85.00 -0.00088962
-130.00 -85.00 -0.00087822
-125.00 -85.00 -0.00086991
-120.00 -85.00 -0.00086358
-115.00 -85.00 -0.00085821
-110.00 -85.00 -0.00085317
-105.00 -85.00 -0.00084828
-100.00 -85.00 -0.00084366
-95.00 -85.00 -0.00083979
-90.00 -85.00 -0.00083724
-85.00 -85.00 -0.00083646
-80.00 -85.00 -0.00083778
-75.00 -85.00 -0.00084132
-70.00 -85.00 -0.00084696
-65.00 -85.00 -0.00085431
-60.00 -85.00 -0.00086256
-55.00 -85.00 -0.00087048
-50.00 -85.00 -0.00087681
-45.00 -85.00 -0.00088023
-40.00 -85.00 -0.00087966
-35.00 -85.00 -0.00087411
-30.00 -85.00 -0.00086265
-25.00 -85.00 -0.00084462
-20.00 -85.00 -0.00081984
-15.00 -85.00 -0.00078873
-10.00 -85.00 -0.00075204
-5.00 -85.00 -0.00071085
0.00 -85.00 -0.00066645
5.00 -85.00 -0.00062052
10.00 -85.00 -0.00057513
15.00 -85.00 -0.00053262
20.00 -85.00 -0.0004953
25.00 -85.00 -0.00046536
30.00 -85.00 -0.00044469
35.00 -85.00 -0.00043512
40.00 -85.00 -0.00043809
45.00 -85.00 -0.00045453
50.00 -85.00 -0.00048471
55.00 -85.00 -0.0005283
60.00 -85.00 -0.00058431
65.00 -85.00 -0.00065136
70.00 -85.00 -0.00072768
75.00 -85.00 -0.00081102
80.00 -85.00 -0.00089895
85.00 -85.00 -0.00098907
90.00 -85.00 -0.00107898
95.00 -85.00 -0.00116658
100.00 -85.00 -0.00124992
105.00 -85.00 -0.00132723
110.00 -85.00 -0.0013971
115.00 -85.00 -0.00145833
120.00 -85.00 -0.00150996
125.00 -85.00 -0.00155112
130.00 -85.00 -0.001581
135.00 -85.00 -0.001599
140.00 -85.00 -0.00160479
145.00 -85.00 -0.00159828
150.00 -85.00 -0.00157962
155.00 -85.00 -0.00154929
160.00 -85.00 -0.00150828
165.00 -85.00 -0.001458
170.00 -85.00 -0.00140046
175.00 -85.00 -0.00133797
180.00 -85.00 -0.00127299
-180.00 -80.00 -0.00214023
-175.00 -80.00 -0.00200103
-170.00 -80.00 -0.0018804
-165.00 -80.00 -0.0017961
-160.00 -80.00 -0.00175923
-155.00 -80.00 -0.00177216
-150.00 -80.00 -0.00183135
-145.00 -80.00 -0.00192861
-140.00 -80.00 -0.0020496
-135.00 -80.00 -0.00217449
-130.00 -80.00 -0.00228375
-125.00 -80.00 -0.00236256
-120.00 -80.00 -0.00240021
-115.00 -80.00 -0.00238878
-110.00 -80.00 -0.0023262
-105.00 -80.00 -0.00221862
-100.00 -80.00 -0.00207771
-95.00 -80.00 -0.00191601
-90.00 -80.00 -0.00174627
-85.00 -80.00 -0.00158307
-80.00 -80.00 -0.00144027
-75.00 -80.00 -0.00132624
-70.00 -80.00 -0.0012432
-65.00 -80.00 -0.00119097
-60.00 -80.00 -0.00116802
-55.00 -80.00 -0.00116913
-50.00 -80.00 -0.00118548
-45.00 -80.00 -0.00120906
-40.00 -80.00 -0.00123519
-35.00 -80.00 -0.00125973
-30.00 -80.00 -0.00127689
-25.00 -80.00 -0.00128163
-20.00 -80.00 -0.00127221
-15.00 -80.00 -0.00124782
-10.00 -80.00 -0.00120555
-5.00 -80.00 -0.00114231
0.00 -80.00 -0.00105831
5.00 -80.00 -0.00095646
10.00 -80.00 -0.00083889
15.00 -80.00 -0.00070761
20.00 -80.00 -0.00056823
25.00 -80.00 -0.0004302
30.00 -80.00 -0.00030285
35.00 -80.00 -0.00019401
40.00 -80.00 -0.00011274
45.00 -80.00 -6.957e-05
50.00 -80.00 -7.215e-05
55.00 -80.00 -0.00012213
60.00 -80.00 -0.00021702
65.00 -80.00 -0.00035283
70.00 -80.00 -0.00052197
75.00 -80.00 -0.00071154
80.00 -80.00 -0.00090666
85.00 -80.00 -0.0010959
90.00 -80.00 -0.00127146
95.00 -80.00 -0.0014271
100.00 -80.00 -0.00155937
105.00 -80.00 -0.00167088
110.00 -80.00 -0.00176925
115.00 -80.00 -0.00186216
120.00 -80.00 -0.00195456
125.00 -80.00 -0.00205062
130.00 -80.00 -0.00215346
135.00 -80.00 -0.0022614
140.00 -80.00 -0.0023661
145.00 -80.00 -0.00245655
150.00 -80.00 -0.00252309
155.00 -80.00 -0.00255693
160.00 -80.00 -0.00254964
165.00 -80.00 -0.00249696
170.00 -80.00 -0.00240318
175.00 -80.00 -0.00227955
180.00 -80.00 -0.00214023
-180.00 -75.00 -0.00234534
-175.00 -75.00 -0.00210294
-170.00 -75.00 -0.00189555
-165.00 -75.00 -0.00177897
-160.00 -75.00 -0.00179211
-155.00 -75.00 -0.00194886
-150.00 -75.00 -0.00223533
-145.00 -75.00 -0.00261342
-140.00 -75.00 -0.00302955
-135.00 -75.00 -0.00342582
-130.00 -75.00 -0.00374994
-125.00 -75.00 -0.00396213
-120.00 -75.00 -0.00403836
-115.00 -75.00 -0.00397023
-110.00 -75.00 -0.00376269
-105.00 -75.00 -0.00343233
-100.00 -75.00 -0.00300597
-95.00 -75.00 -0.00251877
-90.00 -75.00 -0.00201105
-85.00 -75.00 -0.00152385
-80.00 -75.00 -0.00109281
-75.00 -75.00 -0.00074205
-70.00 -75.00 -0.00048027
-65.00 -75.00 -0.00030135
-60.00 -75.00 -0.00018843
-55.00 -75.00 -0.00012072
-50.00 -75.00 -8.103e-05
-45.00 -75.00 -6.099e-05
-40.00 -75.00 -6.195e-05
-35.00 -75.00 -9.18e-05
-30.00 -75.00 -0.00015963
-25.00 -75.00 -0.00027006
-20.00 -75.00 -0.00041967
-15.00 -75.00 -0.00059658
-10.00 -75.00 -0.00078345
-5.00 -75.00 -0.00096111
0.00 -75.00 -0.00111168
5.00 -75.00 -0.00122049
10.00 -75.00 -0.00127596
15.00 -75.00 -0.00126897
20.00 -75.00 -0.00119349
25.00 -75.00 -0.00104853
30.00 -75.00 -0.00084111
35.00 -75.00 -0.00058842
40.00 -75.00 -0.00031815
45.00 -75.00 -6.573e-05
50.00 -75.00 0.00013158
55.00 -75.00 0.00024216
60.00 -75.00 0.0002466
65.00 -75.00 0.00014286
70.00 -75.00 -5.226e-05
75.00 -75.00 -0.00030549
80.00 -75.00 -0.00057342
85.00 -75.00 -0.00081126
90.00 -75.00 -0.00098202
95.00 -75.00 -0.00106497
100.00 -75.00 -0.00105981
105.00 -75.00 -0.00098628
110.00 -75.00 -0.00087909
115.00 -75.00 -0.00078039
120.00 -75.00 -0.00073056
125.00 -75.00 -0.00076044
130.00 -75.00 -0.00088629
135.00 -75.00 -0.00110736
140.00 -75.00 -0.00140592
145.00 -75.00 -0.00174978
150.00 -75.00 -0.00209676
155.00 -75.00 -0.00240087
160.00 -75.00 -0.00261975
165.00 -75.00 -0.00272304
170.00 -75.00 -0.00269964
175.00 -75.00 -0.00256197
180.00 -75.00 -0.00234534
-180.00 -70.00 -0.0022704
-175.00 -70.00 -0.00187818
-170.00 -70.00 -0.00148728
-165.00 -70.00 -0.00121521
-160.00 -70.00 -0.00114888
-155.00 -70.00 -0.00131982
-150.00 -70.00 -0.00169614
-145.00 -70.00 -0.00219492
-140.00 -70.00 -0.00271101
-135.00 -70.00 -0.00315066
-130.00 -70.00 -0.00345675
-125.00 -70.00 -0.00361521
-120.00 -70.00 -0.00364191
-115.00 -70.00 -0.00356007
-110.00 -70.00 -0.0033813
-105.00 -70.00 -0.00310137
-100.00 -70.00 -0.00271164
-95.00 -70.00 -0.00221754
-90.00 -70.00 -0.00165216
-85.00 -70.00 -0.00107511
-80.00 -70.00 -0.00055605
-75.00 -70.00 -0.00014988
-70.00 -70.00 0.00012405
-65.00 -70.00 0.00028833
-60.00 -70.00 0.00039585
-55.00 -70.00 0.00050448
-50.00 -70.00 0.0006498
-45.00 -70.00 0.00082761
-40.00 -70.00 0.00099438
-35.00 -70.00 0.00108564
-30.00 -70.00 0.00104364
-25.00 -70.00 0.00084228
-20.00 -70.00 0.0004977
-15.00 -70.00 6.069e-05
-10.00 -70.00 -0.00040491
-5.00 -70.00 -0.00084648
0.00 -70.00 -0.00123717
5.00 -70.00 -0.00157401
10.00 -70.00 -0.00186243
15.00 -70.00 -0.0020973
20.00 -70.00 -0.002253
25.00 -70.00 -0.00228909
30.00 -70.00 -0.00216876
35.00 -70.00 -0.0018801
40.00 -70.00 -0.0014487
45.00 -70.00 -0.00093645
50.00 -70.00 -0.00042798
55.00 -70.00 -1.14e-05
60.00 -70.00 0.00024087
65.00 -70.00 0.00028743
70.00 -70.00 0.0001284
75.00 -70.00 -0.00019104
80.00 -70.00 -0.0005874
85.00 -70.00 -0.00095688
90.00 -70.00 -0.00120246
95.00 -70.00 -0.00126105
100.00 -70.00 -0.00112104
105.00 -70.00 -0.00082281
110.00 -70.00 -0.00044304
115.00 -70.00 -6.987e-05
120.00 -70.00 0.00022029
125.00 -70.00 0.00037605
130.00 -70.00 0.00037263
135.00 -70.00 0.0002061
140.00 -70.00 -0.00011247
145.00 -70.00 -0.00055818
150.00 -70.00 -0.00108846
155.00 -70.00 -0.0016401
160.00 -70.00 -0.002133
165.00 -70.00 -0.00248433
170.00 -70.00 -0.00263043
175.00 -70.00 -0.00254871
180.00 -70.00 -0.0022704
-180.00 -65.00 -0.0024909
-175.00 -65.00 -0.00204762
-170.00 -65.00 -0.00148308
-165.00 -65.00 -0.00098004
-160.00 -65.00 -0.00069588
-155.00 -65.00 -0.00070458
-150.00 -65.00 -0.00096567
-145.00 -65.00 -0.00133983
-140.00 -65.00 -0.00165219
-135.00 -65.00 -0.00177741
-130.00 -65.00 -0.00170187
-125.00 -65.00 -0.00152496
-120.00 -65.00 -0.00139638
-115.00 -65.00 -0.00142512
-110.00 -65.00 -0.00161502
-105.00 -65.00 -0.00186252
-100.00 -65.00 -0.00201522
-95.00 -65.00 -0.00195399
-90.00 -65.00 -0.0016539
-85.00 -65.00 -0.00119466
-80.00 -65.00 -0.00071958
-75.00 -65.00 -0.00036696
-70.00 -65.00 -0.00020715
-65.00 -65.00 -0.0002154
-60.00 -65.00 -0.00029151
-55.00 -65.00 -0.00031521
-50.00 -65.00 -0.00021009
-45.00 -65.00 1.575e-05
-40.00 -65.00 0.00027081
-35.00 -65.00 0.00042285
-30.00 -65.00 0.00036225
-25.00 -65.00 5.679e-05
-20.00 -65.00 -0.00042843
-15.00 -65.00 -0.00095706
-10.00 -65.00 -0.00138303
-5.00 -65.00 -0.00161925
0.00 -65.00 -0.0016785
5.00 -65.00 -0.00166224
10.00 -65.00 -0.0017007
15.00 -65.00 -0.00187578
20.00 -65.00 -0.00217239
25.00 -65.00 -0.00248688
30.00 -65.00 -0.00268497
35.00 -65.00 -0.00267024
40.00 -65.00 -0.00242163
45.00 -65.00 -0.00198672
50.00 -65.00 -0.00144993
55.00 -65.00 -0.00090621
60.00 -65.00 -0.00045225
65.00 -65.00 -0.00018216
70.00 -65.00 -0.00016728
75.00 -65.00 -0.00041985
80.00 -65.00 -0.00086412
85.00 -65.00 -0.00134586
90.00 -65.00 -0.00168672
95.00 -65.00 -0.0017598
100.00 -65.00 -0.00154401
105.00 -65.00 -0.00112671
110.00 -65.00 -0.00065481
115.00 -65.00 -0.0002625
120.00 -65.00 -1.608e-05
125.00 -65.00 9.696e-05
130.00 -65.00 0.00013269
135.00 -65.00 0.00013503
140.00 -65.00 9.591e-05
145.00 -65.00 -4.311e-05
150.00 -65.00 -0.00034884
155.00 -65.00 -0.00084123
160.00 -65.00 -0.00145941
165.00 -65.00 -0.00206988
170.00 -65.00 -0.00251355
175.00 -65.00 -0.00266697
180.00 -65.00 -0.0024909
-180.00 -60.00 -0.00288147
-175.00 -60.00 -0.00255852
-170.00 -60.00 -0.00192777
-165.00 -60.00 -0.00121857
-160.00 -60.00 -0.00068088
-155.00 -60.00 -0.00048765
-150.00 -60.00 -0.00064635
-145.00 -60.00 -0.00097671
-140.00 -60.00 -0.00119721
-135.00 -60.00 -0.00109404
-130.00 -60.00 -0.00066969
-125.00 -60.00 -0.00015876
-120.00 -60.00 0.00011397
-115.00 -60.00 -6.108e-05
-110.00 -60.00 -0.00065067
-105.00 -60.00 -0.00140598
-100.00 -60.00 -0.00200715
-95.00 -60.00 -0.00222264
-90.00 -60.00 -0.00199872
-85.00 -60.00 -0.00145689
-80.00 -60.00 -0.00082167
-75.00 -60.00 -0.00031836
-70.00 -60.00 -8.139e-05
-65.00 -60.00 -0.00011085
-60.00 -60.00 -0.00029628
-55.00 -60.00 -0.00049077
-50.00 -60.00 -0.00059274
-45.00 -60.00 -0.00059238
-40.00 -60.00 -0.00056613
-35.00 -60.00 -0.00062952
-30.00 -60.00 -0.00087378
-25.00 -60.00 -0.00131271
-20.00 -60.00 -0.00185895
-15.00 -60.00 -0.00234225
-10.00 -60.00 -0.00257118
-5.00 -60.00 -0.0024231
0.00 -60.00 -0.00192429
5.00 -60.00 -0.00126693
10.00 -60.00 -0.00073053
15.00 -60.00 -0.00053718
20.00 -60.00 -0.00073155
25.00 -60.00 -0.0011733
30.00 -60.00 -0.00164832
35.00 -60.00 -0.00200562
40.00 -60.00 -0.00221001
45.00 -60.00 -0.00228369
50.00 -60.00 -0.00221811
55.00 -60.00 -0.00196161
60.00 -60.00 -0.00150063
65.00 -60.00 -0.00094542
70.00 -60.00 -0.0005136
75.00 -60.00 -0.0003987
80.00 -60.00 -0.00062415
85.00 -60.00 -0.00100551
90.00 -60.00 -0.00125769
95.00 -60.00 -0.00117069
100.00 -60.00 -0.00073431
105.00 -60.00 -0.00013911
110.00 -60.00 0.00033615
115.00 -60.00 0.0004809
120.00 -60.00 0.00026814
125.00 -60.00 -0.000132
130.00 -60.00 -0.00045234
135.00 -60.00 -0.00048957
140.00 -60.00 -0.0002316
145.00 -60.00 0.00013065
150.00 -60.00 0.00031509
155.00 -60.00 0.00011127
160.00 -60.00 -0.0005058
165.00 -60.00 -0.00136953
170.00 -60.00 -0.00220797
175.00 -60.00 -0.00276276
180.00 -60.00 -0.00288147
-180.00 -55.00 -0.00312771
-175.00 -55.00 -0.00299619
-170.00 -55.00 -0.00241185
-165.00 -55.00 -0.00160167
-160.00 -55.00 -0.00087525
-155.00 -55.00 -0.000522
-150.00 -55.00 -0.00066174
-145.00 -55.00 -0.00113412
-140.00 -55.00 -0.00155685
-135.00 -55.00 -0.00157878
-130.00 -55.00 -0.00115785
-125.00 -55.00 -0.00061455
-120.00 -55.00 -0.0003873
-115.00 -55.00 -0.00069258
-110.00 -55.00 -0.00138252
-105.00 -55.00 -0.00209175
-100.00 -55.00 -0.00249846
-95.00 -55.00 -0.00247143
-90.00 -55.00 -0.00204969
-85.00 -55.00 -0.00136236
-80.00 -55.00 -0.00057978
-75.00 -55.00 0.00012021
-70.00 -55.00 0.00060909
-65.00 -55.00 0.00085785
-60.00 -55.00 0.00092295
-55.00 -55.00 0.00087507
-50.00 -55.00 0.00074265
-45.00 -55.00 0.0005181
-40.00 -55.00 0.00020193
-35.00 -55.00 -0.00017025
-30.00 -55.00 -0.00054507
-25.00 -55.00 -0.00089343
-20.00 -55.00 -0.00123075
-15.00 -55.00 -0.00157968
-10.00 -55.00 -0.00189447
-5.00 -55.00 -0.00203163
0.00 -55.00 -0.00183885
5.00 -55.00 -0.00131376
10.00 -55.00 -0.00067296
15.00 -55.00 -0.00022515
20.00 -55.00 -0.00014145
25.00 -55.00 -0.00034641
30.00 -55.00 -0.00064227
35.00 -55.00 -0.00092925
40.00 -55.00 -0.00127536
45.00 -55.00 -0.0017556
50.00 -55.00 -0.00224766
55.00 -55.00 -0.00243936
60.00 -55.00 -0.00208425
65.00 -55.00 -0.00126429
70.00 -55.00 -0.00038475
75.00 -55.00 0.00012084
80.00 -55.00 0.00011583
85.00 -55.00 -0.00016155
90.00 -55.00 -0.00030687
95.00 -55.00 -4.236e-05
100.00 -55.00 0.00062268
105.00 -55.00 0.00142176
110.00 -55.00 0.00197766
115.00 -55.00 0.00198378
120.00 -55.00 0.00137052
125.00 -55.00 0.00038541
130.00 -55.00 -0.00049926
135.00 -55.00 -0.00084825
140.00 -55.00 -0.00053826
145.00 -55.00 0.00015981
150.00 -55.00 0.0007569
155.00 -55.00 0.00084285
160.00 -55.00 0.00029412
165.00 -55.00 -0.0007125
170.00 -55.00 -0.00183198
175.00 -55.00 -0.00271554
180.00 -55.00 -0.00312771
-180.00 -50.00 -0.00287913
-175.00 -50.00 -0.00293154
-170.00 -50.00 -0.00253527
-165.00 -50.00 -0.00189363
-160.00 -50.00 -0.00126207
-155.00 -50.00 -0.00090219
-150.00 -50.00 -0.00098871
-145.00 -50.00 -0.00144951
-140.00 -50.00 -0.00192621
-135.00 -50.00 -0.00203007
-130.00 -50.00 -0.00172377
-125.00 -50.00 -0.00140325
-120.00 -50.00 -0.00151557
-115.00 -50.00 -0.00209112
-110.00 -50.00 -0.0027123
-105.00 -50.00 -0.00294684
-100.00 -50.00 -0.00273543
-95.00 -50.00 -0.00231885
-90.00 -50.00 -0.00188235
-85.00 -50.00 -0.00139593
-80.00 -50.00 -0.00078759
-75.00 -50.00 -0.00012897
-70.00 -50.00 0.00043179
-65.00 -50.00 0.00084885
-60.00 -50.00 0.00119055
-55.00 -50.00 0.0014871
-50.00 -50.00 0.00164667
-45.00 -50.00 0.00154974
-40.00 -50.00 0.00119592
-35.00 -50.00 0.00074946
-30.00 -50.00 0.00045126
-25.00 -50.00 0.00044529
-20.00 -50.00 0.00061761
-15.00 -50.00 0.00060951
-10.00 -50.00 9.474e-05
-5.00 -50.00 -0.00087162
0.00 -50.00 -0.00180936
5.00 -50.00 -0.00219981
10.00 -50.00 -0.00194247
15.00 -50.00 -0.00140028
20.00 -50.00 -0.00099996
25.00 -50.00 -0.00084894
30.00 -50.00 -0.00077709
35.00 -50.00 -0.00068676
40.00 -50.00 -0.00074091
45.00 -50.00 -0.00114411
50.00 -50.00 -0.00178557
55.00 -50.00 -0.00220383
60.00 -50.00 -0.00197778
65.00 -50.00 -0.00115059
70.00 -50.00 -0.00022515
75.00 -50.00 0.00027801
80.00 -50.00 0.00024597
85.00 -50.00 -2.325e-05
90.00 -50.00 -0.00015897
95.00 -50.00 9.42e-06
100.00 -50.00 0.00045996
105.00 -50.00 0.00109065
110.00 -50.00 0.0017109
115.00 -50.00 0.00199245
120.00 -50.00 0.00161805
125.00 -50.00 0.00060045
130.00 -50.00 -0.00058209
135.00 -50.00 -0.00127629
140.00 -50.00 -0.00114807
145.00 -50.00 -0.00041379
150.00 -50.00 0.00037587
155.00 -50.00 0.00073572
160.00 -50.00 0.00047661
165.00 -50.00 -0.00030861
170.00 -50.00 -0.00135129
175.00 -50.00 -0.00230802
180.00 -50.00 -0.00287913
-180.00 -45.00 -0.00169902
-175.00 -45.00 -0.00196854
-170.00 -45.00 -0.00188412
-165.00 -45.00 -0.00173397
-160.00 -45.00 -0.00163686
-155.00 -45.00 -0.00156594
-150.00 -45.00 -0.00155706
-145.00 -45.00 -0.0016686
-140.00 -45.00 -0.00177291
-135.00 -45.00 -0.00163773
-130.00 -45.00 -0.00131985
-125.00 -45.00 -0.00128223
-120.00 -45.00 -0.00189306
-115.00 -45.00 -0.00285741
-110.00 -45.00 -0.00339711
-105.00 -45.00 -0.00308985
-100.00 -45.00 -0.00233919
-95.00 -45.00 -0.00184329
-90.00 -45.00 -0.00174498
-85.00 -45.00 -0.00157518
-80.00 -45.00 -0.00099669
-75.00 -45.00 -0.00027894
-70.00 -45.00 0.00010041
-65.00 -45.00 8.019e-05
-60.00 -45.00 1.713e-05
-55.00 -45.00 0.00019092
-50.00 -45.00 0.00053406
-45.00 -45.00 0.0008058
-40.00 -45.00 0.00083841
-35.00 -45.00 0.00062994
-30.00 -45.00 0.00037542
-25.00 -45.00 0.00039498
-20.00 -45.00 0.0008079
-15.00 -45.00 0.00121494
-10.00 -45.00 0.00093138
-5.00 -45.00 -0.0002721
0.00 -45.00 -0.00176052
5.00 -45.00 -0.00256023
10.00 -45.00 -0.00229839
15.00 -45.00 -0.00149775
20.00 -45.00 -0.00094461
25.00 -45.00 -0.0009153
30.00 -45.00 -0.00109668
35.00 -45.00 -0.00113625
40.00 -45.00 -0.00108267
45.00 -45.00 -0.00123705
50.00 -45.00 -0.0016812
55.00 -45.00 -0.00209349
60.00 -45.00 -0.00207966
65.00 -45.00 -0.0016191
70.00 -45.00 -0.00108213
75.00 -45.00 -0.00079851
80.00 -45.00 -0.0007257
85.00 -45.00 -0.00063156
90.00 -45.00 -0.00049677
95.00 -45.00 -0.0005259
100.00 -45.00 -0.00073005
105.00 -45.00 -0.0007293
110.00 -45.00 -0.00018519
115.00 -45.00 0.00064086
120.00 -45.00 0.00100347
125.00 -45.00 0.00044376
130.00 -45.00 -0.00068331
135.00 -45.00 -0.00155724
140.00 -45.00 -0.00167982
145.00 -45.00 -0.00119346
150.00 -45.00 -0.00051333
155.00 -45.00 9.543e-05
160.00 -45.00 0.00049542
165.00 -45.00 0.0004869
170.00 -45.00 -6.933e-05
175.00 -45.00 -0.00096132
180.00 -45.00 -0.00169902
-180.00 -40.00 -9.231e-05
-175.00 -40.00 -0.00064689
-170.00 -40.00 -0.00080319
-165.00 -40.00 -0.00111855
-160.00 -40.00 -0.00163908
-155.00 -40.00 -0.00193518
-150.00 -40.00 -0.00180567
-145.00 -40.00 -0.00149478
-140.00 -40.00 -0.00123387
-135.00 -40.00 -0.00098205
-130.00 -40.00 -0.00077304
-125.00 -40.00 -0.0009753
-120.00 -40.00 -0.00183096
-115.00 -40.00 -0.00283611
-110.00 -40.00 -0.00304407
-105.00 -40.00 -0.00219312
-100.00 -40.00 -0.00117582
-95.00 -40.00 -0.00098499
-90.00 -40.00 -0.00140592
-85.00 -40.00 -0.00130503
-80.00 -40.00 -0.00021234
-75.00 -40.00 0.00099135
-70.00 -40.00 0.00120393
-65.00 -40.00 0.00040272
-60.00 -40.00 -0.00055794
-55.00 -40.00 -0.00102873
-50.00 -40.00 -0.00096138
-45.00 -40.00 -0.0005349
-40.00 -40.00 9.81e-06
-35.00 -40.00 0.00025914
-30.00 -40.00 -6.438e-05
-25.00 -40.00 -0.00060567
-20.00 -40.00 -0.00067773
-15.00 -40.00 -0.00021639
-10.00 -40.00 8.34e-06
-5.00 -40.00 -0.00058659
0.00 -40.00 -0.00150621
5.00 -40.00 -0.00170076
10.00 -40.00 -0.00084477
15.00 -40.00 0.00027147
20.00 -40.00 0.00063813
25.00 -40.00 3.219e-05
30.00 -40.00 -0.00095004
35.00 -40.00 -0.00163485
40.00 -40.00 -0.00186636
45.00 -40.00 -0.00195144
50.00 -40.00 -0.00219636
55.00 -40.00 -0.00257196
60.00 -40.00 -0.00280863
65.00 -40.00 -0.00274611
70.00 -40.00 -0.00247761
75.00 -40.00 -0.00211209
80.00 -40.00 -0.00156453
85.00 -40.00 -0.00079656
90.00 -40.00 -0.00017703
95.00 -40.00 -0.00024417
100.00 -40.00 -0.00096138
105.00 -40.00 -0.00150594
110.00 -40.00 -0.00111606
115.00 -40.00 -4.308e-05
120.00 -40.00 0.00066735
125.00 -40.00 0.00037272
130.00 -40.00 -0.00048801
135.00 -40.00 -0.0010524
140.00 -40.00 -0.00107706
145.00 -40.00 -0.00096828
150.00 -40.00 -0.00089994
155.00 -40.00 -0.00044196
160.00 -40.00 0.00066867
165.00 -40.00 0.0017931
170.00 -40.00 0.00195156
175.00 -40.00 0.00102732
180.00 -40.00 -9.228e-05
-180.00 -35.00 0.0004761
-175.00 -35.00 -0.00032769
-170.00 -35.00 -0.00047295
-165.00 -35.00 -0.00079827
-160.00 -35.00 -0.00140844
-155.00 -35.00 -0.00169419
-150.00 -35.00 -0.00140964
-145.00 -35.00 -0.00099741
-140.00 -35.00 -0.00088716
-135.00 -35.00 -0.00100956
-130.00 -35.00 -0.00114447
-125.00 -35.00 -0.00138117
-120.00 -35.00 -0.00188838
-115.00 -35.00 -0.00232527
-110.00 -35.00 -0.00197343
-105.00 -35.00 -0.00076803
-100.00 -35.00 0.00021372
-95.00 -35.00 -4.236e-05
-90.00 -35.00 -0.00096108
-85.00 -35.00 -0.00091644
-80.00 -35.00 0.00057726
-75.00 -35.00 0.00212313
-70.00 -35.00 0.00227226
-65.00 -35.00 0.00122346
-60.00 -35.00 0.00011244
-55.00 -35.00 -0.0005544
-50.00 -35.00 -0.00090441
-45.00 -35.00 -0.0008121
-40.00 -35.00 -0.00011325
-35.00 -35.00 0.00058374
-30.00 -35.00 0.00038397
-25.00 -35.00 -0.00057684
-20.00 -35.00 -0.00121611
-15.00 -35.00 -0.00104748
-10.00 -35.00 -0.00079029
-5.00 -35.00 -0.00111519
0.00 -35.00 -0.00153114
5.00 -35.00 -0.00110181
10.00 -35.00 0.00015534
15.00 -35.00 0.00119901
20.00 -35.00 0.0011685
25.00 -35.00 0.00019155
30.00 -35.00 -0.00099075
35.00 -35.00 -0.00180387
40.00 -35.00 -0.00215409
45.00 -35.00 -0.00228123
50.00 -35.00 -0.00248541
55.00 -35.00 -0.00285132
60.00 -35.00 -0.00312723
65.00 -35.00 -0.00298026
70.00 -35.00 -0.00239469
75.00 -35.00 -0.00165303
80.00 -35.00 -0.000939
85.00 -35.00 -0.00025014
90.00 -35.00 0.00025143
95.00 -35.00 0.00021054
100.00 -35.00 -0.00035346
105.00 -35.00 -0.00080037
110.00 -35.00 -0.00058374
115.00 -35.00 -2.286e-05
120.00 -35.00 8.223e-05
125.00 -35.00 -0.00041499
130.00 -35.00 -0.00072579
135.00 -35.00 -0.00022227
140.00 -35.00 0.00053865
145.00 -35.00 0.00043686
150.00 -35.00 -0.00055518
155.00 -35.00 -0.0010044
160.00 -35.00 0.00020868
165.00 -35.00 0.00221706
170.00 -35.00 0.00305397
175.00 -35.00 0.002052
180.00 -35.00 0.00047613
-180.00 -30.00 -0.00023172
-175.00 -30.00 -0.00107496
-170.00 -30.00 -0.00106644
-165.00 -30.00 -0.00103959
-160.00 -30.00 -0.00118482
-155.00 -30.00 -0.0011475
-150.00 -30.00 -0.0009615
-145.00 -30.00 -0.00102807
-140.00 -30.00 -0.00145269
-135.00 -30.00 -0.00191829
-130.00 -30.00 -0.00209043
-125.00 -30.00 -0.00193638
-120.00 -30.00 -0.00169506
-115.00 -30.00 -0.00149838
-110.00 -30.00 -0.0010863
-105.00 -30.00 -0.00027849
-100.00 -30.00 0.00034311
-95.00 -30.00 1.11e-06
-90.00 -30.00 -0.00089862
-85.00 -30.00 -0.00096822
-80.00 -30.00 0.00019296
-75.00 -30.00 0.00132264
-70.00 -30.00 0.0013725
-65.00 -30.00 0.00090864
-60.00 -30.00 0.00082623
-55.00 -30.00 0.00082905
-50.00 -30.00 0.000315
-45.00 -30.00 -0.00019689
-40.00 -30.00 0.00012963
-35.00 -30.00 0.00087096
-30.00 -30.00 0.00093822
-25.00 -30.00 0.00034785
-20.00 -30.00 5.127e-05
-15.00 -30.00 0.00018027
-10.00 -30.00 -0.00017769
-5.00 -30.00 -0.00129198
0.00 -30.00 -0.00208797
5.00 -30.00 -0.00163203
10.00 -30.00 -0.00046647
15.00 -30.00 0.00015039
20.00 -30.00 -0.00019194
25.00 -30.00 -0.000861
30.00 -30.00 -0.00124023
35.00 -30.00 -0.00135147
40.00 -30.00 -0.00147312
45.00 -30.00 -0.00169932
50.00 -30.00 -0.0020136
55.00 -30.00 -0.00235305
60.00 -30.00 -0.00239985
65.00 -30.00 -0.00173703
70.00 -30.00 -0.00050862
75.00 -30.00 0.00045129
80.00 -30.00 0.00051234
85.00 -30.00 -2.43e-05
90.00 -30.00 -0.00041862
95.00 -30.00 -0.00039237
100.00 -30.00 -0.0001815
105.00 -30.00 -2.223e-05
110.00 -30.00 -3.576e-05
115.00 -30.00 -0.00040275
120.00 -30.00 -0.00114981
125.00 -30.00 -0.00175239
130.00 -30.00 -0.00137727
135.00 -30.00 0.00014625
140.00 -30.00 0.00167922
145.00 -30.00 0.00161646
150.00 -30.00 -0.00019956
155.00 -30.00 -0.0018267
160.00 -30.00 -0.00129684
165.00 -30.00 0.00085491
170.00 -30.00 0.0021747
175.00 -30.00 0.00140235
180.00 -30.00 -0.00023169
-180.00 -25.00 -0.00067467
-175.00 -25.00 -0.00138516
-170.00 -25.00 -0.0013686
-165.00 -25.00 -0.00110547
-160.00 -25.00 -0.00080394
-155.00 -25.00 -0.00068511
-150.00 -25.00 -0.00118854
-145.00 -25.00 -0.00220755
-140.00 -25.00 -0.0029685
-135.00 -25.00 -0.00299628
-130.00 -25.00 -0.00246276
-125.00 -25.00 -0.00164604
-120.00 -25.00 -0.00085044
-115.00 -25.00 -0.00057987
-110.00 -25.00 -0.00095277
-105.00 -25.00 -0.00133299
-100.00 -25.00 -0.00124803
-95.00 -25.00 -0.00105507
-90.00 -25.00 -0.00105333
-85.00 -25.00 -0.00082329
-80.00 -25.00 -0.00017046
-75.00 -25.00 0.0002964
-70.00 -25.00 0.00031233
-65.00 -25.00 0.0005703
-60.00 -25.00 0.00134742
-55.00 -25.00 0.00170466
-50.00 -25.00 0.00102564
-45.00 -25.00 0.00018891
-40.00 -25.00 0.00014667
-35.00 -25.00 0.00046467
-30.00 -25.00 0.00043074
-25.00 -25.00 0.00050247
-20.00 -25.00 0.00125661
-15.00 -25.00 0.00179367
-10.00 -25.00 0.0007953
-5.00 -25.00 -0.00125571
0.00 -25.00 -0.00242253
5.00 -25.00 -0.00185409
10.00 -25.00 -0.00074112
15.00 -25.00 -0.00051987
20.00 -25.00 -0.00111762
25.00 -25.00 -0.00146838
30.00 -25.00 -0.00112104
35.00 -25.00 -0.00064788
40.00 -25.00 -0.00065103
45.00 -25.00 -0.00103977
50.00 -25.00 -0.00143697
55.00 -25.00 -0.0016869
60.00 -25.00 -0.00158901
65.00 -25.00 -0.00073818
70.00 -25.00 0.00071949
75.00 -25.00 0.00164955
80.00 -25.00 0.00107253
85.00 -25.00 -0.00048648
90.00 -25.00 -0.00152256
95.00 -25.00 -0.00127875
100.00 -25.00 -0.00036321
105.00 -25.00 0.00018747
110.00 -25.00 -6.804e-05
115.00 -25.00 -0.00080385
120.00 -25.00 -0.00138483
125.00 -25.00 -0.00140283
130.00 -25.00 -0.00081102
135.00 -25.00 0.0002523
140.00 -25.00 0.00130062
145.00 -25.00 0.00130515
150.00 -25.00 -0.00032262
155.00 -25.00 -0.00236196
160.00 -25.00 -0.00267882
165.00 -25.00 -0.00098799
170.00 -25.00 0.00061683
175.00 -25.00 0.0004857
180.00 -25.00 -0.00067467
-180.00 -20.00 -0.00023319
-175.00 -20.00 -0.0009039
-170.00 -20.00 -0.00106908
-165.00 -20.00 -0.00082752
-160.00 -20.00 -0.00040557
-155.00 -20.00 -0.00055506
-150.00 -20.00 -0.00193236
-145.00 -20.00 -0.00370185
-140.00 -20.00 -0.00422895
-135.00 -20.00 -0.00322773
-130.00 -20.00 -0.00179376
-125.00 -20.00 -0.00063483
-120.00 -20.00 0.00017544
-115.00 -20.00 0.00020667
-110.00 -20.00 -0.00086925
-105.00 -20.00 -0.00220479
-100.00 -20.00 -0.00258645
-95.00 -20.00 -0.00194109
-90.00 -20.00 -0.00101616
-85.00 -20.00 -0.00019761
-80.00 -20.00 0.00048672
-75.00 -20.00 0.00094584
-70.00 -20.00 0.00131544
-65.00 -20.00 0.00186213
-60.00 -20.00 0.00218124
-55.00 -20.00 0.00153429
-50.00 -20.00 0.00027615
-45.00 -20.00 -0.00035289
-40.00 -20.00 -0.00016131
-35.00 -20.00 -0.0002142
-30.00 -20.00 -0.0007095
-25.00 -20.00 -0.00041334
-20.00 -20.00 0.00100323
-15.00 -20.00 0.00180852
-10.00 -20.00 0.00061911
-5.00 -20.00 -0.00136803
0.00 -20.00 -0.00192933
5.00 -20.00 -0.00075099
10.00 -20.00 0.00045819
15.00 -20.00 0.00034128
20.00 -20.00 -0.00069132
25.00 -20.00 -0.00137766
30.00 -20.00 -0.00120831
35.00 -20.00 -0.00079071
40.00 -20.00 -0.00080886
45.00 -20.00 -0.00111771
50.00 -20.00 -0.00123009
55.00 -20.00 -0.0012246
60.00 -20.00 -0.00138054
65.00 -20.00 -0.0012915
70.00 -20.00 -0.00044835
75.00 -20.00 0.00051075
80.00 -20.00 0.00038445
85.00 -20.00 -0.0007776
90.00 -20.00 -0.00161841
95.00 -20.00 -0.00131166
100.00 -20.00 -0.00047847
105.00 -20.00 -0.00014055
110.00 -20.00 -0.00044784
115.00 -20.00 -0.0006384
120.00 -20.00 -6.813e-05
125.00 -20.00 0.00083817
130.00 -20.00 0.0010572
135.00 -20.00 0.00050481
140.00 -20.00 0.00015579
145.00 -20.00 0.00019359
150.00 -20.00 -0.00050019
155.00 -20.00 -0.00211665
160.00 -20.00 -0.00290955
165.00 -20.00 -0.00174321
170.00 -20.00 -2.01e-06
175.00 -20.00 0.0004641
180.00 -20.00 -0.00023319
-180.00 -15.00 -0.00028569
-175.00 -15.00 -0.00099516
-170.00 -15.00 -0.00118782
-165.00 -15.00 -0.00091692
-160.00 -15.00 -0.00050886
-155.00 -15.00 -0.0008286
-150.00 -15.00 -0.00239157
-145.00 -15.00 -0.0040125
-140.00 -15.00 -0.00397179
-135.00 -15.00 -0.00238656
-130.00 -15.00 -0.00080298
-125.00 -15.00 7.32e-05
-120.00 -15.00 0.0005664
-115.00 -15.00 0.00061572
-110.00 -15.00 -0.00012492
-105.00 -15.00 -0.00123768
-100.00 -15.00 -0.00189168
-95.00 -15.00 -0.00182556
-90.00 -15.00 -0.00122946
-85.00 -15.00 -0.00026655
-80.00 -15.00 0.00083649
-75.00 -15.00 0.00186306
-70.00 -15.00 0.00283044
-65.00 -15.00 0.00345438
-60.00 -15.00 0.00284793
-55.00 -15.00 0.00082905
-50.00 -15.00 -0.00108333
-45.00 -15.00 -0.0013872
-40.00 -15.00 -0.00074427
-35.00 -15.00 -0.00081141
-30.00 -15.00 -0.00147672
-25.00 -15.00 -0.00120498
-20.00 -15.00 8.367e-05
-15.00 -15.00 0.00062052
-10.00 -15.00 -0.00039456
-5.00 -15.00 -0.00147684
0.00 -15.00 -0.00105108
5.00 -15.00 0.00045399
10.00 -15.00 0.00141387
15.00 -15.00 0.00093603
20.00 -15.00 -0.00051969
25.00 -15.00 -0.00180567
30.00 -15.00 -0.00214587
35.00 -15.00 -0.00182043
40.00 -15.00 -0.00158562
45.00 -15.00 -0.00145317
50.00 -15.00 -0.00093699
55.00 -15.00 -0.00046194
60.00 -15.00 -0.00102732
65.00 -15.00 -0.00225657
70.00 -15.00 -0.0025239
75.00 -15.00 -0.00143148
80.00 -15.00 -0.00042648
85.00 -15.00 -0.00051789
90.00 -15.00 -0.00103107
95.00 -15.00 -0.00106752
100.00 -15.00 -0.00075657
105.00 -15.00 -0.00059922
110.00 -15.00 -0.0005475
115.00 -15.00 -0.00010518
120.00 -15.00 0.0009483
125.00 -15.00 0.0019554
130.00 -15.00 0.00186048
135.00 -15.00 0.00074436
140.00 -15.00 6.63e-06
145.00 -15.00 0.0001632
150.00 -15.00 -0.00015582
155.00 -15.00 -0.0017013
160.00 -15.00 -0.0028266
165.00 -15.00 -0.00197409
170.00 -15.00 -0.0002475
175.00 -15.00 0.00035403
180.00 -15.00 -0.00028569
-180.00 -10.00 -0.00143658
-175.00 -10.00 -0.0018513
-170.00 -10.00 -0.00171543
-165.00 -10.00 -0.001272
-160.00 -10.00 -0.00092337
-155.00 -10.00 -0.00118731
-150.00 -10.00 -0.00215358
-145.00 -10.00 -0.00291969
-140.00 -10.00 -0.0025944
-135.00 -10.00 -0.00152787
-130.00 -10.00 -0.00063597
-125.00 -10.00 -0.00016341
-120.00 -10.00 0.00011568
-115.00 -10.00 0.00028506
-110.00 -10.00 0.00038661
-105.00 -10.00 0.00032946
-100.00 -10.00 -0.00030684
-95.00 -10.00 -0.00145521
-90.00 -10.00 -0.00199611
-85.00 -10.00 -0.00110121
-80.00 -10.00 0.00054957
-75.00 -10.00 0.00191949
-70.00 -10.00 0.00291216
-65.00 -10.00 0.00346134
-60.00 -10.00 0.00275166
-55.00 -10.00 0.0007029
-50.00 -10.00 -0.00110829
-45.00 -10.00 -0.00142413
-40.00 -10.00 -0.0010242
-35.00 -10.00 -0.00116772
-30.00 -10.00 -0.001521
-25.00 -10.00 -0.00109359
-20.00 -10.00 -0.00024321
-15.00 -10.00 -0.00014067
-10.00 -10.00 -0.00079959
-5.00 -10.00 -0.00109998
0.00 -10.00 -0.00050418
5.00 -10.00 0.00040365
10.00 -10.00 0.00083268
15.00 -10.00 0.00035019
20.00 -10.00 -0.00100944
25.00 -10.00 -0.00244134
30.00 -10.00 -0.00286179
35.00 -10.00 -0.00230061
40.00 -10.00 -0.00178506
45.00 -10.00 -0.00147729
50.00 -10.00 -0.00058851
55.00 -10.00 0.00043902
60.00 -10.00 -5.766e-05
65.00 -10.00 -0.00199452
70.00 -10.00 -0.00302991
75.00 -10.00 -0.0020121
80.00 -10.00 -0.00058443
85.00 -10.00 -0.00040098
90.00 -10.00 -0.00096243
95.00 -10.00 -0.00107649
100.00 -10.00 -0.00054174
105.00 -10.00 0.00027969
110.00 -10.00 0.00107982
115.00 -10.00 0.00148341
120.00 -10.00 0.00131319
125.00 -10.00 0.00090222
130.00 -10.00 0.00065007
135.00 -10.00 0.00071751
140.00 -10.00 0.00111945
145.00 -10.00 0.00130866
150.00 -10.00 0.00023178
155.00 -10.00 -0.00201957
160.00 -10.00 -0.00353298
165.00 -10.00 -0.002961
170.00 -10.00 -0.00147558
175.00 -10.00 -0.00094419
180.00 -10.00 -0.00143655
-180.00 -5.00 -0.00200757
-175.00 -5.00 -0.0018144
-170.00 -5.00 -0.00148791
-165.00 -5.00 -0.00110565
-160.00 -5.00 -0.0009795
-155.00 -5.00 -0.0012828
-150.00 -5.00 -0.00167136
-145.00 -5.00 -0.00173172
-140.00 -5.00 -0.00167007
-135.00 -5.00 -0.00176931
-130.00 -5.00 -0.00162744
-125.00 -5.00 -0.00100722
-120.00 -5.00 -0.00059952
-115.00 -5.00 -0.00069171
-110.00 -5.00 -0.00039552
-105.00 -5.00 0.00040425
-100.00 -5.00 0.00019014
-95.00 -5.00 -0.00143346
-90.00 -5.00 -0.00228117
-85.00 -5.00 -0.0007599
-80.00 -5.00 0.00163884
-75.00 -5.00 0.00279288
-70.00 -5.00 0.00276075
-65.00 -5.00 0.00254574
-60.00 -5.00 0.00213768
-55.00 -5.00 0.00128523
-50.00 -5.00 0.00048513
-45.00 -5.00 4.857e-05
-40.00 -5.00 -0.00042393
-35.00 -5.00 -0.00098322
-30.00 -5.00 -0.00104511
-25.00 -5.00 -0.00053595
-20.00 -5.00 -0.00014373
-15.00 -5.00 -0.00020595
-10.00 -5.00 -0.00037374
-5.00 -5.00 -0.0004557
0.00 -5.00 -0.0006096
5.00 -5.00 -0.00068025
10.00 -5.00 -0.00039363
15.00 -5.00 -0.00024333
20.00 -5.00 -0.00098268
25.00 -5.00 -0.00211809
30.00 -5.00 -0.00234576
35.00 -5.00 -0.00169677
40.00 -5.00 -0.00146523
45.00 -5.00 -0.00169062
50.00 -5.00 -0.00098916
55.00 -5.00 0.00052743
60.00 -5.00 0.00084966
65.00 -5.00 -0.00049497
70.00 -5.00 -0.00143226
75.00 -5.00 -0.00084822
80.00 -5.00 -0.00023808
85.00 -5.00 -0.00072252
90.00 -5.00 -0.0011805
95.00 -5.00 -0.00042519
100.00 -5.00 0.00118068
105.00 -5.00 0.00293025
110.00 -5.00 0.00437628
115.00 -5.00 0.00455427
120.00 -5.00 0.00278421
125.00 -5.00 0.00030891
130.00 -5.00 -0.00071184
135.00 -5.00 0.00018633
140.00 -5.00 0.00142542
145.00 -5.00 0.00133533
150.00 -5.00 -0.00038802
155.00 -5.00 -0.00269427
160.00 -5.00 -0.0041061
165.00 -5.00 -0.00399762
170.00 -5.00 -0.00306252
175.00 -5.00 -0.00231345
180.00 -5.00 -0.00200757
-180.00 0.00 -0.00071157
-175.00 0.00 -0.00036297
-170.00 0.00 -0.00060951
-165.00 0.00 -0.00066933
-160.00 0.00 -0.00074649
-155.00 0.00 -0.00124944
-150.00 0.00 -0.00163065
-145.00 0.00 -0.00154209
-140.00 0.00 -0.00183339
-135.00 0.00 -0.00274608
-130.00 0.00 -0.00286758
-125.00 0.00 -0.00167862
-120.00 0.00 -0.00090672
-115.00 0.00 -0.00143556
-110.00 0.00 -0.0015954
-105.00 0.00 -0.00053565
-100.00 0.00 -0.0001005
-95.00 0.00 -0.00113241
-90.00 0.00 -0.00127914
-85.00 0.00 0.00111648
-80.00 0.00 0.00401649
-75.00 0.00 0.00475959
-70.00 0.00 0.00351078
-65.00 0.00 0.00202365
-60.00 0.00 0.0012396
-55.00 0.00 0.00119073
-50.00 0.00 0.00144573
-45.00 0.00 0.00118137
-40.00 0.00 0.00015255
-35.00 0.00 -0.00070644
-30.00 0.00 -0.00070659
-25.00 0.00 -0.00047049
-20.00 0.00 -0.00059499
-15.00 0.00 -0.00060744
-10.00 0.00 -0.00026421
-5.00 0.00 -0.00038652
0.00 0.00 -0.00130467
5.00 0.00 -0.00187464
10.00 0.00 -0.00122769
15.00 0.00 -0.00032139
20.00 0.00 -0.00046926
25.00 0.00 -0.00125754
30.00 0.00 -0.00141834
35.00 0.00 -0.00112365
40.00 0.00 -0.00154464
45.00 0.00 -0.00235254
50.00 0.00 -0.00187794
55.00 0.00 -3.777e-05
60.00 0.00 0.00126234
65.00 0.00 0.00118731
70.00 0.00 0.00092016
75.00 0.00 0.00096621
80.00 0.00 0.00033996
85.00 0.00 -0.00080754
90.00 0.00 -0.00069483
95.00 0.00 0.0011313
100.00 0.00 0.00313113
105.00 0.00 0.00453816
110.00 0.00 0.00587892
115.00 0.00 0.00650922
120.00 0.00 0.0048291
125.00 0.00 0.00143526
130.00 0.00 -0.00088182
135.00 0.00 -0.00089865
140.00 0.00 -0.00027531
145.00 0.00 -0.00065727
150.00 0.00 -0.00167613
155.00 0.00 -0.00241506
160.00 0.00 -0.00292551
165.00 0.00 -0.00338403
170.00 0.00 -0.00318492
175.00 0.00 -0.00198726
180.00 0.00 -0.00071157
-180.00 5.00 0.00105291
-175.00 5.00 0.00078747
-170.00 5.00 -0.00037344
-165.00 5.00 -0.00069423
-160.00 5.00 -0.00060141
-155.00 5.00 -0.00126345
-150.00 5.00 -0.00206454
-145.00 5.00 -0.00212517
-140.00 5.00 -0.00231561
-135.00 5.00 -0.00318852
-130.00 5.00 -0.00324873
-125.00 5.00 -0.00178707
-120.00 5.00 -0.00073503
-115.00 5.00 -0.00128055
-110.00 5.00 -0.00167586
-105.00 5.00 -0.00068739
-100.00 5.00 0.00012552
-95.00 5.00 -0.00023055
-90.00 5.00 2.334e-05
-85.00 5.00 0.00216531
-80.00 5.00 0.00453657
-75.00 5.00 0.00507009
-70.00 5.00 0.00377466
-65.00 5.00 0.00182736
-60.00 5.00 0.00031377
-55.00 5.00 -1.677e-05
-50.00 5.00 0.00049929
-45.00 5.00 0.00047685
-40.00 5.00 -0.00049428
-35.00 5.00 -0.00119766
-30.00 5.00 -0.00105912
-25.00 5.00 -0.00104262
-20.00 5.00 -0.00148128
-15.00 5.00 -0.00139746
-10.00 5.00 -0.0007452
-5.00 5.00 -0.00086655
0.00 5.00 -0.00196785
5.00 5.00 -0.00245628
10.00 5.00 -0.00152565
15.00 5.00 -0.0003921
20.00 5.00 -0.00024117
25.00 5.00 -0.00063918
30.00 5.00 -0.00079113
35.00 5.00 -0.00100821
40.00 5.00 -0.00182514
45.00 5.00 -0.00252108
50.00 5.00 -0.00187557
55.00 5.00 -9.603e-05
60.00 5.00 0.00140298
65.00 5.00 0.00204606
70.00 5.00 0.00233787
75.00 5.00 0.0021693
80.00 5.00 0.00099162
85.00 5.00 -0.0002205
90.00 5.00 0.00030126
95.00 5.00 0.00210501
100.00 5.00 0.00296058
105.00 5.00 0.00263562
110.00 5.00 0.00313173
115.00 5.00 0.00464562
120.00 5.00 0.00469176
125.00 5.00 0.0022356
130.00 5.00 -0.0004998
135.00 5.00 -0.0015669
140.00 5.00 -0.00172272
145.00 5.00 -0.00205401
150.00 5.00 -0.00196734
155.00 5.00 -0.00110904
160.00 5.00 -0.00077757
165.00 5.00 -0.00158484
170.00 5.00 -0.00187488
175.00 5.00 -0.00045753
180.00 5.00 0.00105291
-180.00 10.00 0.00106815
-175.00 10.00 0.00029664
-170.00 10.00 -0.00090759
-165.00 10.00 -0.00078453
-160.00 10.00 -0.00030204
-155.00 10.00 -0.00112053
-150.00 10.00 -0.00243057
-145.00 10.00 -0.00270042
-140.00 10.00 -0.00250572
-135.00 10.00 -0.00283575
-130.00 10.00 -0.00278481
-125.00 10.00 -0.00156363
-120.00 10.00 -0.00048876
-115.00 10.00 -0.00060705
-110.00 10.00 -0.00076842
-105.00 10.00 -2.742e-05
-100.00 10.00 0.00061236
-95.00 10.00 0.00044631
-90.00 10.00 0.00048147
-85.00 10.00 0.00140598
-80.00 10.00 0.00246585
-75.00 10.00 0.00294078
-70.00 10.00 0.00273141
-65.00 10.00 0.00168279
-60.00 10.00 0.0001347
-55.00 10.00 -0.00071967
-50.00 10.00 -0.00056994
-45.00 10.00 -0.00064659
-40.00 10.00 -0.00146334
-35.00 10.00 -0.00191271
-30.00 10.00 -0.00154545
-25.00 10.00 -0.00136191
-20.00 10.00 -0.00161568
-15.00 10.00 -0.00137319
-10.00 10.00 -0.00073533
-5.00 10.00 -0.00093153
0.00 10.00 -0.00190176
5.00 10.00 -0.0021801
10.00 10.00 -0.0013218
15.00 10.00 -0.00036657
20.00 10.00 4.578e-05
25.00 10.00 0.00020586
30.00 10.00 0.00014046
35.00 10.00 -0.00051912
40.00 10.00 -0.00146067
45.00 10.00 -0.00168633
50.00 10.00 -0.0007992
55.00 10.00 0.00045606
60.00 10.00 0.00123801
65.00 10.00 0.00163308
70.00 10.00 0.00207174
75.00 10.00 0.00221016
80.00 10.00 0.00150573
85.00 10.00 0.00066837
90.00 10.00 0.00090582
95.00 10.00 0.0016446
100.00 10.00 0.00108189
105.00 10.00 -0.0005754
110.00 10.00 -0.00089664
115.00 10.00 0.00086547
120.00 10.00 0.00227844
125.00 10.00 0.00147156
130.00 10.00 -0.00017259
135.00 10.00 -0.00069633
140.00 10.00 -0.0005061
145.00 10.00 -0.00073824
150.00 10.00 -0.00092991
155.00 10.00 -0.0004377
160.00 10.00 -0.00019197
165.00 10.00 -0.00084984
170.00 10.00 -0.00107406
175.00 10.00 9.63e-05
180.00 10.00 0.00106815
-180.00 15.00 -0.0006162
-175.00 15.00 -0.00099249
-170.00 15.00 -0.00112638
-165.00 15.00 -0.00030063
-160.00 15.00 0.00023886
-155.00 15.00 -0.00075585
-150.00 15.00 -0.00227463
-145.00 15.00 -0.0027612
-140.00 15.00 -0.00253329
-135.00 15.00 -0.00253614
-130.00 15.00 -0.00236376
-125.00 15.00 -0.0014268
-120.00 15.00 -0.00044421
-115.00 15.00 -0.00013803
-110.00 15.00 -3.261e-05
-105.00 15.00 0.00029904
-100.00 15.00 0.00045582
-95.00 15.00 0.00035754
-90.00 15.00 0.00048903
-85.00 15.00 0.00078789
-80.00 15.00 0.00088581
-75.00 15.00 0.00108942
-70.00 15.00 0.00158169
-65.00 15.00 0.00155379
-60.00 15.00 0.00061878
-55.00 15.00 -0.00022185
-50.00 15.00 -0.00033636
-45.00 15.00 -0.00052422
-40.00 15.00 -0.00123174
-35.00 15.00 -0.00163173
-30.00 15.00 -0.00134544
-25.00 15.00 -0.0010716
-20.00 15.00 -0.00098199
-15.00 15.00 -0.00054495
-10.00 15.00 -0.00010488
-5.00 15.00 -0.00055317
0.00 15.00 -0.00149619
5.00 15.00 -0.00168138
10.00 15.00 -0.00094845
15.00 15.00 -9.267e-05
20.00 15.00 0.00060639
25.00 15.00 0.00120249
30.00 15.00 0.00119487
35.00 15.00 0.000255
40.00 15.00 -0.00078489
45.00 15.00 -0.00082953
50.00 15.00 3.234e-05
55.00 15.00 0.0007785
60.00 15.00 0.00084399
65.00 15.00 0.00068607
70.00 15.00 0.00098097
75.00 15.00 0.0016035
80.00 15.00 0.00179922
85.00 15.00 0.00137613
90.00 15.00 0.00097146
95.00 15.00 0.00076161
100.00 15.00 -8.82e-06
105.00 15.00 -0.00141258
110.00 15.00 -0.00204069
115.00 15.00 -0.00105387
120.00 15.00 0.00025488
125.00 15.00 0.00045744
130.00 15.00 0.0002475
135.00 15.00 0.00091266
140.00 15.00 0.00179442
145.00 15.00 0.00136179
150.00 15.00 -0.00013701
155.00 15.00 -0.00119943
160.00 15.00 -0.00145899
165.00 15.00 -0.00156369
170.00 15.00 -0.00149016
175.00 15.00 -0.00095178
180.00 15.00 -0.0006162
-180.00 20.00 -0.00179973
-175.00 20.00 -0.00139623
-170.00 20.00 -0.00058986
-165.00 20.00 0.00026181
-160.00 20.00 0.00040542
-155.00 20.00 -0.00040278
-150.00 20.00 -0.00141315
-145.00 20.00 -0.00196053
-140.00 20.00 -0.00226002
-135.00 20.00 -0.00251958
-130.00 20.00 -0.00230466
-125.00 20.00 -0.00145644
-120.00 20.00 -0.00057942
-115.00 20.00 -9.459e-05
-110.00 20.00 0.00015342
-105.00 20.00 0.00018246
-100.00 20.00 -6.024e-05
-95.00 20.00 -4.398e-05
-90.00 20.00 0.0006555
-85.00 20.00 0.00137034
-80.00 20.00 0.00131298
-75.00 20.00 0.00089262
-70.00 20.00 0.00082029
-65.00 20.00 0.0008067
-60.00 20.00 0.0003753
-55.00 20.00 -7.725e-05
-50.00 20.00 -0.00013566
-45.00 20.00 -0.00017994
-40.00 20.00 -0.00051225
-35.00 20.00 -0.00081954
-30.00 20.00 -0.00098202
-25.00 20.00 -0.00119373
-20.00 20.00 -0.00118059
-15.00 20.00 -0.0006375
-10.00 20.00 -0.00023631
-5.00 20.00 -0.00076365
0.00 20.00 -0.00164031
5.00 20.00 -0.00170166
10.00 20.00 -0.00092046
15.00 20.00 -7.581e-05
20.00 20.00 0.00058194
25.00 20.00 0.00111606
30.00 20.00 0.00111519
35.00 20.00 0.00030036
40.00 20.00 -0.00063993
45.00 20.00 -0.00074889
50.00 20.00 9.09e-06
55.00 20.00 0.00080034
60.00 20.00 0.0009297
65.00 20.00 0.00056565
70.00 20.00 0.00051432
75.00 20.00 0.00116391
80.00 20.00 0.0018135
85.00 20.00 0.00159384
90.00 20.00 0.0008034
95.00 20.00 0.00038442
100.00 20.00 0.00032118
105.00 20.00 -0.00015666
110.00 20.00 -0.00092733
115.00 20.00 -0.00103131
120.00 20.00 -0.00035613
125.00 20.00 0.00027591
130.00 20.00 0.00070287
135.00 20.00 0.0014553
140.00 20.00 0.00213462
145.00 20.00 0.00153786
150.00 20.00 -0.00029442
155.00 20.00 -0.00179232
160.00 20.00 -0.00201195
165.00 20.00 -0.0016521
170.00 20.00 -0.00160497
175.00 20.00 -0.00180387
180.00 20.00 -0.00179973
-180.00 25.00 -0.00113361
-175.00 25.00 -0.00049473
-170.00 25.00 0.00013608
-165.00 25.00 0.00022233
-160.00 25.00 -3.18e-05
-155.00 25.00 -0.0001488
-150.00 25.00 -0.00014775
-145.00 25.00 -0.00053265
-140.00 25.00 -0.00142917
-135.00 25.00 -0.00214563
-130.00 25.00 -0.00202641
-125.00 25.00 -0.00135264
-120.00 25.00 -0.00078558
-115.00 25.00 -0.0003834
-110.00 25.00 3.621e-05
-105.00 25.00 0.00014256
-100.00 25.00 -0.00024972
-95.00 25.00 -0.00034761
-90.00 25.00 0.00057315
-85.00 25.00 0.00176694
-80.00 25.00 0.00189225
-75.00 25.00 0.00087765
-70.00 25.00 -0.00020511
-65.00 25.00 -0.00071757
-60.00 25.00 -0.00088173
-55.00 25.00 -0.00099015
-50.00 25.00 -0.00104043
-45.00 25.00 -0.00095781
-40.00 25.00 -0.00075618
-35.00 25.00 -0.00069105
-30.00 25.00 -0.00117825
-25.00 25.00 -0.00209253
-20.00 25.00 -0.00252927
-15.00 25.00 -0.00199755
-10.00 25.00 -0.00131787
-5.00 25.00 -0.00142479
0.00 25.00 -0.00189474
5.00 25.00 -0.00171057
10.00 25.00 -0.00088674
15.00 25.00 -0.00023136
20.00 25.00 2.91e-06
25.00 25.00 0.00016773
30.00 25.00 0.00028059
35.00 25.00 -5.04e-06
40.00 25.00 -0.00060138
45.00 25.00 -0.0008358
50.00 25.00 -0.00021792
55.00 25.00 0.0008856
60.00 25.00 0.00152481
65.00 25.00 0.00125784
70.00 25.00 0.0007689
75.00 25.00 0.00090846
80.00 25.00 0.00135441
85.00 25.00 0.00114297
90.00 25.00 0.00039195
95.00 25.00 0.00018336
100.00 25.00 0.00060729
105.00 25.00 0.00046881
110.00 25.00 -0.00059451
115.00 25.00 -0.00127371
120.00 25.00 -0.00061287
125.00 25.00 0.00054909
130.00 25.00 0.00102465
135.00 25.00 0.0008823
140.00 25.00 0.00068772
145.00 25.00 0.00032907
150.00 25.00 -0.00037296
155.00 25.00 -0.00085314
160.00 25.00 -0.00063951
165.00 25.00 -0.00028314
170.00 25.00 -0.00052668
175.00 25.00 -0.00109425
180.00 25.00 -0.00113361
-180.00 30.00 0.00017496
-175.00 30.00 0.00049479
-170.00 30.00 0.00038955
-165.00 30.00 -0.00021234
-160.00 30.00 -0.00055449
-155.00 30.00 -0.00016272
-150.00 30.00 0.00032778
-145.00 30.00 -1.5e-07
-140.00 30.00 -0.00098949
-135.00 30.00 -0.00159312
-130.00 30.00 -0.00137625
-125.00 30.00 -0.00100452
-120.00 30.00 -0.00099366
-115.00 30.00 -0.00089766
-110.00 30.00 -0.00032988
-105.00 30.00 0.00010209
-100.00 30.00 -0.00018957
-95.00 30.00 -0.00052794
-90.00 30.00 0.00010746
-85.00 30.00 0.00131463
-80.00 30.00 0.00161478
-75.00 30.00 0.00047799
-70.00 30.00 -0.0010284
-65.00 30.00 -0.00173064
-60.00 30.00 -0.00166329
-55.00 30.00 -0.00160848
-50.00 30.00 -0.00186405
-45.00 30.00 -0.00193386
-40.00 30.00 -0.00141546
-35.00 30.00 -0.00082866
-30.00 30.00 -0.00109476
-25.00 30.00 -0.00217587
-20.00 30.00 -0.00289248
-15.00 30.00 -0.00245793
-10.00 30.00 -0.00152067
-5.00 30.00 -0.00109416
0.00 30.00 -0.00110766
5.00 30.00 -0.00082722
10.00 30.00 -0.00020049
15.00 30.00 0.00016782
20.00 30.00 0.00013455
25.00 30.00 0.00020295
30.00 30.00 0.00056736
35.00 30.00 0.00071286
40.00 30.00 0.00023628
45.00 30.00 -0.00038304
50.00 30.00 -0.00026973
55.00 30.00 0.00065853
60.00 30.00 0.00144651
65.00 30.00 0.00131697
70.00 30.00 0.00071022
75.00 30.00 0.00052728
80.00 30.00 0.00070302
85.00 30.00 0.00047235
90.00 30.00 -0.00011979
95.00 30.00 -0.00022266
100.00 30.00 0.00016155
105.00 30.00 -7.167e-05
110.00 30.00 -0.00118191
115.00 30.00 -0.0017598
120.00 30.00 -0.0007569
125.00 30.00 0.00079347
130.00 30.00 0.00118758
135.00 30.00 0.0003435
140.00 30.00 -0.00044952
145.00 30.00 -0.00045714
150.00 30.00 -3.945e-05
155.00 30.00 0.00035286
160.00 30.00 0.00063951
165.00 30.00 0.00070083
170.00 30.00 0.000411
175.00 30.00 8.475e-05
180.00 30.00 0.00017496
-180.00 35.00 0.00036255
-175.00 35.00 0.00039072
-170.00 35.00 5.964e-05
-165.00 35.00 -0.00046065
-160.00 35.00 -0.00071523
-155.00 35.00 -0.00066216
-150.00 35.00 -0.00084312
-145.00 35.00 -0.00154029
-140.00 35.00 -0.00215157
-135.00 35.00 -0.00194517
-130.00 35.00 -0.0012066
-125.00 35.00 -0.00092112
-120.00 35.00 -0.00130584
-115.00 35.00 -0.00146925
-110.00 35.00 -0.00083346
-105.00 35.00 -8.316e-05
-100.00 35.00 -5.973e-05
-95.00 35.00 -0.00035664
-90.00 35.00 6.132e-05
-85.00 35.00 0.00113472
-80.00 35.00 0.00160614
-75.00 35.00 0.00074403
-70.00 35.00 -0.00066378
-65.00 35.00 -0.00140982
-60.00 35.00 -0.00137373
-55.00 35.00 -0.00137763
-50.00 35.00 -0.00180438
-45.00 35.00 -0.00202383
-40.00 35.00 -0.00139887
-35.00 35.00 -0.00037878
-30.00 35.00 -3.297e-05
-25.00 35.00 -0.00060783
-20.00 35.00 -0.00117849
-15.00 35.00 -0.00092361
-10.00 35.00 -0.00015861
-5.00 35.00 0.00030069
0.00 35.00 0.0003096
5.00 35.00 0.00035241
10.00 35.00 0.00064344
15.00 35.00 0.00093657
20.00 35.00 0.00114999
25.00 35.00 0.00153639
30.00 35.00 0.0020688
35.00 35.00 0.00216651
40.00 35.00 0.00140247
45.00 35.00 0.00023544
50.00 35.00 -0.00039381
55.00 35.00 -0.00018537
60.00 35.00 0.00022044
65.00 35.00 0.00022413
70.00 35.00 8.139e-05
75.00 35.00 0.0003024
80.00 35.00 0.00064281
85.00 35.00 0.00043344
90.00 35.00 -0.00024459
95.00 35.00 -0.00060126
100.00 35.00 -0.00044067
105.00 35.00 -0.00047139
110.00 35.00 -0.00096942
115.00 35.00 -0.0010938
120.00 35.00 -0.00021021
125.00 35.00 0.00087348
130.00 35.00 0.00089052
135.00 35.00 -0.00011931
140.00 35.00 -0.00092679
145.00 35.00 -0.00078171
150.00 35.00 -0.00013065
155.00 35.00 0.00029088
160.00 35.00 0.00032673
165.00 35.00 0.00022056
170.00 35.00 0.00015696
175.00 35.00 0.0002106
180.00 35.00 0.00036255
-180.00 40.00 -0.0002829
-175.00 40.00 -0.00028284
-170.00 40.00 -0.00016731
-165.00 40.00 -3.558e-05
-160.00 40.00 -0.00016335
-155.00 40.00 -0.00087624
-150.00 40.00 -0.00217827
-145.00 40.00 -0.00344139
-140.00 40.00 -0.00377073
-135.00 40.00 -0.00295851
-130.00 40.00 -0.00187926
-125.00 40.00 -0.00155847
-120.00 40.00 -0.0019311
-115.00 40.00 -0.00198054
-110.00 40.00 -0.00115653
-105.00 40.00 -0.00010518
-100.00 40.00 0.00031911
-95.00 40.00 0.00027888
-90.00 40.00 0.00060753
-85.00 40.00 0.0014532
-80.00 40.00 0.00195579
-75.00 40.00 0.00141354
-70.00 40.00 0.00022497
-65.00 40.00 -0.00068433
-60.00 40.00 -0.00102864
-55.00 40.00 -0.00127836
-50.00 40.00 -0.00170922
-45.00 40.00 -0.00186996
-40.00 40.00 -0.00124806
-35.00 40.00 -0.00013155
-30.00 40.00 0.00062544
-25.00 40.00 0.00063768
-20.00 40.00 0.00038085
-15.00 40.00 0.00044856
-10.00 40.00 0.00079215
-5.00 40.00 0.00095979
0.00 40.00 0.00082509
5.00 40.00 0.00071628
10.00 40.00 0.00091872
15.00 40.00 0.00139002
20.00 40.00 0.00196677
25.00 40.00 0.0025278
30.00 40.00 0.00284511
35.00 40.00 0.0025605
40.00 40.00 0.00156612
45.00 40.00 0.00029307
50.00 40.00 -0.00063339
55.00 40.00 -0.00101142
60.00 40.00 -0.00110028
65.00 40.00 -0.00103659
70.00 40.00 -0.00057876
75.00 40.00 0.00033003
80.00 40.00 0.00107154
85.00 40.00 0.00090921
90.00 40.00 -3.738e-05
95.00 40.00 -0.00085191
100.00 40.00 -0.00091476
105.00 40.00 -0.00048066
110.00 40.00 -4.509e-05
115.00 40.00 0.00032799
120.00 40.00 0.00070194
125.00 40.00 0.00075606
130.00 40.00 0.00014706
135.00 40.00 -0.00079806
140.00 40.00 -0.00129405
145.00 40.00 -0.00102045
150.00 40.00 -0.00043089
155.00 40.00 -9.189e-05
160.00 40.00 -7.944e-05
165.00 40.00 -0.00014841
170.00 40.00 -0.00017703
175.00 40.00 -0.00021849
180.00 40.00 -0.0002829
-180.00 45.00 -0.00045378
-175.00 45.00 -0.0003672
-170.00 45.00 0.00025947
-165.00 45.00 0.00099564
-160.00 45.00 0.0011253
-155.00 45.00 0.00022287
-150.00 45.00 -0.00139161
-145.00 45.00 -0.00279525
-140.00 45.00 -0.00321864
-135.00 45.00 -0.00275997
-130.00 45.00 -0.00225468
-125.00 45.00 -0.00232206
-120.00 45.00 -0.0026424
-115.00 45.00 -0.00237393
-110.00 45.00 -0.00123945
-105.00 45.00 8.763e-05
-100.00 45.00 0.00078945
-95.00 45.00 0.00083193
-90.00 45.00 0.0008289
-85.00 45.00 0.00112473
-80.00 45.00 0.0013728
-75.00 45.00 0.00109026
-70.00 45.00 0.00032169
-65.00 45.00 -0.00047481
-60.00 45.00 -0.00103185
-55.00 45.00 -0.0014652
-50.00 45.00 -0.0018684
-45.00 45.00 -0.00201321
-40.00 45.00 -0.00164265
-35.00 45.00 -0.0009189
-30.00 45.00 -0.00033981
-25.00 45.00 -0.00020067
-20.00 45.00 -0.00031959
-15.00 45.00 -0.00035127
-10.00 45.00 -0.0002043
-5.00 45.00 -1.806e-05
0.00 45.00 0.00015711
5.00 45.00 0.00046194
10.00 45.00 0.00100206
15.00 45.00 0.00165543
20.00 45.00 0.00215334
25.00 45.00 0.00227682
30.00 45.00 0.00195279
35.00 45.00 0.00126105
40.00 45.00 0.00041883
45.00 45.00 -0.00031929
50.00 45.00 -0.00085167
55.00 45.00 -0.00128298
60.00 45.00 -0.00167283
65.00 45.00 -0.00176937
70.00 45.00 -0.00120567
75.00 45.00 -7.341e-05
80.00 45.00 0.00087882
85.00 45.00 0.00087375
90.00 45.00 -6.234e-05
95.00 45.00 -0.00107397
100.00 45.00 -0.00131592
105.00 45.00 -0.00067962
110.00 45.00 0.00030528
115.00 45.00 0.00103818
120.00 45.00 0.00118872
125.00 45.00 0.00071976
130.00 45.00 -0.00011556
135.00 45.00 -0.00082239
140.00 45.00 -0.00096468
145.00 45.00 -0.00052572
150.00 45.00 0.00011499
155.00 45.00 0.00057837
160.00 45.00 0.00075411
165.00 45.00 0.00068565
170.00 45.00 0.00038712
175.00 45.00 -8.181e-05
180.00 45.00 -0.00045378
-180.00 50.00 -0.00046356
-175.00 50.00 -0.00038775
-170.00 50.00 0.00030444
-165.00 50.00 0.00120231
-160.00 50.00 0.00169815
-155.00 50.00 0.00146358
-150.00 50.00 0.00070887
-145.00 50.00 -4.473e-05
-140.00 50.00 -0.00048393
-135.00 50.00 -0.00078696
-130.00 50.00 -0.00134049
-125.00 50.00 -0.00216885
-120.00 50.00 -0.00273837
-115.00 50.00 -0.00244005
-110.00 50.00 -0.00126687
-105.00 50.00 8.475e-05
-100.00 50.00 0.00083631
-95.00 50.00 0.00079653
-90.00 50.00 0.00038199
-85.00 50.00 7.224e-05
-80.00 50.00 -2.502e-05
-75.00 50.00 -9.399e-05
-70.00 50.00 -0.00028068
-65.00 50.00 -0.00056742
-60.00 50.00 -0.00090075
-55.00 50.00 -0.0012783
-50.00 50.00 -0.00166206
-45.00 50.00 -0.00191172
-40.00 50.00 -0.00190884
-35.00 50.00 -0.00172755
-30.00 50.00 -0.00159714
-25.00 50.00 -0.00167052
-20.00 50.00 -0.00187206
-15.00 50.00 -0.00198687
-10.00 50.00 -0.00184887
-5.00 50.00 -0.00141123
0.00 50.00 -0.00069675
5.00 50.00 0.00021918
10.00 50.00 0.00115068
15.00 50.00 0.00179493
20.00 50.00 0.00187215
25.00 50.00 0.00132522
30.00 50.00 0.00040098
35.00 50.00 -0.00047424
40.00 50.00 -0.00095802
45.00 50.00 -0.00102279
50.00 50.00 -0.00096852
55.00 50.00 -0.00115164
60.00 50.00 -0.00161244
65.00 50.00 -0.00196425
70.00 50.00 -0.00173817
75.00 50.00 -0.00090375
80.00 50.00 -9.45e-06
85.00 50.00 0.00027771
90.00 50.00 -0.00020109
95.00 50.00 -0.00094851
100.00 50.00 -0.00127698
105.00 50.00 -0.00089016
110.00 50.00 -4.599e-05
115.00 50.00 0.0007362
120.00 50.00 0.00107262
125.00 50.00 0.00091893
130.00 50.00 0.00052998
135.00 50.00 0.00025926
140.00 50.00 0.00032259
145.00 50.00 0.0006807
150.00 50.00 0.00112122
155.00 50.00 0.00143598
160.00 50.00 0.0015066
165.00 50.00 0.00127197
170.00 50.00 0.00072828
175.00 50.00 3.069e-05
180.00 50.00 -0.00046356
-180.00 55.00 -0.00138285
-175.00 55.00 -0.00157908
-170.00 55.00 -0.00131991
-165.00 55.00 -0.00072948
-160.00 55.00 -4.089e-05
-155.00 55.00 0.00057363
-150.00 55.00 0.00106653
-145.00 55.00 0.00141129
-140.00 55.00 0.00146931
-135.00 55.00 0.00102798
-130.00 55.00 3.702e-05
-125.00 55.00 -0.00118473
-120.00 55.00 -0.00204483
-115.00 55.00 -0.00207828
-110.00 55.00 -0.00132324
-105.00 55.00 -0.00031113
-100.00 55.00 0.00033963
-95.00 55.00 0.00036321
-90.00 55.00 -5.1e-05
-85.00 55.00 -0.00051522
-80.00 55.00 -0.00076674
-75.00 55.00 -0.00078918
-70.00 55.00 -0.00072057
-65.00 55.00 -0.0007092
-60.00 55.00 -0.00083295
-55.00 55.00 -0.00107844
-50.00 55.00 -0.00135078
-45.00 55.00 -0.00152457
-40.00 55.00 -0.00153531
-35.00 55.00 -0.00144459
-30.00 55.00 -0.00140367
-25.00 55.00 -0.0015315
-20.00 55.00 -0.00181089
-15.00 55.00 -0.00208614
-10.00 55.00 -0.00214926
-5.00 55.00 -0.00184509
0.00 55.00 -0.00114993
5.00 55.00 -0.00021138
10.00 55.00 0.00066993
15.00 55.00 0.00114711
20.00 55.00 0.00100488
25.00 55.00 0.00031101
30.00 55.00 -0.00058188
35.00 55.00 -0.00122469
40.00 55.00 -0.00135072
45.00 55.00 -0.0010533
50.00 55.00 -0.00071259
55.00 55.00 -0.00069666
60.00 55.00 -0.00105531
65.00 55.00 -0.00146802
70.00 55.00 -0.00151461
75.00 55.00 -0.00104871
80.00 55.00 -0.00033825
85.00 55.00 0.00015792
90.00 55.00 0.00017022
95.00 55.00 -0.00018702
100.00 55.00 -0.000552
105.00 55.00 -0.00061788
110.00 55.00 -0.00032865
115.00 55.00 0.00015381
120.00 55.00 0.00061959
125.00 55.00 0.00095361
130.00 55.00 0.0011616
135.00 55.00 0.00130254
140.00 55.00 0.00140955
145.00 55.00 0.00146487
150.00 55.00 0.00143004
155.00 55.00 0.00127743
160.00 55.00 0.00098511
165.00 55.00 0.00052347
170.00 55.00 -0.00010959
175.00 55.00 -0.00081657
180.00 55.00 -0.00138282
-180.00 60.00 -0.00236484
-175.00 60.00 -0.00296259
-170.00 60.00 -0.00326238
-165.00 60.00 -0.00315243
-160.00 60.00 -0.00259638
-155.00 60.00 -0.0016545
-150.00 60.00 -0.00050229
-145.00 60.00 0.00057228
-140.00 60.00 0.00123435
-135.00 60.00 0.00124404
-130.00 60.00 0.00060987
-125.00 60.00 -0.00036558
-120.00 60.00 -0.0012201
-115.00 60.00 -0.00158556
-110.00 60.00 -0.00139122
-105.00 60.00 -0.00086922
-100.00 60.00 -0.00036768
-95.00 60.00 -0.00012243
-90.00 60.00 -0.00015318
-85.00 60.00 -0.0003282
-80.00 60.00 -0.00050781
-75.00 60.00 -0.00064284
-70.00 60.00 -0.00077271
-65.00 60.00 -0.00095598
-60.00 60.00 -0.00119967
-55.00 60.00 -0.00143379
-50.00 60.00 -0.00154221
-45.00 60.00 -0.00143151
-40.00 60.00 -0.0011001
-35.00 60.00 -0.00066267
-30.00 60.00 -0.00030591
-25.00 60.00 -0.00019446
-20.00 60.00 -0.00038028
-15.00 60.00 -0.00077001
-10.00 60.00 -0.00116748
-5.00 60.00 -0.00136935
0.00 60.00 -0.00126678
5.00 60.00 -0.00090483
10.00 60.00 -0.00046593
15.00 60.00 -0.00017613
20.00 60.00 -0.00017622
25.00 60.00 -0.00043242
30.00 60.00 -0.00075123
35.00 60.00 -0.00090249
40.00 60.00 -0.00077685
45.00 60.00 -0.00046692
50.00 60.00 -0.00020451
55.00 60.00 -0.00018774
60.00 60.00 -0.00042396
65.00 60.00 -0.00071241
70.00 60.00 -0.00078852
75.00 60.00 -0.0005226
80.00 60.00 -1.815e-05
85.00 60.00 0.00046263
90.00 60.00 0.00068118
95.00 60.00 0.00057081
100.00 60.00 0.00025407
105.00 60.00 -5.649e-05
110.00 60.00 -0.00018351
115.00 60.00 -5.631e-05
120.00 60.00 0.00028932
125.00 60.00 0.00075144
130.00 60.00 0.00120564
135.00 60.00 0.00153819
140.00 60.00 0.00167151
145.00 60.00 0.0015822
150.00 60.00 0.00130101
155.00 60.00 0.00088644
160.00 60.00 0.00038388
165.00 60.00 -0.00019839
170.00 60.00 -0.00087219
175.00 60.00 -0.00162141
180.00 60.00 -0.00236484
-180.00 65.00 -0.00178569
-175.00 65.00 -0.00246471
-170.00 65.00 -0.00293739
-165.00 65.00 -0.00305781
-160.00 65.00 -0.00274005
-155.00 65.00 -0.00200895
-150.00 65.00 -0.00102048
-145.00 65.00 -3.225e-05
-140.00 65.00 0.0006771
-135.00 65.00 0.00091416
-130.00 65.00 0.00065442
-125.00 65.00 5.469e-05
-120.00 65.00 -0.00061911
-115.00 65.00 -0.00111342
-110.00 65.00 -0.00129177
-105.00 65.00 -0.00116805
-100.00 65.00 -0.00086304
-95.00 65.00 -0.00052407
-90.00 65.00 -0.00026217
-85.00 65.00 -0.0001338
-80.00 65.00 -0.00015675
-75.00 65.00 -0.00033006
-70.00 65.00 -0.00063624
-65.00 65.00 -0.0010278
-60.00 65.00 -0.0014169
-55.00 65.00 -0.00168642
-50.00 65.00 -0.00172668
-45.00 65.00 -0.00148434
-40.00 65.00 -0.00099828
-35.00 65.00 -0.00040017
-30.00 65.00 0.00012681
-25.00 65.00 0.00041643
-20.00 65.00 0.00038478
-15.00 65.00 6.231e-05
-10.00 65.00 -0.00042303
-5.00 65.00 -0.00090237
0.00 65.00 -0.0012363
5.00 65.00 -0.00136569
10.00 65.00 -0.00132045
15.00 65.00 -0.00118482
20.00 65.00 -0.00104154
25.00 65.00 -0.00092844
30.00 65.00 -0.00083367
35.00 65.00 -0.00072879
40.00 65.00 -0.00061293
45.00 65.00 -0.00053088
50.00 65.00 -0.0005472
55.00 65.00 -0.0006915
60.00 65.00 -0.00091626
65.00 65.00 -0.00110433
70.00 65.00 -0.00112887
75.00 65.00 -0.00092904
80.00 65.00 -0.00055107
85.00 65.00 -0.00012621
90.00 65.00 0.00019983
95.00 65.00 0.00034188
100.00 65.00 0.00031176
105.00 65.00 0.00020205
110.00 65.00 0.00013416
115.00 65.00 0.00020121
120.00 65.00 0.00043194
125.00 65.00 0.00078504
130.00 65.00 0.00117048
135.00 65.00 0.00148575
140.00 65.00 0.00165249
145.00 65.00 0.00163863
150.00 65.00 0.00145773
155.00 65.00 0.00114711
160.00 65.00 0.00073833
165.00 65.00 0.00023964
170.00 65.00 -0.00035703
175.00 65.00 -0.00104796
180.00 65.00 -0.00178569
-180.00 70.00 -0.00031323
-175.00 70.00 -0.00061371
-170.00 70.00 -0.00078915
-165.00 70.00 -0.00077628
-160.00 70.00 -0.00054747
-155.00 70.00 -0.00013179
-150.00 70.00 0.000381
-145.00 70.00 0.00085989
-140.00 70.00 0.00117129
-135.00 70.00 0.001224
-130.00 70.00 0.00100194
-125.00 70.00 0.00057033
-120.00 70.00 5.16e-05
-115.00 70.00 -0.00041817
-110.00 70.00 -0.00073377
-105.00 70.00 -0.00084894
-100.00 70.00 -0.00078039
-95.00 70.00 -0.00059196
-90.00 70.00 -0.00036957
-85.00 70.00 -0.00019677
-80.00 70.00 -0.00013626
-75.00 70.00 -0.0002178
-70.00 70.00 -0.00043185
-65.00 70.00 -0.00073035
-60.00 70.00 -0.00103644
-55.00 70.00 -0.00126426
-50.00 70.00 -0.00134475
-45.00 70.00 -0.0012498
-40.00 70.00 -0.00100551
-35.00 70.00 -0.00068715
-30.00 70.00 -0.00039636
-25.00 70.00 -0.00022809
-20.00 70.00 -0.00023916
-15.00 70.00 -0.0004308
-10.00 70.00 -0.00075165
-5.00 70.00 -0.00111864
0.00 70.00 -0.00144747
5.00 70.00 -0.00167922
10.00 70.00 -0.0017943
15.00 70.00 -0.00181026
20.00 70.00 -0.00176754
25.00 70.00 -0.0017127
30.00 70.00 -0.00168576
35.00 70.00 -0.00171534
40.00 70.00 -0.001818
45.00 70.00 -0.00199662
50.00 70.00 -0.00223581
55.00 70.00 -0.0024969
60.00 70.00 -0.00271989
65.00 70.00 -0.00283644
70.00 70.00 -0.00279201
75.00 70.00 -0.00256743
80.00 70.00 -0.00218859
85.00 70.00 -0.00171798
90.00 70.00 -0.0012318
95.00 70.00 -0.00079257
100.00 70.00 -0.00043065
105.00 70.00 -0.00014109
110.00 70.00 0.00010446
115.00 70.00 0.00033849
120.00 70.00 0.00058005
125.00 70.00 0.00082623
130.00 70.00 0.0010548
135.00 70.00 0.00123513
140.00 70.00 0.00134136
145.00 70.00 0.00136134
150.00 70.00 0.00129735
155.00 70.00 0.00116001
160.00 70.00 0.00095949
165.00 70.00 0.0007014
170.00 70.00 0.00039042
175.00 70.00 4.074e-05
180.00 70.00 -0.00031323
-180.00 75.00 0.00016335
-175.00 75.00 0.00025656
-170.00 75.00 0.0004029
-165.00 75.00 0.00060192
-160.00 75.00 0.00084093
-155.00 75.00 0.00109296
-150.00 75.00 0.00131937
-145.00 75.00 0.00147735
-140.00 75.00 0.00153045
-135.00 75.00 0.00145911
-130.00 75.00 0.0012675
-125.00 75.00 0.00098409
-120.00 75.00 0.00065538
-115.00 75.00 0.00033456
-110.00 75.00 6.864e-05
-105.00 75.00 -0.00011265
-100.00 75.00 -0.00020232
-95.00 75.00 -0.00021564
-90.00 75.00 -0.00018411
-85.00 75.00 -0.00014571
-80.00 75.00 -0.00013497
-75.00 75.00 -0.00017439
-70.00 75.00 -0.00027003
-65.00 75.00 -0.0004113
-60.00 75.00 -0.00057534
-55.00 75.00 -0.00073443
-50.00 75.00 -0.00086466
-45.00 75.00 -0.0009534
-40.00 75.00 -0.00100302
-35.00 75.00 -0.00103011
-30.00 75.00 -0.00105981
-25.00 75.00 -0.00111747
-20.00 75.00 -0.00122025
-15.00 75.00 -0.00137196
-10.00 75.00 -0.00156255
-5.00 75.00 -0.00177222
0.00 75.00 -0.00197883
5.00 75.00 -0.00216501
10.00 75.00 -0.00232326
15.00 75.00 -0.00245733
20.00 75.00 -0.00257976
25.00 75.00 -0.00270723
30.00 75.00 -0.0028551
35.00 75.00 -0.00303231
40.00 75.00 -0.00323787
45.00 75.00 -0.00345909
50.00 75.00 -0.00367224
55.00 75.00 -0.00384543
60.00 75.00 -0.0039441
65.00 75.00 -0.00393795
70.00 75.00 -0.00380781
75.00 75.00 -0.00355074
80.00 75.00 -0.00318123
85.00 75.00 -0.00272868
90.00 75.00 -0.00223113
95.00 75.00 -0.00172791
100.00 75.00 -0.00125271
105.00 75.00 -0.00082959
110.00 75.00 -0.0004719
115.00 75.00 -0.0001842
120.00 75.00 3.486e-05
125.00 75.00 0.00018972
130.00 75.00 0.00028638
135.00 75.00 0.00033204
140.00 75.00 0.00033564
145.00 75.00 0.0003081
150.00 75.00 0.00026166
155.00 75.00 0.00020844
160.00 75.00 0.00015915
165.00 75.00 0.00012243
170.00 75.00 0.00010557
175.00 75.00 0.00011622
180.00 75.00 0.00016335
-180.00 80.00 -0.00029151
-175.00 80.00 -0.00013152
-170.00 80.00 4.506e-05
-165.00 80.00 0.00022848
-160.00 80.00 0.00040722
-155.00 80.00 0.00056895
-150.00 80.00 0.0007017
-145.00 80.00 0.00079554
-140.00 80.00 0.00084417
-135.00 80.00 0.00084597
-130.00 80.00 0.00080445
-125.00 80.00 0.0007278
-120.00 80.00 0.00062745
-115.00 80.00 0.00051615
-110.00 80.00 0.00040572
-105.00 80.00 0.00030495
-100.00 80.00 0.00021846
-95.00 80.00 0.0001464
-90.00 80.00 8.508e-05
-85.00 80.00 2.82e-05
-80.00 80.00 -3.126e-05
-75.00 80.00 -9.948e-05
-70.00 80.00 -0.00018048
-65.00 80.00 -0.00027573
-60.00 80.00 -0.00038427
-55.00 80.00 -0.00050346
-50.00 80.00 -0.00063
-45.00 80.00 -0.00076092
-40.00 80.00 -0.0008943
-35.00 80.00 -0.00102939
-30.00 80.00 -0.0011664
-25.00 80.00 -0.00130596
-20.00 80.00 -0.00144846
-15.00 80.00 -0.00159357
-10.00 80.00 -0.00174027
-5.00 80.00 -0.00188682
0.00 80.00 -0.00203154
5.00 80.00 -0.00217311
10.00 80.00 -0.00231093
15.00 80.00 -0.00244521
20.00 80.00 -0.00257649
25.00 80.00 -0.00270489
30.00 80.00 -0.00282939
35.00 80.00 -0.00294696
40.00 80.00 -0.00305235
45.00 80.00 -0.00313806
50.00 80.00 -0.00319494
55.00 80.00 -0.00321357
60.00 80.00 -0.00318555
65.00 80.00 -0.00310518
70.00 80.00 -0.00297066
75.00 80.00 -0.0027849
80.00 80.00 -0.00255561
85.00 80.00 -0.00229464
90.00 80.00 -0.00201657
95.00 80.00 -0.00173715
100.00 80.00 -0.0014715
105.00 80.00 -0.00123264
110.00 80.00 -0.00103029
115.00 80.00 -0.00087024
120.00 80.00 -0.00075429
125.00 80.00 -0.00068028
130.00 80.00 -0.00064284
135.00 80.00 -0.00063387
140.00 80.00 -0.00064341
145.00 80.00 -0.00066072
150.00 80.00 -0.00067506
155.00 80.00 -0.00067662
160.00 80.00 -0.00065727
165.00 80.00 -0.00061107
170.00 80.00 -0.00053469
175.00 80.00 -0.00042747
180.00 80.00 -0.00029151
-180.00 85.00 -0.00042045
-175.00 85.00 -0.00035742
-170.00 85.00 -0.00029202
-165.00 85.00 -0.00022614
-160.00 85.00 -0.00016137
-155.00 85.00 -9.951e-05
-150.00 85.00 -4.251e-05
-145.00 85.00 7.59e-06
-140.00 85.00 4.92e-05
-135.00 85.00 8.157e-05
-130.00 85.00 0.00010479
-125.00 85.00 0.00011928
-120.00 85.00 0.00012534
-115.00 85.00 0.00012312
-110.00 85.00 0.00011301
-105.00 85.00 9.585e-05
-100.00 85.00 7.272e-05
-95.00 85.00 4.452e-05
-90.00 85.00 1.152e-05
-85.00 85.00 -2.652e-05
-80.00 85.00 -6.984e-05
-75.00 85.00 -0.00011835
-70.00 85.00 -0.00017148
-65.00 85.00 -0.00022884
-60.00 85.00 -0.00029037
-55.00 85.00 -0.00035619
-50.00 85.00 -0.00042627
-45.00 85.00 -0.00049998
-40.00 85.00 -0.00057621
-35.00 85.00 -0.00065397
-30.00 85.00 -0.00073266
-25.00 85.00 -0.00081198
-20.00 85.00 -0.00089148
-15.00 85.00 -0.00097032
-10.00 85.00 -0.00104727
-5.00 85.00 -0.00112134
0.00 85.00 -0.00119184
5.00 85.00 -0.00125847
10.00 85.00 -0.00132081
15.00 85.00 -0.00137796
20.00 85.00 -0.00142875
25.00 85.00 -0.00147204
30.00 85.00 -0.00150705
35.00 85.00 -0.00153339
40.00 85.00 -0.00155052
45.00 85.00 -0.00155772
50.00 85.00 -0.00155403
55.00 85.00 -0.00153894
60.00 85.00 -0.00151257
65.00 85.00 -0.00147576
70.00 85.00 -0.00142974
75.00 85.00 -0.00137583
80.00 85.00 -0.00131535
85.00 85.00 -0.0012501
90.00 85.00 -0.00118239
95.00 85.00 -0.00111489
100.00 85.00 -0.00105003
105.00 85.00 -0.00098967
110.00 85.00 -0.00093486
115.00 85.00 -0.00088614
120.00 85.00 -0.00084387
125.00 85.00 -0.00080802
130.00 85.00 -0.00077802
135.00 85.00 -0.00075234
140.00 85.00 -0.00072885
145.00 85.00 -0.00070524
150.00 85.00 -0.00067962
155.00 85.00 -0.00065055
160.00 85.00 -0.00061686
165.00 85.00 -0.00057753
170.00 85.00 -0.00053166
175.00 85.00 -0.00047904
180.00 85.00 -0.00042045
-180.00 90.00 -0.0004428
-175.00 90.00 -0.0004428
-170.00 90.00 -0.0004428
-165.00 90.00 -0.0004428
-160.00 90.00 -0.0004428
-155.00 90.00 -0.0004428
-150.00 90.00 -0.0004428
-145.00 90.00 -0.0004428
-140.00 90.00 -0.0004428
-135.00 90.00 -0.0004428
-130.00 90.00 -0.0004428
-125.00 90.00 -0.0004428
-120.00 90.00 -0.0004428
-115.00 90.00 -0.0004428
-110.00 90.00 -0.0004428
-105.00 90.00 -0.0004428
-100.00 90.00 -0.0004428
-95.00 90.00 -0.0004428
-90.00 90.00 -0.0004428
-85.00 90.00 -0.0004428
-80.00 90.00 -0.0004428
-75.00 90.00 -0.0004428
-70.00 90.00 -0.0004428
-65.00 90.00 -0.0004428
-60.00 90.00 -0.0004428
-55.00 90.00 -0.0004428
-50.00 90.00 -0.0004428
-45.00 90.00 -0.0004428
-40.00 90.00 -0.0004428
-35.00 90.00 -0.0004428
-30.00 90.00 -0.0004428
-25.00 90.00 -0.0004428
-20.00 90.00 -0.0004428
-15.00 90.00 -0.0004428
-10.00 90.00 -0.0004428
-5.00 90.00 -0.0004428
0.00 90.00 -0.0004428
5.00 90.00 -0.0004428
10.00 90.00 -0.0004428
15.00 90.00 -0.0004428
20.00 90.00 -0.0004428
25.00 90.00 -0.0004428
30.00 90.00 -0.0004428
35.00 90.00 -0.0004428
40.00 90.00 -0.0004428
45.00 90.00 -0.0004428
50.00 90.00 -0.0004428
55.00 90.00 -0.0004428
60.00 90.00 -0.0004428
65.00 90.00 -0.0004428
70.00 90.00 -0.0004428
75.00 90.00 -0.0004428
80.00 90.00 -0.0004428
85.00 90.00 -0.0004428
90.00 90.00 -0.0004428
95.00 90.00 -0.0004428
100.00 90.00 -0.0004428
105.00 90.00 -0.0004428
110.00 90.00 -0.0004428
115.00 90.00 -0.0004428
120.00 90.00 -0.0004428
125.00 90.00 -0.0004428
130.00 90.00 -0.0004428
135.00 90.00 -0.0004428
140.00 90.00 -0.0004428
145.00 90.00 -0.0004428
150.00 90.00 -0.0004428
155.00 90.00 -0.0004428
160.00 90.00 -0.0004428
165.00 90.00 -0.0004428
170.00 90.00 -0.0004428
175.00 90.00 -0.0004428
180.00 90.00 -0.0004428
