-180.00 -90.00 0.0127412
-175.00 -90.00 0.0127415
-170.00 -90.00 0.0127418
-165.00 -90.00 0.0127423
-160.00 -90.00 0.0127427
-155.00 -90.00 0.0127433
-150.00 -90.00 0.0127438
-145.00 -90.00 0.0127444
-140.00 -90.00 0.012745
-135.00 -90.00 0.0127456
-130.00 -90.00 0.0127461
-125.00 -90.00 0.0127466
-120.00 -90.00 0.012747
-115.00 -90.00 0.0127473
-110.00 -90.00 0.0127475
-105.00 -90.00 0.0127477
-100.00 -90.00 0.0127477
-95.00 -90.00 0.0127477
-90.00 -90.00 0.0127475
-85.00 -90.00 0.0127473
-80.00 -90.00 0.0127469
-75.00 -90.00 0.0127465
-70.00 -90.00 0.012746
-65.00 -90.00 0.0127455
-60.00 -90.00 0.0127449
-55.00 -90.00 0.0127443
-50.00 -90.00 0.0127438
-45.00 -90.00 0.0127432
-40.00 -90.00 0.0127427
-35.00 -90.00 0.0127422
-30.00 -90.00 0.0127418
-25.00 -90.00 0.0127415
-20.00 -90.00 0.0127412
-15.00 -90.00 0.0127411
-10.00 -90.00 0.0127411
-5.00 -90.00 0.0127411
0.00 -90.00 0.0127413
5.00 -90.00 0.0127415
10.00 -90.00 0.0127419
15.00 -90.00 0.0127423
20.00 -90.00 0.0127428
25.00 -90.00 0.0127433
30.00 -90.00 0.0127439
35.00 -90.00 0.0127445
40.00 -90.00 0.0127451
45.00 -90.00 0.0127456
50.00 -90.00 0.0127462
55.00 -90.00 0.0127466
60.00 -90.00 0.012747
65.00 -90.00 0.0127474
70.00 -90.00 0.0127476
75.00 -90.00 0.0127477
80.00 -90.00 0.0127478
85.00 -90.00 0.0127477
90.00 -90.00 0.0127476
95.00 -90.00 0.0127473
100.00 -90.00 0.012747
105.00 -90.00 0.0127465
110.00 -90.00 0.0127461
115.00 -90.00 0.0127455
120.00 -90.00 0.0127449
125.00 -90.00 0.0127444
130.00 -90.00 0.0127438
135.00 -90.00 0.0127432
140.00 -90.00 0.0127427
145.00 -90.00 0.0127422
150.00 -90.00 0.0127418
155.00 -90.00 0.0127415
160.00 -90.00 0.0127412
165.00 -90.00 0.0127411
170.00 -90.00 0.012741
175.00 -90.00 0.0127411
180.00 -90.00 0.0127412
-180.00 -85.00 0.0039592
-175.00 -85.00 0.0025746
-170.00 -85.00 0.0012486
-165.00 -85.00 -1.1e-05
-160.00 -85.00 -0.0011981
-155.00 -85.00 -0.002307
-150.00 -85.00 -0.0033316
-145.00 -85.00 -0.0042629
-140.00 -85.00 -0.0050867
-135.00 -85.00 -0.0057838
-130.00 -85.00 -0.0063305
-125.00 -85.00 -0.0067021
-120.00 -85.00 -0.0068746
-115.00 -85.00 -0.0068254
-110.00 -85.00 -0.0065356
-105.00 -85.00 -0.0059922
-100.00 -85.00 -0.0051913
-95.00 -85.00 -0.0041405
-90.00 -85.00 -0.0028585
-85.00 -85.00 -0.0013729
-80.00 -85.00 0.0002821
-75.00 -85.00 0.0020668
-70.00 -85.00 0.0039368
-65.00 -85.00 0.0058454
-60.00 -85.00 0.007747
-55.00 -85.00 0.0096011
-50.00 -85.00 0.0113743
-45.00 -85.00 0.0130406
-40.00 -85.00 0.0145802
-35.00 -85.00 0.0159801
-30.00 -85.00 0.0172346
-25.00 -85.00 0.0183467
-20.00 -85.00 0.0193263
-15.00 -85.00 0.0201876
-10.00 -85.00 0.0209467
-5.00 -85.00 0.02162
0.00 -85.00 0.0222239
5.00 -85.00 0.0227746
10.00 -85.00 0.0232861
15.00 -85.00 0.0237676
20.00 -85.00 0.0242221
25.00 -85.00 0.0246465
30.00 -85.00 0.0250335
35.00 -85.00 0.0253734
40.00 -85.00 0.0256546
45.00 -85.00 0.0258639
50.00 -85.00 0.0259882
55.00 -85.00 0.0260164
60.00 -85.00 0.0259422
65.00 -85.00 0.0257654
70.00 -85.00 0.0254909
75.00 -85.00 0.025127
80.00 -85.00 0.0246846
85.00 -85.00 0.0241759
90.00 -85.00 0.0236134
95.00 -85.00 0.023008
100.00 -85.00 0.0223662
105.00 -85.00 0.0216891
110.00 -85.00 0.0209726
115.00 -85.00 0.0202083
120.00 -85.00 0.0193849
125.00 -85.00 0.0184905
130.00 -85.00 0.0175133
135.00 -85.00 0.0164448
140.00 -85.00 0.0152815
145.00 -85.00 0.0140264
150.00 -85.00 0.0126888
155.00 -85.00 0.0112833
160.00 -85.00 0.0098289
165.00 -85.00 0.0083472
170.00 -85.00 0.0068613
175.00 -85.00 0.0053926
180.00 -85.00 0.0039592
-180.00 -80.00 -0.0028812
-175.00 -80.00 -0.0044891
-170.00 -80.00 -0.0055699
-165.00 -80.00 -0.0062565
-160.00 -80.00 -0.0067226
-155.00 -80.00 -0.0071421
-150.00 -80.00 -0.0076653
-145.00 -80.00 -0.0084078
-140.00 -80.00 -0.0094316
-135.00 -80.00 -0.0107223
-130.00 -80.00 -0.0121885
-125.00 -80.00 -0.0136844
-120.00 -80.00 -0.0150302
-115.00 -80.00 -0.016025
-110.00 -80.00 -0.0164694
-105.00 -80.00 -0.0162034
-100.00 -80.00 -0.0151368
-95.00 -80.00 -0.0132536
-90.00 -80.00 -0.0106061
-85.00 -80.00 -0.0073156
-80.00 -80.00 -0.0035644
-75.00 -80.00 0.0004333
-70.00 -80.00 0.0044679
-65.00 -80.00 0.0083529
-60.00 -80.00 0.0119298
-55.00 -80.00 0.0150793
-50.00 -80.00 0.0177332
-45.00 -80.00 0.0198687
-40.00 -80.00 0.0214882
-35.00 -80.00 0.022608
-30.00 -80.00 0.0232625
-25.00 -80.00 0.0235038
-20.00 -80.00 0.0233917
-15.00 -80.00 0.0229911
-10.00 -80.00 0.0223845
-5.00 -80.00 0.021679
0.00 -80.00 0.0209944
5.00 -80.00 0.0204481
10.00 -80.00 0.0201495
15.00 -80.00 0.0201941
20.00 -80.00 0.0206427
25.00 -80.00 0.0214989
30.00 -80.00 0.0227078
35.00 -80.00 0.0241678
40.00 -80.00 0.0257379
45.00 -80.00 0.0272452
50.00 -80.00 0.0285094
55.00 -80.00 0.0293795
60.00 -80.00 0.0297584
65.00 -80.00 0.0296082
70.00 -80.00 0.0289561
75.00 -80.00 0.0279024
80.00 -80.00 0.0266112
85.00 -80.00 0.0252765
90.00 -80.00 0.0240845
95.00 -80.00 0.0231915
100.00 -80.00 0.0227026
105.00 -80.00 0.022642
110.00 -80.00 0.0229352
115.00 -80.00 0.0234225
120.00 -80.00 0.0238931
125.00 -80.00 0.0241144
130.00 -80.00 0.0238598
135.00 -80.00 0.0229499
140.00 -80.00 0.0212957
145.00 -80.00 0.0189152
150.00 -80.00 0.015919
155.00 -80.00 0.0124911
160.00 -80.00 0.0088711
165.00 -80.00 0.0053219
170.00 -80.00 0.0020797
175.00 -80.00 -0.0006857
180.00 -80.00 -0.0028812
-180.00 -75.00 -0.0174286
-175.00 -75.00 -0.0180587
-170.00 -75.00 -0.0169794
-165.00 -75.00 -0.0146583
-160.00 -75.00 -0.0116312
-155.00 -75.00 -0.0084282
-150.00 -75.00 -0.005528
-145.00 -75.00 -0.0033181
-140.00 -75.00 -0.0020629
-135.00 -75.00 -0.0018863
-130.00 -75.00 -0.0027606
-125.00 -75.00 -0.004495
-120.00 -75.00 -0.0067468
-115.00 -75.00 -0.0090694
-110.00 -75.00 -0.010981
-105.00 -75.00 -0.0120402
-100.00 -75.00 -0.0119296
-95.00 -75.00 -0.0105222
-90.00 -75.00 -0.0079013
-85.00 -75.00 -0.0043333
-80.00 -75.00 -0.0002132
-75.00 -75.00 0.0040154
-70.00 -75.00 0.007955
-65.00 -75.00 0.0113275
-60.00 -75.00 0.0140068
-55.00 -75.00 0.0160163
-50.00 -75.00 0.0174967
-45.00 -75.00 0.0186368
-40.00 -75.00 0.0195967
-35.00 -75.00 0.0204551
-30.00 -75.00 0.02119
-25.00 -75.00 0.0216885
-20.00 -75.00 0.02179
-15.00 -75.00 0.0213554
-10.00 -75.00 0.0203272
-5.00 -75.00 0.0187617
0.00 -75.00 0.0168405
5.00 -75.00 0.0148556
10.00 -75.00 0.013162
15.00 -75.00 0.012115
20.00 -75.00 0.0120103
25.00 -75.00 0.0130279
30.00 -75.00 0.0151841
35.00 -75.00 0.0183122
40.00 -75.00 0.02208
45.00 -75.00 0.0260325
50.00 -75.00 0.0296581
55.00 -75.00 0.0324734
60.00 -75.00 0.034106
65.00 -75.00 0.0343534
70.00 -75.00 0.0332208
75.00 -75.00 0.0309339
80.00 -75.00 0.0279169
85.00 -75.00 0.0247365
90.00 -75.00 0.0220212
95.00 -75.00 0.0203561
100.00 -75.00 0.0201614
105.00 -75.00 0.0215856
110.00 -75.00 0.0244489
115.00 -75.00 0.028245
120.00 -75.00 0.0322124
125.00 -75.00 0.0354712
130.00 -75.00 0.037194
135.00 -75.00 0.0367612
140.00 -75.00 0.0338771
145.00 -75.00 0.0286302
150.00 -75.00 0.021478
155.00 -75.00 0.0131579
160.00 -75.00 0.0045583
165.00 -75.00 -0.0034271
170.00 -75.00 -0.0100424
175.00 -75.00 -0.0147804
180.00 -75.00 -0.0174286
-180.00 -70.00 -0.0316014
-175.00 -70.00 -0.0316535
-170.00 -70.00 -0.0298989
-165.00 -70.00 -0.0269186
-160.00 -70.00 -0.023137
-155.00 -70.00 -0.01881
-150.00 -70.00 -0.0141096
-145.00 -70.00 -0.0092427
-140.00 -70.00 -0.0045322
-135.00 -70.00 -0.0004163
-130.00 -70.00 0.0026415
-125.00 -70.00 0.0042931
-120.00 -70.00 0.0044365
-115.00 -70.00 0.0032785
-110.00 -70.00 0.0012986
-105.00 -70.00 -0.0008791
-100.00 -70.00 -0.0026603
-95.00 -70.00 -0.0036432
-90.00 -70.00 -0.0037136
-85.00 -70.00 -0.0030476
-80.00 -70.00 -0.0020259
-75.00 -70.00 -0.0010921
-70.00 -70.00 -0.0005981
-65.00 -70.00 -0.0006781
-60.00 -70.00 -0.0011859
-55.00 -70.00 -0.0017178
-50.00 -70.00 -0.0017242
-45.00 -70.00 -0.0006869
-40.00 -70.00 0.0016935
-35.00 -70.00 0.0053668
-30.00 -70.00 0.0099172
-25.00 -70.00 0.0146724
-20.00 -70.00 0.0188989
-15.00 -70.00 0.0220049
-10.00 -70.00 0.0236782
-5.00 -70.00 0.0239191
0.00 -70.00 0.0229821
5.00 -70.00 0.0212756
10.00 -70.00 0.0192699
15.00 -70.00 0.0174383
20.00 -70.00 0.0162228
25.00 -70.00 0.0159957
30.00 -70.00 0.0170014
35.00 -70.00 0.0192848
40.00 -70.00 0.0226432
45.00 -70.00 0.0266377
50.00 -70.00 0.0306757
55.00 -70.00 0.0341385
60.00 -70.00 0.0365044
65.00 -70.00 0.037428
70.00 -70.00 0.0367694
75.00 -70.00 0.0345999
80.00 -70.00 0.0312206
85.00 -70.00 0.0271896
90.00 -70.00 0.0233148
95.00 -70.00 0.0205506
100.00 -70.00 0.0197741
105.00 -70.00 0.0214944
110.00 -70.00 0.0256133
115.00 -70.00 0.0313545
120.00 -70.00 0.037412
125.00 -70.00 0.0422685
130.00 -70.00 0.0445633
135.00 -70.00 0.0433892
140.00 -70.00 0.0384534
145.00 -70.00 0.0300959
150.00 -70.00 0.0192001
155.00 -70.00 0.0070248
160.00 -70.00 -0.0050189
165.00 -70.00 -0.0156231
170.00 -70.00 -0.0238193
175.00 -70.00 -0.0291328
180.00 -70.00 -0.0316013
-180.00 -65.00 -0.0297054
-175.00 -65.00 -0.0292987
-170.00 -65.00 -0.0292653
-165.00 -65.00 -0.0298257
-160.00 -65.00 -0.0305518
-155.00 -65.00 -0.0305947
-150.00 -65.00 -0.0290801
-145.00 -65.00 -0.0254943
-140.00 -65.00 -0.0199179
-135.00 -65.00 -0.0130394
-130.00 -65.00 -0.0059581
-125.00 -65.00 0.0001463
-120.00 -65.00 0.0043539
-115.00 -65.00 0.0062353
-110.00 -65.00 0.0058999
-105.00 -65.00 0.0038644
-100.00 -65.00 0.000815
-95.00 -65.00 -0.0026273
-90.00 -65.00 -0.0060478
-85.00 -65.00 -0.0092588
-80.00 -65.00 -0.0122387
-75.00 -65.00 -0.0150476
-70.00 -65.00 -0.0177421
-65.00 -65.00 -0.0202749
-60.00 -65.00 -0.0223824
-55.00 -65.00 -0.0235228
-50.00 -65.00 -0.0229629
-45.00 -65.00 -0.0200494
-40.00 -65.00 -0.0145692
-35.00 -65.00 -0.0069994
-30.00 -65.00 0.0015365
-25.00 -65.00 0.0096333
-20.00 -65.00 0.0161296
-15.00 -65.00 0.0205244
-10.00 -65.00 0.0230716
-5.00 -65.00 0.0245165
0.00 -65.00 0.0256358
5.00 -65.00 0.0268385
10.00 -65.00 0.0280347
15.00 -65.00 0.0288155
20.00 -65.00 0.0288113
25.00 -65.00 0.0280005
30.00 -65.00 0.0267849
35.00 -65.00 0.0257889
40.00 -65.00 0.0255169
45.00 -65.00 0.0260895
50.00 -65.00 0.0272245
55.00 -65.00 0.0284543
60.00 -65.00 0.0294042
65.00 -65.00 0.0299138
70.00 -65.00 0.0299256
75.00 -65.00 0.0292806
80.00 -65.00 0.0276668
85.00 -65.00 0.0248603
90.00 -65.00 0.0211142
95.00 -65.00 0.0173528
100.00 -65.00 0.0148991
105.00 -65.00 0.0147989
110.00 -65.00 0.0171562
115.00 -65.00 0.0209438
120.00 -65.00 0.0244411
125.00 -65.00 0.0260185
130.00 -65.00 0.0247682
135.00 -65.00 0.0206542
140.00 -65.00 0.014233
145.00 -65.00 0.0062725
150.00 -65.00 -0.002443
155.00 -65.00 -0.0110921
160.00 -65.00 -0.0187768
165.00 -65.00 -0.0246575
170.00 -65.00 -0.0282519
175.00 -65.00 -0.0296907
180.00 -65.00 -0.0297054
-180.00 -60.00 -0.0159315
-175.00 -60.00 -0.01454
-170.00 -60.00 -0.015666
-165.00 -60.00 -0.0187637
-160.00 -60.00 -0.0225741
-155.00 -60.00 -0.0257915
-150.00 -60.00 -0.0275432
-145.00 -60.00 -0.0275097
-140.00 -60.00 -0.0258193
-135.00 -60.00 -0.0228979
-130.00 -60.00 -0.0193286
-125.00 -60.00 -0.0157063
-120.00 -60.00 -0.0125127
-115.00 -60.00 -0.0100597
-110.00 -60.00 -0.0085064
-105.00 -60.00 -0.0079168
-100.00 -60.00 -0.0083216
-95.00 -60.00 -0.0097438
-90.00 -60.00 -0.0121398
-85.00 -60.00 -0.0152728
-80.00 -60.00 -0.018652
-75.00 -60.00 -0.0216766
-70.00 -60.00 -0.0239245
-65.00 -60.00 -0.0253104
-60.00 -60.00 -0.025901
-55.00 -60.00 -0.0255162
-50.00 -60.00 -0.0235338
-45.00 -60.00 -0.0192083
-40.00 -60.00 -0.0123663
-35.00 -60.00 -0.0039528
-30.00 -60.00 0.0040817
-25.00 -60.00 0.0096214
-20.00 -60.00 0.0114929
-15.00 -60.00 0.010158
-10.00 -60.00 0.00755
-5.00 -60.00 0.0061334
0.00 -60.00 0.0077062
5.00 -60.00 0.0125642
10.00 -60.00 0.0194113
15.00 -60.00 0.0260159
20.00 -60.00 0.0302779
25.00 -60.00 0.0311963
30.00 -60.00 0.0292614
35.00 -60.00 0.0260637
40.00 -60.00 0.0233333
45.00 -60.00 0.0219826
50.00 -60.00 0.0217484
55.00 -60.00 0.0216409
60.00 -60.00 0.0208293
65.00 -60.00 0.0192582
70.00 -60.00 0.0174966
75.00 -60.00 0.0159736
80.00 -60.00 0.0143436
85.00 -60.00 0.0116852
90.00 -60.00 0.0074873
95.00 -60.00 0.0025335
100.00 -60.00 -0.0013042
105.00 -60.00 -0.0024438
110.00 -60.00 -0.00107
115.00 -60.00 0.0006381
120.00 -60.00 -0.0001058
125.00 -60.00 -0.0047302
130.00 -60.00 -0.0123253
135.00 -60.00 -0.0203708
140.00 -60.00 -0.0264755
145.00 -60.00 -0.0297083
150.00 -60.00 -0.0306147
155.00 -60.00 -0.0302056
160.00 -60.00 -0.0289681
165.00 -60.00 -0.0267308
170.00 -60.00 -0.0233275
175.00 -60.00 -0.0193013
180.00 -60.00 -0.0159316
-180.00 -55.00 -0.0007805
-175.00 -55.00 -0.0008095
-170.00 -55.00 -0.0035953
-165.00 -55.00 -0.0067671
-160.00 -55.00 -0.0082827
-155.00 -55.00 -0.0079771
-150.00 -55.00 -0.0074887
-145.00 -55.00 -0.0088467
-140.00 -55.00 -0.0130794
-135.00 -55.00 -0.0197671
-130.00 -55.00 -0.0273968
-125.00 -55.00 -0.0339774
-120.00 -55.00 -0.0376974
-115.00 -55.00 -0.0375762
-110.00 -55.00 -0.0338456
-105.00 -55.00 -0.0277894
-100.00 -55.00 -0.0211884
-95.00 -55.00 -0.0157525
-90.00 -55.00 -0.0126605
-85.00 -55.00 -0.0121334
-80.00 -55.00 -0.0132485
-75.00 -55.00 -0.0144139
-70.00 -55.00 -0.0144032
-65.00 -55.00 -0.0131062
-60.00 -55.00 -0.0112446
-55.00 -55.00 -0.0093306
-50.00 -55.00 -0.00695
-45.00 -55.00 -0.0031429
-40.00 -55.00 0.0024223
-35.00 -55.00 0.00854
-30.00 -55.00 0.0127168
-25.00 -55.00 0.0125704
-20.00 -55.00 0.0074502
-15.00 -55.00 -0.0008945
-10.00 -55.00 -0.0090919
-5.00 -55.00 -0.013808
0.00 -55.00 -0.0132017
5.00 -55.00 -0.0074747
10.00 -55.00 0.0014333
15.00 -55.00 0.010616
20.00 -55.00 0.0172096
25.00 -55.00 0.0195075
30.00 -55.00 0.0177846
35.00 -55.00 0.0142212
40.00 -55.00 0.0116855
45.00 -55.00 0.0119741
50.00 -55.00 0.0146617
55.00 -55.00 0.0174154
60.00 -55.00 0.0176266
65.00 -55.00 0.0142209
70.00 -55.00 0.0082744
75.00 -55.00 0.0019134
80.00 -55.00 -0.003553
85.00 -55.00 -0.0084789
90.00 -55.00 -0.0137796
95.00 -55.00 -0.0190187
100.00 -55.00 -0.0219911
105.00 -55.00 -0.0207608
110.00 -55.00 -0.0163387
115.00 -55.00 -0.0130078
120.00 -55.00 -0.0153608
125.00 -55.00 -0.0244613
130.00 -55.00 -0.0366446
135.00 -55.00 -0.0460891
140.00 -55.00 -0.0488722
145.00 -55.00 -0.0451236
150.00 -55.00 -0.037906
155.00 -55.00 -0.0303365
160.00 -55.00 -0.023582
165.00 -55.00 -0.0171064
170.00 -55.00 -0.0104112
175.00 -55.00 -0.0043578
180.00 -55.00 -0.0007805
-180.00 -50.00 0.0150568
-175.00 -50.00 0.0097595
-170.00 -50.00 0.0015558
-165.00 -50.00 -0.0039735
-160.00 -50.00 -0.0031696
-155.00 -50.00 0.0025851
-150.00 -50.00 0.0080319
-145.00 -50.00 0.008137
-140.00 -50.00 0.0011109
-135.00 -50.00 -0.0116153
-130.00 -50.00 -0.026873
-125.00 -50.00 -0.0407549
-120.00 -50.00 -0.0493933
-115.00 -50.00 -0.0504095
-110.00 -50.00 -0.0441985
-105.00 -50.00 -0.0335617
-100.00 -50.00 -0.0220205
-95.00 -50.00 -0.0124934
-90.00 -50.00 -0.0068403
-85.00 -50.00 -0.0054084
-80.00 -50.00 -0.00655
-75.00 -50.00 -0.0073342
-70.00 -50.00 -0.005604
-65.00 -50.00 -0.0014656
-60.00 -50.00 0.0033932
-55.00 -50.00 0.0076417
-50.00 -50.00 0.0113025
-45.00 -50.00 0.0150073
-40.00 -50.00 0.018626
-35.00 -50.00 0.0206954
-30.00 -50.00 0.0191749
-25.00 -50.00 0.0130803
-20.00 -50.00 0.0037866
-15.00 -50.00 -0.0053326
-10.00 -50.00 -0.0110261
-5.00 -50.00 -0.0122742
0.00 -50.00 -0.0103763
5.00 -50.00 -0.0071298
10.00 -50.00 -0.003294
15.00 -50.00 0.0010454
20.00 -50.00 0.0050902
25.00 -50.00 0.0070435
30.00 -50.00 0.0055693
35.00 -50.00 0.0014376
40.00 -50.00 -0.0025064
45.00 -50.00 -0.0032266
50.00 -50.00 0.0002167
55.00 -50.00 0.0056353
60.00 -50.00 0.0087682
65.00 -50.00 0.0060485
70.00 -50.00 -0.0026771
75.00 -50.00 -0.0138477
80.00 -50.00 -0.0230327
85.00 -50.00 -0.028413
90.00 -50.00 -0.0312482
95.00 -50.00 -0.0329132
100.00 -50.00 -0.0323921
105.00 -50.00 -0.0278162
110.00 -50.00 -0.0204145
115.00 -50.00 -0.0155552
120.00 -50.00 -0.0185395
125.00 -50.00 -0.0291835
130.00 -50.00 -0.0411397
135.00 -50.00 -0.0469105
140.00 -50.00 -0.0435574
145.00 -50.00 -0.0338971
150.00 -50.00 -0.0229865
155.00 -50.00 -0.013918
160.00 -50.00 -0.0065054
165.00 -50.00 0.0008769
170.00 -50.00 0.0085441
175.00 -50.00 0.0143226
180.00 -50.00 0.0150568
-180.00 -45.00 0.0229204
-175.00 -45.00 0.0159853
-170.00 -45.00 0.0045817
-165.00 -45.00 -0.0039752
-160.00 -45.00 -0.0040062
-155.00 -45.00 0.0029354
-150.00 -45.00 0.0095871
-145.00 -45.00 0.0100065
-140.00 -45.00 0.0037464
-135.00 -45.00 -0.0065055
-130.00 -45.00 -0.0185356
-125.00 -45.00 -0.0302904
-120.00 -45.00 -0.0382114
-115.00 -45.00 -0.0389307
-110.00 -45.00 -0.0326561
-105.00 -45.00 -0.0231515
-100.00 -45.00 -0.0144076
-95.00 -45.00 -0.0086282
-90.00 -45.00 -0.0067693
-85.00 -45.00 -0.008555
-80.00 -45.00 -0.0113419
-75.00 -45.00 -0.0110444
-70.00 -45.00 -0.0056319
-65.00 -45.00 0.0031289
-60.00 -45.00 0.0121051
-55.00 -45.00 0.0198733
-50.00 -45.00 0.0265067
-45.00 -45.00 0.0314014
-40.00 -45.00 0.0326873
-35.00 -45.00 0.0285846
-30.00 -45.00 0.0187961
-25.00 -45.00 0.0053689
-20.00 -45.00 -0.0069547
-15.00 -45.00 -0.0124174
-10.00 -45.00 -0.0084788
-5.00 -45.00 0.00111
0.00 -45.00 0.0088367
5.00 -45.00 0.0100627
10.00 -45.00 0.0068119
15.00 -45.00 0.0045951
20.00 -45.00 0.0061199
25.00 -45.00 0.0088456
30.00 -45.00 0.0082653
35.00 -45.00 0.0025146
40.00 -45.00 -0.0062535
45.00 -45.00 -0.0137897
50.00 -45.00 -0.0164901
55.00 -45.00 -0.0136755
60.00 -45.00 -0.0088677
65.00 -45.00 -0.0082853
70.00 -45.00 -0.0158334
75.00 -45.00 -0.0286338
80.00 -45.00 -0.0388284
85.00 -45.00 -0.040923
90.00 -45.00 -0.0365025
95.00 -45.00 -0.0307964
100.00 -45.00 -0.0260524
105.00 -45.00 -0.0206591
110.00 -45.00 -0.0144946
115.00 -45.00 -0.0119017
120.00 -45.00 -0.0170568
125.00 -45.00 -0.0276198
130.00 -45.00 -0.0355909
135.00 -45.00 -0.0349502
140.00 -45.00 -0.0269447
145.00 -45.00 -0.0173597
150.00 -45.00 -0.0101532
155.00 -45.00 -0.0048911
160.00 -45.00 0.0008047
165.00 -45.00 0.0081513
170.00 -45.00 0.0162485
175.00 -45.00 0.0223763
180.00 -45.00 0.0229204
-180.00 -40.00 0.0098324
-175.00 -40.00 0.0133492
-170.00 -40.00 0.0101168
-165.00 -40.00 0.0038966
-160.00 -40.00 0.0023523
-155.00 -40.00 0.0066862
-150.00 -40.00 0.0099338
-145.00 -40.00 0.0066751
-140.00 -40.00 -0.0004166
-135.00 -40.00 -0.006291
-130.00 -40.00 -0.0111279
-125.00 -40.00 -0.0177528
-120.00 -40.00 -0.0246447
-115.00 -40.00 -0.0270476
-110.00 -40.00 -0.0240035
-105.00 -40.00 -0.0194962
-100.00 -40.00 -0.0169182
-95.00 -40.00 -0.016578
-90.00 -40.00 -0.0182519
-85.00 -40.00 -0.0214187
-80.00 -40.00 -0.0224333
-75.00 -40.00 -0.0162829
-70.00 -40.00 -0.0029749
-65.00 -40.00 0.0114961
-60.00 -40.00 0.0222473
-55.00 -40.00 0.0300653
-50.00 -40.00 0.0369971
-45.00 -40.00 0.0410769
-40.00 -40.00 0.0384178
-35.00 -40.00 0.0280244
-30.00 -40.00 0.011944
-25.00 -40.00 -0.0066122
-20.00 -40.00 -0.022092
-15.00 -40.00 -0.0264514
-10.00 -40.00 -0.0156023
-5.00 -40.00 0.0038
0.00 -40.00 0.0183918
5.00 -40.00 0.0208653
10.00 -40.00 0.0164784
15.00 -40.00 0.0154039
20.00 -40.00 0.0206908
25.00 -40.00 0.0260635
30.00 -40.00 0.0243371
35.00 -40.00 0.0147792
40.00 -40.00 0.0017435
45.00 -40.00 -0.0105008
50.00 -40.00 -0.0190868
55.00 -40.00 -0.0214795
60.00 -40.00 -0.0178164
65.00 -40.00 -0.0141706
70.00 -40.00 -0.0185099
75.00 -40.00 -0.0309648
80.00 -40.00 -0.0414879
85.00 -40.00 -0.0404424
90.00 -40.00 -0.0293597
95.00 -40.00 -0.017706
100.00 -40.00 -0.0107798
105.00 -40.00 -0.0057915
110.00 -40.00 -0.0001293
115.00 -40.00 0.0023481
120.00 -40.00 -0.0028239
125.00 -40.00 -0.012
130.00 -40.00 -0.01613
135.00 -40.00 -0.0119853
140.00 -40.00 -0.0059184
145.00 -40.00 -0.0049429
150.00 -40.00 -0.0080822
155.00 -40.00 -0.0094756
160.00 -40.00 -0.0070365
165.00 -40.00 -0.003644
170.00 -40.00 -0.0008412
175.00 -40.00 0.0035204
180.00 -40.00 0.0098324
-180.00 -35.00 -0.0115982
-175.00 -35.00 0.0098958
-170.00 -35.00 0.0212721
-165.00 -35.00 0.0182776
-160.00 -35.00 0.0125547
-155.00 -35.00 0.012764
-150.00 -35.00 0.0132261
-145.00 -35.00 0.0059305
-140.00 -35.00 -0.0055149
-135.00 -35.00 -0.0124123
-130.00 -35.00 -0.0150469
-125.00 -35.00 -0.0202416
-120.00 -35.00 -0.0284184
-115.00 -35.00 -0.0331339
-110.00 -35.00 -0.0321314
-105.00 -35.00 -0.0297547
-100.00 -35.00 -0.0287833
-95.00 -35.00 -0.0281155
-90.00 -35.00 -0.0280997
-85.00 -35.00 -0.0295535
-80.00 -35.00 -0.0273564
-75.00 -35.00 -0.0142823
-70.00 -35.00 0.007027
-65.00 -35.00 0.0245896
-60.00 -35.00 0.0320948
-55.00 -35.00 0.0349858
-50.00 -35.00 0.0385013
-45.00 -35.00 0.0387557
-40.00 -35.00 0.0309394
-35.00 -35.00 0.0181195
-30.00 -35.00 0.0051084
-25.00 -35.00 -0.0092093
-20.00 -35.00 -0.025161
-15.00 -35.00 -0.0337285
-10.00 -35.00 -0.0251272
-5.00 -35.00 -0.0041225
0.00 -35.00 0.0128829
5.00 -35.00 0.0174435
10.00 -35.00 0.0181844
15.00 -35.00 0.0270224
20.00 -35.00 0.0419169
25.00 -35.00 0.0490942
30.00 -35.00 0.040656
35.00 -35.00 0.0237619
40.00 -35.00 0.0103391
45.00 -35.00 0.0030179
50.00 -35.00 -0.0034233
55.00 -35.00 -0.010194
60.00 -35.00 -0.0126259
65.00 -35.00 -0.0107836
70.00 -35.00 -0.0128696
75.00 -35.00 -0.0229996
80.00 -35.00 -0.0322549
85.00 -35.00 -0.0292315
90.00 -35.00 -0.0157408
95.00 -35.00 -0.0038933
100.00 -35.00 0.0011721
105.00 -35.00 0.0067074
110.00 -35.00 0.0183271
115.00 -35.00 0.0291729
120.00 -35.00 0.0296427
125.00 -35.00 0.0224338
130.00 -35.00 0.0188317
135.00 -35.00 0.0215097
140.00 -35.00 0.0206557
145.00 -35.00 0.0096549
150.00 -35.00 -0.0040602
155.00 -35.00 -0.0098742
160.00 -35.00 -0.0096626
165.00 -35.00 -0.0138426
170.00 -35.00 -0.0234503
175.00 -35.00 -0.0257568
180.00 -35.00 -0.0115983
-180.00 -30.00 -0.0213094
-175.00 -30.00 0.0130507
-170.00 -30.00 0.0338127
-165.00 -30.00 0.0281061
-160.00 -30.00 0.01302
-155.00 -30.00 0.008418
-150.00 -30.00 0.0108384
-145.00 -30.00 0.0051618
-140.00 -30.00 -0.0093406
-135.00 -30.00 -0.0207418
-130.00 -30.00 -0.0256667
-125.00 -30.00 -0.0315162
-120.00 -30.00 -0.0398395
-115.00 -30.00 -0.0434106
-110.00 -30.00 -0.0399339
-105.00 -30.00 -0.0350242
-100.00 -30.00 -0.0313492
-95.00 -30.00 -0.0271237
-90.00 -30.00 -0.0245928
-85.00 -30.00 -0.0268253
-80.00 -30.00 -0.026498
-75.00 -30.00 -0.0123413
-70.00 -30.00 0.0118166
-65.00 -30.00 0.0289781
-60.00 -30.00 0.0325648
-55.00 -30.00 0.03294
-50.00 -30.00 0.036305
-45.00 -30.00 0.0339923
-40.00 -30.00 0.0208693
-35.00 -30.00 0.0079227
-30.00 -30.00 0.0043244
-25.00 -30.00 0.0010144
-20.00 -30.00 -0.0128339
-15.00 -30.00 -0.0278349
-10.00 -30.00 -0.0259699
-5.00 -30.00 -0.0080657
0.00 -30.00 0.0072794
5.00 -30.00 0.0111456
10.00 -30.00 0.0155725
15.00 -30.00 0.0332362
20.00 -30.00 0.0563307
25.00 -30.00 0.064077
30.00 -30.00 0.0486157
35.00 -30.00 0.0255464
40.00 -30.00 0.0150459
45.00 -30.00 0.0177297
50.00 -30.00 0.0172558
55.00 -30.00 0.0049554
60.00 -30.00 -0.0095312
65.00 -30.00 -0.0152677
70.00 -30.00 -0.0157174
75.00 -30.00 -0.0190307
80.00 -30.00 -0.0218633
85.00 -30.00 -0.0150375
90.00 -30.00 -0.0010543
95.00 -30.00 0.0073707
100.00 -30.00 0.007318
105.00 -30.00 0.0118368
110.00 -30.00 0.0301144
115.00 -30.00 0.0513573
120.00 -30.00 0.0585697
125.00 -30.00 0.0521554
130.00 -30.00 0.0468191
135.00 -30.00 0.0470966
140.00 -30.00 0.0410646
145.00 -30.00 0.0221435
150.00 -30.00 0.0029394
155.00 -30.00 -0.0023664
160.00 -30.00 -5.68e-05
165.00 -30.00 -0.0082649
170.00 -30.00 -0.028573
175.00 -30.00 -0.0390371
180.00 -30.00 -0.0213095
-180.00 -25.00 -0.0302785
-175.00 -25.00 0.0076062
-170.00 -25.00 0.0345096
-165.00 -25.00 0.0291122
-160.00 -25.00 0.0077283
-155.00 -25.00 -0.0010226
-150.00 -25.00 0.0048896
-145.00 -25.00 0.0052646
-140.00 -25.00 -0.0075774
-135.00 -25.00 -0.0215271
-130.00 -25.00 -0.0291649
-125.00 -25.00 -0.0361882
-120.00 -25.00 -0.0441473
-115.00 -25.00 -0.0453127
-110.00 -25.00 -0.037817
-105.00 -25.00 -0.0292674
-100.00 -25.00 -0.0235321
-95.00 -25.00 -0.01861
-90.00 -25.00 -0.0170239
-85.00 -25.00 -0.0223357
-80.00 -25.00 -0.0257839
-75.00 -25.00 -0.0139273
-70.00 -25.00 0.0089754
-65.00 -25.00 0.0242247
-60.00 -25.00 0.0268964
-55.00 -25.00 0.030834
-50.00 -25.00 0.0403172
-45.00 -25.00 0.0396846
-40.00 -25.00 0.0222571
-35.00 -25.00 0.0067241
-30.00 -25.00 0.0078605
-25.00 -25.00 0.0112556
-20.00 -25.00 -0.001792
-15.00 -25.00 -0.0208527
-10.00 -25.00 -0.0216573
-5.00 -25.00 -0.0037001
0.00 -25.00 0.011243
5.00 -25.00 0.0131659
10.00 -25.00 0.0154162
15.00 -25.00 0.0311512
20.00 -25.00 0.0529077
25.00 -25.00 0.0611378
30.00 -25.00 0.0479989
35.00 -25.00 0.0278362
40.00 -25.00 0.0209897
45.00 -25.00 0.0282842
50.00 -25.00 0.0297183
55.00 -25.00 0.0120028
60.00 -25.00 -0.0129714
65.00 -25.00 -0.0252177
70.00 -25.00 -0.0223474
75.00 -25.00 -0.0163641
80.00 -25.00 -0.0119401
85.00 -25.00 -0.0029185
90.00 -25.00 0.0108055
95.00 -25.00 0.0183149
100.00 -25.00 0.0154521
105.00 -25.00 0.0155347
110.00 -25.00 0.0312416
115.00 -25.00 0.053473
120.00 -25.00 0.0625983
125.00 -25.00 0.0567429
130.00 -25.00 0.0515677
135.00 -25.00 0.0519655
140.00 -25.00 0.0439539
145.00 -25.00 0.0208943
150.00 -25.00 -0.0009241
155.00 -25.00 -0.004816
160.00 -25.00 0.000924
165.00 -25.00 -0.0058057
170.00 -25.00 -0.0288909
175.00 -25.00 -0.0449408
180.00 -25.00 -0.0302786
-180.00 -20.00 -0.0491332
-175.00 -20.00 -0.0132206
-170.00 -20.00 0.0226877
-165.00 -20.00 0.0296598
-160.00 -20.00 0.0124745
-155.00 -20.00 0.000247
-150.00 -20.00 0.0040779
-145.00 -20.00 0.0074326
-140.00 -20.00 -0.0013659
-135.00 -20.00 -0.013986
-130.00 -20.00 -0.0231807
-125.00 -20.00 -0.0335755
-120.00 -20.00 -0.0453423
-115.00 -20.00 -0.0484431
-110.00 -20.00 -0.0393509
-105.00 -20.00 -0.027261
-100.00 -20.00 -0.0200597
-95.00 -20.00 -0.0174668
-90.00 -20.00 -0.0186612
-85.00 -20.00 -0.0229043
-80.00 -20.00 -0.0221443
-75.00 -20.00 -0.0076324
-70.00 -20.00 0.0139276
-65.00 -20.00 0.0258233
-60.00 -20.00 0.026503
-55.00 -20.00 0.0319579
-50.00 -20.00 0.0461751
-45.00 -20.00 0.0501054
-40.00 -20.00 0.0333448
-35.00 -20.00 0.014914
-30.00 -20.00 0.0128667
-25.00 -20.00 0.0141568
-20.00 -20.00 -0.0004699
-15.00 -20.00 -0.0199136
-10.00 -20.00 -0.0191342
-5.00 -20.00 0.0012161
0.00 -20.00 0.0185016
5.00 -20.00 0.0224177
10.00 -20.00 0.0227956
15.00 -20.00 0.0291707
20.00 -20.00 0.0396578
25.00 -20.00 0.0465197
30.00 -20.00 0.0437837
35.00 -20.00 0.0336589
40.00 -20.00 0.0268551
45.00 -20.00 0.0287809
50.00 -20.00 0.0284246
55.00 -20.00 0.0128293
60.00 -20.00 -0.0108883
65.00 -20.00 -0.0222997
70.00 -20.00 -0.0151325
75.00 -20.00 -0.0036387
80.00 -20.00 0.0002672
85.00 -20.00 0.0025363
90.00 -20.00 0.0127023
95.00 -20.00 0.0251742
100.00 -20.00 0.0279383
105.00 -20.00 0.0242773
110.00 -20.00 0.0287575
115.00 -20.00 0.0421975
120.00 -20.00 0.0499553
125.00 -20.00 0.0476101
130.00 -20.00 0.0463903
135.00 -20.00 0.047655
140.00 -20.00 0.0361298
145.00 -20.00 0.0080973
150.00 -20.00 -0.0162136
155.00 -20.00 -0.020387
160.00 -20.00 -0.0145815
165.00 -20.00 -0.019778
170.00 -20.00 -0.0401714
175.00 -20.00 -0.0575439
180.00 -20.00 -0.0491333
-180.00 -15.00 -0.0470475
-175.00 -15.00 -0.018934
-170.00 -15.00 0.0179369
-165.00 -15.00 0.0347156
-160.00 -15.00 0.0239923
-155.00 -15.00 0.0084823
-150.00 -15.00 0.0054419
-145.00 -15.00 0.0066522
-140.00 -15.00 0.0014838
-135.00 -15.00 -0.0064695
-130.00 -15.00 -0.0143179
-125.00 -15.00 -0.0277384
-120.00 -15.00 -0.0455418
-115.00 -15.00 -0.0546452
-110.00 -15.00 -0.0473332
-105.00 -15.00 -0.0317609
-100.00 -15.00 -0.0215298
-95.00 -15.00 -0.0218386
-90.00 -15.00 -0.026962
-85.00 -15.00 -0.0266275
-80.00 -15.00 -0.0141545
-75.00 -15.00 0.0080193
-70.00 -15.00 0.0284425
-65.00 -15.00 0.0355196
-60.00 -15.00 0.0312045
-55.00 -15.00 0.0312711
-50.00 -15.00 0.0434202
-45.00 -15.00 0.0529479
-40.00 -15.00 0.0445742
-35.00 -15.00 0.0278245
-30.00 -15.00 0.0197631
-25.00 -15.00 0.0147921
-20.00 -15.00 -0.0014971
-15.00 -15.00 -0.0200664
-10.00 -15.00 -0.0196931
-5.00 -15.00 -0.0010192
0.00 -15.00 0.0175673
5.00 -15.00 0.0280371
10.00 -15.00 0.0340141
15.00 -15.00 0.0362329
20.00 -15.00 0.0357031
25.00 -15.00 0.0383012
30.00 -15.00 0.0426876
35.00 -15.00 0.0386075
40.00 -15.00 0.025836
45.00 -15.00 0.0171559
50.00 -15.00 0.0159767
55.00 -15.00 0.010208
60.00 -15.00 -0.0042823
65.00 -15.00 -0.0126329
70.00 -15.00 -0.0040193
75.00 -15.00 0.0088393
80.00 -15.00 0.0077841
85.00 -15.00 -0.0017146
90.00 -15.00 0.0019215
95.00 -15.00 0.0213862
100.00 -15.00 0.0348272
105.00 -15.00 0.0304422
110.00 -15.00 0.023091
115.00 -15.00 0.026412
120.00 -15.00 0.0333921
125.00 -15.00 0.0366535
130.00 -15.00 0.0409631
135.00 -15.00 0.042858
140.00 -15.00 0.0268009
145.00 -15.00 -0.0052091
150.00 -15.00 -0.0281894
155.00 -15.00 -0.0293478
160.00 -15.00 -0.0235459
165.00 -15.00 -0.0275219
170.00 -15.00 -0.0406892
175.00 -15.00 -0.0518115
180.00 -15.00 -0.0470476
-180.00 -10.00 -0.0033788
-175.00 -10.00 0.0094174
-170.00 -10.00 0.0276689
-165.00 -10.00 0.0349103
-160.00 -10.00 0.0241283
-155.00 -10.00 0.0101462
-150.00 -10.00 0.0052627
-145.00 -10.00 0.0041575
-140.00 -10.00 0.0009826
-135.00 -10.00 -0.0014245
-130.00 -10.00 -0.0045084
-125.00 -10.00 -0.0159302
-120.00 -10.00 -0.0349293
-115.00 -10.00 -0.0491879
-110.00 -10.00 -0.0480001
-105.00 -10.00 -0.0338649
-100.00 -10.00 -0.0220067
-95.00 -10.00 -0.0252196
-90.00 -10.00 -0.0362118
-85.00 -10.00 -0.0341358
-80.00 -10.00 -0.0118108
-75.00 -10.00 0.0163768
-70.00 -10.00 0.0345819
-65.00 -10.00 0.038866
-60.00 -10.00 0.0337004
-55.00 -10.00 0.0297886
-50.00 -10.00 0.0374872
-45.00 -10.00 0.0506002
-40.00 -10.00 0.0508625
-35.00 -10.00 0.0359851
-30.00 -10.00 0.0216446
-25.00 -10.00 0.0120285
-20.00 -10.00 -0.0030685
-15.00 -10.00 -0.0200863
-10.00 -10.00 -0.0220785
-5.00 -10.00 -0.0075761
0.00 -10.00 0.0095111
5.00 -10.00 0.0239779
10.00 -10.00 0.0378689
15.00 -10.00 0.0457337
20.00 -10.00 0.0443444
25.00 -10.00 0.042926
30.00 -10.00 0.0451831
35.00 -10.00 0.0392894
40.00 -10.00 0.0212292
45.00 -10.00 0.0071184
50.00 -10.00 0.0071531
55.00 -10.00 0.0077787
60.00 -10.00 -0.0039596
65.00 -10.00 -0.015809
70.00 -10.00 -0.0094769
75.00 -10.00 0.0067996
80.00 -10.00 0.0083566
85.00 -10.00 -0.0054147
90.00 -10.00 -0.0074844
95.00 -10.00 0.0125239
100.00 -10.00 0.0292151
105.00 -10.00 0.0221176
110.00 -10.00 0.0063291
115.00 -10.00 0.0028384
120.00 -10.00 0.0081839
125.00 -10.00 0.0136346
130.00 -10.00 0.0222432
135.00 -10.00 0.0282818
140.00 -10.00 0.0144849
145.00 -10.00 -0.014221
150.00 -10.00 -0.0292934
155.00 -10.00 -0.0214552
160.00 -10.00 -0.0105886
165.00 -10.00 -0.0092937
170.00 -10.00 -0.0103797
175.00 -10.00 -0.0084313
180.00 -10.00 -0.0033788
-180.00 -5.00 0.0392829
-175.00 -5.00 0.0377855
-170.00 -5.00 0.0334875
-165.00 -5.00 0.0242741
-160.00 -5.00 0.0129965
-155.00 -5.00 0.0083211
-150.00 -5.00 0.0088961
-145.00 -5.00 0.0063552
-140.00 -5.00 0.002443
-135.00 -5.00 0.0033301
-130.00 -5.00 0.004353
-125.00 -5.00 -0.0026866
-120.00 -5.00 -0.0169613
-115.00 -5.00 -0.0321951
-110.00 -5.00 -0.0410082
-105.00 -5.00 -0.037652
-100.00 -5.00 -0.0298126
-95.00 -5.00 -0.0347295
-90.00 -5.00 -0.0494158
-85.00 -5.00 -0.0473757
-80.00 -5.00 -0.0190049
-75.00 -5.00 0.0131313
-70.00 -5.00 0.0299624
-65.00 -5.00 0.0356006
-60.00 -5.00 0.037048
-55.00 -5.00 0.0362993
-50.00 -5.00 0.040164
-45.00 -5.00 0.0489127
-40.00 -5.00 0.0465862
-35.00 -5.00 0.0269516
-30.00 -5.00 0.0079139
-25.00 -5.00 0.0004811
-20.00 -5.00 -0.0070753
-15.00 -5.00 -0.0187693
-10.00 -5.00 -0.0193793
-5.00 -5.00 -0.0050692
0.00 -5.00 0.009116
5.00 -5.00 0.0182292
10.00 -5.00 0.0313054
15.00 -5.00 0.0465863
20.00 -5.00 0.0524843
25.00 -5.00 0.0487734
30.00 -5.00 0.0427984
35.00 -5.00 0.033897
40.00 -5.00 0.0211421
45.00 -5.00 0.0135761
50.00 -5.00 0.0149735
55.00 -5.00 0.0117143
60.00 -5.00 -0.0065374
65.00 -5.00 -0.0247088
70.00 -5.00 -0.020249
75.00 -5.00 0.0016658
80.00 -5.00 0.0128012
85.00 -5.00 0.004239
90.00 -5.00 -0.0013291
95.00 -5.00 0.009563
100.00 -5.00 0.0169338
105.00 -5.00 0.0031496
110.00 -5.00 -0.0167822
115.00 -5.00 -0.0236963
120.00 -5.00 -0.0224457
125.00 -5.00 -0.019983
130.00 -5.00 -0.0096129
135.00 -5.00 0.003677
140.00 -5.00 -7.67e-05
145.00 -5.00 -0.0181014
150.00 -5.00 -0.0226795
155.00 -5.00 -0.0061373
160.00 -5.00 0.0108098
165.00 -5.00 0.0180548
170.00 -5.00 0.0253065
175.00 -5.00 0.0349709
180.00 -5.00 0.039283
-180.00 0.00 0.0376375
-175.00 0.00 0.0347657
-170.00 0.00 0.0277862
-165.00 0.00 0.015818
-160.00 0.00 0.0078215
-155.00 0.00 0.0101757
-150.00 0.00 0.0124726
-145.00 0.00 0.006498
-140.00 0.00 0.002348
-135.00 0.00 0.0064429
-130.00 0.00 0.0077201
-125.00 0.00 0.0001896
-120.00 0.00 -0.0091076
-115.00 0.00 -0.0200352
-110.00 0.00 -0.0361547
-105.00 0.00 -0.0473206
-100.00 0.00 -0.047319
-95.00 0.00 -0.0510753
-90.00 0.00 -0.0631562
-85.00 0.00 -0.0584272
-80.00 0.00 -0.0243252
-75.00 0.00 0.0133075
-70.00 0.00 0.031634
-65.00 0.00 0.0390502
-60.00 0.00 0.0459266
-55.00 0.00 0.0478534
-50.00 0.00 0.0451685
-45.00 0.00 0.0416611
-40.00 0.00 0.0287616
-35.00 0.00 0.0040731
-30.00 0.00 -0.0122197
-25.00 0.00 -0.0087178
-20.00 0.00 -0.0028888
-15.00 0.00 -0.005853
-10.00 0.00 -0.0027159
-5.00 0.00 0.0123819
0.00 0.00 0.0213423
5.00 0.00 0.0184218
10.00 0.00 0.0225064
15.00 0.00 0.0404781
20.00 0.00 0.0529795
25.00 0.00 0.0461142
30.00 0.00 0.0299617
35.00 0.00 0.0200753
40.00 0.00 0.020293
45.00 0.00 0.0253463
50.00 0.00 0.0264783
55.00 0.00 0.0154981
60.00 0.00 -0.0058305
65.00 0.00 -0.0214096
70.00 0.00 -0.0157157
75.00 0.00 0.0054965
80.00 0.00 0.0196543
85.00 0.00 0.0165915
90.00 0.00 0.0095717
95.00 0.00 0.008969
100.00 0.00 0.0041985
105.00 0.00 -0.0133764
110.00 0.00 -0.0312481
115.00 0.00 -0.0373611
120.00 0.00 -0.0377212
125.00 0.00 -0.036725
130.00 0.00 -0.0273197
135.00 0.00 -0.0134347
140.00 0.00 -0.0108543
145.00 0.00 -0.0166612
150.00 0.00 -0.0105944
155.00 0.00 0.0094723
160.00 0.00 0.0256865
165.00 0.00 0.031402
170.00 0.00 0.0345976
175.00 0.00 0.0376905
180.00 0.00 0.0376375
-180.00 5.00 0.0174279
-175.00 5.00 0.0235964
-170.00 5.00 0.0283087
-165.00 5.00 0.0212321
-160.00 5.00 0.0115572
-155.00 5.00 0.0090075
-150.00 5.00 0.0052933
-145.00 5.00 -0.0023989
-140.00 5.00 3.64e-05
-135.00 5.00 0.0115755
-130.00 5.00 0.0107089
-125.00 5.00 -0.0043346
-120.00 5.00 -0.0135316
-115.00 5.00 -0.0171098
-110.00 5.00 -0.0316904
-105.00 5.00 -0.0502866
-100.00 5.00 -0.0552643
-95.00 5.00 -0.0552292
-90.00 5.00 -0.0617694
-85.00 5.00 -0.0557321
-80.00 5.00 -0.0212814
-75.00 5.00 0.0186531
-70.00 5.00 0.0382918
-65.00 5.00 0.0443536
-60.00 5.00 0.0490591
-55.00 5.00 0.0471132
-50.00 5.00 0.0363737
-45.00 5.00 0.0243173
-40.00 5.00 0.0098074
-35.00 5.00 -0.0082877
-30.00 5.00 -0.0145993
-25.00 5.00 -0.0007162
-20.00 5.00 0.0151592
-15.00 5.00 0.0188501
-10.00 5.00 0.0220026
-5.00 5.00 0.0313447
0.00 5.00 0.0314459
5.00 5.00 0.0184819
10.00 5.00 0.0150098
15.00 5.00 0.0316889
20.00 5.00 0.0458976
25.00 5.00 0.035821
30.00 5.00 0.0117811
35.00 5.00 -0.0007809
40.00 5.00 0.005901
45.00 5.00 0.0172105
50.00 5.00 0.0168257
55.00 5.00 0.0039477
60.00 5.00 -0.0093916
65.00 5.00 -0.012639
70.00 5.00 -0.005
75.00 5.00 0.0068298
80.00 5.00 0.0146693
85.00 5.00 0.0148793
90.00 5.00 0.010322
95.00 5.00 0.003783
100.00 5.00 -0.0071766
105.00 5.00 -0.0229117
110.00 5.00 -0.0356649
115.00 5.00 -0.0386098
120.00 5.00 -0.0336172
125.00 5.00 -0.0253256
130.00 5.00 -0.0176234
135.00 5.00 -0.0159243
140.00 5.00 -0.0191315
145.00 5.00 -0.0141627
150.00 5.00 0.0056882
155.00 5.00 0.0267028
160.00 5.00 0.0342913
165.00 5.00 0.0315408
170.00 5.00 0.0262092
175.00 5.00 0.0198454
180.00 5.00 0.0174279
-180.00 10.00 0.0220016
-175.00 10.00 0.0328199
-170.00 10.00 0.0400046
-165.00 10.00 0.0296952
-160.00 10.00 0.0131134
-155.00 10.00 0.004817
-150.00 10.00 -3e-06
-145.00 10.00 -0.0025667
-140.00 10.00 0.0091011
-135.00 10.00 0.0266064
-130.00 10.00 0.022008
-125.00 10.00 -0.0031713
-120.00 10.00 -0.0184312
-115.00 10.00 -0.0192153
-110.00 10.00 -0.0279462
-105.00 10.00 -0.0433555
-100.00 10.00 -0.0447899
-95.00 10.00 -0.0372722
-90.00 10.00 -0.0384303
-85.00 10.00 -0.0372792
-80.00 10.00 -0.0150531
-75.00 10.00 0.0151957
-70.00 10.00 0.0307716
-65.00 10.00 0.0341035
-60.00 10.00 0.0347725
-55.00 10.00 0.0283301
-50.00 10.00 0.0148043
-45.00 10.00 0.006467
-40.00 10.00 0.0054503
-35.00 10.00 0.003383
-30.00 10.00 0.0035034
-25.00 10.00 0.0143016
-20.00 10.00 0.028838
-15.00 10.00 0.0359647
-10.00 10.00 0.0385294
-5.00 10.00 0.0399009
0.00 10.00 0.0319296
5.00 10.00 0.0145187
10.00 10.00 0.0057913
15.00 10.00 0.0156099
20.00 10.00 0.0271113
25.00 10.00 0.019434
30.00 10.00 -0.003833
35.00 10.00 -0.0208439
40.00 10.00 -0.0196941
45.00 10.00 -0.0106963
50.00 10.00 -0.0096793
55.00 10.00 -0.0165184
60.00 10.00 -0.0184958
65.00 10.00 -0.0111457
70.00 10.00 -0.0027245
75.00 10.00 0.0018526
80.00 10.00 0.0069318
85.00 10.00 0.0136019
90.00 10.00 0.0146759
95.00 10.00 0.0057244
100.00 10.00 -0.0091512
105.00 10.00 -0.0245573
110.00 10.00 -0.0373627
115.00 10.00 -0.041352
120.00 10.00 -0.0295586
125.00 10.00 -0.0086939
130.00 10.00 -0.0005398
135.00 10.00 -0.0148589
140.00 10.00 -0.0287534
145.00 10.00 -0.0137938
150.00 10.00 0.0214294
155.00 10.00 0.0423812
160.00 10.00 0.0381241
165.00 10.00 0.0280828
170.00 10.00 0.0239051
175.00 10.00 0.0208799
180.00 10.00 0.0220016
-180.00 15.00 0.0417227
-175.00 15.00 0.0455848
-170.00 15.00 0.0429997
-165.00 15.00 0.0275887
-160.00 15.00 0.0137315
-155.00 15.00 0.0139576
-150.00 15.00 0.0184537
-145.00 15.00 0.0204775
-140.00 15.00 0.0299258
-135.00 15.00 0.0421628
-130.00 15.00 0.033288
-125.00 15.00 0.0028545
-120.00 15.00 -0.0212192
-115.00 15.00 -0.0294384
-110.00 15.00 -0.0372213
-105.00 15.00 -0.0437237
-100.00 15.00 -0.0328413
-95.00 15.00 -0.0122709
-90.00 15.00 -0.0048467
-85.00 15.00 -0.0081433
-80.00 15.00 -0.0035175
-75.00 15.00 0.0080303
-70.00 15.00 0.013853
-65.00 15.00 0.0149447
-60.00 15.00 0.0153521
-55.00 15.00 0.0089078
-50.00 15.00 -0.0025419
-45.00 15.00 -0.003001
-40.00 15.00 0.0106382
-35.00 15.00 0.021104
-30.00 15.00 0.0196216
-25.00 15.00 0.0176969
-20.00 15.00 0.0248841
-15.00 15.00 0.0363069
-10.00 15.00 0.044256
-5.00 15.00 0.0450444
0.00 15.00 0.0354838
5.00 15.00 0.0165557
10.00 15.00 -0.0010351
15.00 15.00 -0.0057261
20.00 15.00 0.0002749
25.00 15.00 0.0018496
30.00 15.00 -0.011106
35.00 15.00 -0.0300133
40.00 15.00 -0.0375511
45.00 15.00 -0.0303522
50.00 15.00 -0.0217779
55.00 15.00 -0.0201344
60.00 15.00 -0.0181803
65.00 15.00 -0.0095843
70.00 15.00 0.0003604
75.00 15.00 0.0080773
80.00 15.00 0.0189027
85.00 15.00 0.0320796
90.00 15.00 0.0350882
95.00 15.00 0.0221242
100.00 15.00 0.002806
105.00 15.00 -0.0147323
110.00 15.00 -0.0317025
115.00 15.00 -0.0422253
120.00 15.00 -0.0317535
125.00 15.00 -0.005919
130.00 15.00 0.0032292
135.00 15.00 -0.0176512
140.00 15.00 -0.034308
145.00 15.00 -0.0114039
150.00 15.00 0.0318431
155.00 15.00 0.0496333
160.00 15.00 0.036772
165.00 15.00 0.0259366
170.00 15.00 0.031179
175.00 15.00 0.0384654
180.00 15.00 0.0417227
-180.00 20.00 0.0457538
-175.00 20.00 0.0390916
-170.00 20.00 0.0313777
-165.00 20.00 0.0222482
-160.00 20.00 0.0221806
-155.00 20.00 0.0348715
-150.00 20.00 0.0441392
-145.00 20.00 0.0402973
-140.00 20.00 0.0361797
-135.00 20.00 0.0384696
-130.00 20.00 0.0314596
-125.00 20.00 0.0061171
-120.00 20.00 -0.0235021
-115.00 20.00 -0.0443576
-110.00 20.00 -0.0557582
-105.00 20.00 -0.0522145
-100.00 20.00 -0.0268447
-95.00 20.00 0.0064415
-90.00 20.00 0.0240116
-85.00 20.00 0.0236537
-80.00 20.00 0.019835
-75.00 20.00 0.0174227
-70.00 20.00 0.0134511
-65.00 20.00 0.0112203
-60.00 20.00 0.0114582
-55.00 20.00 0.0053781
-50.00 20.00 -0.0064911
-45.00 20.00 -0.0075692
-40.00 20.00 0.0080747
-35.00 20.00 0.0226006
-30.00 20.00 0.0215388
-25.00 20.00 0.0150376
-20.00 20.00 0.0194892
-15.00 20.00 0.0340464
-10.00 20.00 0.0466338
-5.00 20.00 0.0504251
0.00 20.00 0.0441249
5.00 20.00 0.0263455
10.00 20.00 0.0014384
15.00 20.00 -0.0154899
20.00 20.00 -0.0131007
25.00 20.00 -0.0022142
30.00 20.00 -0.0051411
35.00 20.00 -0.023858
40.00 20.00 -0.0351624
45.00 20.00 -0.0245549
50.00 20.00 -0.0069389
55.00 20.00 -0.0017223
60.00 20.00 -0.0048692
65.00 20.00 -0.0010836
70.00 20.00 0.0116076
75.00 20.00 0.0255019
80.00 20.00 0.0377324
85.00 20.00 0.0460096
90.00 20.00 0.0427489
95.00 20.00 0.0271409
100.00 20.00 0.0105422
105.00 20.00 -0.0010258
110.00 20.00 -0.0141954
115.00 20.00 -0.0279739
120.00 20.00 -0.0273063
125.00 20.00 -0.0117522
130.00 20.00 -0.0064137
135.00 20.00 -0.0223723
140.00 20.00 -0.0305351
145.00 20.00 -0.0040391
150.00 20.00 0.0353494
155.00 20.00 0.0481566
160.00 20.00 0.0359788
165.00 20.00 0.0309902
170.00 20.00 0.0417912
175.00 20.00 0.0493989
180.00 20.00 0.0457538
-180.00 25.00 0.0350211
-175.00 25.00 0.0250426
-170.00 25.00 0.0229741
-165.00 25.00 0.0245641
-160.00 25.00 0.0305119
-155.00 25.00 0.039381
-150.00 25.00 0.0397168
-145.00 25.00 0.0277821
-140.00 25.00 0.0185756
-135.00 25.00 0.022303
-130.00 25.00 0.025293
-125.00 25.00 0.0097322
-120.00 25.00 -0.0214111
-115.00 25.00 -0.0500915
-110.00 25.00 -0.0606122
-105.00 25.00 -0.0460305
-100.00 25.00 -0.0120002
-95.00 25.00 0.0225008
-90.00 25.00 0.0408954
-85.00 25.00 0.0445997
-80.00 25.00 0.0434781
-75.00 25.00 0.039504
-70.00 25.00 0.0317458
-65.00 25.00 0.0254774
-60.00 25.00 0.0224337
-55.00 25.00 0.0142214
-50.00 25.00 -0.001471
-45.00 25.00 -0.0111277
-40.00 25.00 -0.0045937
-35.00 25.00 0.0088529
-30.00 25.00 0.0158872
-25.00 25.00 0.018429
-20.00 25.00 0.0253175
-15.00 25.00 0.0353457
-10.00 25.00 0.0410399
-5.00 25.00 0.0411298
0.00 25.00 0.0373794
5.00 25.00 0.0262703
10.00 25.00 0.00726
15.00 25.00 -0.0063144
20.00 25.00 -0.0013095
25.00 25.00 0.0118435
30.00 25.00 0.0089959
35.00 25.00 -0.0112614
40.00 25.00 -0.0219183
45.00 25.00 -0.0071502
50.00 25.00 0.0135942
55.00 25.00 0.0158833
60.00 25.00 0.0057925
65.00 25.00 0.0058275
70.00 25.00 0.0197133
75.00 25.00 0.0318818
80.00 25.00 0.0325489
85.00 25.00 0.0246033
90.00 25.00 0.0126001
95.00 25.00 0.0009488
100.00 25.00 -0.0033457
105.00 25.00 0.0003
110.00 25.00 0.0013083
115.00 25.00 -0.0066654
120.00 25.00 -0.0154764
125.00 25.00 -0.0183299
130.00 25.00 -0.0217777
135.00 25.00 -0.0280079
140.00 25.00 -0.0218318
145.00 25.00 0.0053835
150.00 25.00 0.0343526
155.00 25.00 0.0429284
160.00 25.00 0.0385458
165.00 25.00 0.0416636
170.00 25.00 0.0504447
175.00 25.00 0.0482568
180.00 25.00 0.0350211
-180.00 30.00 0.0250236
-175.00 30.00 0.0199631
-170.00 30.00 0.02422
-165.00 30.00 0.0274012
-160.00 30.00 0.0250361
-155.00 30.00 0.0195324
-150.00 30.00 0.011862
-145.00 30.00 0.0050122
-140.00 30.00 0.0075355
-135.00 30.00 0.0205514
-130.00 30.00 0.028032
-125.00 30.00 0.0128975
-120.00 30.00 -0.020325
-115.00 30.00 -0.0475022
-110.00 30.00 -0.0477137
-105.00 30.00 -0.0206406
-100.00 30.00 0.0151231
-95.00 30.00 0.038983
-90.00 30.00 0.0459642
-85.00 30.00 0.0466987
-80.00 30.00 0.0497007
-75.00 30.00 0.0512665
-70.00 30.00 0.0465091
-65.00 30.00 0.0395219
-60.00 30.00 0.0343719
-55.00 30.00 0.0257742
-50.00 30.00 0.0090364
-45.00 30.00 -0.0081599
-40.00 30.00 -0.0140085
-35.00 30.00 -0.0071835
-30.00 30.00 0.0048931
-25.00 30.00 0.016631
-20.00 30.00 0.0252738
-15.00 30.00 0.0270868
-10.00 30.00 0.0213188
-5.00 30.00 0.0141115
0.00 30.00 0.0108318
5.00 30.00 0.0086628
10.00 30.00 0.0046031
15.00 30.00 0.0049412
20.00 30.00 0.0148727
25.00 30.00 0.023106
30.00 30.00 0.0133592
35.00 30.00 -0.0082516
40.00 30.00 -0.01581
45.00 30.00 0.0003995
50.00 30.00 0.0187576
55.00 30.00 0.0180491
60.00 30.00 0.0073637
65.00 30.00 0.0083886
70.00 30.00 0.0209527
75.00 30.00 0.025466
80.00 30.00 0.0127211
85.00 30.00 -0.0068757
90.00 30.00 -0.0207661
95.00 30.00 -0.0252865
100.00 30.00 -0.0206012
105.00 30.00 -0.0086927
110.00 30.00 0.0024041
115.00 30.00 0.0028222
120.00 30.00 -0.0088718
125.00 30.00 -0.0249714
130.00 30.00 -0.035725
135.00 30.00 -0.0327564
140.00 30.00 -0.0125113
145.00 30.00 0.0161543
150.00 30.00 0.0354333
155.00 30.00 0.038361
160.00 30.00 0.037029
165.00 30.00 0.0423195
170.00 30.00 0.0465874
175.00 30.00 0.0387024
180.00 30.00 0.0250236
-180.00 35.00 0.0191707
-175.00 35.00 0.0199613
-170.00 35.00 0.0240676
-165.00 35.00 0.0224507
-160.00 35.00 0.0135513
-155.00 35.00 0.0047051
-150.00 35.00 0.002555
-145.00 35.00 0.0086005
-140.00 35.00 0.0205336
-135.00 35.00 0.0306676
-130.00 35.00 0.026453
-125.00 35.00 0.0018238
-120.00 35.00 -0.0309857
-115.00 35.00 -0.0475069
-110.00 35.00 -0.0327302
-105.00 35.00 0.0041596
-100.00 35.00 0.0379829
-95.00 35.00 0.0507328
-90.00 35.00 0.0461606
-85.00 35.00 0.0409128
-80.00 35.00 0.0438516
-75.00 35.00 0.0491856
-70.00 35.00 0.0493257
-65.00 35.00 0.0458964
-60.00 35.00 0.0433928
-55.00 35.00 0.0389825
-50.00 35.00 0.0263678
-45.00 35.00 0.0068319
-40.00 35.00 -0.0101804
-35.00 35.00 -0.0166132
-30.00 35.00 -0.0118586
-25.00 35.00 -0.0011469
-20.00 35.00 0.0080349
-15.00 35.00 0.0096903
-10.00 35.00 0.0037326
-5.00 35.00 -0.0039287
0.00 35.00 -0.0080351
5.00 35.00 -0.0084884
10.00 35.00 -0.00608
15.00 35.00 0.0011272
20.00 35.00 0.0113506
25.00 35.00 0.0141207
30.00 35.00 0.0018809
35.00 35.00 -0.015105
40.00 35.00 -0.0173555
45.00 35.00 -0.0017438
50.00 35.00 0.0135485
55.00 35.00 0.0145968
60.00 35.00 0.0099262
65.00 35.00 0.0140612
70.00 35.00 0.0235776
75.00 35.00 0.0229284
80.00 35.00 0.0084055
85.00 35.00 -0.0077226
90.00 35.00 -0.0155093
95.00 35.00 -0.0170213
100.00 35.00 -0.0164529
105.00 35.00 -0.012235
110.00 35.00 -0.004092
115.00 35.00 -2.06e-05
120.00 35.00 -0.008912
125.00 35.00 -0.0278338
130.00 35.00 -0.0409533
135.00 35.00 -0.032942
140.00 35.00 -0.0044056
145.00 35.00 0.026463
150.00 35.00 0.0405265
155.00 35.00 0.0364483
160.00 35.00 0.028827
165.00 35.00 0.0278398
170.00 35.00 0.0287359
175.00 35.00 0.0245305
180.00 35.00 0.0191707
-180.00 40.00 0.019324
-175.00 40.00 0.0208837
-170.00 40.00 0.0209375
-165.00 40.00 0.0174841
-160.00 40.00 0.012955
-155.00 40.00 0.0125849
-150.00 40.00 0.0179556
-145.00 40.00 0.0249561
-140.00 40.00 0.0274655
-135.00 40.00 0.0206895
-130.00 40.00 0.0028466
-125.00 40.00 -0.0217024
-120.00 40.00 -0.0405671
-115.00 40.00 -0.0394665
-110.00 40.00 -0.0145905
-105.00 40.00 0.0213098
-100.00 40.00 0.047966
-95.00 40.00 0.0545774
-90.00 40.00 0.0475817
-85.00 40.00 0.041236
-80.00 40.00 0.0423299
-75.00 40.00 0.0465337
-70.00 40.00 0.0481802
-65.00 40.00 0.0482319
-60.00 40.00 0.0500789
-55.00 40.00 0.0514215
-50.00 40.00 0.0451644
-45.00 40.00 0.0280476
-40.00 40.00 0.0053765
-35.00 40.00 -0.0130886
-30.00 40.00 -0.0203235
-25.00 40.00 -0.0158414
-20.00 40.00 -0.0049099
-15.00 40.00 0.0052016
-10.00 40.00 0.0094821
-5.00 40.00 0.0069728
0.00 40.00 -0.0004043
5.00 40.00 -0.0090354
10.00 40.00 -0.0138828
15.00 40.00 -0.011243
20.00 40.00 -0.00384
25.00 40.00 -0.000258
30.00 40.00 -0.0050911
35.00 40.00 -0.0114315
40.00 40.00 -0.0084216
45.00 40.00 0.0042977
50.00 40.00 0.0159173
55.00 40.00 0.0192362
60.00 40.00 0.0190005
65.00 40.00 0.0218907
70.00 40.00 0.0250925
75.00 40.00 0.0216819
80.00 40.00 0.0129523
85.00 40.00 0.0068381
90.00 40.00 0.0052695
95.00 40.00 0.0016879
100.00 40.00 -0.0070305
105.00 40.00 -0.0138362
110.00 40.00 -0.0116794
115.00 40.00 -0.0057633
120.00 40.00 -0.0088087
125.00 40.00 -0.0239659
130.00 40.00 -0.0375265
135.00 40.00 -0.0320708
140.00 40.00 -0.0058399
145.00 40.00 0.0239218
150.00 40.00 0.0379355
155.00 40.00 0.0330651
160.00 40.00 0.0216984
165.00 40.00 0.0157075
170.00 40.00 0.0160373
175.00 40.00 0.017877
180.00 40.00 0.019324
-180.00 45.00 0.0247362
-175.00 45.00 0.0232235
-170.00 45.00 0.0198148
-165.00 45.00 0.0174413
-160.00 45.00 0.0182929
-155.00 45.00 0.0214418
-150.00 45.00 0.0222916
-145.00 45.00 0.0159892
-140.00 45.00 0.0020882
-135.00 45.00 -0.0145677
-130.00 45.00 -0.0272947
-125.00 45.00 -0.0311297
-120.00 45.00 -0.0238647
-115.00 45.00 -0.0062349
-110.00 45.00 0.0171753
-105.00 45.00 0.0383849
-100.00 45.00 0.0501569
-95.00 45.00 0.0513013
-90.00 45.00 0.0473349
-85.00 45.00 0.0448534
-80.00 45.00 0.0454973
-75.00 45.00 0.0463259
-70.00 45.00 0.0454841
-65.00 45.00 0.0452757
-60.00 45.00 0.0484755
-55.00 45.00 0.0529893
-50.00 45.00 0.0522197
-45.00 45.00 0.0411693
-40.00 45.00 0.0216201
-35.00 45.00 0.0014863
-30.00 45.00 -0.0103322
-25.00 45.00 -0.0091745
-20.00 45.00 0.0031109
-15.00 45.00 0.0193764
-10.00 45.00 0.030792
-5.00 45.00 0.0311053
0.00 45.00 0.0198326
5.00 45.00 0.0029402
10.00 45.00 -0.0101764
15.00 45.00 -0.0128317
20.00 45.00 -0.0060098
25.00 45.00 0.0032041
30.00 45.00 0.0090851
35.00 45.00 0.0124748
40.00 45.00 0.0175873
45.00 45.00 0.0251292
50.00 45.00 0.031233
55.00 45.00 0.0328483
60.00 45.00 0.0309073
65.00 45.00 0.0271588
70.00 45.00 0.0211859
75.00 45.00 0.0130291
80.00 45.00 0.006039
85.00 45.00 0.0031402
90.00 45.00 0.0013086
95.00 45.00 -0.0056102
100.00 45.00 -0.0174701
105.00 45.00 -0.0253329
110.00 45.00 -0.0217182
115.00 45.00 -0.0113687
120.00 45.00 -0.0076346
125.00 45.00 -0.0172639
130.00 45.00 -0.0315389
135.00 45.00 -0.0347522
140.00 45.00 -0.0206743
145.00 45.00 0.0013621
150.00 45.00 0.016707
155.00 45.00 0.0195599
160.00 45.00 0.0158928
165.00 45.00 0.014438
170.00 45.00 0.0178305
175.00 45.00 0.0226038
180.00 45.00 0.0247362
-180.00 50.00 0.0192279
-175.00 50.00 0.016061
-170.00 50.00 0.0122489
-165.00 50.00 0.01073
-160.00 50.00 0.0112283
-155.00 50.00 0.0096567
-150.00 50.00 0.0012282
-145.00 50.00 -0.0146024
-140.00 50.00 -0.0317011
-135.00 50.00 -0.0403111
-130.00 50.00 -0.0337197
-125.00 50.00 -0.0130602
-120.00 50.00 0.013558
-115.00 50.00 0.0363558
-110.00 50.00 0.0492338
-105.00 50.00 0.0519065
-100.00 50.00 0.0486066
-95.00 50.00 0.0449197
-90.00 50.00 0.0444467
-85.00 50.00 0.0468901
-80.00 50.00 0.0489069
-75.00 50.00 0.0474653
-70.00 50.00 0.0429831
-65.00 50.00 0.0390857
-60.00 50.00 0.0388934
-55.00 50.00 0.0414719
-50.00 50.00 0.0421226
-45.00 50.00 0.0363598
-40.00 50.00 0.0239436
-35.00 50.00 0.0096441
-30.00 50.00 0.0004366
-25.00 50.00 0.0013055
-20.00 50.00 0.0122126
-15.00 50.00 0.0277735
-10.00 50.00 0.0398447
-5.00 50.00 0.0418901
0.00 50.00 0.0328789
5.00 50.00 0.0182121
10.00 50.00 0.0065316
15.00 50.00 0.0041242
20.00 50.00 0.0110179
25.00 50.00 0.0220024
30.00 50.00 0.0314938
35.00 50.00 0.0375037
40.00 50.00 0.0413096
45.00 50.00 0.0443411
50.00 50.00 0.046273
55.00 50.00 0.0457224
60.00 50.00 0.0416076
65.00 50.00 0.0336651
70.00 50.00 0.0228032
75.00 50.00 0.0115265
80.00 50.00 0.0027957
85.00 50.00 -0.0028746
90.00 50.00 -0.0085193
95.00 50.00 -0.0170675
100.00 50.00 -0.026277
105.00 50.00 -0.0292572
110.00 50.00 -0.0218395
115.00 50.00 -0.0089339
120.00 50.00 -0.0016248
125.00 50.00 -0.0069008
130.00 50.00 -0.0207241
135.00 50.00 -0.0318617
140.00 50.00 -0.0322546
145.00 50.00 -0.0231542
150.00 50.00 -0.0117425
155.00 50.00 -0.003336
160.00 50.00 0.002267
165.00 50.00 0.0078392
170.00 50.00 0.0140831
175.00 50.00 0.0186883
180.00 50.00 0.0192279
-180.00 55.00 -0.0056513
-175.00 55.00 -0.0070357
-170.00 55.00 -0.0078891
-165.00 55.00 -0.0073844
-160.00 55.00 -0.0071302
-155.00 55.00 -0.01033
-150.00 55.00 -0.0187492
-145.00 55.00 -0.0297828
-140.00 55.00 -0.0365226
-135.00 55.00 -0.0316754
-130.00 55.00 -0.0128514
-125.00 55.00 0.0148903
-120.00 55.00 0.0415137
-115.00 55.00 0.0579039
-110.00 55.00 0.0610225
-105.00 55.00 0.0549146
-100.00 55.00 0.0473183
-95.00 55.00 0.0445333
-90.00 55.00 0.0479274
-85.00 55.00 0.0539929
-80.00 55.00 0.0574672
-75.00 55.00 0.0551683
-70.00 55.00 0.0479076
-65.00 55.00 0.0393221
-60.00 55.00 0.0327661
-55.00 55.00 0.0288005
-50.00 55.00 0.0251633
-45.00 55.00 0.0190242
-40.00 55.00 0.009608
-35.00 55.00 -0.0007645
-30.00 55.00 -0.0078419
-25.00 55.00 -0.0079537
-20.00 55.00 -0.0003097
-15.00 55.00 0.0122665
-10.00 55.00 0.0246695
-5.00 55.00 0.0322664
0.00 55.00 0.0334873
5.00 55.00 0.0305609
10.00 55.00 0.0277897
15.00 55.00 0.0285187
20.00 55.00 0.0330429
25.00 55.00 0.0389895
30.00 55.00 0.0436184
35.00 55.00 0.0458983
40.00 55.00 0.0466903
45.00 55.00 0.0473129
50.00 55.00 0.0480913
55.00 55.00 0.0480888
60.00 55.00 0.0459535
65.00 55.00 0.0410812
70.00 55.00 0.0342833
75.00 55.00 0.0273943
80.00 55.00 0.0218428
85.00 55.00 0.017314
90.00 55.00 0.0121388
95.00 55.00 0.0055958
100.00 55.00 -0.0001649
105.00 55.00 -0.0012819
110.00 55.00 0.0039084
115.00 55.00 0.0120371
120.00 55.00 0.0163937
125.00 55.00 0.0121392
130.00 55.00 0.000252
135.00 55.00 -0.0134503
140.00 55.00 -0.0230048
145.00 55.00 -0.02619
150.00 55.00 -0.0245652
155.00 55.00 -0.0207621
160.00 55.00 -0.0163189
165.00 55.00 -0.0117664
170.00 55.00 -0.0078084
175.00 55.00 -0.0055878
180.00 55.00 -0.0056513
-180.00 60.00 -0.0272613
-175.00 60.00 -0.0259821
-170.00 60.00 -0.0231457
-165.00 60.00 -0.0192404
-160.00 60.00 -0.0157162
-155.00 60.00 -0.0140937
-150.00 60.00 -0.0144871
-145.00 60.00 -0.0147319
-140.00 60.00 -0.0111708
-135.00 60.00 -0.0009679
-130.00 60.00 0.0155474
-125.00 60.00 0.0343486
-120.00 60.00 0.0496824
-115.00 60.00 0.0573868
-110.00 60.00 0.0573229
-105.00 60.00 0.0532598
-100.00 60.00 0.0503323
-95.00 60.00 0.0518192
-90.00 60.00 0.0573359
-85.00 60.00 0.0634465
-80.00 60.00 0.0660671
-75.00 60.00 0.0629575
-70.00 60.00 0.0547423
-65.00 60.00 0.0440284
-60.00 60.00 0.0334713
-55.00 60.00 0.0242093
-50.00 60.00 0.0156349
-45.00 60.00 0.0064565
-40.00 60.00 -0.0038417
-35.00 60.00 -0.0141633
-30.00 60.00 -0.0220928
-25.00 60.00 -0.0250897
-20.00 60.00 -0.021848
-15.00 60.00 -0.0130284
-10.00 60.00 -0.0009569
-5.00 60.00 0.011513
0.00 60.00 0.0222732
5.00 60.00 0.0306066
10.00 60.00 0.0368939
15.00 60.00 0.0417491
20.00 60.00 0.0453328
25.00 60.00 0.0473548
30.00 60.00 0.0476257
35.00 60.00 0.0465401
40.00 60.00 0.0449998
45.00 60.00 0.0438478
50.00 60.00 0.0433389
55.00 60.00 0.04311
60.00 60.00 0.0426635
65.00 60.00 0.0419434
70.00 60.00 0.041493
75.00 60.00 0.0419912
80.00 60.00 0.0434979
85.00 60.00 0.0451035
90.00 60.00 0.0454778
95.00 60.00 0.0440037
100.00 60.00 0.0414658
105.00 60.00 0.0394595
110.00 60.00 0.0388511
115.00 60.00 0.038666
120.00 60.00 0.0365512
125.00 60.00 0.0305354
130.00 60.00 0.0205855
135.00 60.00 0.0086618
140.00 60.00 -0.0026304
145.00 60.00 -0.0115414
150.00 60.00 -0.0177107
155.00 60.00 -0.021685
160.00 60.00 -0.0241868
165.00 60.00 -0.0257608
170.00 60.00 -0.0267658
175.00 60.00 -0.0273417
180.00 60.00 -0.0272613
-180.00 65.00 -0.0229257
-175.00 65.00 -0.0201902
-170.00 65.00 -0.0157026
-165.00 65.00 -0.0100149
-160.00 65.00 -0.0039391
-155.00 65.00 0.0018555
-150.00 65.00 0.0072691
-145.00 65.00 0.0128799
-140.00 65.00 0.0195404
-135.00 65.00 0.0276443
-130.00 65.00 0.036563
-125.00 65.00 0.0447291
-120.00 65.00 0.0504304
-115.00 65.00 0.0528445
-110.00 65.00 0.0526136
-105.00 65.00 0.0515202
-100.00 65.00 0.0514314
-95.00 65.00 0.0531754
-90.00 65.00 0.0560649
-85.00 65.00 0.0583436
-80.00 65.00 0.0582369
-75.00 65.00 0.0549257
-70.00 65.00 0.0488697
-65.00 65.00 0.0413588
-60.00 65.00 0.0336572
-55.00 65.00 0.0263112
-50.00 65.00 0.0190212
-45.00 65.00 0.011096
-40.00 65.00 0.002156
-35.00 65.00 -0.0073538
-30.00 65.00 -0.0161308
-25.00 65.00 -0.0224604
-20.00 65.00 -0.0248856
-15.00 65.00 -0.0227574
-10.00 65.00 -0.0164172
-5.00 65.00 -0.0069822
0.00 65.00 0.004096
5.00 65.00 0.0154496
10.00 65.00 0.0260209
15.00 65.00 0.0350907
20.00 65.00 0.0422197
25.00 65.00 0.0472103
30.00 65.00 0.0501051
35.00 65.00 0.0511629
40.00 65.00 0.0507669
45.00 65.00 0.0493089
50.00 65.00 0.0471411
55.00 65.00 0.0446457
60.00 65.00 0.042356
65.00 65.00 0.0409788
70.00 65.00 0.0412071
75.00 65.00 0.0433669
80.00 65.00 0.0471108
85.00 65.00 0.0514114
90.00 65.00 0.0549387
95.00 65.00 0.0566334
100.00 65.00 0.0561093
105.00 65.00 0.0536236
110.00 65.00 0.0496824
115.00 65.00 0.0446203
120.00 65.00 0.0384836
125.00 65.00 0.0312485
130.00 65.00 0.0231195
135.00 65.00 0.0146187
140.00 65.00 0.0064012
145.00 65.00 -0.0010196
150.00 65.00 -0.0074161
155.00 65.00 -0.012787
160.00 65.00 -0.0171923
165.00 65.00 -0.0206132
170.00 65.00 -0.0228958
175.00 65.00 -0.0237682
180.00 65.00 -0.0229257
-180.00 70.00 -0.0045105
-175.00 70.00 -0.0010063
-170.00 70.00 0.0035102
-165.00 70.00 0.0088095
-160.00 70.00 0.0145727
-155.00 70.00 0.0204815
-150.00 70.00 0.0262969
-145.00 70.00 0.0318712
-140.00 70.00 0.0370816
-135.00 70.00 0.0417311
-130.00 70.00 0.0455066
-125.00 70.00 0.0480513
-120.00 70.00 0.0491347
-115.00 70.00 0.0488164
-110.00 70.00 0.047484
-105.00 70.00 0.0457169
-100.00 70.00 0.0440378
-95.00 70.00 0.0426981
-90.00 70.00 0.0416243
-85.00 70.00 0.0405536
-80.00 70.00 0.0392641
-75.00 70.00 0.0377471
-70.00 70.00 0.0362073
-65.00 70.00 0.0348911
-60.00 70.00 0.0338492
-55.00 70.00 0.0327844
-50.00 70.00 0.0310878
-45.00 70.00 0.0280614
-40.00 70.00 0.0232305
-35.00 70.00 0.0166003
-30.00 70.00 0.0087461
-25.00 70.00 0.0007005
-20.00 70.00 -0.0063098
-15.00 70.00 -0.0111686
-10.00 70.00 -0.0131113
-5.00 70.00 -0.0118385
0.00 70.00 -0.0075011
5.00 70.00 -0.0006005
10.00 70.00 0.0081381
15.00 70.00 0.0178809
20.00 70.00 0.0277751
25.00 70.00 0.037016
30.00 70.00 0.0449031
35.00 70.00 0.0508908
40.00 70.00 0.0546392
45.00 70.00 0.0560647
50.00 70.00 0.0553818
55.00 70.00 0.0531109
60.00 70.00 0.0500193
65.00 70.00 0.0469757
70.00 70.00 0.0447341
75.00 70.00 0.043712
80.00 70.00 0.0438543
85.00 70.00 0.0446513
90.00 70.00 0.0453187
95.00 70.00 0.045068
100.00 70.00 0.0433525
105.00 70.00 0.0399949
110.00 70.00 0.0351715
115.00 70.00 0.0292977
120.00 70.00 0.0228892
125.00 70.00 0.0164525
130.00 70.00 0.0104175
135.00 70.00 0.0050992
140.00 70.00 0.0006767
145.00 70.00 -0.0028047
150.00 70.00 -0.005401
155.00 70.00 -0.0072098
160.00 70.00 -0.0083032
165.00 70.00 -0.0086815
170.00 70.00 -0.0082631
175.00 70.00 -0.0069144
180.00 70.00 -0.0045105
-180.00 75.00 0.0034778
-175.00 75.00 0.0073307
-170.00 75.00 0.0115207
-165.00 75.00 0.0159479
-160.00 75.00 0.0204858
-155.00 75.00 0.0249861
-150.00 75.00 0.0292857
-145.00 75.00 0.0332115
-140.00 75.00 0.0365876
-135.00 75.00 0.0392479
-130.00 75.00 0.041057
-125.00 75.00 0.041936
-120.00 75.00 0.0418881
-115.00 75.00 0.0410125
-110.00 75.00 0.039499
-105.00 75.00 0.0376013
-100.00 75.00 0.0356017
-95.00 75.00 0.0337755
-90.00 75.00 0.0323661
-85.00 75.00 0.0315695
-80.00 75.00 0.0315215
-75.00 75.00 0.0322777
-70.00 75.00 0.0337804
-65.00 75.00 0.0358241
-60.00 75.00 0.0380398
-55.00 75.00 0.0399173
-50.00 75.00 0.0408772
-45.00 75.00 0.0403826
-40.00 75.00 0.0380648
-35.00 75.00 0.0338279
-30.00 75.00 0.0278983
-25.00 75.00 0.0208078
-20.00 75.00 0.0133142
-15.00 75.00 0.0062795
-10.00 75.00 0.0005348
-5.00 75.00 -0.0032408
0.00 75.00 -0.0046066
5.00 75.00 -0.0034072
10.00 75.00 0.0002237
15.00 75.00 0.0058947
20.00 75.00 0.0130161
25.00 75.00 0.0208756
30.00 75.00 0.028724
35.00 75.00 0.0358644
40.00 75.00 0.0417345
45.00 75.00 0.045972
50.00 75.00 0.0484504
55.00 75.00 0.0492768
60.00 75.00 0.0487449
65.00 75.00 0.0472496
70.00 75.00 0.0451844
75.00 75.00 0.0428484
80.00 75.00 0.0403883
85.00 75.00 0.03779
90.00 75.00 0.0349224
95.00 75.00 0.0316133
100.00 75.00 0.0277314
105.00 75.00 0.0232476
110.00 75.00 0.018263
115.00 75.00 0.0129986
120.00 75.00 0.0077545
125.00 75.00 0.0028551
130.00 75.00 -0.0014048
135.00 75.00 -0.0048019
140.00 75.00 -0.0072081
145.00 75.00 -0.0085917
150.00 75.00 -0.0090001
155.00 75.00 -0.0085304
160.00 75.00 -0.0072974
165.00 75.00 -0.0054073
170.00 75.00 -0.0029431
175.00 75.00 3.5e-05
180.00 75.00 0.0034778
-180.00 80.00 -0.0014649
-175.00 80.00 0.001526
-170.00 80.00 0.0046874
-165.00 80.00 0.0079413
-160.00 80.00 0.0112069
-155.00 80.00 0.0144013
-150.00 80.00 0.0174397
-145.00 80.00 0.0202393
-140.00 80.00 0.022725
-135.00 80.00 0.0248374
-130.00 80.00 0.0265391
-125.00 80.00 0.0278197
-120.00 80.00 0.0287004
-115.00 80.00 0.0292352
-110.00 80.00 0.0295078
-105.00 80.00 0.0296238
-100.00 80.00 0.0296996
-95.00 80.00 0.0298501
-90.00 80.00 0.030174
-85.00 80.00 0.0307386
-80.00 80.00 0.0315659
-75.00 80.00 0.0326213
-70.00 80.00 0.03381
-65.00 80.00 0.034979
-60.00 80.00 0.0359301
-55.00 80.00 0.0364422
-50.00 80.00 0.0363001
-45.00 80.00 0.0353291
-40.00 80.00 0.0334269
-35.00 80.00 0.0305891
-30.00 80.00 0.0269209
-25.00 80.00 0.0226328
-20.00 80.00 0.0180212
-15.00 80.00 0.0134369
-10.00 80.00 0.0092453
-5.00 80.00 0.0057831
0.00 80.00 0.0033186
5.00 80.00 0.0020236
10.00 80.00 0.0019569
15.00 80.00 0.0030623
20.00 80.00 0.0051785
25.00 80.00 0.0080611
30.00 80.00 0.011415
35.00 80.00 0.0149293
40.00 80.00 0.0183101
45.00 80.00 0.0213066
50.00 80.00 0.02373
55.00 80.00 0.025462
60.00 80.00 0.0264515
65.00 80.00 0.0267024
70.00 80.00 0.0262559
75.00 80.00 0.025173
80.00 80.00 0.0235218
85.00 80.00 0.0213685
90.00 80.00 0.0187767
95.00 80.00 0.0158113
100.00 80.00 0.0125463
105.00 80.00 0.0090723
110.00 80.00 0.0054999
115.00 80.00 0.0019573
120.00 80.00 -0.0014166
125.00 80.00 -0.0044834
130.00 80.00 -0.0071168
135.00 80.00 -0.0092135
140.00 80.00 -0.0107006
145.00 80.00 -0.0115393
150.00 80.00 -0.0117237
155.00 80.00 -0.0112756
160.00 80.00 -0.010238
165.00 80.00 -0.0086688
170.00 80.00 -0.0066355
175.00 80.00 -0.0042099
180.00 80.00 -0.0014649
-180.00 85.00 -0.0056614
-175.00 85.00 -0.0043121
-170.00 85.00 -0.0028612
-165.00 85.00 -0.0013333
-160.00 85.00 0.0002487
-155.00 85.00 0.0018585
-150.00 85.00 0.0034654
-145.00 85.00 0.0050392
-140.00 85.00 0.0065568
-135.00 85.00 0.0080051
-130.00 85.00 0.009377
-125.00 85.00 0.0106652
-120.00 85.00 0.0118604
-115.00 85.00 0.0129546
-110.00 85.00 0.0139469
-105.00 85.00 0.0148433
-100.00 85.00 0.0156511
-95.00 85.00 0.0163715
-90.00 85.00 0.0169971
-85.00 85.00 0.0175151
-80.00 85.00 0.0179134
-75.00 85.00 0.0181816
-70.00 85.00 0.0183078
-65.00 85.00 0.0182738
-60.00 85.00 0.0180568
-55.00 85.00 0.0176356
-50.00 85.00 0.0169999
-45.00 85.00 0.0161533
-40.00 85.00 0.0151107
-35.00 85.00 0.0138939
-30.00 85.00 0.0125305
-25.00 85.00 0.0110574
-20.00 85.00 0.0095243
-15.00 85.00 0.0079909
-10.00 85.00 0.006519
-5.00 85.00 0.0051627
0.00 85.00 0.0039636
5.00 85.00 0.002952
10.00 85.00 0.0021489
15.00 85.00 0.001566
20.00 85.00 0.001201
25.00 85.00 0.0010337
30.00 85.00 0.0010271
35.00 85.00 0.0011344
40.00 85.00 0.0013073
45.00 85.00 0.001501
50.00 85.00 0.0016736
55.00 85.00 0.0017841
60.00 85.00 0.0017935
65.00 85.00 0.0016697
70.00 85.00 0.0013938
75.00 85.00 0.0009614
80.00 85.00 0.0003787
85.00 85.00 -0.0003432
90.00 85.00 -0.0011908
95.00 85.00 -0.0021458
100.00 85.00 -0.0031815
105.00 85.00 -0.0042616
110.00 85.00 -0.0053455
115.00 85.00 -0.0063945
120.00 85.00 -0.0073753
125.00 85.00 -0.0082579
130.00 85.00 -0.0090116
135.00 85.00 -0.0096042
140.00 85.00 -0.0100066
145.00 85.00 -0.010199
150.00 85.00 -0.0101735
155.00 85.00 -0.0099305
160.00 85.00 -0.0094736
165.00 85.00 -0.0088066
170.00 85.00 -0.0079368
175.00 85.00 -0.0068799
180.00 85.00 -0.0056614
-180.00 90.00 -0.0021077
-175.00 90.00 -0.0021077
-170.00 90.00 -0.0021077
-165.00 90.00 -0.0021077
-160.00 90.00 -0.0021077
-155.00 90.00 -0.0021077
-150.00 90.00 -0.0021077
-145.00 90.00 -0.0021077
-140.00 90.00 -0.0021077
-135.00 90.00 -0.0021077
-130.00 90.00 -0.0021077
-125.00 90.00 -0.0021077
-120.00 90.00 -0.0021077
-115.00 90.00 -0.0021077
-110.00 90.00 -0.0021077
-105.00 90.00 -0.0021077
-100.00 90.00 -0.0021077
-95.00 90.00 -0.0021077
-90.00 90.00 -0.0021077
-85.00 90.00 -0.0021077
-80.00 90.00 -0.0021077
-75.00 90.00 -0.0021077
-70.00 90.00 -0.0021077
-65.00 90.00 -0.0021077
-60.00 90.00 -0.0021077
-55.00 90.00 -0.0021077
-50.00 90.00 -0.0021077
-45.00 90.00 -0.0021077
-40.00 90.00 -0.0021077
-35.00 90.00 -0.0021077
-30.00 90.00 -0.0021077
-25.00 90.00 -0.0021077
-20.00 90.00 -0.0021077
-15.00 90.00 -0.0021077
-10.00 90.00 -0.0021077
-5.00 90.00 -0.0021077
0.00 90.00 -0.0021077
5.00 90.00 -0.0021077
10.00 90.00 -0.0021077
15.00 90.00 -0.0021077
20.00 90.00 -0.0021077
25.00 90.00 -0.0021077
30.00 90.00 -0.0021077
35.00 90.00 -0.0021077
40.00 90.00 -0.0021077
45.00 90.00 -0.0021077
50.00 90.00 -0.0021077
55.00 90.00 -0.0021077
60.00 90.00 -0.0021077
65.00 90.00 -0.0021077
70.00 90.00 -0.0021077
75.00 90.00 -0.0021077
80.00 90.00 -0.0021077
85.00 90.00 -0.0021077
90.00 90.00 -0.0021077
95.00 90.00 -0.0021077
100.00 90.00 -0.0021077
105.00 90.00 -0.0021077
110.00 90.00 -0.0021077
115.00 90.00 -0.0021077
120.00 90.00 -0.0021077
125.00 90.00 -0.0021077
130.00 90.00 -0.0021077
135.00 90.00 -0.0021077
140.00 90.00 -0.0021077
145.00 90.00 -0.0021077
150.00 90.00 -0.0021077
155.00 90.00 -0.0021077
160.00 90.00 -0.0021077
165.00 90.00 -0.0021077
170.00 90.00 -0.0021077
175.00 90.00 -0.0021077
180.00 90.00 -0.0021077
