-180.00 -90.00 0.004349
-175.00 -90.00 0.004349
-170.00 -90.00 0.0043491
-165.00 -90.00 0.0043491
-160.00 -90.00 0.004349
-155.00 -90.00 0.0043489
-150.00 -90.00 0.0043488
-145.00 -90.00 0.0043486
-140.00 -90.00 0.0043484
-135.00 -90.00 0.0043482
-130.00 -90.00 0.0043479
-125.00 -90.00 0.0043477
-120.00 -90.00 0.0043474
-115.00 -90.00 0.0043472
-110.00 -90.00 0.0043469
-105.00 -90.00 0.0043467
-100.00 -90.00 0.0043465
-95.00 -90.00 0.0043464
-90.00 -90.00 0.0043463
-85.00 -90.00 0.0043462
-80.00 -90.00 0.0043461
-75.00 -90.00 0.0043462
-70.00 -90.00 0.0043462
-65.00 -90.00 0.0043463
-60.00 -90.00 0.0043464
-55.00 -90.00 0.0043466
-50.00 -90.00 0.0043468
-45.00 -90.00 0.004347
-40.00 -90.00 0.0043473
-35.00 -90.00 0.0043475
-30.00 -90.00 0.0043478
-25.00 -90.00 0.004348
-20.00 -90.00 0.0043483
-15.00 -90.00 0.0043485
-10.00 -90.00 0.0043487
-5.00 -90.00 0.0043488
0.00 -90.00 0.004349
5.00 -90.00 0.004349
10.00 -90.00 0.0043491
15.00 -90.00 0.0043491
20.00 -90.00 0.004349
25.00 -90.00 0.0043489
30.00 -90.00 0.0043488
35.00 -90.00 0.0043486
40.00 -90.00 0.0043484
45.00 -90.00 0.0043482
50.00 -90.00 0.0043479
55.00 -90.00 0.0043477
60.00 -90.00 0.0043474
65.00 -90.00 0.0043472
70.00 -90.00 0.004347
75.00 -90.00 0.0043467
80.00 -90.00 0.0043465
85.00 -90.00 0.0043464
90.00 -90.00 0.0043463
95.00 -90.00 0.0043462
100.00 -90.00 0.0043462
105.00 -90.00 0.0043462
110.00 -90.00 0.0043462
115.00 -90.00 0.0043463
120.00 -90.00 0.0043465
125.00 -90.00 0.0043466
130.00 -90.00 0.0043468
135.00 -90.00 0.004347
140.00 -90.00 0.0043473
145.00 -90.00 0.0043475
150.00 -90.00 0.0043478
155.00 -90.00 0.004348
160.00 -90.00 0.0043483
165.00 -90.00 0.0043485
170.00 -90.00 0.0043487
175.00 -90.00 0.0043488
180.00 -90.00 0.004349
-180.00 -85.00 0.0044304
-175.00 -85.00 0.0043076
-170.00 -85.00 0.0041726
-165.00 -85.00 0.0040243
-160.00 -85.00 0.0038626
-155.00 -85.00 0.0036885
-150.00 -85.00 0.0035037
-145.00 -85.00 0.003311
-140.00 -85.00 0.0031134
-135.00 -85.00 0.002914
-130.00 -85.00 0.0027158
-125.00 -85.00 0.0025215
-120.00 -85.00 0.0023337
-115.00 -85.00 0.0021546
-110.00 -85.00 0.0019862
-105.00 -85.00 0.0018301
-100.00 -85.00 0.0016878
-95.00 -85.00 0.0015608
-90.00 -85.00 0.0014512
-85.00 -85.00 0.0013618
-80.00 -85.00 0.001295
-75.00 -85.00 0.0012535
-70.00 -85.00 0.0012401
-65.00 -85.00 0.0012573
-60.00 -85.00 0.0013074
-55.00 -85.00 0.0013921
-50.00 -85.00 0.0015124
-45.00 -85.00 0.0016679
-40.00 -85.00 0.0018575
-35.00 -85.00 0.0020794
-30.00 -85.00 0.002331
-25.00 -85.00 0.0026091
-20.00 -85.00 0.0029101
-15.00 -85.00 0.0032298
-10.00 -85.00 0.003564
-5.00 -85.00 0.0039084
0.00 -85.00 0.0042586
5.00 -85.00 0.0046103
10.00 -85.00 0.0049591
15.00 -85.00 0.0053005
20.00 -85.00 0.0056299
25.00 -85.00 0.0059426
30.00 -85.00 0.0062342
35.00 -85.00 0.0065004
40.00 -85.00 0.0067372
45.00 -85.00 0.0069409
50.00 -85.00 0.0071083
55.00 -85.00 0.0072369
60.00 -85.00 0.007325
65.00 -85.00 0.0073724
70.00 -85.00 0.0073795
75.00 -85.00 0.0073478
80.00 -85.00 0.0072798
85.00 -85.00 0.007179
90.00 -85.00 0.0070499
95.00 -85.00 0.0068976
100.00 -85.00 0.0067277
105.00 -85.00 0.0065455
110.00 -85.00 0.0063565
115.00 -85.00 0.0061657
120.00 -85.00 0.005978
125.00 -85.00 0.0057974
130.00 -85.00 0.0056267
135.00 -85.00 0.005468
140.00 -85.00 0.005322
145.00 -85.00 0.0051888
150.00 -85.00 0.0050673
155.00 -85.00 0.0049557
160.00 -85.00 0.004851
165.00 -85.00 0.0047498
170.00 -85.00 0.0046484
175.00 -85.00 0.004543
180.00 -85.00 0.0044304
-180.00 -80.00 0.0056368
-175.00 -80.00 0.0055506
-170.00 -80.00 0.0053745
-165.00 -80.00 0.0051022
-160.00 -80.00 0.0047379
-155.00 -80.00 0.0042964
-150.00 -80.00 0.0038012
-145.00 -80.00 0.0032802
-140.00 -80.00 0.0027628
-135.00 -80.00 0.0022759
-130.00 -80.00 0.0018402
-125.00 -80.00 0.0014669
-120.00 -80.00 0.0011574
-115.00 -80.00 0.0009044
-110.00 -80.00 0.0006937
-105.00 -80.00 0.000507
-100.00 -80.00 0.0003258
-95.00 -80.00 0.0001354
-90.00 -80.00 -7.16e-05
-85.00 -80.00 -0.0002946
-80.00 -80.00 -0.0005247
-75.00 -80.00 -0.0007458
-70.00 -80.00 -0.0009362
-65.00 -80.00 -0.0010728
-60.00 -80.00 -0.0011353
-55.00 -80.00 -0.0011085
-50.00 -80.00 -0.0009844
-45.00 -80.00 -0.0007629
-40.00 -80.00 -0.0004522
-35.00 -80.00 -6.75e-05
-30.00 -80.00 0.0003734
-25.00 -80.00 0.0008524
-20.00 -80.00 0.0013536
-15.00 -80.00 0.0018647
-10.00 -80.00 0.0023788
-5.00 -80.00 0.0028944
0.00 -80.00 0.0034132
5.00 -80.00 0.0039374
10.00 -80.00 0.0044685
15.00 -80.00 0.0050063
20.00 -80.00 0.0055473
25.00 -80.00 0.0060843
30.00 -80.00 0.0066068
35.00 -80.00 0.007103
40.00 -80.00 0.0075603
45.00 -80.00 0.0079659
50.00 -80.00 0.0083072
55.00 -80.00 0.0085733
60.00 -80.00 0.0087561
65.00 -80.00 0.0088505
70.00 -80.00 0.0088549
75.00 -80.00 0.0087722
80.00 -80.00 0.0086108
85.00 -80.00 0.0083831
90.00 -80.00 0.0081045
95.00 -80.00 0.0077919
100.00 -80.00 0.0074624
105.00 -80.00 0.0071314
110.00 -80.00 0.0068113
115.00 -80.00 0.0065112
120.00 -80.00 0.0062377
125.00 -80.00 0.0059961
130.00 -80.00 0.0057904
135.00 -80.00 0.0056247
140.00 -80.00 0.0055029
145.00 -80.00 0.0054284
150.00 -80.00 0.0054016
155.00 -80.00 0.0054186
160.00 -80.00 0.0054699
165.00 -80.00 0.0055401
170.00 -80.00 0.0056081
175.00 -80.00 0.0056487
180.00 -80.00 0.0056368
-180.00 -75.00 0.0065767
-175.00 -75.00 0.0065677
-170.00 -75.00 0.0063603
-165.00 -75.00 0.0059294
-160.00 -75.00 0.0052828
-155.00 -75.00 0.0044596
-150.00 -75.00 0.003524
-145.00 -75.00 0.0025556
-140.00 -75.00 0.0016382
-135.00 -75.00 0.000848
-130.00 -75.00 0.0002424
-125.00 -75.00 -0.0001481
-120.00 -75.00 -0.0003238
-115.00 -75.00 -0.0003158
-110.00 -75.00 -0.0001808
-105.00 -75.00 8.3e-06
-100.00 -75.00 0.0001764
-95.00 -75.00 0.0002589
-90.00 -75.00 0.0002137
-85.00 -75.00 2.86e-05
-80.00 -75.00 -0.0002771
-75.00 -75.00 -0.0006577
-70.00 -75.00 -0.0010507
-65.00 -75.00 -0.001388
-60.00 -75.00 -0.0016078
-55.00 -75.00 -0.0016647
-50.00 -75.00 -0.001537
-45.00 -75.00 -0.0012292
-40.00 -75.00 -0.0007714
-35.00 -75.00 -0.0002138
-30.00 -75.00 0.0003827
-25.00 -75.00 0.0009589
-20.00 -75.00 0.0014696
-15.00 -75.00 0.001892
-10.00 -75.00 0.0022296
-5.00 -75.00 0.002509
0.00 -75.00 0.0027699
5.00 -75.00 0.003053
10.00 -75.00 0.003388
15.00 -75.00 0.0037873
20.00 -75.00 0.0042438
25.00 -75.00 0.0047361
30.00 -75.00 0.0052363
35.00 -75.00 0.0057177
40.00 -75.00 0.0061595
45.00 -75.00 0.0065478
50.00 -75.00 0.006874
55.00 -75.00 0.0071312
60.00 -75.00 0.0073119
65.00 -75.00 0.007409
70.00 -75.00 0.0074186
75.00 -75.00 0.0073444
80.00 -75.00 0.0072014
85.00 -75.00 0.0070164
90.00 -75.00 0.0068247
95.00 -75.00 0.0066627
100.00 -75.00 0.0065589
105.00 -75.00 0.006525
110.00 -75.00 0.006552
115.00 -75.00 0.006611
120.00 -75.00 0.0066615
125.00 -75.00 0.0066641
130.00 -75.00 0.0065934
135.00 -75.00 0.0064478
140.00 -75.00 0.0062513
145.00 -75.00 0.0060485
150.00 -75.00 0.0058915
155.00 -75.00 0.0058243
160.00 -75.00 0.0058688
165.00 -75.00 0.0060166
170.00 -75.00 0.0062283
175.00 -75.00 0.0064399
180.00 -75.00 0.0065767
-180.00 -70.00 0.0052581
-175.00 -70.00 0.005392
-170.00 -70.00 0.0053051
-165.00 -70.00 0.0049718
-160.00 -70.00 0.0044029
-155.00 -70.00 0.0036363
-150.00 -70.00 0.0027298
-145.00 -70.00 0.0017578
-140.00 -70.00 0.0008063
-135.00 -70.00 -3.44e-05
-130.00 -70.00 -0.0006817
-125.00 -70.00 -0.0010737
-120.00 -70.00 -0.0011815
-115.00 -70.00 -0.0010188
-110.00 -70.00 -0.0006436
-105.00 -70.00 -0.0001524
-100.00 -70.00 0.000338
-95.00 -70.00 0.0007163
-90.00 -70.00 0.0009044
-85.00 -70.00 0.0008755
-80.00 -70.00 0.0006563
-75.00 -70.00 0.0003127
-70.00 -70.00 -7.16e-05
-65.00 -70.00 -0.0004162
-60.00 -70.00 -0.0006551
-55.00 -70.00 -0.0007397
-50.00 -70.00 -0.0006391
-45.00 -70.00 -0.0003416
-40.00 -70.00 0.0001384
-35.00 -70.00 0.0007548
-30.00 -70.00 0.0014308
-25.00 -70.00 0.0020714
-20.00 -70.00 0.0025875
-15.00 -70.00 0.0029234
-10.00 -70.00 0.0030764
-5.00 -70.00 0.0030989
0.00 -70.00 0.0030796
5.00 -70.00 0.0031113
10.00 -70.00 0.0032571
15.00 -70.00 0.0035303
20.00 -70.00 0.0038933
25.00 -70.00 0.0042776
30.00 -70.00 0.0046128
35.00 -70.00 0.0048522
40.00 -70.00 0.0049852
45.00 -70.00 0.0050312
50.00 -70.00 0.0050222
55.00 -70.00 0.0049831
60.00 -70.00 0.0049212
65.00 -70.00 0.0048275
70.00 -70.00 0.0046903
75.00 -70.00 0.0045103
80.00 -70.00 0.0043129
85.00 -70.00 0.00415
90.00 -70.00 0.0040918
95.00 -70.00 0.0042086
100.00 -70.00 0.0045475
105.00 -70.00 0.005108
110.00 -70.00 0.0058278
115.00 -70.00 0.0065848
120.00 -70.00 0.0072227
125.00 -70.00 0.0075937
130.00 -70.00 0.0076047
135.00 -70.00 0.0072493
140.00 -70.00 0.0066128
145.00 -70.00 0.0058481
150.00 -70.00 0.0051306
155.00 -70.00 0.0046086
160.00 -70.00 0.0043652
165.00 -70.00 0.0044011
170.00 -70.00 0.0046433
175.00 -70.00 0.0049723
180.00 -70.00 0.0052581
-180.00 -65.00 0.003215
-175.00 -65.00 0.0032418
-170.00 -65.00 0.003155
-165.00 -65.00 0.0030349
-160.00 -65.00 0.0029187
-155.00 -65.00 0.0027745
-150.00 -65.00 0.0025276
-145.00 -65.00 0.0021151
-140.00 -65.00 0.0015323
-135.00 -65.00 0.0008426
-130.00 -65.00 0.0001555
-125.00 -65.00 -0.0004055
-120.00 -65.00 -0.0007318
-115.00 -65.00 -0.0007552
-110.00 -65.00 -0.0004737
-105.00 -65.00 3.16e-05
-100.00 -65.00 0.0006077
-95.00 -65.00 0.0010802
-90.00 -65.00 0.0013226
-85.00 -65.00 0.0013077
-80.00 -65.00 0.0011073
-75.00 -65.00 0.000841
-70.00 -65.00 0.0006093
-65.00 -65.00 0.0004514
-60.00 -65.00 0.0003488
-55.00 -65.00 0.0002662
-50.00 -65.00 0.0001976
-45.00 -65.00 0.0001896
-40.00 -65.00 0.0003269
-35.00 -65.00 0.0006861
-30.00 -65.00 0.0012832
-25.00 -65.00 0.0020448
-20.00 -65.00 0.0028238
-15.00 -65.00 0.0034575
-10.00 -65.00 0.0038376
-5.00 -65.00 0.0039569
0.00 -65.00 0.003906
5.00 -65.00 0.0038258
10.00 -65.00 0.0038406
15.00 -65.00 0.0040046
20.00 -65.00 0.0042857
25.00 -65.00 0.0045883
30.00 -65.00 0.0048022
35.00 -65.00 0.0048526
40.00 -65.00 0.004726
45.00 -65.00 0.0044627
50.00 -65.00 0.004122
55.00 -65.00 0.0037468
60.00 -65.00 0.0033485
65.00 -65.00 0.0029222
70.00 -65.00 0.0024753
75.00 -65.00 0.0020465
80.00 -65.00 0.0017019
85.00 -65.00 0.001516
90.00 -65.00 0.0015541
95.00 -65.00 0.0018642
100.00 -65.00 0.0024704
105.00 -65.00 0.0033526
110.00 -65.00 0.0044164
115.00 -65.00 0.0054786
120.00 -65.00 0.0062976
125.00 -65.00 0.0066505
130.00 -65.00 0.0064244
135.00 -65.00 0.0056716
140.00 -65.00 0.0045966
145.00 -65.00 0.0034829
150.00 -65.00 0.0025956
155.00 -65.00 0.0021001
160.00 -65.00 0.0020249
165.00 -65.00 0.0022706
170.00 -65.00 0.0026608
175.00 -65.00 0.0030148
180.00 -65.00 0.003215
-180.00 -60.00 0.0033331
-175.00 -60.00 0.0028133
-170.00 -60.00 0.0023516
-165.00 -60.00 0.0022166
-160.00 -60.00 0.0024444
-155.00 -60.00 0.002805
-150.00 -60.00 0.0029531
-145.00 -60.00 0.002651
-140.00 -60.00 0.0019016
-135.00 -60.00 0.0009131
-130.00 -60.00 -4.01e-05
-125.00 -60.00 -0.0007341
-120.00 -60.00 -0.0010257
-115.00 -60.00 -0.0008374
-110.00 -60.00 -0.0001684
-105.00 -60.00 0.0008542
-100.00 -60.00 0.001954
-95.00 -60.00 0.0027817
-90.00 -60.00 0.0030735
-85.00 -60.00 0.0027893
-80.00 -60.00 0.0021256
-75.00 -60.00 0.001392
-70.00 -60.00 0.0008415
-65.00 -60.00 0.0005648
-60.00 -60.00 0.0004949
-55.00 -60.00 0.0004891
-50.00 -60.00 0.0004267
-45.00 -60.00 0.0002828
-40.00 -60.00 0.0001554
-35.00 -60.00 0.0002281
-30.00 -60.00 0.0006704
-25.00 -60.00 0.0015173
-20.00 -60.00 0.0026107
-15.00 -60.00 0.003654
-10.00 -60.00 0.0043548
-5.00 -60.00 0.0045662
0.00 -60.00 0.004342
5.00 -60.00 0.003888
10.00 -60.00 0.003455
15.00 -60.00 0.0032321
20.00 -60.00 0.0032824
25.00 -60.00 0.0035348
30.00 -60.00 0.0038292
35.00 -60.00 0.0039945
40.00 -60.00 0.003923
45.00 -60.00 0.0035997
50.00 -60.00 0.0030729
55.00 -60.00 0.0023975
60.00 -60.00 0.0016083
65.00 -60.00 0.0007512
70.00 -60.00 -6.45e-05
75.00 -60.00 -0.0006627
80.00 -60.00 -0.0008801
85.00 -60.00 -0.0006723
90.00 -60.00 -0.0001475
95.00 -60.00 0.0005148
100.00 -60.00 0.0011923
105.00 -60.00 0.0018708
110.00 -60.00 0.0025696
115.00 -60.00 0.0032182
120.00 -60.00 0.0036249
125.00 -60.00 0.0035859
130.00 -60.00 0.0030504
135.00 -60.00 0.0021954
140.00 -60.00 0.0013492
145.00 -60.00 0.0008262
150.00 -60.00 0.0007941
155.00 -60.00 0.0012364
160.00 -60.00 0.0019895
165.00 -60.00 0.0028021
170.00 -60.00 0.003403
175.00 -60.00 0.0035907
180.00 -60.00 0.0033331
-180.00 -55.00 0.0045378
-175.00 -55.00 0.0035596
-170.00 -55.00 0.002768
-165.00 -55.00 0.0025911
-160.00 -55.00 0.002994
-155.00 -55.00 0.0034204
-150.00 -55.00 0.0031768
-145.00 -55.00 0.00196
-140.00 -55.00 8.39e-05
-135.00 -55.00 -0.0017668
-130.00 -55.00 -0.0029978
-125.00 -55.00 -0.0033819
-120.00 -55.00 -0.0029908
-115.00 -55.00 -0.001963
-110.00 -55.00 -0.0003897
-105.00 -55.00 0.001592
-100.00 -55.00 0.0036542
-95.00 -55.00 0.0052942
-90.00 -55.00 0.0060563
-85.00 -55.00 0.0057871
-80.00 -55.00 0.0047088
-75.00 -55.00 0.0032645
-70.00 -55.00 0.0018912
-65.00 -55.00 0.0008929
-60.00 -55.00 0.0004248
-55.00 -55.00 0.0004895
-50.00 -55.00 0.0009135
-45.00 -55.00 0.001399
-40.00 -55.00 0.0017063
-35.00 -55.00 0.0018424
-30.00 -55.00 0.0020511
-25.00 -55.00 0.0025718
-20.00 -55.00 0.0033812
-15.00 -55.00 0.0041593
-10.00 -55.00 0.0045087
-5.00 -55.00 0.0042231
0.00 -55.00 0.0033988
5.00 -55.00 0.0023547
10.00 -55.00 0.001466
15.00 -55.00 0.0010194
20.00 -55.00 0.0011207
25.00 -55.00 0.0016542
30.00 -55.00 0.0023136
35.00 -55.00 0.0027243
40.00 -55.00 0.0026184
45.00 -55.00 0.0019551
50.00 -55.00 0.0008949
55.00 -55.00 -0.0003503
60.00 -55.00 -0.0016415
65.00 -55.00 -0.002884
70.00 -55.00 -0.0038903
75.00 -55.00 -0.0043329
80.00 -55.00 -0.0039257
85.00 -55.00 -0.0027116
90.00 -55.00 -0.001158
95.00 -55.00 0.0001088
100.00 -55.00 0.000739
105.00 -55.00 0.0008651
110.00 -55.00 0.0008831
115.00 -55.00 0.0010348
120.00 -55.00 0.0012136
125.00 -55.00 0.001164
130.00 -55.00 0.0008308
135.00 -55.00 0.0004792
140.00 -55.00 0.0004819
145.00 -55.00 0.001014
150.00 -55.00 0.0019544
155.00 -55.00 0.0030371
160.00 -55.00 0.0040434
165.00 -55.00 0.0048376
170.00 -55.00 0.0052777
175.00 -55.00 0.0051942
180.00 -55.00 0.0045378
-180.00 -50.00 0.0035493
-175.00 -50.00 0.0024418
-170.00 -50.00 0.0015465
-165.00 -50.00 0.0014464
-160.00 -50.00 0.0020719
-155.00 -50.00 0.0025727
-150.00 -50.00 0.0019675
-145.00 -50.00 1.52e-05
-140.00 -50.00 -0.0025309
-135.00 -50.00 -0.004516
-130.00 -50.00 -0.0052247
-125.00 -50.00 -0.0047242
-120.00 -50.00 -0.0035501
-115.00 -50.00 -0.0021686
-110.00 -50.00 -0.0006947
-105.00 -50.00 0.0009988
-100.00 -50.00 0.0029701
-95.00 -50.00 0.0049948
-90.00 -50.00 0.0066348
-85.00 -50.00 0.0075026
-80.00 -50.00 0.0074493
-75.00 -50.00 0.0065412
-70.00 -50.00 0.0049867
-65.00 -50.00 0.0031916
-60.00 -50.00 0.0018008
-55.00 -50.00 0.0014365
-50.00 -50.00 0.0022097
-45.00 -50.00 0.0035215
-40.00 -50.00 0.0044975
-35.00 -50.00 0.0047011
-30.00 -50.00 0.0044009
-25.00 -50.00 0.0041379
-20.00 -50.00 0.0040985
-15.00 -50.00 0.0039614
-10.00 -50.00 0.003295
-5.00 -50.00 0.0020168
0.00 -50.00 0.0004746
5.00 -50.00 -0.0008149
10.00 -50.00 -0.0014579
15.00 -50.00 -0.0013127
20.00 -50.00 -0.0004955
25.00 -50.00 0.0006482
30.00 -50.00 0.0016088
35.00 -50.00 0.0018736
40.00 -50.00 0.00117
45.00 -50.00 -0.0003577
50.00 -50.00 -0.0022222
55.00 -50.00 -0.0039238
60.00 -50.00 -0.0052631
65.00 -50.00 -0.006315
70.00 -50.00 -0.0070739
75.00 -50.00 -0.007188
80.00 -50.00 -0.0061848
85.00 -50.00 -0.0040553
90.00 -50.00 -0.0015611
95.00 -50.00 0.0002014
100.00 -50.00 0.0006716
105.00 -50.00 0.00027
110.00 -50.00 -6.29e-05
115.00 -50.00 0.0002369
120.00 -50.00 0.0009531
125.00 -50.00 0.001526
130.00 -50.00 0.0017477
135.00 -50.00 0.0019364
140.00 -50.00 0.0024855
145.00 -50.00 0.0033801
150.00 -50.00 0.0042184
155.00 -50.00 0.0046481
160.00 -50.00 0.0046915
165.00 -50.00 0.004618
170.00 -50.00 0.0045521
175.00 -50.00 0.0042873
180.00 -50.00 0.0035493
-180.00 -45.00 0.0005867
-175.00 -45.00 -0.0009551
-170.00 -45.00 -0.0021461
-165.00 -45.00 -0.0023171
-160.00 -45.00 -0.0015782
-155.00 -45.00 -0.0008929
-150.00 -45.00 -0.0012238
-145.00 -45.00 -0.0025643
-140.00 -45.00 -0.0039313
-135.00 -45.00 -0.0043175
-130.00 -45.00 -0.0035202
-125.00 -45.00 -0.0020817
-120.00 -45.00 -0.0007133
-115.00 -45.00 0.000102
-110.00 -45.00 0.0002488
-105.00 -45.00 7.28e-05
-100.00 -45.00 0.0002818
-95.00 -45.00 0.001473
-90.00 -45.00 0.0036503
-85.00 -45.00 0.0062278
-80.00 -45.00 0.0083999
-75.00 -45.00 0.009428
-70.00 -45.00 0.0088311
-65.00 -45.00 0.0067518
-60.00 -45.00 0.0042275
-55.00 -45.00 0.0027122
-50.00 -45.00 0.002934
-45.00 -45.00 0.0042195
-40.00 -45.00 0.0051536
-35.00 -45.00 0.0049456
-30.00 -45.00 0.0040138
-25.00 -45.00 0.0032253
-20.00 -45.00 0.0027976
-15.00 -45.00 0.0021375
-10.00 -45.00 0.0006474
-5.00 -45.00 -0.0015427
0.00 -45.00 -0.0036553
5.00 -45.00 -0.0048823
10.00 -45.00 -0.004871
15.00 -45.00 -0.003805
20.00 -45.00 -0.0022275
25.00 -45.00 -0.0008015
30.00 -45.00 -9.78e-05
35.00 -45.00 -0.0004384
40.00 -45.00 -0.0017822
45.00 -45.00 -0.0036754
50.00 -45.00 -0.0054081
55.00 -45.00 -0.0064403
60.00 -45.00 -0.0068067
65.00 -45.00 -0.0070251
70.00 -45.00 -0.0074536
75.00 -45.00 -0.0077256
80.00 -45.00 -0.006981
85.00 -45.00 -0.004821
90.00 -45.00 -0.0019984
95.00 -45.00 5.72e-05
100.00 -45.00 0.0005506
105.00 -45.00 8.38e-05
110.00 -45.00 -2.09e-05
115.00 -45.00 0.0009047
120.00 -45.00 0.0023406
125.00 -45.00 0.003361
130.00 -45.00 0.0036637
135.00 -45.00 0.0036796
140.00 -45.00 0.0038618
145.00 -45.00 0.0041546
150.00 -45.00 0.0041903
155.00 -45.00 0.0038092
160.00 -45.00 0.0032336
165.00 -45.00 0.0027625
170.00 -45.00 0.0023879
175.00 -45.00 0.0017639
180.00 -45.00 0.0005867
-180.00 -40.00 -0.0017597
-175.00 -40.00 -0.0039358
-170.00 -40.00 -0.0051335
-165.00 -40.00 -0.0051252
-160.00 -40.00 -0.0044593
-155.00 -40.00 -0.0040874
-150.00 -40.00 -0.0044124
-145.00 -40.00 -0.0047231
-140.00 -40.00 -0.0039691
-135.00 -40.00 -0.0020912
-130.00 -40.00 -8.87e-05
-125.00 -40.00 0.0012743
-120.00 -40.00 0.0021456
-115.00 -40.00 0.0027208
-110.00 -40.00 0.0025151
-105.00 -40.00 0.0011921
-100.00 -40.00 -0.0003633
-95.00 -40.00 -0.0006007
-90.00 -40.00 0.0011683
-85.00 -40.00 0.0042834
-80.00 -40.00 0.0075138
-75.00 -40.00 0.0097183
-70.00 -40.00 0.009976
-65.00 -40.00 0.0079968
-60.00 -40.00 0.0047603
-55.00 -40.00 0.0021721
-50.00 -40.00 0.0014988
-45.00 -40.00 0.002208
-40.00 -40.00 0.0026752
-35.00 -40.00 0.0020001
-30.00 -40.00 0.0008032
-25.00 -40.00 0.0001639
-20.00 -40.00 0.0001472
-15.00 -40.00 -0.0002699
-10.00 -40.00 -0.0019508
-5.00 -40.00 -0.0046375
0.00 -40.00 -0.007224
5.00 -40.00 -0.0086577
10.00 -40.00 -0.0085323
15.00 -40.00 -0.0071753
20.00 -40.00 -0.0054255
25.00 -40.00 -0.0041844
30.00 -40.00 -0.0039393
35.00 -40.00 -0.0046099
40.00 -40.00 -0.0057418
45.00 -40.00 -0.0067392
50.00 -40.00 -0.007062
55.00 -40.00 -0.0065505
60.00 -40.00 -0.0056969
65.00 -40.00 -0.0053811
70.00 -40.00 -0.0060554
75.00 -40.00 -0.0071191
80.00 -40.00 -0.007258
85.00 -40.00 -0.0056469
90.00 -40.00 -0.0028998
95.00 -40.00 -0.0006266
100.00 -40.00 0.0001526
105.00 -40.00 1.31e-05
110.00 -40.00 0.0003222
115.00 -40.00 0.0016089
120.00 -40.00 0.0031237
125.00 -40.00 0.0039335
130.00 -40.00 0.0039251
135.00 -40.00 0.003554
140.00 -40.00 0.003088
145.00 -40.00 0.0025211
150.00 -40.00 0.0020184
155.00 -40.00 0.001955
160.00 -40.00 0.0023898
165.00 -40.00 0.0027533
170.00 -40.00 0.0022581
175.00 -40.00 0.0006025
180.00 -40.00 -0.0017597
-180.00 -35.00 -0.0034003
-175.00 -35.00 -0.0049926
-170.00 -35.00 -0.0048704
-165.00 -35.00 -0.0038942
-160.00 -35.00 -0.0033362
-155.00 -35.00 -0.0040019
-150.00 -35.00 -0.0053756
-145.00 -35.00 -0.005657
-140.00 -35.00 -0.003585
-135.00 -35.00 -0.0003423
-130.00 -35.00 0.0015205
-125.00 -35.00 0.0013542
-120.00 -35.00 0.00116
-115.00 -35.00 0.0024138
-110.00 -35.00 0.0037768
-105.00 -35.00 0.003255
-100.00 -35.00 0.0013286
-95.00 -35.00 0.0002992
-90.00 -35.00 0.0013076
-85.00 -35.00 0.0035277
-80.00 -35.00 0.0057724
-75.00 -35.00 0.007353
-70.00 -35.00 0.0075575
-65.00 -35.00 0.0058018
-60.00 -35.00 0.0027071
-55.00 -35.00 9.5e-05
-50.00 -35.00 -0.0006627
-45.00 -35.00 2.05e-05
-40.00 -35.00 0.0005541
-35.00 -35.00 -4.56e-05
-30.00 -35.00 -0.0012541
-25.00 -35.00 -0.0019555
-20.00 -35.00 -0.0019655
-15.00 -35.00 -0.0022748
-10.00 -35.00 -0.0038337
-5.00 -35.00 -0.0065127
0.00 -35.00 -0.009319
5.00 -35.00 -0.0112071
10.00 -35.00 -0.011582
15.00 -35.00 -0.0105169
20.00 -35.00 -0.0087756
25.00 -35.00 -0.0073469
30.00 -35.00 -0.0067437
35.00 -35.00 -0.0068171
40.00 -35.00 -0.0071047
45.00 -35.00 -0.0070895
50.00 -35.00 -0.0063503
55.00 -35.00 -0.0049607
60.00 -35.00 -0.0037279
65.00 -35.00 -0.0036117
70.00 -35.00 -0.0047517
75.00 -35.00 -0.0061783
80.00 -35.00 -0.0065214
85.00 -35.00 -0.0051206
90.00 -35.00 -0.0026766
95.00 -35.00 -0.0007198
100.00 -35.00 -0.0001097
105.00 -35.00 -0.0001742
110.00 -35.00 0.0002891
115.00 -35.00 0.0014327
120.00 -35.00 0.0024175
125.00 -35.00 0.0028051
130.00 -35.00 0.0029753
135.00 -35.00 0.0030959
140.00 -35.00 0.0026549
145.00 -35.00 0.0014779
150.00 -35.00 0.0005117
155.00 -35.00 0.0008922
160.00 -35.00 0.0024044
165.00 -35.00 0.003401
170.00 -35.00 0.0024014
175.00 -35.00 -0.0004128
180.00 -35.00 -0.0034003
-180.00 -30.00 -0.0054348
-175.00 -30.00 -0.0049483
-170.00 -30.00 -0.0032112
-165.00 -30.00 -0.0017906
-160.00 -30.00 -0.0017939
-155.00 -30.00 -0.0034646
-150.00 -30.00 -0.0058325
-145.00 -30.00 -0.0066002
-140.00 -30.00 -0.0041601
-135.00 -30.00 -0.0003375
-130.00 -30.00 0.0010119
-125.00 -30.00 -0.0008683
-120.00 -30.00 -0.00236
-115.00 -30.00 -0.0007674
-110.00 -30.00 0.0018223
-105.00 -30.00 0.0021035
-100.00 -30.00 0.0004686
-95.00 -30.00 -0.0002911
-90.00 -30.00 0.000734
-85.00 -30.00 0.0023081
-80.00 -30.00 0.0036615
-75.00 -30.00 0.0047892
-70.00 -30.00 0.0050275
-65.00 -30.00 0.0035843
-60.00 -30.00 0.0011609
-55.00 -30.00 -0.0004809
-50.00 -30.00 -0.0004212
-45.00 -30.00 0.0007239
-40.00 -30.00 0.0016125
-35.00 -30.00 0.0012197
-30.00 -30.00 -0.0004425
-25.00 -30.00 -0.002354
-20.00 -30.00 -0.0036011
-15.00 -30.00 -0.0044196
-10.00 -30.00 -0.0057402
-5.00 -30.00 -0.0079488
0.00 -30.00 -0.0105148
5.00 -30.00 -0.0125211
10.00 -30.00 -0.0131953
15.00 -30.00 -0.0122965
20.00 -30.00 -0.0103128
25.00 -30.00 -0.0080737
30.00 -30.00 -0.0061778
35.00 -30.00 -0.0049987
40.00 -30.00 -0.0047641
45.00 -30.00 -0.0050566
50.00 -30.00 -0.0047964
55.00 -30.00 -0.0035152
60.00 -30.00 -0.0021897
65.00 -30.00 -0.0020394
70.00 -30.00 -0.0029163
75.00 -30.00 -0.0035562
80.00 -30.00 -0.0030384
85.00 -30.00 -0.0015203
90.00 -30.00 4.61e-05
95.00 -30.00 0.0006738
100.00 -30.00 0.0003157
105.00 -30.00 6.94e-05
110.00 -30.00 0.0007893
115.00 -30.00 0.0018279
120.00 -30.00 0.0021035
125.00 -30.00 0.0019408
130.00 -30.00 0.0024791
135.00 -30.00 0.0035203
140.00 -30.00 0.0035444
145.00 -30.00 0.0020161
150.00 -30.00 0.0003093
155.00 -30.00 -0.0001168
160.00 -30.00 0.0004325
165.00 -30.00 0.0003444
170.00 -30.00 -0.0013724
175.00 -30.00 -0.0039122
180.00 -30.00 -0.0054348
-180.00 -25.00 -0.0065509
-175.00 -25.00 -0.0044967
-170.00 -25.00 -0.0031892
-165.00 -25.00 -0.0035354
-160.00 -25.00 -0.0049126
-155.00 -25.00 -0.0065626
-150.00 -25.00 -0.0082978
-145.00 -25.00 -0.0089333
-140.00 -25.00 -0.0066173
-135.00 -25.00 -0.0024267
-130.00 -25.00 -0.0005418
-125.00 -25.00 -0.0025178
-120.00 -25.00 -0.0047039
-115.00 -25.00 -0.0039895
-110.00 -25.00 -0.0024156
-105.00 -25.00 -0.0029449
-100.00 -25.00 -0.0043878
-95.00 -25.00 -0.0040847
-90.00 -25.00 -0.0022986
-85.00 -25.00 -0.0005278
-80.00 -25.00 0.0014683
-75.00 -25.00 0.003832
-70.00 -25.00 0.0047155
-65.00 -25.00 0.0031033
-60.00 -25.00 0.0010437
-55.00 -25.00 0.0007989
-50.00 -25.00 0.0020125
-45.00 -25.00 0.0032252
-40.00 -25.00 0.0038224
-35.00 -25.00 0.0032951
-30.00 -25.00 0.0009512
-25.00 -25.00 -0.0025392
-20.00 -25.00 -0.0052622
-15.00 -25.00 -0.0064861
-10.00 -25.00 -0.0074223
-5.00 -25.00 -0.0092217
0.00 -25.00 -0.0115266
5.00 -25.00 -0.0131828
10.00 -25.00 -0.0134241
15.00 -25.00 -0.0122534
20.00 -25.00 -0.0101367
25.00 -25.00 -0.0074319
30.00 -25.00 -0.0044238
35.00 -25.00 -0.0020892
40.00 -25.00 -0.0017454
45.00 -25.00 -0.0030755
50.00 -25.00 -0.003765
55.00 -25.00 -0.0023636
60.00 -25.00 -0.0002555
65.00 -25.00 0.0005706
70.00 -25.00 0.0003614
75.00 -25.00 0.0007046
80.00 -25.00 0.0019796
85.00 -25.00 0.0031321
90.00 -25.00 0.0031827
95.00 -25.00 0.002092
100.00 -25.00 0.0008675
105.00 -25.00 0.0009666
110.00 -25.00 0.0025883
115.00 -25.00 0.0039293
120.00 -25.00 0.0034852
125.00 -25.00 0.0023328
130.00 -25.00 0.0023737
135.00 -25.00 0.0032404
140.00 -25.00 0.0030517
145.00 -25.00 0.0014381
150.00 -25.00 -0.0003519
155.00 -25.00 -0.0017687
160.00 -25.00 -0.0034122
165.00 -25.00 -0.0054925
170.00 -25.00 -0.0072503
175.00 -25.00 -0.0077253
180.00 -25.00 -0.0065509
-180.00 -20.00 -0.0056358
-175.00 -20.00 -0.0040867
-170.00 -20.00 -0.0048537
-165.00 -20.00 -0.0076842
-160.00 -20.00 -0.0101258
-155.00 -20.00 -0.0105605
-150.00 -20.00 -0.0103886
-145.00 -20.00 -0.0106907
-140.00 -20.00 -0.009495
-135.00 -20.00 -0.0057813
-130.00 -20.00 -0.0027703
-125.00 -20.00 -0.0032004
-120.00 -20.00 -0.0049888
-115.00 -20.00 -0.0055409
-110.00 -20.00 -0.0061114
-105.00 -20.00 -0.0079201
-100.00 -20.00 -0.0086706
-95.00 -20.00 -0.0068583
-90.00 -20.00 -0.0046572
-85.00 -20.00 -0.0031828
-80.00 -20.00 -0.0003471
-75.00 -20.00 0.0036098
-70.00 -20.00 0.0045489
-65.00 -20.00 0.001464
-60.00 -20.00 -0.0009375
-55.00 -20.00 0.0004514
-50.00 -20.00 0.00298
-45.00 -20.00 0.0037463
-40.00 -20.00 0.0035682
-35.00 -20.00 0.0032641
-30.00 -20.00 0.0013167
-25.00 -20.00 -0.0025155
-20.00 -20.00 -0.0056671
-15.00 -20.00 -0.0067128
-10.00 -20.00 -0.0074057
-5.00 -20.00 -0.0094799
0.00 -20.00 -0.0120954
5.00 -20.00 -0.0133956
10.00 -20.00 -0.0127929
15.00 -20.00 -0.0110772
20.00 -20.00 -0.0091048
25.00 -20.00 -0.006769
30.00 -20.00 -0.0036173
35.00 -20.00 -0.0006174
40.00 -20.00 0.0001761
45.00 -20.00 -0.0012256
50.00 -20.00 -0.0018902
55.00 -20.00 4.16e-05
60.00 -20.00 0.0026379
65.00 -20.00 0.0034426
70.00 -20.00 0.0031691
75.00 -20.00 0.0038343
80.00 -20.00 0.0052468
85.00 -20.00 0.0056286
90.00 -20.00 0.0042812
95.00 -20.00 0.0021221
100.00 -20.00 0.0007721
105.00 -20.00 0.0015501
110.00 -20.00 0.0039299
115.00 -20.00 0.0053718
120.00 -20.00 0.004383
125.00 -20.00 0.0026101
130.00 -20.00 0.0019579
135.00 -20.00 0.0015649
140.00 -20.00 7.16e-05
145.00 -20.00 -0.0014834
150.00 -20.00 -0.0019208
155.00 -20.00 -0.002688
160.00 -20.00 -0.0053653
165.00 -20.00 -0.0084984
170.00 -20.00 -0.0095234
175.00 -20.00 -0.008058
180.00 -20.00 -0.0056358
-180.00 -15.00 -0.0049988
-175.00 -15.00 -0.0051096
-170.00 -15.00 -0.0067153
-165.00 -15.00 -0.0096652
-160.00 -15.00 -0.0116033
-155.00 -15.00 -0.0106165
-150.00 -15.00 -0.0089748
-145.00 -15.00 -0.0095084
-140.00 -15.00 -0.0102649
-135.00 -15.00 -0.0080818
-130.00 -15.00 -0.0046551
-125.00 -15.00 -0.0035371
-120.00 -15.00 -0.0044594
-115.00 -15.00 -0.0056811
-110.00 -15.00 -0.0076775
-105.00 -15.00 -0.0099572
-100.00 -15.00 -0.0094927
-95.00 -15.00 -0.0062699
-90.00 -15.00 -0.0042559
-85.00 -15.00 -0.0038948
-80.00 -15.00 -0.0012258
-75.00 -15.00 0.0030779
-70.00 -15.00 0.0028787
-65.00 -15.00 -0.0023823
-60.00 -15.00 -0.0053202
-55.00 -15.00 -0.0023887
-50.00 -15.00 0.0012216
-45.00 -15.00 0.0013752
-40.00 -15.00 0.000677
-35.00 -15.00 0.001418
-30.00 -15.00 0.0011355
-25.00 -15.00 -0.0016922
-20.00 -15.00 -0.0043702
-15.00 -15.00 -0.0050715
-10.00 -15.00 -0.005829
-5.00 -15.00 -0.0084722
0.00 -15.00 -0.0115931
5.00 -15.00 -0.0129028
10.00 -15.00 -0.0119665
15.00 -15.00 -0.0099372
20.00 -15.00 -0.0079789
25.00 -15.00 -0.0060901
30.00 -15.00 -0.0034224
35.00 -15.00 -0.0002428
40.00 -15.00 0.0016272
45.00 -15.00 0.0016533
50.00 -15.00 0.0019094
55.00 -15.00 0.0036333
60.00 -15.00 0.0049241
65.00 -15.00 0.004217
70.00 -15.00 0.0033288
75.00 -15.00 0.0043873
80.00 -15.00 0.0062478
85.00 -15.00 0.006454
90.00 -15.00 0.0046624
95.00 -15.00 0.0023733
100.00 -15.00 0.0011306
105.00 -15.00 0.0017234
110.00 -15.00 0.0033549
115.00 -15.00 0.0039121
120.00 -15.00 0.0027929
125.00 -15.00 0.0018666
130.00 -15.00 0.0017845
135.00 -15.00 0.0003757
140.00 -15.00 -0.0028325
145.00 -15.00 -0.0045177
150.00 -15.00 -0.0031333
155.00 -15.00 -0.0021816
160.00 -15.00 -0.0044411
165.00 -15.00 -0.0073699
170.00 -15.00 -0.0076642
175.00 -15.00 -0.0060962
180.00 -15.00 -0.0049988
-180.00 -10.00 -0.0066081
-175.00 -10.00 -0.007879
-170.00 -10.00 -0.0084205
-165.00 -10.00 -0.0093969
-160.00 -10.00 -0.0101875
-155.00 -10.00 -0.0088227
-150.00 -10.00 -0.0068709
-145.00 -10.00 -0.0074606
-140.00 -10.00 -0.0090932
-135.00 -10.00 -0.0079423
-130.00 -10.00 -0.0047056
-125.00 -10.00 -0.0029474
-120.00 -10.00 -0.0032295
-115.00 -10.00 -0.0044012
-110.00 -10.00 -0.0067775
-105.00 -10.00 -0.0091932
-100.00 -10.00 -0.008173
-95.00 -10.00 -0.0041147
-90.00 -10.00 -0.0018218
-85.00 -10.00 -0.0019457
-80.00 -10.00 -0.0001196
-75.00 -10.00 0.0031127
-70.00 -10.00 0.0015865
-65.00 -10.00 -0.0046378
-60.00 -10.00 -0.0074892
-55.00 -10.00 -0.0039454
-50.00 -10.00 -0.0003581
-45.00 -10.00 -0.000909
-40.00 -10.00 -0.0019419
-35.00 -10.00 -0.000618
-30.00 -10.00 0.0001639
-25.00 -10.00 -0.0016574
-20.00 -10.00 -0.003641
-15.00 -10.00 -0.0041062
-10.00 -10.00 -0.0049129
-5.00 -10.00 -0.0074252
0.00 -10.00 -0.0102627
5.00 -10.00 -0.0117582
10.00 -10.00 -0.0115634
15.00 -10.00 -0.0100447
20.00 -10.00 -0.008014
25.00 -10.00 -0.0061925
30.00 -10.00 -0.0041539
35.00 -10.00 -0.001208
40.00 -10.00 0.0019015
45.00 -10.00 0.0040316
50.00 -10.00 0.0053586
55.00 -10.00 0.0060737
60.00 -10.00 0.0052008
65.00 -10.00 0.0029593
70.00 -10.00 0.0019902
75.00 -10.00 0.0038229
80.00 -10.00 0.006393
85.00 -10.00 0.0070752
90.00 -10.00 0.0059003
95.00 -10.00 0.0043639
100.00 -10.00 0.0033467
105.00 -10.00 0.0030199
110.00 -10.00 0.0028701
115.00 -10.00 0.0020315
120.00 -10.00 0.0010544
125.00 -10.00 0.0014905
130.00 -10.00 0.0022724
135.00 -10.00 0.0001387
140.00 -10.00 -0.0043309
145.00 -10.00 -0.0060737
150.00 -10.00 -0.0036
155.00 -10.00 -0.0018793
160.00 -10.00 -0.0040515
165.00 -10.00 -0.0066359
170.00 -10.00 -0.0064405
175.00 -10.00 -0.0056535
180.00 -10.00 -0.0066081
-180.00 -5.00 -0.0084542
-175.00 -5.00 -0.0099824
-170.00 -5.00 -0.0097465
-165.00 -5.00 -0.0095929
-160.00 -5.00 -0.0102035
-155.00 -5.00 -0.0095491
-150.00 -5.00 -0.0078458
-145.00 -5.00 -0.0076016
-140.00 -5.00 -0.0081698
-135.00 -5.00 -0.0065469
-130.00 -5.00 -0.0031489
-125.00 -5.00 -0.0009737
-120.00 -5.00 -0.0006345
-115.00 -5.00 -0.0013332
-110.00 -5.00 -0.0035745
-105.00 -5.00 -0.0062145
-100.00 -5.00 -0.0053777
-95.00 -5.00 -0.0006559
-90.00 -5.00 0.0030899
-85.00 -5.00 0.0035037
-80.00 -5.00 0.0035739
-75.00 -5.00 0.004124
-70.00 -5.00 0.0017016
-65.00 -5.00 -0.0033223
-60.00 -5.00 -0.0052482
-55.00 -5.00 -0.0024387
-50.00 -5.00 1.5e-05
-45.00 -5.00 -0.0008354
-40.00 -5.00 -0.0021142
-35.00 -5.00 -0.0018378
-30.00 -5.00 -0.0019375
-25.00 -5.00 -0.0033617
-20.00 -5.00 -0.0044385
-15.00 -5.00 -0.0047654
-10.00 -5.00 -0.0057598
-5.00 -5.00 -0.0075424
0.00 -5.00 -0.009058
5.00 -5.00 -0.0102029
10.00 -5.00 -0.0110245
15.00 -5.00 -0.0106511
20.00 -5.00 -0.0090493
25.00 -5.00 -0.007545
30.00 -5.00 -0.0062934
35.00 -5.00 -0.0038198
40.00 -5.00 0.0001395
45.00 -5.00 0.0038415
50.00 -5.00 0.0057986
55.00 -5.00 0.0057457
60.00 -5.00 0.0040002
65.00 -5.00 0.0018508
70.00 -5.00 0.0013942
75.00 -5.00 0.0031512
80.00 -5.00 0.0052108
85.00 -5.00 0.0059659
90.00 -5.00 0.0059089
95.00 -5.00 0.0059138
100.00 -5.00 0.0058023
105.00 -5.00 0.0051939
110.00 -5.00 0.0040793
115.00 -5.00 0.0026897
120.00 -5.00 0.0019181
125.00 -5.00 0.0023773
130.00 -5.00 0.0021726
135.00 -5.00 -0.0012494
140.00 -5.00 -0.0059545
145.00 -5.00 -0.0068807
150.00 -5.00 -0.0039434
155.00 -5.00 -0.0029352
160.00 -5.00 -0.006162
165.00 -5.00 -0.0089298
170.00 -5.00 -0.0081254
175.00 -5.00 -0.0070488
180.00 -5.00 -0.0084542
-180.00 0.00 -0.0082761
-175.00 0.00 -0.0095956
-170.00 0.00 -0.0098078
-165.00 0.00 -0.0099396
-160.00 0.00 -0.0107647
-155.00 0.00 -0.0107337
-150.00 0.00 -0.0094599
-145.00 0.00 -0.0085924
-140.00 0.00 -0.0079774
-135.00 0.00 -0.0055576
-130.00 0.00 -0.0015559
-125.00 0.00 0.0015254
-120.00 0.00 0.002606
-115.00 0.00 0.0020101
-110.00 0.00 -0.0003037
-105.00 0.00 -0.0027554
-100.00 0.00 -0.0014632
-95.00 0.00 0.0044081
-90.00 0.00 0.0099326
-85.00 0.00 0.0106204
-80.00 0.00 0.0076873
-75.00 0.00 0.00438
-70.00 0.00 0.0014507
-65.00 0.00 -0.0010349
-60.00 0.00 -0.0017687
-55.00 0.00 -0.0006027
-50.00 0.00 0.00055
-45.00 0.00 0.0005268
-40.00 0.00 -0.0002409
-35.00 0.00 -0.0015497
-30.00 0.00 -0.0032375
-25.00 0.00 -0.0042068
-20.00 0.00 -0.0042277
-15.00 0.00 -0.0049469
-10.00 0.00 -0.0069374
-5.00 0.00 -0.0082905
0.00 0.00 -0.0080277
5.00 0.00 -0.0078276
10.00 0.00 -0.0086971
15.00 0.00 -0.0092612
20.00 0.00 -0.0087494
25.00 0.00 -0.0082487
30.00 0.00 -0.0078201
35.00 0.00 -0.0057296
40.00 0.00 -0.0016651
45.00 0.00 0.0021009
50.00 0.00 0.0035893
55.00 0.00 0.0030359
60.00 0.00 0.0017612
65.00 0.00 0.000892
70.00 0.00 0.001028
75.00 0.00 0.0018337
80.00 0.00 0.0023866
85.00 0.00 0.0026128
90.00 0.00 0.0033857
95.00 0.00 0.0047974
100.00 0.00 0.005715
105.00 0.00 0.0054307
110.00 0.00 0.0044778
115.00 0.00 0.0036842
120.00 0.00 0.0033189
125.00 0.00 0.0027214
130.00 0.00 0.000381
135.00 0.00 -0.0040568
140.00 0.00 -0.0076804
145.00 0.00 -0.0071739
150.00 0.00 -0.0043215
155.00 0.00 -0.0045133
160.00 0.00 -0.0086451
165.00 0.00 -0.0115335
170.00 0.00 -0.0101716
175.00 0.00 -0.0079583
180.00 0.00 -0.0082761
-180.00 5.00 -0.0071795
-175.00 5.00 -0.0083084
-170.00 5.00 -0.0089359
-165.00 5.00 -0.0088742
-160.00 5.00 -0.0088655
-155.00 5.00 -0.0087178
-150.00 5.00 -0.0082383
-145.00 5.00 -0.0079662
-140.00 5.00 -0.0074604
-135.00 5.00 -0.0050487
-130.00 5.00 -0.0005938
-125.00 5.00 0.0034724
-120.00 5.00 0.0047587
-115.00 5.00 0.0030213
-110.00 5.00 -0.0001243
-105.00 5.00 -0.0017817
-100.00 5.00 0.0009451
-95.00 5.00 0.0076936
-90.00 5.00 0.0135773
-85.00 5.00 0.013696
-80.00 5.00 0.0085475
-75.00 5.00 0.0030514
-70.00 5.00 0.0007605
-65.00 5.00 0.0008887
-60.00 5.00 0.0008857
-55.00 5.00 0.0001781
-50.00 5.00 0.0002507
-45.00 5.00 0.0015066
-40.00 5.00 0.0019072
-35.00 5.00 2.29e-05
-30.00 5.00 -0.0022597
-25.00 5.00 -0.0025717
-20.00 5.00 -0.0021992
-15.00 5.00 -0.0039895
-10.00 5.00 -0.0071251
-5.00 5.00 -0.0080206
0.00 5.00 -0.0060535
5.00 5.00 -0.0043282
10.00 5.00 -0.0047158
15.00 5.00 -0.0059414
20.00 5.00 -0.0067334
25.00 5.00 -0.0072711
30.00 5.00 -0.0071697
35.00 5.00 -0.0052512
40.00 5.00 -0.001951
45.00 5.00 0.000469
50.00 5.00 0.0006433
55.00 5.00 -0.0005814
60.00 5.00 -0.0016119
65.00 5.00 -0.0016081
70.00 5.00 -0.0007005
75.00 5.00 0.0002826
80.00 5.00 0.0005804
85.00 5.00 0.0005447
90.00 5.00 0.0012686
95.00 5.00 0.002789
100.00 5.00 0.0037183
105.00 5.00 0.0032399
110.00 5.00 0.0023276
115.00 5.00 0.0021582
120.00 5.00 0.0022282
125.00 5.00 0.00097
130.00 5.00 -0.0021435
135.00 5.00 -0.0056323
140.00 5.00 -0.0071857
145.00 5.00 -0.0061223
150.00 5.00 -0.0047016
155.00 5.00 -0.0058486
160.00 5.00 -0.0091855
165.00 5.00 -0.0111201
170.00 5.00 -0.0097666
175.00 5.00 -0.0075018
180.00 5.00 -0.0071795
-180.00 10.00 -0.0066339
-175.00 10.00 -0.0079805
-170.00 10.00 -0.0084788
-165.00 10.00 -0.0074816
-160.00 10.00 -0.0062213
-155.00 10.00 -0.0058749
-150.00 10.00 -0.0062251
-145.00 10.00 -0.0065482
-140.00 10.00 -0.0061579
-135.00 10.00 -0.0039802
-130.00 10.00 0.0003257
-125.00 10.00 0.0045111
-120.00 10.00 0.0051814
-115.00 10.00 0.0018686
-110.00 10.00 -0.0019034
-105.00 10.00 -0.0022105
-100.00 10.00 0.0016983
-95.00 10.00 0.0073289
-90.00 10.00 0.0110265
-85.00 10.00 0.0103494
-80.00 10.00 0.0061446
-75.00 10.00 0.0023369
-70.00 10.00 0.0019776
-65.00 10.00 0.0036201
-60.00 10.00 0.0036198
-55.00 10.00 0.0016602
-50.00 10.00 0.0009185
-45.00 10.00 0.0024381
-40.00 10.00 0.0031839
-35.00 10.00 0.0011989
-30.00 10.00 -0.0011772
-25.00 10.00 -0.0016807
-20.00 10.00 -0.0020842
-15.00 10.00 -0.0045503
-10.00 10.00 -0.0070806
-5.00 10.00 -0.0063866
0.00 10.00 -0.0032279
5.00 10.00 -0.0013022
10.00 10.00 -0.0021578
15.00 10.00 -0.0042147
20.00 10.00 -0.0057712
25.00 10.00 -0.0063599
30.00 10.00 -0.005826
35.00 10.00 -0.0042276
40.00 10.00 -0.0024201
45.00 10.00 -0.001466
50.00 10.00 -0.0017053
55.00 10.00 -0.002843
60.00 10.00 -0.0041725
65.00 10.00 -0.0044677
70.00 10.00 -0.0028525
75.00 10.00 -0.0002282
80.00 10.00 0.0013755
85.00 10.00 0.0013798
90.00 10.00 0.0012795
95.00 10.00 0.0020669
100.00 10.00 0.0026257
105.00 10.00 0.001843
110.00 10.00 0.0007137
115.00 10.00 0.0005644
120.00 10.00 0.0005035
125.00 10.00 -0.0011192
130.00 10.00 -0.0036122
135.00 10.00 -0.0047448
140.00 10.00 -0.0042022
145.00 10.00 -0.0039015
150.00 10.00 -0.0050222
155.00 10.00 -0.0067327
160.00 10.00 -0.0077686
165.00 10.00 -0.0076821
170.00 10.00 -0.0067951
175.00 10.00 -0.0061049
180.00 10.00 -0.0066339
-180.00 15.00 -0.0057753
-175.00 15.00 -0.0074887
-170.00 15.00 -0.0079681
-165.00 15.00 -0.0067629
-160.00 15.00 -0.0054557
-155.00 15.00 -0.0054855
-150.00 15.00 -0.0059443
-145.00 15.00 -0.0053303
-140.00 15.00 -0.0037051
-135.00 15.00 -0.0014395
-130.00 15.00 0.0017598
-125.00 15.00 0.0047379
-120.00 15.00 0.0047043
-115.00 15.00 0.0014729
-110.00 15.00 -0.0008861
-105.00 15.00 0.0008673
-100.00 15.00 0.0048766
-95.00 15.00 0.0072836
-90.00 15.00 0.0071201
-85.00 15.00 0.0059072
-80.00 15.00 0.0048021
-75.00 15.00 0.0043512
-70.00 15.00 0.0049628
-65.00 15.00 0.0057882
-60.00 15.00 0.0051715
-55.00 15.00 0.0034712
-50.00 15.00 0.0029677
-45.00 15.00 0.0039188
-40.00 15.00 0.003677
-35.00 15.00 0.0009532
-30.00 15.00 -0.0022257
-25.00 15.00 -0.004177
-20.00 15.00 -0.0058278
-15.00 15.00 -0.0076744
-10.00 15.00 -0.0078047
-5.00 15.00 -0.0051262
0.00 15.00 -0.0019564
5.00 15.00 -0.001273
10.00 15.00 -0.0031686
15.00 15.00 -0.0054877
20.00 15.00 -0.0064708
25.00 15.00 -0.0058192
30.00 15.00 -0.0044426
35.00 15.00 -0.0036871
40.00 15.00 -0.0038677
45.00 15.00 -0.0038018
50.00 15.00 -0.002828
55.00 15.00 -0.0023235
60.00 15.00 -0.0035115
65.00 15.00 -0.0047655
70.00 15.00 -0.0034687
75.00 15.00 -0.0001121
80.00 15.00 0.0020568
85.00 15.00 0.0016732
90.00 15.00 0.0009194
95.00 15.00 0.0017137
100.00 15.00 0.0028607
105.00 15.00 0.0026621
110.00 15.00 0.0019392
115.00 15.00 0.0019877
120.00 15.00 0.0015995
125.00 15.00 -0.0006982
130.00 15.00 -0.0030591
135.00 15.00 -0.0027144
140.00 15.00 -0.0008831
145.00 15.00 -0.0012523
150.00 15.00 -0.0040903
155.00 15.00 -0.0059384
160.00 15.00 -0.0050642
165.00 15.00 -0.0034211
170.00 15.00 -0.0030825
175.00 15.00 -0.0040781
180.00 15.00 -0.0057753
-180.00 20.00 -0.0040149
-175.00 20.00 -0.0053094
-170.00 20.00 -0.0056632
-165.00 20.00 -0.0050206
-160.00 20.00 -0.004736
-155.00 20.00 -0.0054775
-150.00 20.00 -0.005486
-145.00 20.00 -0.0032282
-140.00 20.00 -6.49e-05
-135.00 20.00 0.0020376
-130.00 20.00 0.0032882
-125.00 20.00 0.004245
-120.00 20.00 0.0039546
-115.00 20.00 0.0026172
-110.00 20.00 0.0031181
-105.00 20.00 0.0066952
-100.00 20.00 0.0098623
-95.00 20.00 0.0090917
-90.00 20.00 0.006124
-85.00 20.00 0.0051384
-80.00 20.00 0.0066874
-75.00 20.00 0.007848
-70.00 20.00 0.0068933
-65.00 20.00 0.0048019
-60.00 20.00 0.0031481
-55.00 20.00 0.0027799
-50.00 20.00 0.0036854
-45.00 20.00 0.0045771
-40.00 20.00 0.0035832
-35.00 20.00 0.0003571
-30.00 20.00 -0.0035829
-25.00 20.00 -0.0069144
-20.00 20.00 -0.0093039
-15.00 20.00 -0.0101284
-10.00 20.00 -0.0086122
-5.00 20.00 -0.0056796
0.00 20.00 -0.0037284
5.00 20.00 -0.0040178
10.00 20.00 -0.0055772
15.00 20.00 -0.0066386
20.00 20.00 -0.0060275
25.00 20.00 -0.0037958
30.00 20.00 -0.0016789
35.00 20.00 -0.0018606
40.00 20.00 -0.0039964
45.00 20.00 -0.0049583
50.00 20.00 -0.003094
55.00 20.00 -0.000897
60.00 20.00 -0.0012948
65.00 20.00 -0.0030861
70.00 20.00 -0.0029487
75.00 20.00 -0.0007626
80.00 20.00 0.0004737
85.00 20.00 -0.0002444
90.00 20.00 -0.0004545
95.00 20.00 0.0013639
100.00 20.00 0.0032662
105.00 20.00 0.0034349
110.00 20.00 0.0032581
115.00 20.00 0.0042701
120.00 20.00 0.0047015
125.00 20.00 0.0025121
130.00 20.00 -0.0002263
135.00 20.00 -8.04e-05
140.00 20.00 0.0019685
145.00 20.00 0.0019239
150.00 20.00 -0.0007473
155.00 20.00 -0.0025409
160.00 20.00 -0.0017261
165.00 20.00 -0.0004707
170.00 20.00 -0.0008381
175.00 20.00 -0.0023722
180.00 20.00 -0.0040149
-180.00 25.00 -0.0026821
-175.00 25.00 -0.0026122
-170.00 25.00 -0.002073
-165.00 25.00 -0.0015453
-160.00 25.00 -0.0020715
-155.00 25.00 -0.0034728
-150.00 25.00 -0.0035025
-145.00 25.00 -0.0008127
-140.00 25.00 0.0026165
-135.00 25.00 0.004096
-130.00 25.00 0.0036894
-125.00 25.00 0.0030206
-120.00 25.00 0.0026271
-115.00 25.00 0.002787
-110.00 25.00 0.0047018
-105.00 25.00 0.0080936
-100.00 25.00 0.009782
-95.00 25.00 0.0077599
-90.00 25.00 0.0048868
-85.00 25.00 0.0052697
-80.00 25.00 0.0083023
-75.00 25.00 0.0095442
-70.00 25.00 0.006802
-65.00 25.00 0.0024401
-60.00 25.00 -0.0001414
-55.00 25.00 2.57e-05
-50.00 25.00 0.0016219
-45.00 25.00 0.0028392
-40.00 25.00 0.0025403
-35.00 25.00 0.0005591
-30.00 25.00 -0.0025632
-25.00 25.00 -0.0059724
-20.00 25.00 -0.0085947
-15.00 25.00 -0.00945
-10.00 25.00 -0.0085649
-5.00 25.00 -0.0071521
0.00 25.00 -0.0062793
5.00 25.00 -0.0059059
10.00 25.00 -0.005599
15.00 25.00 -0.0051195
20.00 25.00 -0.0038603
25.00 25.00 -0.0013089
30.00 25.00 0.0011799
35.00 25.00 0.0010478
40.00 25.00 -0.0017947
45.00 25.00 -0.0039923
50.00 25.00 -0.0031027
55.00 25.00 -0.0009702
60.00 25.00 -0.0006901
65.00 25.00 -0.0020325
70.00 25.00 -0.0025105
75.00 25.00 -0.0016525
80.00 25.00 -0.0010915
85.00 25.00 -0.0009512
90.00 25.00 0.0004947
95.00 25.00 0.0031503
100.00 25.00 0.0043642
105.00 25.00 0.0032002
110.00 25.00 0.0024716
115.00 25.00 0.0043826
120.00 25.00 0.0067215
125.00 25.00 0.0062808
130.00 25.00 0.0040415
135.00 25.00 0.003445
140.00 25.00 0.0047892
145.00 25.00 0.0051558
150.00 25.00 0.0034111
155.00 25.00 0.0015374
160.00 25.00 0.0008676
165.00 25.00 0.0003661
170.00 25.00 -0.0008595
175.00 25.00 -0.0021197
180.00 25.00 -0.0026821
-180.00 30.00 -0.0024486
-175.00 30.00 -0.0012384
-170.00 30.00 0.0003528
-165.00 30.00 0.0012839
-160.00 30.00 0.0005397
-155.00 30.00 -0.0013371
-150.00 30.00 -0.0020614
-145.00 30.00 -0.0003099
-140.00 30.00 0.0022988
-135.00 30.00 0.0033092
-130.00 30.00 0.0024866
-125.00 30.00 0.0013481
-120.00 30.00 0.0008451
-115.00 30.00 0.0011323
-110.00 30.00 0.0023983
-105.00 30.00 0.0040866
-100.00 30.00 0.0044372
-95.00 30.00 0.0028019
-90.00 30.00 0.0014373
-85.00 30.00 0.0028597
-80.00 30.00 0.0060692
-75.00 30.00 0.0075264
-70.00 30.00 0.0055986
-65.00 30.00 0.0021308
-60.00 30.00 -0.0003421
-55.00 30.00 -0.0011425
-50.00 30.00 -0.0009118
-45.00 30.00 -0.00013
-40.00 30.00 0.000883
-35.00 30.00 0.0012751
-30.00 30.00 4.38e-05
-25.00 30.00 -0.0027698
-20.00 30.00 -0.0058237
-15.00 30.00 -0.0077356
-10.00 30.00 -0.0082532
-5.00 30.00 -0.0078053
0.00 30.00 -0.0064805
5.00 30.00 -0.0043966
10.00 30.00 -0.0026232
15.00 30.00 -0.0022244
20.00 30.00 -0.0023721
25.00 30.00 -0.0011588
30.00 30.00 0.0012953
35.00 30.00 0.0024432
40.00 30.00 0.0009163
45.00 30.00 -0.0013169
50.00 30.00 -0.0017583
55.00 30.00 -0.0007395
60.00 30.00 -0.000278
65.00 30.00 -0.0008517
70.00 30.00 -0.0012845
75.00 30.00 -0.0009929
80.00 30.00 -0.0002491
85.00 30.00 0.0013095
90.00 30.00 0.0041344
95.00 30.00 0.0066992
100.00 30.00 0.0064402
105.00 30.00 0.0035824
110.00 30.00 0.0017945
115.00 30.00 0.0035907
120.00 30.00 0.0069239
125.00 30.00 0.0082019
130.00 30.00 0.007136
135.00 30.00 0.0062504
140.00 30.00 0.0066082
145.00 30.00 0.0067208
150.00 30.00 0.0054576
155.00 30.00 0.0035272
160.00 30.00 0.0017745
165.00 30.00 6.49e-05
170.00 30.00 -0.0016386
175.00 30.00 -0.0026481
180.00 30.00 -0.0024486
-180.00 35.00 -0.0022203
-175.00 35.00 -0.0009348
-170.00 35.00 0.0008579
-165.00 35.00 0.0019178
-160.00 35.00 0.0012678
-155.00 35.00 -0.0005425
-150.00 35.00 -0.0016028
-145.00 35.00 -0.000763
-140.00 35.00 0.0009328
-135.00 35.00 0.0016434
-130.00 35.00 0.000967
-125.00 35.00 -2.85e-05
-120.00 35.00 -0.0003916
-115.00 35.00 6.89e-05
-110.00 35.00 0.0011919
-105.00 35.00 0.0024442
-100.00 35.00 0.0028478
-95.00 35.00 0.0019733
-90.00 35.00 0.0008105
-85.00 35.00 0.0007431
-80.00 35.00 0.0018393
-75.00 35.00 0.0029647
-70.00 35.00 0.0033205
-65.00 35.00 0.0029492
-60.00 35.00 0.0019361
-55.00 35.00 0.0002639
-50.00 35.00 -0.0013432
-45.00 35.00 -0.0015099
-40.00 35.00 0.0001543
-35.00 35.00 0.0020395
-30.00 35.00 0.0018999
-25.00 35.00 -0.000842
-20.00 35.00 -0.004622
-15.00 35.00 -0.0074296
-10.00 35.00 -0.0083321
-5.00 35.00 -0.0073131
0.00 35.00 -0.0046772
5.00 35.00 -0.001437
10.00 35.00 0.0005046
15.00 35.00 -2.07e-05
20.00 35.00 -0.0016867
25.00 35.00 -0.0018574
30.00 35.00 0.0001789
35.00 35.00 0.0023725
40.00 35.00 0.002765
45.00 35.00 0.001908
50.00 35.00 0.0015738
55.00 35.00 0.0021477
60.00 35.00 0.0025441
65.00 35.00 0.0021032
70.00 35.00 0.0013282
75.00 35.00 0.0010005
80.00 35.00 0.0016229
85.00 35.00 0.0035015
90.00 35.00 0.0062
95.00 35.00 0.0079824
100.00 35.00 0.0071767
105.00 35.00 0.0045074
110.00 35.00 0.0028497
115.00 35.00 0.0039425
120.00 35.00 0.0063525
125.00 35.00 0.0075668
130.00 35.00 0.0071379
135.00 35.00 0.006529
140.00 35.00 0.0065313
145.00 35.00 0.0063757
150.00 35.00 0.0052962
155.00 35.00 0.0035848
160.00 35.00 0.0018276
165.00 35.00 0.0001475
170.00 35.00 -0.0013963
175.00 35.00 -0.0023559
180.00 35.00 -0.0022203
-180.00 40.00 -0.0013615
-175.00 40.00 -0.0005385
-170.00 40.00 0.0008006
-165.00 40.00 0.0016937
-160.00 40.00 0.0014599
-155.00 40.00 0.0005204
-150.00 40.00 7.74e-05
-145.00 40.00 0.0007167
-140.00 40.00 0.0016358
-135.00 40.00 0.0016094
-130.00 40.00 0.0004672
-125.00 40.00 -0.0007616
-120.00 40.00 -0.0009359
-115.00 40.00 0.0003736
-110.00 40.00 0.0028563
-105.00 40.00 0.0056233
-100.00 40.00 0.0074026
-95.00 40.00 0.00717
-90.00 40.00 0.0049419
-85.00 40.00 0.0018807
-80.00 40.00 -0.0004311
-75.00 40.00 -0.0008962
-70.00 40.00 0.0004709
-65.00 40.00 0.0024034
-60.00 40.00 0.0031302
-55.00 40.00 0.0019174
-50.00 40.00 -1.15e-05
-45.00 40.00 -0.0005788
-40.00 40.00 0.0008499
-35.00 40.00 0.0025793
-30.00 40.00 0.0022856
-25.00 40.00 -0.0005966
-20.00 40.00 -0.004449
-15.00 40.00 -0.0071476
-10.00 40.00 -0.0076631
-5.00 40.00 -0.0061571
0.00 40.00 -0.0033815
5.00 40.00 -0.0004984
10.00 40.00 0.0011338
15.00 40.00 0.0009513
20.00 40.00 -2.46e-05
25.00 40.00 -0.0001135
30.00 40.00 0.0011359
35.00 40.00 0.002566
40.00 40.00 0.0030864
45.00 40.00 0.0030267
50.00 40.00 0.0033576
55.00 40.00 0.0041438
60.00 40.00 0.0044969
65.00 40.00 0.0038699
70.00 40.00 0.0027655
75.00 40.00 0.002146
80.00 40.00 0.0025794
85.00 40.00 0.0039339
90.00 40.00 0.005452
95.00 40.00 0.006121
100.00 40.00 0.0054974
105.00 40.00 0.0043357
110.00 40.00 0.0039547
115.00 40.00 0.0047577
120.00 40.00 0.0057975
125.00 40.00 0.0060706
130.00 40.00 0.0057582
135.00 40.00 0.0057073
140.00 40.00 0.0060589
145.00 40.00 0.0060643
150.00 40.00 0.0051715
155.00 40.00 0.0036673
160.00 40.00 0.0021375
165.00 40.00 0.0007999
170.00 40.00 -0.0003823
175.00 40.00 -0.0012397
180.00 40.00 -0.0013615
-180.00 45.00 -0.0004626
-175.00 45.00 8.13e-05
-170.00 45.00 0.0010468
-165.00 45.00 0.0019065
-160.00 45.00 0.002323
-155.00 45.00 0.0025064
-150.00 45.00 0.0029124
-145.00 45.00 0.0035302
-140.00 45.00 0.0036702
-135.00 45.00 0.0026579
-130.00 45.00 0.0006906
-125.00 45.00 -0.0011315
-120.00 45.00 -0.0015911
-115.00 45.00 -0.0001273
-110.00 45.00 0.0029248
-105.00 45.00 0.0064836
-100.00 45.00 0.0090601
-95.00 45.00 0.0093542
-90.00 45.00 0.0070172
-85.00 45.00 0.003076
-80.00 45.00 -0.0004765
-75.00 45.00 -0.00186
-70.00 45.00 -0.0007285
-65.00 45.00 0.0015455
-60.00 45.00 0.0029611
-55.00 45.00 0.0025864
-50.00 45.00 0.0012792
-45.00 45.00 0.0006261
-40.00 45.00 0.0011651
-35.00 45.00 0.0018304
-30.00 45.00 0.0011978
-25.00 45.00 -0.000944
-20.00 45.00 -0.0034314
-15.00 45.00 -0.0049434
-10.00 45.00 -0.0050717
-5.00 45.00 -0.0042419
0.00 45.00 -0.0030076
5.00 45.00 -0.0016861
10.00 45.00 -0.0004441
15.00 45.00 0.0006399
20.00 45.00 0.0015918
25.00 45.00 0.0023551
30.00 45.00 0.0025933
35.00 45.00 0.001989
40.00 45.00 0.0008361
45.00 45.00 1.92e-05
50.00 45.00 0.0001471
55.00 45.00 0.0008679
60.00 45.00 0.0013173
65.00 45.00 0.0011858
70.00 45.00 0.0010785
75.00 45.00 0.0017764
80.00 45.00 0.0033255
85.00 45.00 0.0049366
90.00 45.00 0.0056859
95.00 45.00 0.0052984
100.00 45.00 0.0043697
105.00 45.00 0.0038659
110.00 45.00 0.0042824
115.00 45.00 0.0052203
120.00 45.00 0.0058661
125.00 45.00 0.0058986
130.00 45.00 0.0057654
135.00 45.00 0.0059914
140.00 45.00 0.0064247
145.00 45.00 0.0063882
150.00 45.00 0.005481
155.00 45.00 0.0039827
160.00 45.00 0.0024614
165.00 45.00 0.0012255
170.00 45.00 0.0002787
175.00 45.00 -0.0003513
180.00 45.00 -0.0004626
-180.00 50.00 0.0001492
-175.00 50.00 0.0005411
-170.00 50.00 0.0013248
-165.00 50.00 0.002261
-160.00 50.00 0.0031481
-155.00 50.00 0.0039449
-150.00 50.00 0.0046326
-145.00 50.00 0.0049798
-140.00 50.00 0.0045722
-135.00 50.00 0.0031862
-130.00 50.00 0.0011419
-125.00 50.00 -0.0007667
-120.00 50.00 -0.0017279
-115.00 50.00 -0.001358
-110.00 50.00 0.0001473
-105.00 50.00 0.0021225
-100.00 50.00 0.0036726
-95.00 50.00 0.0040236
-90.00 50.00 0.0029476
-85.00 50.00 0.0010247
-80.00 50.00 -0.0005766
-75.00 50.00 -0.0008266
-70.00 50.00 0.0004001
-65.00 50.00 0.0021795
-60.00 50.00 0.0032422
-55.00 50.00 0.0029704
-50.00 50.00 0.0017839
-45.00 50.00 0.0005719
-40.00 50.00 -0.0001949
-35.00 50.00 -0.0007353
-30.00 50.00 -0.0014228
-25.00 50.00 -0.0021845
-20.00 50.00 -0.0025751
-15.00 50.00 -0.0023763
-10.00 50.00 -0.001928
-5.00 50.00 -0.0017681
0.00 50.00 -0.002015
5.00 50.00 -0.0022006
10.00 50.00 -0.0017209
15.00 50.00 -0.0004422
20.00 50.00 0.0010732
25.00 50.00 0.0018835
30.00 50.00 0.0013099
35.00 50.00 -0.0005256
40.00 50.00 -0.0027048
45.00 50.00 -0.0041583
50.00 50.00 -0.004453
55.00 50.00 -0.0039731
60.00 50.00 -0.0032972
65.00 50.00 -0.0024506
70.00 50.00 -0.0008873
75.00 50.00 0.001755
80.00 50.00 0.0049599
85.00 50.00 0.0074914
90.00 50.00 0.0083128
95.00 50.00 0.0074202
100.00 50.00 0.0058382
105.00 50.00 0.0047999
110.00 50.00 0.0048429
115.00 50.00 0.0055806
120.00 50.00 0.0062573
125.00 50.00 0.0064718
130.00 50.00 0.0063686
135.00 50.00 0.0062335
140.00 50.00 0.0060613
145.00 50.00 0.0055918
150.00 50.00 0.0046782
155.00 50.00 0.0034879
160.00 50.00 0.0023305
165.00 50.00 0.0013885
170.00 50.00 0.000681
175.00 50.00 0.0002289
180.00 50.00 0.0001492
-180.00 55.00 0.0006953
-175.00 55.00 0.0008287
-170.00 55.00 0.0014315
-165.00 55.00 0.0023691
-160.00 55.00 0.0033985
-155.00 55.00 0.0042782
-150.00 55.00 0.0048156
-145.00 55.00 0.0048669
-140.00 55.00 0.0043655
-135.00 55.00 0.0033899
-130.00 55.00 0.0021827
-125.00 55.00 0.0010518
-120.00 55.00 0.0002136
-115.00 55.00 -0.0002923
-110.00 55.00 -0.000563
-105.00 55.00 -0.0007367
-100.00 55.00 -0.0009253
-95.00 55.00 -0.0011757
-90.00 55.00 -0.0014195
-85.00 55.00 -0.0014407
-80.00 55.00 -0.0009554
-75.00 55.00 0.000173
-70.00 55.00 0.0017229
-65.00 55.00 0.0031274
-60.00 55.00 0.0037668
-55.00 55.00 0.0033375
-50.00 55.00 0.001996
-45.00 55.00 0.0001848
-40.00 55.00 -0.0016481
-35.00 55.00 -0.0031682
-30.00 55.00 -0.0040922
-25.00 55.00 -0.0041672
-20.00 55.00 -0.0033412
-15.00 55.00 -0.001961
-10.00 55.00 -0.0006971
-5.00 55.00 -0.000135
0.00 55.00 -0.0003532
5.00 55.00 -0.0008839
10.00 55.00 -0.0011219
15.00 55.00 -0.0008432
20.00 55.00 -0.0003923
25.00 55.00 -0.0003872
30.00 55.00 -0.0011875
35.00 55.00 -0.0025665
40.00 55.00 -0.0038646
45.00 55.00 -0.0044939
50.00 55.00 -0.0043452
55.00 55.00 -0.0037229
60.00 55.00 -0.0028857
65.00 55.00 -0.0016807
70.00 55.00 0.00031
75.00 55.00 0.0032112
80.00 55.00 0.0064444
85.00 55.00 0.0089285
90.00 55.00 0.0097879
95.00 55.00 0.0089791
100.00 55.00 0.0073055
105.00 55.00 0.0058243
110.00 55.00 0.0051496
115.00 55.00 0.0051876
120.00 55.00 0.0054203
125.00 55.00 0.0053965
130.00 55.00 0.0050077
135.00 55.00 0.004413
140.00 55.00 0.0038119
145.00 55.00 0.0033074
150.00 55.00 0.0029134
155.00 55.00 0.0025996
160.00 55.00 0.002301
165.00 55.00 0.0019324
170.00 55.00 0.0014585
175.00 55.00 0.0009746
180.00 55.00 0.0006953
-180.00 60.00 0.0012317
-175.00 60.00 0.0011329
-170.00 60.00 0.0015635
-165.00 60.00 0.0024046
-160.00 60.00 0.0033687
-155.00 60.00 0.0041398
-150.00 60.00 0.0045099
-145.00 60.00 0.004451
-140.00 60.00 0.0041032
-135.00 60.00 0.0036905
-130.00 60.00 0.0034019
-125.00 60.00 0.0032908
-120.00 60.00 0.0032497
-115.00 60.00 0.0030807
-110.00 60.00 0.0026228
-105.00 60.00 0.0018555
-100.00 60.00 0.0009177
-95.00 60.00 4.48e-05
-90.00 60.00 -0.0005218
-85.00 60.00 -0.0006084
-80.00 60.00 -0.0001551
-75.00 60.00 0.0007552
-70.00 60.00 0.0018911
-65.00 60.00 0.002914
-60.00 60.00 0.0034732
-55.00 60.00 0.0033183
-50.00 60.00 0.0023758
-45.00 60.00 0.0007683
-40.00 60.00 -0.0012064
-35.00 60.00 -0.0031177
-30.00 60.00 -0.0044863
-25.00 60.00 -0.0049344
-20.00 60.00 -0.0043617
-15.00 60.00 -0.0030331
-10.00 60.00 -0.001478
-5.00 60.00 -0.0002308
0.00 60.00 0.0004217
5.00 60.00 0.000514
10.00 60.00 0.0002647
15.00 60.00 -0.0001342
20.00 60.00 -0.0006209
25.00 60.00 -0.0011938
30.00 60.00 -0.0017683
35.00 60.00 -0.0021275
40.00 60.00 -0.0020413
45.00 60.00 -0.001455
50.00 60.00 -0.000559
55.00 60.00 0.0003548
60.00 60.00 0.0011456
65.00 60.00 0.0019526
70.00 60.00 0.0030575
75.00 60.00 0.0045768
80.00 60.00 0.0062521
85.00 60.00 0.0075429
90.00 60.00 0.0079689
95.00 60.00 0.0074358
100.00 60.00 0.0062891
105.00 60.00 0.0050677
110.00 60.00 0.0041627
115.00 60.00 0.0036347
120.00 60.00 0.0032896
125.00 60.00 0.0029061
130.00 60.00 0.002421
135.00 60.00 0.0019551
140.00 60.00 0.0017012
145.00 60.00 0.0017779
150.00 60.00 0.0021438
155.00 60.00 0.0026039
160.00 60.00 0.0028987
165.00 60.00 0.0028326
170.00 60.00 0.0023858
175.00 60.00 0.0017462
180.00 60.00 0.0012317
-180.00 65.00 0.0019009
-175.00 65.00 0.0018158
-170.00 65.00 0.0021574
-165.00 65.00 0.0028141
-160.00 65.00 0.0035467
-155.00 65.00 0.0041014
-150.00 65.00 0.0043265
-145.00 65.00 0.0042358
-140.00 65.00 0.0039926
-135.00 65.00 0.0038232
-130.00 65.00 0.0039026
-125.00 65.00 0.0042672
-120.00 65.00 0.0047961
-115.00 65.00 0.0052678
-110.00 65.00 0.00546
-105.00 65.00 0.0052433
-100.00 65.00 0.0046261
-95.00 65.00 0.0037423
-90.00 65.00 0.0027977
-85.00 65.00 0.0020054
-80.00 65.00 0.00153
-75.00 65.00 0.0014474
-70.00 65.00 0.0017233
-65.00 65.00 0.0022136
-60.00 65.00 0.002691
-55.00 65.00 0.0028996
-50.00 65.00 0.0026288
-45.00 65.00 0.0017896
-40.00 65.00 0.0004675
-35.00 65.00 -0.0010755
-30.00 65.00 -0.0024676
-25.00 65.00 -0.0033491
-20.00 65.00 -0.0035062
-15.00 65.00 -0.0029516
-10.00 65.00 -0.0019128
-5.00 65.00 -0.0007319
0.00 65.00 0.0002637
5.00 65.00 0.0008604
10.00 65.00 0.0009914
15.00 65.00 0.0007201
20.00 65.00 0.0002038
25.00 65.00 -0.0003421
30.00 65.00 -0.0006881
35.00 65.00 -0.000654
40.00 65.00 -0.00018
45.00 65.00 0.000637
50.00 65.00 0.0015818
55.00 65.00 0.0024284
60.00 65.00 0.0030573
65.00 65.00 0.0035021
70.00 65.00 0.0038904
75.00 65.00 0.0043224
80.00 65.00 0.0047768
85.00 65.00 0.005116
90.00 65.00 0.0051808
95.00 65.00 0.0049013
100.00 65.00 0.0043407
105.00 65.00 0.0036492
110.00 65.00 0.0029718
115.00 65.00 0.002385
120.00 65.00 0.0019002
125.00 65.00 0.0015169
130.00 65.00 0.0012716
135.00 65.00 0.0012378
140.00 65.00 0.0014769
145.00 65.00 0.0019739
150.00 65.00 0.0026055
155.00 65.00 0.0031672
160.00 65.00 0.0034534
165.00 65.00 0.0033538
170.00 65.00 0.0029166
175.00 65.00 0.0023418
180.00 65.00 0.0019009
-180.00 70.00 0.0029053
-175.00 70.00 0.0031441
-170.00 70.00 0.0035751
-165.00 70.00 0.004116
-160.00 70.00 0.004632
-155.00 70.00 0.0049923
-150.00 70.00 0.0051246
-145.00 70.00 0.0050467
-140.00 70.00 0.0048578
-135.00 70.00 0.0046967
-130.00 70.00 0.0046829
-125.00 70.00 0.0048665
-120.00 70.00 0.0052065
-115.00 70.00 0.0055862
-110.00 70.00 0.0058551
-105.00 70.00 0.0058822
-100.00 70.00 0.0055994
-95.00 70.00 0.0050223
-90.00 70.00 0.0042451
-85.00 70.00 0.0034135
-80.00 70.00 0.0026846
-75.00 70.00 0.0021848
-70.00 70.00 0.0019737
-65.00 70.00 0.0020259
-60.00 70.00 0.0022342
-55.00 70.00 0.0024391
-50.00 70.00 0.0024769
-45.00 70.00 0.002235
-40.00 70.00 0.0016947
-35.00 70.00 0.0009446
-30.00 70.00 0.000157
-25.00 70.00 -0.0004682
-20.00 70.00 -0.0007703
-15.00 70.00 -0.000681
-10.00 70.00 -0.0002448
-5.00 70.00 0.0004003
0.00 70.00 0.0010709
5.00 70.00 0.0015956
10.00 70.00 0.0018636
15.00 70.00 0.0018513
20.00 70.00 0.0016217
25.00 70.00 0.0012993
30.00 70.00 0.0010277
35.00 70.00 0.000922
40.00 70.00 0.0010334
45.00 70.00 0.0013377
50.00 70.00 0.0017556
55.00 70.00 0.0021926
60.00 70.00 0.0025794
65.00 70.00 0.0028911
70.00 70.00 0.0031394
75.00 70.00 0.003344
80.00 70.00 0.0035065
85.00 70.00 0.0036021
90.00 70.00 0.0035921
95.00 70.00 0.0034472
100.00 70.00 0.0031649
105.00 70.00 0.0027729
110.00 70.00 0.0023205
115.00 70.00 0.0018669
120.00 70.00 0.0014729
125.00 70.00 0.0011966
130.00 70.00 0.0010868
135.00 70.00 0.0011715
140.00 70.00 0.0014425
145.00 70.00 0.0018465
150.00 70.00 0.0022913
155.00 70.00 0.0026713
160.00 70.00 0.0029052
165.00 70.00 0.0029707
170.00 70.00 0.0029189
175.00 70.00 0.0028569
180.00 70.00 0.0029053
-180.00 75.00 0.0036329
-175.00 75.00 0.0043196
-170.00 75.00 0.0050168
-165.00 75.00 0.0056758
-160.00 75.00 0.0062408
-155.00 75.00 0.0066647
-150.00 75.00 0.0069236
-145.00 75.00 0.0070242
-140.00 75.00 0.0070012
-135.00 75.00 0.006905
-130.00 75.00 0.0067851
-125.00 75.00 0.0066735
-120.00 75.00 0.0065756
-115.00 75.00 0.0064701
-110.00 75.00 0.0063189
-105.00 75.00 0.0060825
-100.00 75.00 0.0057354
-95.00 75.00 0.0052783
-90.00 75.00 0.0047412
-85.00 75.00 0.0041775
-80.00 75.00 0.0036515
-75.00 75.00 0.0032216
-70.00 75.00 0.0029248
-65.00 75.00 0.0027675
-60.00 75.00 0.0027243
-55.00 75.00 0.0027465
-50.00 75.00 0.0027784
-45.00 75.00 0.0027745
-40.00 75.00 0.0027143
-35.00 75.00 0.0026094
-30.00 75.00 0.0024982
-25.00 75.00 0.0024326
-20.00 75.00 0.0024596
-15.00 75.00 0.0026037
-10.00 75.00 0.0028575
-5.00 75.00 0.0031815
0.00 75.00 0.0035155
5.00 75.00 0.0037945
10.00 75.00 0.0039669
15.00 75.00 0.0040073
20.00 75.00 0.0039208
25.00 75.00 0.0037394
30.00 75.00 0.0035096
35.00 75.00 0.0032792
40.00 75.00 0.0030851
45.00 75.00 0.0029465
50.00 75.00 0.0028649
55.00 75.00 0.0028286
60.00 75.00 0.0028197
65.00 75.00 0.0028193
70.00 75.00 0.0028102
75.00 75.00 0.0027762
80.00 75.00 0.0027016
85.00 75.00 0.0025706
90.00 75.00 0.0023698
95.00 75.00 0.0020921
100.00 75.00 0.0017406
105.00 75.00 0.0013316
110.00 75.00 0.0008942
115.00 75.00 0.0004675
120.00 75.00 9.5e-05
125.00 75.00 -0.0001822
130.00 75.00 -0.0003324
135.00 75.00 -0.0003385
140.00 75.00 -0.0002013
145.00 75.00 6.26e-05
150.00 75.00 0.0004252
155.00 75.00 0.0008565
160.00 75.00 0.0013331
165.00 75.00 0.0018444
170.00 75.00 0.0023928
175.00 75.00 0.0029873
180.00 75.00 0.0036329
-180.00 80.00 0.0033112
-175.00 80.00 0.0041308
-170.00 80.00 0.0049192
-165.00 80.00 0.00565
-160.00 80.00 0.0062995
-155.00 80.00 0.0068492
-150.00 80.00 0.0072873
-145.00 80.00 0.0076097
-140.00 80.00 0.0078196
-135.00 80.00 0.0079252
-130.00 80.00 0.0079379
-125.00 80.00 0.0078698
-120.00 80.00 0.007732
-115.00 80.00 0.0075335
-110.00 80.00 0.0072818
-105.00 80.00 0.0069846
-100.00 80.00 0.0066513
-95.00 80.00 0.0062936
-90.00 80.00 0.0059261
-85.00 80.00 0.0055659
-80.00 80.00 0.0052304
-75.00 80.00 0.0049354
-70.00 80.00 0.0046927
-65.00 80.00 0.0045087
-60.00 80.00 0.0043845
-55.00 80.00 0.0043165
-50.00 80.00 0.0042978
-45.00 80.00 0.0043207
-40.00 80.00 0.0043783
-35.00 80.00 0.0044658
-30.00 80.00 0.0045802
-25.00 80.00 0.004719
-20.00 80.00 0.0048787
-15.00 80.00 0.0050532
-10.00 80.00 0.0052324
-5.00 80.00 0.0054025
0.00 80.00 0.0055474
5.00 80.00 0.0056509
10.00 80.00 0.0056992
15.00 80.00 0.0056828
20.00 80.00 0.0055987
25.00 80.00 0.0054494
30.00 80.00 0.0052425
35.00 80.00 0.0049884
40.00 80.00 0.0046984
45.00 80.00 0.0043829
50.00 80.00 0.00405
55.00 80.00 0.0037045
60.00 80.00 0.0033484
65.00 80.00 0.0029815
70.00 80.00 0.0026019
75.00 80.00 0.0022072
80.00 80.00 0.0017953
85.00 80.00 0.0013657
90.00 80.00 0.0009209
95.00 80.00 0.0004668
100.00 80.00 1.31e-05
105.00 80.00 -0.0004266
110.00 80.00 -0.0008347
115.00 80.00 -0.0011915
120.00 80.00 -0.0014766
125.00 80.00 -0.001671
130.00 80.00 -0.0017586
135.00 80.00 -0.0017278
140.00 80.00 -0.0015723
145.00 80.00 -0.0012919
150.00 80.00 -0.0008912
155.00 80.00 -0.0003792
160.00 80.00 0.0002314
165.00 80.00 0.0009252
170.00 80.00 0.0016839
175.00 80.00 0.002487
180.00 80.00 0.0033112
-180.00 85.00 0.0027424
-175.00 85.00 0.0031836
-170.00 85.00 0.003618
-165.00 85.00 0.0040362
-160.00 85.00 0.00443
-155.00 85.00 0.0047927
-150.00 85.00 0.0051193
-145.00 85.00 0.0054056
-140.00 85.00 0.0056483
-135.00 85.00 0.0058454
-130.00 85.00 0.005997
-125.00 85.00 0.006105
-120.00 85.00 0.0061727
-115.00 85.00 0.0062037
-110.00 85.00 0.0062018
-105.00 85.00 0.0061711
-100.00 85.00 0.0061167
-95.00 85.00 0.0060446
-90.00 85.00 0.005961
-85.00 85.00 0.0058712
-80.00 85.00 0.0057797
-75.00 85.00 0.00569
-70.00 85.00 0.0056058
-65.00 85.00 0.0055306
-60.00 85.00 0.005467
-55.00 85.00 0.0054163
-50.00 85.00 0.005378
-45.00 85.00 0.0053508
-40.00 85.00 0.0053334
-35.00 85.00 0.0053242
-30.00 85.00 0.0053213
-25.00 85.00 0.0053218
-20.00 85.00 0.0053215
-15.00 85.00 0.005316
-10.00 85.00 0.0053015
-5.00 85.00 0.0052747
0.00 85.00 0.0052323
5.00 85.00 0.0051712
10.00 85.00 0.0050878
15.00 85.00 0.0049793
20.00 85.00 0.0048441
25.00 85.00 0.0046821
30.00 85.00 0.004494
35.00 85.00 0.0042807
40.00 85.00 0.0040432
45.00 85.00 0.0037832
50.00 85.00 0.0035031
55.00 85.00 0.0032067
60.00 85.00 0.0028979
65.00 85.00 0.0025806
70.00 85.00 0.0022581
75.00 85.00 0.0019344
80.00 85.00 0.0016139
85.00 85.00 0.0013023
90.00 85.00 0.0010054
95.00 85.00 0.0007291
100.00 85.00 0.0004787
105.00 85.00 0.0002595
110.00 85.00 7.74e-05
115.00 85.00 -6.16e-05
120.00 85.00 -0.000152
125.00 85.00 -0.0001895
130.00 85.00 -0.0001715
135.00 85.00 -9.67e-05
140.00 85.00 3.52e-05
145.00 85.00 0.0002237
150.00 85.00 0.0004668
155.00 85.00 0.0007604
160.00 85.00 0.0010986
165.00 85.00 0.001474
170.00 85.00 0.0018786
175.00 85.00 0.0023043
180.00 85.00 0.0027424
-180.00 90.00 0.0035202
-175.00 90.00 0.0035202
-170.00 90.00 0.0035202
-165.00 90.00 0.0035202
-160.00 90.00 0.0035202
-155.00 90.00 0.0035202
-150.00 90.00 0.0035202
-145.00 90.00 0.0035202
-140.00 90.00 0.0035202
-135.00 90.00 0.0035202
-130.00 90.00 0.0035202
-125.00 90.00 0.0035202
-120.00 90.00 0.0035202
-115.00 90.00 0.0035202
-110.00 90.00 0.0035202
-105.00 90.00 0.0035202
-100.00 90.00 0.0035202
-95.00 90.00 0.0035202
-90.00 90.00 0.0035202
-85.00 90.00 0.0035202
-80.00 90.00 0.0035202
-75.00 90.00 0.0035202
-70.00 90.00 0.0035202
-65.00 90.00 0.0035202
-60.00 90.00 0.0035202
-55.00 90.00 0.0035202
-50.00 90.00 0.0035202
-45.00 90.00 0.0035202
-40.00 90.00 0.0035202
-35.00 90.00 0.0035202
-30.00 90.00 0.0035202
-25.00 90.00 0.0035202
-20.00 90.00 0.0035202
-15.00 90.00 0.0035202
-10.00 90.00 0.0035202
-5.00 90.00 0.0035202
0.00 90.00 0.0035202
5.00 90.00 0.0035202
10.00 90.00 0.0035202
15.00 90.00 0.0035202
20.00 90.00 0.0035202
25.00 90.00 0.0035202
30.00 90.00 0.0035202
35.00 90.00 0.0035202
40.00 90.00 0.0035202
45.00 90.00 0.0035202
50.00 90.00 0.0035202
55.00 90.00 0.0035202
60.00 90.00 0.0035202
65.00 90.00 0.0035202
70.00 90.00 0.0035202
75.00 90.00 0.0035202
80.00 90.00 0.0035202
85.00 90.00 0.0035202
90.00 90.00 0.0035202
95.00 90.00 0.0035202
100.00 90.00 0.0035202
105.00 90.00 0.0035202
110.00 90.00 0.0035202
115.00 90.00 0.0035202
120.00 90.00 0.0035202
125.00 90.00 0.0035202
130.00 90.00 0.0035202
135.00 90.00 0.0035202
140.00 90.00 0.0035202
145.00 90.00 0.0035202
150.00 90.00 0.0035202
155.00 90.00 0.0035202
160.00 90.00 0.0035202
165.00 90.00 0.0035202
170.00 90.00 0.0035202
175.00 90.00 0.0035202
180.00 90.00 0.0035202
