-180.00 -90.00 1.32e-05
-175.00 -90.00 1.323e-05
-170.00 -90.00 1.323e-05
-165.00 -90.00 1.323e-05
-160.00 -90.00 1.323e-05
-155.00 -90.00 1.323e-05
-150.00 -90.00 1.32e-05
-145.00 -90.00 1.317e-05
-140.00 -90.00 1.314e-05
-135.00 -90.00 1.311e-05
-130.00 -90.00 1.308e-05
-125.00 -90.00 1.302e-05
-120.00 -90.00 1.299e-05
-115.00 -90.00 1.293e-05
-110.00 -90.00 1.29e-05
-105.00 -90.00 1.284e-05
-100.00 -90.00 1.281e-05
-95.00 -90.00 1.278e-05
-90.00 -90.00 1.275e-05
-85.00 -90.00 1.272e-05
-80.00 -90.00 1.272e-05
-75.00 -90.00 1.272e-05
-70.00 -90.00 1.272e-05
-65.00 -90.00 1.272e-05
-60.00 -90.00 1.275e-05
-55.00 -90.00 1.278e-05
-50.00 -90.00 1.281e-05
-45.00 -90.00 1.284e-05
-40.00 -90.00 1.29e-05
-35.00 -90.00 1.293e-05
-30.00 -90.00 1.299e-05
-25.00 -90.00 1.302e-05
-20.00 -90.00 1.305e-05
-15.00 -90.00 1.311e-05
-10.00 -90.00 1.314e-05
-5.00 -90.00 1.317e-05
0.00 -90.00 1.32e-05
5.00 -90.00 1.323e-05
10.00 -90.00 1.323e-05
15.00 -90.00 1.323e-05
20.00 -90.00 1.323e-05
25.00 -90.00 1.323e-05
30.00 -90.00 1.32e-05
35.00 -90.00 1.317e-05
40.00 -90.00 1.314e-05
45.00 -90.00 1.311e-05
50.00 -90.00 1.308e-05
55.00 -90.00 1.302e-05
60.00 -90.00 1.299e-05
65.00 -90.00 1.293e-05
70.00 -90.00 1.29e-05
75.00 -90.00 1.284e-05
80.00 -90.00 1.281e-05
85.00 -90.00 1.278e-05
90.00 -90.00 1.275e-05
95.00 -90.00 1.275e-05
100.00 -90.00 1.272e-05
105.00 -90.00 1.272e-05
110.00 -90.00 1.272e-05
115.00 -90.00 1.272e-05
120.00 -90.00 1.275e-05
125.00 -90.00 1.278e-05
130.00 -90.00 1.281e-05
135.00 -90.00 1.284e-05
140.00 -90.00 1.29e-05
145.00 -90.00 1.293e-05
150.00 -90.00 1.299e-05
155.00 -90.00 1.302e-05
160.00 -90.00 1.305e-05
165.00 -90.00 1.311e-05
170.00 -90.00 1.314e-05
175.00 -90.00 1.317e-05
180.00 -90.00 1.32e-05
-180.00 -85.00 -0.00032382
-175.00 -85.00 -0.00032526
-170.00 -85.00 -0.00032934
-165.00 -85.00 -0.0003369
-160.00 -85.00 -0.00034881
-155.00 -85.00 -0.00036567
-150.00 -85.00 -0.0003879
-145.00 -85.00 -0.00041562
-140.00 -85.00 -0.00044871
-135.00 -85.00 -0.0004869
-130.00 -85.00 -0.0005295
-125.00 -85.00 -0.0005754
-120.00 -85.00 -0.00062295
-115.00 -85.00 -0.00067035
-110.00 -85.00 -0.00071565
-105.00 -85.00 -0.00075681
-100.00 -85.00 -0.00079179
-95.00 -85.00 -0.0008187
-90.00 -85.00 -0.00083583
-85.00 -85.00 -0.00084207
-80.00 -85.00 -0.00083673
-75.00 -85.00 -0.00081954
-70.00 -85.00 -0.00079059
-65.00 -85.00 -0.00075036
-60.00 -85.00 -0.00069951
-55.00 -85.00 -0.00063912
-50.00 -85.00 -0.00057036
-45.00 -85.00 -0.00049461
-40.00 -85.00 -0.00041337
-35.00 -85.00 -0.00032826
-30.00 -85.00 -0.00024102
-25.00 -85.00 -0.00015354
-20.00 -85.00 -6.78e-05
-15.00 -85.00 1.425e-05
-10.00 -85.00 9.069e-05
-5.00 -85.00 0.00015996
0.00 -85.00 0.00022071
5.00 -85.00 0.00027204
10.00 -85.00 0.00031332
15.00 -85.00 0.00034431
20.00 -85.00 0.00036516
25.00 -85.00 0.00037641
30.00 -85.00 0.00037884
35.00 -85.00 0.00037329
40.00 -85.00 0.00036054
45.00 -85.00 0.00034137
50.00 -85.00 0.00031659
55.00 -85.00 0.00028698
60.00 -85.00 0.00025338
65.00 -85.00 0.00021639
70.00 -85.00 0.00017661
75.00 -85.00 0.00013467
80.00 -85.00 9.132e-05
85.00 -85.00 4.731e-05
90.00 -85.00 3.45e-06
95.00 -85.00 -3.966e-05
100.00 -85.00 -8.133e-05
105.00 -85.00 -0.00012099
110.00 -85.00 -0.00015801
115.00 -85.00 -0.00019185
120.00 -85.00 -0.00022221
125.00 -85.00 -0.00024876
130.00 -85.00 -0.00027132
135.00 -85.00 -0.00028977
140.00 -85.00 -0.00030414
145.00 -85.00 -0.00031464
150.00 -85.00 -0.00032166
155.00 -85.00 -0.00032562
160.00 -85.00 -0.00032706
165.00 -85.00 -0.0003267
170.00 -85.00 -0.00032541
175.00 -85.00 -0.00032412
180.00 -85.00 -0.00032382
-180.00 -80.00 -0.00066768
-175.00 -80.00 -0.00062193
-170.00 -80.00 -0.00058347
-165.00 -80.00 -0.00055455
-160.00 -80.00 -0.00053481
-155.00 -80.00 -0.00052431
-150.00 -80.00 -0.00052662
-145.00 -80.00 -0.00054678
-140.00 -80.00 -0.00058791
-135.00 -80.00 -0.00065217
-130.00 -80.00 -0.00074283
-125.00 -80.00 -0.00086205
-120.00 -80.00 -0.00100611
-115.00 -80.00 -0.00116529
-110.00 -80.00 -0.00132798
-105.00 -80.00 -0.00148221
-100.00 -80.00 -0.00161421
-95.00 -80.00 -0.00170985
-90.00 -80.00 -0.00176064
-85.00 -80.00 -0.00176658
-80.00 -80.00 -0.0017331
-75.00 -80.00 -0.00166779
-70.00 -80.00 -0.00158109
-65.00 -80.00 -0.00148626
-60.00 -80.00 -0.00139422
-55.00 -80.00 -0.00130872
-50.00 -80.00 -0.00122772
-45.00 -80.00 -0.0011475
-40.00 -80.00 -0.0010632
-35.00 -80.00 -0.00096747
-30.00 -80.00 -0.00085338
-25.00 -80.00 -0.00071988
-20.00 -80.00 -0.00057228
-15.00 -80.00 -0.00041817
-10.00 -80.00 -0.00026517
-5.00 -80.00 -0.00012258
0.00 -80.00 -7.8e-07
5.00 -80.00 9.381e-05
10.00 -80.00 0.00016134
15.00 -80.00 0.0002055
20.00 -80.00 0.00023004
25.00 -80.00 0.00023982
30.00 -80.00 0.00024228
35.00 -80.00 0.00024375
40.00 -80.00 0.00024546
45.00 -80.00 0.00024477
50.00 -80.00 0.00023907
55.00 -80.00 0.00022599
60.00 -80.00 0.00020088
65.00 -80.00 0.00015816
70.00 -80.00 9.591e-05
75.00 -80.00 1.662e-05
80.00 -80.00 -7.65e-05
85.00 -80.00 -0.00018102
90.00 -80.00 -0.00029274
95.00 -80.00 -0.00040491
100.00 -80.00 -0.00051183
105.00 -80.00 -0.00061155
110.00 -80.00 -0.00070296
115.00 -80.00 -0.00078321
120.00 -80.00 -0.00084963
125.00 -80.00 -0.00090231
130.00 -80.00 -0.00094224
135.00 -80.00 -0.00096804
140.00 -80.00 -0.0009774
145.00 -80.00 -0.00097062
150.00 -80.00 -0.00095037
155.00 -80.00 -0.00091836
160.00 -80.00 -0.00087522
165.00 -80.00 -0.00082389
170.00 -80.00 -0.00076992
175.00 -80.00 -0.00071745
180.00 -80.00 -0.00066768
-180.00 -75.00 -0.0006627
-175.00 -75.00 -0.00063303
-170.00 -75.00 -0.00063042
-165.00 -75.00 -0.00064407
-160.00 -75.00 -0.00066081
-155.00 -75.00 -0.00066876
-150.00 -75.00 -0.00066057
-145.00 -75.00 -0.00063672
-140.00 -75.00 -0.0006078
-135.00 -75.00 -0.00059472
-130.00 -75.00 -0.00062427
-125.00 -75.00 -0.00072144
-120.00 -75.00 -0.00089982
-115.00 -75.00 -0.00115359
-110.00 -75.00 -0.00145314
-105.00 -75.00 -0.00174843
-100.00 -75.00 -0.0019797
-95.00 -75.00 -0.00209232
-90.00 -75.00 -0.00205212
-85.00 -75.00 -0.00185676
-80.00 -75.00 -0.00153915
-75.00 -75.00 -0.00116097
-70.00 -75.00 -0.00079815
-65.00 -75.00 -0.0005226
-60.00 -75.00 -0.00038478
-55.00 -75.00 -0.00040212
-50.00 -75.00 -0.00055641
-45.00 -75.00 -0.00080061
-40.00 -75.00 -0.00107205
-35.00 -75.00 -0.00130824
-30.00 -75.00 -0.00146118
-25.00 -75.00 -0.00150669
-20.00 -75.00 -0.00144681
-15.00 -75.00 -0.00130584
-10.00 -75.00 -0.0011217
-5.00 -75.00 -0.00093498
0.00 -75.00 -0.00077859
5.00 -75.00 -0.00067038
10.00 -75.00 -0.00061065
15.00 -75.00 -0.0005841
20.00 -75.00 -0.00056583
25.00 -75.00 -0.00052929
30.00 -75.00 -0.00045384
35.00 -75.00 -0.00033027
40.00 -75.00 -0.00016329
45.00 -75.00 2.925e-05
50.00 -75.00 0.00022044
55.00 -75.00 0.00037974
60.00 -75.00 0.00047946
65.00 -75.00 0.00050034
70.00 -75.00 0.00043572
75.00 -75.00 0.0002922
80.00 -75.00 8.727e-05
85.00 -75.00 -0.00015498
90.00 -75.00 -0.00040941
95.00 -75.00 -0.00065487
100.00 -75.00 -0.00087711
105.00 -75.00 -0.00106851
110.00 -75.00 -0.00122691
115.00 -75.00 -0.00135318
120.00 -75.00 -0.00144891
125.00 -75.00 -0.00151449
130.00 -75.00 -0.00154902
135.00 -75.00 -0.0015507
140.00 -75.00 -0.00151767
145.00 -75.00 -0.00144942
150.00 -75.00 -0.0013488
155.00 -75.00 -0.00122319
160.00 -75.00 -0.00108393
165.00 -75.00 -0.00094527
170.00 -75.00 -0.00082188
175.00 -75.00 -0.00072561
180.00 -75.00 -0.0006627
-180.00 -70.00 -0.00037146
-175.00 -70.00 -0.00042933
-170.00 -70.00 -0.00052242
-165.00 -70.00 -0.00063351
-160.00 -70.00 -0.00074772
-155.00 -70.00 -0.00084729
-150.00 -70.00 -0.00090741
-145.00 -70.00 -0.00090129
-140.00 -70.00 -0.00081498
-135.00 -70.00 -0.00066474
-130.00 -70.00 -0.00050463
-125.00 -70.00 -0.00041505
-120.00 -70.00 -0.00047388
-115.00 -70.00 -0.0007212
-110.00 -70.00 -0.00113352
-105.00 -70.00 -0.00161982
-100.00 -70.00 -0.00204237
-95.00 -70.00 -0.00225588
-90.00 -70.00 -0.00215328
-85.00 -70.00 -0.00170286
-80.00 -70.00 -0.0009654
-75.00 -70.00 -8.355e-05
-70.00 -70.00 0.0007545
-65.00 -70.00 0.00136653
-60.00 -70.00 0.00162618
-55.00 -70.00 0.00149445
-50.00 -70.00 0.00102303
-45.00 -70.00 0.00033162
-40.00 -70.00 -0.00043017
-35.00 -70.00 -0.00112242
-30.00 -70.00 -0.00164421
-25.00 -70.00 -0.0019482
-20.00 -70.00 -0.00204063
-15.00 -70.00 -0.00197001
-10.00 -70.00 -0.00180915
-5.00 -70.00 -0.00163368
0.00 -70.00 -0.00150216
5.00 -70.00 -0.00144216
10.00 -70.00 -0.00144612
15.00 -70.00 -0.00147813
20.00 -70.00 -0.00148872
25.00 -70.00 -0.00143211
30.00 -70.00 -0.0012798
35.00 -70.00 -0.00102714
40.00 -70.00 -0.00069291
45.00 -70.00 -0.00031452
50.00 -70.00 5.808e-05
55.00 -70.00 0.00036975
60.00 -70.00 0.00056925
65.00 -70.00 0.00062025
70.00 -70.00 0.00051171
75.00 -70.00 0.00026289
80.00 -70.00 -8.145e-05
85.00 -70.00 -0.00046485
90.00 -70.00 -0.00083655
95.00 -70.00 -0.00116397
100.00 -70.00 -0.00143517
105.00 -70.00 -0.00165174
110.00 -70.00 -0.00181791
115.00 -70.00 -0.00193362
120.00 -70.00 -0.0019941
125.00 -70.00 -0.00199449
130.00 -70.00 -0.00193467
135.00 -70.00 -0.00182022
140.00 -70.00 -0.00165978
145.00 -70.00 -0.00146235
150.00 -70.00 -0.00123765
155.00 -70.00 -0.0009996
160.00 -70.00 -0.0007692
165.00 -70.00 -0.00057279
170.00 -70.00 -0.0004347
175.00 -70.00 -0.00036831
180.00 -70.00 -0.00037146
-180.00 -65.00 -0.00066387
-175.00 -65.00 -0.00080313
-170.00 -65.00 -0.00082608
-165.00 -65.00 -0.00075027
-160.00 -65.00 -0.00066144
-155.00 -65.00 -0.00065274
-150.00 -65.00 -0.00075204
-145.00 -65.00 -0.00089277
-140.00 -65.00 -0.00095343
-135.00 -65.00 -0.00084111
-130.00 -65.00 -0.00056109
-125.00 -65.00 -0.00022578
-120.00 -65.00 6.9e-07
-115.00 -65.00 -1.473e-05
-110.00 -65.00 -0.00031215
-105.00 -65.00 -0.00082263
-100.00 -65.00 -0.0013932
-95.00 -65.00 -0.00183294
-90.00 -65.00 -0.00196653
-85.00 -65.00 -0.00168837
-80.00 -65.00 -0.00100725
-75.00 -65.00 -6.06e-05
-70.00 -65.00 0.00091938
-65.00 -65.00 0.00168432
-60.00 -65.00 0.00205812
-55.00 -65.00 0.00199158
-50.00 -65.00 0.00155865
-45.00 -65.00 0.00090507
-40.00 -65.00 0.00018498
-35.00 -65.00 -0.00048219
-30.00 -65.00 -0.00102399
-25.00 -65.00 -0.00140733
-20.00 -65.00 -0.00162873
-15.00 -65.00 -0.00171021
-10.00 -65.00 -0.00169716
-5.00 -65.00 -0.00164943
0.00 -65.00 -0.00162291
5.00 -65.00 -0.00164802
10.00 -65.00 -0.00171756
15.00 -65.00 -0.00179313
20.00 -65.00 -0.00182706
25.00 -65.00 -0.00178767
30.00 -65.00 -0.00167223
35.00 -65.00 -0.0015006
40.00 -65.00 -0.00129672
45.00 -65.00 -0.00107472
50.00 -65.00 -0.00084162
55.00 -65.00 -0.00061419
60.00 -65.00 -0.00043194
65.00 -65.00 -0.00034944
70.00 -65.00 -0.00040656
75.00 -65.00 -0.00059721
80.00 -65.00 -0.00086361
85.00 -65.00 -0.00112521
90.00 -65.00 -0.00132543
95.00 -65.00 -0.00146223
100.00 -65.00 -0.00157851
105.00 -65.00 -0.00171972
110.00 -65.00 -0.00188931
115.00 -65.00 -0.00203589
120.00 -65.00 -0.00208188
125.00 -65.00 -0.0019731
130.00 -65.00 -0.00171459
135.00 -65.00 -0.00136854
140.00 -65.00 -0.00101739
145.00 -65.00 -0.00072075
150.00 -65.00 -0.00049638
155.00 -65.00 -0.00033588
160.00 -65.00 -0.00023631
165.00 -65.00 -0.00021576
170.00 -65.00 -0.0002958
175.00 -65.00 -0.00046563
180.00 -65.00 -0.00066387
-180.00 -60.00 -0.0015093
-175.00 -60.00 -0.0017985
-170.00 -60.00 -0.00164202
-165.00 -60.00 -0.00107481
-160.00 -60.00 -0.00039036
-155.00 -60.00 3.633e-05
-150.00 -60.00 -2.91e-06
-145.00 -60.00 -0.00041673
-140.00 -60.00 -0.0008931
-135.00 -60.00 -0.00112011
-130.00 -60.00 -0.00097833
-125.00 -60.00 -0.00057309
-120.00 -60.00 -0.00011475
-115.00 -60.00 0.00022941
-110.00 -60.00 0.00039381
-105.00 -60.00 0.00037269
-100.00 -60.00 0.00016668
-95.00 -60.00 -0.00020502
-90.00 -60.00 -0.0006462
-85.00 -60.00 -0.00097185
-80.00 -60.00 -0.00099606
-75.00 -60.00 -0.00066282
-70.00 -60.00 -0.00010137
-65.00 -60.00 0.00045231
-60.00 -60.00 0.00080604
-55.00 -60.00 0.00091101
-50.00 -60.00 0.0008418
-45.00 -60.00 0.0006966
-40.00 -60.00 0.00051486
-35.00 -60.00 0.00027456
-30.00 -60.00 -5.016e-05
-25.00 -60.00 -0.00043566
-20.00 -60.00 -0.00080718
-15.00 -60.00 -0.00108339
-10.00 -60.00 -0.00122742
-5.00 -60.00 -0.00126603
0.00 -60.00 -0.00126741
5.00 -60.00 -0.00129546
10.00 -60.00 -0.00137148
15.00 -60.00 -0.00146763
20.00 -60.00 -0.00153648
25.00 -60.00 -0.00155544
30.00 -60.00 -0.00155115
35.00 -60.00 -0.00158061
40.00 -60.00 -0.00167808
45.00 -60.00 -0.00181131
50.00 -60.00 -0.00189003
55.00 -60.00 -0.00183165
60.00 -60.00 -0.0016347
65.00 -60.00 -0.0013938
70.00 -60.00 -0.00123123
75.00 -60.00 -0.00119487
80.00 -60.00 -0.00121221
85.00 -60.00 -0.00114939
90.00 -60.00 -0.00093429
95.00 -60.00 -0.00063882
100.00 -60.00 -0.00044412
105.00 -60.00 -0.00050748
110.00 -60.00 -0.00083166
115.00 -60.00 -0.00123753
120.00 -60.00 -0.00146406
125.00 -60.00 -0.0013293
130.00 -60.00 -0.00084534
135.00 -60.00 -0.00021126
140.00 -60.00 0.00031113
145.00 -60.00 0.0005544
150.00 -60.00 0.00052521
155.00 -60.00 0.00035103
160.00 -60.00 0.00014373
165.00 -60.00 -9.927e-05
170.00 -60.00 -0.00046287
175.00 -60.00 -0.00097758
180.00 -60.00 -0.0015093
-180.00 -55.00 -0.00140544
-175.00 -55.00 -0.00202236
-170.00 -55.00 -0.00199194
-165.00 -55.00 -0.00122142
-160.00 -55.00 -0.0001533
-155.00 -55.00 0.00054675
-150.00 -55.00 0.00047739
-145.00 -55.00 -0.00023247
-140.00 -55.00 -0.0010731
-135.00 -55.00 -0.00156348
-130.00 -55.00 -0.00156969
-125.00 -55.00 -0.00128709
-120.00 -55.00 -0.0009519
-115.00 -55.00 -0.00059064
-110.00 -55.00 -6.234e-05
-105.00 -55.00 0.00066612
-100.00 -55.00 0.0013347
-95.00 -55.00 0.00153933
-90.00 -55.00 0.00110088
-85.00 -55.00 0.00027834
-80.00 -55.00 -0.00040857
-75.00 -55.00 -0.00058776
-70.00 -55.00 -0.00028728
-65.00 -55.00 0.00017601
-60.00 -55.00 0.00051324
-55.00 -55.00 0.00066315
-50.00 -55.00 0.00072843
-45.00 -55.00 0.00078297
-40.00 -55.00 0.00077457
-35.00 -55.00 0.00059787
-30.00 -55.00 0.00022683
-25.00 -55.00 -0.00023838
-20.00 -55.00 -0.00064029
-15.00 -55.00 -0.00086784
-10.00 -55.00 -0.00090744
-5.00 -55.00 -0.00082572
0.00 -55.00 -0.00072324
5.00 -55.00 -0.00069183
10.00 -55.00 -0.00078141
15.00 -55.00 -0.00097695
20.00 -55.00 -0.00120441
25.00 -55.00 -0.00137817
30.00 -55.00 -0.00146694
35.00 -55.00 -0.00152046
40.00 -55.00 -0.0016197
45.00 -55.00 -0.0017826
50.00 -55.00 -0.00191529
55.00 -55.00 -0.00187515
60.00 -55.00 -0.00160746
65.00 -55.00 -0.00122565
70.00 -55.00 -0.00093294
75.00 -55.00 -0.00083322
80.00 -55.00 -0.00081027
85.00 -55.00 -0.00061437
90.00 -55.00 -0.0001005
95.00 -55.00 0.00059685
100.00 -55.00 0.00112212
105.00 -55.00 0.00115107
110.00 -55.00 0.00063492
115.00 -55.00 -0.00014448
120.00 -55.00 -0.00073644
125.00 -55.00 -0.00078999
130.00 -55.00 -0.00026991
135.00 -55.00 0.00050946
140.00 -55.00 0.00107508
145.00 -55.00 0.00111135
150.00 -55.00 0.00068076
155.00 -55.00 0.00015438
160.00 -55.00 -0.00011928
165.00 -55.00 -0.00012897
170.00 -55.00 -0.00019797
175.00 -55.00 -0.00064287
180.00 -55.00 -0.00140544
-180.00 -50.00 -2.565e-05
-175.00 -50.00 -0.00095553
-170.00 -50.00 -0.00136329
-165.00 -50.00 -0.00094182
-160.00 -50.00 -0.00012321
-155.00 -50.00 0.00035313
-150.00 -50.00 8.322e-05
-145.00 -50.00 -0.00071346
-140.00 -50.00 -0.00144714
-135.00 -50.00 -0.00168393
-130.00 -50.00 -0.00148884
-125.00 -50.00 -0.00129342
-120.00 -50.00 -0.00139917
-115.00 -50.00 -0.00159417
-110.00 -50.00 -0.00132126
-105.00 -50.00 -0.00030321
-100.00 -50.00 0.00101967
-95.00 -50.00 0.00178041
-90.00 -50.00 0.00148506
-85.00 -50.00 0.00050289
-80.00 -50.00 -0.00027603
-75.00 -50.00 -0.00024987
-70.00 -50.00 0.00044673
-65.00 -50.00 0.00122592
-60.00 -50.00 0.00164508
-55.00 -50.00 0.00168153
-50.00 -50.00 0.00152718
-45.00 -50.00 0.00127578
-40.00 -50.00 0.00087714
-35.00 -50.00 0.00032676
-30.00 -50.00 -0.00021333
-25.00 -50.00 -0.00052971
-20.00 -50.00 -0.00056313
-15.00 -50.00 -0.00045639
-10.00 -50.00 -0.00039525
-5.00 -50.00 -0.00043167
0.00 -50.00 -0.00048261
5.00 -50.00 -0.00048348
10.00 -50.00 -0.00050286
15.00 -50.00 -0.00068127
20.00 -50.00 -0.00106152
25.00 -50.00 -0.00149976
30.00 -50.00 -0.00176331
35.00 -50.00 -0.00172956
40.00 -50.00 -0.00149232
45.00 -50.00 -0.00126501
50.00 -50.00 -0.00117156
55.00 -50.00 -0.0011385
60.00 -50.00 -0.00100929
65.00 -50.00 -0.00075681
70.00 -50.00 -0.00053922
75.00 -50.00 -0.00050883
80.00 -50.00 -0.00058509
85.00 -50.00 -0.0004797
90.00 -50.00 1.752e-05
95.00 -50.00 0.0007914
100.00 -50.00 0.00145482
105.00 -50.00 0.00163611
110.00 -50.00 0.00122304
115.00 -50.00 0.00040497
120.00 -50.00 -0.00043305
125.00 -50.00 -0.00088053
130.00 -50.00 -0.00072204
135.00 -50.00 -0.00013422
140.00 -50.00 0.00035073
145.00 -50.00 0.00023046
150.00 -50.00 -0.00048864
155.00 -50.00 -0.001209
160.00 -50.00 -0.00124722
165.00 -50.00 -0.00050367
170.00 -50.00 0.00038415
175.00 -50.00 0.00061344
180.00 -50.00 -2.562e-05
-180.00 -45.00 0.00087297
-175.00 -45.00 -8.136e-05
-170.00 -45.00 -0.00063219
-165.00 -45.00 -0.00049767
-160.00 -45.00 -0.0001188
-155.00 -45.00 -5.328e-05
-150.00 -45.00 -0.00043158
-145.00 -45.00 -0.00094233
-140.00 -45.00 -0.00117633
-135.00 -45.00 -0.0009654
-130.00 -45.00 -0.00053502
-125.00 -45.00 -0.00038226
-120.00 -45.00 -0.00084324
-115.00 -45.00 -0.00163839
-110.00 -45.00 -0.00196488
-105.00 -45.00 -0.0012741
-100.00 -45.00 2.697e-05
-95.00 -45.00 0.00085941
-90.00 -45.00 0.00057072
-85.00 -45.00 -0.00037236
-80.00 -45.00 -0.00090453
-75.00 -45.00 -0.00047148
-70.00 -45.00 0.00053079
-65.00 -45.00 0.00134481
-60.00 -45.00 0.00162906
-55.00 -45.00 0.00156096
-50.00 -45.00 0.00136923
-45.00 -45.00 0.00102573
-40.00 -45.00 0.0004479
-35.00 -45.00 -0.00016719
-30.00 -45.00 -0.00039951
-25.00 -45.00 -4.68e-05
-20.00 -45.00 0.0005643
-15.00 -45.00 0.00080469
-10.00 -45.00 0.00032697
-5.00 -45.00 -0.000582
0.00 -45.00 -0.00125472
5.00 -45.00 -0.00126141
10.00 -45.00 -0.00079098
15.00 -45.00 -0.00044613
20.00 -45.00 -0.00067728
25.00 -45.00 -0.00138894
30.00 -45.00 -0.00204789
35.00 -45.00 -0.00216267
40.00 -45.00 -0.00170265
45.00 -45.00 -0.00109896
50.00 -45.00 -0.00083523
55.00 -45.00 -0.00101088
60.00 -45.00 -0.0012993
65.00 -45.00 -0.00133065
70.00 -45.00 -0.00106875
75.00 -45.00 -0.00076617
80.00 -45.00 -0.00060204
85.00 -45.00 -0.00048546
90.00 -45.00 -0.00024132
95.00 -45.00 0.00013335
100.00 -45.00 0.0004878
105.00 -45.00 0.00070017
110.00 -45.00 0.00070659
115.00 -45.00 0.00040653
120.00 -45.00 -0.00025614
125.00 -45.00 -0.00105093
130.00 -45.00 -0.00148548
135.00 -45.00 -0.00128163
140.00 -45.00 -0.00079845
145.00 -45.00 -0.00076422
150.00 -45.00 -0.00145638
155.00 -45.00 -0.00225018
160.00 -45.00 -0.00217299
165.00 -45.00 -0.00095559
170.00 -45.00 0.00058662
175.00 -45.00 0.00131709
180.00 -45.00 0.000873
-180.00 -40.00 0.00041127
-175.00 -40.00 -0.00036954
-170.00 -40.00 -0.0004395
-165.00 -40.00 -2.82e-05
-160.00 -40.00 0.00016752
-155.00 -40.00 -7.647e-05
-150.00 -40.00 -0.00038064
-145.00 -40.00 -0.00040266
-140.00 -40.00 -0.00022287
-135.00 -40.00 -5.916e-05
-130.00 -40.00 3.375e-05
-125.00 -40.00 -5.76e-06
-120.00 -40.00 -0.00039807
-115.00 -40.00 -0.00115203
-110.00 -40.00 -0.0017202
-105.00 -40.00 -0.00147555
-100.00 -40.00 -0.00057036
-95.00 -40.00 8.715e-05
-90.00 -40.00 -0.00010716
-85.00 -40.00 -0.0007326
-80.00 -40.00 -0.00093792
-75.00 -40.00 -0.00051216
-70.00 -40.00 -1.098e-05
-65.00 -40.00 8.262e-05
-60.00 -40.00 -7.974e-05
-55.00 -40.00 -9.687e-05
-50.00 -40.00 4.065e-05
-45.00 -40.00 -2.631e-05
-40.00 -40.00 -0.00042495
-35.00 -40.00 -0.00071685
-30.00 -40.00 -0.00030975
-25.00 -40.00 0.00081069
-20.00 -40.00 0.00184929
-15.00 -40.00 0.00181317
-10.00 -40.00 0.00045057
-5.00 -40.00 -0.00140304
0.00 -40.00 -0.00247815
5.00 -40.00 -0.00215154
10.00 -40.00 -0.00094071
15.00 -40.00 1.518e-05
20.00 -40.00 -5.838e-05
25.00 -40.00 -0.00101652
30.00 -40.00 -0.00205191
35.00 -40.00 -0.00241725
40.00 -40.00 -0.00199518
45.00 -40.00 -0.00132273
50.00 -40.00 -0.0010878
55.00 -40.00 -0.0014973
60.00 -40.00 -0.0020823
65.00 -40.00 -0.0021735
70.00 -40.00 -0.00158181
75.00 -40.00 -0.00073503
80.00 -40.00 -0.00015912
85.00 -40.00 6.66e-06
90.00 -40.00 -7.062e-05
95.00 -40.00 -0.00024108
100.00 -40.00 -0.00040044
105.00 -40.00 -0.00036354
110.00 -40.00 -4.347e-05
115.00 -40.00 0.0002448
120.00 -40.00 -8.4e-06
125.00 -40.00 -0.00083574
130.00 -40.00 -0.00156
135.00 -40.00 -0.00149562
140.00 -40.00 -0.00080994
145.00 -40.00 -0.00039996
150.00 -40.00 -0.00081201
155.00 -40.00 -0.00150147
160.00 -40.00 -0.00142281
165.00 -40.00 -0.00031317
170.00 -40.00 0.00090612
175.00 -40.00 0.00115554
180.00 -40.00 0.00041127
-180.00 -35.00 -0.00038565
-175.00 -35.00 -0.00103551
-170.00 -35.00 -0.00041517
-165.00 -35.00 0.00045231
-160.00 -35.00 0.00048552
-155.00 -35.00 -0.00014472
-150.00 -35.00 -0.00047565
-145.00 -35.00 -0.00017535
-140.00 -35.00 0.0001032
-135.00 -35.00 -0.00020277
-130.00 -35.00 -0.00075951
-125.00 -35.00 -0.00095298
-120.00 -35.00 -0.00084762
-115.00 -35.00 -0.00095772
-110.00 -35.00 -0.00129063
-105.00 -35.00 -0.0012942
-100.00 -35.00 -0.00078612
-95.00 -35.00 -0.00028833
-90.00 -35.00 -0.00021165
-85.00 -35.00 -0.00026688
-80.00 -35.00 -5.631e-05
-75.00 -35.00 0.00019362
-70.00 -35.00 -8.43e-06
-65.00 -35.00 -0.00057261
-60.00 -35.00 -0.00087684
-55.00 -35.00 -0.00064674
-50.00 -35.00 -0.00034728
-45.00 -35.00 -0.00054585
-40.00 -35.00 -0.00113943
-35.00 -35.00 -0.00140493
-30.00 -35.00 -0.00076188
-25.00 -35.00 0.00056523
-20.00 -35.00 0.00160257
-15.00 -35.00 0.00140187
-10.00 -35.00 -6.345e-05
-5.00 -35.00 -0.00172488
0.00 -35.00 -0.00229086
5.00 -35.00 -0.00142872
10.00 -35.00 -6.366e-05
15.00 -35.00 0.00053469
20.00 -35.00 -8.589e-05
25.00 -35.00 -0.00131244
30.00 -35.00 -0.00221103
35.00 -35.00 -0.00234285
40.00 -35.00 -0.00192777
45.00 -35.00 -0.0014874
50.00 -35.00 -0.00143532
55.00 -35.00 -0.00179649
60.00 -35.00 -0.0021351
65.00 -35.00 -0.00189666
70.00 -35.00 -0.00101694
75.00 -35.00 -8.019e-05
80.00 -35.00 0.00030663
85.00 -35.00 0.0001521
90.00 -35.00 -0.00010995
95.00 -35.00 -0.00024216
100.00 -35.00 -0.00030231
105.00 -35.00 -0.00027936
110.00 -35.00 -8.238e-05
115.00 -35.00 9.891e-05
120.00 -35.00 -0.00013455
125.00 -35.00 -0.00077991
130.00 -35.00 -0.0012138
135.00 -35.00 -0.00087264
140.00 -35.00 -1.455e-05
145.00 -35.00 0.00050931
150.00 -35.00 0.00030678
155.00 -35.00 2.1e-07
160.00 -35.00 0.00044691
165.00 -35.00 0.00149775
170.00 -35.00 0.00197388
175.00 -35.00 0.00110202
180.00 -35.00 -0.00038565
-180.00 -30.00 -0.00110724
-175.00 -30.00 -0.00159969
-170.00 -30.00 -0.00060132
-165.00 -30.00 0.00033987
-160.00 -30.00 7.761e-05
-155.00 -30.00 -0.00087114
-150.00 -30.00 -0.00130494
-145.00 -30.00 -0.00101274
-140.00 -30.00 -0.00088023
-135.00 -30.00 -0.00146175
-130.00 -30.00 -0.00213873
-125.00 -30.00 -0.00204468
-120.00 -30.00 -0.00131802
-115.00 -30.00 -0.00080679
-110.00 -30.00 -0.00079773
-105.00 -30.00 -0.00080043
-100.00 -30.00 -0.00053487
-95.00 -30.00 -0.00031224
-90.00 -30.00 -0.00028257
-85.00 -30.00 -9.735e-05
-80.00 -30.00 0.00035184
-75.00 -30.00 0.00055815
-70.00 -30.00 0.00021606
-65.00 -30.00 -0.00015168
-60.00 -30.00 6.948e-05
-55.00 -30.00 0.0006012
-50.00 -30.00 0.0005895
-45.00 -30.00 -0.00026121
-40.00 -30.00 -0.00133125
-35.00 -30.00 -0.00179778
-30.00 -30.00 -0.00136851
-25.00 -30.00 -0.00038814
-20.00 -30.00 0.00044763
-15.00 -30.00 0.00052809
-10.00 -30.00 -0.00014871
-5.00 -30.00 -0.00080772
0.00 -30.00 -0.00057387
5.00 -30.00 0.00049356
10.00 -30.00 0.00126291
15.00 -30.00 0.00068799
20.00 -30.00 -0.00098415
25.00 -30.00 -0.00243396
30.00 -30.00 -0.00270267
35.00 -30.00 -0.00210405
40.00 -30.00 -0.00159834
45.00 -30.00 -0.00162075
50.00 -30.00 -0.00185232
55.00 -30.00 -0.00185994
60.00 -30.00 -0.00148599
65.00 -30.00 -0.00075978
70.00 -30.00 6.06e-05
75.00 -30.00 0.00042582
80.00 -30.00 5.13e-06
85.00 -30.00 -0.00073092
90.00 -30.00 -0.00091587
95.00 -30.00 -0.00030381
100.00 -30.00 0.00052635
105.00 -30.00 0.00093867
110.00 -30.00 0.00077706
115.00 -30.00 0.00019161
120.00 -30.00 -0.00056973
125.00 -30.00 -0.00111291
130.00 -30.00 -0.00105081
135.00 -30.00 -0.00041823
140.00 -30.00 0.00023493
145.00 -30.00 0.00036165
150.00 -30.00 7.776e-05
155.00 -30.00 0.00017109
160.00 -30.00 0.00117417
165.00 -30.00 0.00240951
170.00 -30.00 0.00244221
175.00 -30.00 0.00081579
180.00 -30.00 -0.00110724
-180.00 -25.00 -0.00221166
-175.00 -25.00 -0.00233196
-170.00 -25.00 -0.00136143
-165.00 -25.00 -0.00075201
-160.00 -25.00 -0.00109515
-155.00 -25.00 -0.00168966
-150.00 -25.00 -0.00183681
-145.00 -25.00 -0.00175035
-140.00 -25.00 -0.00201774
-135.00 -25.00 -0.00261081
-130.00 -25.00 -0.00281916
-125.00 -25.00 -0.00219153
-120.00 -25.00 -0.00118458
-115.00 -25.00 -0.00052341
-110.00 -25.00 -0.00022143
-105.00 -25.00 0.00015864
-100.00 -25.00 0.00052158
-95.00 -25.00 0.00037467
-90.00 -25.00 -0.00014322
-85.00 -25.00 -0.00032931
-80.00 -25.00 -7.773e-05
-75.00 -25.00 1.17e-06
-70.00 -25.00 -0.00021546
-65.00 -25.00 -4.548e-05
-60.00 -25.00 0.00075573
-55.00 -25.00 0.00133872
-50.00 -25.00 0.0008835
-45.00 -25.00 -0.00027231
-40.00 -25.00 -0.0011598
-35.00 -25.00 -0.00133674
-30.00 -25.00 -0.00101046
-25.00 -25.00 -0.00042975
-20.00 -25.00 0.00023565
-15.00 -25.00 0.00063216
-10.00 -25.00 0.00047943
-5.00 -25.00 0.00012606
0.00 -25.00 0.0003099
5.00 -25.00 0.00111336
10.00 -25.00 0.00152952
15.00 -25.00 0.0005193
20.00 -25.00 -0.00156366
25.00 -25.00 -0.00309735
30.00 -25.00 -0.00298551
35.00 -25.00 -0.00191718
40.00 -25.00 -0.00137418
45.00 -25.00 -0.00173142
50.00 -25.00 -0.00205596
55.00 -25.00 -0.00160878
60.00 -25.00 -0.00067188
65.00 -25.00 0.00014175
70.00 -25.00 0.00052092
75.00 -25.00 0.00027744
80.00 -25.00 -0.00059544
85.00 -25.00 -0.00145893
90.00 -25.00 -0.00138006
95.00 -25.00 -0.00021351
100.00 -25.00 0.00118017
105.00 -25.00 0.00186366
110.00 -25.00 0.00154728
115.00 -25.00 0.00054033
120.00 -25.00 -0.00051087
125.00 -25.00 -0.00096441
130.00 -25.00 -0.00069447
135.00 -25.00 -0.0002118
140.00 -25.00 -0.00010911
145.00 -25.00 -0.00051345
150.00 -25.00 -0.0010245
155.00 -25.00 -0.00097779
160.00 -25.00 -5.985e-05
165.00 -25.00 0.00100563
170.00 -25.00 0.00089502
175.00 -25.00 -0.00065631
180.00 -25.00 -0.00221166
-180.00 -20.00 -0.00289713
-175.00 -20.00 -0.00255288
-170.00 -20.00 -0.00180606
-165.00 -20.00 -0.00167247
-160.00 -20.00 -0.00186762
-155.00 -20.00 -0.00161163
-150.00 -20.00 -0.00113064
-145.00 -20.00 -0.00124287
-140.00 -20.00 -0.0020088
-135.00 -20.00 -0.00263118
-130.00 -20.00 -0.00246375
-125.00 -20.00 -0.00167661
-120.00 -20.00 -0.00093516
-115.00 -20.00 -0.00051357
-110.00 -20.00 2.817e-05
-105.00 -20.00 0.00095853
-100.00 -20.00 0.00158835
-95.00 -20.00 0.00116427
-90.00 -20.00 0.00017361
-85.00 -20.00 -0.00029982
-80.00 -20.00 -0.00020511
-75.00 -20.00 -0.00029022
-70.00 -20.00 -0.00051654
-65.00 -20.00 -0.00012015
-60.00 -20.00 0.00078081
-55.00 -20.00 0.00104889
-50.00 -20.00 0.00024273
-45.00 -20.00 -0.00070725
-40.00 -20.00 -0.00089115
-35.00 -20.00 -0.00050925
-30.00 -20.00 -0.00014607
-25.00 -20.00 0.0001992
-20.00 -20.00 0.00074463
-15.00 -20.00 0.00114873
-10.00 -20.00 0.00083052
-5.00 -20.00 -6.759e-05
0.00 -20.00 -0.00062304
5.00 -20.00 -0.00023844
10.00 -20.00 0.0004695
15.00 -20.00 0.00024804
20.00 -20.00 -0.00123048
25.00 -20.00 -0.00275637
30.00 -20.00 -0.00296766
35.00 -20.00 -0.00205134
40.00 -20.00 -0.00131802
45.00 -20.00 -0.00126411
50.00 -20.00 -0.00112257
55.00 -20.00 -0.00041514
60.00 -20.00 0.00025836
65.00 -20.00 0.00031221
70.00 -20.00 -4.728e-05
75.00 -20.00 -0.00047952
80.00 -20.00 -0.00092844
85.00 -20.00 -0.001134
90.00 -20.00 -0.00069267
95.00 -20.00 0.00021195
100.00 -20.00 0.00092379
105.00 -20.00 0.00112653
110.00 -20.00 0.00092418
115.00 -20.00 0.00044742
120.00 -20.00 -4.065e-05
125.00 -20.00 -0.00013761
130.00 -20.00 0.00012135
135.00 -20.00 0.00021621
140.00 -20.00 -0.00011295
145.00 -20.00 -0.00068709
150.00 -20.00 -0.00134478
155.00 -20.00 -0.00184803
160.00 -20.00 -0.00175095
165.00 -20.00 -0.00120576
170.00 -20.00 -0.00121476
175.00 -20.00 -0.00214536
180.00 -20.00 -0.00289713
-180.00 -15.00 -0.00216897
-175.00 -15.00 -0.00156273
-170.00 -15.00 -0.00092691
-165.00 -15.00 -0.00113235
-160.00 -15.00 -0.00143094
-155.00 -15.00 -0.00093375
-150.00 -15.00 -0.00025866
-145.00 -15.00 -0.00040152
-140.00 -15.00 -0.00115215
-135.00 -15.00 -0.00161175
-130.00 -15.00 -0.00143724
-125.00 -15.00 -0.00097986
-120.00 -15.00 -0.00066792
-115.00 -15.00 -0.00046122
-110.00 -15.00 0.00010485
-105.00 -15.00 0.00104925
-100.00 -15.00 0.00147099
-95.00 -15.00 0.00076845
-90.00 -15.00 -0.00017172
-85.00 -15.00 -0.00018339
-80.00 -15.00 0.00038538
-75.00 -15.00 0.00049983
-70.00 -15.00 0.00037263
-65.00 -15.00 0.00089994
-60.00 -15.00 0.00170823
-55.00 -15.00 0.00153228
-50.00 -15.00 0.00030699
-45.00 -15.00 -0.00068838
-40.00 -15.00 -0.00072675
-35.00 -15.00 -0.00035637
-30.00 -15.00 -0.00017223
-25.00 -15.00 -4.11e-06
-20.00 -15.00 0.00039588
-15.00 -15.00 0.0006789
-10.00 -15.00 0.00032907
-5.00 -15.00 -0.00059853
0.00 -15.00 -0.00143007
5.00 -15.00 -0.00149589
10.00 -15.00 -0.00086898
15.00 -15.00 -0.00049347
20.00 -15.00 -0.00121356
25.00 -15.00 -0.00258915
30.00 -15.00 -0.00325074
35.00 -15.00 -0.00258216
40.00 -15.00 -0.00128892
45.00 -15.00 -0.00014802
50.00 -15.00 0.00075261
55.00 -15.00 0.00126396
60.00 -15.00 0.00091569
65.00 -15.00 -0.00014436
70.00 -15.00 -0.00105411
75.00 -15.00 -0.00135633
80.00 -15.00 -0.00121377
85.00 -15.00 -0.00065805
90.00 -15.00 0.00020439
95.00 -15.00 0.00063222
100.00 -15.00 0.00014793
105.00 -15.00 -0.00054003
110.00 -15.00 -0.00060621
115.00 -15.00 -0.00028377
120.00 -15.00 -5.742e-05
125.00 -15.00 0.00021372
130.00 -15.00 0.00059034
135.00 -15.00 0.00067314
140.00 -15.00 0.00039804
145.00 -15.00 6.66e-06
150.00 -15.00 -0.00071343
155.00 -15.00 -0.00182298
160.00 -15.00 -0.00243657
165.00 -15.00 -0.00202581
170.00 -15.00 -0.0015726
175.00 -15.00 -0.0019011
180.00 -15.00 -0.00216897
-180.00 -10.00 -0.00113454
-175.00 -10.00 -0.00055695
-170.00 -10.00 0.00022539
-165.00 -10.00 7.182e-05
-160.00 -10.00 -0.00058557
-155.00 -10.00 -0.00082401
-150.00 -10.00 -0.00071271
-145.00 -10.00 -0.00063567
-140.00 -10.00 -0.00054294
-135.00 -10.00 -0.00043965
-130.00 -10.00 -0.00046962
-125.00 -10.00 -0.00046371
-120.00 -10.00 -0.00023736
-115.00 -10.00 6.888e-05
-110.00 -10.00 0.0003897
-105.00 -10.00 0.00067575
-100.00 -10.00 0.00043743
-95.00 -10.00 -0.00046413
-90.00 -10.00 -0.00093834
-85.00 -10.00 -6.123e-05
-80.00 -10.00 0.0012798
-75.00 -10.00 0.00176373
-70.00 -10.00 0.00176724
-65.00 -10.00 0.00232863
-60.00 -10.00 0.00295266
-55.00 -10.00 0.00237432
-50.00 -10.00 0.00077439
-45.00 -10.00 -0.00050166
-40.00 -10.00 -0.00090246
-35.00 -10.00 -0.00094503
-30.00 -10.00 -0.00098871
-25.00 -10.00 -0.00090399
-20.00 -10.00 -0.00068127
-15.00 -10.00 -0.00051429
-10.00 -10.00 -0.00046974
-5.00 -10.00 -0.00058884
0.00 -10.00 -0.001002
5.00 -10.00 -0.00156174
10.00 -10.00 -0.00183195
15.00 -10.00 -0.00183477
20.00 -10.00 -0.00220446
25.00 -10.00 -0.00310308
30.00 -10.00 -0.00364416
35.00 -10.00 -0.00296973
40.00 -10.00 -0.00129489
45.00 -10.00 0.00052272
50.00 -10.00 0.0017184
55.00 -10.00 0.00174009
60.00 -10.00 0.00062829
65.00 -10.00 -0.0006267
70.00 -10.00 -0.00111702
75.00 -10.00 -0.00112266
80.00 -10.00 -0.00112203
85.00 -10.00 -0.00063033
90.00 -10.00 0.00051744
95.00 -10.00 0.00104505
100.00 -10.00 0.00017487
105.00 -10.00 -0.00079482
110.00 -10.00 -0.0006084
115.00 -10.00 -1.728e-05
120.00 -10.00 -1.089e-05
125.00 -10.00 -6.177e-05
130.00 -10.00 0.00041766
135.00 -10.00 0.00086709
140.00 -10.00 0.00084447
145.00 -10.00 0.00056085
150.00 -10.00 -0.00015696
155.00 -10.00 -0.00141297
160.00 -10.00 -0.00212166
165.00 -10.00 -0.00147129
170.00 -10.00 -0.0006081
175.00 -10.00 -0.00077058
180.00 -10.00 -0.00113454
-180.00 -5.00 -0.00104373
-175.00 -5.00 -0.0006627
-170.00 -5.00 0.00017169
-165.00 -5.00 0.00029535
-160.00 -5.00 -0.00045378
-155.00 -5.00 -0.00144813
-150.00 -5.00 -0.00199845
-145.00 -5.00 -0.00157197
-140.00 -5.00 -0.00048489
-135.00 -5.00 3.45e-05
-130.00 -5.00 -0.00044043
-125.00 -5.00 -0.00081306
-120.00 -5.00 -0.00036957
-115.00 -5.00 0.00015882
-110.00 -5.00 0.00015708
-105.00 -5.00 -6.345e-05
-100.00 -5.00 -0.00037809
-95.00 -5.00 -0.00084075
-90.00 -5.00 -0.00065952
-85.00 -5.00 0.00080187
-80.00 -5.00 0.00246762
-75.00 -5.00 0.00294444
-70.00 -5.00 0.00263193
-65.00 -5.00 0.00259554
-60.00 -5.00 0.00249225
-55.00 -5.00 0.00146343
-50.00 -5.00 -4.554e-05
-45.00 -5.00 -0.0010068
-40.00 -5.00 -0.0013533
-35.00 -5.00 -0.00154761
-30.00 -5.00 -0.00157086
-25.00 -5.00 -0.0013041
-20.00 -5.00 -0.00105066
-15.00 -5.00 -0.00098037
-10.00 -5.00 -0.00082956
-5.00 -5.00 -0.00061356
0.00 -5.00 -0.00084228
5.00 -5.00 -0.00162351
10.00 -5.00 -0.00232743
15.00 -5.00 -0.00255204
20.00 -5.00 -0.00267447
25.00 -5.00 -0.00301116
30.00 -5.00 -0.0031566
35.00 -5.00 -0.00261078
40.00 -5.00 -0.00145014
45.00 -5.00 -0.00013704
50.00 -5.00 0.00071853
55.00 -5.00 0.00057495
60.00 -5.00 -0.00022542
65.00 -5.00 -0.00042501
70.00 -5.00 0.00030543
75.00 -5.00 0.00060033
80.00 -5.00 -0.00016557
85.00 -5.00 -0.00042207
90.00 -5.00 0.00080088
95.00 -5.00 0.00185274
100.00 -5.00 0.0014394
105.00 -5.00 0.00103641
110.00 -5.00 0.00190314
115.00 -5.00 0.00252951
120.00 -5.00 0.00157053
125.00 -5.00 0.00042126
130.00 -5.00 0.00054024
135.00 -5.00 0.00103968
140.00 -5.00 0.00078909
145.00 -5.00 0.00018276
150.00 -5.00 -0.00037227
155.00 -5.00 -0.00109755
160.00 -5.00 -0.00151482
165.00 -5.00 -0.00097509
170.00 -5.00 -0.00028911
175.00 -5.00 -0.00053352
180.00 -5.00 -0.00104373
-180.00 0.00 -0.00091722
-175.00 0.00 -0.00075768
-170.00 0.00 -0.00041787
-165.00 0.00 -0.00035682
-160.00 0.00 -0.00087594
-155.00 0.00 -0.00189513
-150.00 0.00 -0.0025797
-145.00 0.00 -0.00192831
-140.00 0.00 -0.00052227
-135.00 0.00 -0.00020877
-130.00 0.00 -0.0012387
-125.00 0.00 -0.00181809
-120.00 0.00 -0.00121935
-115.00 0.00 -0.00075333
-110.00 0.00 -0.00103626
-105.00 0.00 -0.00107799
-100.00 0.00 -0.00050289
-95.00 0.00 3.546e-05
-90.00 0.00 0.00068136
-85.00 0.00 0.00206097
-80.00 0.00 0.00349395
-75.00 0.00 0.00378765
-70.00 0.00 0.0031128
-65.00 0.00 0.0022563
-60.00 0.00 0.00115704
-55.00 0.00 -0.00026745
-50.00 0.00 -0.00124776
-45.00 0.00 -0.0014193
-40.00 0.00 -0.0015306
-35.00 0.00 -0.00197562
-30.00 0.00 -0.00206214
-25.00 0.00 -0.00139248
-20.00 0.00 -0.00061272
-15.00 0.00 -0.00034245
-10.00 0.00 -0.0005223
-5.00 0.00 -0.00100542
0.00 0.00 -0.00172278
5.00 0.00 -0.00222222
10.00 0.00 -0.00204645
15.00 0.00 -0.00155733
20.00 0.00 -0.00149127
25.00 0.00 -0.00182442
30.00 0.00 -0.00197001
35.00 0.00 -0.00184116
40.00 0.00 -0.00172698
45.00 0.00 -0.00149343
50.00 0.00 -0.00099234
55.00 0.00 -0.00065991
60.00 0.00 -0.00053916
65.00 0.00 0.00023619
70.00 0.00 0.00159987
75.00 0.00 0.00185187
80.00 0.00 0.00057219
85.00 0.00 2.649e-05
90.00 0.00 0.00148869
95.00 0.00 0.00289284
100.00 0.00 0.00266673
105.00 0.00 0.00263787
110.00 0.00 0.00420369
115.00 0.00 0.00517461
120.00 0.00 0.0036483
125.00 0.00 0.00151902
130.00 0.00 0.00101454
135.00 0.00 0.00111126
140.00 0.00 0.00015732
145.00 0.00 -0.00110976
150.00 0.00 -0.00145635
155.00 0.00 -0.00127914
160.00 0.00 -0.00123753
165.00 0.00 -0.00110376
170.00 0.00 -0.00082164
175.00 0.00 -0.00079428
180.00 0.00 -0.00091722
-180.00 5.00 2.622e-05
-175.00 5.00 6.063e-05
-170.00 5.00 -0.00030039
-165.00 5.00 -0.00068721
-160.00 5.00 -0.00110097
-155.00 5.00 -0.00180426
-150.00 5.00 -0.00226377
-145.00 5.00 -0.001587
-140.00 5.00 -0.0004302
-135.00 5.00 -0.00048564
-130.00 5.00 -0.00163155
-125.00 5.00 -0.00204321
-120.00 5.00 -0.00142533
-115.00 5.00 -0.00126378
-110.00 5.00 -0.00171558
-105.00 5.00 -0.00135015
-100.00 5.00 -3.222e-05
-95.00 5.00 0.00093084
-90.00 5.00 0.0013353
-85.00 5.00 0.00208149
-80.00 5.00 0.003105
-75.00 5.00 0.00355893
-70.00 5.00 0.00329703
-65.00 5.00 0.0025302
-60.00 5.00 0.00119343
-55.00 5.00 -0.00021081
-50.00 5.00 -0.00071589
-45.00 5.00 -0.00059712
-40.00 5.00 -0.00117657
-35.00 5.00 -0.00247503
-30.00 5.00 -0.00296793
-25.00 5.00 -0.00197601
-20.00 5.00 -0.00053148
-15.00 5.00 0.00023178
-10.00 5.00 3.795e-05
-5.00 5.00 -0.00094908
0.00 5.00 -0.00209082
5.00 5.00 -0.00223971
10.00 5.00 -0.00107256
15.00 5.00 6.825e-05
20.00 5.00 -0.0001131
25.00 5.00 -0.00104745
30.00 5.00 -0.0014793
35.00 5.00 -0.00151632
40.00 5.00 -0.00191292
45.00 5.00 -0.00225378
50.00 5.00 -0.00169686
55.00 5.00 -0.00067206
60.00 5.00 9.3e-07
65.00 5.00 0.00061914
70.00 5.00 0.00137928
75.00 5.00 0.00125481
80.00 5.00 0.00017937
85.00 5.00 0.00021867
90.00 5.00 0.00214209
95.00 5.00 0.00345162
100.00 5.00 0.00255978
105.00 5.00 0.00180645
110.00 5.00 0.00319548
115.00 5.00 0.00454836
120.00 5.00 0.00338025
125.00 5.00 0.0012339
130.00 5.00 0.00060525
135.00 5.00 0.00068601
140.00 5.00 -0.00045138
145.00 5.00 -0.00214773
150.00 5.00 -0.00261144
155.00 5.00 -0.00193794
160.00 5.00 -0.00139041
165.00 5.00 -0.00126333
170.00 5.00 -0.00101367
175.00 5.00 -0.00046047
180.00 5.00 2.622e-05
-180.00 10.00 0.000366
-175.00 10.00 0.00048759
-170.00 10.00 0.00011202
-165.00 10.00 -0.00042864
-160.00 10.00 -0.00098676
-155.00 10.00 -0.00165213
-150.00 10.00 -0.0019752
-145.00 10.00 -0.00136677
-140.00 10.00 -0.00047379
-135.00 10.00 -0.00052911
-130.00 10.00 -0.00123525
-125.00 10.00 -0.00125028
-120.00 10.00 -0.00063699
-115.00 10.00 -0.00054552
-110.00 10.00 -0.00080577
-105.00 10.00 -0.00032148
-100.00 10.00 0.00061887
-95.00 10.00 0.00086085
-90.00 10.00 0.00057732
-85.00 10.00 0.00078561
-80.00 10.00 0.00151122
-75.00 10.00 0.00214875
-70.00 10.00 0.00254655
-65.00 10.00 0.00252966
-60.00 10.00 0.00176382
-55.00 10.00 0.00080214
-50.00 10.00 0.00054996
-45.00 10.00 0.00044448
-40.00 10.00 -0.00080535
-35.00 10.00 -0.00270105
-30.00 10.00 -0.00338364
-25.00 10.00 -0.00243729
-20.00 10.00 -0.00116136
-15.00 10.00 -0.00039432
-10.00 10.00 -5.235e-05
-5.00 10.00 -0.00026706
0.00 10.00 -0.00102012
5.00 10.00 -0.00128103
10.00 10.00 -0.00037614
15.00 10.00 0.00049803
20.00 10.00 -7.728e-05
25.00 10.00 -0.00141972
30.00 10.00 -0.00193266
35.00 10.00 -0.00169455
40.00 10.00 -0.0018015
45.00 10.00 -0.00199947
50.00 10.00 -0.00124434
55.00 10.00 8.367e-05
60.00 10.00 0.00077412
65.00 10.00 0.00086115
70.00 10.00 0.0009879
75.00 10.00 0.00080853
80.00 10.00 0.00022038
85.00 10.00 0.00060087
90.00 10.00 0.00233988
95.00 10.00 0.00311133
100.00 10.00 0.0013986
105.00 10.00 -0.00049629
110.00 10.00 -2.778e-05
115.00 10.00 0.00140355
120.00 10.00 0.00113079
125.00 10.00 -0.00024675
130.00 10.00 -0.00045045
135.00 10.00 0.0003216
140.00 10.00 0.00011763
145.00 10.00 -0.00126519
150.00 10.00 -0.00224028
155.00 10.00 -0.00203151
160.00 10.00 -0.00133023
165.00 10.00 -0.0008568
170.00 10.00 -0.00056046
175.00 10.00 -0.0001254
180.00 10.00 0.000366
-180.00 15.00 -0.000585
-175.00 15.00 -0.00012195
-170.00 15.00 0.00029223
-165.00 15.00 0.00013287
-160.00 15.00 -0.00061386
-155.00 15.00 -0.0015327
-150.00 15.00 -0.00195837
-145.00 15.00 -0.00155913
-140.00 15.00 -0.0009159
-135.00 15.00 -0.00081225
-130.00 15.00 -0.00103779
-125.00 15.00 -0.00085662
-120.00 15.00 -0.000315
-115.00 15.00 8.142e-05
-110.00 15.00 0.00040578
-105.00 15.00 0.00078279
-100.00 15.00 0.0006744
-95.00 15.00 -5.994e-05
-90.00 15.00 -0.00046203
-85.00 15.00 3.873e-05
-80.00 15.00 0.00070269
-75.00 15.00 0.00090741
-70.00 15.00 0.000984
-65.00 15.00 0.00104175
-60.00 15.00 0.00068502
-55.00 15.00 0.00021534
-50.00 15.00 0.00026262
-45.00 15.00 0.00025188
-40.00 15.00 -0.00076215
-35.00 15.00 -0.00207819
-30.00 15.00 -0.00231213
-25.00 15.00 -0.00180174
-20.00 15.00 -0.00178965
-15.00 15.00 -0.00194691
-10.00 15.00 -0.00112752
-5.00 15.00 0.00012519
0.00 15.00 0.00031011
5.00 15.00 -0.00037647
10.00 15.00 -0.00052419
15.00 15.00 -0.00015225
20.00 15.00 -0.00050523
25.00 15.00 -0.00156
30.00 15.00 -0.00202791
35.00 15.00 -0.00164385
40.00 15.00 -0.00131106
45.00 15.00 -0.00114831
50.00 15.00 -0.00046437
55.00 15.00 0.00053235
60.00 15.00 0.00101562
65.00 15.00 0.00121074
70.00 15.00 0.00181059
75.00 15.00 0.00230115
80.00 15.00 0.00193557
85.00 15.00 0.00152112
90.00 15.00 0.00195213
95.00 15.00 0.00203853
100.00 15.00 0.00038781
105.00 15.00 -0.0016455
110.00 15.00 -0.00171207
115.00 15.00 -0.00023484
120.00 15.00 0.00041706
125.00 15.00 -0.00019323
130.00 15.00 -0.00028272
135.00 15.00 0.0008766
140.00 15.00 0.0018312
145.00 15.00 0.00128298
150.00 15.00 -0.00015855
155.00 15.00 -0.00100245
160.00 15.00 -0.00073017
165.00 15.00 -0.00014238
170.00 15.00 -0.0001221
175.00 15.00 -0.00052302
180.00 15.00 -0.000585
-180.00 20.00 -0.00110769
-175.00 20.00 -0.0002184
-170.00 20.00 0.00085491
-165.00 20.00 0.00097032
-160.00 20.00 6.885e-05
-155.00 20.00 -0.00106575
-150.00 20.00 -0.0017463
-145.00 20.00 -0.00184767
-140.00 20.00 -0.00165576
-135.00 20.00 -0.00144339
-130.00 20.00 -0.00123651
-125.00 20.00 -0.00097611
-120.00 20.00 -0.00061893
-115.00 20.00 -2.217e-05
-110.00 20.00 0.00074208
-105.00 20.00 0.00096273
-100.00 20.00 0.00010317
-95.00 20.00 -0.00094518
-90.00 20.00 -0.00072015
-85.00 20.00 0.00058701
-80.00 20.00 0.00128205
-75.00 20.00 0.00066543
-70.00 20.00 -0.00028872
-65.00 20.00 -0.0008097
-60.00 20.00 -0.00108042
-55.00 20.00 -0.00110412
-50.00 20.00 -0.00065814
-45.00 20.00 -0.00028902
-40.00 20.00 -0.00061257
-35.00 20.00 -0.00100665
-30.00 20.00 -0.00076161
-25.00 20.00 -0.00076473
-20.00 20.00 -0.00196698
-15.00 20.00 -0.00306228
-10.00 20.00 -0.00213804
-5.00 20.00 2.367e-05
0.00 20.00 0.00087129
5.00 20.00 -7.257e-05
10.00 20.00 -0.00085587
15.00 20.00 -0.00047697
20.00 20.00 -9.375e-05
25.00 20.00 -0.00057675
30.00 20.00 -0.00113082
35.00 20.00 -0.00094092
40.00 20.00 -0.00036783
45.00 20.00 5.409e-05
50.00 20.00 0.00033591
55.00 20.00 0.00045012
60.00 20.00 0.0003978
65.00 20.00 0.00086298
70.00 20.00 0.00231294
75.00 20.00 0.00362985
80.00 20.00 0.00332709
85.00 20.00 0.00188157
90.00 20.00 0.0009969
95.00 20.00 0.00084804
100.00 20.00 0.00019044
105.00 20.00 -0.00093165
110.00 20.00 -0.00093069
115.00 20.00 0.00056004
120.00 20.00 0.00182256
125.00 20.00 0.00165489
130.00 20.00 0.00110166
135.00 20.00 0.0016269
140.00 20.00 0.00277599
145.00 20.00 0.00284259
150.00 20.00 0.00136443
155.00 20.00 -0.00020538
160.00 20.00 -0.00050757
165.00 20.00 -2.904e-05
170.00 20.00 -0.00012357
175.00 20.00 -0.00088575
180.00 20.00 -0.00110769
-180.00 25.00 -0.00029382
-175.00 25.00 0.00069966
-170.00 25.00 0.00158235
-165.00 25.00 0.00148566
-160.00 25.00 0.00059496
-155.00 25.00 -0.00041742
-150.00 25.00 -0.00129537
-145.00 25.00 -0.00202101
-140.00 25.00 -0.00227202
-135.00 25.00 -0.00173037
-130.00 25.00 -0.00076737
-125.00 25.00 -0.00017559
-120.00 25.00 -0.00010632
-115.00 25.00 9.483e-05
-110.00 25.00 0.0006576
-105.00 25.00 0.00075696
-100.00 25.00 -0.00011274
-95.00 25.00 -0.00087318
-90.00 25.00 -0.00021636
-85.00 25.00 0.00125286
-80.00 25.00 0.00169284
-75.00 25.00 0.00060939
-70.00 25.00 -0.00072348
-65.00 25.00 -0.00126711
-60.00 25.00 -0.00114093
-55.00 25.00 -0.00068007
-50.00 25.00 -6.987e-05
-45.00 25.00 0.00018399
-40.00 25.00 -0.00021627
-35.00 25.00 -0.00062532
-30.00 25.00 -0.0005244
-25.00 25.00 -0.00071529
-20.00 25.00 -0.00191091
-15.00 25.00 -0.00287991
-10.00 25.00 -0.00194724
-5.00 25.00 0.00015048
0.00 25.00 0.00104004
5.00 25.00 0.00018072
10.00 25.00 -0.00057738
15.00 25.00 -5.853e-05
20.00 25.00 0.00070371
25.00 25.00 0.00055845
30.00 25.00 4.431e-05
35.00 25.00 0.00021969
40.00 25.00 0.0010011
45.00 25.00 0.0015288
50.00 25.00 0.00130821
55.00 25.00 0.00045657
60.00 25.00 -0.00040602
65.00 25.00 -0.00030687
70.00 25.00 0.00108624
75.00 25.00 0.00253398
80.00 25.00 0.0024228
85.00 25.00 0.00098169
90.00 25.00 4.8e-06
95.00 25.00 0.00022416
100.00 25.00 0.00049164
105.00 25.00 7.56e-06
110.00 25.00 -0.00025944
115.00 25.00 0.00068877
120.00 25.00 0.00202809
125.00 25.00 0.00227784
130.00 25.00 0.0015447
135.00 25.00 0.00123141
140.00 25.00 0.00175296
145.00 25.00 0.00189576
150.00 25.00 0.00077208
155.00 25.00 -0.00072444
160.00 25.00 -0.00119952
165.00 25.00 -0.00071343
170.00 25.00 -0.00039651
175.00 25.00 -0.00053823
180.00 25.00 -0.00029382
-180.00 30.00 0.0004326
-175.00 30.00 0.00094269
-170.00 30.00 0.0011166
-165.00 30.00 0.00080223
-160.00 30.00 0.00035331
-155.00 30.00 -9.114e-05
-150.00 30.00 -0.00086754
-145.00 30.00 -0.00191373
-140.00 30.00 -0.00228447
-135.00 30.00 -0.00125124
-130.00 30.00 0.00045333
-125.00 30.00 0.00130176
-120.00 30.00 0.00084975
-115.00 30.00 0.00014232
-110.00 30.00 7.425e-05
-105.00 30.00 0.00025806
-100.00 30.00 6.405e-05
-95.00 30.00 -0.00010425
-90.00 30.00 0.00044796
-85.00 30.00 0.00127728
-80.00 30.00 0.00128061
-75.00 30.00 0.00036294
-70.00 30.00 -0.0004515
-65.00 30.00 -0.00047004
-60.00 30.00 6.246e-05
-55.00 30.00 0.00067035
-50.00 30.00 0.00101622
-45.00 30.00 0.00071334
-40.00 30.00 -0.00029073
-35.00 30.00 -0.00128481
-30.00 30.00 -0.00160839
-25.00 30.00 -0.0016134
-20.00 30.00 -0.00189141
-15.00 30.00 -0.00197232
-10.00 30.00 -0.00100779
-5.00 30.00 0.00052689
0.00 30.00 0.00120102
5.00 30.00 0.00071133
10.00 30.00 0.00025629
15.00 30.00 0.00061746
20.00 30.00 0.00115314
25.00 30.00 0.00114525
30.00 30.00 0.00099783
35.00 30.00 0.00141111
40.00 30.00 0.0021789
45.00 30.00 0.00249825
50.00 30.00 0.0019725
55.00 30.00 0.00085308
60.00 30.00 -0.00025776
65.00 30.00 -0.00067089
70.00 30.00 -0.00014142
75.00 30.00 0.00062187
80.00 30.00 0.00060957
85.00 30.00 -0.00010566
90.00 30.00 -0.00040371
95.00 30.00 0.0001596
100.00 30.00 0.00058146
105.00 30.00 -2.832e-05
110.00 30.00 -0.00095976
115.00 30.00 -0.00089871
120.00 30.00 0.00012153
125.00 30.00 0.00082518
130.00 30.00 0.00057699
135.00 30.00 8.934e-05
140.00 30.00 6.189e-05
145.00 30.00 0.0001008
150.00 30.00 -0.0004374
155.00 30.00 -0.00123864
160.00 30.00 -0.00145722
165.00 30.00 -0.000966
170.00 30.00 -0.00037719
175.00 30.00 4.02e-06
180.00 30.00 0.0004326
-180.00 35.00 0.00017862
-175.00 35.00 -9.72e-06
-170.00 35.00 -0.00029364
-165.00 35.00 -0.00041325
-160.00 35.00 -0.00016218
-155.00 35.00 7.602e-05
-150.00 35.00 -0.0003462
-145.00 35.00 -0.00126786
-140.00 35.00 -0.0015417
-135.00 35.00 -0.00042843
-130.00 35.00 0.00119448
-125.00 35.00 0.00167808
-120.00 35.00 0.00057228
-115.00 35.00 -0.00089973
-110.00 35.00 -0.00142797
-105.00 35.00 -0.00099816
-100.00 35.00 -0.00037803
-95.00 35.00 0.00010116
-90.00 35.00 0.0006087
-85.00 35.00 0.00107535
-80.00 35.00 0.0011589
-75.00 35.00 0.00085968
-70.00 35.00 0.00056442
-65.00 35.00 0.00048306
-60.00 35.00 0.00050109
-55.00 35.00 0.00050718
-50.00 35.00 0.00040617
-45.00 35.00 -6.756e-05
-40.00 35.00 -0.0010314
-35.00 35.00 -0.00203493
-30.00 35.00 -0.00246456
-25.00 35.00 -0.00228714
-20.00 35.00 -0.00190209
-15.00 35.00 -0.00139857
-10.00 35.00 -0.00056961
-5.00 35.00 0.00040278
0.00 35.00 0.00096315
5.00 35.00 0.00098427
10.00 35.00 0.00095478
15.00 35.00 0.00121383
20.00 35.00 0.00154317
25.00 35.00 0.00170355
30.00 35.00 0.00183852
35.00 35.00 0.00207111
40.00 35.00 0.00215784
45.00 35.00 0.00186861
50.00 35.00 0.0013686
55.00 35.00 0.00093894
60.00 35.00 0.00061608
65.00 35.00 0.00034395
70.00 35.00 0.0001686
75.00 35.00 4.701e-05
80.00 35.00 -0.00020223
85.00 35.00 -0.00050325
90.00 35.00 -0.00045576
95.00 35.00 -3.06e-06
100.00 35.00 0.00021339
105.00 35.00 -0.00034215
110.00 35.00 -0.00120246
115.00 35.00 -0.0013869
120.00 35.00 -0.00070968
125.00 35.00 -1.68e-05
130.00 35.00 -3.21e-05
135.00 35.00 -0.00051051
140.00 35.00 -0.00078159
145.00 35.00 -0.00066984
150.00 35.00 -0.00047583
155.00 35.00 -0.0003516
160.00 35.00 -0.00017247
165.00 35.00 8.34e-05
170.00 35.00 0.00025131
175.00 35.00 0.00026208
180.00 35.00 0.00017862
-180.00 40.00 -0.00027759
-175.00 40.00 -0.00064809
-170.00 40.00 -0.00081894
-165.00 40.00 -0.00059298
-160.00 40.00 9.6e-06
-155.00 40.00 0.00049587
-150.00 40.00 0.00033408
-145.00 40.00 -0.00028779
-140.00 40.00 -0.00050823
-135.00 40.00 0.00014349
-130.00 40.00 0.00099144
-125.00 40.00 0.00091146
-120.00 40.00 -0.00029748
-115.00 40.00 -0.00164259
-110.00 40.00 -0.00209163
-105.00 40.00 -0.00161241
-100.00 40.00 -0.0008814
-95.00 40.00 -0.00032055
-90.00 40.00 0.00020763
-85.00 40.00 0.00091035
-80.00 40.00 0.00165789
-75.00 40.00 0.00209256
-70.00 40.00 0.00192357
-65.00 40.00 0.00112605
-60.00 40.00 3.3e-05
-55.00 40.00 -0.00081855
-50.00 40.00 -0.00114552
-45.00 40.00 -0.00120315
-40.00 40.00 -0.00143295
-35.00 40.00 -0.00188592
-30.00 40.00 -0.00220902
-25.00 40.00 -0.00214545
-20.00 40.00 -0.00178296
-15.00 40.00 -0.00130995
-10.00 40.00 -0.0008016
-5.00 40.00 -0.00031011
0.00 40.00 7.581e-05
5.00 40.00 0.00037197
10.00 40.00 0.00073311
15.00 40.00 0.00124914
20.00 40.00 0.00181419
25.00 40.00 0.00222354
30.00 40.00 0.00227397
35.00 40.00 0.00180432
40.00 40.00 0.00087843
45.00 40.00 -2.979e-05
50.00 40.00 -0.00031167
55.00 40.00 0.00014595
60.00 40.00 0.00077874
65.00 40.00 0.00094338
70.00 40.00 0.0005496
75.00 40.00 -2.679e-05
80.00 40.00 -0.000453
85.00 40.00 -0.00064086
90.00 40.00 -0.00060102
95.00 40.00 -0.00039276
100.00 40.00 -0.00018228
105.00 40.00 -9.417e-05
110.00 40.00 5.43e-06
115.00 40.00 0.00033873
120.00 40.00 0.00078387
125.00 40.00 0.00086202
130.00 40.00 0.00030441
135.00 40.00 -0.00052653
140.00 40.00 -0.00095121
145.00 40.00 -0.00063477
150.00 40.00 0.00017412
155.00 40.00 0.00095985
160.00 40.00 0.00133983
165.00 40.00 0.00122061
170.00 40.00 0.00075705
175.00 40.00 0.00020307
180.00 40.00 -0.00027759
-180.00 45.00 -0.00057078
-175.00 45.00 -0.0004647
-170.00 45.00 -0.00021153
-165.00 45.00 0.00016359
-160.00 45.00 0.00059592
-155.00 45.00 0.00085095
-150.00 45.00 0.00071397
-145.00 45.00 0.00031125
-140.00 45.00 5.547e-05
-135.00 45.00 0.00016569
-130.00 45.00 0.00037503
-125.00 45.00 0.00027501
-120.00 45.00 -0.00012468
-115.00 45.00 -0.00039033
-110.00 45.00 -0.00023895
-105.00 45.00 9.018e-05
-100.00 45.00 0.00017535
-95.00 45.00 3.27e-06
-90.00 45.00 3.375e-05
-85.00 45.00 0.00066012
-80.00 45.00 0.00170433
-75.00 45.00 0.00247935
-70.00 45.00 0.00233496
-65.00 45.00 0.00120288
-60.00 45.00 -0.00030174
-55.00 45.00 -0.00133761
-50.00 45.00 -0.00150711
-45.00 45.00 -0.00113112
-40.00 45.00 -0.00085218
-35.00 45.00 -0.0009936
-30.00 45.00 -0.00134808
-25.00 45.00 -0.00152658
-20.00 45.00 -0.00138129
-15.00 45.00 -0.00107286
-10.00 45.00 -0.00084726
-5.00 45.00 -0.00081813
0.00 45.00 -0.00089793
5.00 45.00 -0.00085722
10.00 45.00 -0.00047331
15.00 45.00 0.0002964
20.00 45.00 0.00122547
25.00 45.00 0.00188271
30.00 45.00 0.00184053
35.00 45.00 0.00097062
40.00 45.00 -0.00033801
45.00 45.00 -0.00131649
50.00 45.00 -0.00137877
55.00 45.00 -0.0006579
60.00 45.00 9.666e-05
65.00 45.00 0.00023967
70.00 45.00 -0.00019581
75.00 45.00 -0.00067779
80.00 45.00 -0.00080976
85.00 45.00 -0.00065436
90.00 45.00 -0.000486
95.00 45.00 -0.00040506
100.00 45.00 -0.00026007
105.00 45.00 0.0001428
110.00 45.00 0.00081519
115.00 45.00 0.0015096
120.00 45.00 0.00182511
125.00 45.00 0.0014784
130.00 45.00 0.00058713
135.00 45.00 -0.00031425
140.00 45.00 -0.00063444
145.00 45.00 -0.00018342
150.00 45.00 0.00068334
155.00 45.00 0.00135195
160.00 45.00 0.00140169
165.00 45.00 0.00086277
170.00 45.00 0.00012246
175.00 45.00 -0.00040719
180.00 45.00 -0.00057078
-180.00 50.00 -0.00109698
-175.00 50.00 -0.00049197
-170.00 50.00 5.373e-05
-165.00 50.00 0.00041253
-160.00 50.00 0.00060318
-155.00 50.00 0.00065079
-150.00 50.00 0.00053793
-145.00 50.00 0.00027498
-140.00 50.00 -5.22e-05
-135.00 50.00 -0.00032922
-130.00 50.00 -0.00045876
-125.00 50.00 -0.00033216
-120.00 50.00 0.00016677
-115.00 50.00 0.00101478
-110.00 50.00 0.00189525
-105.00 50.00 0.00231264
-100.00 50.00 0.00198963
-95.00 50.00 0.00117579
-90.00 50.00 0.00049827
-85.00 50.00 0.00043791
-80.00 50.00 0.0009117
-75.00 50.00 0.00135285
-70.00 50.00 0.0012138
-65.00 50.00 0.00044466
-60.00 50.00 -0.00046671
-55.00 50.00 -0.00092268
-50.00 50.00 -0.00073038
-45.00 50.00 -0.00023889
-40.00 50.00 1.677e-05
-35.00 50.00 -0.00019098
-30.00 50.00 -0.00062379
-25.00 50.00 -0.0008658
-20.00 50.00 -0.00073512
-15.00 50.00 -0.00042861
-10.00 50.00 -0.00031455
-5.00 50.00 -0.00060066
0.00 50.00 -0.00115479
5.00 50.00 -0.00159084
10.00 50.00 -0.00153726
15.00 50.00 -0.00090261
20.00 50.00 3.153e-05
25.00 50.00 0.00075615
30.00 50.00 0.00084957
35.00 50.00 0.00027861
40.00 50.00 -0.00053985
45.00 50.00 -0.00102585
50.00 50.00 -0.00090048
55.00 50.00 -0.0004236
60.00 50.00 -0.00013746
65.00 50.00 -0.00032961
70.00 50.00 -0.00075753
75.00 50.00 -0.00092688
80.00 50.00 -0.00061677
85.00 50.00 -8.871e-05
90.00 50.00 0.00021123
95.00 50.00 0.0001035
100.00 50.00 -0.00018132
105.00 50.00 -0.00025785
110.00 50.00 5.262e-05
115.00 50.00 0.00058224
120.00 50.00 0.0009825
125.00 50.00 0.00102606
130.00 50.00 0.00079239
135.00 50.00 0.00058986
140.00 50.00 0.00067803
145.00 50.00 0.00102201
150.00 50.00 0.00129231
155.00 50.00 0.00112236
160.00 50.00 0.00041682
165.00 50.00 -0.0005412
170.00 50.00 -0.00127677
175.00 50.00 -0.0014562
180.00 50.00 -0.00109698
-180.00 55.00 -0.00158832
-175.00 55.00 -0.00096384
-170.00 55.00 -0.00047487
-165.00 55.00 -0.00018969
-160.00 55.00 -2.31e-05
-155.00 55.00 0.00011247
-150.00 55.00 0.00019311
-145.00 55.00 0.00010248
-140.00 55.00 -0.0002445
-135.00 55.00 -0.00077742
-130.00 55.00 -0.00124194
-125.00 55.00 -0.00130443
-120.00 55.00 -0.00075456
-115.00 55.00 0.00031125
-110.00 55.00 0.00147585
-105.00 55.00 0.00222081
-100.00 55.00 0.00225387
-95.00 55.00 0.0016929
-90.00 55.00 0.00094728
-85.00 55.00 0.00039291
-80.00 55.00 0.00011814
-75.00 55.00 -5.397e-05
-70.00 55.00 -0.0003162
-65.00 55.00 -0.00065004
-60.00 55.00 -0.00083385
-55.00 55.00 -0.00067167
-50.00 55.00 -0.00021792
-45.00 55.00 0.00022599
-40.00 55.00 0.00035346
-35.00 55.00 0.00011451
-30.00 55.00 -0.00024474
-25.00 55.00 -0.00040269
-20.00 55.00 -0.00024351
-15.00 55.00 4.602e-05
-10.00 55.00 0.00013701
-5.00 55.00 -0.00016773
0.00 55.00 -0.0007686
5.00 55.00 -0.00133284
10.00 55.00 -0.00152871
15.00 55.00 -0.00125505
20.00 55.00 -0.00070557
25.00 55.00 -0.00022629
30.00 55.00 -6.774e-05
35.00 55.00 -0.0002106
40.00 55.00 -0.00040026
45.00 55.00 -0.00037467
50.00 55.00 -0.00010254
55.00 55.00 0.00018474
60.00 55.00 0.00021693
65.00 55.00 -3.48e-05
70.00 55.00 -0.00029982
75.00 55.00 -0.00025077
80.00 55.00 0.00017613
85.00 55.00 0.00069513
90.00 55.00 0.00090528
95.00 55.00 0.00062658
100.00 55.00 3.957e-05
105.00 55.00 -0.00046911
110.00 55.00 -0.00059292
115.00 55.00 -0.00028302
120.00 55.00 0.00028926
125.00 55.00 0.0009021
130.00 55.00 0.00142032
135.00 55.00 0.00180144
140.00 55.00 0.00200607
145.00 55.00 0.00193017
150.00 55.00 0.00144816
155.00 55.00 0.00054282
160.00 55.00 -0.00059472
165.00 55.00 -0.00160563
170.00 55.00 -0.00214578
175.00 55.00 -0.00208785
180.00 55.00 -0.00158835
-180.00 60.00 -0.00150309
-175.00 60.00 -0.00117732
-170.00 60.00 -0.00098139
-165.00 60.00 -0.00086031
-160.00 60.00 -0.00069561
-155.00 60.00 -0.00042651
-150.00 60.00 -0.00012654
-145.00 60.00 2.85e-05
-140.00 60.00 -0.00011544
-135.00 60.00 -0.00055902
-130.00 60.00 -0.00110661
-125.00 60.00 -0.00145242
-120.00 60.00 -0.00135192
-115.00 60.00 -0.0007722
-110.00 60.00 7.926e-05
-105.00 60.00 0.00086991
-100.00 60.00 0.00132369
-95.00 60.00 0.00134685
-90.00 60.00 0.00102447
-85.00 60.00 0.00051855
-80.00 60.00 -3.438e-05
-75.00 60.00 -0.0005499
-70.00 60.00 -0.00095625
-65.00 60.00 -0.00116244
-60.00 60.00 -0.0010908
-55.00 60.00 -0.00075414
-50.00 60.00 -0.00029646
-45.00 60.00 6.405e-05
-40.00 60.00 0.00016587
-35.00 60.00 1.011e-05
-30.00 60.00 -0.00024831
-25.00 60.00 -0.00042222
-20.00 60.00 -0.00043197
-15.00 60.00 -0.00035373
-10.00 60.00 -0.00034314
-5.00 60.00 -0.00050139
0.00 60.00 -0.00079161
5.00 60.00 -0.00106716
10.00 60.00 -0.00118386
15.00 60.00 -0.00110586
20.00 60.00 -0.00092451
25.00 60.00 -0.0007791
30.00 60.00 -0.00074313
35.00 60.00 -0.00076755
40.00 60.00 -0.00072786
45.00 60.00 -0.00053886
50.00 60.00 -0.00023961
55.00 60.00 3.06e-05
60.00 60.00 0.00015213
65.00 60.00 0.00013719
70.00 60.00 0.00012828
75.00 60.00 0.00027429
80.00 60.00 0.00059007
85.00 60.00 0.00092592
90.00 60.00 0.00107859
95.00 60.00 0.00095124
100.00 60.00 0.0006315
105.00 60.00 0.00033183
110.00 60.00 0.0002481
115.00 60.00 0.00044508
120.00 60.00 0.00083817
125.00 60.00 0.00125886
130.00 60.00 0.00154065
135.00 60.00 0.00157104
140.00 60.00 0.00130152
145.00 60.00 0.00074235
150.00 60.00 -3.351e-05
155.00 60.00 -0.00088395
160.00 60.00 -0.0016176
165.00 60.00 -0.00205707
170.00 60.00 -0.0021225
175.00 60.00 -0.00187899
180.00 60.00 -0.00150309
-180.00 65.00 -0.00095943
-175.00 65.00 -0.00093693
-170.00 65.00 -0.00106035
-165.00 65.00 -0.00119754
-160.00 65.00 -0.00120906
-155.00 65.00 -0.00102645
-150.00 65.00 -0.00069219
-145.00 65.00 -0.00033576
-140.00 65.00 -9.744e-05
-135.00 65.00 -4.503e-05
-130.00 65.00 -0.00013293
-125.00 65.00 -0.00022848
-120.00 65.00 -0.00018861
-115.00 65.00 5.88e-05
-110.00 65.00 0.00047556
-105.00 65.00 0.00093384
-100.00 65.00 0.00127863
-95.00 65.00 0.00139371
-90.00 65.00 0.00123873
-85.00 65.00 0.00085065
-80.00 65.00 0.0003225
-75.00 65.00 -0.00022368
-70.00 65.00 -0.00066429
-65.00 65.00 -0.00090417
-60.00 65.00 -0.00090846
-55.00 65.00 -0.00072231
-50.00 65.00 -0.00046017
-45.00 65.00 -0.00026034
-40.00 65.00 -0.00022362
-35.00 65.00 -0.00037086
-30.00 65.00 -0.00064503
-25.00 65.00 -0.00095349
-20.00 65.00 -0.00122073
-15.00 65.00 -0.00141615
-10.00 65.00 -0.00154524
-5.00 65.00 -0.00162003
0.00 65.00 -0.00163797
5.00 65.00 -0.00158688
10.00 65.00 -0.00146766
15.00 65.00 -0.00131124
20.00 65.00 -0.00116964
25.00 65.00 -0.00108459
30.00 65.00 -0.00105663
35.00 65.00 -0.00104076
40.00 65.00 -0.00097608
45.00 65.00 -0.00082902
50.00 65.00 -0.00061812
55.00 65.00 -0.00039945
60.00 65.00 -0.00022305
65.00 65.00 -9.48e-05
70.00 65.00 2.547e-05
75.00 65.00 0.00018858
80.00 65.00 0.00041235
85.00 65.00 0.000666
90.00 65.00 0.00089313
95.00 65.00 0.00105273
100.00 65.00 0.00114285
105.00 65.00 0.00118968
110.00 65.00 0.00121293
115.00 65.00 0.00119715
120.00 65.00 0.0010911
125.00 65.00 0.00083496
130.00 65.00 0.00039747
135.00 65.00 -0.00019929
140.00 65.00 -0.00087759
145.00 65.00 -0.00152286
150.00 65.00 -0.00201456
155.00 65.00 -0.00226035
160.00 65.00 -0.00222618
165.00 65.00 -0.00195402
170.00 65.00 -0.00155649
175.00 65.00 -0.00118239
180.00 65.00 -0.00095943
-180.00 70.00 -0.00011412
-175.00 70.00 -0.00033276
-170.00 70.00 -0.00069234
-165.00 70.00 -0.00106719
-160.00 70.00 -0.00133206
-155.00 70.00 -0.00140334
-150.00 70.00 -0.00126207
-145.00 70.00 -0.00095004
-140.00 70.00 -0.00054294
-135.00 70.00 -0.00011535
-130.00 70.00 0.00028539
-125.00 70.00 0.00064566
-120.00 70.00 0.00097254
-115.00 70.00 0.00127227
-110.00 70.00 0.00153303
-105.00 70.00 0.00172185
-100.00 70.00 0.00179571
-95.00 70.00 0.00172023
-90.00 70.00 0.00148686
-85.00 70.00 0.00112113
-80.00 70.00 0.00067977
-75.00 70.00 0.0002376
-70.00 70.00 -0.0001323
-65.00 70.00 -0.00037923
-60.00 70.00 -0.00049047
-55.00 70.00 -0.00049551
-50.00 70.00 -0.00045627
-45.00 70.00 -0.00044547
-40.00 70.00 -0.00052167
-35.00 70.00 -0.00071019
-30.00 70.00 -0.00099777
-25.00 70.00 -0.00134073
-20.00 70.00 -0.00168129
-15.00 70.00 -0.00196392
-10.00 70.00 -0.00214656
-5.00 70.00 -0.0022062
0.00 70.00 -0.00214014
5.00 70.00 -0.00196566
10.00 70.00 -0.00171708
15.00 70.00 -0.00143853
20.00 70.00 -0.00117264
25.00 70.00 -0.00094845
30.00 70.00 -0.00077442
35.00 70.00 -0.00064044
40.00 70.00 -0.00052866
45.00 70.00 -0.000426
50.00 70.00 -0.00033117
55.00 70.00 -0.00025164
60.00 70.00 -0.00019383
65.00 70.00 -0.00015339
70.00 70.00 -0.00011319
75.00 70.00 -4.998e-05
80.00 70.00 5.439e-05
85.00 70.00 0.00020409
90.00 70.00 0.00038652
95.00 70.00 0.00057522
100.00 70.00 0.00073467
105.00 70.00 0.00082518
110.00 70.00 0.00080748
115.00 70.00 0.00065028
120.00 70.00 0.00034053
125.00 70.00 -0.00010578
130.00 70.00 -0.00063753
135.00 70.00 -0.00117243
140.00 70.00 -0.00161232
145.00 70.00 -0.00186747
150.00 70.00 -0.00188277
155.00 70.00 -0.00165762
160.00 70.00 -0.0012522
165.00 70.00 -0.00077619
170.00 70.00 -0.00036048
175.00 70.00 -0.00011928
180.00 70.00 -0.00011412
-180.00 75.00 0.00090183
-175.00 75.00 0.00055992
-170.00 75.00 0.00012729
-165.00 75.00 -0.00032292
-160.00 75.00 -0.0007158
-155.00 75.00 -0.00099033
-150.00 75.00 -0.00111063
-145.00 75.00 -0.00106986
-140.00 75.00 -0.00088686
-135.00 75.00 -0.00059787
-130.00 75.00 -0.00024705
-125.00 75.00 0.00012192
-120.00 75.00 0.00047082
-115.00 75.00 0.00076875
-110.00 75.00 0.0009924
-105.00 75.00 0.00112575
-100.00 75.00 0.00116088
-95.00 75.00 0.00109959
-90.00 75.00 0.00095448
-85.00 75.00 0.00074865
-80.00 75.00 0.00051261
-75.00 75.00 0.00027897
-70.00 75.00 7.542e-05
-65.00 75.00 -8.133e-05
-60.00 75.00 -0.00018897
-55.00 75.00 -0.00025956
-50.00 75.00 -0.00031521
-45.00 75.00 -0.00038136
-40.00 75.00 -0.00047907
-35.00 75.00 -0.00061887
-30.00 75.00 -0.00079761
-25.00 75.00 -0.00099882
-20.00 75.00 -0.00119661
-15.00 75.00 -0.00136164
-10.00 75.00 -0.00146769
-5.00 75.00 -0.00149718
0.00 75.00 -0.00144465
5.00 75.00 -0.00131736
10.00 75.00 -0.00113319
15.00 75.00 -0.0009165
20.00 75.00 -0.00069327
25.00 75.00 -0.00048663
30.00 75.00 -0.00031401
35.00 75.00 -0.00018612
40.00 75.00 -0.00010737
45.00 75.00 -7.746e-05
50.00 75.00 -9.228e-05
55.00 75.00 -0.00014457
60.00 75.00 -0.0002238
65.00 75.00 -0.00031617
70.00 75.00 -0.00040539
75.00 75.00 -0.00047493
80.00 75.00 -0.00051123
85.00 75.00 -0.00050715
90.00 75.00 -0.00046443
95.00 75.00 -0.00039396
100.00 75.00 -0.00031374
105.00 75.00 -0.00024456
110.00 75.00 -0.00020442
115.00 75.00 -0.00020286
120.00 75.00 -0.00023721
125.00 75.00 -0.00029097
130.00 75.00 -0.00033606
135.00 75.00 -0.00033879
140.00 75.00 -0.00026883
145.00 75.00 -0.00010911
150.00 75.00 0.00013605
155.00 75.00 0.00043746
160.00 75.00 0.00074418
165.00 75.00 0.00099336
170.00 75.00 0.00112518
175.00 75.00 0.0010983
180.00 75.00 0.00090183
-180.00 80.00 0.00120528
-175.00 80.00 0.00095568
-170.00 80.00 0.00066324
-165.00 80.00 0.00035391
-160.00 80.00 5.487e-05
-155.00 80.00 -0.00020943
-150.00 80.00 -0.00042021
-145.00 80.00 -0.00056646
-140.00 80.00 -0.00064539
-135.00 80.00 -0.00066171
-130.00 80.00 -0.00062628
-125.00 80.00 -0.00055371
-120.00 80.00 -0.00046014
-115.00 80.00 -0.00036111
-110.00 80.00 -0.00026982
-105.00 80.00 -0.00019611
-100.00 80.00 -0.00014568
-95.00 80.00 -0.00012006
-90.00 80.00 -0.00011709
-85.00 80.00 -0.00013173
-80.00 80.00 -0.00015753
-75.00 80.00 -0.00018783
-70.00 80.00 -0.00021726
-65.00 80.00 -0.00024258
-60.00 80.00 -0.00026328
-55.00 80.00 -0.00028113
-50.00 80.00 -0.00029967
-45.00 80.00 -0.00032286
-40.00 80.00 -0.00035382
-35.00 80.00 -0.00039378
-30.00 80.00 -0.00044145
-25.00 80.00 -0.0004932
-20.00 80.00 -0.00054348
-15.00 80.00 -0.00058599
-10.00 80.00 -0.00061485
-5.00 80.00 -0.00062613
0.00 80.00 -0.00061851
5.00 80.00 -0.00059361
10.00 80.00 -0.00055581
15.00 80.00 -0.00051174
20.00 80.00 -0.00046917
25.00 80.00 -0.00043602
30.00 80.00 -0.00041898
35.00 80.00 -0.00042303
40.00 80.00 -0.00045078
45.00 80.00 -0.00050217
50.00 80.00 -0.00057447
55.00 80.00 -0.00066237
60.00 80.00 -0.00075858
65.00 80.00 -0.00085452
70.00 80.00 -0.00094089
75.00 80.00 -0.00100881
80.00 80.00 -0.00105057
85.00 80.00 -0.00106044
90.00 80.00 -0.00103527
95.00 80.00 -0.00097425
100.00 80.00 -0.00087894
105.00 80.00 -0.00075231
110.00 80.00 -0.00059808
115.00 80.00 -0.00041985
120.00 80.00 -0.00022095
125.00 80.00 -4.41e-06
130.00 80.00 0.00022653
135.00 80.00 0.00046737
140.00 80.00 0.00071115
145.00 80.00 0.00094764
150.00 80.00 0.00116322
155.00 80.00 0.00134181
160.00 80.00 0.00146658
165.00 80.00 0.00152229
170.00 80.00 0.0014982
175.00 80.00 0.00139077
180.00 80.00 0.00120528
-180.00 85.00 0.00028095
-175.00 85.00 0.00021441
-170.00 85.00 0.00013404
-165.00 85.00 4.431e-05
-160.00 85.00 -5.022e-05
-155.00 85.00 -0.00014544
-150.00 85.00 -0.0002379
-145.00 85.00 -0.0003246
-140.00 85.00 -0.00040293
-135.00 85.00 -0.00047082
-130.00 85.00 -0.00052722
-125.00 85.00 -0.00057222
-120.00 85.00 -0.00060678
-115.00 85.00 -0.00063222
-110.00 85.00 -0.00064974
-105.00 85.00 -0.00066024
-100.00 85.00 -0.00066477
-95.00 85.00 -0.00066468
-90.00 85.00 -0.00066153
-85.00 85.00 -0.00065649
-80.00 85.00 -0.00065013
-75.00 85.00 -0.00064263
-70.00 85.00 -0.00063414
-65.00 85.00 -0.00062538
-60.00 85.00 -0.00061731
-55.00 85.00 -0.00061077
-50.00 85.00 -0.00060615
-45.00 85.00 -0.00060333
-40.00 85.00 -0.00060237
-35.00 85.00 -0.00060366
-30.00 85.00 -0.00060786
-25.00 85.00 -0.00061524
-20.00 85.00 -0.00062544
-15.00 85.00 -0.00063774
-10.00 85.00 -0.0006516
-5.00 85.00 -0.00066705
0.00 85.00 -0.00068448
5.00 85.00 -0.00070419
10.00 85.00 -0.00072606
15.00 85.00 -0.00074961
20.00 85.00 -0.00077472
25.00 85.00 -0.00080163
30.00 85.00 -0.00083073
35.00 85.00 -0.00086184
40.00 85.00 -0.00089397
45.00 85.00 -0.00092562
50.00 85.00 -0.00095514
55.00 85.00 -0.00098109
60.00 85.00 -0.00100212
65.00 85.00 -0.00101637
70.00 85.00 -0.00102162
75.00 85.00 -0.00101553
80.00 85.00 -0.00099633
85.00 85.00 -0.00096309
90.00 85.00 -0.0009156
95.00 85.00 -0.00085392
100.00 85.00 -0.00077832
105.00 85.00 -0.00068952
110.00 85.00 -0.00058908
115.00 85.00 -0.00047958
120.00 85.00 -0.00036423
125.00 85.00 -0.00024648
130.00 85.00 -0.00012966
135.00 85.00 -1.719e-05
140.00 85.00 8.727e-05
145.00 85.00 0.00017979
150.00 85.00 0.00025653
155.00 85.00 0.00031434
160.00 85.00 0.00035115
165.00 85.00 0.000366
170.00 85.00 0.00035874
175.00 85.00 0.00032991
180.00 85.00 0.00028095
-180.00 90.00 -0.00069627
-175.00 90.00 -0.00069627
-170.00 90.00 -0.00069627
-165.00 90.00 -0.00069627
-160.00 90.00 -0.00069627
-155.00 90.00 -0.00069627
-150.00 90.00 -0.00069627
-145.00 90.00 -0.00069627
-140.00 90.00 -0.00069627
-135.00 90.00 -0.00069627
-130.00 90.00 -0.00069627
-125.00 90.00 -0.00069627
-120.00 90.00 -0.00069627
-115.00 90.00 -0.00069627
-110.00 90.00 -0.00069627
-105.00 90.00 -0.00069627
-100.00 90.00 -0.00069627
-95.00 90.00 -0.00069627
-90.00 90.00 -0.00069627
-85.00 90.00 -0.00069627
-80.00 90.00 -0.00069627
-75.00 90.00 -0.00069627
-70.00 90.00 -0.00069627
-65.00 90.00 -0.00069627
-60.00 90.00 -0.00069627
-55.00 90.00 -0.00069627
-50.00 90.00 -0.00069627
-45.00 90.00 -0.00069627
-40.00 90.00 -0.00069627
-35.00 90.00 -0.00069627
-30.00 90.00 -0.00069627
-25.00 90.00 -0.00069627
-20.00 90.00 -0.00069627
-15.00 90.00 -0.00069627
-10.00 90.00 -0.00069627
-5.00 90.00 -0.00069627
0.00 90.00 -0.00069627
5.00 90.00 -0.00069627
10.00 90.00 -0.00069627
15.00 90.00 -0.00069627
20.00 90.00 -0.00069627
25.00 90.00 -0.00069627
30.00 90.00 -0.00069627
35.00 90.00 -0.00069627
40.00 90.00 -0.00069627
45.00 90.00 -0.00069627
50.00 90.00 -0.00069627
55.00 90.00 -0.00069627
60.00 90.00 -0.00069627
65.00 90.00 -0.00069627
70.00 90.00 -0.00069627
75.00 90.00 -0.00069627
80.00 90.00 -0.00069627
85.00 90.00 -0.00069627
90.00 90.00 -0.00069627
95.00 90.00 -0.00069627
100.00 90.00 -0.00069627
105.00 90.00 -0.00069627
110.00 90.00 -0.00069627
115.00 90.00 -0.00069627
120.00 90.00 -0.00069627
125.00 90.00 -0.00069627
130.00 90.00 -0.00069627
135.00 90.00 -0.00069627
140.00 90.00 -0.00069627
145.00 90.00 -0.00069627
150.00 90.00 -0.00069627
155.00 90.00 -0.00069627
160.00 90.00 -0.00069627
165.00 90.00 -0.00069627
170.00 90.00 -0.00069627
175.00 90.00 -0.00069627
180.00 90.00 -0.00069627
