-180.00 -90.00 0.00125097
-175.00 -90.00 0.00125097
-170.00 -90.00 0.001251
-165.00 -90.00 0.001251
-160.00 -90.00 0.00125097
-155.00 -90.00 0.00125097
-150.00 -90.00 0.00125094
-145.00 -90.00 0.00125088
-140.00 -90.00 0.00125085
-135.00 -90.00 0.00125079
-130.00 -90.00 0.00125073
-125.00 -90.00 0.00125067
-120.00 -90.00 0.00125061
-115.00 -90.00 0.00125055
-110.00 -90.00 0.00125049
-105.00 -90.00 0.00125043
-100.00 -90.00 0.0012504
-95.00 -90.00 0.00125034
-90.00 -90.00 0.00125031
-85.00 -90.00 0.00125031
-80.00 -90.00 0.00125028
-75.00 -90.00 0.00125028
-70.00 -90.00 0.00125031
-65.00 -90.00 0.00125031
-60.00 -90.00 0.00125034
-55.00 -90.00 0.00125037
-50.00 -90.00 0.00125043
-45.00 -90.00 0.00125049
-40.00 -90.00 0.00125055
-35.00 -90.00 0.00125061
-30.00 -90.00 0.00125067
-25.00 -90.00 0.00125073
-20.00 -90.00 0.00125079
-15.00 -90.00 0.00125085
-10.00 -90.00 0.00125088
-5.00 -90.00 0.00125094
0.00 -90.00 0.00125097
5.00 -90.00 0.00125097
10.00 -90.00 0.001251
15.00 -90.00 0.001251
20.00 -90.00 0.00125097
25.00 -90.00 0.00125097
30.00 -90.00 0.00125094
35.00 -90.00 0.00125091
40.00 -90.00 0.00125085
45.00 -90.00 0.00125079
50.00 -90.00 0.00125073
55.00 -90.00 0.00125067
60.00 -90.00 0.00125061
65.00 -90.00 0.00125055
70.00 -90.00 0.00125049
75.00 -90.00 0.00125043
80.00 -90.00 0.0012504
85.00 -90.00 0.00125034
90.00 -90.00 0.00125031
95.00 -90.00 0.00125031
100.00 -90.00 0.00125028
105.00 -90.00 0.00125028
110.00 -90.00 0.00125031
115.00 -90.00 0.00125031
120.00 -90.00 0.00125034
125.00 -90.00 0.0012504
130.00 -90.00 0.00125043
135.00 -90.00 0.00125049
140.00 -90.00 0.00125055
145.00 -90.00 0.00125061
150.00 -90.00 0.00125067
155.00 -90.00 0.00125073
160.00 -90.00 0.00125079
165.00 -90.00 0.00125085
170.00 -90.00 0.00125088
175.00 -90.00 0.00125094
180.00 -90.00 0.00125097
-180.00 -85.00 0.00137178
-175.00 -85.00 0.00132438
-170.00 -85.00 0.00127182
-165.00 -85.00 0.00121518
-160.00 -85.00 0.00115569
-155.00 -85.00 0.00109473
-150.00 -85.00 0.00103386
-145.00 -85.00 0.00097473
-140.00 -85.00 0.00091908
-135.00 -85.00 0.00086856
-130.00 -85.00 0.00082473
-125.00 -85.00 0.00078891
-120.00 -85.00 0.00076218
-115.00 -85.00 0.00074538
-110.00 -85.00 0.00073899
-105.00 -85.00 0.00074307
-100.00 -85.00 0.00075723
-95.00 -85.00 0.00078084
-90.00 -85.00 0.00081294
-85.00 -85.00 0.00085239
-80.00 -85.00 0.0008979
-75.00 -85.00 0.00094794
-70.00 -85.00 0.00100104
-65.00 -85.00 0.00105573
-60.00 -85.00 0.00111063
-55.00 -85.00 0.0011646
-50.00 -85.00 0.00121659
-45.00 -85.00 0.00126573
-40.00 -85.00 0.00131133
-35.00 -85.00 0.00135288
-30.00 -85.00 0.00139005
-25.00 -85.00 0.00142266
-20.00 -85.00 0.00145071
-15.00 -85.00 0.00147411
-10.00 -85.00 0.00149289
-5.00 -85.00 0.00150705
0.00 -85.00 0.00151659
5.00 -85.00 0.00152163
10.00 -85.00 0.00152229
15.00 -85.00 0.00151872
20.00 -85.00 0.00151119
25.00 -85.00 0.00149994
30.00 -85.00 0.00148548
35.00 -85.00 0.00146853
40.00 -85.00 0.00144984
45.00 -85.00 0.00143031
50.00 -85.00 0.00141072
55.00 -85.00 0.00139191
60.00 -85.00 0.00137481
65.00 -85.00 0.00136026
70.00 -85.00 0.00134895
75.00 -85.00 0.00134139
80.00 -85.00 0.00133791
85.00 -85.00 0.0013386
90.00 -85.00 0.00134358
95.00 -85.00 0.00135279
100.00 -85.00 0.00136584
105.00 -85.00 0.00138213
110.00 -85.00 0.00140088
115.00 -85.00 0.00142122
120.00 -85.00 0.00144216
125.00 -85.00 0.00146256
130.00 -85.00 0.00148125
135.00 -85.00 0.00149694
140.00 -85.00 0.00150852
145.00 -85.00 0.00151494
150.00 -85.00 0.00151545
155.00 -85.00 0.00150936
160.00 -85.00 0.00149619
165.00 -85.00 0.00147573
170.00 -85.00 0.00144798
175.00 -85.00 0.00141318
180.00 -85.00 0.00137178
-180.00 -80.00 0.00161028
-175.00 -80.00 0.00156387
-170.00 -80.00 0.00150111
-165.00 -80.00 0.00142191
-160.00 -80.00 0.00132543
-155.00 -80.00 0.00121308
-150.00 -80.00 0.00108993
-145.00 -80.00 0.00096201
-140.00 -80.00 0.00083439
-135.00 -80.00 0.00071277
-130.00 -80.00 0.00060495
-125.00 -80.00 0.00051816
-120.00 -80.00 0.0004563
-115.00 -80.00 0.00042111
-110.00 -80.00 0.0004146
-105.00 -80.00 0.00043782
-100.00 -80.00 0.0004884
-95.00 -80.00 0.00056118
-90.00 -80.00 0.00065178
-85.00 -80.00 0.00075666
-80.00 -80.00 0.00087075
-75.00 -80.00 0.00098733
-70.00 -80.00 0.00110115
-65.00 -80.00 0.00120957
-60.00 -80.00 0.0013098
-55.00 -80.00 0.00139782
-50.00 -80.00 0.00147078
-45.00 -80.00 0.00152907
-40.00 -80.00 0.00157425
-35.00 -80.00 0.00160683
-30.00 -80.00 0.00162783
-25.00 -80.00 0.00164106
-20.00 -80.00 0.00165129
-15.00 -80.00 0.0016608
-10.00 -80.00 0.00166965
-5.00 -80.00 0.00167823
0.00 -80.00 0.00168681
5.00 -80.00 0.00169266
10.00 -80.00 0.00169038
15.00 -80.00 0.00167565
20.00 -80.00 0.00164664
25.00 -80.00 0.00160203
30.00 -80.00 0.00154014
35.00 -80.00 0.00146166
40.00 -80.00 0.00137094
45.00 -80.00 0.00127356
50.00 -80.00 0.00117327
55.00 -80.00 0.00107334
60.00 -80.00 0.00097848
65.00 -80.00 0.00089331
70.00 -80.00 0.0008196
75.00 -80.00 0.0007575
80.00 -80.00 0.00070857
85.00 -80.00 0.00067593
90.00 -80.00 0.00066114
95.00 -80.00 0.00066435
100.00 -80.00 0.0006867
105.00 -80.00 0.00073038
110.00 -80.00 0.00079548
115.00 -80.00 0.00087858
120.00 -80.00 0.00097509
125.00 -80.00 0.00108108
130.00 -80.00 0.00119145
135.00 -80.00 0.00129885
140.00 -80.00 0.00139632
145.00 -80.00 0.00148026
150.00 -80.00 0.0015492
155.00 -80.00 0.00160116
160.00 -80.00 0.00163476
165.00 -80.00 0.00165114
170.00 -80.00 0.00165264
175.00 -80.00 0.00163959
180.00 -80.00 0.00161028
-180.00 -75.00 0.00134259
-175.00 -75.00 0.00136044
-170.00 -75.00 0.00135957
-165.00 -75.00 0.00132834
-160.00 -75.00 0.00125973
-155.00 -75.00 0.00115347
-150.00 -75.00 0.00101655
-145.00 -75.00 0.00086121
-140.00 -75.00 0.00070191
-135.00 -75.00 0.00055269
-130.00 -75.00 0.00042537
-125.00 -75.00 0.00032859
-120.00 -75.00 0.00026772
-115.00 -75.00 0.0002454
-110.00 -75.00 0.00026169
-105.00 -75.00 0.00031377
-100.00 -75.00 0.00039591
-95.00 -75.00 0.00050025
-90.00 -75.00 0.00061782
-85.00 -75.00 0.00073986
-80.00 -75.00 0.00085947
-75.00 -75.00 0.00097239
-70.00 -75.00 0.0010764
-65.00 -75.00 0.00117018
-60.00 -75.00 0.00125202
-55.00 -75.00 0.00131898
-50.00 -75.00 0.00136668
-45.00 -75.00 0.00139059
-40.00 -75.00 0.00138816
-35.00 -75.00 0.0013608
-30.00 -75.00 0.00131478
-25.00 -75.00 0.00126135
-20.00 -75.00 0.00121521
-15.00 -75.00 0.00119124
-10.00 -75.00 0.00120072
-5.00 -75.00 0.00124815
0.00 -75.00 0.00132942
5.00 -75.00 0.00143145
10.00 -75.00 0.00153498
15.00 -75.00 0.00161871
20.00 -75.00 0.00166419
25.00 -75.00 0.00165954
30.00 -75.00 0.00160185
35.00 -75.00 0.00149697
40.00 -75.00 0.00135705
45.00 -75.00 0.001197
50.00 -75.00 0.00103107
55.00 -75.00 0.00086991
60.00 -75.00 0.00071916
65.00 -75.00 0.00057945
70.00 -75.00 0.0004482
75.00 -75.00 0.00032154
80.00 -75.00 0.00019701
85.00 -75.00 7.605e-05
90.00 -75.00 -3.477e-05
95.00 -75.00 -0.00012432
100.00 -75.00 -0.00017853
105.00 -75.00 -0.00018375
110.00 -75.00 -0.00013056
115.00 -75.00 -1.725e-05
120.00 -75.00 0.00014868
125.00 -75.00 0.00035112
130.00 -75.00 0.00056793
135.00 -75.00 0.00077556
140.00 -75.00 0.00095406
145.00 -75.00 0.00109095
150.00 -75.00 0.00118326
155.00 -75.00 0.00123708
160.00 -75.00 0.00126498
165.00 -75.00 0.00128118
170.00 -75.00 0.00129723
175.00 -75.00 0.00131847
180.00 -75.00 0.00134259
-180.00 -70.00 0.00075675
-175.00 -70.00 0.00082995
-170.00 -70.00 0.00087825
-165.00 -70.00 0.00087168
-160.00 -70.00 0.0007971
-155.00 -70.00 0.00066312
-150.00 -70.00 0.00049623
-145.00 -70.00 0.00033054
-140.00 -70.00 0.0001953
-135.00 -70.00 0.00010632
-130.00 -70.00 6.435e-05
-125.00 -70.00 6.045e-05
-120.00 -70.00 8.442e-05
-115.00 -70.00 0.00013092
-110.00 -70.00 0.00020028
-105.00 -70.00 0.00029394
-100.00 -70.00 0.00040878
-95.00 -70.00 0.00053385
-90.00 -70.00 0.0006528
-85.00 -70.00 0.00075018
-80.00 -70.00 0.00081822
-75.00 -70.00 0.00085998
-70.00 -70.00 0.00088719
-65.00 -70.00 0.0009138
-60.00 -70.00 0.00094851
-55.00 -70.00 0.00099012
-50.00 -70.00 0.00102738
-45.00 -70.00 0.00104349
-40.00 -70.00 0.00102285
-35.00 -70.00 0.0009576
-30.00 -70.00 0.00085179
-25.00 -70.00 0.00072252
-20.00 -70.00 0.00059796
-15.00 -70.00 0.00051213
-10.00 -70.00 0.00049656
-5.00 -70.00 0.00057072
0.00 -70.00 0.00073332
5.00 -70.00 0.00095931
10.00 -70.00 0.00120432
15.00 -70.00 0.00141723
20.00 -70.00 0.00155535
25.00 -70.00 0.00159702
30.00 -70.00 0.0015459
35.00 -70.00 0.00142623
40.00 -70.00 0.00127167
45.00 -70.00 0.00111321
50.00 -70.00 0.00097086
55.00 -70.00 0.0008508
60.00 -70.00 0.00074724
65.00 -70.00 0.00064707
70.00 -70.00 0.00053448
75.00 -70.00 0.0003957
80.00 -70.00 0.00022314
85.00 -70.00 1.905e-05
90.00 -70.00 -0.0002019
95.00 -70.00 -0.00041298
100.00 -70.00 -0.00057939
105.00 -70.00 -0.00066606
110.00 -70.00 -0.0006471
115.00 -70.00 -0.00051459
120.00 -70.00 -0.00028308
125.00 -70.00 1.179e-05
130.00 -70.00 0.00032106
135.00 -70.00 0.00059412
140.00 -70.00 0.00079134
145.00 -70.00 0.00089331
150.00 -70.00 0.00090453
155.00 -70.00 0.00085056
160.00 -70.00 0.00076941
165.00 -70.00 0.00070026
170.00 -70.00 0.00067194
175.00 -70.00 0.00069453
180.00 -70.00 0.00075675
-180.00 -65.00 0.00060033
-175.00 -65.00 0.00071277
-170.00 -65.00 0.00077178
-165.00 -65.00 0.0007368
-160.00 -65.00 0.00059646
-155.00 -65.00 0.00037917
-150.00 -65.00 0.00014574
-145.00 -65.00 -3.543e-05
-140.00 -65.00 -0.00011844
-135.00 -65.00 -9.894e-05
-130.00 -65.00 -1.101e-05
-125.00 -65.00 9.633e-05
-120.00 -65.00 0.00018858
-115.00 -65.00 0.00026325
-110.00 -65.00 0.00034509
-105.00 -65.00 0.00046296
-100.00 -65.00 0.00062535
-95.00 -65.00 0.00081045
-90.00 -65.00 0.00097686
-85.00 -65.00 0.001086
-80.00 -65.00 0.00112212
-75.00 -65.00 0.0010983
-70.00 -65.00 0.00104739
-65.00 -65.00 0.00100452
-60.00 -65.00 0.00099099
-55.00 -65.00 0.00100707
-50.00 -65.00 0.00103554
-45.00 -65.00 0.00105306
-40.00 -65.00 0.00104148
-35.00 -65.00 0.00099276
-30.00 -65.00 0.00090663
-25.00 -65.00 0.00078741
-20.00 -65.00 0.00064617
-15.00 -65.00 0.00050784
-10.00 -65.00 0.00041412
-5.00 -65.00 0.00041199
0.00 -65.00 0.00052863
5.00 -65.00 0.00074718
10.00 -65.00 0.00100206
15.00 -65.00 0.00120255
20.00 -65.00 0.00127473
25.00 -65.00 0.00119706
30.00 -65.00 0.00100881
35.00 -65.00 0.00078666
40.00 -65.00 0.00060471
45.00 -65.00 0.00050172
50.00 -65.00 0.00047217
55.00 -65.00 0.00047991
60.00 -65.00 0.00048222
65.00 -65.00 0.00044769
70.00 -65.00 0.0003621
75.00 -65.00 0.00022461
80.00 -65.00 4.257e-05
85.00 -65.00 -0.00017019
90.00 -65.00 -0.00039177
95.00 -65.00 -0.00059106
100.00 -65.00 -0.00073122
105.00 -65.00 -0.0007779
110.00 -65.00 -0.00071004
115.00 -65.00 -0.00052884
120.00 -65.00 -0.00026136
125.00 -65.00 4.404e-05
130.00 -65.00 0.00032946
135.00 -65.00 0.00054375
140.00 -65.00 0.00065721
145.00 -65.00 0.00066954
150.00 -65.00 0.00060708
155.00 -65.00 0.00051171
160.00 -65.00 0.00042663
165.00 -65.00 0.00038526
170.00 -65.00 0.00040503
175.00 -65.00 0.00048417
180.00 -65.00 0.00060033
-180.00 -60.00 0.00079827
-175.00 -60.00 0.00089073
-170.00 -60.00 0.00093516
-165.00 -60.00 0.00090591
-160.00 -60.00 0.0007839
-155.00 -60.00 0.00058434
-150.00 -60.00 0.00036474
-145.00 -60.00 0.00020244
-140.00 -60.00 0.00015141
-135.00 -60.00 0.00020757
-130.00 -60.00 0.00030984
-125.00 -60.00 0.00038193
-120.00 -60.00 0.00038853
-115.00 -60.00 0.00036336
-110.00 -60.00 0.00038481
-105.00 -60.00 0.00051537
-100.00 -60.00 0.00075189
-95.00 -60.00 0.00102525
-90.00 -60.00 0.00124611
-85.00 -60.00 0.00135813
-80.00 -60.00 0.00136074
-75.00 -60.00 0.00129471
-70.00 -60.00 0.00121158
-65.00 -60.00 0.00114945
-60.00 -60.00 0.00112221
-55.00 -60.00 0.00112002
-50.00 -60.00 0.00112074
-45.00 -60.00 0.00111114
-40.00 -60.00 0.00110388
-35.00 -60.00 0.00112965
-30.00 -60.00 0.00120171
-25.00 -60.00 0.00128316
-20.00 -60.00 0.00129675
-15.00 -60.00 0.00118329
-10.00 -60.00 0.00096453
-5.00 -60.00 0.00075012
0.00 -60.00 0.00066999
5.00 -60.00 0.00077655
10.00 -60.00 0.00099258
15.00 -60.00 0.00114882
20.00 -60.00 0.00108993
25.00 -60.00 0.00077628
30.00 -60.00 0.00031128
35.00 -60.00 -0.00012225
40.00 -60.00 -0.00037125
45.00 -60.00 -0.00039318
50.00 -60.00 -0.00026037
55.00 -60.00 -9.768e-05
60.00 -60.00 -5.61e-06
65.00 -60.00 -1.983e-05
70.00 -60.00 -0.00012057
75.00 -60.00 -0.00026682
80.00 -60.00 -0.00042294
85.00 -60.00 -0.00056328
90.00 -60.00 -0.00066519
95.00 -60.00 -0.00070659
100.00 -60.00 -0.00067242
105.00 -60.00 -0.00056337
110.00 -60.00 -0.00039765
115.00 -60.00 -0.00020565
120.00 -60.00 -2.277e-05
125.00 -60.00 0.00011553
130.00 -60.00 0.00017976
135.00 -60.00 0.00015795
140.00 -60.00 6.897e-05
145.00 -60.00 -3.495e-05
150.00 -60.00 -8.757e-05
155.00 -60.00 -4.272e-05
160.00 -60.00 9.996e-05
165.00 -60.00 0.00029865
170.00 -60.00 0.00049959
175.00 -60.00 0.00066855
180.00 -60.00 0.00079827
-180.00 -55.00 0.00063906
-175.00 -55.00 0.00055476
-170.00 -55.00 0.0004956
-165.00 -55.00 0.00048318
-160.00 -55.00 0.0004785
-155.00 -55.00 0.00042933
-150.00 -55.00 0.0003219
-145.00 -55.00 0.000198
-140.00 -55.00 0.00012132
-135.00 -55.00 0.00011772
-130.00 -55.00 0.00014412
-125.00 -55.00 0.00012645
-120.00 -55.00 4.233e-05
-115.00 -55.00 -3.234e-05
-110.00 -55.00 2.634e-05
-105.00 -55.00 0.00027567
-100.00 -55.00 0.00063768
-95.00 -55.00 0.00095046
-90.00 -55.00 0.00109533
-85.00 -55.00 0.00107841
-80.00 -55.00 0.00099537
-75.00 -55.00 0.00093282
-70.00 -55.00 0.00091215
-65.00 -55.00 0.00091518
-60.00 -55.00 0.00093045
-55.00 -55.00 0.00095589
-50.00 -55.00 0.00097353
-45.00 -55.00 0.00096075
-40.00 -55.00 0.00094323
-35.00 -55.00 0.00101052
-30.00 -55.00 0.0012351
-25.00 -55.00 0.00155682
-20.00 -55.00 0.00176973
-15.00 -55.00 0.00166509
-10.00 -55.00 0.0012213
-5.00 -55.00 0.00066372
0.00 -55.00 0.00032313
5.00 -55.00 0.00039675
10.00 -55.00 0.00079638
15.00 -55.00 0.00119871
20.00 -55.00 0.00126192
25.00 -55.00 0.00085581
30.00 -55.00 0.00014544
35.00 -55.00 -0.00052755
40.00 -55.00 -0.00087459
45.00 -55.00 -0.00083154
50.00 -55.00 -0.00055581
55.00 -55.00 -0.00027687
60.00 -55.00 -0.00013593
65.00 -55.00 -0.00013374
70.00 -55.00 -0.00019353
75.00 -55.00 -0.00025173
80.00 -55.00 -0.00029193
85.00 -55.00 -0.00031518
90.00 -55.00 -0.00030345
95.00 -55.00 -0.00022443
100.00 -55.00 -6.864e-05
105.00 -55.00 0.00012573
110.00 -55.00 0.00029022
115.00 -55.00 0.00037029
120.00 -55.00 0.0003543
125.00 -55.00 0.00026223
130.00 -55.00 0.00011124
135.00 -55.00 -9.708e-05
140.00 -55.00 -0.00034737
145.00 -55.00 -0.00057156
150.00 -55.00 -0.0006579
155.00 -55.00 -0.0005226
160.00 -55.00 -0.0001869
165.00 -55.00 0.0002178
170.00 -55.00 0.00053058
175.00 -55.00 0.00066279
180.00 -55.00 0.00063906
-180.00 -50.00 0.00024993
-175.00 -50.00 -5.004e-05
-170.00 -50.00 -0.00030852
-165.00 -50.00 -0.00042327
-160.00 -50.00 -0.00041502
-155.00 -50.00 -0.00039996
-150.00 -50.00 -0.00048687
-145.00 -50.00 -0.00067494
-140.00 -50.00 -0.00084933
-135.00 -50.00 -0.00089181
-130.00 -50.00 -0.00080007
-125.00 -50.00 -0.00068046
-120.00 -50.00 -0.00060783
-115.00 -50.00 -0.00051147
-110.00 -50.00 -0.0002412
-105.00 -50.00 0.00023538
-100.00 -50.00 0.00073359
-95.00 -50.00 0.00099582
-90.00 -50.00 0.00094713
-85.00 -50.00 0.00077616
-80.00 -50.00 0.00073752
-75.00 -50.00 0.00089268
-70.00 -50.00 0.00108138
-65.00 -50.00 0.00114126
-60.00 -50.00 0.00109626
-55.00 -50.00 0.00108684
-50.00 -50.00 0.00115311
-45.00 -50.00 0.0011739
-40.00 -50.00 0.00105291
-35.00 -50.00 0.00089958
-30.00 -50.00 0.00093567
-25.00 -50.00 0.00120591
-20.00 -50.00 0.00144321
-15.00 -50.00 0.0012828
-10.00 -50.00 0.00062421
-5.00 -50.00 -0.00022281
0.00 -50.00 -0.0007467
5.00 -50.00 -0.00060846
10.00 -50.00 0.00011109
15.00 -50.00 0.00095193
20.00 -50.00 0.00136656
25.00 -50.00 0.00107844
30.00 -50.00 0.00026619
35.00 -50.00 -0.00057366
40.00 -50.00 -0.00099339
45.00 -50.00 -0.00089793
50.00 -50.00 -0.00054264
55.00 -50.00 -0.00025863
60.00 -50.00 -0.00017832
65.00 -50.00 -0.00019656
70.00 -50.00 -0.00015108
75.00 -50.00 -3.63e-06
80.00 -50.00 0.00015528
85.00 -50.00 0.00024318
90.00 -50.00 0.00028866
95.00 -50.00 0.00039021
100.00 -50.00 0.0005916
105.00 -50.00 0.00081543
110.00 -50.00 0.00092253
115.00 -50.00 0.00083799
120.00 -50.00 0.00062367
125.00 -50.00 0.00042387
130.00 -50.00 0.0003273
135.00 -50.00 0.00027966
140.00 -50.00 0.00014781
145.00 -50.00 -0.00011796
150.00 -50.00 -0.00039654
155.00 -50.00 -0.00048885
160.00 -50.00 -0.00030342
165.00 -50.00 5.193e-05
170.00 -50.00 0.00035286
175.00 -50.00 0.00042507
180.00 -50.00 0.00024993
-180.00 -45.00 0.0003321
-175.00 -45.00 -5.7e-07
-170.00 -45.00 -0.00043308
-165.00 -45.00 -0.00072459
-160.00 -45.00 -0.00079227
-155.00 -45.00 -0.00079221
-150.00 -45.00 -0.00095061
-145.00 -45.00 -0.00130269
-140.00 -45.00 -0.00162294
-135.00 -45.00 -0.00164157
-130.00 -45.00 -0.00132261
-125.00 -45.00 -0.00089178
-120.00 -45.00 -0.00057264
-115.00 -45.00 -0.00033483
-110.00 -45.00 3.246e-05
-105.00 -45.00 0.00059409
-100.00 -45.00 0.0011019
-95.00 -45.00 0.00124326
-90.00 -45.00 0.00104505
-85.00 -45.00 0.00092142
-80.00 -45.00 0.00123777
-75.00 -45.00 0.00186783
-70.00 -45.00 0.00229368
-65.00 -45.00 0.00217749
-60.00 -45.00 0.00173979
-55.00 -45.00 0.00147807
-50.00 -45.00 0.00156012
-45.00 -45.00 0.0016404
-40.00 -45.00 0.00132444
-35.00 -45.00 0.00068952
-30.00 -45.00 0.0002073
-25.00 -45.00 0.00017781
-20.00 -45.00 0.00037965
-15.00 -45.00 0.00032991
-10.00 -45.00 -0.00019869
-5.00 -45.00 -0.00097323
0.00 -45.00 -0.00152562
5.00 -45.00 -0.00150075
10.00 -45.00 -0.00087321
15.00 -45.00 1.239e-05
20.00 -45.00 0.00059814
25.00 -45.00 0.00047292
30.00 -45.00 -0.00028194
35.00 -45.00 -0.00111675
40.00 -45.00 -0.00146709
45.00 -45.00 -0.00122727
50.00 -45.00 -0.00077844
55.00 -45.00 -0.00056808
60.00 -45.00 -0.00068877
65.00 -45.00 -0.00086457
70.00 -45.00 -0.00080307
75.00 -45.00 -0.00050472
80.00 -45.00 -0.00021147
85.00 -45.00 -9.765e-05
90.00 -45.00 -7.719e-05
95.00 -45.00 7.386e-05
100.00 -45.00 0.00044853
105.00 -45.00 0.00089139
110.00 -45.00 0.00113004
115.00 -45.00 0.00101754
120.00 -45.00 0.00067794
125.00 -45.00 0.00042513
130.00 -45.00 0.00049407
135.00 -45.00 0.00081021
140.00 -45.00 0.00104103
145.00 -45.00 0.00090882
150.00 -45.00 0.00045099
155.00 -45.00 -3.099e-05
160.00 -45.00 -0.00024681
165.00 -45.00 -0.00012903
170.00 -45.00 0.00016452
175.00 -45.00 0.00038235
180.00 -45.00 0.0003321
-180.00 -40.00 0.0007356
-175.00 -40.00 0.00042036
-170.00 -40.00 -0.00019191
-165.00 -40.00 -0.00059571
-160.00 -40.00 -0.00053205
-155.00 -40.00 -0.00026682
-150.00 -40.00 -0.00026331
-145.00 -40.00 -0.00064206
-140.00 -40.00 -0.00104841
-135.00 -40.00 -0.00104991
-130.00 -40.00 -0.00059826
-125.00 -40.00 -5.301e-05
-120.00 -40.00 0.00023493
-115.00 -40.00 0.00029538
-110.00 -40.00 0.00043596
-105.00 -40.00 0.00079581
-100.00 -40.00 0.00112386
-95.00 -40.00 0.00110289
-90.00 -40.00 0.00084597
-85.00 -40.00 0.00089418
-80.00 -40.00 0.00159522
-75.00 -40.00 0.00256185
-70.00 -40.00 0.00295044
-65.00 -40.00 0.00236469
-60.00 -40.00 0.00134553
-55.00 -40.00 0.00079752
-50.00 -40.00 0.00097749
-45.00 -40.00 0.00125397
-40.00 -40.00 0.00091809
-35.00 -40.00 2.934e-05
-30.00 -40.00 -0.00071532
-25.00 -40.00 -0.00082983
-20.00 -40.00 -0.00051189
-15.00 -40.00 -0.00028026
-10.00 -40.00 -0.00040923
-5.00 -40.00 -0.00083706
0.00 -40.00 -0.00139185
5.00 -40.00 -0.00186144
10.00 -40.00 -0.00197205
15.00 -40.00 -0.00161268
20.00 -40.00 -0.00110904
25.00 -40.00 -0.00101634
30.00 -40.00 -0.00151074
35.00 -40.00 -0.0021324
40.00 -40.00 -0.00226068
45.00 -40.00 -0.00177594
50.00 -40.00 -0.00115449
55.00 -40.00 -0.00094116
60.00 -40.00 -0.00120681
65.00 -40.00 -0.00153942
70.00 -40.00 -0.00152982
75.00 -40.00 -0.00120345
80.00 -40.00 -0.00092613
85.00 -40.00 -0.00092388
90.00 -40.00 -0.00100863
95.00 -40.00 -0.00081246
100.00 -40.00 -0.00020298
105.00 -40.00 0.00058437
110.00 -40.00 0.00115155
115.00 -40.00 0.00123702
120.00 -40.00 0.00091101
125.00 -40.00 0.00055341
130.00 -40.00 0.00056172
135.00 -40.00 0.00098463
140.00 -40.00 0.00146508
145.00 -40.00 0.00158607
150.00 -40.00 0.00123495
155.00 -40.00 0.00062853
160.00 -40.00 9.792e-05
165.00 -40.00 -9.375e-05
170.00 -40.00 0.00012858
175.00 -40.00 0.00054798
180.00 -40.00 0.0007356
-180.00 -35.00 0.00082941
-175.00 -35.00 0.0003573
-170.00 -35.00 -0.00059481
-165.00 -35.00 -0.00113292
-160.00 -35.00 -0.00079845
-155.00 -35.00 -5.568e-05
-150.00 -35.00 0.00033081
-145.00 -35.00 0.00015381
-140.00 -35.00 -0.00014532
-135.00 -35.00 -8.547e-05
-130.00 -35.00 0.00034125
-125.00 -35.00 0.00074961
-120.00 -35.00 0.00082671
-115.00 -35.00 0.00064095
-110.00 -35.00 0.00049587
-105.00 -35.00 0.00053595
-100.00 -35.00 0.00058185
-95.00 -35.00 0.00041265
-90.00 -35.00 0.00016626
-85.00 -35.00 0.00030285
-80.00 -35.00 0.00103227
-75.00 -35.00 0.00184743
-70.00 -35.00 0.00188295
-65.00 -35.00 0.00087672
-60.00 -35.00 -0.00040092
-55.00 -35.00 -0.00091218
-50.00 -35.00 -0.00048114
-45.00 -35.00 8.928e-05
-40.00 -35.00 3.669e-05
-35.00 -35.00 -0.00051501
-30.00 -35.00 -0.00088197
-25.00 -35.00 -0.00074058
-20.00 -35.00 -0.00039702
-15.00 -35.00 -0.00023199
-10.00 -35.00 -0.00029325
-5.00 -35.00 -0.00056394
0.00 -35.00 -0.0012231
5.00 -35.00 -0.00227658
10.00 -35.00 -0.0031803
15.00 -35.00 -0.00330756
20.00 -35.00 -0.00275754
25.00 -35.00 -0.00228513
30.00 -35.00 -0.00236607
35.00 -35.00 -0.00267543
40.00 -35.00 -0.00260286
45.00 -35.00 -0.00200712
50.00 -35.00 -0.00130599
55.00 -35.00 -0.00097824
60.00 -35.00 -0.00109701
65.00 -35.00 -0.00130362
70.00 -35.00 -0.00121761
75.00 -35.00 -0.00087507
80.00 -35.00 -0.00066675
85.00 -35.00 -0.00080976
90.00 -35.00 -0.00104517
95.00 -35.00 -0.00095382
100.00 -35.00 -0.00041256
105.00 -35.00 0.00036423
110.00 -35.00 0.00106023
115.00 -35.00 0.00141585
120.00 -35.00 0.00134022
125.00 -35.00 0.0010329
130.00 -35.00 0.00087186
135.00 -35.00 0.00104532
140.00 -35.00 0.00138267
145.00 -35.00 0.0015975
150.00 -35.00 0.00153924
155.00 -35.00 0.00117249
160.00 -35.00 0.00057126
165.00 -35.00 5.925e-05
170.00 -35.00 5.802e-05
175.00 -35.00 0.00053565
180.00 -35.00 0.00082941
-180.00 -30.00 0.00062109
-175.00 -30.00 0.00010992
-170.00 -30.00 -0.00111393
-165.00 -30.00 -0.00187533
-160.00 -30.00 -0.00160728
-155.00 -30.00 -0.00088653
-150.00 -30.00 -0.00050331
-145.00 -30.00 -0.00054135
-140.00 -30.00 -0.00055776
-135.00 -30.00 -0.00028038
-130.00 -30.00 0.00015741
-125.00 -30.00 0.00049683
-120.00 -30.00 0.00061254
-115.00 -30.00 0.00051552
-110.00 -30.00 0.00026934
-105.00 -30.00 -3.72e-05
-100.00 -30.00 -0.00031182
-95.00 -30.00 -0.00049509
-90.00 -30.00 -0.00051876
-85.00 -30.00 -0.00025194
-80.00 -30.00 0.00032052
-75.00 -30.00 0.00081165
-70.00 -30.00 0.00062106
-65.00 -30.00 -0.00034008
-60.00 -30.00 -0.00133542
-55.00 -30.00 -0.00154713
-50.00 -30.00 -0.00100452
-45.00 -30.00 -0.00043803
-40.00 -30.00 -0.00030051
-35.00 -30.00 -0.00033252
-30.00 -30.00 -0.00014994
-25.00 -30.00 0.0001257
-20.00 -30.00 9.102e-05
-15.00 -30.00 -0.00029745
-10.00 -30.00 -0.00070176
-5.00 -30.00 -0.00104775
0.00 -30.00 -0.00174399
5.00 -30.00 -0.00295563
10.00 -30.00 -0.00402798
15.00 -30.00 -0.00415026
20.00 -30.00 -0.0034167
25.00 -30.00 -0.00268296
30.00 -30.00 -0.00244905
35.00 -30.00 -0.00242907
40.00 -30.00 -0.00220332
45.00 -30.00 -0.00175092
50.00 -30.00 -0.00126513
55.00 -30.00 -0.00087447
60.00 -30.00 -0.0006288
65.00 -30.00 -0.00047439
70.00 -30.00 -0.0002586
75.00 -30.00 3.228e-05
80.00 -30.00 0.00017421
85.00 -30.00 4.419e-05
90.00 -30.00 -0.00014718
95.00 -30.00 -0.00015903
100.00 -30.00 -1.155e-05
105.00 -30.00 0.00020979
110.00 -30.00 0.00055002
115.00 -30.00 0.00098121
120.00 -30.00 0.00128532
125.00 -30.00 0.00134073
130.00 -30.00 0.00127875
135.00 -30.00 0.00121956
140.00 -30.00 0.00112992
145.00 -30.00 0.00103269
150.00 -30.00 0.00100413
155.00 -30.00 0.00086499
160.00 -30.00 0.00032514
165.00 -30.00 -0.00037953
170.00 -30.00 -0.00051687
175.00 -30.00 0.00010827
180.00 -30.00 0.00062109
-180.00 -25.00 0.00017346
-175.00 -25.00 2.094e-05
-170.00 -25.00 -0.00092157
-165.00 -25.00 -0.00163083
-160.00 -25.00 -0.00173832
-155.00 -25.00 -0.00174129
-150.00 -25.00 -0.00196368
-145.00 -25.00 -0.00209403
-140.00 -25.00 -0.00182601
-135.00 -25.00 -0.00133257
-130.00 -25.00 -0.00089436
-125.00 -25.00 -0.00049218
-120.00 -25.00 -5.043e-05
-115.00 -25.00 0.00017805
-110.00 -25.00 -0.0001641
-105.00 -25.00 -0.00095094
-100.00 -25.00 -0.0015459
-95.00 -25.00 -0.00150285
-90.00 -25.00 -0.00100758
-85.00 -25.00 -0.00044016
-80.00 -25.00 0.00011184
-75.00 -25.00 0.00057549
-70.00 -25.00 0.00059112
-65.00 -25.00 3.114e-05
-60.00 -25.00 -0.00054456
-55.00 -25.00 -0.00054915
-50.00 -25.00 -0.0001884
-45.00 -25.00 -4.755e-05
-40.00 -25.00 -0.00016212
-35.00 -25.00 -0.00011652
-30.00 -25.00 0.00013353
-25.00 -25.00 0.00013932
-20.00 -25.00 -0.00035589
-15.00 -25.00 -0.00104616
-10.00 -25.00 -0.00150387
-5.00 -25.00 -0.00177645
0.00 -25.00 -0.00230814
5.00 -25.00 -0.00321567
10.00 -25.00 -0.00393012
15.00 -25.00 -0.00388257
20.00 -25.00 -0.00329394
25.00 -25.00 -0.00278829
30.00 -25.00 -0.00246192
35.00 -25.00 -0.00198054
40.00 -25.00 -0.00138747
45.00 -25.00 -0.00105414
50.00 -25.00 -0.00094212
55.00 -25.00 -0.00065007
60.00 -25.00 -0.0001299
65.00 -25.00 0.00027291
70.00 -25.00 0.00040065
75.00 -25.00 0.00039231
80.00 -25.00 0.00036681
85.00 -25.00 0.00039507
90.00 -25.00 0.00055398
95.00 -25.00 0.00070743
100.00 -25.00 0.00055647
105.00 -25.00 0.00014832
110.00 -25.00 -4.779e-05
115.00 -25.00 0.00022683
120.00 -25.00 0.00071598
125.00 -25.00 0.00110466
130.00 -25.00 0.00131823
135.00 -25.00 0.00126885
140.00 -25.00 0.00083241
145.00 -25.00 0.00021921
150.00 -25.00 -0.00016773
155.00 -25.00 -0.00038826
160.00 -25.00 -0.00088476
165.00 -25.00 -0.00155046
170.00 -25.00 -0.00158469
175.00 -25.00 -0.00070074
180.00 -25.00 0.00017343
-180.00 -20.00 -0.00089796
-175.00 -20.00 -0.00085899
-170.00 -20.00 -0.00108492
-165.00 -20.00 -0.00114267
-160.00 -20.00 -0.00126921
-155.00 -20.00 -0.00184587
-150.00 -20.00 -0.00253218
-145.00 -20.00 -0.00265788
-140.00 -20.00 -0.00222648
-135.00 -20.00 -0.00183363
-130.00 -20.00 -0.00168957
-125.00 -20.00 -0.00136929
-120.00 -20.00 -0.0006639
-115.00 -20.00 -0.00018165
-110.00 -20.00 -0.00067176
-105.00 -20.00 -0.00187104
-100.00 -20.00 -0.00257757
-95.00 -20.00 -0.00210666
-90.00 -20.00 -0.00109956
-85.00 -20.00 -0.0004311
-80.00 -20.00 -2.436e-05
-75.00 -20.00 0.00049917
-70.00 -20.00 0.00077802
-65.00 -20.00 0.00038907
-60.00 -20.00 -0.00011088
-55.00 -20.00 8.49e-06
-50.00 -20.00 0.00039111
-45.00 -20.00 0.00026019
-40.00 -20.00 -0.00025416
-35.00 -20.00 -0.0005259
-30.00 -20.00 -0.00059532
-25.00 -20.00 -0.00092091
-20.00 -20.00 -0.00144786
-15.00 -20.00 -0.00176436
-10.00 -20.00 -0.00184182
-5.00 -20.00 -0.00202257
0.00 -20.00 -0.0024837
5.00 -20.00 -0.00303066
10.00 -20.00 -0.00332688
15.00 -20.00 -0.00327894
20.00 -20.00 -0.00315204
25.00 -20.00 -0.00308313
30.00 -20.00 -0.00267594
35.00 -20.00 -0.00161649
40.00 -20.00 -0.00045288
45.00 -20.00 4.74e-06
50.00 -20.00 -0.0001332
55.00 -20.00 -7.812e-05
60.00 -20.00 0.00040203
65.00 -20.00 0.00079851
70.00 -20.00 0.00074541
75.00 -20.00 0.00040272
80.00 -20.00 0.00012228
85.00 -20.00 0.00019326
90.00 -20.00 0.00065367
95.00 -20.00 0.00107523
100.00 -20.00 0.00092799
105.00 -20.00 0.00032478
110.00 -20.00 -6.369e-05
115.00 -20.00 9.573e-05
120.00 -20.00 0.00050871
125.00 -20.00 0.00084918
130.00 -20.00 0.00105204
135.00 -20.00 0.00099918
140.00 -20.00 0.00051657
145.00 -20.00 -0.00023073
150.00 -20.00 -0.00084993
155.00 -20.00 -0.00128946
160.00 -20.00 -0.00180009
165.00 -20.00 -0.00227109
170.00 -20.00 -0.00219582
175.00 -20.00 -0.00151299
180.00 -20.00 -0.00089796
-180.00 -15.00 -0.00221613
-175.00 -15.00 -0.00272433
-170.00 -15.00 -0.00250524
-165.00 -15.00 -0.00173607
-160.00 -15.00 -0.00136551
-155.00 -15.00 -0.00175899
-150.00 -15.00 -0.00218529
-145.00 -15.00 -0.00197706
-140.00 -15.00 -0.0015129
-135.00 -15.00 -0.00151308
-130.00 -15.00 -0.00187323
-125.00 -15.00 -0.00182361
-120.00 -15.00 -0.00108993
-115.00 -15.00 -0.00042675
-110.00 -15.00 -0.00075348
-105.00 -15.00 -0.00182004
-100.00 -15.00 -0.00225627
-95.00 -15.00 -0.00136935
-90.00 -15.00 -0.00019245
-85.00 -15.00 9.921e-05
-80.00 -15.00 -8.208e-05
-75.00 -15.00 0.00013077
-70.00 -15.00 0.00025692
-65.00 -15.00 -0.00046167
-60.00 -15.00 -0.00120336
-55.00 -15.00 -0.00077259
-50.00 -15.00 0.00022443
-45.00 -15.00 0.00035742
-40.00 -15.00 -0.0003465
-35.00 -15.00 -0.00088422
-30.00 -15.00 -0.00110373
-25.00 -15.00 -0.00142983
-20.00 -15.00 -0.00169398
-15.00 -15.00 -0.00162771
-10.00 -15.00 -0.0016728
-5.00 -15.00 -0.00223713
0.00 -15.00 -0.00291309
5.00 -15.00 -0.00315282
10.00 -15.00 -0.00304356
15.00 -15.00 -0.00298713
20.00 -15.00 -0.00310578
25.00 -15.00 -0.00310662
30.00 -15.00 -0.00249783
35.00 -15.00 -0.00115437
40.00 -15.00 0.00024594
45.00 -15.00 0.00083205
50.00 -15.00 0.00060159
55.00 -15.00 0.0003135
60.00 -15.00 0.00042399
65.00 -15.00 0.00071709
70.00 -15.00 0.00082863
75.00 -15.00 0.00063012
80.00 -15.00 0.00027834
85.00 -15.00 0.00016167
90.00 -15.00 0.00049848
95.00 -15.00 0.00091704
100.00 -15.00 0.00086922
105.00 -15.00 0.00042198
110.00 -15.00 0.00014868
115.00 -15.00 0.00033138
120.00 -15.00 0.00071895
125.00 -15.00 0.00094056
130.00 -15.00 0.00081603
135.00 -15.00 0.00042006
140.00 -15.00 3.267e-05
145.00 -15.00 -0.00017307
150.00 -15.00 -0.00041577
155.00 -15.00 -0.00097725
160.00 -15.00 -0.00164505
165.00 -15.00 -0.00190635
170.00 -15.00 -0.00173109
175.00 -15.00 -0.00171396
180.00 -15.00 -0.00221613
-180.00 -10.00 -0.00255276
-175.00 -10.00 -0.00369264
-170.00 -10.00 -0.00353331
-165.00 -10.00 -0.00249927
-160.00 -10.00 -0.0018405
-155.00 -10.00 -0.00186171
-150.00 -10.00 -0.00179532
-145.00 -10.00 -0.00126243
-140.00 -10.00 -0.00087021
-135.00 -10.00 -0.0011523
-130.00 -10.00 -0.00173289
-125.00 -10.00 -0.00185916
-120.00 -10.00 -0.001281
-115.00 -10.00 -0.00049872
-110.00 -10.00 -0.0002985
-105.00 -10.00 -0.00075162
-100.00 -10.00 -0.00082242
-95.00 -10.00 0.00021501
-90.00 -10.00 0.00137298
-85.00 -10.00 0.0013191
-80.00 -10.00 0.00052293
-75.00 -10.00 0.0001905
-70.00 -10.00 -6.954e-05
-65.00 -10.00 -0.00116058
-60.00 -10.00 -0.00207174
-55.00 -10.00 -0.00127635
-50.00 -10.00 0.00035043
-45.00 -10.00 0.00074757
-40.00 -10.00 -0.0001164
-35.00 -10.00 -0.00074739
-30.00 -10.00 -0.00077583
-25.00 -10.00 -0.00084462
-20.00 -10.00 -0.00099654
-15.00 -10.00 -0.00108759
-10.00 -10.00 -0.00163125
-5.00 -10.00 -0.00275115
0.00 -10.00 -0.00349851
5.00 -10.00 -0.00327693
10.00 -10.00 -0.00276204
15.00 -10.00 -0.00269838
20.00 -10.00 -0.00286731
25.00 -10.00 -0.002682
30.00 -10.00 -0.00194343
35.00 -10.00 -0.00083241
40.00 -10.00 0.00022788
45.00 -10.00 0.00072729
50.00 -10.00 0.00049884
55.00 -10.00 -7.506e-05
60.00 -10.00 -0.00041298
65.00 -10.00 -0.00019848
70.00 -10.00 0.00039267
75.00 -10.00 0.00082305
80.00 -10.00 0.00075834
85.00 -10.00 0.00048075
90.00 -10.00 0.00045285
95.00 -10.00 0.00064101
100.00 -10.00 0.00064116
105.00 -10.00 0.00028299
110.00 -10.00 -0.00016584
115.00 -10.00 -0.00022842
120.00 -10.00 0.00030825
125.00 -10.00 0.00089862
130.00 -10.00 0.00064788
135.00 -10.00 -0.00034029
140.00 -10.00 -0.00079662
145.00 -10.00 -0.00016437
150.00 -10.00 0.00035352
155.00 -10.00 -0.00037908
160.00 -10.00 -0.00158079
165.00 -10.00 -0.00179697
170.00 -10.00 -0.00121047
175.00 -10.00 -0.00130647
180.00 -10.00 -0.00255276
-180.00 -5.00 -0.00176319
-175.00 -5.00 -0.00266535
-170.00 -5.00 -0.00263868
-165.00 -5.00 -0.00201993
-160.00 -5.00 -0.00176232
-155.00 -5.00 -0.00189276
-150.00 -5.00 -0.00170949
-145.00 -5.00 -0.00111882
-140.00 -5.00 -0.00077343
-135.00 -5.00 -0.00095547
-130.00 -5.00 -0.00126033
-125.00 -5.00 -0.00132369
-120.00 -5.00 -0.00105615
-115.00 -5.00 -0.00047481
-110.00 -5.00 3.162e-05
-105.00 -5.00 -6.6e-07
-100.00 -5.00 -6.231e-05
-95.00 -5.00 0.00080766
-90.00 -5.00 0.0021132
-85.00 -5.00 0.00232362
-80.00 -5.00 0.00139542
-75.00 -5.00 0.00064587
-70.00 -5.00 0.00020301
-65.00 -5.00 -0.0007506
-60.00 -5.00 -0.00152559
-55.00 -5.00 -0.00075501
-50.00 -5.00 0.00072789
-45.00 -5.00 0.00088659
-40.00 -5.00 -0.00019233
-35.00 -5.00 -0.00078906
-30.00 -5.00 -0.00054759
-25.00 -5.00 -0.00042591
-20.00 -5.00 -0.00066528
-15.00 -5.00 -0.00098844
-10.00 -5.00 -0.00166284
-5.00 -5.00 -0.00265257
0.00 -5.00 -0.00300648
5.00 -5.00 -0.00238041
10.00 -5.00 -0.00182343
15.00 -5.00 -0.00212808
20.00 -5.00 -0.0026862
25.00 -5.00 -0.00261798
30.00 -5.00 -0.00191859
35.00 -5.00 -0.00106512
40.00 -5.00 -0.00036228
45.00 -5.00 2.103e-05
50.00 -5.00 -5.955e-05
55.00 -5.00 -0.00052347
60.00 -5.00 -0.00093933
65.00 -5.00 -0.00079563
70.00 -5.00 -2.172e-05
75.00 -5.00 0.00084555
80.00 -5.00 0.00121746
85.00 -5.00 0.00107811
90.00 -5.00 0.00086562
95.00 -5.00 0.000885
100.00 -5.00 0.0009459
105.00 -5.00 0.00049722
110.00 -5.00 -0.00061491
115.00 -5.00 -0.00143865
120.00 -5.00 -0.000846
125.00 -5.00 0.00050328
130.00 -5.00 0.00059736
135.00 -5.00 -0.00082296
140.00 -5.00 -0.00152817
145.00 -5.00 -0.00034803
150.00 -5.00 0.00071112
155.00 -5.00 -0.00038784
160.00 -5.00 -0.00244155
165.00 -5.00 -0.00294543
170.00 -5.00 -0.00182172
175.00 -5.00 -0.00110805
180.00 -5.00 -0.00176319
-180.00 0.00 -0.00098475
-175.00 0.00 -0.00113859
-170.00 0.00 -0.00115845
-165.00 0.00 -0.00118827
-160.00 0.00 -0.00159372
-155.00 0.00 -0.0020466
-150.00 0.00 -0.00188355
-145.00 0.00 -0.00119025
-140.00 0.00 -0.00068355
-135.00 0.00 -0.00055995
-130.00 0.00 -0.00044154
-125.00 0.00 -0.000309
-120.00 0.00 -0.00035874
-115.00 0.00 -0.00032034
-110.00 0.00 -7.869e-05
-105.00 0.00 -0.00016308
-100.00 0.00 -0.0004635
-95.00 0.00 0.00015081
-90.00 0.00 0.0017079
-85.00 0.00 0.00248028
-80.00 0.00 0.00166707
-75.00 0.00 0.00057267
-70.00 0.00 0.00013074
-65.00 0.00 -0.00026355
-60.00 0.00 -0.00073176
-55.00 0.00 -0.00045126
-50.00 0.00 0.00026649
-45.00 0.00 0.00012366
-40.00 0.00 -0.00075105
-35.00 0.00 -0.00104409
-30.00 0.00 -0.0006795
-25.00 0.00 -0.00067119
-20.00 0.00 -0.00110268
-15.00 0.00 -0.00131397
-10.00 0.00 -0.00134571
-5.00 0.00 -0.0015111
0.00 0.00 -0.00145917
5.00 0.00 -0.00100602
10.00 0.00 -0.00090756
15.00 0.00 -0.00174078
20.00 0.00 -0.00286164
25.00 0.00 -0.00321711
30.00 0.00 -0.00257064
35.00 0.00 -0.00151509
40.00 0.00 -0.00071583
45.00 0.00 -0.00038067
50.00 0.00 -0.00029634
55.00 0.00 -0.00024324
60.00 0.00 -0.00021102
65.00 0.00 -0.00014724
70.00 0.00 0.00018249
75.00 0.00 0.00084279
80.00 0.00 0.00147738
85.00 0.00 0.00166629
90.00 0.00 0.00147297
95.00 0.00 0.00139785
100.00 0.00 0.00154788
105.00 0.00 0.00112404
110.00 0.00 -0.00042576
115.00 0.00 -0.00187527
120.00 0.00 -0.00141219
125.00 0.00 0.00037173
130.00 0.00 0.00084141
135.00 0.00 -0.00061086
140.00 0.00 -0.00146019
145.00 0.00 -0.00026562
150.00 0.00 0.0007974
155.00 0.00 -0.0005346
160.00 0.00 -0.00300114
165.00 0.00 -0.00385428
170.00 0.00 -0.00270567
175.00 0.00 -0.00136074
180.00 0.00 -0.00098475
-180.00 5.00 -0.00068865
-175.00 5.00 -0.00057219
-170.00 5.00 -0.00080589
-165.00 5.00 -0.00132087
-160.00 5.00 -0.00202365
-155.00 5.00 -0.00248514
-150.00 5.00 -0.00214677
-145.00 5.00 -0.00118254
-140.00 5.00 -0.00044793
-135.00 5.00 -0.00020514
-130.00 5.00 7.893e-05
-125.00 5.00 0.00045711
-120.00 5.00 0.00040338
-115.00 5.00 2.721e-05
-110.00 5.00 -0.00015168
-105.00 5.00 -0.00031326
-100.00 5.00 -0.00059724
-95.00 5.00 -0.00013362
-90.00 5.00 0.00136314
-85.00 5.00 0.00231597
-80.00 5.00 0.00152553
-75.00 5.00 0.00015801
-70.00 5.00 -0.00028665
-65.00 5.00 -0.00020115
-60.00 5.00 -0.00047313
-55.00 5.00 -0.00079893
-50.00 5.00 -0.00076425
-45.00 5.00 -0.00076017
-40.00 5.00 -0.00088272
-35.00 5.00 -0.00067071
-30.00 5.00 -0.00038097
-25.00 5.00 -0.00079107
-20.00 5.00 -0.00162099
-15.00 5.00 -0.00178443
-10.00 5.00 -0.00113598
-5.00 5.00 -0.00055791
0.00 5.00 -0.00051213
5.00 5.00 -0.00070857
10.00 5.00 -0.0010296
15.00 5.00 -0.00176733
20.00 5.00 -0.00285078
25.00 5.00 -0.00348369
30.00 5.00 -0.00294165
35.00 5.00 -0.0015819
40.00 5.00 -0.00056985
45.00 5.00 -0.00043611
50.00 5.00 -0.00049788
55.00 5.00 -7.77e-05
60.00 5.00 0.00044853
65.00 5.00 0.00045252
70.00 5.00 0.00020934
75.00 5.00 0.00043518
80.00 5.00 0.00108798
85.00 5.00 0.00143547
90.00 5.00 0.00122565
95.00 5.00 0.00105879
100.00 5.00 0.00127989
105.00 5.00 0.00115362
110.00 5.00 3.612e-05
115.00 5.00 -0.0010692
120.00 5.00 -0.00063192
125.00 5.00 0.00080349
130.00 5.00 0.00110358
135.00 5.00 -8.973e-05
140.00 5.00 -0.00077892
145.00 5.00 -2.067e-05
150.00 5.00 0.00052254
155.00 5.00 -0.00057204
160.00 5.00 -0.00228252
165.00 5.00 -0.00289191
170.00 5.00 -0.00223395
175.00 5.00 -0.00127254
180.00 5.00 -0.00068865
-180.00 10.00 -0.0005703
-175.00 10.00 -0.0006525
-170.00 10.00 -0.00116121
-165.00 10.00 -0.00176289
-160.00 10.00 -0.00219864
-155.00 10.00 -0.00236115
-150.00 10.00 -0.00195996
-145.00 10.00 -0.00107706
-140.00 10.00 -0.00048441
-135.00 10.00 -0.00046083
-130.00 10.00 -0.00026898
-125.00 10.00 0.00037188
-120.00 10.00 0.00067764
-115.00 10.00 0.0003474
-110.00 10.00 8.58e-05
-105.00 10.00 0.00015528
-100.00 10.00 0.00018306
-95.00 10.00 0.00043593
-90.00 10.00 0.00133599
-85.00 10.00 0.00202362
-80.00 10.00 0.00144981
-75.00 10.00 0.00032721
-70.00 10.00 1.083e-05
-65.00 10.00 0.00025542
-60.00 10.00 -3.408e-05
-55.00 10.00 -0.00076767
-50.00 10.00 -0.00107595
-45.00 10.00 -0.00081861
-40.00 10.00 -0.00038622
-35.00 10.00 3.468e-05
-30.00 10.00 9.567e-05
-25.00 10.00 -0.00071529
-20.00 10.00 -0.00199821
-15.00 10.00 -0.00246372
-10.00 10.00 -0.00166293
-5.00 10.00 -0.00071721
0.00 10.00 -0.00073734
5.00 10.00 -0.00138387
10.00 10.00 -0.00170952
15.00 10.00 -0.00173409
20.00 10.00 -0.00215793
25.00 10.00 -0.00280248
30.00 10.00 -0.00260481
35.00 10.00 -0.00140514
40.00 10.00 -0.00046914
45.00 10.00 -0.00062379
50.00 10.00 -0.00106953
55.00 10.00 -0.00084822
60.00 10.00 -0.00033768
65.00 10.00 -0.00030777
70.00 10.00 -0.00050388
75.00 10.00 -0.00025209
80.00 10.00 0.00026544
85.00 10.00 0.00037374
90.00 10.00 9.183e-05
95.00 10.00 4.044e-05
100.00 10.00 0.00033366
105.00 10.00 0.00039408
110.00 10.00 3.24e-05
115.00 10.00 -5.793e-05
120.00 10.00 0.00056679
125.00 10.00 0.00114963
130.00 10.00 0.00081498
135.00 10.00 1.863e-05
140.00 10.00 -0.00024417
145.00 10.00 -0.00012258
150.00 10.00 -0.00044262
155.00 10.00 -0.00109389
160.00 10.00 -0.00131742
165.00 10.00 -0.00108468
170.00 10.00 -0.00088566
175.00 10.00 -0.00075105
180.00 10.00 -0.0005703
-180.00 15.00 -0.00089928
-175.00 15.00 -0.00103806
-170.00 15.00 -0.00155079
-165.00 15.00 -0.00180552
-160.00 15.00 -0.00155478
-155.00 15.00 -0.00127983
-150.00 15.00 -0.00111405
-145.00 15.00 -0.00086313
-140.00 15.00 -0.00079332
-135.00 15.00 -0.00103695
-130.00 15.00 -0.00091611
-125.00 15.00 -0.00011298
-120.00 15.00 0.00053613
-115.00 15.00 0.00050346
-110.00 15.00 0.00046977
-105.00 15.00 0.00085665
-100.00 15.00 0.00104862
-95.00 15.00 0.00081474
-90.00 15.00 0.00081726
-85.00 15.00 0.00118026
-80.00 15.00 0.00123588
-75.00 15.00 0.00095337
-70.00 15.00 0.0009621
-65.00 15.00 0.0011316
-60.00 15.00 0.00073539
-55.00 15.00 -9.075e-05
-50.00 15.00 -0.00050325
-45.00 15.00 -0.00032769
-40.00 15.00 -7.809e-05
-35.00 15.00 -1.629e-05
-30.00 15.00 -0.00022803
-25.00 15.00 -0.00104022
-20.00 15.00 -0.00232461
-15.00 15.00 -0.00300051
-10.00 15.00 -0.00232281
-5.00 15.00 -0.00116964
0.00 15.00 -0.00094425
5.00 15.00 -0.00158319
10.00 15.00 -0.00186978
15.00 15.00 -0.00150351
20.00 15.00 -0.00142572
25.00 15.00 -0.00195012
30.00 15.00 -0.00209496
35.00 15.00 -0.00132624
40.00 15.00 -0.00056577
45.00 15.00 -0.00069195
50.00 15.00 -0.00125898
55.00 15.00 -0.0014955
60.00 15.00 -0.00142746
65.00 15.00 -0.00125466
70.00 15.00 -0.00074745
75.00 15.00 -1.38e-05
80.00 15.00 0.00021522
85.00 15.00 -0.00022107
90.00 15.00 -0.00045609
95.00 15.00 -4.02e-06
100.00 15.00 0.00039465
105.00 15.00 9.966e-05
110.00 15.00 -0.00022551
115.00 15.00 0.00026064
120.00 15.00 0.00100767
125.00 15.00 0.00088065
130.00 15.00 8.274e-05
135.00 15.00 -0.0002022
140.00 15.00 5.97e-05
145.00 15.00 -0.00030762
150.00 15.00 -0.00141015
155.00 15.00 -0.00183276
160.00 15.00 -0.00103146
165.00 15.00 -0.00027492
170.00 15.00 -0.00046011
175.00 15.00 -0.0008757
180.00 15.00 -0.00089928
-180.00 20.00 -0.0017247
-175.00 20.00 -0.00181746
-170.00 20.00 -0.00227541
-165.00 20.00 -0.00219723
-160.00 20.00 -0.00128811
-155.00 20.00 -0.00049032
-150.00 20.00 -0.00039999
-145.00 20.00 -0.00064011
-140.00 20.00 -0.00088212
-135.00 20.00 -0.0010722
-130.00 20.00 -0.00087375
-125.00 20.00 -0.000147
-120.00 20.00 0.00050685
-115.00 20.00 0.00070668
-110.00 20.00 0.00096213
-105.00 20.00 0.00150096
-100.00 20.00 0.00157737
-95.00 20.00 0.00084585
-90.00 20.00 0.00019908
-85.00 20.00 0.00040149
-80.00 20.00 0.00104427
-75.00 20.00 0.00148314
-70.00 20.00 0.0016692
-65.00 20.00 0.00160929
-60.00 20.00 0.00112527
-55.00 20.00 0.00047343
-50.00 20.00 0.00019935
-45.00 20.00 0.00023118
-40.00 20.00 1.728e-05
-35.00 20.00 -0.00050343
-30.00 20.00 -0.00097701
-25.00 20.00 -0.00146595
-20.00 20.00 -0.00219192
-15.00 20.00 -0.00265635
-10.00 20.00 -0.00214356
-5.00 20.00 -0.00104865
0.00 20.00 -0.00057723
5.00 20.00 -0.00103467
10.00 20.00 -0.00151452
15.00 20.00 -0.00145923
20.00 20.00 -0.00136806
25.00 20.00 -0.00160071
30.00 20.00 -0.00163365
35.00 20.00 -0.00106977
40.00 20.00 -0.00041106
45.00 20.00 -0.00025695
50.00 20.00 -0.00054765
55.00 20.00 -0.00097518
60.00 20.00 -0.00129141
65.00 20.00 -0.00102894
70.00 20.00 3.573e-05
75.00 20.00 0.0010266
80.00 20.00 0.00082713
85.00 20.00 -7.227e-05
90.00 20.00 -4.359e-05
95.00 20.00 0.00110214
100.00 20.00 0.00167364
105.00 20.00 0.00080646
110.00 20.00 -0.00013095
115.00 20.00 0.00015429
120.00 20.00 0.00079962
125.00 20.00 0.00047379
130.00 20.00 -0.00024045
135.00 20.00 -3.81e-05
140.00 20.00 0.00053736
145.00 20.00 -5.058e-05
150.00 20.00 -0.001443
155.00 20.00 -0.00176577
160.00 20.00 -0.00079125
165.00 20.00 -0.00028104
170.00 20.00 -0.00098367
175.00 20.00 -0.00170214
180.00 20.00 -0.0017247
-180.00 25.00 -0.00178212
-175.00 25.00 -0.00203244
-170.00 25.00 -0.00274824
-165.00 25.00 -0.0028788
-160.00 25.00 -0.00191589
-155.00 25.00 -0.00079509
-150.00 25.00 -0.0003876
-145.00 25.00 -0.00046434
-140.00 25.00 -0.00051804
-135.00 25.00 -0.00045366
-130.00 25.00 -0.00025302
-125.00 25.00 0.00012639
-120.00 25.00 0.00051021
-115.00 25.00 0.00081978
-110.00 25.00 0.0012939
-105.00 25.00 0.00184362
-100.00 25.00 0.00182289
-95.00 25.00 0.00106632
-90.00 25.00 0.00043194
-85.00 25.00 0.00067167
-80.00 25.00 0.00144609
-75.00 25.00 0.00198336
-70.00 25.00 0.00201852
-65.00 25.00 0.00166626
-60.00 25.00 0.00108597
-55.00 25.00 0.00062913
-50.00 25.00 0.00063312
-45.00 25.00 0.00080511
-40.00 25.00 0.00047061
-35.00 25.00 -0.00040833
-30.00 25.00 -0.00115386
-25.00 25.00 -0.00140919
-20.00 25.00 -0.00149547
-15.00 25.00 -0.00159558
-10.00 25.00 -0.00139719
-5.00 25.00 -0.00083484
0.00 25.00 -0.00045531
5.00 25.00 -0.00066201
10.00 25.00 -0.00116124
15.00 25.00 -0.0014826
20.00 25.00 -0.00153549
25.00 25.00 -0.00138588
30.00 25.00 -0.0010014
35.00 25.00 -0.00048036
40.00 25.00 -8.655e-05
45.00 25.00 9.066e-05
50.00 25.00 0.0001011
55.00 25.00 -0.00014247
60.00 25.00 -0.00053832
65.00 25.00 -0.00047295
70.00 25.00 0.00032649
75.00 25.00 0.00094242
80.00 25.00 0.00042642
85.00 25.00 -0.00043704
90.00 25.00 1.71e-06
95.00 25.00 0.00161916
100.00 25.00 0.0024345
105.00 25.00 0.00154416
110.00 25.00 0.00040149
115.00 25.00 0.00039801
120.00 25.00 0.00086997
125.00 25.00 0.00070734
130.00 25.00 0.00039384
135.00 25.00 0.00080322
140.00 25.00 0.00119139
145.00 25.00 0.00036186
150.00 25.00 -0.00097452
155.00 25.00 -0.00112005
160.00 25.00 -0.00021798
165.00 25.00 -5.85e-06
170.00 25.00 -0.00093378
175.00 25.00 -0.00171285
180.00 25.00 -0.00178212
-180.00 30.00 -0.00045696
-175.00 30.00 -0.00080211
-170.00 30.00 -0.00175206
-165.00 30.00 -0.00236535
-160.00 30.00 -0.0019458
-155.00 30.00 -0.00101082
-150.00 30.00 -0.0003516
-145.00 30.00 -5.799e-05
-140.00 30.00 0.00011103
-135.00 30.00 0.00015594
-130.00 30.00 3.195e-05
-125.00 30.00 -9.3e-05
-120.00 30.00 -2.052e-05
-115.00 30.00 0.00031902
-110.00 30.00 0.0008601
-105.00 30.00 0.00131622
-100.00 30.00 0.00132783
-95.00 30.00 0.00096972
-90.00 30.00 0.00080985
-85.00 30.00 0.00119397
-80.00 30.00 0.00180411
-75.00 30.00 0.0021381
-70.00 30.00 0.00203673
-65.00 30.00 0.00157668
-60.00 30.00 0.00092373
-55.00 30.00 0.00046863
-50.00 30.00 0.00057156
-45.00 30.00 0.00094044
-40.00 30.00 0.00079299
-35.00 30.00 -9.123e-05
-30.00 30.00 -0.00098415
-25.00 30.00 -0.00118224
-20.00 30.00 -0.00089379
-15.00 30.00 -0.0007767
-10.00 30.00 -0.00098505
-5.00 30.00 -0.00113223
0.00 30.00 -0.00098793
5.00 30.00 -0.00078177
10.00 30.00 -0.00083151
15.00 30.00 -0.00111867
20.00 30.00 -0.00128652
25.00 30.00 -0.00102603
30.00 30.00 -0.00047382
35.00 30.00 -0.00010713
40.00 30.00 -0.0001311
45.00 30.00 -0.00021048
50.00 30.00 -5.487e-05
55.00 30.00 7.152e-05
60.00 30.00 -0.00014061
65.00 30.00 -0.00040485
70.00 30.00 -0.00034722
75.00 30.00 -0.00029718
80.00 30.00 -0.00070878
85.00 30.00 -0.00104832
90.00 30.00 -0.00034791
95.00 30.00 0.0011397
100.00 30.00 0.00201174
105.00 30.00 0.00167742
110.00 30.00 0.00109605
115.00 30.00 0.00114765
120.00 30.00 0.00145212
125.00 30.00 0.00145911
130.00 30.00 0.00152433
135.00 30.00 0.00192156
140.00 30.00 0.00183141
145.00 30.00 0.0005946
150.00 30.00 -0.0007995
155.00 30.00 -0.00090684
160.00 30.00 -1.59e-06
165.00 30.00 0.00041757
170.00 30.00 -5.19e-05
175.00 30.00 -0.00046263
180.00 30.00 -0.00045696
-180.00 35.00 0.00071532
-175.00 35.00 0.00060279
-170.00 35.00 -2.661e-05
-165.00 35.00 -0.00063315
-160.00 35.00 -0.00063732
-155.00 35.00 -0.00014238
-150.00 35.00 0.00038898
-145.00 35.00 0.00070731
-140.00 35.00 0.00074775
-135.00 35.00 0.00043587
-130.00 35.00 -0.00015651
-125.00 35.00 -0.0006867
-120.00 35.00 -0.00081384
-115.00 35.00 -0.00051885
-110.00 35.00 -8.046e-05
-105.00 35.00 0.00019323
-100.00 35.00 0.00021678
-95.00 35.00 0.00018444
-90.00 35.00 0.00034368
-85.00 35.00 0.00070059
-80.00 35.00 0.0010494
-75.00 35.00 0.00125037
-70.00 35.00 0.001275
-65.00 35.00 0.00103425
-60.00 35.00 0.00049581
-55.00 35.00 -1.614e-05
-50.00 35.00 -5.607e-05
-45.00 35.00 0.00027273
-40.00 35.00 0.00030051
-35.00 35.00 -0.00030651
-30.00 35.00 -0.00099975
-25.00 35.00 -0.00106821
-20.00 35.00 -0.00063936
-15.00 35.00 -0.00050478
-10.00 35.00 -0.00102303
-5.00 35.00 -0.00164067
0.00 35.00 -0.00163728
5.00 35.00 -0.00104055
10.00 35.00 -0.00053655
15.00 35.00 -0.00057174
20.00 35.00 -0.00083685
25.00 35.00 -0.00076935
30.00 35.00 -0.00035826
35.00 35.00 -0.00012561
40.00 35.00 -0.00031674
45.00 35.00 -0.00051501
50.00 35.00 -0.00028656
55.00 35.00 0.00014385
60.00 35.00 0.00024738
65.00 35.00 -2.046e-05
70.00 35.00 -0.00025236
75.00 35.00 -0.00025893
80.00 35.00 -0.00018678
85.00 35.00 -2.886e-05
90.00 35.00 0.00041871
95.00 35.00 0.00105234
100.00 35.00 0.00145293
105.00 35.00 0.00150744
110.00 35.00 0.00153801
115.00 35.00 0.00169131
120.00 35.00 0.00176085
125.00 35.00 0.00178215
130.00 35.00 0.00211968
135.00 35.00 0.00261141
140.00 35.00 0.00235404
145.00 35.00 0.00096216
150.00 35.00 -0.00054558
155.00 35.00 -0.00089562
160.00 35.00 -0.00018603
165.00 35.00 0.00046029
170.00 35.00 0.00054678
175.00 35.00 0.00054666
180.00 35.00 0.00071532
-180.00 40.00 0.00057906
-175.00 40.00 0.00067083
-170.00 40.00 0.00064758
-165.00 40.00 0.00058161
-160.00 40.00 0.0006684
-155.00 40.00 0.00092697
-150.00 40.00 0.00120294
-145.00 40.00 0.00132774
-140.00 40.00 0.00116097
-135.00 40.00 0.00063189
-130.00 40.00 -0.0001182
-125.00 40.00 -0.00073449
-120.00 40.00 -0.00092919
-115.00 40.00 -0.0007422
-110.00 40.00 -0.00045822
-105.00 40.00 -0.00029562
-100.00 40.00 -0.00023811
-95.00 40.00 -0.0001617
-90.00 40.00 -4.911e-05
-85.00 40.00 3.3e-06
-80.00 40.00 -1.77e-05
-75.00 40.00 2.691e-05
-70.00 40.00 0.00019599
-65.00 40.00 0.00028368
-60.00 40.00 6.672e-05
-55.00 40.00 -0.00031359
-50.00 40.00 -0.00047541
-45.00 40.00 -0.00034236
-40.00 40.00 -0.00028053
-35.00 40.00 -0.00053958
-30.00 40.00 -0.00082323
-25.00 40.00 -0.00071091
-20.00 40.00 -0.00036261
-15.00 40.00 -0.00042135
-10.00 40.00 -0.0011436
-5.00 40.00 -0.00193998
0.00 40.00 -0.00201102
5.00 40.00 -0.00129414
10.00 40.00 -0.00051216
15.00 40.00 -0.00028572
20.00 40.00 -0.00046218
25.00 40.00 -0.00047334
30.00 40.00 -0.0001536
35.00 40.00 0.00010737
40.00 40.00 9.78e-06
45.00 40.00 -0.00020292
50.00 40.00 -0.00012159
55.00 40.00 0.00024129
60.00 40.00 0.00053931
65.00 40.00 0.0006576
70.00 40.00 0.00086103
75.00 40.00 0.00134115
80.00 40.00 0.00188367
85.00 40.00 0.00210618
90.00 40.00 0.00187629
95.00 40.00 0.00141189
100.00 40.00 0.00107526
105.00 40.00 0.00109227
110.00 40.00 0.00135057
115.00 40.00 0.00148953
120.00 40.00 0.00135282
125.00 40.00 0.00129009
130.00 40.00 0.00171279
135.00 40.00 0.00234645
140.00 40.00 0.00234786
145.00 40.00 0.00137634
150.00 40.00 0.00017274
155.00 40.00 -0.00028008
160.00 40.00 9.435e-05
165.00 40.00 0.00056685
170.00 40.00 0.00065274
175.00 40.00 0.00055242
180.00 40.00 0.00057906
-180.00 45.00 0.00030978
-175.00 45.00 0.00029334
-170.00 45.00 0.00052416
-165.00 45.00 0.00082494
-160.00 45.00 0.00107298
-155.00 45.00 0.0012324
-150.00 45.00 0.00131412
-145.00 45.00 0.0013116
-140.00 45.00 0.00116136
-135.00 45.00 0.00080274
-130.00 45.00 0.00029724
-125.00 45.00 -0.00015945
-120.00 45.00 -0.00038958
-115.00 45.00 -0.0003753
-110.00 45.00 -0.00021933
-105.00 45.00 -1.77e-06
-100.00 45.00 0.0002583
-95.00 45.00 0.00050202
-90.00 45.00 0.00058128
-85.00 45.00 0.0003966
-80.00 45.00 7.152e-05
-75.00 45.00 -0.0001113
-70.00 45.00 -6.57e-06
-65.00 45.00 0.00022077
-60.00 45.00 0.00029688
-55.00 45.00 0.00016551
-50.00 45.00 2.82e-06
-45.00 45.00 -7.299e-05
-40.00 45.00 -0.00014409
-35.00 45.00 -0.00028368
-30.00 45.00 -0.00036846
-25.00 45.00 -0.00027561
-20.00 45.00 -0.00019356
-15.00 45.00 -0.00050142
-10.00 45.00 -0.00125499
-5.00 45.00 -0.00195645
0.00 45.00 -0.00200823
5.00 45.00 -0.00135954
10.00 45.00 -0.00055287
15.00 45.00 -0.00010854
20.00 45.00 -9.42e-06
25.00 45.00 0.00011481
30.00 45.00 0.00041649
35.00 45.00 0.00063792
40.00 45.00 0.00049485
45.00 45.00 6.555e-05
50.00 45.00 -0.00031161
55.00 45.00 -0.00040893
60.00 45.00 -0.00022239
65.00 45.00 0.00022173
70.00 45.00 0.0009528
75.00 45.00 0.00185946
80.00 45.00 0.00254613
85.00 45.00 0.00256767
90.00 45.00 0.00186021
95.00 45.00 0.000888
100.00 45.00 0.00029805
105.00 45.00 0.00037608
110.00 45.00 0.00082041
115.00 45.00 0.00108522
120.00 45.00 0.00097068
125.00 45.00 0.00080853
130.00 45.00 0.00099105
135.00 45.00 0.00140904
140.00 45.00 0.00155109
145.00 45.00 0.00117738
150.00 45.00 0.00067095
155.00 45.00 0.00057081
160.00 45.00 0.00090477
165.00 45.00 0.00119412
170.00 45.00 0.0010647
175.00 45.00 0.00064026
180.00 45.00 0.00030978
-180.00 50.00 0.00094563
-175.00 50.00 0.0008133
-170.00 50.00 0.00094053
-165.00 50.00 0.00114021
-160.00 50.00 0.00122496
-155.00 50.00 0.00114891
-150.00 50.00 0.00100029
-145.00 50.00 0.00088338
-140.00 50.00 0.00081138
-135.00 50.00 0.00070848
-130.00 50.00 0.00050283
-125.00 50.00 0.00020457
-120.00 50.00 -9.846e-05
-115.00 50.00 -0.00029319
-110.00 50.00 -0.00028263
-105.00 50.00 -1.95e-05
-100.00 50.00 0.00044139
-95.00 50.00 0.00091296
-90.00 50.00 0.00115359
-85.00 50.00 0.00104445
-80.00 50.00 0.00070971
-75.00 50.00 0.00042861
-70.00 50.00 0.0003948
-65.00 50.00 0.00056238
-60.00 50.00 0.00073005
-55.00 50.00 0.00074574
-50.00 50.00 0.0006003
-45.00 50.00 0.00035757
-40.00 50.00 7.446e-05
-35.00 50.00 -0.00018711
-30.00 50.00 -0.00034884
-25.00 50.00 -0.00040164
-20.00 50.00 -0.00048036
-15.00 50.00 -0.00075297
-10.00 50.00 -0.00118896
-5.00 50.00 -0.00149988
0.00 50.00 -0.0013914
5.00 50.00 -0.00087441
10.00 50.00 -0.00026745
15.00 50.00 0.00012516
20.00 50.00 0.00028395
25.00 50.00 0.00039102
30.00 50.00 0.00052929
35.00 50.00 0.00055119
40.00 50.00 0.00026118
45.00 50.00 -0.00033354
50.00 50.00 -0.00099249
55.00 50.00 -0.00141954
60.00 50.00 -0.00142626
65.00 50.00 -0.0009723
70.00 50.00 -0.00016815
75.00 50.00 0.00070212
80.00 50.00 0.00123927
85.00 50.00 0.00115626
90.00 50.00 0.00053625
95.00 50.00 -0.00015345
100.00 50.00 -0.00038736
105.00 50.00 1.8e-07
110.00 50.00 0.00069147
115.00 50.00 0.00118812
120.00 50.00 0.00125046
125.00 50.00 0.00103929
130.00 50.00 0.0008487
135.00 50.00 0.00077436
140.00 50.00 0.00070545
145.00 50.00 0.0005955
150.00 50.00 0.00060696
155.00 50.00 0.00091128
160.00 50.00 0.0014097
165.00 50.00 0.00176079
170.00 50.00 0.00170826
175.00 50.00 0.00133023
180.00 50.00 0.00094563
-180.00 55.00 0.00139707
-175.00 55.00 0.00140433
-170.00 55.00 0.00150531
-165.00 55.00 0.00156282
-160.00 55.00 0.00145236
-155.00 55.00 0.00117087
-150.00 55.00 0.00083658
-145.00 55.00 0.00058968
-140.00 55.00 0.00048348
-135.00 55.00 0.00045318
-130.00 55.00 0.00037704
-125.00 55.00 0.00017391
-120.00 55.00 -0.00013368
-115.00 55.00 -0.00042402
-110.00 55.00 -0.0005415
-105.00 55.00 -0.00039069
-100.00 55.00 -1.122e-05
-95.00 55.00 0.0004218
-90.00 55.00 0.00069339
-85.00 55.00 0.00068937
-80.00 55.00 0.00047445
-75.00 55.00 0.00023733
-70.00 55.00 0.0001437
-65.00 55.00 0.00022188
-60.00 55.00 0.00036732
-55.00 55.00 0.00043899
-50.00 55.00 0.00035241
-45.00 55.00 0.00011043
-40.00 55.00 -0.00021486
-35.00 55.00 -0.00051798
-30.00 55.00 -0.00070809
-25.00 55.00 -0.00075999
-20.00 55.00 -0.00072666
-15.00 55.00 -0.00068148
-10.00 55.00 -0.00063645
-5.00 55.00 -0.00053139
0.00 55.00 -0.00032064
5.00 55.00 -6.18e-05
10.00 55.00 0.00010905
15.00 55.00 0.00010314
20.00 55.00 -3.237e-05
25.00 55.00 -0.00016803
30.00 55.00 -0.00023073
35.00 55.00 -0.00027543
40.00 55.00 -0.00041577
45.00 55.00 -0.00069459
50.00 55.00 -0.00102363
55.00 55.00 -0.00123471
60.00 55.00 -0.00118236
65.00 55.00 -0.00082581
70.00 55.00 -0.00026244
75.00 55.00 0.00029454
80.00 55.00 0.00060789
85.00 55.00 0.00055914
90.00 55.00 0.00025296
95.00 55.00 -2.364e-05
100.00 55.00 5.34e-06
105.00 55.00 0.00039858
110.00 55.00 0.00095505
115.00 55.00 0.00137679
120.00 55.00 0.00149079
125.00 55.00 0.00133593
130.00 55.00 0.00106728
135.00 55.00 0.0008115
140.00 55.00 0.00062391
145.00 55.00 0.00054591
150.00 55.00 0.00063696
155.00 55.00 0.00091314
160.00 55.00 0.00127512
165.00 55.00 0.00154548
170.00 55.00 0.00160755
175.00 55.00 0.00150546
180.00 55.00 0.00139707
-180.00 60.00 0.00070431
-175.00 60.00 0.00092619
-170.00 60.00 0.00118923
-165.00 60.00 0.00136938
-160.00 60.00 0.00137469
-155.00 60.00 0.00120417
-150.00 60.00 0.00094551
-145.00 60.00 0.00071439
-140.00 60.00 0.00058047
-135.00 60.00 0.00053142
-130.00 60.00 0.00049626
-125.00 60.00 0.00040521
-120.00 60.00 0.00024327
-115.00 60.00 6.246e-05
-110.00 60.00 -5.343e-05
-105.00 60.00 -4.881e-05
-100.00 60.00 5.853e-05
-95.00 60.00 0.00017961
-90.00 60.00 0.00020823
-85.00 60.00 9.228e-05
-80.00 60.00 -0.00012801
-75.00 60.00 -0.00034515
-70.00 60.00 -0.00045489
-65.00 60.00 -0.00042093
-60.00 60.00 -0.00029091
-55.00 60.00 -0.0001599
-50.00 60.00 -0.0001128
-45.00 60.00 -0.00018126
-40.00 60.00 -0.00033318
-35.00 60.00 -0.00049296
-30.00 60.00 -0.00058038
-25.00 60.00 -0.00054837
-20.00 60.00 -0.00040002
-15.00 60.00 -0.00017718
-10.00 60.00 6.399e-05
-5.00 60.00 0.00026775
0.00 60.00 0.00037851
5.00 60.00 0.00034461
10.00 60.00 0.00014409
15.00 60.00 -0.00018228
20.00 60.00 -0.00052782
25.00 60.00 -0.00076662
30.00 60.00 -0.00082263
35.00 60.00 -0.00070758
40.00 60.00 -0.00049857
45.00 60.00 -0.00027726
50.00 60.00 -7.836e-05
55.00 60.00 0.00011907
60.00 60.00 0.00036048
65.00 60.00 0.00067002
70.00 60.00 0.00101892
75.00 60.00 0.00132684
80.00 60.00 0.0015009
85.00 60.00 0.00149253
90.00 60.00 0.00133473
95.00 60.00 0.00112677
100.00 60.00 0.00097122
105.00 60.00 0.00091038
110.00 60.00 0.00091215
115.00 60.00 0.00091431
120.00 60.00 0.0008832
125.00 60.00 0.0008343
130.00 60.00 0.00080436
135.00 60.00 0.00081102
140.00 60.00 0.00084087
145.00 60.00 0.0008685
150.00 60.00 0.0008766
155.00 60.00 0.00085638
160.00 60.00 0.00080106
165.00 60.00 0.00071364
170.00 60.00 0.00062691
175.00 60.00 0.00060444
180.00 60.00 0.00070431
-180.00 65.00 -0.00010179
-175.00 65.00 0.00022281
-170.00 65.00 0.00062583
-165.00 65.00 0.00099711
-160.00 65.00 0.00124908
-155.00 65.00 0.00134949
-150.00 65.00 0.00132564
-145.00 65.00 0.00123963
-140.00 65.00 0.00115182
-135.00 65.00 0.00109404
-130.00 65.00 0.00106521
-125.00 65.00 0.00104652
-120.00 65.00 0.00102204
-115.00 65.00 0.00098925
-110.00 65.00 0.00095451
-105.00 65.00 0.00091851
-100.00 65.00 0.00086592
-95.00 65.00 0.00076941
-90.00 65.00 0.00060771
-85.00 65.00 0.00038646
-80.00 65.00 0.00014562
-75.00 65.00 -5.394e-05
-70.00 65.00 -0.000159
-65.00 65.00 -0.0001509
-60.00 65.00 -5.529e-05
-55.00 65.00 7.068e-05
-50.00 65.00 0.00016545
-45.00 65.00 0.00018993
-40.00 65.00 0.00014199
-35.00 65.00 5.316e-05
-30.00 65.00 -2.898e-05
-25.00 65.00 -6.288e-05
-20.00 65.00 -3.027e-05
-15.00 65.00 5.757e-05
-10.00 65.00 0.00016464
-5.00 65.00 0.00024255
0.00 65.00 0.00024624
5.00 65.00 0.00015159
10.00 65.00 -3.066e-05
15.00 65.00 -0.00025113
20.00 65.00 -0.00043503
25.00 65.00 -0.0005106
30.00 65.00 -0.00043953
35.00 65.00 -0.00023241
40.00 65.00 5.979e-05
45.00 65.00 0.00037302
50.00 65.00 0.00065988
55.00 65.00 0.00090561
60.00 65.00 0.00112386
65.00 65.00 0.00133692
70.00 65.00 0.00155307
75.00 65.00 0.00175386
80.00 65.00 0.00189792
85.00 65.00 0.00193875
90.00 65.00 0.00184581
95.00 65.00 0.00161766
100.00 65.00 0.00128292
105.00 65.00 0.00089247
110.00 65.00 0.00050958
115.00 65.00 0.00019992
120.00 65.00 1.932e-05
125.00 65.00 -2.79e-06
130.00 65.00 0.00012168
135.00 65.00 0.00033594
140.00 65.00 0.00055332
145.00 65.00 0.00068658
150.00 65.00 0.00067848
155.00 65.00 0.00052131
160.00 65.00 0.00025992
165.00 65.00 -2.109e-05
170.00 65.00 -0.00022203
175.00 65.00 -0.00026037
180.00 65.00 -0.00010179
-180.00 70.00 7.881e-05
-175.00 70.00 0.0004125
-170.00 70.00 0.00080841
-165.00 70.00 0.00119577
-160.00 70.00 0.00151095
-155.00 70.00 0.00171522
-150.00 70.00 0.00180195
-145.00 70.00 0.00179205
-140.00 70.00 0.00172143
-135.00 70.00 0.00162693
-130.00 70.00 0.0015366
-125.00 70.00 0.00146574
-120.00 70.00 0.00141804
-115.00 70.00 0.00138855
-110.00 70.00 0.00136662
-105.00 70.00 0.00133833
-100.00 70.00 0.00128973
-95.00 70.00 0.00121134
-90.00 70.00 0.00110292
-85.00 70.00 0.00097599
-80.00 70.00 0.00085176
-75.00 70.00 0.00075387
-70.00 70.00 0.00069879
-65.00 70.00 0.00068775
-60.00 70.00 0.0007047
-55.00 70.00 0.00072108
-50.00 70.00 0.00070623
-45.00 70.00 0.00063843
-40.00 70.00 0.00051288
-35.00 70.00 0.00034332
-30.00 70.00 0.00015699
-25.00 70.00 -1.449e-05
-20.00 70.00 -0.00014496
-15.00 70.00 -0.00022071
-10.00 70.00 -0.00024243
-5.00 70.00 -0.00022233
0.00 70.00 -0.00017757
5.00 70.00 -0.00012285
10.00 70.00 -6.522e-05
15.00 70.00 -2.88e-06
20.00 70.00 7.107e-05
25.00 70.00 0.00016179
30.00 70.00 0.00026661
35.00 70.00 0.00037326
40.00 70.00 0.0004644
45.00 70.00 0.00052638
50.00 70.00 0.0005577
55.00 70.00 0.0005724
60.00 70.00 0.00059562
65.00 70.00 0.00065283
70.00 70.00 0.00075699
75.00 70.00 0.00089979
80.00 70.00 0.00105075
85.00 70.00 0.0011652
90.00 70.00 0.00119862
95.00 70.00 0.001122
100.00 70.00 0.00093315
105.00 70.00 0.00066006
110.00 70.00 0.00035505
115.00 70.00 8.07e-05
120.00 70.00 -0.00010806
125.00 70.00 -0.00018114
130.00 70.00 -0.00014313
135.00 70.00 -3.189e-05
140.00 70.00 9.426e-05
145.00 70.00 0.00017694
150.00 70.00 0.00017859
155.00 70.00 9.615e-05
160.00 70.00 -3.696e-05
165.00 70.00 -0.00016131
170.00 70.00 -0.00021123
175.00 70.00 -0.00013677
180.00 70.00 7.881e-05
-180.00 75.00 0.00071448
-175.00 75.00 0.00096576
-170.00 75.00 0.00122778
-165.00 75.00 0.00146901
-160.00 75.00 0.00166032
-155.00 75.00 0.00178119
-150.00 75.00 0.00182358
-145.00 75.00 0.0017925
-140.00 75.00 0.00170322
-135.00 75.00 0.00157716
-130.00 75.00 0.00143658
-125.00 75.00 0.00130071
-120.00 75.00 0.00118302
-115.00 75.00 0.00109044
-110.00 75.00 0.00102378
-105.00 75.00 0.00097959
-100.00 75.00 0.00095205
-95.00 75.00 0.00093525
-90.00 75.00 0.00092457
-85.00 75.00 0.00091728
-80.00 75.00 0.00091203
-75.00 75.00 0.00090729
-70.00 75.00 0.00089988
-65.00 75.00 0.00088383
-60.00 75.00 0.00085056
-55.00 75.00 0.00079086
-50.00 75.00 0.00069744
-45.00 75.00 0.00056814
-40.00 75.00 0.00040779
-35.00 75.00 0.00022869
-30.00 75.00 4.881e-05
-25.00 75.00 -0.00011136
-20.00 75.00 -0.00023262
-15.00 75.00 -0.00030072
-10.00 75.00 -0.00030861
-5.00 75.00 -0.00025743
0.00 75.00 -0.0001557
5.00 75.00 -1.764e-05
10.00 75.00 0.00013905
15.00 75.00 0.00029559
20.00 75.00 0.00043389
25.00 75.00 0.00053859
30.00 75.00 0.00059856
35.00 75.00 0.00060864
40.00 75.00 0.00057111
45.00 75.00 0.00049635
50.00 75.00 0.00040221
55.00 75.00 0.00031125
60.00 75.00 0.00024651
65.00 75.00 0.00022614
70.00 75.00 0.00025857
75.00 75.00 0.00033975
80.00 75.00 0.0004533
85.00 75.00 0.0005745
90.00 75.00 0.00067614
95.00 75.00 0.00073575
100.00 75.00 0.00074115
105.00 75.00 0.0006933
110.00 75.00 0.00060504
115.00 75.00 0.0004968
120.00 75.00 0.00039018
125.00 75.00 0.00030198
130.00 75.00 0.00024018
135.00 75.00 0.00020352
140.00 75.00 0.00018429
145.00 75.00 0.0001737
150.00 75.00 0.00016707
155.00 75.00 0.00016746
160.00 75.00 0.00018606
165.00 75.00 0.00023883
170.00 75.00 0.00034104
175.00 75.00 0.00050076
180.00 75.00 0.00071448
-180.00 80.00 0.00096261
-175.00 80.00 0.0010584
-170.00 80.00 0.00114738
-165.00 80.00 0.00122046
-160.00 80.00 0.00126987
-155.00 80.00 0.00129015
-150.00 80.00 0.00127917
-145.00 80.00 0.00123834
-140.00 80.00 0.0011721
-135.00 80.00 0.00108729
-130.00 80.00 0.00099204
-125.00 80.00 0.00089478
-120.00 80.00 0.00080304
-115.00 80.00 0.00072273
-110.00 80.00 0.00065763
-105.00 80.00 0.00060951
-100.00 80.00 0.00057828
-95.00 80.00 0.00056214
-90.00 80.00 0.000558
-85.00 80.00 0.0005619
-80.00 80.00 0.00056958
-75.00 80.00 0.00057651
-70.00 80.00 0.00057834
-65.00 80.00 0.00057123
-60.00 80.00 0.00055236
-55.00 80.00 0.00052044
-50.00 80.00 0.00047586
-45.00 80.00 0.00042102
-40.00 80.00 0.00036036
-35.00 80.00 0.00029988
-30.00 80.00 0.00024657
-25.00 80.00 0.00020742
-20.00 80.00 0.00018846
-15.00 80.00 0.00019386
-10.00 80.00 0.00022515
-5.00 80.00 0.00028086
0.00 80.00 0.00035673
5.00 80.00 0.00044592
10.00 80.00 0.00054012
15.00 80.00 0.00063036
20.00 80.00 0.00070839
25.00 80.00 0.00076764
30.00 80.00 0.00080421
35.00 80.00 0.00081726
40.00 80.00 0.0008094
45.00 80.00 0.00078618
50.00 80.00 0.00075531
55.00 80.00 0.00072519
60.00 80.00 0.00070371
65.00 80.00 0.0006969
70.00 80.00 0.00070785
75.00 80.00 0.00073602
80.00 80.00 0.00077745
85.00 80.00 0.00082575
90.00 80.00 0.00087324
95.00 80.00 0.00091248
100.00 80.00 0.00093735
105.00 80.00 0.00094428
110.00 80.00 0.00093261
115.00 80.00 0.00090432
120.00 80.00 0.00086334
125.00 80.00 0.00081471
130.00 80.00 0.00076395
135.00 80.00 0.00071637
140.00 80.00 0.00067671
145.00 80.00 0.00064911
150.00 80.00 0.00063711
155.00 80.00 0.00064356
160.00 80.00 0.00067038
165.00 80.00 0.00071817
170.00 80.00 0.00078555
175.00 80.00 0.00086901
180.00 80.00 0.00096261
-180.00 85.00 0.00094179
-175.00 85.00 0.00093819
-170.00 85.00 0.00093324
-165.00 85.00 0.0009261
-160.00 85.00 0.00091578
-155.00 85.00 0.00090159
-150.00 85.00 0.00088323
-145.00 85.00 0.00086121
-140.00 85.00 0.00083634
-135.00 85.00 0.00080949
-130.00 85.00 0.00078141
-125.00 85.00 0.00075285
-120.00 85.00 0.00072486
-115.00 85.00 0.0006987
-110.00 85.00 0.00067554
-105.00 85.00 0.0006561
-100.00 85.00 0.00064047
-95.00 85.00 0.00062847
-90.00 85.00 0.00061995
-85.00 85.00 0.00061482
-80.00 85.00 0.00061299
-75.00 85.00 0.00061398
-70.00 85.00 0.00061695
-65.00 85.00 0.00062115
-60.00 85.00 0.00062622
-55.00 85.00 0.00063237
-50.00 85.00 0.00063987
-45.00 85.00 0.00064905
-40.00 85.00 0.00066
-35.00 85.00 0.00067281
-30.00 85.00 0.00068802
-25.00 85.00 0.00070629
-20.00 85.00 0.00072816
-15.00 85.00 0.00075366
-10.00 85.00 0.00078228
-5.00 85.00 0.00081327
0.00 85.00 0.00084591
5.00 85.00 0.00087951
10.00 85.00 0.00091338
15.00 85.00 0.00094644
20.00 85.00 0.00097752
25.00 85.00 0.00100554
30.00 85.00 0.00102999
35.00 85.00 0.00105093
40.00 85.00 0.00106857
45.00 85.00 0.00108324
50.00 85.00 0.00109515
55.00 85.00 0.00110454
60.00 85.00 0.00111195
65.00 85.00 0.00111804
70.00 85.00 0.00112335
75.00 85.00 0.00112797
80.00 85.00 0.00113151
85.00 85.00 0.00113343
90.00 85.00 0.00113331
95.00 85.00 0.00113091
100.00 85.00 0.00112611
105.00 85.00 0.0011187
110.00 85.00 0.00110847
115.00 85.00 0.0010953
120.00 85.00 0.00107955
125.00 85.00 0.00106203
130.00 85.00 0.00104379
135.00 85.00 0.00102573
140.00 85.00 0.00100848
145.00 85.00 0.00099252
150.00 85.00 0.00097842
155.00 85.00 0.00096672
160.00 85.00 0.00095784
165.00 85.00 0.00095172
170.00 85.00 0.00094767
175.00 85.00 0.00094467
180.00 85.00 0.00094179
-180.00 90.00 0.00097473
-175.00 90.00 0.00097473
-170.00 90.00 0.00097473
-165.00 90.00 0.00097473
-160.00 90.00 0.00097473
-155.00 90.00 0.00097473
-150.00 90.00 0.00097473
-145.00 90.00 0.00097473
-140.00 90.00 0.00097473
-135.00 90.00 0.00097473
-130.00 90.00 0.00097473
-125.00 90.00 0.00097473
-120.00 90.00 0.00097473
-115.00 90.00 0.00097473
-110.00 90.00 0.00097473
-105.00 90.00 0.00097473
-100.00 90.00 0.00097473
-95.00 90.00 0.00097473
-90.00 90.00 0.00097473
-85.00 90.00 0.00097473
-80.00 90.00 0.00097473
-75.00 90.00 0.00097473
-70.00 90.00 0.00097473
-65.00 90.00 0.00097473
-60.00 90.00 0.00097473
-55.00 90.00 0.00097473
-50.00 90.00 0.00097473
-45.00 90.00 0.00097473
-40.00 90.00 0.00097473
-35.00 90.00 0.00097473
-30.00 90.00 0.00097473
-25.00 90.00 0.00097473
-20.00 90.00 0.00097473
-15.00 90.00 0.00097473
-10.00 90.00 0.00097473
-5.00 90.00 0.00097473
0.00 90.00 0.00097473
5.00 90.00 0.00097473
10.00 90.00 0.00097473
15.00 90.00 0.00097473
20.00 90.00 0.00097473
25.00 90.00 0.00097473
30.00 90.00 0.00097473
35.00 90.00 0.00097473
40.00 90.00 0.00097473
45.00 90.00 0.00097473
50.00 90.00 0.00097473
55.00 90.00 0.00097473
60.00 90.00 0.00097473
65.00 90.00 0.00097473
70.00 90.00 0.00097473
75.00 90.00 0.00097473
80.00 90.00 0.00097473
85.00 90.00 0.00097473
90.00 90.00 0.00097473
95.00 90.00 0.00097473
100.00 90.00 0.00097473
105.00 90.00 0.00097473
110.00 90.00 0.00097473
115.00 90.00 0.00097473
120.00 90.00 0.00097473
125.00 90.00 0.00097473
130.00 90.00 0.00097473
135.00 90.00 0.00097473
140.00 90.00 0.00097473
145.00 90.00 0.00097473
150.00 90.00 0.00097473
155.00 90.00 0.00097473
160.00 90.00 0.00097473
165.00 90.00 0.00097473
170.00 90.00 0.00097473
175.00 90.00 0.00097473
180.00 90.00 0.00097473
