-180.00 -90.00 0.00017019
-175.00 -90.00 0.00017028
-170.00 -90.00 0.00017034
-165.00 -90.00 0.00017043
-160.00 -90.00 0.00017049
-155.00 -90.00 0.00017058
-150.00 -90.00 0.00017064
-145.00 -90.00 0.0001707
-140.00 -90.00 0.00017073
-135.00 -90.00 0.00017076
-130.00 -90.00 0.00017079
-125.00 -90.00 0.00017079
-120.00 -90.00 0.00017079
-115.00 -90.00 0.00017079
-110.00 -90.00 0.00017076
-105.00 -90.00 0.0001707
-100.00 -90.00 0.00017067
-95.00 -90.00 0.00017061
-90.00 -90.00 0.00017052
-85.00 -90.00 0.00017046
-80.00 -90.00 0.00017037
-75.00 -90.00 0.00017031
-70.00 -90.00 0.00017022
-65.00 -90.00 0.00017016
-60.00 -90.00 0.0001701
-55.00 -90.00 0.00017004
-50.00 -90.00 0.00017001
-45.00 -90.00 0.00016995
-40.00 -90.00 0.00016995
-35.00 -90.00 0.00016992
-30.00 -90.00 0.00016992
-25.00 -90.00 0.00016995
-20.00 -90.00 0.00016998
-15.00 -90.00 0.00017001
-10.00 -90.00 0.00017007
-5.00 -90.00 0.00017013
0.00 -90.00 0.00017019
5.00 -90.00 0.00017028
10.00 -90.00 0.00017034
15.00 -90.00 0.00017043
20.00 -90.00 0.00017049
25.00 -90.00 0.00017058
30.00 -90.00 0.00017064
35.00 -90.00 0.0001707
40.00 -90.00 0.00017073
45.00 -90.00 0.00017076
50.00 -90.00 0.00017079
55.00 -90.00 0.00017079
60.00 -90.00 0.00017079
65.00 -90.00 0.00017079
70.00 -90.00 0.00017076
75.00 -90.00 0.0001707
80.00 -90.00 0.00017067
85.00 -90.00 0.00017061
90.00 -90.00 0.00017052
95.00 -90.00 0.00017046
100.00 -90.00 0.00017037
105.00 -90.00 0.00017031
110.00 -90.00 0.00017022
115.00 -90.00 0.00017016
120.00 -90.00 0.0001701
125.00 -90.00 0.00017004
130.00 -90.00 0.00016998
135.00 -90.00 0.00016995
140.00 -90.00 0.00016995
145.00 -90.00 0.00016992
150.00 -90.00 0.00016992
155.00 -90.00 0.00016995
160.00 -90.00 0.00016998
165.00 -90.00 0.00017001
170.00 -90.00 0.00017007
175.00 -90.00 0.00017013
180.00 -90.00 0.00017019
-180.00 -85.00 -0.00081255
-175.00 -85.00 -0.00082389
-170.00 -85.00 -0.00082551
-165.00 -85.00 -0.00081741
-160.00 -85.00 -0.00079971
-155.00 -85.00 -0.00077289
-150.00 -85.00 -0.00073731
-145.00 -85.00 -0.00069336
-140.00 -85.00 -0.0006414
-135.00 -85.00 -0.00058203
-130.00 -85.00 -0.00051618
-125.00 -85.00 -0.00044493
-120.00 -85.00 -0.00036957
-115.00 -85.00 -0.0002913
-110.00 -85.00 -0.00021144
-105.00 -85.00 -0.00013149
-100.00 -85.00 -5.292e-05
-95.00 -85.00 2.274e-05
-90.00 -85.00 9.414e-05
-85.00 -85.00 0.00016026
-80.00 -85.00 0.0002202
-75.00 -85.00 0.00027339
-70.00 -85.00 0.00031944
-65.00 -85.00 0.00035838
-60.00 -85.00 0.00039048
-55.00 -85.00 0.00041628
-50.00 -85.00 0.00043677
-45.00 -85.00 0.00045303
-40.00 -85.00 0.00046638
-35.00 -85.00 0.00047814
-30.00 -85.00 0.00048966
-25.00 -85.00 0.00050211
-20.00 -85.00 0.00051657
-15.00 -85.00 0.000534
-10.00 -85.00 0.000555
-5.00 -85.00 0.00057978
0.00 -85.00 0.00060819
5.00 -85.00 0.00063978
10.00 -85.00 0.00067386
15.00 -85.00 0.00070956
20.00 -85.00 0.00074583
25.00 -85.00 0.00078129
30.00 -85.00 0.00081441
35.00 -85.00 0.00084369
40.00 -85.00 0.00086766
45.00 -85.00 0.00088497
50.00 -85.00 0.00089427
55.00 -85.00 0.00089424
60.00 -85.00 0.00088377
65.00 -85.00 0.00086199
70.00 -85.00 0.00082842
75.00 -85.00 0.00078303
80.00 -85.00 0.00072609
85.00 -85.00 0.00065823
90.00 -85.00 0.00058032
95.00 -85.00 0.00049371
100.00 -85.00 0.00040005
105.00 -85.00 0.00030123
110.00 -85.00 0.00019914
115.00 -85.00 9.561e-05
120.00 -85.00 -7.8e-06
125.00 -85.00 -0.00010953
130.00 -85.00 -0.00020811
135.00 -85.00 -0.0003021
140.00 -85.00 -0.00039039
145.00 -85.00 -0.00047217
150.00 -85.00 -0.00054678
155.00 -85.00 -0.00061362
160.00 -85.00 -0.000672
165.00 -85.00 -0.00072135
170.00 -85.00 -0.00076125
175.00 -85.00 -0.00079167
180.00 -85.00 -0.00081255
-180.00 -80.00 -0.00170427
-175.00 -80.00 -0.00175524
-170.00 -80.00 -0.00178806
-165.00 -80.00 -0.00180237
-160.00 -80.00 -0.00179922
-155.00 -80.00 -0.00178026
-150.00 -80.00 -0.00174513
-145.00 -80.00 -0.00169131
-140.00 -80.00 -0.00161703
-135.00 -80.00 -0.0015222
-130.00 -80.00 -0.00140652
-125.00 -80.00 -0.00126939
-120.00 -80.00 -0.00111225
-115.00 -80.00 -0.00094005
-110.00 -80.00 -0.00075861
-105.00 -80.00 -0.00057261
-100.00 -80.00 -0.0003867
-95.00 -80.00 -0.00020679
-90.00 -80.00 -3.822e-05
-85.00 -80.00 0.00011622
-80.00 -80.00 0.00025494
-75.00 -80.00 0.00037494
-70.00 -80.00 0.00047226
-65.00 -80.00 0.00054492
-60.00 -80.00 0.0005928
-55.00 -80.00 0.00061569
-50.00 -80.00 0.00061374
-45.00 -80.00 0.00059037
-40.00 -80.00 0.00055263
-35.00 -80.00 0.00050808
-30.00 -80.00 0.00046311
-25.00 -80.00 0.00042417
-20.00 -80.00 0.00039858
-15.00 -80.00 0.00039144
-10.00 -80.00 0.00040365
-5.00 -80.00 0.00043353
0.00 -80.00 0.00047952
5.00 -80.00 0.00053898
10.00 -80.00 0.00060675
15.00 -80.00 0.00067668
20.00 -80.00 0.00074532
25.00 -80.00 0.00081159
30.00 -80.00 0.0008745
35.00 -80.00 0.0009327
40.00 -80.00 0.00098679
45.00 -80.00 0.0010389
50.00 -80.00 0.00108897
55.00 -80.00 0.00113313
60.00 -80.00 0.00116604
65.00 -80.00 0.00118266
70.00 -80.00 0.00117729
75.00 -80.00 0.00114288
80.00 -80.00 0.00107448
85.00 -80.00 0.00097254
90.00 -80.00 0.00084165
95.00 -80.00 0.00068772
100.00 -80.00 0.00051768
105.00 -80.00 0.00034062
110.00 -80.00 0.00016551
115.00 -80.00 -2.55e-06
120.00 -80.00 -0.00016293
125.00 -80.00 -0.00031641
130.00 -80.00 -0.00046395
135.00 -80.00 -0.00060798
140.00 -80.00 -0.00075204
145.00 -80.00 -0.0008976
150.00 -80.00 -0.00104238
155.00 -80.00 -0.00118272
160.00 -80.00 -0.00131574
165.00 -80.00 -0.00143829
170.00 -80.00 -0.00154593
175.00 -80.00 -0.00163485
180.00 -80.00 -0.00170427
-180.00 -75.00 -0.00222891
-175.00 -75.00 -0.00235995
-170.00 -75.00 -0.00245787
-165.00 -75.00 -0.00253011
-160.00 -75.00 -0.00258417
-155.00 -75.00 -0.00262593
-150.00 -75.00 -0.00265722
-145.00 -75.00 -0.00267507
-140.00 -75.00 -0.00267198
-135.00 -75.00 -0.00263694
-130.00 -75.00 -0.00255798
-125.00 -75.00 -0.00242709
-120.00 -75.00 -0.00224412
-115.00 -75.00 -0.0020178
-110.00 -75.00 -0.00176457
-105.00 -75.00 -0.00150453
-100.00 -75.00 -0.00125481
-95.00 -75.00 -0.00102378
-90.00 -75.00 -0.00081012
-85.00 -75.00 -0.00060582
-80.00 -75.00 -0.00040152
-75.00 -75.00 -0.00019305
-70.00 -75.00 1.368e-05
-65.00 -75.00 0.00020322
-60.00 -75.00 0.00035622
-55.00 -75.00 0.00045585
-50.00 -75.00 0.00049329
-45.00 -75.00 0.00047205
-40.00 -75.00 0.00040767
-35.00 -75.00 0.00032289
-30.00 -75.00 0.00024198
-25.00 -75.00 0.0001863
-20.00 -75.00 0.0001701
-15.00 -75.00 0.00019776
-10.00 -75.00 0.00026463
-5.00 -75.00 0.00035952
0.00 -75.00 0.00046665
5.00 -75.00 0.00056781
10.00 -75.00 0.00064608
15.00 -75.00 0.00068832
20.00 -75.00 0.00068631
25.00 -75.00 0.00063894
30.00 -75.00 0.00055476
35.00 -75.00 0.00045177
40.00 -75.00 0.00035451
45.00 -75.00 0.00028998
50.00 -75.00 0.00028152
55.00 -75.00 0.00034059
60.00 -75.00 0.00046149
65.00 -75.00 0.00062169
70.00 -75.00 0.0007866
75.00 -75.00 0.00091725
80.00 -75.00 0.00098136
85.00 -75.00 0.00096321
90.00 -75.00 0.00086739
95.00 -75.00 0.00071622
100.00 -75.00 0.00054339
105.00 -75.00 0.00038367
110.00 -75.00 0.00026154
115.00 -75.00 0.00018429
120.00 -75.00 0.00014145
125.00 -75.00 0.00010902
130.00 -75.00 5.679e-05
135.00 -75.00 -4.182e-05
140.00 -75.00 -0.00020181
145.00 -75.00 -0.00042387
150.00 -75.00 -0.00069585
155.00 -75.00 -0.00099657
160.00 -75.00 -0.00130152
165.00 -75.00 -0.00158919
170.00 -75.00 -0.00184428
175.00 -75.00 -0.00205818
180.00 -75.00 -0.00222891
-180.00 -70.00 -0.00238596
-175.00 -70.00 -0.00256137
-170.00 -70.00 -0.00268353
-165.00 -70.00 -0.00275832
-160.00 -70.00 -0.00279813
-155.00 -70.00 -0.00282159
-150.00 -70.00 -0.00284973
-145.00 -70.00 -0.00289812
-140.00 -70.00 -0.00296826
-135.00 -70.00 -0.00304173
-130.00 -70.00 -0.0030822
-125.00 -70.00 -0.00304761
-120.00 -70.00 -0.00290979
-115.00 -70.00 -0.00267246
-110.00 -70.00 -0.00237633
-105.00 -70.00 -0.00208536
-100.00 -70.00 -0.00185775
-95.00 -70.00 -0.00171588
-90.00 -70.00 -0.00163209
-85.00 -70.00 -0.0015405
-80.00 -70.00 -0.00137004
-75.00 -70.00 -0.00108213
-70.00 -70.00 -0.00069306
-65.00 -70.00 -0.00026967
-60.00 -70.00 9.888e-05
-55.00 -70.00 0.00033726
-50.00 -70.00 0.00041139
-45.00 -70.00 0.00033606
-40.00 -70.00 0.00016332
-35.00 -70.00 -3.897e-05
-30.00 -70.00 -0.00020823
-25.00 -70.00 -0.0003006
-20.00 -70.00 -0.00029661
-15.00 -70.00 -0.00020013
-10.00 -70.00 -3.399e-05
-5.00 -70.00 0.00016755
0.00 -70.00 0.0003675
5.00 -70.00 0.00053409
10.00 -70.00 0.00064449
15.00 -70.00 0.00068361
20.00 -70.00 0.00064011
25.00 -70.00 0.0005055
30.00 -70.00 0.00027951
35.00 -70.00 -1.986e-05
40.00 -70.00 -0.000348
45.00 -70.00 -0.00063597
50.00 -70.00 -0.00080682
55.00 -70.00 -0.00080127
60.00 -70.00 -0.00060255
65.00 -70.00 -0.00024777
70.00 -70.00 0.00018003
75.00 -70.00 0.00057765
80.00 -70.00 0.00085542
85.00 -70.00 0.00096603
90.00 -70.00 0.0009183
95.00 -70.00 0.00077088
100.00 -70.00 0.000609
105.00 -70.00 0.0005127
110.00 -70.00 0.00052839
115.00 -70.00 0.0006531
120.00 -70.00 0.0008367
125.00 -70.00 0.00100077
130.00 -70.00 0.00106626
135.00 -70.00 0.00097947
140.00 -70.00 0.00072756
145.00 -70.00 0.00033822
150.00 -70.00 -0.00013428
155.00 -70.00 -0.00062952
160.00 -70.00 -0.00109884
165.00 -70.00 -0.00151404
170.00 -70.00 -0.00186561
175.00 -70.00 -0.00215496
180.00 -70.00 -0.00238596
-180.00 -65.00 -0.00244338
-175.00 -65.00 -0.00264849
-170.00 -65.00 -0.00276783
-165.00 -65.00 -0.00278613
-160.00 -65.00 -0.00271392
-155.00 -65.00 -0.00258186
-150.00 -65.00 -0.00243567
-145.00 -65.00 -0.00233109
-140.00 -65.00 -0.00231939
-135.00 -65.00 -0.0024192
-130.00 -65.00 -0.00258945
-125.00 -65.00 -0.0027297
-120.00 -65.00 -0.00272346
-115.00 -65.00 -0.00250857
-110.00 -65.00 -0.0021306
-105.00 -65.00 -0.00173466
-100.00 -65.00 -0.00148788
-95.00 -65.00 -0.00147405
-90.00 -65.00 -0.00162891
-85.00 -65.00 -0.00176412
-80.00 -65.00 -0.00167142
-75.00 -65.00 -0.0012438
-70.00 -65.00 -0.00053994
-65.00 -65.00 0.00024507
-60.00 -65.00 0.00087873
-55.00 -65.00 0.00119808
-50.00 -65.00 0.00116598
-45.00 -65.00 0.00085767
-40.00 -65.00 0.00040188
-35.00 -65.00 -7.962e-05
-30.00 -65.00 -0.00050229
-25.00 -65.00 -0.00081705
-20.00 -65.00 -0.00099774
-15.00 -65.00 -0.00103755
-10.00 -65.00 -0.00095661
-5.00 -65.00 -0.00080415
0.00 -65.00 -0.00064143
5.00 -65.00 -0.0005109
10.00 -65.00 -0.00041514
15.00 -65.00 -0.00032598
20.00 -65.00 -0.00022011
25.00 -65.00 -0.00011415
30.00 -65.00 -6.831e-05
35.00 -65.00 -0.00015063
40.00 -65.00 -0.00038343
45.00 -65.00 -0.0007101
50.00 -65.00 -0.00100794
55.00 -65.00 -0.00114321
60.00 -65.00 -0.00103782
65.00 -65.00 -0.00070908
70.00 -65.00 -0.0002619
75.00 -65.00 0.00016017
80.00 -65.00 0.00043833
85.00 -65.00 0.00052557
90.00 -65.00 0.00045906
95.00 -65.00 0.00033645
100.00 -65.00 0.00027024
105.00 -65.00 0.0003393
110.00 -65.00 0.0005568
115.00 -65.00 0.00086475
120.00 -65.00 0.00115602
125.00 -65.00 0.00131379
130.00 -65.00 0.00125472
135.00 -65.00 0.00095955
140.00 -65.00 0.00047994
145.00 -65.00 -8.313e-05
150.00 -65.00 -0.00062181
155.00 -65.00 -0.00106554
160.00 -65.00 -0.00140385
165.00 -65.00 -0.00167496
170.00 -65.00 -0.00192894
175.00 -65.00 -0.00219012
180.00 -65.00 -0.00244338
-180.00 -60.00 -0.00318939
-175.00 -60.00 -0.00339705
-170.00 -60.00 -0.0034116
-165.00 -60.00 -0.00328638
-160.00 -60.00 -0.0031044
-155.00 -60.00 -0.0028974
-150.00 -60.00 -0.00264084
-145.00 -60.00 -0.00232719
-140.00 -60.00 -0.00203247
-135.00 -60.00 -0.00189213
-130.00 -60.00 -0.00198855
-125.00 -60.00 -0.00224601
-120.00 -60.00 -0.00244071
-115.00 -60.00 -0.00234495
-110.00 -60.00 -0.00190845
-105.00 -60.00 -0.00132837
-100.00 -60.00 -0.00093054
-95.00 -60.00 -0.00092988
-90.00 -60.00 -0.00124776
-85.00 -60.00 -0.00153582
-80.00 -60.00 -0.00140178
-75.00 -60.00 -0.00067611
-70.00 -60.00 0.00047208
-65.00 -60.00 0.00164232
-60.00 -60.00 0.00244245
-55.00 -60.00 0.00269037
-50.00 -60.00 0.00245784
-45.00 -60.00 0.00195813
-40.00 -60.00 0.00138069
-35.00 -60.00 0.00079359
-30.00 -60.00 0.00016938
-25.00 -60.00 -0.00050904
-20.00 -60.00 -0.00116802
-15.00 -60.00 -0.00166614
-10.00 -60.00 -0.00190266
-5.00 -60.00 -0.0019083
0.00 -60.00 -0.00182697
5.00 -60.00 -0.00179583
10.00 -60.00 -0.00182772
15.00 -60.00 -0.00180192
20.00 -60.00 -0.00157275
25.00 -60.00 -0.00110595
30.00 -60.00 -0.00053151
35.00 -60.00 -7.203e-05
40.00 -60.00 9.762e-05
45.00 -60.00 -4.173e-05
50.00 -60.00 -0.00034941
55.00 -60.00 -0.00062112
60.00 -60.00 -0.00071511
65.00 -60.00 -0.00062562
70.00 -60.00 -0.00046374
75.00 -60.00 -0.00036951
80.00 -60.00 -0.00041805
85.00 -60.00 -0.00057597
90.00 -60.00 -0.00072489
95.00 -60.00 -0.00072918
100.00 -60.00 -0.00050886
105.00 -60.00 -8.31e-05
110.00 -60.00 0.00043224
115.00 -60.00 0.00087018
120.00 -60.00 0.0010782
125.00 -60.00 0.00097284
130.00 -60.00 0.00056229
135.00 -60.00 -6.345e-05
140.00 -60.00 -0.00076203
145.00 -60.00 -0.00138015
150.00 -60.00 -0.00180606
155.00 -60.00 -0.00202086
160.00 -60.00 -0.00211362
165.00 -60.00 -0.0022308
170.00 -60.00 -0.00247704
175.00 -60.00 -0.00283758
180.00 -60.00 -0.00318939
-180.00 -55.00 -0.00465078
-175.00 -55.00 -0.0046746
-170.00 -55.00 -0.00426738
-165.00 -55.00 -0.0037656
-160.00 -55.00 -0.00351366
-155.00 -55.00 -0.00356136
-150.00 -55.00 -0.00363213
-145.00 -55.00 -0.00339771
-140.00 -55.00 -0.00280251
-135.00 -55.00 -0.00213894
-130.00 -55.00 -0.00180747
-125.00 -55.00 -0.00197226
-120.00 -55.00 -0.00240774
-115.00 -55.00 -0.00267084
-110.00 -55.00 -0.00246807
-105.00 -55.00 -0.0019119
-100.00 -55.00 -0.00143169
-95.00 -55.00 -0.00138744
-90.00 -55.00 -0.0017145
-85.00 -55.00 -0.00192759
-80.00 -55.00 -0.0015015
-75.00 -55.00 -0.00030399
-70.00 -55.00 0.00128421
-65.00 -55.00 0.00264018
-60.00 -55.00 0.003315
-55.00 -55.00 0.00327771
-50.00 -55.00 0.00285099
-45.00 -55.00 0.00243174
-40.00 -55.00 0.00220401
-35.00 -55.00 0.00203274
-30.00 -55.00 0.00161004
-25.00 -55.00 0.00075447
-20.00 -55.00 -0.0003756
-15.00 -55.00 -0.00135558
-10.00 -55.00 -0.00181797
-5.00 -55.00 -0.00174567
0.00 -55.00 -0.00146565
5.00 -55.00 -0.00135069
10.00 -55.00 -0.00150846
15.00 -55.00 -0.00172746
20.00 -55.00 -0.00169461
25.00 -55.00 -0.00126834
30.00 -55.00 -0.00058707
35.00 -55.00 3.888e-05
40.00 -55.00 0.00034257
45.00 -55.00 0.00026604
50.00 -55.00 -2.484e-05
55.00 -55.00 -0.00027351
60.00 -55.00 -0.00031545
65.00 -55.00 -0.00018231
70.00 -55.00 -5.949e-05
75.00 -55.00 -0.00013926
80.00 -55.00 -0.00047937
85.00 -55.00 -0.00095826
90.00 -55.00 -0.00133974
95.00 -55.00 -0.00139773
100.00 -55.00 -0.00103389
105.00 -55.00 -0.00033702
110.00 -55.00 0.00044658
115.00 -55.00 0.00102699
120.00 -55.00 0.0012129
125.00 -55.00 0.00098946
130.00 -55.00 0.00048063
135.00 -55.00 -0.00015771
140.00 -55.00 -0.00081012
145.00 -55.00 -0.00139668
150.00 -55.00 -0.00185223
155.00 -55.00 -0.00216279
160.00 -55.00 -0.00242514
165.00 -55.00 -0.00281589
170.00 -55.00 -0.00343422
175.00 -55.00 -0.00415143
180.00 -55.00 -0.00465078
-180.00 -50.00 -0.00512733
-175.00 -50.00 -0.00496404
-170.00 -50.00 -0.00409662
-165.00 -50.00 -0.00313521
-160.00 -50.00 -0.00277371
-155.00 -50.00 -0.00317151
-150.00 -50.00 -0.0038085
-145.00 -50.00 -0.00396138
-140.00 -50.00 -0.0033399
-135.00 -50.00 -0.00231138
-130.00 -50.00 -0.00157215
-125.00 -50.00 -0.00159246
-120.00 -50.00 -0.00227454
-115.00 -50.00 -0.00305808
-110.00 -50.00 -0.00338883
-105.00 -50.00 -0.00318171
-100.00 -50.00 -0.00285513
-95.00 -50.00 -0.00285837
-90.00 -50.00 -0.00313599
-85.00 -50.00 -0.00310353
-80.00 -50.00 -0.00220074
-75.00 -50.00 -0.00046674
-70.00 -50.00 0.00143808
-65.00 -50.00 0.00274338
-60.00 -50.00 0.00309585
-55.00 -50.00 0.00269181
-50.00 -50.00 0.00204807
-45.00 -50.00 0.0016665
-40.00 -50.00 0.00175698
-35.00 -50.00 0.00210243
-30.00 -50.00 0.00218616
-25.00 -50.00 0.00160506
-20.00 -50.00 0.00048045
-15.00 -50.00 -0.00056304
-10.00 -50.00 -0.00091731
-5.00 -50.00 -0.00052653
0.00 -50.00 0.0001059
5.00 -50.00 0.00042183
10.00 -50.00 0.00027576
15.00 -50.00 -6.666e-05
20.00 -50.00 -0.00027495
25.00 -50.00 -0.00022848
30.00 -50.00 -2.475e-05
35.00 -50.00 0.00015243
40.00 -50.00 0.00014823
45.00 -50.00 -8.079e-05
50.00 -50.00 -0.00041169
55.00 -50.00 -0.00059709
60.00 -50.00 -0.00043437
65.00 -50.00 5.343e-05
70.00 -50.00 0.00059388
75.00 -50.00 0.00083406
80.00 -50.00 0.00057138
85.00 -50.00 -0.00012018
90.00 -50.00 -0.00093228
95.00 -50.00 -0.00147936
100.00 -50.00 -0.00148251
105.00 -50.00 -0.00090987
110.00 -50.00 -9.51e-06
115.00 -50.00 0.00082188
120.00 -50.00 0.00128925
125.00 -50.00 0.00137511
130.00 -50.00 0.00126234
135.00 -50.00 0.00107814
140.00 -50.00 0.00075273
145.00 -50.00 0.00015912
150.00 -50.00 -0.00065772
155.00 -50.00 -0.00147978
160.00 -50.00 -0.00216402
165.00 -50.00 -0.00281643
170.00 -50.00 -0.0036297
175.00 -50.00 -0.00453981
180.00 -50.00 -0.00512733
-180.00 -45.00 -0.00341823
-175.00 -45.00 -0.00361857
-170.00 -45.00 -0.00305118
-165.00 -45.00 -0.00209823
-160.00 -45.00 -0.00156618
-155.00 -45.00 -0.00186123
-150.00 -45.00 -0.00258591
-145.00 -45.00 -0.00298581
-140.00 -45.00 -0.00268977
-135.00 -45.00 -0.00197259
-130.00 -45.00 -0.00143592
-125.00 -45.00 -0.00153654
-120.00 -45.00 -0.00228879
-115.00 -45.00 -0.00324297
-110.00 -45.00 -0.00380505
-105.00 -45.00 -0.00376299
-100.00 -45.00 -0.00350496
-95.00 -45.00 -0.00355581
-90.00 -45.00 -0.00386778
-85.00 -45.00 -0.0037488
-80.00 -45.00 -0.00260412
-75.00 -45.00 -0.000636
-70.00 -45.00 0.00131154
-65.00 -45.00 0.00250521
-60.00 -45.00 0.00278016
-55.00 -45.00 0.00237105
-50.00 -45.00 0.00160065
-45.00 -45.00 0.00083637
-40.00 -45.00 0.00047997
-35.00 -45.00 0.0006807
-30.00 -45.00 0.00106905
-25.00 -45.00 0.00103917
-20.00 -45.00 0.00042465
-15.00 -45.00 -0.00025239
-10.00 -45.00 -0.00035196
-5.00 -45.00 0.00016449
0.00 -45.00 0.00076494
5.00 -45.00 0.00103419
10.00 -45.00 0.00107325
15.00 -45.00 0.00115323
20.00 -45.00 0.00123996
25.00 -45.00 0.00109278
30.00 -45.00 0.00070119
35.00 -45.00 0.00034014
40.00 -45.00 0.0001731
45.00 -45.00 2.829e-05
50.00 -45.00 -0.00031926
55.00 -45.00 -0.00077151
60.00 -45.00 -0.00095193
65.00 -45.00 -0.00061275
70.00 -45.00 6.684e-05
75.00 -45.00 0.0005892
80.00 -45.00 0.00052065
85.00 -45.00 -0.0002034
90.00 -45.00 -0.00126753
95.00 -45.00 -0.00218607
100.00 -45.00 -0.0025362
105.00 -45.00 -0.00213
110.00 -45.00 -0.00112839
115.00 -45.00 3.27e-06
120.00 -45.00 0.00080319
125.00 -45.00 0.00117321
130.00 -45.00 0.00136437
135.00 -45.00 0.00154404
140.00 -45.00 0.0014841
145.00 -45.00 0.00082278
150.00 -45.00 -0.00039795
155.00 -45.00 -0.0016221
160.00 -45.00 -0.0022875
165.00 -45.00 -0.00238188
170.00 -45.00 -0.00241275
175.00 -45.00 -0.00281223
180.00 -45.00 -0.00341823
-180.00 -40.00 -0.00078624
-175.00 -40.00 -0.00182571
-170.00 -40.00 -0.00244371
-165.00 -40.00 -0.00218025
-160.00 -40.00 -0.00158172
-155.00 -40.00 -0.00139257
-150.00 -40.00 -0.0016803
-145.00 -40.00 -0.00199185
-140.00 -40.00 -0.00206271
-135.00 -40.00 -0.00201741
-130.00 -40.00 -0.00205476
-125.00 -40.00 -0.00228117
-120.00 -40.00 -0.00273138
-115.00 -40.00 -0.00322953
-110.00 -40.00 -0.00334044
-105.00 -40.00 -0.00282609
-100.00 -40.00 -0.00211359
-95.00 -40.00 -0.00191586
-90.00 -40.00 -0.00230124
-85.00 -40.00 -0.00248922
-80.00 -40.00 -0.00175515
-75.00 -40.00 -0.00026322
-70.00 -40.00 0.00123306
-65.00 -40.00 0.0022659
-60.00 -40.00 0.00285918
-55.00 -40.00 0.00300186
-50.00 -40.00 0.00244485
-45.00 -40.00 0.00122712
-40.00 -40.00 2.898e-05
-35.00 -40.00 -0.00040533
-30.00 -40.00 -0.00011433
-25.00 -40.00 0.00015975
-20.00 -40.00 -5.838e-05
-15.00 -40.00 -0.00042213
-10.00 -40.00 -0.00037356
-5.00 -40.00 5.88e-06
0.00 -40.00 0.00019389
5.00 -40.00 0.00016185
10.00 -40.00 0.00051564
15.00 -40.00 0.00148821
20.00 -40.00 0.00232326
25.00 -40.00 0.00215268
30.00 -40.00 0.00119376
35.00 -40.00 0.00050715
40.00 -40.00 0.00063243
45.00 -40.00 0.00098112
50.00 -40.00 0.00068469
55.00 -40.00 -0.00034971
60.00 -40.00 -0.00142416
65.00 -40.00 -0.00186375
70.00 -40.00 -0.00165804
75.00 -40.00 -0.00137181
80.00 -40.00 -0.00154233
85.00 -40.00 -0.00219051
90.00 -40.00 -0.00289923
95.00 -40.00 -0.00326568
100.00 -40.00 -0.00314103
105.00 -40.00 -0.00251271
110.00 -40.00 -0.00145941
115.00 -40.00 -0.00031752
120.00 -40.00 0.00040782
125.00 -40.00 0.00053283
130.00 -40.00 0.00041298
135.00 -40.00 0.00042987
140.00 -40.00 0.00040311
145.00 -40.00 -0.00019569
150.00 -40.00 -0.00146463
155.00 -40.00 -0.00274407
160.00 -40.00 -0.00315081
165.00 -40.00 -0.00239547
170.00 -40.00 -0.00111102
175.00 -40.00 -0.00038145
180.00 -40.00 -0.00078624
-180.00 -35.00 0.00118947
-175.00 -35.00 -0.00038703
-170.00 -35.00 -0.0022569
-165.00 -35.00 -0.0028821
-160.00 -35.00 -0.00243702
-155.00 -35.00 -0.00210504
-150.00 -35.00 -0.00234129
-145.00 -35.00 -0.00266451
-140.00 -35.00 -0.00273096
-135.00 -35.00 -0.00270591
-130.00 -35.00 -0.0027327
-125.00 -35.00 -0.00276906
-120.00 -35.00 -0.00285531
-115.00 -35.00 -0.00294114
-110.00 -35.00 -0.00257382
-105.00 -35.00 -0.00138573
-100.00 -35.00 0.00013278
-95.00 -35.00 0.00094986
-90.00 -35.00 0.00070239
-85.00 -35.00 0.00011385
-80.00 -35.00 4.422e-05
-75.00 -35.00 0.00057321
-70.00 -35.00 0.00129312
-65.00 -35.00 0.00206067
-60.00 -35.00 0.00293217
-55.00 -35.00 0.00356397
-50.00 -35.00 0.0033252
-45.00 -35.00 0.00216216
-40.00 -35.00 0.00089823
-35.00 -35.00 0.00037407
-30.00 -35.00 0.0005181
-25.00 -35.00 0.00057543
-20.00 -35.00 0.00017304
-15.00 -35.00 -0.00021774
-10.00 -35.00 -6.204e-05
-5.00 -35.00 0.00034257
0.00 -35.00 0.00031032
5.00 -35.00 2.901e-05
10.00 -35.00 0.00054021
15.00 -35.00 0.00207579
20.00 -35.00 0.00325203
25.00 -35.00 0.00273396
30.00 -35.00 0.00112821
35.00 -35.00 0.00022917
40.00 -35.00 0.00067044
45.00 -35.00 0.00131505
50.00 -35.00 0.00092796
55.00 -35.00 -0.00042351
60.00 -35.00 -0.00177276
65.00 -35.00 -0.0024093
70.00 -35.00 -0.00242043
75.00 -35.00 -0.00242313
80.00 -35.00 -0.00286203
85.00 -35.00 -0.00346275
90.00 -35.00 -0.0035211
95.00 -35.00 -0.00280656
100.00 -35.00 -0.00183609
105.00 -35.00 -0.00110646
110.00 -35.00 -0.00052797
115.00 -35.00 8.46e-05
120.00 -35.00 0.00045894
125.00 -35.00 0.00028911
130.00 -35.00 -0.00014127
135.00 -35.00 -0.00030108
140.00 -35.00 -0.00020397
145.00 -35.00 -0.00040218
150.00 -35.00 -0.00125502
155.00 -35.00 -0.00246963
160.00 -35.00 -0.00323919
165.00 -35.00 -0.00274575
170.00 -35.00 -0.00094821
175.00 -35.00 0.00091485
180.00 -35.00 0.00118947
-180.00 -30.00 0.00273501
-175.00 -30.00 0.00099996
-170.00 -30.00 -0.00178599
-165.00 -30.00 -0.00299475
-160.00 -30.00 -0.00260325
-155.00 -30.00 -0.00251829
-150.00 -30.00 -0.00342309
-145.00 -30.00 -0.0041688
-140.00 -30.00 -0.00388413
-135.00 -30.00 -0.0030105
-130.00 -30.00 -0.00230937
-125.00 -30.00 -0.00209004
-120.00 -30.00 -0.00236871
-115.00 -30.00 -0.00281136
-110.00 -30.00 -0.00259113
-105.00 -30.00 -0.00114054
-100.00 -30.00 0.00094041
-95.00 -30.00 0.00234168
-90.00 -30.00 0.00243381
-85.00 -30.00 0.00175716
-80.00 -30.00 0.00117747
-75.00 -30.00 0.00106959
-70.00 -30.00 0.00141729
-65.00 -30.00 0.00214323
-60.00 -30.00 0.00295422
-55.00 -30.00 0.00326223
-50.00 -30.00 0.00278625
-45.00 -30.00 0.0020451
-40.00 -30.00 0.00178995
-35.00 -30.00 0.00207417
-30.00 -30.00 0.00226941
-25.00 -30.00 0.00189084
-20.00 -30.00 0.00113037
-15.00 -30.00 0.00065565
-10.00 -30.00 0.00092427
-5.00 -30.00 0.00156753
0.00 -30.00 0.00174426
5.00 -30.00 0.00141129
10.00 -30.00 0.00157383
15.00 -30.00 0.00258864
20.00 -30.00 0.00312321
25.00 -30.00 0.0019863
30.00 -30.00 0.00015948
35.00 -30.00 -0.00049803
40.00 -30.00 6.144e-05
45.00 -30.00 0.00027987
50.00 -30.00 -0.00054423
55.00 -30.00 -0.00155766
60.00 -30.00 -0.00190272
65.00 -30.00 -0.00164652
70.00 -30.00 -0.0012687
75.00 -30.00 -0.00119547
80.00 -30.00 -0.00164322
85.00 -30.00 -0.00221805
90.00 -30.00 -0.0020628
95.00 -30.00 -0.001008
100.00 -30.00 -3.192e-05
105.00 -30.00 2.637e-05
110.00 -30.00 -0.00041259
115.00 -30.00 -0.00047736
120.00 -30.00 -0.00012975
125.00 -30.00 0.00010887
130.00 -30.00 0.00017811
135.00 -30.00 0.00042843
140.00 -30.00 0.00088593
145.00 -30.00 0.00119622
150.00 -30.00 0.00101061
155.00 -30.00 9.003e-05
160.00 -30.00 -0.00135759
165.00 -30.00 -0.00213195
170.00 -30.00 -0.0009159
175.00 -30.00 0.0016044
180.00 -30.00 0.00273501
-180.00 -25.00 0.00400515
-175.00 -25.00 0.00176592
-170.00 -25.00 -0.00187416
-165.00 -25.00 -0.00322872
-160.00 -25.00 -0.00225741
-155.00 -25.00 -0.00188802
-150.00 -25.00 -0.00323151
-145.00 -25.00 -0.00444792
-140.00 -25.00 -0.00399036
-135.00 -25.00 -0.00247983
-130.00 -25.00 -0.00133599
-125.00 -25.00 -0.00128784
-120.00 -25.00 -0.00222027
-115.00 -25.00 -0.00328959
-110.00 -25.00 -0.00330318
-105.00 -25.00 -0.00180813
-100.00 -25.00 0.00031041
-95.00 -25.00 0.00172134
-90.00 -25.00 0.00189423
-85.00 -25.00 0.0012768
-80.00 -25.00 0.00064917
-75.00 -25.00 0.00060822
-70.00 -25.00 0.00136524
-65.00 -25.00 0.00254091
-60.00 -25.00 0.00317721
-55.00 -25.00 0.0025572
-50.00 -25.00 0.00127419
-45.00 -25.00 0.00083097
-40.00 -25.00 0.00175671
-35.00 -25.00 0.00289635
-30.00 -25.00 0.00306513
-25.00 -25.00 0.00243978
-20.00 -25.00 0.00176313
-15.00 -25.00 0.00133452
-10.00 -25.00 0.0013518
-5.00 -25.00 0.00199299
0.00 -25.00 0.00272061
5.00 -25.00 0.00277155
10.00 -25.00 0.0023772
15.00 -25.00 0.00210039
20.00 -25.00 0.00145827
25.00 -25.00 -8.88e-06
30.00 -25.00 -0.00112743
35.00 -25.00 -0.00072183
40.00 -25.00 6.387e-05
45.00 -25.00 -0.00057228
50.00 -25.00 -0.00204279
55.00 -25.00 -0.00236514
60.00 -25.00 -0.00131301
65.00 -25.00 -0.0003132
70.00 -25.00 -1.377e-05
75.00 -25.00 1.428e-05
80.00 -25.00 -0.00010137
85.00 -25.00 -0.00046065
90.00 -25.00 -0.0006174
95.00 -25.00 -0.00029196
100.00 -25.00 -0.00018405
105.00 -25.00 -0.0009231
110.00 -25.00 -0.00188604
115.00 -25.00 -0.00204417
120.00 -25.00 -0.00134436
125.00 -25.00 -0.00041289
130.00 -25.00 0.00045609
135.00 -25.00 0.00123705
140.00 -25.00 0.00175557
145.00 -25.00 0.00203703
150.00 -25.00 0.00233979
155.00 -25.00 0.00229005
160.00 -25.00 0.00116118
165.00 -25.00 -0.00025431
170.00 -25.00 0.00020889
175.00 -25.00 0.00269394
180.00 -25.00 0.00400515
-180.00 -20.00 0.00371643
-175.00 -20.00 0.00080403
-170.00 -20.00 -0.00319047
-165.00 -20.00 -0.00415089
-160.00 -20.00 -0.00213504
-155.00 -20.00 -0.00077907
-150.00 -20.00 -0.00170553
-145.00 -20.00 -0.00301761
-140.00 -20.00 -0.00288807
-135.00 -20.00 -0.00172659
-130.00 -20.00 -0.00088527
-125.00 -20.00 -0.00115674
-120.00 -20.00 -0.0023853
-115.00 -20.00 -0.00348432
-110.00 -20.00 -0.00325344
-105.00 -20.00 -0.00168879
-100.00 -20.00 3.207e-05
-95.00 -20.00 0.00088986
-90.00 -20.00 0.00075789
-85.00 -20.00 9.798e-05
-80.00 -20.00 -0.00038523
-75.00 -20.00 -2.124e-05
-70.00 -20.00 0.00129873
-65.00 -20.00 0.0027813
-60.00 -20.00 0.00314871
-55.00 -20.00 0.0018507
-50.00 -20.00 8.655e-05
-45.00 -20.00 -0.00016104
-40.00 -20.00 0.0013332
-35.00 -20.00 0.00264282
-30.00 -20.00 0.00254109
-25.00 -20.00 0.00195087
-20.00 -20.00 0.00165693
-15.00 -20.00 0.00101277
-10.00 -20.00 0.00011157
-5.00 -20.00 0.00046176
0.00 -20.00 0.00218898
5.00 -20.00 0.00332829
10.00 -20.00 0.00284259
15.00 -20.00 0.00160878
20.00 -20.00 0.00021861
25.00 -20.00 -0.00120504
30.00 -20.00 -0.00149076
35.00 -20.00 -1.986e-05
40.00 -20.00 0.00109125
45.00 -20.00 -0.00020274
50.00 -20.00 -0.00221544
55.00 -20.00 -0.00206445
60.00 -20.00 -0.00027264
65.00 -20.00 0.00053127
70.00 -20.00 -6.72e-05
75.00 -20.00 -0.00044151
80.00 -20.00 -0.0001188
85.00 -20.00 -3.666e-05
90.00 -20.00 -0.00051969
95.00 -20.00 -0.00107982
100.00 -20.00 -0.00155505
105.00 -20.00 -0.00203406
110.00 -20.00 -0.0022311
115.00 -20.00 -0.00185403
120.00 -20.00 -0.00108408
125.00 -20.00 -0.00018225
130.00 -20.00 0.00077337
135.00 -20.00 0.00143922
140.00 -20.00 0.00134232
145.00 -20.00 0.00090648
150.00 -20.00 0.00127161
155.00 -20.00 0.00239163
160.00 -20.00 0.00270444
165.00 -20.00 0.0018225
170.00 -20.00 0.00170139
175.00 -20.00 0.00322119
180.00 -20.00 0.00371646
-180.00 -15.00 0.00159834
-175.00 -15.00 -0.00101754
-170.00 -15.00 -0.00392391
-165.00 -15.00 -0.00403122
-160.00 -15.00 -0.0016161
-155.00 -15.00 0.00012468
-150.00 -15.00 -0.0002643
-145.00 -15.00 -0.00133437
-140.00 -15.00 -0.00161601
-135.00 -15.00 -0.00114018
-130.00 -15.00 -0.00061938
-125.00 -15.00 -0.00074244
-120.00 -15.00 -0.00165495
-115.00 -15.00 -0.00247527
-110.00 -15.00 -0.00219975
-105.00 -15.00 -0.00105747
-100.00 -15.00 -3.633e-05
-95.00 -15.00 0.00038058
-90.00 -15.00 0.00022791
-85.00 -15.00 -0.00024432
-80.00 -15.00 -0.00034989
-75.00 -15.00 0.00049677
-70.00 -15.00 0.00182889
-65.00 -15.00 0.0025746
-60.00 -15.00 0.00218271
-55.00 -15.00 0.00088125
-50.00 -15.00 -0.0003693
-45.00 -15.00 -0.00029925
-40.00 -15.00 0.00107769
-35.00 -15.00 0.00208755
-30.00 -15.00 0.00191613
-25.00 -15.00 0.00167607
-20.00 -15.00 0.00160863
-15.00 -15.00 0.00030408
-10.00 -15.00 -0.00166815
-5.00 -15.00 -0.00134829
0.00 -15.00 0.00159681
5.00 -15.00 0.00377823
10.00 -15.00 0.00339678
15.00 -15.00 0.00209802
20.00 -15.00 0.00095853
25.00 -15.00 -0.00045081
30.00 -15.00 -0.00112245
35.00 -15.00 0.00017964
40.00 -15.00 0.00147996
45.00 -15.00 0.00023247
50.00 -15.00 -0.00196767
55.00 -15.00 -0.00191643
60.00 -15.00 -0.00018966
65.00 -15.00 0.00032907
70.00 -15.00 -0.00060876
75.00 -15.00 -0.00100962
80.00 -15.00 -0.00039123
85.00 -15.00 -5.55e-05
90.00 -15.00 -0.00065694
95.00 -15.00 -0.00151089
100.00 -15.00 -0.00170463
105.00 -15.00 -0.00096885
110.00 -15.00 0.00014811
115.00 -15.00 0.00083598
120.00 -15.00 0.00099897
125.00 -15.00 0.00127506
130.00 -15.00 0.00186831
135.00 -15.00 0.0020406
140.00 -15.00 0.00123081
145.00 -15.00 0.00025251
150.00 -15.00 0.00063297
155.00 -15.00 0.00250005
160.00 -15.00 0.00397392
165.00 -15.00 0.0036369
170.00 -15.00 0.00258567
175.00 -15.00 0.00226995
180.00 -15.00 0.00159834
-180.00 -10.00 -0.00038424
-175.00 -10.00 -0.00166989
-170.00 -10.00 -0.00254217
-165.00 -10.00 -0.00203274
-160.00 -10.00 -0.0006036
-155.00 -10.00 0.00012753
-150.00 -10.00 -0.00027048
-145.00 -10.00 -0.00087807
-140.00 -10.00 -0.00104763
-135.00 -10.00 -0.00073683
-130.00 -10.00 -0.00015429
-125.00 -10.00 7.089e-05
-120.00 -10.00 -0.00052185
-115.00 -10.00 -0.00136278
-110.00 -10.00 -0.00169461
-105.00 -10.00 -0.00160953
-100.00 -10.00 -0.00132318
-95.00 -10.00 -0.00074253
-90.00 -10.00 -0.00026235
-85.00 -10.00 -0.00021432
-80.00 -10.00 0.00027558
-75.00 -10.00 0.00176403
-70.00 -10.00 0.00280242
-65.00 -10.00 0.00205503
-60.00 -10.00 0.00055152
-55.00 -10.00 -0.00017631
-50.00 -10.00 -0.00016107
-45.00 -10.00 0.00015648
-40.00 -10.00 0.00076929
-35.00 -10.00 0.00127926
-30.00 -10.00 0.00147852
-25.00 -10.00 0.00192252
-20.00 -10.00 0.00204207
-15.00 -10.00 0.0003282
-10.00 -10.00 -0.00187239
-5.00 -10.00 -0.00104148
0.00 -10.00 0.00242154
5.00 -10.00 0.00418629
10.00 -10.00 0.00314286
15.00 -10.00 0.00231156
20.00 -10.00 0.00228453
25.00 -10.00 0.000762
30.00 -10.00 -0.00150687
35.00 -10.00 -0.00143991
40.00 -10.00 0.00025404
45.00 -10.00 0.00019128
50.00 -10.00 -0.00156951
55.00 -10.00 -0.00221724
60.00 -10.00 -0.00136854
65.00 -10.00 -0.00081354
70.00 -10.00 -0.00086592
75.00 -10.00 -0.00057945
80.00 -10.00 -7.65e-06
85.00 -10.00 6.411e-05
90.00 -10.00 -0.00052449
95.00 -10.00 -0.00110967
100.00 -10.00 -0.00066549
105.00 -10.00 0.00110754
110.00 -10.00 0.00284373
115.00 -10.00 0.00300729
120.00 -10.00 0.0022206
125.00 -10.00 0.00221019
130.00 -10.00 0.0029406
135.00 -10.00 0.00297549
140.00 -10.00 0.00209142
145.00 -10.00 0.00157905
150.00 -10.00 0.00241053
155.00 -10.00 0.00421131
160.00 -10.00 0.00554511
165.00 -10.00 0.00508287
170.00 -10.00 0.00307614
175.00 -10.00 0.00103542
180.00 -10.00 -0.00038424
-180.00 -5.00 -0.00077163
-175.00 -5.00 -0.00099483
-170.00 -5.00 -0.00058797
-165.00 -5.00 -0.00025365
-160.00 -5.00 -0.00036114
-155.00 -5.00 -0.00091284
-150.00 -5.00 -0.00140016
-145.00 -5.00 -0.00139629
-140.00 -5.00 -0.00105351
-135.00 -5.00 -0.0005916
-130.00 -5.00 -0.00013518
-125.00 -5.00 -0.00010491
-120.00 -5.00 -0.00068607
-115.00 -5.00 -0.00138408
-110.00 -5.00 -0.001971
-105.00 -5.00 -0.00262539
-100.00 -5.00 -0.00275877
-95.00 -5.00 -0.00178623
-90.00 -5.00 -0.00077604
-85.00 -5.00 -0.00063576
-80.00 -5.00 5.409e-05
-75.00 -5.00 0.00214398
-70.00 -5.00 0.00319812
-65.00 -5.00 0.00140526
-60.00 -5.00 -0.00078249
-55.00 -5.00 -0.00059694
-50.00 -5.00 0.00081066
-45.00 -5.00 0.00114156
-40.00 -5.00 0.0004902
-35.00 -5.00 4.818e-05
-30.00 -5.00 0.0003564
-25.00 -5.00 0.00137787
-20.00 -5.00 0.00196305
-15.00 -5.00 0.00079452
-10.00 -5.00 -0.00051282
-5.00 -5.00 0.00098322
0.00 -5.00 0.00385569
5.00 -5.00 0.00388233
10.00 -5.00 0.00165195
15.00 -5.00 0.00143406
20.00 -5.00 0.00273504
25.00 -5.00 0.00119844
30.00 -5.00 -0.00261456
35.00 -5.00 -0.00370599
40.00 -5.00 -0.00125421
45.00 -5.00 0.00068526
50.00 -5.00 9.135e-05
55.00 -5.00 -0.0013797
60.00 -5.00 -0.00221427
65.00 -5.00 -0.00218664
70.00 -5.00 -0.00135405
75.00 -5.00 -0.00037368
80.00 -5.00 -0.00013608
85.00 -5.00 -0.00047049
90.00 -5.00 -0.00074736
95.00 -5.00 -0.00077334
100.00 -5.00 3.798e-05
105.00 -5.00 0.00210258
110.00 -5.00 0.0037722
115.00 -5.00 0.00316557
120.00 -5.00 0.0016176
125.00 -5.00 0.00168003
130.00 -5.00 0.0028293
135.00 -5.00 0.00299307
140.00 -5.00 0.00255933
145.00 -5.00 0.00316809
150.00 -5.00 0.00452418
155.00 -5.00 0.00537219
160.00 -5.00 0.00550551
165.00 -5.00 0.00489714
170.00 -5.00 0.00312837
175.00 -5.00 0.00076275
180.00 -5.00 -0.00077163
-180.00 0.00 -0.00025497
-175.00 0.00 -0.00033069
-170.00 0.00 0.0001488
-165.00 0.00 9.786e-05
-160.00 0.00 -0.00061287
-155.00 0.00 -0.00139383
-150.00 0.00 -0.00167772
-145.00 0.00 -0.0013842
-140.00 0.00 -0.00086985
-135.00 0.00 -0.00049878
-130.00 0.00 -0.00053535
-125.00 0.00 -0.00107661
-120.00 0.00 -0.00162573
-115.00 0.00 -0.00161574
-110.00 0.00 -0.00158043
-105.00 0.00 -0.00218766
-100.00 0.00 -0.00247077
-95.00 0.00 -0.00150786
-90.00 0.00 -0.00070803
-85.00 0.00 -0.00115674
-80.00 0.00 -0.00084228
-75.00 0.00 0.00149301
-70.00 0.00 0.00286983
-65.00 0.00 0.00096207
-60.00 0.00 -0.00126849
-55.00 0.00 -0.0004002
-50.00 0.00 0.00193443
-45.00 0.00 0.00236082
-40.00 0.00 0.00076422
-35.00 0.00 -0.0008772
-30.00 0.00 -0.00130266
-25.00 0.00 -0.00037173
-20.00 0.00 0.00078807
-15.00 0.00 0.000792
-10.00 0.00 0.00065757
-5.00 0.00 0.00237981
0.00 0.00 0.00428457
5.00 0.00 0.00309195
10.00 0.00 0.0005217
15.00 0.00 0.00092679
20.00 0.00 0.00298101
25.00 0.00 0.00160485
30.00 0.00 -0.00272871
35.00 0.00 -0.00450522
40.00 0.00 -0.00199128
45.00 0.00 0.00118989
50.00 0.00 0.00197937
55.00 0.00 0.00041964
60.00 0.00 -0.00191562
65.00 0.00 -0.00303525
70.00 0.00 -0.00213951
75.00 0.00 -0.00090153
80.00 0.00 -0.00092349
85.00 0.00 -0.00126282
90.00 0.00 -0.00082116
95.00 0.00 -0.00028011
100.00 0.00 0.00035199
105.00 0.00 0.00213666
110.00 0.00 0.0039435
115.00 0.00 0.00347565
120.00 0.00 0.00171759
125.00 0.00 0.00141903
130.00 0.00 0.00221898
135.00 0.00 0.00223851
140.00 0.00 0.00230592
145.00 0.00 0.00377265
150.00 0.00 0.00500061
155.00 0.00 0.00426318
160.00 0.00 0.00295905
165.00 0.00 0.00266271
170.00 0.00 0.0023568
175.00 0.00 0.00101406
180.00 0.00 -0.00025497
-180.00 5.00 5.934e-05
-175.00 5.00 -0.00013281
-170.00 5.00 0.00032631
-165.00 5.00 0.00052839
-160.00 5.00 0.0003393
-155.00 5.00 3.345e-05
-150.00 5.00 -0.00026376
-145.00 5.00 -0.00046473
-140.00 5.00 -0.00046953
-135.00 5.00 -0.00039912
-130.00 5.00 -0.00064074
-125.00 5.00 -0.00128421
-120.00 5.00 -0.0016485
-115.00 5.00 -0.0012429
-110.00 5.00 -0.00090846
-105.00 5.00 -0.00146028
-100.00 5.00 -0.0019116
-95.00 5.00 -0.00130476
-90.00 5.00 -0.00089691
-85.00 5.00 -0.00155763
-80.00 5.00 -0.00126735
-75.00 5.00 0.00113208
-70.00 5.00 0.00271431
-65.00 5.00 0.00112017
-60.00 5.00 -0.00100908
-55.00 5.00 -0.00035007
-50.00 5.00 0.00189918
-45.00 5.00 0.0026385
-40.00 5.00 0.00130236
-35.00 5.00 -0.00069507
-30.00 5.00 -0.00193263
-25.00 5.00 -0.00150582
-20.00 5.00 1.665e-05
-15.00 5.00 0.00094389
-10.00 5.00 0.00127038
-5.00 5.00 0.00242301
0.00 5.00 0.00353478
5.00 5.00 0.00247488
10.00 5.00 0.00069414
15.00 5.00 0.00138258
20.00 5.00 0.00323712
25.00 5.00 0.00220275
30.00 5.00 -0.00145836
35.00 5.00 -0.00362292
40.00 5.00 -0.0025296
45.00 5.00 8.97e-06
50.00 5.00 0.00169413
55.00 5.00 0.00113151
60.00 5.00 -0.00132516
65.00 5.00 -0.0030342
70.00 5.00 -0.00226284
75.00 5.00 -0.00095244
80.00 5.00 -0.00110562
85.00 5.00 -0.00129105
90.00 5.00 -0.00016299
95.00 5.00 0.00070488
100.00 5.00 0.00066288
105.00 5.00 0.00171237
110.00 5.00 0.00397974
115.00 5.00 0.0047781
120.00 5.00 0.00352863
125.00 5.00 0.00238761
130.00 5.00 0.00202197
135.00 5.00 0.00173082
140.00 5.00 0.00230325
145.00 5.00 0.00408576
150.00 5.00 0.00469329
155.00 5.00 0.00274416
160.00 5.00 0.00073374
165.00 5.00 0.0008862
170.00 5.00 0.0016875
175.00 5.00 0.00115386
180.00 5.00 5.934e-05
-180.00 10.00 -0.00012045
-175.00 10.00 -0.00011505
-170.00 10.00 0.00074874
-165.00 10.00 0.00142581
-160.00 10.00 0.00162309
-155.00 10.00 0.00141576
-150.00 10.00 0.00079116
-145.00 10.00 -6.738e-05
-140.00 10.00 -0.00073257
-135.00 10.00 -0.0009666
-130.00 10.00 -0.00098688
-125.00 10.00 -0.00112365
-120.00 10.00 -0.00131082
-115.00 10.00 -0.00137838
-110.00 10.00 -0.00166398
-105.00 10.00 -0.002397
-100.00 10.00 -0.00286659
-95.00 10.00 -0.00255519
-90.00 10.00 -0.0022395
-85.00 10.00 -0.00224886
-80.00 10.00 -0.00122496
-75.00 10.00 0.00118485
-70.00 10.00 0.00259599
-65.00 10.00 0.00139359
-60.00 10.00 -0.00047973
-55.00 10.00 -0.00062691
-50.00 10.00 0.00051105
-45.00 10.00 0.00128283
-40.00 10.00 0.00110523
-35.00 10.00 0.00012387
-30.00 10.00 -0.00094566
-25.00 10.00 -0.00073929
-20.00 10.00 0.00086793
-15.00 10.00 0.00208638
-10.00 10.00 0.00206694
-5.00 10.00 0.00197886
0.00 10.00 0.00214707
5.00 10.00 0.00153582
10.00 10.00 0.00067338
15.00 10.00 0.00117966
20.00 10.00 0.00232245
25.00 10.00 0.00185034
30.00 10.00 -0.0003123
35.00 10.00 -0.00230154
40.00 10.00 -0.00286707
45.00 10.00 -0.00172119
50.00 10.00 0.00036582
55.00 10.00 0.00111714
60.00 10.00 -0.00055959
65.00 10.00 -0.00215697
70.00 10.00 -0.00139785
75.00 10.00 -0.00018429
80.00 10.00 -0.00069633
85.00 10.00 -0.00116205
90.00 10.00 0.00016062
95.00 10.00 0.00121794
100.00 10.00 0.00054012
105.00 10.00 0.00053589
110.00 10.00 0.00278202
115.00 10.00 0.00484311
120.00 10.00 0.00451911
125.00 10.00 0.00287862
130.00 10.00 0.00164484
135.00 10.00 0.00141744
140.00 10.00 0.00249828
145.00 10.00 0.0041553
150.00 10.00 0.00426702
155.00 10.00 0.00239112
160.00 10.00 0.00097914
165.00 10.00 0.00145227
170.00 10.00 0.0020139
175.00 10.00 0.00109728
180.00 10.00 -0.00012045
-180.00 15.00 -0.00066891
-175.00 15.00 -0.00019827
-170.00 15.00 0.0008424
-165.00 15.00 0.00113073
-160.00 15.00 0.00063939
-155.00 15.00 4.737e-05
-150.00 15.00 -0.00035823
-145.00 15.00 -0.00081279
-140.00 15.00 -0.00149664
-135.00 15.00 -0.00209061
-130.00 15.00 -0.00214077
-125.00 15.00 -0.00181056
-120.00 15.00 -0.00175356
-115.00 15.00 -0.00221361
-110.00 15.00 -0.00278853
-105.00 15.00 -0.00305175
-100.00 15.00 -0.00300009
-95.00 15.00 -0.00295452
-90.00 15.00 -0.00305409
-85.00 15.00 -0.00274557
-80.00 15.00 -0.00136125
-75.00 15.00 0.00049617
-70.00 15.00 0.00126372
-65.00 15.00 0.00055746
-60.00 15.00 -0.0004227
-55.00 15.00 -0.00087252
-50.00 15.00 -0.00100347
-45.00 15.00 -0.00077823
-40.00 15.00 -7.419e-05
-35.00 15.00 0.00034176
-30.00 15.00 5.838e-05
-25.00 15.00 0.0002322
-20.00 15.00 0.00157263
-15.00 15.00 0.00267534
-10.00 15.00 0.00221103
-5.00 15.00 0.00090681
0.00 15.00 -6.93e-05
5.00 15.00 -0.00060981
10.00 15.00 -0.00070317
15.00 15.00 -0.00011655
20.00 15.00 0.00061725
25.00 15.00 0.00063927
30.00 15.00 -0.00013497
35.00 15.00 -0.00130947
40.00 15.00 -0.002154
45.00 15.00 -0.00138987
50.00 15.00 0.00094542
55.00 15.00 0.00221238
60.00 15.00 0.00074265
65.00 15.00 -0.00102489
70.00 15.00 -0.00054078
75.00 15.00 0.00045888
80.00 15.00 -0.00034215
85.00 15.00 -0.00124008
90.00 15.00 -0.00012189
95.00 15.00 0.00113799
100.00 15.00 0.00039288
105.00 15.00 -0.00047175
110.00 15.00 0.00092337
115.00 15.00 0.00312069
120.00 15.00 0.00347091
125.00 15.00 0.00216018
130.00 15.00 0.00116961
135.00 15.00 0.00150513
140.00 15.00 0.00272403
145.00 15.00 0.00359046
150.00 15.00 0.00311028
155.00 15.00 0.00192522
160.00 15.00 0.00165579
165.00 15.00 0.00226473
170.00 15.00 0.00199521
175.00 15.00 0.00043434
180.00 15.00 -0.00066891
-180.00 20.00 -0.00099024
-175.00 20.00 7.791e-05
-170.00 20.00 0.00079068
-165.00 20.00 -6.327e-05
-160.00 20.00 -0.00174435
-155.00 20.00 -0.0025932
-150.00 20.00 -0.00202794
-145.00 20.00 -0.00114363
-140.00 20.00 -0.00126933
-135.00 20.00 -0.00222744
-130.00 20.00 -0.00270339
-125.00 20.00 -0.00226893
-120.00 20.00 -0.00188727
-115.00 20.00 -0.00211401
-110.00 20.00 -0.00212886
-105.00 20.00 -0.00126747
-100.00 20.00 -0.00037329
-95.00 20.00 -0.00061566
-90.00 20.00 -0.00165249
-85.00 20.00 -0.00206928
-80.00 20.00 -0.00144726
-75.00 20.00 -0.00086772
-70.00 20.00 -0.00108951
-65.00 20.00 -0.00143313
-60.00 20.00 -0.00125325
-55.00 20.00 -0.00122643
-50.00 20.00 -0.00189408
-45.00 20.00 -0.00224319
-40.00 20.00 -0.00139401
-35.00 20.00 -0.00037926
-30.00 20.00 -0.00039555
-25.00 20.00 -0.00065052
-20.00 20.00 8.55e-05
-15.00 20.00 0.00108048
-10.00 20.00 0.00071121
-5.00 20.00 -0.00106479
0.00 20.00 -0.00276804
5.00 20.00 -0.00316596
10.00 20.00 -0.00219249
15.00 20.00 -0.00076692
20.00 20.00 4.557e-05
25.00 20.00 2.82e-05
30.00 20.00 -0.00034338
35.00 20.00 -0.00080691
40.00 20.00 -0.00097014
45.00 20.00 0.00013947
50.00 20.00 0.00228369
55.00 20.00 0.00302721
60.00 20.00 0.00108264
65.00 20.00 -0.00104805
70.00 20.00 -0.00074529
75.00 20.00 0.00061371
80.00 20.00 0.00056355
85.00 20.00 -4.794e-05
90.00 20.00 0.00067935
95.00 20.00 0.00168594
100.00 20.00 0.00108567
105.00 20.00 -4.23e-05
110.00 20.00 0.00042522
115.00 20.00 0.00193953
120.00 20.00 0.00252447
125.00 20.00 0.00211497
130.00 20.00 0.00220407
135.00 20.00 0.00322995
140.00 20.00 0.00403497
145.00 20.00 0.00349713
150.00 20.00 0.00191061
155.00 20.00 0.00071481
160.00 20.00 0.00075339
165.00 20.00 0.00109962
170.00 20.00 0.00043527
175.00 20.00 -0.00079722
180.00 20.00 -0.00099024
-180.00 25.00 -0.00045543
-175.00 25.00 0.0010287
-170.00 25.00 0.00143013
-165.00 25.00 -1.53e-06
-160.00 25.00 -0.0020286
-155.00 25.00 -0.00270624
-150.00 25.00 -0.00155718
-145.00 25.00 -0.00014622
-140.00 25.00 -0.00018084
-135.00 25.00 -0.00135882
-130.00 25.00 -0.0019539
-125.00 25.00 -0.00140271
-120.00 25.00 -0.00092793
-115.00 25.00 -0.00123858
-110.00 25.00 -0.00122499
-105.00 25.00 6.87e-05
-100.00 25.00 0.0015429
-95.00 25.00 0.00151728
-90.00 25.00 0.00020463
-85.00 25.00 -0.00081936
-80.00 25.00 -0.00109836
-75.00 25.00 -0.00158019
-70.00 25.00 -0.00250836
-65.00 25.00 -0.00282927
-60.00 25.00 -0.00218511
-55.00 25.00 -0.00177339
-50.00 25.00 -0.00229143
-45.00 25.00 -0.0026247
-40.00 25.00 -0.00184206
-35.00 25.00 -0.00100923
-30.00 25.00 -0.00143178
-25.00 25.00 -0.0023295
-20.00 25.00 -0.00205785
-15.00 25.00 -0.00084693
-10.00 25.00 -0.00057456
-5.00 25.00 -0.00205038
0.00 25.00 -0.00383739
5.00 25.00 -0.00396291
10.00 25.00 -0.00216519
15.00 25.00 -0.00010011
20.00 25.00 0.00061875
25.00 25.00 0.00010101
30.00 25.00 -0.00052356
35.00 25.00 -0.00074421
40.00 25.00 -0.00057867
45.00 25.00 0.00024207
50.00 25.00 0.00141369
55.00 25.00 0.00136671
60.00 25.00 -0.00057882
65.00 25.00 -0.00238017
70.00 25.00 -0.00177654
75.00 25.00 0.0004635
80.00 25.00 0.00201534
85.00 25.00 0.00239955
90.00 25.00 0.00255207
95.00 25.00 0.00240195
100.00 25.00 0.00141972
105.00 25.00 0.00047427
110.00 25.00 0.00081183
115.00 25.00 0.00201525
120.00 25.00 0.00285627
125.00 25.00 0.00337179
130.00 25.00 0.00442284
135.00 25.00 0.00575016
140.00 25.00 0.00594099
145.00 25.00 0.00430704
150.00 25.00 0.00187905
155.00 25.00 0.0002466
160.00 25.00 -0.00020061
165.00 25.00 -0.00040458
170.00 25.00 -0.00101403
175.00 25.00 -0.0013305
180.00 25.00 -0.00045543
-180.00 30.00 0.00018465
-175.00 30.00 0.00133881
-170.00 30.00 0.00164796
-165.00 30.00 0.00086304
-160.00 30.00 -0.00010965
-155.00 30.00 -0.0002286
-150.00 30.00 0.00039189
-145.00 30.00 0.00051423
-140.00 30.00 -0.00059772
-135.00 30.00 -0.00194346
-130.00 30.00 -0.00196497
-125.00 30.00 -0.00083121
-120.00 30.00 -0.00037368
-115.00 30.00 -0.00142386
-110.00 30.00 -0.00249981
-105.00 30.00 -0.0019599
-100.00 30.00 -0.00035841
-95.00 30.00 0.00050874
-90.00 30.00 0.00011688
-85.00 30.00 -0.00058437
-80.00 30.00 -0.00102351
-75.00 30.00 -0.00156504
-70.00 30.00 -0.0022365
-65.00 30.00 -0.00236412
-60.00 30.00 -0.00185607
-55.00 30.00 -0.00156933
-50.00 30.00 -0.00182985
-45.00 30.00 -0.00179058
-40.00 30.00 -0.00103044
-35.00 30.00 -0.0006201
-30.00 30.00 -0.00148659
-25.00 30.00 -0.00262854
-20.00 30.00 -0.00232644
-15.00 30.00 -0.00069855
-10.00 30.00 0.00029352
-5.00 30.00 -0.00052854
0.00 30.00 -0.00198738
5.00 30.00 -0.00210315
10.00 30.00 -0.00062592
15.00 30.00 0.00075207
20.00 30.00 0.00066594
25.00 30.00 -0.00031896
30.00 30.00 -0.00085737
35.00 30.00 -0.00071256
40.00 30.00 -0.00053034
45.00 30.00 -0.0004542
50.00 30.00 -0.00028539
55.00 30.00 -0.00050673
60.00 30.00 -0.00162531
65.00 30.00 -0.00275097
70.00 30.00 -0.00232041
75.00 30.00 -0.00019374
80.00 30.00 0.00215232
85.00 30.00 0.00334665
90.00 30.00 0.00304836
95.00 30.00 0.00160695
100.00 30.00 -8.499e-05
105.00 30.00 -0.00077754
110.00 30.00 6.474e-05
115.00 30.00 0.00162621
120.00 30.00 0.00286911
125.00 30.00 0.00380913
130.00 30.00 0.004929
135.00 30.00 0.00585438
140.00 30.00 0.00558153
145.00 30.00 0.00391581
150.00 30.00 0.00189957
155.00 30.00 0.00062199
160.00 30.00 0.00010335
165.00 30.00 -0.00031635
170.00 30.00 -0.00079671
175.00 30.00 -0.00074628
180.00 30.00 0.00018465
-180.00 35.00 -0.00028185
-175.00 35.00 -0.00013089
-170.00 35.00 -8.94e-05
-165.00 35.00 8.52e-05
-160.00 35.00 0.00063351
-155.00 35.00 0.00124245
-150.00 35.00 0.00101685
-145.00 35.00 -0.00068253
-140.00 35.00 -0.0031779
-135.00 35.00 -0.00460362
-130.00 35.00 -0.00372369
-125.00 35.00 -0.00159003
-120.00 35.00 -0.00064623
-115.00 35.00 -0.00192384
-110.00 35.00 -0.00384375
-105.00 35.00 -0.00425259
-100.00 35.00 -0.00295947
-95.00 35.00 -0.0015471
-90.00 35.00 -0.00120306
-85.00 35.00 -0.0016725
-80.00 35.00 -0.00214869
-75.00 35.00 -0.00222225
-70.00 35.00 -0.00181935
-65.00 35.00 -0.00101841
-60.00 35.00 -0.00023493
-55.00 35.00 2.691e-05
-50.00 35.00 -0.00010842
-45.00 35.00 -1.62e-06
-40.00 35.00 0.00038952
-35.00 35.00 0.00021153
-30.00 35.00 -0.00094233
-25.00 35.00 -0.00201525
-20.00 35.00 -0.00162825
-15.00 35.00 3.966e-05
-10.00 35.00 0.00136533
-5.00 35.00 0.00133296
0.00 35.00 0.00070212
5.00 35.00 0.00073644
10.00 35.00 0.00134907
15.00 35.00 0.00128814
20.00 35.00 6.234e-05
25.00 35.00 -0.00121797
30.00 35.00 -0.00133848
35.00 35.00 -0.0005817
40.00 35.00 -7.806e-05
45.00 35.00 -9.432e-05
50.00 35.00 6.9e-06
55.00 35.00 0.00032247
60.00 35.00 8.751e-05
65.00 35.00 -0.00096162
70.00 35.00 -0.00182712
75.00 35.00 -0.00136179
80.00 35.00 0.00030162
85.00 35.00 0.00178422
90.00 35.00 0.00175539
95.00 35.00 0.00014796
100.00 35.00 -0.0017292
105.00 35.00 -0.0023355
110.00 35.00 -0.0013053
115.00 35.00 0.0003909
120.00 35.00 0.0016884
125.00 35.00 0.00242661
130.00 35.00 0.00293097
135.00 35.00 0.00313479
140.00 35.00 0.00266946
145.00 35.00 0.00162015
150.00 35.00 0.00062595
155.00 35.00 0.00015045
160.00 35.00 2.55e-05
165.00 35.00 -0.00013731
170.00 35.00 -0.00037287
175.00 35.00 -0.00043782
180.00 35.00 -0.00028185
-180.00 40.00 -0.00089286
-175.00 40.00 -0.00146952
-170.00 40.00 -0.00203817
-165.00 40.00 -0.00187128
-160.00 40.00 -0.00087666
-155.00 40.00 2.091e-05
-150.00 40.00 -0.00046209
-145.00 40.00 -0.00268347
-140.00 40.00 -0.00535914
-135.00 40.00 -0.00639183
-130.00 40.00 -0.00481188
-125.00 40.00 -0.00192552
-120.00 40.00 -0.00017799
-115.00 40.00 -0.00072237
-110.00 40.00 -0.00239568
-105.00 40.00 -0.00325161
-100.00 40.00 -0.00272592
-95.00 40.00 -0.00192438
-90.00 40.00 -0.0020496
-85.00 40.00 -0.00307614
-80.00 40.00 -0.00397488
-75.00 40.00 -0.00379518
-70.00 40.00 -0.00239226
-65.00 40.00 -0.00042606
-60.00 40.00 0.00115131
-55.00 40.00 0.00179778
-50.00 40.00 0.00173283
-45.00 40.00 0.00149181
-40.00 40.00 0.00115641
-35.00 40.00 0.00033732
-30.00 40.00 -0.00098385
-25.00 40.00 -0.00201198
-20.00 40.00 -0.00191751
-15.00 40.00 -0.0008481
-10.00 40.00 0.00027816
-5.00 40.00 0.00093924
0.00 40.00 0.00147228
5.00 40.00 0.002193
10.00 40.00 0.00254403
15.00 40.00 0.00168738
20.00 40.00 -0.00016467
25.00 40.00 -0.00164613
30.00 40.00 -0.00172581
35.00 40.00 -0.00082902
40.00 40.00 -5.772e-05
45.00 40.00 0.00030699
50.00 40.00 0.00083874
55.00 40.00 0.00162681
60.00 40.00 0.00174585
65.00 40.00 0.0004701
70.00 40.00 -0.00147081
75.00 40.00 -0.00243102
80.00 40.00 -0.00161535
85.00 40.00 4.017e-05
90.00 40.00 0.0008586
95.00 40.00 0.00012957
100.00 40.00 -0.00129504
105.00 40.00 -0.00202659
110.00 40.00 -0.00153912
115.00 40.00 -0.0004356
120.00 40.00 0.00046251
125.00 40.00 0.00092178
130.00 40.00 0.00115113
135.00 40.00 0.0012339
140.00 40.00 0.00101706
145.00 40.00 0.00044022
150.00 40.00 -0.00030873
155.00 40.00 -0.00097311
160.00 40.00 -0.00138132
165.00 40.00 -0.00143253
170.00 40.00 -0.00114954
175.00 40.00 -0.00082317
180.00 40.00 -0.00089286
-180.00 45.00 0.00035247
-175.00 45.00 -5.919e-05
-170.00 45.00 -0.00118209
-165.00 45.00 -0.00202686
-160.00 45.00 -0.00207393
-155.00 45.00 -0.00181053
-150.00 45.00 -0.00221394
-145.00 45.00 -0.00363324
-140.00 45.00 -0.00519393
-135.00 45.00 -0.00545217
-130.00 45.00 -0.00379812
-125.00 45.00 -0.00120222
-120.00 45.00 0.00058161
-115.00 45.00 0.00062094
-110.00 45.00 -0.00046575
-105.00 45.00 -0.00138783
-100.00 45.00 -0.0015966
-95.00 45.00 -0.00166302
-90.00 45.00 -0.00236808
-85.00 45.00 -0.0036762
-80.00 45.00 -0.00468318
-75.00 45.00 -0.00444912
-70.00 45.00 -0.00281973
-65.00 45.00 -0.00053808
-60.00 45.00 0.00134595
-55.00 45.00 0.00221679
-50.00 45.00 0.00216429
-45.00 45.00 0.00162363
-40.00 45.00 0.00086118
-35.00 45.00 -9.921e-05
-30.00 45.00 -0.00113706
-25.00 45.00 -0.00188016
-20.00 45.00 -0.00202236
-15.00 45.00 -0.00164868
-10.00 45.00 -0.00105303
-5.00 45.00 -0.00031527
0.00 45.00 0.00067002
5.00 45.00 0.0016911
10.00 45.00 0.00205317
15.00 45.00 0.00123291
20.00 45.00 -0.00036237
25.00 45.00 -0.00161175
30.00 45.00 -0.00177915
35.00 45.00 -0.00117711
40.00 45.00 -0.00058449
45.00 45.00 -0.00025836
50.00 45.00 0.00011712
55.00 45.00 0.00058929
60.00 45.00 0.00055134
65.00 45.00 -0.00049854
70.00 45.00 -0.0020457
75.00 45.00 -0.00281952
80.00 45.00 -0.0020721
85.00 45.00 -0.00040647
90.00 45.00 0.00080388
95.00 45.00 0.00074304
100.00 45.00 -0.00020244
105.00 45.00 -0.00103437
110.00 45.00 -0.0011562
115.00 45.00 -0.00071169
120.00 45.00 -0.00010752
125.00 45.00 0.00051237
130.00 45.00 0.00123579
135.00 45.00 0.0019998
140.00 45.00 0.00242508
145.00 45.00 0.00206418
150.00 45.00 0.00079839
155.00 45.00 -0.00095115
160.00 45.00 -0.00235929
165.00 45.00 -0.00267063
170.00 45.00 -0.00177315
175.00 45.00 -0.00040254
180.00 45.00 0.00035247
-180.00 50.00 0.00269235
-175.00 50.00 0.00292002
-170.00 50.00 0.00178875
-165.00 50.00 0.00015225
-160.00 50.00 -0.00113538
-155.00 50.00 -0.0018564
-150.00 50.00 -0.00236289
-145.00 50.00 -0.00296838
-140.00 50.00 -0.00348015
-135.00 50.00 -0.00338073
-130.00 50.00 -0.00246285
-125.00 50.00 -0.00120666
-120.00 50.00 -0.00043485
-115.00 50.00 -0.00056931
-110.00 50.00 -0.00127386
-105.00 50.00 -0.00185898
-100.00 50.00 -0.00198969
-95.00 50.00 -0.0019377
-90.00 50.00 -0.00216078
-85.00 50.00 -0.00271875
-80.00 50.00 -0.00314622
-75.00 50.00 -0.00287556
-70.00 50.00 -0.00176295
-65.00 50.00 -0.00023295
-60.00 50.00 0.00104577
-55.00 50.00 0.00162762
-50.00 50.00 0.00150588
-45.00 50.00 0.00096897
-40.00 50.00 0.00032517
-35.00 50.00 -0.00023103
-30.00 50.00 -0.00058719
-25.00 50.00 -0.00068685
-20.00 50.00 -0.00057696
-15.00 50.00 -0.00039954
-10.00 50.00 -0.00025236
-5.00 50.00 -8.856e-05
0.00 50.00 0.00015426
5.00 50.00 0.00032964
10.00 50.00 0.00012144
15.00 50.00 -0.00058191
20.00 50.00 -0.00140838
25.00 50.00 -0.00175104
30.00 50.00 -0.001359
35.00 50.00 -0.00060132
40.00 50.00 -7.893e-05
45.00 50.00 -4.62e-05
50.00 50.00 -0.00031395
55.00 50.00 -0.0006549
60.00 50.00 -0.00109611
65.00 50.00 -0.00170715
70.00 50.00 -0.00224274
75.00 50.00 -0.00222807
80.00 50.00 -0.00147765
85.00 50.00 -0.00041988
90.00 50.00 0.00021924
95.00 50.00 6.897e-05
100.00 50.00 -0.00058947
105.00 50.00 -0.00115437
110.00 50.00 -0.00124596
115.00 50.00 -0.00088986
120.00 50.00 -0.00026013
125.00 50.00 0.00060375
130.00 50.00 0.00174597
135.00 50.00 0.00300117
140.00 50.00 0.00384975
145.00 50.00 0.00366504
150.00 50.00 0.0022131
155.00 50.00 3.78e-06
160.00 50.00 -0.00185244
165.00 50.00 -0.00229473
170.00 50.00 -0.00106164
175.00 50.00 0.00104865
180.00 50.00 0.00269235
-180.00 55.00 0.00326424
-175.00 55.00 0.00388077
-170.00 55.00 0.00330708
-165.00 55.00 0.00201276
-160.00 55.00 0.00068166
-155.00 55.00 -0.00026169
-150.00 55.00 -0.00080646
-145.00 55.00 -0.00115701
-140.00 55.00 -0.00145299
-135.00 55.00 -0.00168639
-130.00 55.00 -0.00183303
-125.00 55.00 -0.00197844
-120.00 55.00 -0.00225312
-115.00 55.00 -0.00264489
-110.00 55.00 -0.00292731
-105.00 55.00 -0.00282948
-100.00 55.00 -0.00229659
-95.00 55.00 -0.00157152
-90.00 55.00 -0.00100164
-85.00 55.00 -0.00075195
-80.00 55.00 -0.00069066
-75.00 55.00 -0.00053712
-70.00 55.00 -0.00011928
-65.00 55.00 0.00048543
-60.00 55.00 0.00102084
-55.00 55.00 0.0012426
-50.00 55.00 0.00106737
-45.00 55.00 0.00059562
-40.00 55.00 3.84e-05
-35.00 55.00 -0.00037917
-30.00 55.00 -0.00050166
-25.00 55.00 -0.00030657
-20.00 55.00 7.758e-05
-15.00 55.00 0.00043089
-10.00 55.00 0.0005571
-5.00 55.00 0.00036633
0.00 55.00 -0.0001311
5.00 55.00 -0.00086817
10.00 55.00 -0.00170847
15.00 55.00 -0.00239157
20.00 55.00 -0.00257232
25.00 55.00 -0.00202887
30.00 55.00 -0.00089466
35.00 55.00 0.00033849
40.00 55.00 0.00111519
45.00 55.00 0.00117255
50.00 55.00 0.00065211
55.00 55.00 -8.631e-05
60.00 55.00 -0.00072354
65.00 55.00 -0.00109071
70.00 55.00 -0.00113889
75.00 55.00 -0.00091368
80.00 55.00 -0.0005784
85.00 55.00 -0.00037845
90.00 55.00 -0.00048327
95.00 55.00 -0.00082776
100.00 55.00 -0.0011391
105.00 55.00 -0.00115722
110.00 55.00 -0.00083859
115.00 55.00 -0.00033897
120.00 55.00 0.00019188
125.00 55.00 0.00076641
130.00 55.00 0.00148512
135.00 55.00 0.00230385
140.00 55.00 0.00289899
145.00 55.00 0.00281931
150.00 55.00 0.00185457
155.00 55.00 0.00032907
160.00 55.00 -0.00096528
165.00 55.00 -0.00122541
170.00 55.00 -0.00018945
175.00 55.00 0.00163356
180.00 55.00 0.00326424
-180.00 60.00 0.00151461
-175.00 60.00 0.00198684
-170.00 60.00 0.00198246
-165.00 60.00 0.00164322
-160.00 60.00 0.00123552
-155.00 60.00 0.00094584
-150.00 60.00 0.00077628
-145.00 60.00 0.00059265
-140.00 60.00 0.00025446
-135.00 60.00 -0.00028665
-130.00 60.00 -0.00097302
-125.00 60.00 -0.00168186
-120.00 60.00 -0.00226605
-115.00 60.00 -0.00257973
-110.00 60.00 -0.00251517
-105.00 60.00 -0.00206184
-100.00 60.00 -0.00134874
-95.00 60.00 -0.00061263
-90.00 60.00 -8.427e-05
-85.00 60.00 0.0001392
-80.00 60.00 0.00014328
-75.00 60.00 0.00012717
-70.00 60.00 0.0002649
-65.00 60.00 0.00058926
-60.00 60.00 0.00096888
-55.00 60.00 0.00118176
-50.00 60.00 0.00103575
-45.00 60.00 0.00047175
-40.00 60.00 -0.00039645
-35.00 60.00 -0.0013206
-30.00 60.00 -0.00201948
-25.00 60.00 -0.00229941
-20.00 60.00 -0.00213792
-15.00 60.00 -0.00168831
-10.00 60.00 -0.00120693
-5.00 60.00 -0.00094251
0.00 60.00 -0.00103701
5.00 60.00 -0.00146727
10.00 60.00 -0.0020415
15.00 60.00 -0.00246228
20.00 60.00 -0.00245508
25.00 60.00 -0.00191952
30.00 60.00 -0.00101208
35.00 60.00 -8.475e-05
40.00 60.00 0.0005037
45.00 60.00 0.00058563
50.00 60.00 0.00025899
55.00 60.00 -0.00020082
60.00 60.00 -0.00051495
65.00 60.00 -0.00054333
70.00 60.00 -0.00032589
75.00 60.00 -2.769e-05
80.00 60.00 0.00016797
85.00 60.00 0.00016695
90.00 60.00 2.145e-05
95.00 60.00 -0.00010134
100.00 60.00 -3.414e-05
105.00 60.00 0.00026442
110.00 60.00 0.00067149
115.00 60.00 0.00099069
120.00 60.00 0.00110487
125.00 60.00 0.00106287
130.00 60.00 0.00102096
135.00 60.00 0.0010857
140.00 60.00 0.00119613
145.00 60.00 0.00115809
150.00 60.00 0.00081609
155.00 60.00 0.00022587
160.00 60.00 -0.00032511
165.00 60.00 -0.00048777
170.00 60.00 -9.648e-05
175.00 60.00 0.00069798
180.00 60.00 0.00151461
-180.00 65.00 -0.00018885
-175.00 65.00 -0.00020001
-170.00 65.00 -0.00014805
-165.00 65.00 -1.527e-05
-160.00 65.00 0.00020781
-155.00 65.00 0.00048585
-150.00 65.00 0.00072978
-145.00 65.00 0.00082815
-140.00 65.00 0.00070155
-135.00 65.00 0.0003453
-130.00 65.00 -0.00016332
-125.00 65.00 -0.0006942
-120.00 65.00 -0.00111321
-115.00 65.00 -0.00132927
-110.00 65.00 -0.00132495
-105.00 65.00 -0.00116139
-100.00 65.00 -0.00095289
-95.00 65.00 -0.00081585
-90.00 65.00 -0.00080997
-85.00 65.00 -0.00090102
-80.00 65.00 -0.00097047
-75.00 65.00 -0.00087501
-70.00 65.00 -0.0005307
-65.00 65.00 2.124e-05
-60.00 65.00 0.00060429
-55.00 65.00 0.00096315
-50.00 65.00 0.00086523
-45.00 65.00 0.00020376
-40.00 65.00 -0.00094302
-35.00 65.00 -0.00232434
-30.00 65.00 -0.00359799
-25.00 65.00 -0.00444846
-20.00 65.00 -0.00469389
-15.00 65.00 -0.00434019
-10.00 65.00 -0.00356367
-5.00 65.00 -0.00263379
0.00 65.00 -0.00181101
5.00 65.00 -0.00126033
10.00 65.00 -0.00101346
15.00 65.00 -0.00099078
20.00 65.00 -0.00106899
25.00 65.00 -0.00115731
30.00 65.00 -0.00123972
35.00 65.00 -0.00136026
40.00 65.00 -0.00156363
45.00 65.00 -0.0018339
50.00 65.00 -0.0020763
55.00 65.00 -0.00215598
60.00 65.00 -0.0019707
65.00 65.00 -0.00151029
70.00 65.00 -0.00086748
75.00 65.00 -0.00019374
80.00 65.00 0.00037311
85.00 65.00 0.00076941
90.00 65.00 0.00102
95.00 65.00 0.00120033
100.00 65.00 0.00137076
105.00 65.00 0.00152745
110.00 65.00 0.00160494
115.00 65.00 0.00153051
120.00 65.00 0.00129204
125.00 65.00 0.00096726
130.00 65.00 0.00068838
135.00 65.00 0.00056283
140.00 65.00 0.00060534
145.00 65.00 0.0007299
150.00 65.00 0.0008076
155.00 65.00 0.00074835
160.00 65.00 0.00055032
165.00 65.00 0.00028671
170.00 65.00 4.809e-05
175.00 65.00 -0.00011181
180.00 65.00 -0.00018885
-180.00 70.00 -0.00011436
-175.00 70.00 -0.00049545
-170.00 70.00 -0.00071949
-165.00 70.00 -0.0007662
-160.00 70.00 -0.00065766
-155.00 70.00 -0.00045249
-150.00 70.00 -0.00023025
-145.00 70.00 -6.837e-05
-140.00 70.00 -1.929e-05
-135.00 70.00 -9.66e-05
-130.00 70.00 -0.00027582
-125.00 70.00 -0.00050934
-120.00 70.00 -0.00074844
-115.00 70.00 -0.00096249
-110.00 70.00 -0.00114711
-105.00 70.00 -0.00131772
-100.00 70.00 -0.00149202
-95.00 70.00 -0.00166881
-90.00 70.00 -0.00181446
-85.00 70.00 -0.00186576
-80.00 70.00 -0.00175167
-75.00 70.00 -0.00142827
-70.00 70.00 -0.00091323
-65.00 70.00 -0.00030309
-60.00 70.00 0.00023874
-55.00 70.00 0.00052431
-50.00 70.00 0.00040194
-45.00 70.00 -0.000186
-40.00 70.00 -0.00117084
-35.00 70.00 -0.00236529
-30.00 70.00 -0.00351108
-25.00 70.00 -0.00435108
-20.00 70.00 -0.00470145
-15.00 70.00 -0.00450009
-10.00 70.00 -0.00381684
-5.00 70.00 -0.00282471
0.00 70.00 -0.00174597
5.00 70.00 -0.00079242
10.00 70.00 -0.00011901
15.00 70.00 0.00019788
20.00 70.00 0.00015777
25.00 70.00 -0.00018258
30.00 70.00 -0.00073128
35.00 70.00 -0.00137829
40.00 70.00 -0.00200643
45.00 70.00 -0.00250089
50.00 70.00 -0.00276321
55.00 70.00 -0.00273045
60.00 70.00 -0.00239322
65.00 70.00 -0.00180273
70.00 70.00 -0.00105999
75.00 70.00 -0.00028896
80.00 70.00 0.0003972
85.00 70.00 0.00092247
90.00 70.00 0.00125709
95.00 70.00 0.00140883
100.00 70.00 0.0014049
105.00 70.00 0.0012771
110.00 70.00 0.00105867
115.00 70.00 0.00079119
120.00 70.00 0.00053211
125.00 70.00 0.00035091
130.00 70.00 0.00031041
135.00 70.00 0.00044019
140.00 70.00 0.00071676
145.00 70.00 0.00106365
150.00 70.00 0.00137352
155.00 70.00 0.00154404
160.00 70.00 0.00151116
165.00 70.00 0.00126699
170.00 70.00 0.00085746
175.00 70.00 0.00036522
180.00 70.00 -0.00011436
-180.00 75.00 0.00114531
-175.00 75.00 0.00080034
-170.00 75.00 0.00050025
-165.00 75.00 0.00027261
-160.00 75.00 0.00012444
-155.00 75.00 4.44e-05
-150.00 75.00 8.67e-06
-145.00 75.00 -1.116e-05
-140.00 75.00 -4.074e-05
-135.00 75.00 -9.759e-05
-130.00 75.00 -0.00018936
-125.00 75.00 -0.00031515
-120.00 75.00 -0.00046854
-115.00 75.00 -0.00064056
-110.00 75.00 -0.00082092
-105.00 75.00 -0.00099717
-100.00 75.00 -0.00115302
-95.00 75.00 -0.00126723
-90.00 75.00 -0.00131559
-85.00 75.00 -0.00127716
-80.00 75.00 -0.00114324
-75.00 75.00 -0.0009264
-70.00 75.00 -0.00066552
-65.00 75.00 -0.00042366
-60.00 75.00 -0.00027684
-55.00 75.00 -0.00029583
-50.00 75.00 -0.0005256
-45.00 75.00 -0.00096837
-40.00 75.00 -0.00157659
-35.00 75.00 -0.00225864
-30.00 75.00 -0.00289701
-25.00 75.00 -0.00337446
-20.00 75.00 -0.0036012
-15.00 75.00 -0.0035352
-10.00 75.00 -0.00319107
-5.00 75.00 -0.00263505
0.00 75.00 -0.00196812
5.00 75.00 -0.00130293
10.00 75.00 -0.0007407
15.00 75.00 -0.00035274
20.00 75.00 -0.00017067
25.00 75.00 -0.00018504
30.00 75.00 -0.00035169
35.00 75.00 -0.00060276
40.00 75.00 -0.00086061
45.00 75.00 -0.00105207
50.00 75.00 -0.00112164
55.00 75.00 -0.00104076
60.00 75.00 -0.0008124
65.00 75.00 -0.00046893
70.00 75.00 -6.426e-05
75.00 75.00 0.00033837
80.00 75.00 0.00067971
85.00 75.00 0.00091545
90.00 75.00 0.00102297
95.00 75.00 0.00100317
100.00 75.00 0.00087801
105.00 75.00 0.00068556
110.00 75.00 0.00047364
115.00 75.00 0.00029331
120.00 75.00 0.00019134
125.00 75.00 0.00020241
130.00 75.00 0.00034179
135.00 75.00 0.00060039
140.00 75.00 0.00094395
145.00 75.00 0.00131793
150.00 75.00 0.00165816
155.00 75.00 0.00190437
160.00 75.00 0.00201351
165.00 75.00 0.00196872
170.00 75.00 0.00178215
175.00 75.00 0.00149052
180.00 75.00 0.00114531
-180.00 80.00 0.00194082
-175.00 80.00 0.00183351
-170.00 80.00 0.00170631
-165.00 80.00 0.00157029
-160.00 80.00 0.00143346
-155.00 80.00 0.00130014
-150.00 80.00 0.00117138
-145.00 80.00 0.00104568
-140.00 80.00 0.00092004
-135.00 80.00 0.00079119
-130.00 80.00 0.00065655
-125.00 80.00 0.00051468
-120.00 80.00 0.00036555
-115.00 80.00 0.00021069
-110.00 80.00 5.307e-05
-105.00 80.00 -0.00010317
-100.00 80.00 -0.00025362
-95.00 80.00 -0.00039468
-90.00 80.00 -0.00052446
-85.00 80.00 -0.00064386
-80.00 80.00 -0.00075771
-75.00 80.00 -0.0008748
-70.00 80.00 -0.00100722
-65.00 80.00 -0.00116811
-60.00 80.00 -0.00136881
-55.00 80.00 -0.00161601
-50.00 80.00 -0.00190881
-45.00 80.00 -0.00223683
-40.00 80.00 -0.00258042
-35.00 80.00 -0.00291261
-30.00 80.00 -0.0032031
-25.00 80.00 -0.00342306
-20.00 80.00 -0.00354999
-15.00 80.00 -0.0035715
-10.00 80.00 -0.00348753
-5.00 80.00 -0.00330993
0.00 80.00 -0.00306003
5.00 80.00 -0.00276471
10.00 80.00 -0.00245166
15.00 80.00 -0.00214488
20.00 80.00 -0.0018615
25.00 80.00 -0.00160995
30.00 80.00 -0.00139038
35.00 80.00 -0.0011961
40.00 80.00 -0.00101655
45.00 80.00 -0.00084051
50.00 80.00 -0.00065943
55.00 80.00 -0.00046956
60.00 80.00 -0.00027282
65.00 80.00 -7.632e-05
70.00 80.00 0.00010896
75.00 80.00 0.0002706
80.00 80.00 0.00039783
85.00 80.00 0.00048399
90.00 80.00 0.00052821
95.00 80.00 0.00053589
100.00 80.00 0.00051825
105.00 80.00 0.00049113
110.00 80.00 0.00047259
115.00 80.00 0.00047994
120.00 80.00 0.00052701
125.00 80.00 0.00062208
130.00 80.00 0.00076635
135.00 80.00 0.00095325
140.00 80.00 0.00116919
145.00 80.00 0.00139551
150.00 80.00 0.00161142
155.00 80.00 0.00179706
160.00 80.00 0.00193656
165.00 80.00 0.00202008
170.00 80.00 0.00204498
175.00 80.00 0.00201543
180.00 80.00 0.00194082
-180.00 85.00 0.00098622
-175.00 85.00 0.00098298
-170.00 85.00 0.00096252
-165.00 85.00 0.00092553
-160.00 85.00 0.00087363
-155.00 85.00 0.0008085
-150.00 85.00 0.00073101
-145.00 85.00 0.00064113
-140.00 85.00 0.00053892
-135.00 85.00 0.00042516
-130.00 85.00 0.00030129
-125.00 85.00 0.00016869
-120.00 85.00 2.769e-05
-115.00 85.00 -0.00012207
-110.00 85.00 -0.00028089
-105.00 85.00 -0.00044814
-100.00 85.00 -0.00062235
-95.00 85.00 -0.00080226
-90.00 85.00 -0.00098748
-85.00 85.00 -0.00117834
-80.00 85.00 -0.00137472
-75.00 85.00 -0.00157548
-70.00 85.00 -0.00177837
-65.00 85.00 -0.00198102
-60.00 85.00 -0.00218154
-55.00 85.00 -0.00237816
-50.00 85.00 -0.00256836
-45.00 85.00 -0.00274815
-40.00 85.00 -0.00291264
-35.00 85.00 -0.00305715
-30.00 85.00 -0.00317808
-25.00 85.00 -0.00327291
-20.00 85.00 -0.00333957
-15.00 85.00 -0.00337611
-10.00 85.00 -0.00338103
-5.00 85.00 -0.00335418
0.00 85.00 -0.00329736
5.00 85.00 -0.00321384
10.00 85.00 -0.00310722
15.00 85.00 -0.00298071
20.00 85.00 -0.00283707
25.00 85.00 -0.00267939
30.00 85.00 -0.00251133
35.00 85.00 -0.00233682
40.00 85.00 -0.00215937
45.00 85.00 -0.00198135
50.00 85.00 -0.00180438
55.00 85.00 -0.00162996
60.00 85.00 -0.00146004
65.00 85.00 -0.00129693
70.00 85.00 -0.00114231
75.00 85.00 -0.00099672
80.00 85.00 -0.00085971
85.00 85.00 -0.00073035
90.00 85.00 -0.00060789
95.00 85.00 -0.00049179
100.00 85.00 -0.00038109
105.00 85.00 -0.00027402
110.00 85.00 -0.00016824
115.00 85.00 -6.18e-05
120.00 85.00 4.614e-05
125.00 85.00 0.00015519
130.00 85.00 0.00026421
135.00 85.00 0.00037212
140.00 85.00 0.00047793
145.00 85.00 0.00058014
150.00 85.00 0.00067632
155.00 85.00 0.0007632
160.00 85.00 0.00083775
165.00 85.00 0.00089796
170.00 85.00 0.00094302
175.00 85.00 0.00097263
180.00 85.00 0.00098622
-180.00 90.00 -0.00145551
-175.00 90.00 -0.00145551
-170.00 90.00 -0.00145551
-165.00 90.00 -0.00145551
-160.00 90.00 -0.00145551
-155.00 90.00 -0.00145551
-150.00 90.00 -0.00145551
-145.00 90.00 -0.00145551
-140.00 90.00 -0.00145551
-135.00 90.00 -0.00145551
-130.00 90.00 -0.00145551
-125.00 90.00 -0.00145551
-120.00 90.00 -0.00145551
-115.00 90.00 -0.00145551
-110.00 90.00 -0.00145551
-105.00 90.00 -0.00145551
-100.00 90.00 -0.00145551
-95.00 90.00 -0.00145551
-90.00 90.00 -0.00145551
-85.00 90.00 -0.00145551
-80.00 90.00 -0.00145551
-75.00 90.00 -0.00145551
-70.00 90.00 -0.00145551
-65.00 90.00 -0.00145551
-60.00 90.00 -0.00145551
-55.00 90.00 -0.00145551
-50.00 90.00 -0.00145551
-45.00 90.00 -0.00145551
-40.00 90.00 -0.00145551
-35.00 90.00 -0.00145551
-30.00 90.00 -0.00145551
-25.00 90.00 -0.00145551
-20.00 90.00 -0.00145551
-15.00 90.00 -0.00145551
-10.00 90.00 -0.00145551
-5.00 90.00 -0.00145551
0.00 90.00 -0.00145551
5.00 90.00 -0.00145551
10.00 90.00 -0.00145551
15.00 90.00 -0.00145551
20.00 90.00 -0.00145551
25.00 90.00 -0.00145551
30.00 90.00 -0.00145551
35.00 90.00 -0.00145551
40.00 90.00 -0.00145551
45.00 90.00 -0.00145551
50.00 90.00 -0.00145551
55.00 90.00 -0.00145551
60.00 90.00 -0.00145551
65.00 90.00 -0.00145551
70.00 90.00 -0.00145551
75.00 90.00 -0.00145551
80.00 90.00 -0.00145551
85.00 90.00 -0.00145551
90.00 90.00 -0.00145551
95.00 90.00 -0.00145551
100.00 90.00 -0.00145551
105.00 90.00 -0.00145551
110.00 90.00 -0.00145551
115.00 90.00 -0.00145551
120.00 90.00 -0.00145551
125.00 90.00 -0.00145551
130.00 90.00 -0.00145551
135.00 90.00 -0.00145551
140.00 90.00 -0.00145551
145.00 90.00 -0.00145551
150.00 90.00 -0.00145551
155.00 90.00 -0.00145551
160.00 90.00 -0.00145551
165.00 90.00 -0.00145551
170.00 90.00 -0.00145551
175.00 90.00 -0.00145551
180.00 90.00 -0.00145551
