-180.00 -90.00 0.0038805
-175.00 -90.00 0.0038805
-170.00 -90.00 0.0038805
-165.00 -90.00 0.0038805
-160.00 -90.00 0.0038805
-155.00 -90.00 0.0038805
-150.00 -90.00 0.0038804
-145.00 -90.00 0.0038803
-140.00 -90.00 0.0038802
-135.00 -90.00 0.0038801
-130.00 -90.00 0.00388
-125.00 -90.00 0.0038798
-120.00 -90.00 0.0038797
-115.00 -90.00 0.0038795
-110.00 -90.00 0.0038794
-105.00 -90.00 0.0038793
-100.00 -90.00 0.0038792
-95.00 -90.00 0.0038791
-90.00 -90.00 0.003879
-85.00 -90.00 0.0038789
-80.00 -90.00 0.0038789
-75.00 -90.00 0.0038789
-70.00 -90.00 0.0038789
-65.00 -90.00 0.003879
-60.00 -90.00 0.003879
-55.00 -90.00 0.0038791
-50.00 -90.00 0.0038792
-45.00 -90.00 0.0038794
-40.00 -90.00 0.0038795
-35.00 -90.00 0.0038796
-30.00 -90.00 0.0038798
-25.00 -90.00 0.0038799
-20.00 -90.00 0.0038801
-15.00 -90.00 0.0038802
-10.00 -90.00 0.0038803
-5.00 -90.00 0.0038804
0.00 -90.00 0.0038805
5.00 -90.00 0.0038805
10.00 -90.00 0.0038805
15.00 -90.00 0.0038805
20.00 -90.00 0.0038805
25.00 -90.00 0.0038805
30.00 -90.00 0.0038804
35.00 -90.00 0.0038803
40.00 -90.00 0.0038802
45.00 -90.00 0.0038801
50.00 -90.00 0.0038799
55.00 -90.00 0.0038798
60.00 -90.00 0.0038797
65.00 -90.00 0.0038795
70.00 -90.00 0.0038794
75.00 -90.00 0.0038793
80.00 -90.00 0.0038791
85.00 -90.00 0.0038791
90.00 -90.00 0.003879
95.00 -90.00 0.0038789
100.00 -90.00 0.0038789
105.00 -90.00 0.0038789
110.00 -90.00 0.0038789
115.00 -90.00 0.003879
120.00 -90.00 0.003879
125.00 -90.00 0.0038791
130.00 -90.00 0.0038792
135.00 -90.00 0.0038794
140.00 -90.00 0.0038795
145.00 -90.00 0.0038796
150.00 -90.00 0.0038798
155.00 -90.00 0.0038799
160.00 -90.00 0.0038801
165.00 -90.00 0.0038802
170.00 -90.00 0.0038803
175.00 -90.00 0.0038804
180.00 -90.00 0.0038805
-180.00 -85.00 0.0044734
-175.00 -85.00 0.0046042
-170.00 -85.00 0.0047215
-165.00 -85.00 0.0048236
-160.00 -85.00 0.0049092
-155.00 -85.00 0.0049773
-150.00 -85.00 0.0050273
-145.00 -85.00 0.005059
-140.00 -85.00 0.005072
-135.00 -85.00 0.0050663
-130.00 -85.00 0.0050421
-125.00 -85.00 0.0050002
-120.00 -85.00 0.0049421
-115.00 -85.00 0.0048695
-110.00 -85.00 0.0047849
-105.00 -85.00 0.0046909
-100.00 -85.00 0.0045906
-95.00 -85.00 0.0044876
-90.00 -85.00 0.0043855
-85.00 -85.00 0.0042878
-80.00 -85.00 0.0041975
-75.00 -85.00 0.0041169
-70.00 -85.00 0.0040481
-65.00 -85.00 0.0039924
-60.00 -85.00 0.0039509
-55.00 -85.00 0.0039235
-50.00 -85.00 0.0039094
-45.00 -85.00 0.0039076
-40.00 -85.00 0.0039164
-35.00 -85.00 0.0039341
-30.00 -85.00 0.0039585
-25.00 -85.00 0.0039875
-20.00 -85.00 0.0040184
-15.00 -85.00 0.0040488
-10.00 -85.00 0.0040763
-5.00 -85.00 0.0040991
0.00 -85.00 0.0041156
5.00 -85.00 0.0041245
10.00 -85.00 0.0041248
15.00 -85.00 0.0041159
20.00 -85.00 0.0040979
25.00 -85.00 0.0040713
30.00 -85.00 0.0040368
35.00 -85.00 0.0039952
40.00 -85.00 0.0039471
45.00 -85.00 0.0038932
50.00 -85.00 0.003834
55.00 -85.00 0.0037702
60.00 -85.00 0.0037023
65.00 -85.00 0.0036305
70.00 -85.00 0.0035554
75.00 -85.00 0.0034775
80.00 -85.00 0.0033982
85.00 -85.00 0.0033195
90.00 -85.00 0.0032438
95.00 -85.00 0.0031739
100.00 -85.00 0.003113
105.00 -85.00 0.0030647
110.00 -85.00 0.0030326
115.00 -85.00 0.00302
120.00 -85.00 0.0030293
125.00 -85.00 0.0030622
130.00 -85.00 0.0031191
135.00 -85.00 0.0031996
140.00 -85.00 0.003302
145.00 -85.00 0.0034236
150.00 -85.00 0.0035609
155.00 -85.00 0.0037095
160.00 -85.00 0.0038652
165.00 -85.00 0.0040234
170.00 -85.00 0.00418
175.00 -85.00 0.0043311
180.00 -85.00 0.0044734
-180.00 -80.00 0.0059373
-175.00 -80.00 0.006056
-170.00 -80.00 0.0061308
-165.00 -80.00 0.0061777
-160.00 -80.00 0.0062113
-155.00 -80.00 0.0062389
-150.00 -80.00 0.0062606
-145.00 -80.00 0.0062729
-140.00 -80.00 0.006269
-135.00 -80.00 0.0062378
-130.00 -80.00 0.0061666
-125.00 -80.00 0.0060478
-120.00 -80.00 0.0058808
-115.00 -80.00 0.0056694
-110.00 -80.00 0.0054206
-105.00 -80.00 0.0051468
-100.00 -80.00 0.0048654
-95.00 -80.00 0.0045935
-90.00 -80.00 0.0043433
-85.00 -80.00 0.0041239
-80.00 -80.00 0.0039425
-75.00 -80.00 0.0038021
-70.00 -80.00 0.0036989
-65.00 -80.00 0.0036257
-60.00 -80.00 0.003576
-55.00 -80.00 0.0035448
-50.00 -80.00 0.0035253
-45.00 -80.00 0.0035108
-40.00 -80.00 0.0034984
-35.00 -80.00 0.0034877
-30.00 -80.00 0.0034771
-25.00 -80.00 0.0034621
-20.00 -80.00 0.0034389
-15.00 -80.00 0.0034053
-10.00 -80.00 0.0033581
-5.00 -80.00 0.003292
0.00 -80.00 0.0032046
5.00 -80.00 0.0030991
10.00 -80.00 0.0029818
15.00 -80.00 0.002859
20.00 -80.00 0.0027391
25.00 -80.00 0.002634
30.00 -80.00 0.0025562
35.00 -80.00 0.0025137
40.00 -80.00 0.0025101
45.00 -80.00 0.0025481
50.00 -80.00 0.0026276
55.00 -80.00 0.0027421
60.00 -80.00 0.0028783
65.00 -80.00 0.003021
70.00 -80.00 0.0031553
75.00 -80.00 0.0032644
80.00 -80.00 0.003331
85.00 -80.00 0.0033432
90.00 -80.00 0.003299
95.00 -80.00 0.0032048
100.00 -80.00 0.0030723
105.00 -80.00 0.0029205
110.00 -80.00 0.0027762
115.00 -80.00 0.0026686
120.00 -80.00 0.0026222
125.00 -80.00 0.0026541
130.00 -80.00 0.0027758
135.00 -80.00 0.0029906
140.00 -80.00 0.0032894
145.00 -80.00 0.003652
150.00 -80.00 0.0040532
155.00 -80.00 0.004467
160.00 -80.00 0.0048664
165.00 -80.00 0.0052256
170.00 -80.00 0.0055267
175.00 -80.00 0.0057631
180.00 -80.00 0.0059373
-180.00 -75.00 0.0063127
-175.00 -75.00 0.0059988
-170.00 -75.00 0.0056301
-165.00 -75.00 0.0052825
-160.00 -75.00 0.0050174
-155.00 -75.00 0.0048694
-150.00 -75.00 0.0048397
-145.00 -75.00 0.0048998
-140.00 -75.00 0.0050007
-135.00 -75.00 0.0050851
-130.00 -75.00 0.0050997
-125.00 -75.00 0.0050095
-120.00 -75.00 0.004805
-115.00 -75.00 0.0045018
-110.00 -75.00 0.0041376
-105.00 -75.00 0.0037649
-100.00 -75.00 0.0034391
-95.00 -75.00 0.0032073
-90.00 -75.00 0.0031007
-85.00 -75.00 0.0031304
-80.00 -75.00 0.0032842
-75.00 -75.00 0.0035292
-70.00 -75.00 0.0038199
-65.00 -75.00 0.0041056
-60.00 -75.00 0.0043384
-55.00 -75.00 0.0044819
-50.00 -75.00 0.0045172
-45.00 -75.00 0.0044435
-40.00 -75.00 0.0042744
-35.00 -75.00 0.0040338
-30.00 -75.00 0.0037483
-25.00 -75.00 0.0034386
-20.00 -75.00 0.0031139
-15.00 -75.00 0.0027729
-10.00 -75.00 0.0024067
-5.00 -75.00 0.0020047
0.00 -75.00 0.0015637
5.00 -75.00 0.0010942
10.00 -75.00 0.00062
15.00 -75.00 0.0001744
20.00 -75.00 -0.0002057
25.00 -75.00 -0.0004873
30.00 -75.00 -0.000647
35.00 -75.00 -0.0006724
40.00 -75.00 -0.0005594
45.00 -75.00 -0.0003106
50.00 -75.00 6.53e-05
55.00 -75.00 0.000554
60.00 -75.00 0.0011332
65.00 -75.00 0.0017696
70.00 -75.00 0.0024172
75.00 -75.00 0.0030214
80.00 -75.00 0.0035246
85.00 -75.00 0.0038753
90.00 -75.00 0.004039
95.00 -75.00 0.0040075
100.00 -75.00 0.0038023
105.00 -75.00 0.0034723
110.00 -75.00 0.0030881
115.00 -75.00 0.0027296
120.00 -75.00 0.0024723
125.00 -75.00 0.0023762
130.00 -75.00 0.002478
135.00 -75.00 0.0027849
140.00 -75.00 0.0032747
145.00 -75.00 0.0038993
150.00 -75.00 0.0045909
155.00 -75.00 0.005269
160.00 -75.00 0.005853
165.00 -75.00 0.0062754
170.00 -75.00 0.0064933
175.00 -75.00 0.0064969
180.00 -75.00 0.0063127
-180.00 -70.00 0.0056675
-175.00 -70.00 0.0049222
-170.00 -70.00 0.004123
-165.00 -70.00 0.00342
-160.00 -70.00 0.0029238
-155.00 -70.00 0.0026855
-150.00 -70.00 0.0026924
-145.00 -70.00 0.0028781
-140.00 -70.00 0.0031386
-135.00 -70.00 0.003356
-130.00 -70.00 0.0034259
-125.00 -70.00 0.0032854
-120.00 -70.00 0.0029303
-115.00 -70.00 0.0024173
-110.00 -70.00 0.0018479
-105.00 -70.00 0.001342
-100.00 -70.00 0.0010107
-95.00 -70.00 0.0009356
-90.00 -70.00 0.001157
-85.00 -70.00 0.0016679
-80.00 -70.00 0.0024155
-75.00 -70.00 0.0033069
-70.00 -70.00 0.0042232
-65.00 -70.00 0.0050407
-60.00 -70.00 0.0056533
-55.00 -70.00 0.0059934
-50.00 -70.00 0.0060417
-45.00 -70.00 0.0058278
-40.00 -70.00 0.0054196
-35.00 -70.00 0.0049064
-30.00 -70.00 0.0043772
-25.00 -70.00 0.0038967
-20.00 -70.00 0.003486
-15.00 -70.00 0.0031167
-10.00 -70.00 0.0027238
-5.00 -70.00 0.0022374
0.00 -70.00 0.0016205
5.00 -70.00 0.0008936
10.00 -70.00 0.0001346
15.00 -70.00 -0.0005491
20.00 -70.00 -0.0010605
25.00 -70.00 -0.0013467
30.00 -70.00 -0.0014092
35.00 -70.00 -0.0012921
40.00 -70.00 -0.001055
45.00 -70.00 -0.0007473
50.00 -70.00 -0.0003938
55.00 -70.00 4.8e-06
60.00 -70.00 0.00046
65.00 -70.00 0.0009788
70.00 -70.00 0.0015486
75.00 -70.00 0.0021303
80.00 -70.00 0.0026608
85.00 -70.00 0.0030665
90.00 -70.00 0.0032832
95.00 -70.00 0.0032768
100.00 -70.00 0.0030573
105.00 -70.00 0.0026809
110.00 -70.00 0.0022394
115.00 -70.00 0.0018395
120.00 -70.00 0.001578
125.00 -70.00 0.0015226
130.00 -70.00 0.0017026
135.00 -70.00 0.0021118
140.00 -70.00 0.0027178
145.00 -70.00 0.0034699
150.00 -70.00 0.0043003
155.00 -70.00 0.0051201
160.00 -70.00 0.0058204
165.00 -70.00 0.0062864
170.00 -70.00 0.0064267
175.00 -70.00 0.0062065
180.00 -70.00 0.0056675
-180.00 -65.00 0.0053609
-175.00 -65.00 0.0047157
-170.00 -65.00 0.0040567
-165.00 -65.00 0.0035069
-160.00 -65.00 0.0031138
-155.00 -65.00 0.0028786
-150.00 -65.00 0.002797
-145.00 -65.00 0.002863
-140.00 -65.00 0.0030342
-135.00 -65.00 0.0032042
-130.00 -65.00 0.0032275
-125.00 -65.00 0.0029928
-120.00 -65.00 0.0024912
-115.00 -65.00 0.0018282
-110.00 -65.00 0.0011711
-105.00 -65.00 0.0006728
-100.00 -65.00 0.0004251
-95.00 -65.00 0.0004597
-90.00 -65.00 0.0007748
-85.00 -65.00 0.0013538
-80.00 -65.00 0.0021562
-75.00 -65.00 0.0030973
-70.00 -65.00 0.0040436
-65.00 -65.00 0.0048409
-60.00 -65.00 0.0053623
-55.00 -65.00 0.0055486
-50.00 -65.00 0.005417
-45.00 -65.00 0.0050412
-40.00 -65.00 0.0045247
-35.00 -65.00 0.0039853
-30.00 -65.00 0.0035445
-25.00 -65.00 0.0033032
-20.00 -65.00 0.003297
-15.00 -65.00 0.003455
-10.00 -65.00 0.0036054
-5.00 -65.00 0.0035466
0.00 -65.00 0.0031546
5.00 -65.00 0.0024614
10.00 -65.00 0.0016469
15.00 -65.00 0.000949
20.00 -65.00 0.0005445
25.00 -65.00 0.0004756
30.00 -65.00 0.0006568
35.00 -65.00 0.0009431
40.00 -65.00 0.0012061
45.00 -65.00 0.0013747
50.00 -65.00 0.0014321
55.00 -65.00 0.0013916
60.00 -65.00 0.0012771
65.00 -65.00 0.0011177
70.00 -65.00 0.0009468
75.00 -65.00 0.0007977
80.00 -65.00 0.0006924
85.00 -65.00 0.0006333
90.00 -65.00 0.0006034
95.00 -65.00 0.0005761
100.00 -65.00 0.0005317
105.00 -65.00 0.0004748
110.00 -65.00 0.0004459
115.00 -65.00 0.000516
120.00 -65.00 0.0007579
125.00 -65.00 0.0012032
130.00 -65.00 0.0018145
135.00 -65.00 0.0024975
140.00 -65.00 0.0031548
145.00 -65.00 0.003743
150.00 -65.00 0.0042856
155.00 -65.00 0.0048264
160.00 -65.00 0.0053577
165.00 -65.00 0.005786
170.00 -65.00 0.0059727
175.00 -65.00 0.0058239
180.00 -65.00 0.0053609
-180.00 -60.00 0.0046348
-175.00 -60.00 0.0044744
-170.00 -60.00 0.0045024
-165.00 -60.00 0.0046116
-160.00 -60.00 0.0045245
-155.00 -60.00 0.0040629
-150.00 -60.00 0.0033536
-145.00 -60.00 0.0027532
-140.00 -60.00 0.0025484
-135.00 -60.00 0.0027073
-130.00 -60.00 0.0029159
-125.00 -60.00 0.0028605
-120.00 -60.00 0.0024938
-115.00 -60.00 0.0020535
-110.00 -60.00 0.0018406
-105.00 -60.00 0.0019705
-100.00 -60.00 0.002307
-95.00 -60.00 0.0026073
-90.00 -60.00 0.0027295
-85.00 -60.00 0.0027287
-80.00 -60.00 0.0027783
-75.00 -60.00 0.003003
-70.00 -60.00 0.0033662
-65.00 -60.00 0.0036989
-60.00 -60.00 0.0038369
-55.00 -60.00 0.0037422
-50.00 -60.00 0.0035062
-45.00 -60.00 0.0032441
-40.00 -60.00 0.0029937
-35.00 -60.00 0.0027247
-30.00 -60.00 0.0024413
-25.00 -60.00 0.0022544
-20.00 -60.00 0.0023173
-15.00 -60.00 0.0026669
-10.00 -60.00 0.0031247
-5.00 -60.00 0.0033814
0.00 -60.00 0.003217
5.00 -60.00 0.0026747
10.00 -60.00 0.0020325
15.00 -60.00 0.0015912
20.00 -60.00 0.0014543
25.00 -60.00 0.0014823
30.00 -60.00 0.0014458
35.00 -60.00 0.0012366
40.00 -60.00 0.0009577
45.00 -60.00 0.0008263
50.00 -60.00 0.0009836
55.00 -60.00 0.0013716
60.00 -60.00 0.0017648
65.00 -60.00 0.0019156
70.00 -60.00 0.0016968
75.00 -60.00 0.001156
80.00 -60.00 0.0004743
85.00 -60.00 -0.0001213
90.00 -60.00 -0.0004478
95.00 -60.00 -0.0004346
100.00 -60.00 -0.0001512
105.00 -60.00 0.0002351
110.00 -60.00 0.000574
115.00 -60.00 0.0008541
120.00 -60.00 0.0012254
125.00 -60.00 0.0018753
130.00 -60.00 0.0028378
135.00 -60.00 0.0039027
140.00 -60.00 0.0047281
145.00 -60.00 0.005084
150.00 -60.00 0.0050232
155.00 -60.00 0.0048242
160.00 -60.00 0.0047505
165.00 -60.00 0.004842
170.00 -60.00 0.0049303
175.00 -60.00 0.0048512
180.00 -60.00 0.0046348
-180.00 -55.00 0.0026454
-175.00 -55.00 0.0027594
-170.00 -55.00 0.0034806
-165.00 -55.00 0.0043486
-160.00 -55.00 0.0044732
-155.00 -55.00 0.0033536
-150.00 -55.00 0.0014459
-145.00 -55.00 -0.0001354
-140.00 -55.00 -0.0005483
-135.00 -55.00 8.89e-05
-130.00 -55.00 0.0008981
-125.00 -55.00 0.0011077
-120.00 -55.00 0.0007429
-115.00 -55.00 0.0005221
-110.00 -55.00 0.0011288
-105.00 -55.00 0.0025696
-100.00 -55.00 0.0041622
-95.00 -55.00 0.0050861
-90.00 -55.00 0.0049874
-85.00 -55.00 0.004177
-80.00 -55.00 0.0033366
-75.00 -55.00 0.0030084
-70.00 -55.00 0.0032536
-65.00 -55.00 0.0037074
-60.00 -55.00 0.0039545
-55.00 -55.00 0.0038934
-50.00 -55.00 0.0037686
-45.00 -55.00 0.0038496
-40.00 -55.00 0.0040881
-35.00 -55.00 0.0041203
-30.00 -55.00 0.0036282
-25.00 -55.00 0.0026885
-20.00 -55.00 0.0017347
-15.00 -55.00 0.0011619
-10.00 -55.00 0.0009814
-5.00 -55.00 0.0008804
0.00 -55.00 0.000611
5.00 -55.00 0.0002887
10.00 -55.00 0.0002707
15.00 -55.00 0.0007229
20.00 -55.00 0.0013134
25.00 -55.00 0.0013764
30.00 -55.00 0.0004496
35.00 -55.00 -0.0012687
40.00 -55.00 -0.002948
45.00 -55.00 -0.0036426
50.00 -55.00 -0.0029013
55.00 -55.00 -0.0010247
60.00 -55.00 0.0011735
65.00 -55.00 0.0028666
70.00 -55.00 0.0036083
75.00 -55.00 0.0034258
80.00 -55.00 0.0026812
85.00 -55.00 0.0018777
90.00 -55.00 0.0014886
95.00 -55.00 0.0017774
100.00 -55.00 0.0026231
105.00 -55.00 0.0035053
110.00 -55.00 0.0037931
115.00 -55.00 0.0032261
120.00 -55.00 0.0022008
125.00 -55.00 0.00154
130.00 -55.00 0.0018544
135.00 -55.00 0.0030245
140.00 -55.00 0.0042754
145.00 -55.00 0.0048067
150.00 -55.00 0.0044281
155.00 -55.00 0.0036364
160.00 -55.00 0.0030883
165.00 -55.00 0.0029978
170.00 -55.00 0.0030526
175.00 -55.00 0.002901
180.00 -55.00 0.0026454
-180.00 -50.00 0.0014238
-175.00 -50.00 0.0011268
-170.00 -50.00 0.0019263
-165.00 -50.00 0.0031765
-160.00 -50.00 0.0033193
-155.00 -50.00 0.0014713
-150.00 -50.00 -0.001502
-145.00 -50.00 -0.0036249
-140.00 -50.00 -0.0036058
-135.00 -50.00 -0.0020044
-130.00 -50.00 -0.0006007
-125.00 -50.00 -0.0006267
-120.00 -50.00 -0.0016368
-115.00 -50.00 -0.0020574
-110.00 -50.00 -0.0007401
-105.00 -50.00 0.0020097
-100.00 -50.00 0.0047515
-95.00 -50.00 0.0060947
-90.00 -50.00 0.0056759
-85.00 -50.00 0.0042716
-80.00 -50.00 0.0031449
-75.00 -50.00 0.0031724
-70.00 -50.00 0.0043107
-65.00 -50.00 0.0057223
-60.00 -50.00 0.0064791
-55.00 -50.00 0.0063147
-50.00 -50.00 0.0057678
-45.00 -50.00 0.0055517
-40.00 -50.00 0.0057646
-35.00 -50.00 0.00577
-30.00 -50.00 0.0048817
-25.00 -50.00 0.0031053
-20.00 -50.00 0.0011414
-15.00 -50.00 -0.0003094
-10.00 -50.00 -0.001149
-5.00 -50.00 -0.0017571
0.00 -50.00 -0.0023441
5.00 -50.00 -0.0025583
10.00 -50.00 -0.0018372
15.00 -50.00 -0.0001712
20.00 -50.00 0.0015335
25.00 -50.00 0.0019624
30.00 -50.00 0.0004104
35.00 -50.00 -0.0025569
40.00 -50.00 -0.0053807
45.00 -50.00 -0.0065214
50.00 -50.00 -0.0054222
55.00 -50.00 -0.0027301
60.00 -50.00 0.0002787
65.00 -50.00 0.0025248
70.00 -50.00 0.0035908
75.00 -50.00 0.0036438
80.00 -50.00 0.0031181
85.00 -50.00 0.0025249
90.00 -50.00 0.0024249
95.00 -50.00 0.0032835
100.00 -50.00 0.0050663
105.00 -50.00 0.0069214
110.00 -50.00 0.0075043
115.00 -50.00 0.0059697
120.00 -50.00 0.0028369
125.00 -50.00 -0.0001946
130.00 -50.00 -0.0014889
135.00 -50.00 -0.0007333
140.00 -50.00 0.0009142
145.00 -50.00 0.0019121
150.00 -50.00 0.0016616
155.00 -50.00 0.0008707
160.00 -50.00 0.0006586
165.00 -50.00 0.0013304
170.00 -50.00 0.002107
175.00 -50.00 0.0020995
180.00 -50.00 0.0014238
-180.00 -45.00 0.002326
-175.00 -45.00 0.0010139
-170.00 -45.00 0.001165
-165.00 -45.00 0.0022568
-160.00 -45.00 0.0024057
-155.00 -45.00 0.0005126
-150.00 -45.00 -0.0023839
-145.00 -45.00 -0.0040231
-140.00 -45.00 -0.0031911
-135.00 -45.00 -0.000972
-130.00 -45.00 0.0003754
-125.00 -45.00 -0.000256
-120.00 -45.00 -0.001764
-115.00 -45.00 -0.0020785
-110.00 -45.00 -0.0002433
-105.00 -45.00 0.0027889
-100.00 -45.00 0.0051603
-95.00 -45.00 0.0056703
-90.00 -45.00 0.0045186
-85.00 -45.00 0.0029293
-80.00 -45.00 0.0022436
-75.00 -45.00 0.0031287
-70.00 -45.00 0.0052125
-65.00 -45.00 0.0072776
-60.00 -45.00 0.0080433
-55.00 -45.00 0.0071348
-50.00 -45.00 0.0053832
-45.00 -45.00 0.00401
-40.00 -45.00 0.0034469
-35.00 -45.00 0.0030734
-30.00 -45.00 0.0021223
-25.00 -45.00 0.0006258
-20.00 -45.00 -0.0006872
-15.00 -45.00 -0.0013042
-10.00 -45.00 -0.0015055
-5.00 -45.00 -0.0019607
0.00 -45.00 -0.0028504
5.00 -45.00 -0.003521
10.00 -45.00 -0.0030961
15.00 -45.00 -0.0014544
20.00 -45.00 0.0004301
25.00 -45.00 0.0011833
30.00 -45.00 0.0001487
35.00 -45.00 -0.0020712
40.00 -45.00 -0.0040858
45.00 -45.00 -0.0047476
50.00 -45.00 -0.0038858
55.00 -45.00 -0.0022333
60.00 -45.00 -0.0007432
65.00 -45.00 6.7e-05
70.00 -45.00 0.0002697
75.00 -45.00 0.0002158
80.00 -45.00 0.0001641
85.00 -45.00 0.0002272
90.00 -45.00 0.0006356
95.00 -45.00 0.0018719
100.00 -45.00 0.0042186
105.00 -45.00 0.0069994
110.00 -45.00 0.0085368
115.00 -45.00 0.0073662
120.00 -45.00 0.0037182
125.00 -45.00 -0.0003671
130.00 -45.00 -0.0026176
135.00 -45.00 -0.0023304
140.00 -45.00 -0.0007379
145.00 -45.00 0.0002877
150.00 -45.00 -3.02e-05
155.00 -45.00 -0.0007526
160.00 -45.00 -0.0003423
165.00 -45.00 0.0015251
170.00 -45.00 0.0034253
175.00 -45.00 0.0036921
180.00 -45.00 0.002326
-180.00 -40.00 0.0030621
-175.00 -40.00 0.0011064
-170.00 -40.00 0.0006451
-165.00 -40.00 0.0012159
-160.00 -40.00 0.0012787
-155.00 -40.00 0.0001454
-150.00 -40.00 -0.0013266
-145.00 -40.00 -0.0017251
-140.00 -40.00 -0.0006202
-135.00 -40.00 0.0008961
-130.00 -40.00 0.0013585
-125.00 -40.00 0.0006243
-120.00 -40.00 7.92e-05
-115.00 -40.00 0.0010149
-110.00 -40.00 0.0031478
-105.00 -40.00 0.0049476
-100.00 -40.00 0.0051555
-95.00 -40.00 0.0037862
-90.00 -40.00 0.0019019
-85.00 -40.00 0.0007035
-80.00 -40.00 0.0007986
-75.00 -40.00 0.0020584
-70.00 -40.00 0.0038511
-65.00 -40.00 0.0052674
-60.00 -40.00 0.0054281
-55.00 -40.00 0.0040793
-50.00 -40.00 0.0019483
-45.00 -40.00 0.0001353
-40.00 -40.00 -0.0009396
-35.00 -40.00 -0.0016838
-30.00 -40.00 -0.0024314
-25.00 -40.00 -0.0028491
-20.00 -40.00 -0.0024426
-15.00 -40.00 -0.0013461
-10.00 -40.00 -0.0003458
-5.00 -40.00 -0.0002052
0.00 -40.00 -0.0010538
5.00 -40.00 -0.0023336
10.00 -40.00 -0.0032864
15.00 -40.00 -0.0035603
20.00 -40.00 -0.0033881
25.00 -40.00 -0.0031939
30.00 -40.00 -0.0031154
35.00 -40.00 -0.0029668
40.00 -40.00 -0.0025839
45.00 -40.00 -0.0020839
50.00 -40.00 -0.0017578
55.00 -40.00 -0.0017568
60.00 -40.00 -0.0019494
65.00 -40.00 -0.0021028
70.00 -40.00 -0.002098
75.00 -40.00 -0.001886
80.00 -40.00 -0.0013917
85.00 -40.00 -0.0006539
90.00 -40.00 0.0001291
95.00 -40.00 0.0009926
100.00 -40.00 0.0023961
105.00 -40.00 0.0044871
110.00 -40.00 0.0063032
115.00 -40.00 0.0064211
120.00 -40.00 0.0045923
125.00 -40.00 0.0022171
130.00 -40.00 0.0009769
135.00 -40.00 0.0013198
140.00 -40.00 0.0023169
145.00 -40.00 0.0026412
150.00 -40.00 0.0017654
155.00 -40.00 0.0006069
160.00 -40.00 0.0007932
165.00 -40.00 0.0027603
170.00 -40.00 0.0048415
175.00 -40.00 0.004959
180.00 -40.00 0.0030621
-180.00 -35.00 0.0018754
-175.00 -35.00 0.0007255
-170.00 -35.00 0.0005144
-165.00 -35.00 0.0002383
-160.00 -35.00 -0.0005839
-155.00 -35.00 -0.0011762
-150.00 -35.00 -0.0009224
-145.00 -35.00 -0.0002226
-140.00 -35.00 0.0001667
-135.00 -35.00 -0.0001067
-130.00 -35.00 -0.0007131
-125.00 -35.00 -0.0006905
-120.00 -35.00 0.0007493
-115.00 -35.00 0.0030943
-110.00 -35.00 0.0047408
-105.00 -35.00 0.0045681
-100.00 -35.00 0.0028576
-95.00 -35.00 0.0007278
-90.00 -35.00 -0.000734
-85.00 -35.00 -0.0009497
-80.00 -35.00 -0.0001623
-75.00 -35.00 0.0007482
-70.00 -35.00 0.0011265
-65.00 -35.00 0.0010226
-60.00 -35.00 0.000701
-55.00 -35.00 0.0002119
-50.00 -35.00 -0.0003839
-45.00 -35.00 -0.000977
-40.00 -35.00 -0.0017177
-35.00 -35.00 -0.0027284
-30.00 -35.00 -0.0034944
-25.00 -35.00 -0.0032703
-20.00 -35.00 -0.0021253
-15.00 -35.00 -0.000896
-10.00 -35.00 -0.0001245
-5.00 -35.00 0.0002701
0.00 -35.00 0.0002887
5.00 -35.00 -0.0004717
10.00 -35.00 -0.0022626
15.00 -35.00 -0.0046848
20.00 -35.00 -0.0068256
25.00 -35.00 -0.0077439
30.00 -35.00 -0.0070096
35.00 -35.00 -0.0050768
40.00 -35.00 -0.0030968
45.00 -35.00 -0.0021275
50.00 -35.00 -0.0023349
55.00 -35.00 -0.0028579
60.00 -35.00 -0.0025768
65.00 -35.00 -0.0012749
70.00 -35.00 8.63e-05
75.00 -35.00 0.0006185
80.00 -35.00 0.0007305
85.00 -35.00 0.0013698
90.00 -35.00 0.0023573
95.00 -35.00 0.0026433
100.00 -35.00 0.0021608
105.00 -35.00 0.0020525
110.00 -35.00 0.0028492
115.00 -35.00 0.0038006
120.00 -35.00 0.0043335
125.00 -35.00 0.0048148
130.00 -35.00 0.0054909
135.00 -35.00 0.0059306
140.00 -35.00 0.0058204
145.00 -35.00 0.0052005
150.00 -35.00 0.0039613
155.00 -35.00 0.0023335
160.00 -35.00 0.0015306
165.00 -35.00 0.0023698
170.00 -35.00 0.0036215
175.00 -35.00 0.0034091
180.00 -35.00 0.0018754
-180.00 -30.00 0.000128
-175.00 -30.00 0.000614
-170.00 -30.00 0.0011827
-165.00 -30.00 -0.000248
-160.00 -30.00 -0.0028279
-155.00 -30.00 -0.00373
-150.00 -30.00 -0.0025244
-145.00 -30.00 -0.0014876
-140.00 -30.00 -0.0020965
-135.00 -30.00 -0.0035651
-130.00 -30.00 -0.0042883
-125.00 -30.00 -0.0032463
-120.00 -30.00 -0.0007862
-115.00 -30.00 0.0012517
-110.00 -30.00 0.0012465
-105.00 -30.00 -0.0002512
-100.00 -30.00 -0.0014739
-95.00 -30.00 -0.0017775
-90.00 -30.00 -0.0015411
-85.00 -30.00 -0.0007311
-80.00 -30.00 0.0006081
-75.00 -30.00 0.0013841
-70.00 -30.00 0.0007401
-65.00 -30.00 -0.000482
-60.00 -30.00 -0.0008642
-55.00 -30.00 -0.000171
-50.00 -30.00 0.0007996
-45.00 -30.00 0.0011592
-40.00 -30.00 0.0003774
-35.00 -30.00 -0.0011336
-30.00 -30.00 -0.0019533
-25.00 -30.00 -0.001353
-20.00 -30.00 -0.0005909
-15.00 -30.00 -0.0011168
-10.00 -30.00 -0.0021863
-5.00 -30.00 -0.0019587
0.00 -30.00 -0.0004597
5.00 -30.00 0.0002359
10.00 -30.00 -0.0013839
15.00 -30.00 -0.0046827
20.00 -30.00 -0.0077284
25.00 -30.00 -0.0088907
30.00 -30.00 -0.0078356
35.00 -30.00 -0.0056255
40.00 -30.00 -0.0038435
45.00 -30.00 -0.0033682
50.00 -30.00 -0.0038355
55.00 -30.00 -0.0039441
60.00 -30.00 -0.0023923
65.00 -30.00 0.000663
70.00 -30.00 0.0031173
75.00 -30.00 0.0031312
80.00 -30.00 0.0017824
85.00 -30.00 0.0017252
90.00 -30.00 0.0031834
95.00 -30.00 0.0036981
100.00 -30.00 0.0022494
105.00 -30.00 0.000823
110.00 -30.00 0.0010897
115.00 -30.00 0.0023708
120.00 -30.00 0.0037804
125.00 -30.00 0.0054702
130.00 -30.00 0.0068741
135.00 -30.00 0.0066518
140.00 -30.00 0.0051205
145.00 -30.00 0.0039397
150.00 -30.00 0.0031697
155.00 -30.00 0.001646
160.00 -30.00 -4e-06
165.00 -30.00 -0.0001161
170.00 -30.00 0.0007254
175.00 -30.00 0.0006742
180.00 -30.00 0.000128
-180.00 -25.00 -0.0015592
-175.00 -25.00 -0.000686
-170.00 -25.00 0.0001573
-165.00 -25.00 -0.0019904
-160.00 -25.00 -0.0054717
-155.00 -25.00 -0.0063503
-150.00 -25.00 -0.0048697
-145.00 -25.00 -0.0042525
-140.00 -25.00 -0.0051762
-135.00 -25.00 -0.005796
-130.00 -25.00 -0.00516
-125.00 -25.00 -0.0036118
-120.00 -25.00 -0.0019983
-115.00 -25.00 -0.0018594
-110.00 -25.00 -0.0037933
-105.00 -25.00 -0.0055644
-100.00 -25.00 -0.004796
-95.00 -25.00 -0.0025481
-90.00 -25.00 -0.0010818
-85.00 -25.00 -1.6e-05
-80.00 -25.00 0.0018681
-75.00 -25.00 0.003366
-70.00 -25.00 0.0028909
-65.00 -25.00 0.0015913
-60.00 -25.00 0.0015034
-55.00 -25.00 0.002518
-50.00 -25.00 0.0031306
-45.00 -25.00 0.0023995
-40.00 -25.00 0.0003355
-35.00 -25.00 -0.0018289
-30.00 -25.00 -0.0020612
-25.00 -25.00 -0.0002718
-20.00 -25.00 0.0005648
-15.00 -25.00 -0.0015663
-10.00 -25.00 -0.0042828
-5.00 -25.00 -0.0041528
0.00 -25.00 -0.0017953
5.00 -25.00 -0.000804
10.00 -25.00 -0.0028697
15.00 -25.00 -0.0063641
20.00 -25.00 -0.008794
25.00 -25.00 -0.0088923
30.00 -25.00 -0.0070348
35.00 -25.00 -0.0047333
40.00 -25.00 -0.0033249
45.00 -25.00 -0.0029486
50.00 -25.00 -0.0030566
55.00 -25.00 -0.0030868
60.00 -25.00 -0.0021836
65.00 -25.00 8.86e-05
70.00 -25.00 0.0021045
75.00 -25.00 0.0016024
80.00 -25.00 -0.0004816
85.00 -25.00 -0.0007132
90.00 -25.00 0.0013752
95.00 -25.00 0.0024402
100.00 -25.00 0.001205
105.00 -25.00 0.0005709
110.00 -25.00 0.0021803
115.00 -25.00 0.0038395
120.00 -25.00 0.0042075
125.00 -25.00 0.0048401
130.00 -25.00 0.00584
135.00 -25.00 0.0049693
140.00 -25.00 0.0025517
145.00 -25.00 0.0015667
150.00 -25.00 0.0019496
155.00 -25.00 0.0007641
160.00 -25.00 -0.0016888
165.00 -25.00 -0.0022473
170.00 -25.00 -0.0010606
175.00 -25.00 -0.0009478
180.00 -25.00 -0.0015592
-180.00 -20.00 -0.0041519
-175.00 -20.00 -0.0046162
-170.00 -20.00 -0.004127
-165.00 -20.00 -0.0057582
-160.00 -20.00 -0.0078858
-155.00 -20.00 -0.0073315
-150.00 -20.00 -0.0058126
-145.00 -20.00 -0.0061272
-140.00 -20.00 -0.0064966
-135.00 -20.00 -0.0045818
-130.00 -20.00 -0.0020795
-125.00 -20.00 -0.0010947
-120.00 -20.00 -0.0012066
-115.00 -20.00 -0.002323
-110.00 -20.00 -0.0048239
-105.00 -20.00 -0.0064759
-100.00 -20.00 -0.0049427
-95.00 -20.00 -0.0022273
-90.00 -20.00 -0.0012393
-85.00 -20.00 -0.0006912
-80.00 -20.00 0.0014481
-75.00 -20.00 0.0033006
-70.00 -20.00 0.0027835
-65.00 -20.00 0.0018126
-60.00 -20.00 0.0026732
-55.00 -20.00 0.0041184
-50.00 -20.00 0.003916
-45.00 -20.00 0.0017675
-40.00 -20.00 -0.0014076
-35.00 -20.00 -0.0038262
-30.00 -20.00 -0.0031857
-25.00 -20.00 -7.6e-06
-20.00 -20.00 0.0014134
-15.00 -20.00 -0.0011811
-10.00 -20.00 -0.0042493
-5.00 -20.00 -0.0039699
0.00 -20.00 -0.0020625
5.00 -20.00 -0.0025406
10.00 -20.00 -0.0058445
15.00 -20.00 -0.009331
20.00 -20.00 -0.0109305
25.00 -20.00 -0.0100653
30.00 -20.00 -0.0072302
35.00 -20.00 -0.0040386
40.00 -20.00 -0.0019506
45.00 -20.00 -0.0008428
50.00 -20.00 -0.0002722
55.00 -20.00 -0.0007582
60.00 -20.00 -0.0019833
65.00 -20.00 -0.0020647
70.00 -20.00 -0.0007574
75.00 -20.00 -0.0003709
80.00 -20.00 -0.0013919
85.00 -20.00 -0.0011794
90.00 -20.00 0.0007804
95.00 -20.00 0.0013907
100.00 -20.00 0.0001663
105.00 -20.00 0.000864
110.00 -20.00 0.0041552
115.00 -20.00 0.0056033
120.00 -20.00 0.0038279
125.00 -20.00 0.0029979
130.00 -20.00 0.0044504
135.00 -20.00 0.0043273
140.00 -20.00 0.0020209
145.00 -20.00 0.0017347
150.00 -20.00 0.003549
155.00 -20.00 0.0026449
160.00 -20.00 -0.0011019
165.00 -20.00 -0.0026608
170.00 -20.00 -0.0015277
175.00 -20.00 -0.0019746
180.00 -20.00 -0.0041519
-180.00 -15.00 -0.0062623
-175.00 -15.00 -0.007504
-170.00 -15.00 -0.0071081
-165.00 -15.00 -0.0077124
-160.00 -15.00 -0.0079321
-155.00 -15.00 -0.0060551
-150.00 -15.00 -0.0050805
-145.00 -15.00 -0.0063816
-140.00 -15.00 -0.0056049
-135.00 -15.00 -0.0011133
-130.00 -15.00 0.0020331
-125.00 -15.00 0.0010883
-120.00 -15.00 -0.0005249
-115.00 -15.00 -0.0009281
-110.00 -15.00 -0.0020418
-105.00 -15.00 -0.003448
-100.00 -15.00 -0.002808
-95.00 -15.00 -0.0013128
-90.00 -15.00 -0.0011771
-85.00 -15.00 -0.000885
-80.00 -15.00 0.0007889
-75.00 -15.00 0.0010738
-70.00 -15.00 -0.0012014
-65.00 -15.00 -0.0023019
-60.00 -15.00 3.27e-05
-55.00 -15.00 0.0029233
-50.00 -15.00 0.0034477
-45.00 -15.00 0.0017976
-40.00 -15.00 -0.0010014
-35.00 -15.00 -0.0033829
-30.00 -15.00 -0.0028344
-25.00 -15.00 0.0002201
-20.00 -15.00 0.0013152
-15.00 -15.00 -0.0013954
-10.00 -15.00 -0.0039431
-5.00 -15.00 -0.0033743
0.00 -15.00 -0.0023421
5.00 -15.00 -0.0038088
10.00 -15.00 -0.0066052
15.00 -15.00 -0.008729
20.00 -15.00 -0.0100074
25.00 -15.00 -0.0098968
30.00 -15.00 -0.007287
35.00 -15.00 -0.0033186
40.00 -15.00 -0.0004723
45.00 -15.00 0.0008637
50.00 -15.00 0.0015266
55.00 -15.00 0.0009343
60.00 -15.00 -0.0010875
65.00 -15.00 -0.0021754
70.00 -15.00 -0.0008225
75.00 -15.00 0.0008577
80.00 -15.00 0.0010736
85.00 -15.00 0.0013325
90.00 -15.00 0.0023355
95.00 -15.00 0.0018935
100.00 -15.00 0.0002273
105.00 -15.00 0.0010954
110.00 -15.00 0.0042298
115.00 -15.00 0.0042759
120.00 -15.00 0.0007426
125.00 -15.00 -0.0001218
130.00 -15.00 0.003129
135.00 -15.00 0.0043324
140.00 -15.00 0.0018694
145.00 -15.00 0.0016809
150.00 -15.00 0.0048053
155.00 -15.00 0.004675
160.00 -15.00 -0.000112
165.00 -15.00 -0.0031966
170.00 -15.00 -0.0026813
175.00 -15.00 -0.0033832
180.00 -15.00 -0.0062623
-180.00 -10.00 -0.0055141
-175.00 -10.00 -0.0053881
-170.00 -10.00 -0.0044067
-165.00 -10.00 -0.0048588
-160.00 -10.00 -0.0052602
-155.00 -10.00 -0.0042602
-150.00 -10.00 -0.0045436
-145.00 -10.00 -0.0060161
-140.00 -10.00 -0.0037514
-135.00 -10.00 0.0019143
-130.00 -10.00 0.0038246
-125.00 -10.00 0.0003575
-120.00 -10.00 -0.0020706
-115.00 -10.00 -0.0008191
-110.00 -10.00 0.0001327
-105.00 -10.00 -0.0006485
-100.00 -10.00 -0.0006293
-95.00 -10.00 0.0003608
-90.00 -10.00 0.0009236
-85.00 -10.00 0.0017936
-80.00 -10.00 0.0025828
-75.00 -10.00 0.0004189
-70.00 -10.00 -0.003892
-65.00 -10.00 -0.0052253
-60.00 -10.00 -0.0021645
-55.00 -10.00 0.0013568
-50.00 -10.00 0.0027683
-45.00 -10.00 0.0024913
-40.00 -10.00 0.0006225
-35.00 -10.00 -0.0019302
-30.00 -10.00 -0.0023488
-25.00 -10.00 -0.0006786
-20.00 -10.00 -0.000837
-15.00 -10.00 -0.0036743
-10.00 -10.00 -0.0053128
-5.00 -10.00 -0.0043902
0.00 -10.00 -0.0038501
5.00 -10.00 -0.0045192
10.00 -10.00 -0.0042387
15.00 -10.00 -0.0035246
20.00 -10.00 -0.0049056
25.00 -10.00 -0.0070495
30.00 -10.00 -0.0061801
35.00 -10.00 -0.002568
40.00 -10.00 0.0001166
45.00 -10.00 0.0007012
50.00 -10.00 0.000798
55.00 -10.00 0.0008106
60.00 -10.00 0.0001657
65.00 -10.00 -8.72e-05
70.00 -10.00 0.0011391
75.00 -10.00 0.0025064
80.00 -10.00 0.0026488
85.00 -10.00 0.0026572
90.00 -10.00 0.0032145
95.00 -10.00 0.0026617
100.00 -10.00 0.0009253
105.00 -10.00 0.0007516
110.00 -10.00 0.0019519
115.00 -10.00 0.0006342
120.00 -10.00 -0.002625
125.00 -10.00 -0.002041
130.00 -10.00 0.0024082
135.00 -10.00 0.0034121
140.00 -10.00 -0.0004083
145.00 -10.00 -0.0015247
150.00 -10.00 0.0021642
155.00 -10.00 0.0031369
160.00 -10.00 -0.0015727
165.00 -10.00 -0.0054487
170.00 -10.00 -0.0050573
175.00 -10.00 -0.0044946
180.00 -10.00 -0.0055141
-180.00 -5.00 -0.0033183
-175.00 -5.00 -0.0015753
-170.00 -5.00 -2.78e-05
-165.00 -5.00 -0.0009453
-160.00 -5.00 -0.0030128
-155.00 -5.00 -0.0041684
-150.00 -5.00 -0.005219
-145.00 -5.00 -0.0054578
-140.00 -5.00 -0.0020028
-135.00 -5.00 0.0028083
-130.00 -5.00 0.0026766
-125.00 -5.00 -0.0018159
-120.00 -5.00 -0.0037372
-115.00 -5.00 -0.0014954
-110.00 -5.00 0.000253
-105.00 -5.00 4.04e-05
-100.00 -5.00 0.000427
-95.00 -5.00 0.0019017
-90.00 -5.00 0.003336
-85.00 -5.00 0.0047191
-80.00 -5.00 0.0048913
-75.00 -5.00 0.0019649
-70.00 -5.00 -0.00192
-65.00 -5.00 -0.0026135
-60.00 -5.00 -0.000543
-55.00 -5.00 0.000994
-50.00 -5.00 0.0015553
-45.00 -5.00 0.001797
-40.00 -5.00 0.000502
-35.00 -5.00 -0.0018703
-30.00 -5.00 -0.0024374
-25.00 -5.00 -0.0016425
-20.00 -5.00 -0.0029005
-15.00 -5.00 -0.0055788
-10.00 -5.00 -0.0060369
-5.00 -5.00 -0.0048412
0.00 -5.00 -0.0049184
5.00 -5.00 -0.0048495
10.00 -5.00 -0.0020605
15.00 -5.00 0.0005402
20.00 -5.00 -0.0011671
25.00 -5.00 -0.0049543
30.00 -5.00 -0.0056673
35.00 -5.00 -0.0030746
40.00 -5.00 -0.0008697
45.00 -5.00 -0.0005642
50.00 -5.00 -0.0006844
55.00 -5.00 -0.0001345
60.00 -5.00 0.000774
65.00 -5.00 0.0015936
70.00 -5.00 0.0021104
75.00 -5.00 0.0021145
80.00 -5.00 0.0019463
85.00 -5.00 0.0024926
90.00 -5.00 0.0036034
95.00 -5.00 0.0036427
100.00 -5.00 0.0019677
105.00 -5.00 0.000174
110.00 -5.00 -0.0007879
115.00 -5.00 -0.0019482
120.00 -5.00 -0.0027613
125.00 -5.00 -0.0007563
130.00 -5.00 0.002591
135.00 -5.00 0.0020117
140.00 -5.00 -0.0022808
145.00 -5.00 -0.0035758
150.00 -5.00 -0.0004275
155.00 -5.00 0.0003251
160.00 -5.00 -0.0040801
165.00 -5.00 -0.0076703
170.00 -5.00 -0.0067089
175.00 -5.00 -0.0045232
180.00 -5.00 -0.0033183
-180.00 0.00 -0.0022927
-175.00 0.00 -0.0012103
-170.00 0.00 -3.4e-06
-165.00 0.00 -0.000842
-160.00 0.00 -0.0035259
-155.00 0.00 -0.0056091
-150.00 0.00 -0.005839
-145.00 0.00 -0.0039755
-140.00 0.00 -0.0004923
-135.00 0.00 0.0017286
-130.00 0.00 0.0001951
-125.00 0.00 -0.0025255
-120.00 0.00 -0.0023943
-115.00 0.00 -0.0004444
-110.00 0.00 1.6e-05
-105.00 0.00 -0.0004788
-100.00 0.00 0.0003072
-95.00 0.00 0.0019987
-90.00 0.00 0.0034557
-85.00 0.00 0.0045571
-80.00 0.00 0.0043994
-75.00 0.00 0.002467
-70.00 0.00 0.0009695
-65.00 0.00 0.0013565
-60.00 0.00 0.0014579
-55.00 0.00 0.00012
-50.00 0.00 -0.000397
-45.00 0.00 0.0003405
-40.00 0.00 -6.97e-05
-35.00 0.00 -0.0011896
-30.00 0.00 -0.0006431
-25.00 0.00 -0.0001425
-20.00 0.00 -0.0024736
-15.00 0.00 -0.0049924
-10.00 0.00 -0.0042572
-5.00 0.00 -0.0028084
0.00 0.00 -0.003728
5.00 0.00 -0.0043154
10.00 0.00 -0.0020841
15.00 0.00 -0.0004515
20.00 0.00 -0.0025449
25.00 0.00 -0.0056633
30.00 0.00 -0.006189
35.00 0.00 -0.0044747
40.00 0.00 -0.0024854
45.00 0.00 -0.0011359
50.00 0.00 -0.0006792
55.00 0.00 -0.000555
60.00 0.00 0.0004097
65.00 0.00 0.0019767
70.00 0.00 0.0026591
75.00 0.00 0.0024595
80.00 0.00 0.0028678
85.00 0.00 0.0042323
90.00 0.00 0.0053819
95.00 0.00 0.0052195
100.00 0.00 0.003386
105.00 0.00 0.0005507
110.00 0.00 -0.0015246
115.00 0.00 -0.0015169
120.00 0.00 8.87e-05
125.00 0.00 0.001745
130.00 0.00 0.0019779
135.00 0.00 0.0003294
140.00 0.00 -0.0013344
145.00 0.00 -0.0005043
150.00 0.00 0.001347
155.00 0.00 -0.0002009
160.00 0.00 -0.0050295
165.00 0.00 -0.0076832
170.00 0.00 -0.0059116
175.00 0.00 -0.0033419
180.00 0.00 -0.0022927
-180.00 5.00 -0.0014477
-175.00 5.00 -0.00242
-170.00 5.00 -0.0024599
-165.00 5.00 -0.0030863
-160.00 5.00 -0.0053014
-155.00 5.00 -0.0068869
-150.00 5.00 -0.0053575
-145.00 5.00 -0.0015968
-140.00 5.00 0.0008737
-135.00 5.00 2.86e-05
-130.00 5.00 -0.0019534
-125.00 5.00 -0.0015535
-120.00 5.00 0.0007786
-115.00 5.00 0.0013395
-110.00 5.00 -0.0006641
-105.00 5.00 -0.0020546
-100.00 5.00 -0.0010809
-95.00 5.00 0.0008564
-90.00 5.00 0.0025751
-85.00 5.00 0.0036758
-80.00 5.00 0.00321
-75.00 5.00 0.0016353
-70.00 5.00 0.0011517
-65.00 5.00 0.0014844
-60.00 5.00 0.0001061
-55.00 5.00 -0.0021088
-50.00 5.00 -0.0018723
-45.00 5.00 4.17e-05
-40.00 5.00 0.0005724
-35.00 5.00 0.0005935
-30.00 5.00 0.0017684
-25.00 5.00 0.0013389
-20.00 5.00 -0.0022977
-15.00 5.00 -0.0046763
-10.00 5.00 -0.0028864
-5.00 5.00 -0.000867
0.00 5.00 -0.0015898
5.00 5.00 -0.0024034
10.00 5.00 -0.0020304
15.00 5.00 -0.0031393
20.00 5.00 -0.0057555
25.00 5.00 -0.006737
30.00 5.00 -0.0059011
35.00 5.00 -0.0051235
40.00 5.00 -0.0037062
45.00 5.00 -0.0011019
50.00 5.00 9.16e-05
55.00 5.00 -0.0009532
60.00 5.00 -0.0009086
65.00 5.00 0.0016958
70.00 5.00 0.004203
75.00 5.00 0.0052155
80.00 5.00 0.0060522
85.00 5.00 0.0067793
90.00 5.00 0.0063218
95.00 5.00 0.0052143
100.00 5.00 0.004121
105.00 5.00 0.0024272
110.00 5.00 0.0009213
115.00 5.00 0.0016828
120.00 5.00 0.0036665
125.00 5.00 0.0032232
130.00 5.00 6.11e-05
135.00 5.00 -0.0018405
140.00 5.00 -8.6e-06
145.00 5.00 0.0031664
150.00 5.00 0.0033855
155.00 5.00 -0.000667
160.00 5.00 -0.0055227
165.00 5.00 -0.0065562
170.00 5.00 -0.0036801
175.00 5.00 -0.0011902
180.00 5.00 -0.0014476
-180.00 10.00 0.0002796
-175.00 10.00 -0.0012593
-170.00 10.00 -0.002465
-165.00 10.00 -0.0038373
-160.00 10.00 -0.0062274
-155.00 10.00 -0.0073599
-150.00 10.00 -0.0044227
-145.00 10.00 0.0004893
-140.00 10.00 0.0019487
-135.00 10.00 -0.0010114
-130.00 10.00 -0.0030734
-125.00 10.00 -0.00067
-120.00 10.00 0.0025296
-115.00 10.00 0.0015989
-110.00 10.00 -0.0021944
-105.00 10.00 -0.0042115
-100.00 10.00 -0.0031199
-95.00 10.00 -0.0004675
-90.00 10.00 0.0027346
-85.00 10.00 0.0051504
-80.00 10.00 0.0047656
-75.00 10.00 0.0022404
-70.00 10.00 0.000396
-65.00 10.00 -0.0005927
-60.00 10.00 -0.0023093
-55.00 10.00 -0.0033352
-50.00 10.00 -0.0016521
-45.00 10.00 0.000469
-40.00 10.00 0.0003663
-35.00 10.00 -0.0001623
-30.00 10.00 0.00025
-25.00 10.00 -0.0011832
-20.00 10.00 -0.0048878
-15.00 10.00 -0.0062384
-10.00 10.00 -0.0037016
-5.00 10.00 -0.0012991
0.00 10.00 -0.0006451
5.00 10.00 0.0002477
10.00 10.00 0.000212
15.00 10.00 -0.0031111
20.00 10.00 -0.0065056
25.00 10.00 -0.0059901
30.00 10.00 -0.0042912
35.00 10.00 -0.0048316
40.00 10.00 -0.0047508
45.00 10.00 -0.0018208
50.00 10.00 -0.0001374
55.00 10.00 -0.0019491
60.00 10.00 -0.0025986
65.00 10.00 0.0009884
70.00 10.00 0.0053753
75.00 10.00 0.0073701
80.00 10.00 0.0075939
85.00 10.00 0.0064291
90.00 10.00 0.0038103
95.00 10.00 0.0020416
100.00 10.00 0.0027786
105.00 10.00 0.0040005
110.00 10.00 0.0042582
115.00 10.00 0.0051173
120.00 10.00 0.0062614
125.00 10.00 0.0044378
130.00 10.00 -4.17e-05
135.00 10.00 -0.0021943
140.00 10.00 -1.44e-05
145.00 10.00 0.0023823
150.00 10.00 0.0009134
155.00 10.00 -0.0034271
160.00 10.00 -0.0066226
165.00 10.00 -0.0060476
170.00 10.00 -0.0026328
175.00 10.00 0.000216
180.00 10.00 0.0002796
-180.00 15.00 0.0003056
-175.00 15.00 0.0001676
-170.00 15.00 -0.0012074
-165.00 15.00 -0.003567
-160.00 15.00 -0.0064354
-155.00 15.00 -0.0071957
-150.00 15.00 -0.0035477
-145.00 15.00 0.001592
-140.00 15.00 0.002442
-135.00 15.00 -0.0012316
-130.00 15.00 -0.0032563
-125.00 15.00 -0.0004069
-120.00 15.00 0.0029236
-115.00 15.00 0.0020505
-110.00 15.00 -0.0014339
-105.00 15.00 -0.0035573
-100.00 15.00 -0.0033455
-95.00 15.00 -0.0013013
-90.00 15.00 0.0025185
-85.00 15.00 0.0062445
-80.00 15.00 0.0066923
-75.00 15.00 0.0038833
-70.00 15.00 0.0008343
-65.00 15.00 -0.0011306
-60.00 15.00 -0.0023815
-55.00 15.00 -0.0020554
-50.00 15.00 -7.83e-05
-45.00 15.00 0.0006856
-40.00 15.00 -0.0011585
-35.00 15.00 -0.0029692
-30.00 15.00 -0.0033594
-25.00 15.00 -0.0044095
-20.00 15.00 -0.0061294
-15.00 15.00 -0.0056695
-10.00 15.00 -0.0033677
-5.00 15.00 -0.0020276
0.00 15.00 -0.0008365
5.00 15.00 0.0018403
10.00 15.00 0.0025804
15.00 15.00 -0.0013048
20.00 15.00 -0.0049365
25.00 15.00 -0.0037923
30.00 15.00 -0.0018796
35.00 15.00 -0.0034156
40.00 15.00 -0.0046293
45.00 15.00 -0.0020914
50.00 15.00 -2.4e-06
55.00 15.00 -0.001622
60.00 15.00 -0.002669
65.00 15.00 0.0005245
70.00 15.00 0.0049026
75.00 15.00 0.0068362
80.00 15.00 0.0064948
85.00 15.00 0.004366
90.00 15.00 0.0007325
95.00 15.00 -0.0015557
100.00 15.00 -0.0001446
105.00 15.00 0.0027561
110.00 15.00 0.0042266
115.00 15.00 0.0049637
120.00 15.00 0.0058967
125.00 15.00 0.0053524
130.00 15.00 0.0029022
135.00 15.00 0.0010422
140.00 15.00 0.0006963
145.00 15.00 -0.0002362
150.00 15.00 -0.002629
155.00 15.00 -0.0047408
160.00 15.00 -0.0053847
165.00 15.00 -0.004873
170.00 15.00 -0.0033612
175.00 15.00 -0.001177
180.00 15.00 0.0003056
-180.00 20.00 -0.002055
-175.00 20.00 -0.0010957
-170.00 20.00 -0.0020282
-165.00 20.00 -0.0043126
-160.00 20.00 -0.0064726
-155.00 20.00 -0.0062362
-150.00 20.00 -0.0024896
-145.00 20.00 0.0018204
-140.00 20.00 0.0021605
-135.00 20.00 -0.0011147
-130.00 20.00 -0.002703
-125.00 20.00 1.98e-05
-120.00 20.00 0.0036689
-115.00 20.00 0.0045667
-110.00 20.00 0.0032154
-105.00 20.00 0.001442
-100.00 20.00 -0.000309
-95.00 20.00 -0.0011091
-90.00 20.00 0.0006413
-85.00 20.00 0.0039411
-80.00 20.00 0.005515
-75.00 20.00 0.004222
-70.00 20.00 0.0018533
-65.00 20.00 -4.1e-05
-60.00 20.00 -0.0008855
-55.00 20.00 -0.0001042
-50.00 20.00 0.0014655
-45.00 20.00 0.0013525
-40.00 20.00 -0.000898
-35.00 20.00 -0.0028502
-30.00 20.00 -0.0033621
-25.00 20.00 -0.0035821
-20.00 20.00 -0.0033989
-15.00 20.00 -0.0019039
-10.00 20.00 -0.0006956
-5.00 20.00 -0.0012298
0.00 20.00 -0.0010767
5.00 20.00 0.0013101
10.00 20.00 0.002138
15.00 20.00 -0.0009449
20.00 20.00 -0.0032177
25.00 20.00 -0.000976
30.00 20.00 0.0014957
35.00 20.00 0.0001148
40.00 20.00 -0.0014384
45.00 20.00 0.000628
50.00 20.00 0.0029005
55.00 20.00 0.0017277
60.00 20.00 -2.77e-05
65.00 20.00 0.0011726
70.00 20.00 0.0037653
75.00 20.00 0.0051214
80.00 20.00 0.0051754
85.00 20.00 0.0038783
90.00 20.00 0.0008076
95.00 20.00 -0.0019869
100.00 20.00 -0.001888
105.00 20.00 6.6e-05
110.00 20.00 0.0011321
115.00 20.00 0.0013256
120.00 20.00 0.0022859
125.00 20.00 0.0038903
130.00 20.00 0.0048028
135.00 20.00 0.0042369
140.00 20.00 0.0018708
145.00 20.00 -0.0015271
150.00 20.00 -0.0034285
155.00 20.00 -0.0024171
160.00 20.00 -0.0008483
165.00 20.00 -0.0015572
170.00 20.00 -0.0034563
175.00 20.00 -0.003633
180.00 20.00 -0.002055
-180.00 25.00 -0.002403
-175.00 25.00 -0.0020921
-170.00 25.00 -0.0031804
-165.00 25.00 -0.0049297
-160.00 25.00 -0.005865
-155.00 25.00 -0.004784
-150.00 25.00 -0.0016476
-145.00 25.00 0.0014299
-140.00 25.00 0.0018413
-135.00 25.00 9.4e-06
-130.00 25.00 -0.0008368
-125.00 25.00 0.000956
-120.00 25.00 0.0037263
-115.00 25.00 0.0055644
-110.00 25.00 0.0062358
-105.00 25.00 0.0055554
-100.00 25.00 0.0030393
-95.00 25.00 2.19e-05
-90.00 25.00 -0.0008104
-85.00 25.00 0.0011117
-80.00 25.00 0.0035244
-75.00 25.00 0.0043543
-70.00 25.00 0.0034641
-65.00 25.00 0.0017798
-60.00 25.00 0.0005813
-55.00 25.00 0.0008946
-50.00 25.00 0.0020981
-45.00 25.00 0.0023257
-40.00 25.00 0.0010665
-35.00 25.00 -0.000465
-30.00 25.00 -0.0016528
-25.00 25.00 -0.0026268
-20.00 25.00 -0.0026057
-15.00 25.00 -0.0011688
-10.00 25.00 -5.91e-05
-5.00 25.00 -0.0004841
0.00 25.00 -0.0007173
5.00 25.00 0.000269
10.00 25.00 0.0001892
15.00 25.00 -0.0017536
20.00 25.00 -0.0019478
25.00 25.00 0.0014152
30.00 25.00 0.0043239
35.00 25.00 0.0037212
40.00 25.00 0.0027676
45.00 25.00 0.0046286
50.00 25.00 0.006649
55.00 25.00 0.0054798
60.00 25.00 0.0028551
65.00 25.00 0.0020058
70.00 25.00 0.0027903
75.00 25.00 0.0036109
80.00 25.00 0.0041533
85.00 25.00 0.0040605
90.00 25.00 0.002538
95.00 25.00 0.0005027
100.00 25.00 -8.95e-05
105.00 25.00 0.00059
110.00 25.00 0.000629
115.00 25.00 -0.000278
120.00 25.00 -0.0004052
125.00 25.00 0.0012528
130.00 25.00 0.0034256
135.00 25.00 0.0036414
140.00 25.00 0.0006789
145.00 25.00 -0.0033683
150.00 25.00 -0.0044285
155.00 25.00 -0.0013499
160.00 25.00 0.0020391
165.00 25.00 0.0018012
170.00 25.00 -0.0010303
175.00 25.00 -0.0027452
180.00 25.00 -0.002403
-180.00 30.00 0.0010085
-175.00 30.00 -8.07e-05
-170.00 30.00 -0.0019841
-165.00 30.00 -0.0037898
-160.00 30.00 -0.0045057
-155.00 30.00 -0.003703
-150.00 30.00 -0.0014934
-145.00 30.00 0.0012184
-140.00 30.00 0.0030695
-135.00 30.00 0.0034938
-130.00 30.00 0.0030468
-125.00 30.00 0.0023467
-120.00 30.00 0.0017106
-115.00 30.00 0.0017624
-110.00 30.00 0.0028815
-105.00 30.00 0.0039372
-100.00 30.00 0.0032365
-95.00 30.00 0.0010638
-90.00 30.00 -0.0002311
-85.00 30.00 0.0009401
-80.00 30.00 0.0036719
-75.00 30.00 0.0058089
-70.00 30.00 0.0059522
-65.00 30.00 0.0043301
-60.00 30.00 0.0024747
-55.00 30.00 0.0018144
-50.00 30.00 0.0021854
-45.00 30.00 0.0022291
-40.00 30.00 0.0011658
-35.00 30.00 -0.0007996
-30.00 30.00 -0.0033573
-25.00 30.00 -0.0058512
-20.00 30.00 -0.0067585
-15.00 30.00 -0.0052348
-10.00 30.00 -0.0025712
-5.00 30.00 -0.0005223
0.00 30.00 0.0006728
5.00 30.00 0.0011734
10.00 30.00 0.000491
15.00 30.00 -0.0006749
20.00 30.00 -0.0001198
25.00 30.00 0.0023343
30.00 30.00 0.0038801
35.00 30.00 0.0033246
40.00 30.00 0.0032664
45.00 30.00 0.005379
50.00 30.00 0.0071165
55.00 30.00 0.005838
60.00 30.00 0.003006
65.00 30.00 0.0015766
70.00 30.00 0.0018912
75.00 30.00 0.0024936
80.00 30.00 0.0027752
85.00 30.00 0.0029026
90.00 30.00 0.0028832
95.00 30.00 0.0029967
100.00 30.00 0.0037173
105.00 30.00 0.0045222
110.00 30.00 0.0041512
115.00 30.00 0.0025257
120.00 30.00 0.0012579
125.00 30.00 0.0017022
130.00 30.00 0.0030174
135.00 30.00 0.0026686
140.00 30.00 -0.0007457
145.00 30.00 -0.0051578
150.00 30.00 -0.0065552
155.00 30.00 -0.0035274
160.00 30.00 0.0009073
165.00 30.00 0.0030374
170.00 30.00 0.0025762
175.00 30.00 0.0016129
180.00 30.00 0.0010085
-180.00 35.00 0.0033923
-175.00 35.00 0.0016932
-170.00 35.00 -0.0002382
-165.00 35.00 -0.0018657
-160.00 35.00 -0.0028105
-155.00 35.00 -0.0027462
-150.00 35.00 -0.0011852
-145.00 35.00 0.0019433
-140.00 35.00 0.005564
-135.00 35.00 0.0077877
-130.00 35.00 0.0071594
-125.00 35.00 0.0037884
-120.00 35.00 -0.0003857
-115.00 35.00 -0.0026846
-110.00 35.00 -0.0018516
-105.00 35.00 0.0006949
-100.00 35.00 0.002324
-95.00 35.00 0.0020077
-90.00 35.00 0.0011593
-85.00 35.00 0.001682
-80.00 35.00 0.0038168
-75.00 35.00 0.0060784
-70.00 35.00 0.0068646
-65.00 35.00 0.0059151
-60.00 35.00 0.0043239
-55.00 35.00 0.0032064
-50.00 35.00 0.0025465
-45.00 35.00 0.0015661
-40.00 35.00 -0.0001488
-35.00 35.00 -0.0024286
-30.00 35.00 -0.0049645
-25.00 35.00 -0.0071274
-20.00 35.00 -0.0077465
-15.00 35.00 -0.006103
-10.00 35.00 -0.0029809
-5.00 35.00 3.78e-05
0.00 35.00 0.0020154
5.00 35.00 0.0028786
10.00 35.00 0.002943
15.00 35.00 0.0028351
20.00 35.00 0.0030006
25.00 35.00 0.0028266
30.00 35.00 0.0014747
35.00 35.00 -6.78e-05
40.00 35.00 0.0004033
45.00 35.00 0.0029257
50.00 35.00 0.0046321
55.00 35.00 0.0035546
60.00 35.00 0.0013016
65.00 35.00 0.0005578
70.00 35.00 0.0015298
75.00 35.00 0.002424
80.00 35.00 0.002293
85.00 35.00 0.0018847
90.00 35.00 0.0022345
95.00 35.00 0.0035151
100.00 35.00 0.0050445
105.00 35.00 0.0058401
110.00 35.00 0.0054131
115.00 35.00 0.0043866
120.00 35.00 0.0040825
125.00 35.00 0.0051052
130.00 35.00 0.0063214
135.00 35.00 0.0056055
140.00 35.00 0.0020704
145.00 35.00 -0.0024138
150.00 35.00 -0.0045501
155.00 35.00 -0.0028523
160.00 35.00 0.0009333
165.00 35.00 0.0039435
170.00 35.00 0.0049641
175.00 35.00 0.0045514
180.00 35.00 0.0033923
-180.00 40.00 0.0020218
-175.00 40.00 0.0008768
-170.00 40.00 0.0004343
-165.00 40.00 0.0001784
-160.00 40.00 -0.0003056
-155.00 40.00 -0.0006806
-150.00 40.00 9.45e-05
-145.00 40.00 0.0026731
-140.00 40.00 0.0061827
-135.00 40.00 0.0084359
-130.00 40.00 0.0075826
-125.00 40.00 0.0038022
-120.00 40.00 -0.0005217
-115.00 40.00 -0.0025156
-110.00 40.00 -0.0011407
-105.00 40.00 0.0019727
-100.00 40.00 0.0041091
-95.00 40.00 0.0039582
-90.00 40.00 0.0025145
-85.00 40.00 0.0016859
-80.00 40.00 0.0023384
-75.00 40.00 0.0037611
-70.00 40.00 0.0047349
-65.00 40.00 0.0047848
-60.00 40.00 0.0043148
-55.00 40.00 0.0037577
-50.00 40.00 0.0029958
-45.00 40.00 0.001772
-40.00 40.00 0.0003251
-35.00 40.00 -0.0007704
-30.00 40.00 -0.0012319
-25.00 40.00 -0.0011801
-20.00 40.00 -0.0007886
-15.00 40.00 -0.0002284
-10.00 40.00 0.0001865
-5.00 40.00 0.0002747
0.00 40.00 0.000411
5.00 40.00 0.0012909
10.00 40.00 0.0031325
15.00 40.00 0.0051622
20.00 40.00 0.0059102
25.00 40.00 0.0043294
30.00 40.00 0.0011209
35.00 40.00 -0.0012735
40.00 40.00 -0.0008864
45.00 40.00 0.0014481
50.00 40.00 0.0028906
55.00 40.00 0.0019975
60.00 40.00 0.000347
65.00 40.00 0.0002623
70.00 40.00 0.0018845
75.00 40.00 0.0033958
80.00 40.00 0.0035318
85.00 40.00 0.0028201
90.00 40.00 0.0024214
95.00 40.00 0.0026028
100.00 40.00 0.002692
105.00 40.00 0.0021891
110.00 40.00 0.0015749
115.00 40.00 0.0019653
120.00 40.00 0.0039797
125.00 40.00 0.0068967
130.00 40.00 0.0089283
135.00 40.00 0.0085374
140.00 40.00 0.0058265
145.00 40.00 0.0027253
150.00 40.00 0.001508
155.00 40.00 0.0028132
160.00 40.00 0.0051481
165.00 40.00 0.0064168
170.00 40.00 0.005764
175.00 40.00 0.0038935
180.00 40.00 0.0020218
-180.00 45.00 0.0009755
-175.00 45.00 0.0009529
-170.00 45.00 0.0022385
-165.00 45.00 0.0033927
-160.00 45.00 0.0033815
-155.00 45.00 0.0024128
-150.00 45.00 0.0016799
-145.00 45.00 0.0021619
-140.00 45.00 0.0035753
-135.00 45.00 0.0045421
-130.00 45.00 0.0038923
-125.00 45.00 0.0018822
-120.00 45.00 0.0001354
-115.00 45.00 0.0002765
-110.00 45.00 0.0024613
-105.00 45.00 0.0051778
-100.00 45.00 0.0065434
-95.00 45.00 0.0058821
-90.00 45.00 0.0041073
-85.00 45.00 0.0026792
-80.00 45.00 0.0023045
-75.00 45.00 0.0026218
-70.00 45.00 0.0029297
-65.00 45.00 0.0029611
-60.00 45.00 0.0028852
-55.00 45.00 0.0027753
-50.00 45.00 0.002405
-45.00 45.00 0.0016832
-40.00 45.00 0.0010723
-35.00 45.00 0.001293
-30.00 45.00 0.0025633
-25.00 45.00 0.0042151
-20.00 45.00 0.0050611
-15.00 45.00 0.0041523
-10.00 45.00 0.0014379
-5.00 45.00 -0.0019759
0.00 45.00 -0.0042248
5.00 45.00 -0.0037797
10.00 45.00 -0.0006438
15.00 45.00 0.0033515
20.00 45.00 0.005672
25.00 45.00 0.0049957
30.00 45.00 0.0023581
35.00 45.00 0.0002708
40.00 45.00 0.0003559
45.00 45.00 0.0018262
50.00 45.00 0.0025652
55.00 45.00 0.0016422
60.00 45.00 0.0003029
65.00 45.00 0.0003494
70.00 45.00 0.0020482
75.00 45.00 0.0040391
80.00 45.00 0.004974
85.00 45.00 0.0046729
90.00 45.00 0.0036992
95.00 45.00 0.0024107
100.00 45.00 0.0008513
105.00 45.00 -0.000607
110.00 45.00 -0.0010206
115.00 45.00 0.0004024
120.00 45.00 0.0033238
125.00 45.00 0.006181
130.00 45.00 0.0072653
135.00 45.00 0.0061015
140.00 45.00 0.0039237
145.00 45.00 0.0027639
150.00 45.00 0.0038149
155.00 45.00 0.0064061
160.00 45.00 0.008513
165.00 45.00 0.0084124
170.00 45.00 0.0060436
175.00 45.00 0.0029463
180.00 45.00 0.0009755
-180.00 50.00 0.0030165
-175.00 50.00 0.003828
-170.00 50.00 0.0055571
-165.00 50.00 0.0067187
-160.00 50.00 0.0063391
-155.00 50.00 0.0046258
-150.00 50.00 0.002671
-145.00 50.00 0.0014996
-140.00 50.00 0.0012997
-135.00 50.00 0.0014745
-130.00 50.00 0.0013801
-125.00 50.00 0.0009986
-120.00 50.00 0.0009122
-115.00 50.00 0.001652
-110.00 50.00 0.0030971
-105.00 50.00 0.0045262
-100.00 50.00 0.0052597
-95.00 50.00 0.0052333
-90.00 50.00 0.0049376
-85.00 50.00 0.0048289
-80.00 50.00 0.0048628
-75.00 50.00 0.0046284
-70.00 50.00 0.0038801
-65.00 50.00 0.0028354
-60.00 50.00 0.0019121
-55.00 50.00 0.001247
-50.00 50.00 0.0005967
-45.00 50.00 -0.0002456
-40.00 50.00 -0.0010228
-35.00 50.00 -0.0011286
-30.00 50.00 -0.0002205
-25.00 50.00 0.0012622
-20.00 50.00 0.0021977
-15.00 50.00 0.0014947
-10.00 50.00 -0.0010597
-5.00 50.00 -0.0044239
0.00 50.00 -0.0067672
5.00 50.00 -0.0066117
10.00 50.00 -0.0039162
15.00 50.00 -0.0002261
20.00 50.00 0.0023813
25.00 50.00 0.0028217
30.00 50.00 0.0017314
35.00 50.00 0.0007091
40.00 50.00 0.0007568
45.00 50.00 0.0014471
50.00 50.00 0.001638
55.00 50.00 0.0008982
60.00 50.00 4.11e-05
65.00 50.00 0.0002377
70.00 50.00 0.0017897
75.00 50.00 0.0038844
80.00 50.00 0.0053985
85.00 50.00 0.0057338
90.00 50.00 0.0049567
95.00 50.00 0.0034907
100.00 50.00 0.0019345
105.00 50.00 0.0010461
110.00 50.00 0.0014885
115.00 50.00 0.0032574
120.00 50.00 0.0053411
125.00 50.00 0.0061974
130.00 50.00 0.0048924
135.00 50.00 0.001994
140.00 50.00 -0.0006342
145.00 50.00 -0.0011109
150.00 50.00 0.0010618
155.00 50.00 0.0045861
160.00 50.00 0.0072995
165.00 50.00 0.0077326
170.00 50.00 0.0060929
175.00 50.00 0.0039603
180.00 50.00 0.0030165
-180.00 55.00 0.0045828
-175.00 55.00 0.0054122
-170.00 55.00 0.0064474
-165.00 55.00 0.0068036
-160.00 55.00 0.0060412
-155.00 55.00 0.0044959
-150.00 55.00 0.0030094
-145.00 55.00 0.0023115
-140.00 55.00 0.0025445
-135.00 55.00 0.0032652
-130.00 55.00 0.0038472
-125.00 55.00 0.0039129
-120.00 55.00 0.0034814
-115.00 55.00 0.0028181
-110.00 55.00 0.0022152
-105.00 55.00 0.0019008
-100.00 55.00 0.002057
-95.00 55.00 0.002791
-90.00 55.00 0.0039934
-85.00 55.00 0.0052324
-80.00 55.00 0.0058873
-75.00 55.00 0.0055203
-70.00 55.00 0.0042034
-65.00 55.00 0.0024852
-60.00 55.00 0.0009744
-55.00 55.00 -0.0001082
-50.00 55.00 -0.0010076
-45.00 55.00 -0.0020754
-40.00 55.00 -0.0033243
-35.00 55.00 -0.0043264
-30.00 55.00 -0.0045609
-25.00 55.00 -0.0039014
-20.00 55.00 -0.0028103
-15.00 55.00 -0.0020531
-10.00 55.00 -0.0021345
-5.00 55.00 -0.0028935
0.00 55.00 -0.0035946
5.00 55.00 -0.0034825
10.00 55.00 -0.0023832
15.00 55.00 -0.000854
20.00 55.00 0.0002656
25.00 55.00 0.0005333
30.00 55.00 0.0002086
35.00 55.00 -8.58e-05
40.00 55.00 -1e-07
45.00 55.00 0.0002542
50.00 55.00 0.0002465
55.00 55.00 -9.13e-05
60.00 55.00 -0.0002836
65.00 55.00 0.0002676
70.00 55.00 0.0016969
75.00 55.00 0.0034969
80.00 55.00 0.0048673
85.00 55.00 0.0052362
90.00 55.00 0.0045604
95.00 55.00 0.0033099
100.00 55.00 0.0022506
105.00 55.00 0.0021143
110.00 55.00 0.0032021
115.00 55.00 0.0050872
120.00 55.00 0.0066967
125.00 55.00 0.0068924
130.00 55.00 0.0052565
135.00 55.00 0.0025037
140.00 55.00 0.0001221
145.00 55.00 -0.0005744
150.00 55.00 0.0006872
155.00 55.00 0.0030002
160.00 55.00 0.0049644
165.00 55.00 0.0056698
170.00 55.00 0.0052415
175.00 55.00 0.0045837
180.00 55.00 0.0045828
-180.00 60.00 0.0029741
-175.00 60.00 0.0033654
-170.00 60.00 0.0037662
-165.00 60.00 0.0038267
-160.00 60.00 0.0034915
-155.00 60.00 0.0030774
-150.00 60.00 0.0030723
-145.00 60.00 0.0037967
-140.00 60.00 0.0051649
-135.00 60.00 0.006701
-130.00 60.00 0.0077835
-125.00 60.00 0.0079535
-120.00 60.00 0.0071132
-115.00 60.00 0.0055428
-110.00 60.00 0.0037681
-105.00 60.00 0.0023551
-100.00 60.00 0.0016985
-95.00 60.00 0.0018594
-90.00 60.00 0.0025217
-85.00 60.00 0.0031213
-80.00 60.00 0.0031296
-75.00 60.00 0.0023503
-70.00 60.00 0.0010382
-65.00 60.00 -0.0002657
-60.00 60.00 -0.0010905
-55.00 60.00 -0.0013374
-50.00 60.00 -0.001307
-45.00 60.00 -0.0014345
-40.00 60.00 -0.0019373
-35.00 60.00 -0.0026413
-30.00 60.00 -0.0031084
-25.00 60.00 -0.0029564
-20.00 60.00 -0.0021273
-15.00 60.00 -0.0009169
-10.00 60.00 0.0002364
-5.00 60.00 0.0010268
0.00 60.00 0.0014186
5.00 60.00 0.0015678
10.00 60.00 0.0016328
15.00 60.00 0.0016494
20.00 60.00 0.0015629
25.00 60.00 0.0013498
30.00 60.00 0.0010778
35.00 60.00 0.0008374
40.00 60.00 0.0006329
45.00 60.00 0.0003784
50.00 60.00 3.13e-05
55.00 60.00 -0.0002686
60.00 60.00 -0.0002277
65.00 60.00 0.0003865
70.00 60.00 0.0015087
75.00 60.00 0.0027233
80.00 60.00 0.003457
85.00 60.00 0.0032934
90.00 60.00 0.0022193
95.00 60.00 0.0006694
100.00 60.00 -0.0006457
105.00 60.00 -0.0010581
110.00 60.00 -0.000271
115.00 60.00 0.0014672
120.00 60.00 0.0034659
125.00 60.00 0.0049523
130.00 60.00 0.0054906
135.00 60.00 0.0051919
140.00 60.00 0.0045717
145.00 60.00 0.0041586
150.00 60.00 0.0041418
155.00 60.00 0.0043085
160.00 60.00 0.0042927
165.00 60.00 0.0039158
170.00 60.00 0.0033434
175.00 60.00 0.0029432
180.00 60.00 0.0029741
-180.00 65.00 0.0013943
-175.00 65.00 0.0017454
-170.00 65.00 0.002172
-165.00 65.00 0.0025227
-160.00 65.00 0.0027971
-155.00 65.00 0.0031471
-150.00 65.00 0.003772
-145.00 65.00 0.0047728
-140.00 65.00 0.0060537
-135.00 65.00 0.0073325
-130.00 65.00 0.0082528
-125.00 65.00 0.0085375
-120.00 65.00 0.0081048
-115.00 65.00 0.007094
-110.00 65.00 0.0057963
-105.00 65.00 0.0045236
-100.00 65.00 0.0034749
-95.00 65.00 0.0026613
-90.00 65.00 0.0019273
-85.00 65.00 0.0010652
-80.00 65.00 -3.02e-05
-75.00 65.00 -0.0012559
-70.00 65.00 -0.0023142
-65.00 65.00 -0.0028535
-60.00 65.00 -0.0026644
-55.00 65.00 -0.0018134
-50.00 65.00 -0.0006286
-45.00 65.00 0.00046
-40.00 65.00 0.0011319
-35.00 65.00 0.0013158
-30.00 65.00 0.0011823
-25.00 65.00 0.0010104
-20.00 65.00 0.001021
-15.00 65.00 0.0012777
-10.00 65.00 0.0016966
-5.00 65.00 0.0021361
0.00 65.00 0.0024901
5.00 65.00 0.0027305
10.00 65.00 0.0028871
15.00 65.00 0.002999
20.00 65.00 0.0030764
25.00 65.00 0.0030892
30.00 65.00 0.0029788
35.00 65.00 0.0026829
40.00 65.00 0.0021713
45.00 65.00 0.0014879
50.00 65.00 0.0007768
55.00 65.00 0.0002597
60.00 65.00 0.0001483
65.00 65.00 0.0005227
70.00 65.00 0.0012465
75.00 65.00 0.0019802
80.00 65.00 0.0023077
85.00 65.00 0.0019228
90.00 65.00 0.0007846
95.00 65.00 -0.0008331
100.00 65.00 -0.0024291
105.00 65.00 -0.003463
110.00 65.00 -0.0035647
115.00 65.00 -0.0026702
120.00 65.00 -0.0010264
125.00 65.00 0.0009313
130.00 65.00 0.0027573
135.00 65.00 0.0041372
140.00 65.00 0.0049348
145.00 65.00 0.0051527
150.00 65.00 0.0048671
155.00 65.00 0.0041931
160.00 65.00 0.0032895
165.00 65.00 0.0023674
170.00 65.00 0.0016558
175.00 65.00 0.0013222
180.00 65.00 0.0013943
-180.00 70.00 0.0029251
-175.00 70.00 0.003731
-170.00 70.00 0.0044844
-165.00 70.00 0.0050735
-160.00 70.00 0.0054586
-155.00 70.00 0.0056761
-150.00 70.00 0.0058067
-145.00 70.00 0.0059277
-140.00 70.00 0.006073
-135.00 70.00 0.0062208
-130.00 70.00 0.0063106
-125.00 70.00 0.0062769
-120.00 70.00 0.0060798
-115.00 70.00 0.0057168
-110.00 70.00 0.0052114
-105.00 70.00 0.0045889
-100.00 70.00 0.0038548
-95.00 70.00 0.0029939
-90.00 70.00 0.0019934
-85.00 70.00 0.0008807
-80.00 70.00 -0.0002457
-75.00 70.00 -0.0012151
-70.00 70.00 -0.0018266
-65.00 70.00 -0.0019207
-60.00 70.00 -0.0014524
-55.00 70.00 -0.0005276
-50.00 70.00 0.0006185
-45.00 70.00 0.0016952
-40.00 70.00 0.0024524
-35.00 70.00 0.0027552
-30.00 70.00 0.0026102
-25.00 70.00 0.0021389
-20.00 70.00 0.0015179
-15.00 70.00 0.0009193
-10.00 70.00 0.0004709
-5.00 70.00 0.0002451
0.00 70.00 0.0002655
5.00 70.00 0.0005179
10.00 70.00 0.0009565
15.00 70.00 0.0015051
20.00 70.00 0.0020613
25.00 70.00 0.0025102
30.00 70.00 0.0027493
35.00 70.00 0.00272
40.00 70.00 0.0024349
45.00 70.00 0.0019879
50.00 70.00 0.0015377
55.00 70.00 0.0012622
60.00 70.00 0.0012949
65.00 70.00 0.0016664
70.00 70.00 0.0022761
75.00 70.00 0.0029125
80.00 70.00 0.0033199
85.00 70.00 0.003289
90.00 70.00 0.002737
95.00 70.00 0.0017437
100.00 70.00 0.0005308
105.00 70.00 -0.0006105
110.00 70.00 -0.0014134
115.00 70.00 -0.0017155
120.00 70.00 -0.0014999
125.00 70.00 -0.0008834
130.00 70.00 -6.67e-05
135.00 70.00 0.0007338
140.00 70.00 0.0013464
145.00 70.00 0.0016833
150.00 70.00 0.0017528
155.00 70.00 0.0016469
160.00 70.00 0.0015104
165.00 70.00 0.0014964
170.00 70.00 0.0017186
175.00 70.00 0.0022129
180.00 70.00 0.0029251
-180.00 75.00 0.0052971
-175.00 75.00 0.0062954
-170.00 75.00 0.0071077
-165.00 75.00 0.0076591
-160.00 75.00 0.0079134
-155.00 75.00 0.007878
-150.00 75.00 0.0075982
-145.00 75.00 0.0071443
-140.00 75.00 0.0065948
-135.00 75.00 0.0060218
-130.00 75.00 0.0054806
-125.00 75.00 0.0050045
-120.00 75.00 0.0046041
-115.00 75.00 0.0042703
-110.00 75.00 0.0039782
-105.00 75.00 0.0036945
-100.00 75.00 0.0033861
-95.00 75.00 0.0030311
-90.00 75.00 0.0026287
-85.00 75.00 0.0022049
-80.00 75.00 0.0018115
-75.00 75.00 0.0015142
-70.00 75.00 0.0013741
-65.00 75.00 0.0014254
-60.00 75.00 0.0016596
-55.00 75.00 0.0020199
-50.00 75.00 0.0024113
-45.00 75.00 0.0027236
-40.00 75.00 0.0028594
-35.00 75.00 0.0027597
-30.00 75.00 0.0024183
-25.00 75.00 0.0018816
-20.00 75.00 0.0012361
-15.00 75.00 0.0005871
-10.00 75.00 3.65e-05
-5.00 75.00 -0.000336
0.00 75.00 -0.0004855
5.00 75.00 -0.0004062
10.00 75.00 -0.0001293
15.00 75.00 0.0002854
20.00 75.00 0.0007616
25.00 75.00 0.0012234
30.00 75.00 0.0016119
35.00 75.00 0.0018994
40.00 75.00 0.0020972
45.00 75.00 0.0022522
50.00 75.00 0.0024329
55.00 75.00 0.0027071
60.00 75.00 0.0031167
65.00 75.00 0.0036591
70.00 75.00 0.0042806
75.00 75.00 0.0048852
80.00 75.00 0.0053576
85.00 75.00 0.0055928
90.00 75.00 0.0055238
95.00 75.00 0.0051393
100.00 75.00 0.0044855
105.00 75.00 0.0036534
110.00 75.00 0.0027546
115.00 75.00 0.0018962
120.00 75.00 0.0011598
125.00 75.00 0.0005921
130.00 75.00 0.000207
135.00 75.00 -3.3e-06
140.00 75.00 -5.27e-05
145.00 75.00 5.1e-05
150.00 75.00 0.0003125
155.00 75.00 0.0007463
160.00 75.00 0.0013666
165.00 75.00 0.0021736
170.00 75.00 0.0031414
175.00 75.00 0.0042116
180.00 75.00 0.0052971
-180.00 80.00 0.0052359
-175.00 80.00 0.0058484
-170.00 80.00 0.0063447
-165.00 80.00 0.0066932
-160.00 80.00 0.0068773
-155.00 80.00 0.006897
-150.00 80.00 0.0067677
-145.00 80.00 0.0065173
-140.00 80.00 0.0061814
-135.00 80.00 0.0057983
-130.00 80.00 0.0054045
-125.00 80.00 0.0050303
-120.00 80.00 0.0046974
-115.00 80.00 0.0044179
-110.00 80.00 0.004195
-105.00 80.00 0.0040257
-100.00 80.00 0.0039024
-95.00 80.00 0.0038166
-90.00 80.00 0.0037609
-85.00 80.00 0.0037307
-80.00 80.00 0.0037231
-75.00 80.00 0.0037361
-70.00 80.00 0.003766
-65.00 80.00 0.0038055
-60.00 80.00 0.0038425
-55.00 80.00 0.0038602
-50.00 80.00 0.0038397
-45.00 80.00 0.0037632
-40.00 80.00 0.0036182
-35.00 80.00 0.0034005
-30.00 80.00 0.0031167
-25.00 80.00 0.002784
-20.00 80.00 0.0024282
-15.00 80.00 0.0020795
-10.00 80.00 0.0017679
-5.00 80.00 0.0015197
0.00 80.00 0.001353
5.00 80.00 0.001276
10.00 80.00 0.0012871
15.00 80.00 0.0013768
20.00 80.00 0.0015308
25.00 80.00 0.0017333
30.00 80.00 0.0019706
35.00 80.00 0.0022338
40.00 80.00 0.0025194
45.00 80.00 0.0028281
50.00 80.00 0.0031618
55.00 80.00 0.00352
60.00 80.00 0.0038966
65.00 80.00 0.0042771
70.00 80.00 0.0046381
75.00 80.00 0.0049494
80.00 80.00 0.0051783
85.00 80.00 0.005295
90.00 80.00 0.0052779
95.00 80.00 0.005118
100.00 80.00 0.0048211
105.00 80.00 0.0044077
110.00 80.00 0.0039106
115.00 80.00 0.0033706
120.00 80.00 0.0028324
125.00 80.00 0.0023404
130.00 80.00 0.0019345
135.00 80.00 0.0016484
140.00 80.00 0.0015074
145.00 80.00 0.0015274
150.00 80.00 0.0017142
155.00 80.00 0.002062
160.00 80.00 0.0025534
165.00 80.00 0.0031595
170.00 80.00 0.0038409
175.00 80.00 0.0045501
180.00 80.00 0.0052359
-180.00 85.00 0.0036164
-175.00 85.00 0.0037793
-170.00 85.00 0.0039268
-165.00 85.00 0.0040536
-160.00 85.00 0.004155
-155.00 85.00 0.004228
-150.00 85.00 0.0042722
-145.00 85.00 0.0042907
-140.00 85.00 0.0042879
-135.00 85.00 0.0042686
-130.00 85.00 0.0042366
-125.00 85.00 0.0041957
-120.00 85.00 0.0041502
-115.00 85.00 0.0041051
-110.00 85.00 0.0040644
-105.00 85.00 0.0040306
-100.00 85.00 0.0040038
-95.00 85.00 0.0039827
-90.00 85.00 0.0039662
-85.00 85.00 0.0039536
-80.00 85.00 0.0039438
-75.00 85.00 0.0039347
-70.00 85.00 0.0039226
-65.00 85.00 0.0039037
-60.00 85.00 0.0038751
-55.00 85.00 0.0038353
-50.00 85.00 0.0037841
-45.00 85.00 0.0037209
-40.00 85.00 0.0036451
-35.00 85.00 0.0035566
-30.00 85.00 0.0034574
-25.00 85.00 0.0033514
-20.00 85.00 0.0032434
-15.00 85.00 0.0031381
-10.00 85.00 0.0030389
-5.00 85.00 0.0029488
0.00 85.00 0.0028708
5.00 85.00 0.0028085
10.00 85.00 0.0027651
15.00 85.00 0.0027418
20.00 85.00 0.0027376
25.00 85.00 0.0027505
30.00 85.00 0.0027784
35.00 85.00 0.00282
40.00 85.00 0.0028739
45.00 85.00 0.0029373
50.00 85.00 0.003006
55.00 85.00 0.0030749
60.00 85.00 0.0031396
65.00 85.00 0.003197
70.00 85.00 0.0032441
75.00 85.00 0.0032776
80.00 85.00 0.0032931
85.00 85.00 0.0032872
90.00 85.00 0.0032585
95.00 85.00 0.0032084
100.00 85.00 0.0031405
105.00 85.00 0.003059
110.00 85.00 0.0029684
115.00 85.00 0.0028743
120.00 85.00 0.0027838
125.00 85.00 0.0027056
130.00 85.00 0.0026482
135.00 85.00 0.0026182
140.00 85.00 0.0026195
145.00 85.00 0.0026534
150.00 85.00 0.0027203
155.00 85.00 0.0028194
160.00 85.00 0.0029481
165.00 85.00 0.0031008
170.00 85.00 0.0032693
175.00 85.00 0.003444
180.00 85.00 0.0036164
-180.00 90.00 0.0029812
-175.00 90.00 0.0029812
-170.00 90.00 0.0029812
-165.00 90.00 0.0029812
-160.00 90.00 0.0029812
-155.00 90.00 0.0029812
-150.00 90.00 0.0029812
-145.00 90.00 0.0029812
-140.00 90.00 0.0029812
-135.00 90.00 0.0029812
-130.00 90.00 0.0029812
-125.00 90.00 0.0029812
-120.00 90.00 0.0029812
-115.00 90.00 0.0029812
-110.00 90.00 0.0029812
-105.00 90.00 0.0029812
-100.00 90.00 0.0029812
-95.00 90.00 0.0029812
-90.00 90.00 0.0029812
-85.00 90.00 0.0029812
-80.00 90.00 0.0029812
-75.00 90.00 0.0029812
-70.00 90.00 0.0029812
-65.00 90.00 0.0029812
-60.00 90.00 0.0029812
-55.00 90.00 0.0029812
-50.00 90.00 0.0029812
-45.00 90.00 0.0029812
-40.00 90.00 0.0029812
-35.00 90.00 0.0029812
-30.00 90.00 0.0029812
-25.00 90.00 0.0029812
-20.00 90.00 0.0029812
-15.00 90.00 0.0029812
-10.00 90.00 0.0029812
-5.00 90.00 0.0029812
0.00 90.00 0.0029812
5.00 90.00 0.0029812
10.00 90.00 0.0029812
15.00 90.00 0.0029812
20.00 90.00 0.0029812
25.00 90.00 0.0029812
30.00 90.00 0.0029812
35.00 90.00 0.0029812
40.00 90.00 0.0029812
45.00 90.00 0.0029812
50.00 90.00 0.0029812
55.00 90.00 0.0029812
60.00 90.00 0.0029812
65.00 90.00 0.0029812
70.00 90.00 0.0029812
75.00 90.00 0.0029812
80.00 90.00 0.0029812
85.00 90.00 0.0029812
90.00 90.00 0.0029812
95.00 90.00 0.0029812
100.00 90.00 0.0029812
105.00 90.00 0.0029812
110.00 90.00 0.0029812
115.00 90.00 0.0029812
120.00 90.00 0.0029812
125.00 90.00 0.0029812
130.00 90.00 0.0029812
135.00 90.00 0.0029812
140.00 90.00 0.0029812
145.00 90.00 0.0029812
150.00 90.00 0.0029812
155.00 90.00 0.0029812
160.00 90.00 0.0029812
165.00 90.00 0.0029812
170.00 90.00 0.0029812
175.00 90.00 0.0029812
180.00 90.00 0.0029812
