-180.00 -90.00 0.0048641
-175.00 -90.00 0.0048643
-170.00 -90.00 0.0048643
-165.00 -90.00 0.0048643
-160.00 -90.00 0.0048642
-155.00 -90.00 0.0048641
-150.00 -90.00 0.0048639
-145.00 -90.00 0.0048637
-140.00 -90.00 0.0048634
-135.00 -90.00 0.0048631
-130.00 -90.00 0.0048627
-125.00 -90.00 0.0048624
-120.00 -90.00 0.004862
-115.00 -90.00 0.0048617
-110.00 -90.00 0.0048613
-105.00 -90.00 0.004861
-100.00 -90.00 0.0048607
-95.00 -90.00 0.0048605
-90.00 -90.00 0.0048604
-85.00 -90.00 0.0048602
-80.00 -90.00 0.0048602
-75.00 -90.00 0.0048602
-70.00 -90.00 0.0048603
-65.00 -90.00 0.0048604
-60.00 -90.00 0.0048606
-55.00 -90.00 0.0048608
-50.00 -90.00 0.0048611
-45.00 -90.00 0.0048614
-40.00 -90.00 0.0048618
-35.00 -90.00 0.0048621
-30.00 -90.00 0.0048625
-25.00 -90.00 0.0048628
-20.00 -90.00 0.0048632
-15.00 -90.00 0.0048635
-10.00 -90.00 0.0048637
-5.00 -90.00 0.004864
0.00 -90.00 0.0048641
5.00 -90.00 0.0048643
10.00 -90.00 0.0048643
15.00 -90.00 0.0048643
20.00 -90.00 0.0048642
25.00 -90.00 0.0048641
30.00 -90.00 0.0048639
35.00 -90.00 0.0048637
40.00 -90.00 0.0048634
45.00 -90.00 0.0048631
50.00 -90.00 0.0048627
55.00 -90.00 0.0048624
60.00 -90.00 0.004862
65.00 -90.00 0.0048617
70.00 -90.00 0.0048613
75.00 -90.00 0.004861
80.00 -90.00 0.0048608
85.00 -90.00 0.0048605
90.00 -90.00 0.0048604
95.00 -90.00 0.0048602
100.00 -90.00 0.0048602
105.00 -90.00 0.0048602
110.00 -90.00 0.0048603
115.00 -90.00 0.0048604
120.00 -90.00 0.0048606
125.00 -90.00 0.0048608
130.00 -90.00 0.0048611
135.00 -90.00 0.0048614
140.00 -90.00 0.0048618
145.00 -90.00 0.0048621
150.00 -90.00 0.0048625
155.00 -90.00 0.0048628
160.00 -90.00 0.0048632
165.00 -90.00 0.0048635
170.00 -90.00 0.0048638
175.00 -90.00 0.004864
180.00 -90.00 0.0048641
-180.00 -85.00 0.0071386
-175.00 -85.00 0.0069805
-170.00 -85.00 0.0067913
-165.00 -85.00 0.0065715
-160.00 -85.00 0.0063229
-155.00 -85.00 0.0060486
-150.00 -85.00 0.0057528
-145.00 -85.00 0.0054406
-140.00 -85.00 0.0051175
-135.00 -85.00 0.0047884
-130.00 -85.00 0.0044582
-125.00 -85.00 0.0041312
-120.00 -85.00 0.0038116
-115.00 -85.00 0.0035033
-110.00 -85.00 0.0032093
-105.00 -85.00 0.0029324
-100.00 -85.00 0.0026748
-95.00 -85.00 0.0024392
-90.00 -85.00 0.0022283
-85.00 -85.00 0.0020454
-80.00 -85.00 0.001893
-75.00 -85.00 0.0017735
-70.00 -85.00 0.0016889
-65.00 -85.00 0.0016411
-60.00 -85.00 0.0016317
-55.00 -85.00 0.0016613
-50.00 -85.00 0.0017295
-45.00 -85.00 0.0018347
-40.00 -85.00 0.0019746
-35.00 -85.00 0.0021464
-30.00 -85.00 0.0023468
-25.00 -85.00 0.0025718
-20.00 -85.00 0.0028172
-15.00 -85.00 0.0030787
-10.00 -85.00 0.0033522
-5.00 -85.00 0.003634
0.00 -85.00 0.0039206
5.00 -85.00 0.004209
10.00 -85.00 0.0044963
15.00 -85.00 0.0047801
20.00 -85.00 0.005058
25.00 -85.00 0.0053281
30.00 -85.00 0.0055885
35.00 -85.00 0.0058377
40.00 -85.00 0.006074
45.00 -85.00 0.006296
50.00 -85.00 0.0065023
55.00 -85.00 0.0066916
60.00 -85.00 0.0068631
65.00 -85.00 0.0070162
70.00 -85.00 0.0071504
75.00 -85.00 0.0072657
80.00 -85.00 0.0073622
85.00 -85.00 0.0074406
90.00 -85.00 0.0075021
95.00 -85.00 0.0075485
100.00 -85.00 0.0075814
105.00 -85.00 0.0076029
110.00 -85.00 0.0076149
115.00 -85.00 0.0076197
120.00 -85.00 0.0076194
125.00 -85.00 0.0076159
130.00 -85.00 0.0076103
135.00 -85.00 0.0076028
140.00 -85.00 0.0075932
145.00 -85.00 0.0075803
150.00 -85.00 0.0075622
155.00 -85.00 0.0075357
160.00 -85.00 0.0074972
165.00 -85.00 0.0074424
170.00 -85.00 0.0073669
175.00 -85.00 0.0072667
180.00 -85.00 0.0071386
-180.00 -80.00 0.0093127
-175.00 -80.00 0.0090236
-170.00 -80.00 0.0085982
-165.00 -80.00 0.0080441
-160.00 -80.00 0.0073806
-155.00 -80.00 0.0066388
-150.00 -80.00 0.0058603
-145.00 -80.00 0.0050889
-140.00 -80.00 0.0043597
-135.00 -80.00 0.0036965
-130.00 -80.00 0.0031137
-125.00 -80.00 0.0026165
-120.00 -80.00 0.0021967
-115.00 -80.00 0.0018365
-110.00 -80.00 0.0015174
-105.00 -80.00 0.001225
-100.00 -80.00 0.000947
-95.00 -80.00 0.0006734
-90.00 -80.00 0.0004022
-85.00 -80.00 0.0001415
-80.00 -80.00 -9.57e-05
-75.00 -80.00 -0.0002968
-70.00 -80.00 -0.0004475
-65.00 -80.00 -0.0005303
-60.00 -80.00 -0.0005298
-55.00 -80.00 -0.0004389
-50.00 -80.00 -0.0002583
-45.00 -80.00 8.7e-06
-40.00 -80.00 0.0003543
-35.00 -80.00 0.0007627
-30.00 -80.00 0.0012122
-25.00 -80.00 0.0016838
-20.00 -80.00 0.002164
-15.00 -80.00 0.0026408
-10.00 -80.00 0.0031037
-5.00 -80.00 0.0035486
0.00 -80.00 0.0039794
5.00 -80.00 0.004401
10.00 -80.00 0.0048144
15.00 -80.00 0.00522
20.00 -80.00 0.005621
25.00 -80.00 0.0060194
30.00 -80.00 0.0064125
35.00 -80.00 0.0067956
40.00 -80.00 0.0071681
45.00 -80.00 0.0075315
50.00 -80.00 0.0078834
55.00 -80.00 0.0082176
60.00 -80.00 0.0085303
65.00 -80.00 0.0088201
70.00 -80.00 0.0090833
75.00 -80.00 0.009313
80.00 -80.00 0.009506
85.00 -80.00 0.0096649
90.00 -80.00 0.0097926
95.00 -80.00 0.0098885
100.00 -80.00 0.0099515
105.00 -80.00 0.0099836
110.00 -80.00 0.0099868
115.00 -80.00 0.0099588
120.00 -80.00 0.0098982
125.00 -80.00 0.0098112
130.00 -80.00 0.0097105
135.00 -80.00 0.0096094
140.00 -80.00 0.0095209
145.00 -80.00 0.0094592
150.00 -80.00 0.0094362
155.00 -80.00 0.0094517
160.00 -80.00 0.0094905
165.00 -80.00 0.0095278
170.00 -80.00 0.0095338
175.00 -80.00 0.009474
180.00 -80.00 0.0093127
-180.00 -75.00 0.0094235
-175.00 -75.00 0.009028
-170.00 -75.00 0.0082943
-165.00 -75.00 0.007248
-160.00 -75.00 0.0059735
-155.00 -75.00 0.004596
-150.00 -75.00 0.0032558
-145.00 -75.00 0.0020797
-140.00 -75.00 0.0011597
-135.00 -75.00 0.0005407
-130.00 -75.00 0.0002176
-125.00 -75.00 0.0001427
-120.00 -75.00 0.0002418
-115.00 -75.00 0.0004323
-110.00 -75.00 0.0006381
-105.00 -75.00 0.0008006
-100.00 -75.00 0.0008851
-95.00 -75.00 0.0008787
-90.00 -75.00 0.0007859
-85.00 -75.00 0.0006237
-80.00 -75.00 0.000418
-75.00 -75.00 0.0001993
-70.00 -75.00 1e-07
-65.00 -75.00 -0.0001454
-60.00 -75.00 -0.0002038
-55.00 -75.00 -0.0001477
-50.00 -75.00 4.02e-05
-45.00 -75.00 0.0003626
-40.00 -75.00 0.0008039
-35.00 -75.00 0.0013288
-30.00 -75.00 0.0018886
-25.00 -75.00 0.0024307
-20.00 -75.00 0.0029099
-15.00 -75.00 0.0032979
-10.00 -75.00 0.0035918
-5.00 -75.00 0.0038133
0.00 -75.00 0.0039994
5.00 -75.00 0.0041912
10.00 -75.00 0.0044219
15.00 -75.00 0.0047069
20.00 -75.00 0.005041
25.00 -75.00 0.0054044
30.00 -75.00 0.0057734
35.00 -75.00 0.0061295
40.00 -75.00 0.0064661
45.00 -75.00 0.00679
50.00 -75.00 0.0071152
55.00 -75.00 0.0074531
60.00 -75.00 0.0078062
65.00 -75.00 0.008167
70.00 -75.00 0.0085224
75.00 -75.00 0.0088619
80.00 -75.00 0.0091874
85.00 -75.00 0.0095158
90.00 -75.00 0.0098728
95.00 -75.00 0.0102809
100.00 -75.00 0.0107446
105.00 -75.00 0.0112384
110.00 -75.00 0.0117039
115.00 -75.00 0.0120618
120.00 -75.00 0.0122321
125.00 -75.00 0.0121594
130.00 -75.00 0.0118339
135.00 -75.00 0.0113023
140.00 -75.00 0.0106601
145.00 -75.00 0.0100288
150.00 -75.00 0.0095244
155.00 -75.00 0.0092259
160.00 -75.00 0.0091512
165.00 -75.00 0.0092508
170.00 -75.00 0.0094192
175.00 -75.00 0.0095212
180.00 -75.00 0.0094235
-180.00 -70.00 0.0073222
-175.00 -70.00 0.0069775
-170.00 -70.00 0.0061317
-165.00 -70.00 0.0048699
-160.00 -70.00 0.0033688
-155.00 -70.00 0.0018483
-150.00 -70.00 0.0005224
-145.00 -70.00 -0.0004414
-140.00 -70.00 -0.0009501
-135.00 -70.00 -0.0009976
-130.00 -70.00 -0.0006597
-125.00 -70.00 -7.07e-05
-120.00 -70.00 0.0006138
-115.00 -70.00 0.0012558
-110.00 -70.00 0.001764
-105.00 -70.00 0.0021024
-100.00 -70.00 0.0022815
-95.00 -70.00 0.0023368
-90.00 -70.00 0.00231
-85.00 -70.00 0.0022352
-80.00 -70.00 0.0021348
-75.00 -70.00 0.0020198
-70.00 -70.00 0.0018933
-65.00 -70.00 0.0017579
-60.00 -70.00 0.0016238
-55.00 -70.00 0.0015174
-50.00 -70.00 0.0014817
-45.00 -70.00 0.001567
-40.00 -70.00 0.0018108
-35.00 -70.00 0.002216
-30.00 -70.00 0.002738
-25.00 -70.00 0.0032887
-20.00 -70.00 0.0037606
-15.00 -70.00 0.0040619
-10.00 -70.00 0.0041512
-5.00 -70.00 0.0040548
0.00 -70.00 0.0038611
5.00 -70.00 0.0036896
10.00 -70.00 0.0036482
15.00 -70.00 0.0037932
20.00 -70.00 0.0041101
25.00 -70.00 0.0045234
30.00 -70.00 0.0049305
35.00 -70.00 0.0052467
40.00 -70.00 0.0054387
45.00 -70.00 0.0055331
50.00 -70.00 0.0055946
55.00 -70.00 0.0056861
60.00 -70.00 0.0058334
65.00 -70.00 0.0060126
70.00 -70.00 0.0061711
75.00 -70.00 0.0062693
80.00 -70.00 0.0063238
85.00 -70.00 0.0064245
90.00 -70.00 0.0067154
95.00 -70.00 0.0073405
100.00 -70.00 0.0083761
105.00 -70.00 0.009777
110.00 -70.00 0.0113583
115.00 -70.00 0.0128272
120.00 -70.00 0.0138577
125.00 -70.00 0.0141878
130.00 -70.00 0.0137061
135.00 -70.00 0.0124971
140.00 -70.00 0.010824
145.00 -70.00 0.0090551
150.00 -70.00 0.0075556
155.00 -70.00 0.0065832
160.00 -70.00 0.0062225
165.00 -70.00 0.0063744
170.00 -70.00 0.0068012
175.00 -70.00 0.0072064
180.00 -70.00 0.0073222
-180.00 -65.00 0.0051004
-175.00 -65.00 0.0045457
-170.00 -65.00 0.0036613
-165.00 -65.00 0.0026634
-160.00 -65.00 0.0017454
-155.00 -65.00 0.0010222
-150.00 -65.00 0.0005346
-145.00 -65.00 0.0002919
-140.00 -65.00 0.0003041
-135.00 -65.00 0.000576
-130.00 -65.00 0.0010729
-125.00 -65.00 0.0016997
-120.00 -65.00 0.0023225
-115.00 -65.00 0.0028229
-110.00 -65.00 0.0031442
-105.00 -65.00 0.0032966
-100.00 -65.00 0.0033236
-95.00 -65.00 0.0032642
-90.00 -65.00 0.0031421
-85.00 -65.00 0.0029827
-80.00 -65.00 0.0028286
-75.00 -65.00 0.0027296
-70.00 -65.00 0.0027068
-65.00 -65.00 0.0027242
-60.00 -65.00 0.0026977
-55.00 -65.00 0.002545
-50.00 -65.00 0.0022476
-45.00 -65.00 0.0018851
-40.00 -65.00 0.0016159
-35.00 -65.00 0.0016103
-30.00 -65.00 0.0019677
-25.00 -65.00 0.0026571
-20.00 -65.00 0.0035102
-15.00 -65.00 0.004276
-10.00 -65.00 0.0047159
-5.00 -65.00 0.004703
0.00 -65.00 0.0042804
5.00 -65.00 0.0036499
10.00 -65.00 0.0030922
15.00 -65.00 0.0028503
20.00 -65.00 0.003028
25.00 -65.00 0.0035518
30.00 -65.00 0.0042119
35.00 -65.00 0.0047637
40.00 -65.00 0.0050399
45.00 -65.00 0.0050166
50.00 -65.00 0.0048
55.00 -65.00 0.0045428
60.00 -65.00 0.0043421
65.00 -65.00 0.004181
70.00 -65.00 0.0039541
75.00 -65.00 0.0035628
80.00 -65.00 0.0030202
85.00 -65.00 0.0025
90.00 -65.00 0.0022968
95.00 -65.00 0.0027145
100.00 -65.00 0.0039346
105.00 -65.00 0.0059157
110.00 -65.00 0.0083633
115.00 -65.00 0.0107812
120.00 -65.00 0.0126
125.00 -65.00 0.0133521
130.00 -65.00 0.0128374
135.00 -65.00 0.0112095
140.00 -65.00 0.0089352
145.00 -65.00 0.0066328
150.00 -65.00 0.0048559
155.00 -65.00 0.0039133
160.00 -65.00 0.0037974
165.00 -65.00 0.0042346
170.00 -65.00 0.0048216
175.00 -65.00 0.0051845
180.00 -65.00 0.0051004
-180.00 -60.00 0.0045641
-175.00 -60.00 0.0032861
-170.00 -60.00 0.0022537
-165.00 -60.00 0.0018038
-160.00 -60.00 0.0019555
-155.00 -60.00 0.0023933
-150.00 -60.00 0.0026592
-145.00 -60.00 0.0024471
-140.00 -60.00 0.0017939
-135.00 -60.00 0.0010304
-130.00 -60.00 0.000541
-125.00 -60.00 0.0005285
-120.00 -60.00 0.0009499
-115.00 -60.00 0.0016328
-110.00 -60.00 0.0024272
-105.00 -60.00 0.0032506
-100.00 -60.00 0.0040145
-95.00 -60.00 0.0045524
-90.00 -60.00 0.0046643
-85.00 -60.00 0.0042671
-80.00 -60.00 0.0035135
-75.00 -60.00 0.0027481
-70.00 -60.00 0.0023109
-65.00 -60.00 0.002329
-60.00 -60.00 0.0026488
-55.00 -60.00 0.0029463
-50.00 -60.00 0.0029277
-45.00 -60.00 0.0024982
-40.00 -60.00 0.0018168
-35.00 -60.00 0.0012285
-30.00 -60.00 0.001108
-25.00 -60.00 0.001674
-20.00 -60.00 0.0028528
-15.00 -60.00 0.004265
-10.00 -60.00 0.005366
-5.00 -60.00 0.0056884
0.00 -60.00 0.0050706
5.00 -60.00 0.0037477
10.00 -60.00 0.0022548
15.00 -60.00 0.0011886
20.00 -60.00 0.0009472
25.00 -60.00 0.0015665
30.00 -60.00 0.0027192
35.00 -60.00 0.003874
40.00 -60.00 0.0045394
45.00 -60.00 0.0044808
50.00 -60.00 0.0037988
55.00 -60.00 0.002826
60.00 -60.00 0.0019064
65.00 -60.00 0.0012049
70.00 -60.00 0.0006713
75.00 -60.00 0.0001683
80.00 -60.00 -0.0003553
85.00 -60.00 -0.0007831
90.00 -60.00 -0.0008892
95.00 -60.00 -0.0004656
100.00 -60.00 0.0005794
105.00 -60.00 0.0021873
110.00 -60.00 0.0041481
115.00 -60.00 0.006106
120.00 -60.00 0.0076069
125.00 -60.00 0.0082369
130.00 -60.00 0.0078254
135.00 -60.00 0.0065877
140.00 -60.00 0.0050783
145.00 -60.00 0.003941
150.00 -60.00 0.0035975
155.00 -60.00 0.0040596
160.00 -60.00 0.0049645
165.00 -60.00 0.0057822
170.00 -60.00 0.0060637
175.00 -60.00 0.0056165
180.00 -60.00 0.0045641
-180.00 -55.00 0.0049769
-175.00 -55.00 0.0033472
-170.00 -55.00 0.0023996
-165.00 -55.00 0.0024661
-160.00 -55.00 0.0033586
-155.00 -55.00 0.0043129
-150.00 -55.00 0.0043657
-145.00 -55.00 0.0029912
-140.00 -55.00 0.000515
-135.00 -55.00 -0.00206
-130.00 -55.00 -0.0036952
-125.00 -55.00 -0.0039167
-120.00 -55.00 -0.0029349
-115.00 -55.00 -0.0012822
-110.00 -55.00 0.0006411
-105.00 -55.00 0.0027097
-100.00 -55.00 0.0048405
-95.00 -55.00 0.0067009
-90.00 -55.00 0.0077304
-85.00 -55.00 0.0075179
-80.00 -55.00 0.0061915
-75.00 -55.00 0.0044298
-70.00 -55.00 0.0030634
-65.00 -55.00 0.0026001
-60.00 -55.00 0.0030224
-55.00 -55.00 0.0039161
-50.00 -55.00 0.0047422
-45.00 -55.00 0.0050729
-40.00 -55.00 0.0047474
-35.00 -55.00 0.0039495
-30.00 -55.00 0.0031535
-25.00 -55.00 0.0028909
-20.00 -55.00 0.0034135
-15.00 -55.00 0.0044717
-10.00 -55.00 0.0053982
-5.00 -55.00 0.0054867
0.00 -55.00 0.0044263
5.00 -55.00 0.0025062
10.00 -55.00 0.0004668
15.00 -55.00 -0.0008835
20.00 -55.00 -0.001046
25.00 -55.00 -2.79e-05
30.00 -55.00 0.0016755
35.00 -55.00 0.0032712
40.00 -55.00 0.0039755
45.00 -55.00 0.003353
50.00 -55.00 0.0015307
55.00 -55.00 -0.0008699
60.00 -55.00 -0.0030753
65.00 -55.00 -0.0045535
70.00 -55.00 -0.0051793
75.00 -55.00 -0.0050994
80.00 -55.00 -0.0044926
85.00 -55.00 -0.0034789
90.00 -55.00 -0.0022133
95.00 -55.00 -0.0009643
100.00 -55.00 -7.8e-06
105.00 -55.00 0.000586
110.00 -55.00 0.0010134
115.00 -55.00 0.0015296
120.00 -55.00 0.0021603
125.00 -55.00 0.0026503
130.00 -55.00 0.0027407
135.00 -55.00 0.002513
140.00 -55.00 0.0024365
145.00 -55.00 0.0030307
150.00 -55.00 0.0044312
155.00 -55.00 0.0062378
160.00 -55.00 0.0077579
165.00 -55.00 0.0084152
170.00 -55.00 0.0080094
175.00 -55.00 0.0067196
180.00 -55.00 0.0049769
-180.00 -50.00 0.0041846
-175.00 -50.00 0.0030333
-170.00 -50.00 0.0023608
-165.00 -50.00 0.0024194
-160.00 -50.00 0.003101
-155.00 -50.00 0.0036658
-150.00 -50.00 0.003079
-145.00 -50.00 0.0008494
-140.00 -50.00 -0.0023977
-135.00 -50.00 -0.0052342
-130.00 -50.00 -0.0064062
-125.00 -50.00 -0.0056435
-120.00 -50.00 -0.0036836
-115.00 -50.00 -0.0015751
-110.00 -50.00 0.0001422
-105.00 -50.00 0.0017215
-100.00 -50.00 0.0037286
-95.00 -50.00 0.0062453
-90.00 -50.00 0.0085608
-85.00 -50.00 0.0097016
-80.00 -50.00 0.0092658
-75.00 -50.00 0.0077156
-70.00 -50.00 0.0059385
-65.00 -50.00 0.0046524
-60.00 -50.00 0.0042021
-55.00 -50.00 0.0046591
-50.00 -50.00 0.0058445
-45.00 -50.00 0.0072438
-40.00 -50.00 0.0081273
-35.00 -50.00 0.0079893
-30.00 -50.00 0.0069444
-25.00 -50.00 0.0056432
-20.00 -50.00 0.0047189
-15.00 -50.00 0.0042521
-10.00 -50.00 0.0037392
-5.00 -50.00 0.0025932
0.00 -50.00 0.0007278
5.00 -50.00 -0.0012867
10.00 -50.00 -0.0026155
15.00 -50.00 -0.0027354
20.00 -50.00 -0.0017153
25.00 -50.00 -6.85e-05
30.00 -50.00 0.0015564
35.00 -50.00 0.0025524
40.00 -50.00 0.00241
45.00 -50.00 0.0008508
50.00 -50.00 -0.0019444
55.00 -50.00 -0.0052658
60.00 -50.00 -0.0081641
65.00 -50.00 -0.0099251
70.00 -50.00 -0.0103257
75.00 -50.00 -0.0094948
80.00 -50.00 -0.007646
85.00 -50.00 -0.0050536
90.00 -50.00 -0.0022508
95.00 -50.00 -4.18e-05
100.00 -50.00 0.0009239
105.00 -50.00 0.0006974
110.00 -50.00 9.04e-05
115.00 -50.00 5.71e-05
120.00 -50.00 0.0009167
125.00 -50.00 0.0021593
130.00 -50.00 0.0030244
135.00 -50.00 0.0032714
140.00 -50.00 0.0033863
145.00 -50.00 0.0040486
150.00 -50.00 0.0054251
155.00 -50.00 0.006978
160.00 -50.00 0.007923
165.00 -50.00 0.0078446
170.00 -50.00 0.0069034
175.00 -50.00 0.0055556
180.00 -50.00 0.0041846
-180.00 -45.00 0.0012545
-175.00 -45.00 0.0001404
-170.00 -45.00 -0.0006683
-165.00 -45.00 -0.0010955
-160.00 -45.00 -0.0011219
-155.00 -45.00 -0.0011198
-150.00 -45.00 -0.0017072
-145.00 -45.00 -0.0030725
-140.00 -45.00 -0.0045901
-135.00 -45.00 -0.0052742
-130.00 -45.00 -0.0045764
-125.00 -45.00 -0.0027487
-120.00 -45.00 -0.0006596
-115.00 -45.00 0.0006717
-110.00 -45.00 0.0007357
-105.00 -45.00 0.0001043
-100.00 -45.00 0.0001857
-95.00 -45.00 0.0020017
-90.00 -45.00 0.0051506
-85.00 -45.00 0.008169
-80.00 -45.00 0.0098454
-75.00 -45.00 0.0099392
-70.00 -45.00 0.0087947
-65.00 -45.00 0.0068397
-60.00 -45.00 0.0047132
-55.00 -45.00 0.0034378
-50.00 -45.00 0.0038515
-45.00 -45.00 0.0057347
-40.00 -45.00 0.0077654
-35.00 -45.00 0.0085497
-30.00 -45.00 0.0077005
-25.00 -45.00 0.0059028
-20.00 -45.00 0.0040377
-15.00 -45.00 0.0023408
-10.00 -45.00 0.0003884
-5.00 -45.00 -0.0021786
0.00 -45.00 -0.004969
5.00 -45.00 -0.0069089
10.00 -45.00 -0.0070668
15.00 -45.00 -0.0054851
20.00 -45.00 -0.0032084
25.00 -45.00 -0.0014833
30.00 -45.00 -0.0009266
35.00 -45.00 -0.001397
40.00 -45.00 -0.0024908
45.00 -45.00 -0.0039841
50.00 -45.00 -0.0057993
55.00 -45.00 -0.007727
60.00 -45.00 -0.009362
65.00 -45.00 -0.0103298
70.00 -45.00 -0.0104559
75.00 -45.00 -0.0096605
80.00 -45.00 -0.007837
85.00 -45.00 -0.0050687
90.00 -45.00 -0.0019938
95.00 -45.00 0.0003048
100.00 -45.00 0.0010799
105.00 -45.00 0.0006781
110.00 -45.00 0.0003905
115.00 -45.00 0.0013724
120.00 -45.00 0.0036071
125.00 -45.00 0.0059022
130.00 -45.00 0.0069328
135.00 -45.00 0.0063631
140.00 -45.00 0.0050469
145.00 -45.00 0.0042122
150.00 -45.00 0.0044382
155.00 -45.00 0.0053049
160.00 -45.00 0.0058828
165.00 -45.00 0.0055223
170.00 -45.00 0.0042749
175.00 -45.00 0.0026853
180.00 -45.00 0.0012545
-180.00 -40.00 -0.0030767
-175.00 -40.00 -0.0051061
-170.00 -40.00 -0.0058371
-165.00 -40.00 -0.0058963
-160.00 -40.00 -0.0058628
-155.00 -40.00 -0.0060068
-150.00 -40.00 -0.0062449
-145.00 -40.00 -0.0060737
-140.00 -40.00 -0.0049816
-135.00 -40.00 -0.00321
-130.00 -40.00 -0.0016455
-125.00 -40.00 -0.0006996
-120.00 -40.00 6.71e-05
-115.00 -40.00 0.0008162
-110.00 -40.00 0.0007725
-105.00 -40.00 -0.0004777
-100.00 -40.00 -0.0016662
-95.00 -40.00 -0.0009214
-90.00 -40.00 0.0020308
-85.00 -40.00 0.0056443
-80.00 -40.00 0.008355
-75.00 -40.00 0.0096423
-70.00 -40.00 0.0093687
-65.00 -40.00 0.0073111
-60.00 -40.00 0.0039843
-55.00 -40.00 0.0011586
-50.00 -40.00 0.0006055
-45.00 -40.00 0.002316
-40.00 -40.00 0.0044434
-35.00 -40.00 0.0051006
-30.00 -40.00 0.0039535
-25.00 -40.00 0.0020351
-20.00 -40.00 0.0003404
-15.00 -40.00 -0.0011483
-10.00 -40.00 -0.0031692
-5.00 -40.00 -0.0061408
0.00 -40.00 -0.0094371
5.00 -40.00 -0.0116625
10.00 -40.00 -0.0117492
15.00 -40.00 -0.0099256
20.00 -40.00 -0.0076069
25.00 -40.00 -0.0062732
30.00 -40.00 -0.0064109
35.00 -40.00 -0.0074194
40.00 -40.00 -0.0083286
45.00 -40.00 -0.0085359
50.00 -40.00 -0.0080455
55.00 -40.00 -0.0072643
60.00 -40.00 -0.0066662
65.00 -40.00 -0.0065377
70.00 -40.00 -0.0068044
75.00 -40.00 -0.0069438
80.00 -40.00 -0.0062169
85.00 -40.00 -0.0043278
90.00 -40.00 -0.001948
95.00 -40.00 -0.0003017
100.00 -40.00 2.39e-05
105.00 -40.00 -0.0002249
110.00 -40.00 0.0003593
115.00 -40.00 0.0024663
120.00 -40.00 0.0053822
125.00 -40.00 0.0075688
130.00 -40.00 0.0078661
135.00 -40.00 0.006298
140.00 -40.00 0.0039736
145.00 -40.00 0.0023142
150.00 -40.00 0.0022002
155.00 -40.00 0.0034819
160.00 -40.00 0.0050138
165.00 -40.00 0.0052851
170.00 -40.00 0.0034776
175.00 -40.00 0.000179
180.00 -40.00 -0.0030767
-180.00 -35.00 -0.0074337
-175.00 -35.00 -0.0093128
-170.00 -35.00 -0.0084218
-165.00 -35.00 -0.0067849
-160.00 -35.00 -0.0060813
-155.00 -35.00 -0.00655
-150.00 -35.00 -0.00723
-145.00 -35.00 -0.0066526
-140.00 -35.00 -0.0042192
-135.00 -35.00 -0.0015186
-130.00 -35.00 -0.0010725
-125.00 -35.00 -0.0029583
-120.00 -35.00 -0.0041799
-115.00 -35.00 -0.0026251
-110.00 -35.00 -3.96e-05
-105.00 -35.00 0.0006906
-100.00 -35.00 -0.0002145
-95.00 -35.00 -0.0001184
-90.00 -35.00 0.0020404
-85.00 -35.00 0.0048084
-80.00 -35.00 0.006836
-75.00 -35.00 0.0081042
-70.00 -35.00 0.0084191
-65.00 -35.00 0.0068476
-60.00 -35.00 0.0035005
-55.00 -35.00 0.0004577
-50.00 -35.00 -0.0002051
-45.00 -35.00 0.0012256
-40.00 -35.00 0.0024807
-35.00 -35.00 0.0018213
-30.00 -35.00 -0.0003886
-25.00 -35.00 -0.0025508
-20.00 -35.00 -0.0037186
-15.00 -35.00 -0.0043709
-10.00 -35.00 -0.0056274
-5.00 -35.00 -0.0080458
0.00 -35.00 -0.0111068
5.00 -35.00 -0.0136154
10.00 -35.00 -0.0146
15.00 -35.00 -0.0139718
20.00 -35.00 -0.0123985
25.00 -35.00 -0.0106725
30.00 -35.00 -0.0093308
35.00 -35.00 -0.0086449
40.00 -35.00 -0.0085147
45.00 -35.00 -0.0083438
50.00 -35.00 -0.0074415
55.00 -35.00 -0.0057489
60.00 -35.00 -0.0040167
65.00 -35.00 -0.0031746
70.00 -35.00 -0.0035041
75.00 -35.00 -0.0042864
80.00 -35.00 -0.0042894
85.00 -35.00 -0.002935
90.00 -35.00 -0.0010454
95.00 -35.00 -3e-05
100.00 -35.00 -0.0002146
105.00 -35.00 -0.0004328
110.00 -35.00 0.0005281
115.00 -35.00 0.0025325
120.00 -35.00 0.0044051
125.00 -35.00 0.0052042
130.00 -35.00 0.0048361
135.00 -35.00 0.0037206
140.00 -35.00 0.0023561
145.00 -35.00 0.0012922
150.00 -35.00 0.0012071
155.00 -35.00 0.0025056
160.00 -35.00 0.0044609
165.00 -35.00 0.0050405
170.00 -35.00 0.002465
175.00 -35.00 -0.0026662
180.00 -35.00 -0.0074337
-180.00 -30.00 -0.0101386
-175.00 -30.00 -0.0096646
-170.00 -30.00 -0.0067574
-165.00 -30.00 -0.0045592
-160.00 -30.00 -0.0046396
-155.00 -30.00 -0.0062893
-150.00 -30.00 -0.0078874
-145.00 -30.00 -0.0076879
-140.00 -30.00 -0.0049909
-135.00 -30.00 -0.0020463
-130.00 -30.00 -0.0026013
-125.00 -30.00 -0.0066177
-120.00 -30.00 -0.0090066
-115.00 -30.00 -0.006185
-110.00 -30.00 -0.0012152
-105.00 -30.00 0.0007573
-100.00 -30.00 -0.000347
-95.00 -30.00 -0.0006867
-90.00 -30.00 0.0012699
-85.00 -30.00 0.0037347
-80.00 -30.00 0.0055544
-75.00 -30.00 0.0072039
-70.00 -30.00 0.0082202
-65.00 -30.00 0.0070801
-60.00 -30.00 0.0040258
-55.00 -30.00 0.0015767
-50.00 -30.00 0.0015356
-45.00 -30.00 0.0028966
-40.00 -30.00 0.0032483
-35.00 -30.00 0.0014381
-30.00 -30.00 -0.0015747
-25.00 -30.00 -0.0040882
-20.00 -30.00 -0.0054193
-15.00 -30.00 -0.0062539
-10.00 -30.00 -0.0075841
-5.00 -30.00 -0.0096717
0.00 -30.00 -0.0119984
5.00 -30.00 -0.0138699
10.00 -30.00 -0.014911
15.00 -30.00 -0.0149918
20.00 -30.00 -0.0137722
25.00 -30.00 -0.0108274
30.00 -30.00 -0.0067335
35.00 -30.00 -0.0035136
40.00 -30.00 -0.0029644
45.00 -30.00 -0.0045818
50.00 -30.00 -0.0060096
55.00 -30.00 -0.0055574
60.00 -30.00 -0.0036206
65.00 -30.00 -0.0017781
70.00 -30.00 -0.0011349
75.00 -30.00 -0.0014263
80.00 -30.00 -0.0013656
85.00 -30.00 -0.0001152
90.00 -30.00 0.0015453
95.00 -30.00 0.0021634
100.00 -30.00 0.0016952
105.00 -30.00 0.0015903
110.00 -30.00 0.0026089
115.00 -30.00 0.0037508
120.00 -30.00 0.0038456
125.00 -30.00 0.0031561
130.00 -30.00 0.0027362
135.00 -30.00 0.0029223
140.00 -30.00 0.0031008
145.00 -30.00 0.0026386
150.00 -30.00 0.0016847
155.00 -30.00 0.001046
160.00 -30.00 0.0010359
165.00 -30.00 0.0004494
170.00 -30.00 -0.0023766
175.00 -30.00 -0.0069344
180.00 -30.00 -0.0101386
-180.00 -25.00 -0.0102651
-175.00 -25.00 -0.0076679
-170.00 -25.00 -0.0050998
-165.00 -25.00 -0.0053397
-160.00 -25.00 -0.007915
-155.00 -25.00 -0.0104461
-150.00 -25.00 -0.0117623
-145.00 -25.00 -0.0114397
-140.00 -25.00 -0.008814
-135.00 -25.00 -0.0053825
-130.00 -25.00 -0.0050877
-125.00 -25.00 -0.0086006
-120.00 -25.00 -0.0107449
-115.00 -25.00 -0.0077479
-110.00 -25.00 -0.0033235
-105.00 -25.00 -0.0028153
-100.00 -25.00 -0.0050367
-95.00 -25.00 -0.0051389
-90.00 -25.00 -0.0022132
-85.00 -25.00 0.0012071
-80.00 -25.00 0.0042594
-75.00 -25.00 0.0073045
-70.00 -25.00 0.008745
-65.00 -25.00 0.0069038
-60.00 -25.00 0.0035663
-55.00 -25.00 0.0021263
-50.00 -25.00 0.0032742
-45.00 -25.00 0.0048547
-40.00 -25.00 0.0049022
-35.00 -25.00 0.0031308
-30.00 -25.00 0.000313
-25.00 -25.00 -0.002611
-20.00 -25.00 -0.0051764
-15.00 -25.00 -0.0075931
-10.00 -25.00 -0.0101467
-5.00 -25.00 -0.012539
0.00 -25.00 -0.0140755
5.00 -25.00 -0.0143901
10.00 -25.00 -0.0138541
15.00 -25.00 -0.0130607
20.00 -25.00 -0.0116543
25.00 -25.00 -0.0083565
30.00 -25.00 -0.0032245
35.00 -25.00 0.0008757
40.00 -25.00 0.0009003
45.00 -25.00 -0.0025209
50.00 -25.00 -0.0056198
55.00 -25.00 -0.0056765
60.00 -25.00 -0.0031513
65.00 -25.00 -0.0001208
70.00 -25.00 0.0018201
75.00 -25.00 0.0024051
80.00 -25.00 0.0026027
85.00 -25.00 0.0033923
90.00 -25.00 0.0043357
95.00 -25.00 0.0043396
100.00 -25.00 0.0037882
105.00 -25.00 0.0041934
110.00 -25.00 0.0055675
115.00 -25.00 0.0061432
120.00 -25.00 0.0051241
125.00 -25.00 0.0037866
130.00 -25.00 0.0033418
135.00 -25.00 0.0034429
140.00 -25.00 0.0032767
145.00 -25.00 0.0025817
150.00 -25.00 0.0012175
155.00 -25.00 -0.0009288
160.00 -25.00 -0.0034457
165.00 -25.00 -0.0058859
170.00 -25.00 -0.0083407
175.00 -25.00 -0.0103424
180.00 -25.00 -0.0102651
-180.00 -20.00 -0.0094247
-175.00 -20.00 -0.007383
-170.00 -20.00 -0.0070914
-165.00 -20.00 -0.009863
-160.00 -20.00 -0.0133808
-155.00 -20.00 -0.014737
-150.00 -20.00 -0.0144499
-145.00 -20.00 -0.0140854
-140.00 -20.00 -0.0125817
-135.00 -20.00 -0.0093033
-130.00 -20.00 -0.0073982
-125.00 -20.00 -0.0089565
-120.00 -20.00 -0.0105524
-115.00 -20.00 -0.0090236
-110.00 -20.00 -0.0072925
-105.00 -20.00 -0.0087061
-100.00 -20.00 -0.0104591
-95.00 -20.00 -0.0085364
-90.00 -20.00 -0.0042358
-85.00 -20.00 -0.000399
-80.00 -20.00 0.0034594
-75.00 -20.00 0.0073449
-70.00 -20.00 0.0078694
-65.00 -20.00 0.0039664
-60.00 -20.00 0.000304
-55.00 -20.00 0.0009145
-50.00 -20.00 0.0039672
-45.00 -20.00 0.0057984
-40.00 -20.00 0.0057989
-35.00 -20.00 0.0049303
-30.00 -20.00 0.0030422
-25.00 -20.00 -0.000288
-20.00 -20.00 -0.004484
-15.00 -20.00 -0.0086148
-10.00 -20.00 -0.0120892
-5.00 -20.00 -0.0145066
0.00 -20.00 -0.0155046
5.00 -20.00 -0.014855
10.00 -20.00 -0.0128877
15.00 -20.00 -0.0107081
20.00 -20.00 -0.0089598
25.00 -20.00 -0.0066235
30.00 -20.00 -0.0028857
35.00 -20.00 0.0002919
40.00 -20.00 0.000184
45.00 -20.00 -0.0024326
50.00 -20.00 -0.0039622
55.00 -20.00 -0.0026692
60.00 -20.00 4.23e-05
65.00 -20.00 0.0024721
70.00 -20.00 0.0041844
75.00 -20.00 0.0052664
80.00 -20.00 0.0059605
85.00 -20.00 0.0064505
90.00 -20.00 0.006214
95.00 -20.00 0.0048819
100.00 -20.00 0.0038009
105.00 -20.00 0.0046
110.00 -20.00 0.0063461
115.00 -20.00 0.0067009
120.00 -20.00 0.005579
125.00 -20.00 0.0047425
130.00 -20.00 0.0042026
135.00 -20.00 0.0023752
140.00 -20.00 -0.0003347
145.00 -20.00 -0.0016178
150.00 -20.00 -0.0012637
155.00 -20.00 -0.0018306
160.00 -20.00 -0.0046949
165.00 -20.00 -0.0082359
170.00 -20.00 -0.0104434
175.00 -20.00 -0.0107818
180.00 -20.00 -0.0094247
-180.00 -15.00 -0.0100908
-175.00 -15.00 -0.0100895
-170.00 -15.00 -0.0108261
-165.00 -15.00 -0.0125833
-160.00 -15.00 -0.0137288
-155.00 -15.00 -0.0128123
-150.00 -15.00 -0.0116922
-145.00 -15.00 -0.0124594
-140.00 -15.00 -0.0129802
-135.00 -15.00 -0.0105944
-130.00 -15.00 -0.0076768
-125.00 -15.00 -0.0077829
-120.00 -15.00 -0.0096093
-115.00 -15.00 -0.0105633
-110.00 -15.00 -0.0117682
-105.00 -15.00 -0.0137436
-100.00 -15.00 -0.0128747
-95.00 -15.00 -0.0078104
-90.00 -15.00 -0.0028299
-85.00 -15.00 -0.0002018
-80.00 -15.00 0.0029687
-75.00 -15.00 0.0065475
-70.00 -15.00 0.0054235
-65.00 -15.00 -0.0004347
-60.00 -15.00 -0.0035623
-55.00 -15.00 -0.0002981
-50.00 -15.00 0.0042832
-45.00 -15.00 0.005469
-40.00 -15.00 0.004814
-35.00 -15.00 0.0047275
-30.00 -15.00 0.0040405
-25.00 -15.00 0.0010313
-20.00 -15.00 -0.0036508
-15.00 -15.00 -0.0081749
-10.00 -15.00 -0.0112694
-5.00 -15.00 -0.0128543
0.00 -15.00 -0.0137579
5.00 -15.00 -0.014179
10.00 -15.00 -0.0131857
15.00 -15.00 -0.0107755
20.00 -15.00 -0.0084682
25.00 -15.00 -0.0067072
30.00 -15.00 -0.004419
35.00 -15.00 -0.0019234
40.00 -15.00 -0.0008168
45.00 -15.00 -0.0005654
50.00 -15.00 0.0009523
55.00 -15.00 0.0034681
60.00 -15.00 0.0046664
65.00 -15.00 0.0042194
70.00 -15.00 0.0041668
75.00 -15.00 0.0057405
80.00 -15.00 0.0081283
85.00 -15.00 0.0095477
90.00 -15.00 0.0084904
95.00 -15.00 0.0054143
100.00 -15.00 0.0032089
105.00 -15.00 0.0038352
110.00 -15.00 0.0053995
115.00 -15.00 0.005281
120.00 -15.00 0.0043984
125.00 -15.00 0.004696
130.00 -15.00 0.0043998
135.00 -15.00 0.0005687
140.00 -15.00 -0.0048249
145.00 -15.00 -0.0065638
150.00 -15.00 -0.0039125
155.00 -15.00 -0.0018481
160.00 -15.00 -0.0038152
165.00 -15.00 -0.0076297
170.00 -15.00 -0.0098569
175.00 -15.00 -0.0102272
180.00 -15.00 -0.0100908
-180.00 -10.00 -0.0115848
-175.00 -10.00 -0.0126106
-170.00 -10.00 -0.0126401
-165.00 -10.00 -0.0118152
-160.00 -10.00 -0.0106462
-155.00 -10.00 -0.0092902
-150.00 -10.00 -0.0090462
-145.00 -10.00 -0.0107543
-140.00 -10.00 -0.0117828
-135.00 -10.00 -0.0093315
-130.00 -10.00 -0.00564
-125.00 -10.00 -0.0047739
-120.00 -10.00 -0.0066435
-115.00 -10.00 -0.0092526
-110.00 -10.00 -0.0125242
-105.00 -10.00 -0.0148502
-100.00 -10.00 -0.0121081
-95.00 -10.00 -0.0050591
-90.00 -10.00 -0.0001501
-85.00 -10.00 0.0008644
-80.00 -10.00 0.0027424
-75.00 -10.00 0.0056599
-70.00 -10.00 0.003854
-65.00 -10.00 -0.0021176
-60.00 -10.00 -0.0040309
-55.00 -10.00 0.0005116
-50.00 -10.00 0.0046478
-45.00 -10.00 0.0040695
-40.00 -10.00 0.0020532
-35.00 -10.00 0.0017155
-30.00 -10.00 0.0017093
-25.00 -10.00 0.0001278
-20.00 -10.00 -0.002995
-15.00 -10.00 -0.0065531
-10.00 -10.00 -0.0089473
-5.00 -10.00 -0.0096596
0.00 -10.00 -0.0106431
5.00 -10.00 -0.0132092
10.00 -10.00 -0.0149971
15.00 -10.00 -0.0136151
20.00 -10.00 -0.0106196
25.00 -10.00 -0.0083375
30.00 -10.00 -0.006205
35.00 -10.00 -0.0032324
40.00 -10.00 -0.0002117
45.00 -10.00 0.0025703
50.00 -10.00 0.005781
55.00 -10.00 0.0082452
60.00 -10.00 0.0077636
65.00 -10.00 0.0050798
70.00 -10.00 0.0036333
75.00 -10.00 0.0054383
80.00 -10.00 0.0092243
85.00 -10.00 0.0118371
90.00 -10.00 0.0108267
95.00 -10.00 0.0071431
100.00 -10.00 0.004684
105.00 -10.00 0.0053123
110.00 -10.00 0.006334
115.00 -10.00 0.0053285
120.00 -10.00 0.0041769
125.00 -10.00 0.0047388
130.00 -10.00 0.0041502
135.00 -10.00 -0.0007469
140.00 -10.00 -0.00692
145.00 -10.00 -0.008423
150.00 -10.00 -0.0050694
155.00 -10.00 -0.002791
160.00 -10.00 -0.0051442
165.00 -10.00 -0.0091403
170.00 -10.00 -0.0108797
175.00 -10.00 -0.0109269
180.00 -10.00 -0.0115848
-180.00 -5.00 -0.0112567
-175.00 -5.00 -0.0118994
-170.00 -5.00 -0.0119734
-165.00 -5.00 -0.0113967
-160.00 -5.00 -0.0112899
-155.00 -5.00 -0.0116332
-150.00 -5.00 -0.0120598
-145.00 -5.00 -0.0124698
-140.00 -5.00 -0.0114996
-135.00 -5.00 -0.0078625
-130.00 -5.00 -0.0034888
-125.00 -5.00 -0.001392
-120.00 -5.00 -0.0016692
-115.00 -5.00 -0.0034508
-110.00 -5.00 -0.0070825
-105.00 -5.00 -0.0102244
-100.00 -5.00 -0.0078415
-95.00 -5.00 -0.0005617
-90.00 -5.00 0.0044389
-85.00 -5.00 0.0045253
-80.00 -5.00 0.0044529
-75.00 -5.00 0.005718
-70.00 -5.00 0.0040826
-65.00 -5.00 -0.0001695
-60.00 -5.00 -0.0010175
-55.00 -5.00 0.0025366
-50.00 -5.00 0.004886
-45.00 -5.00 0.0033946
-40.00 -5.00 0.0007423
-35.00 -5.00 -0.0010678
-30.00 -5.00 -0.0020705
-25.00 -5.00 -0.0022873
-20.00 -5.00 -0.0028858
-15.00 -5.00 -0.0055085
-10.00 -5.00 -0.0085502
-5.00 -5.00 -0.0093536
0.00 -5.00 -0.0096788
5.00 -5.00 -0.012591
10.00 -5.00 -0.0159128
15.00 -5.00 -0.0155749
20.00 -5.00 -0.0125496
25.00 -5.00 -0.0101661
30.00 -5.00 -0.0081291
35.00 -5.00 -0.0045303
40.00 -5.00 -5.38e-05
45.00 -5.00 0.003732
50.00 -5.00 0.0067087
55.00 -5.00 0.0086033
60.00 -5.00 0.0084234
65.00 -5.00 0.0066055
70.00 -5.00 0.0052211
75.00 -5.00 0.0058165
80.00 -5.00 0.0081234
85.00 -5.00 0.0101698
90.00 -5.00 0.0098892
95.00 -5.00 0.0079102
100.00 -5.00 0.0071922
105.00 -5.00 0.008422
110.00 -5.00 0.0087684
115.00 -5.00 0.0069209
120.00 -5.00 0.0052172
125.00 -5.00 0.0046119
130.00 -5.00 0.0022115
135.00 -5.00 -0.0033368
140.00 -5.00 -0.0081628
145.00 -5.00 -0.0082415
150.00 -5.00 -0.0054246
155.00 -5.00 -0.0051022
160.00 -5.00 -0.0089406
165.00 -5.00 -0.0130035
170.00 -5.00 -0.0135631
175.00 -5.00 -0.0118854
180.00 -5.00 -0.0112567
-180.00 0.00 -0.009651
-175.00 0.00 -0.0095702
-170.00 0.00 -0.0108777
-165.00 0.00 -0.0127316
-160.00 0.00 -0.0148698
-155.00 0.00 -0.0161513
-150.00 0.00 -0.0155469
-145.00 0.00 -0.0135624
-140.00 0.00 -0.0107298
-135.00 0.00 -0.0068094
-130.00 0.00 -0.002551
-125.00 0.00 0.0006243
-120.00 0.00 0.0025141
-115.00 0.00 0.0027727
-110.00 0.00 0.00022
-105.00 0.00 -0.0029683
-100.00 0.00 -0.0012023
-95.00 0.00 0.0060537
-90.00 0.00 0.0117526
-85.00 0.00 0.0112887
-80.00 0.00 0.0080817
-75.00 0.00 0.0060155
-70.00 0.00 0.0042808
-65.00 0.00 0.0022796
-60.00 0.00 0.0018956
-55.00 0.00 0.0032832
-50.00 0.00 0.0045178
-45.00 0.00 0.0047961
-40.00 0.00 0.0036196
-35.00 0.00 0.0002233
-30.00 0.00 -0.00317
-25.00 0.00 -0.0032299
-20.00 0.00 -0.0021478
-15.00 0.00 -0.0048905
-10.00 0.00 -0.009901
-5.00 0.00 -0.0114228
0.00 0.00 -0.0098437
5.00 0.00 -0.010242
10.00 0.00 -0.01269
15.00 0.00 -0.0131667
20.00 0.00 -0.0114885
25.00 0.00 -0.0102295
30.00 0.00 -0.0087412
35.00 0.00 -0.0048946
40.00 0.00 0.0001261
45.00 0.00 0.003548
50.00 0.00 0.0049562
55.00 0.00 0.0057272
60.00 0.00 0.0066528
65.00 0.00 0.0074184
70.00 0.00 0.0072611
75.00 0.00 0.0061205
80.00 0.00 0.0051667
85.00 0.00 0.0052388
90.00 0.00 0.0057597
95.00 0.00 0.006413
100.00 0.00 0.00772
105.00 0.00 0.0088367
110.00 0.00 0.0080124
115.00 0.00 0.0059541
120.00 0.00 0.0047301
125.00 0.00 0.0033339
130.00 0.00 -0.0008553
135.00 0.00 -0.0064842
140.00 0.00 -0.0091356
145.00 0.00 -0.0077914
150.00 0.00 -0.0062491
155.00 0.00 -0.0080105
160.00 0.00 -0.0123886
165.00 0.00 -0.015689
170.00 0.00 -0.0152077
175.00 0.00 -0.0120634
180.00 0.00 -0.009651
-180.00 5.00 -0.0095604
-175.00 5.00 -0.0093677
-170.00 5.00 -0.0111319
-165.00 5.00 -0.0135165
-160.00 5.00 -0.0152891
-155.00 5.00 -0.0153501
-150.00 5.00 -0.013476
-145.00 5.00 -0.010932
-140.00 5.00 -0.0085707
-135.00 5.00 -0.0055988
-130.00 5.00 -0.0016804
-125.00 5.00 0.0019224
-120.00 5.00 0.0041101
-115.00 5.00 0.0044021
-110.00 5.00 0.0025155
-105.00 5.00 0.0005534
-100.00 5.00 0.0029625
-95.00 5.00 0.0102466
-90.00 5.00 0.0161303
-85.00 5.00 0.0152021
-80.00 5.00 0.0097011
-75.00 5.00 0.0052462
-70.00 5.00 0.0038193
-65.00 5.00 0.0037395
-60.00 5.00 0.0032566
-55.00 5.00 0.0025472
-50.00 5.00 0.0035301
-45.00 5.00 0.0066049
-40.00 5.00 0.0078442
-35.00 5.00 0.0039014
-30.00 5.00 -0.0012999
-25.00 5.00 -0.0018995
-20.00 5.00 -0.0004424
-15.00 5.00 -0.0036461
-10.00 5.00 -0.0098513
-5.00 5.00 -0.0113396
0.00 5.00 -0.0074573
5.00 5.00 -0.004886
10.00 5.00 -0.0063815
15.00 5.00 -0.0085893
20.00 5.00 -0.0092839
25.00 5.00 -0.0089514
30.00 5.00 -0.00706
35.00 5.00 -0.0028489
40.00 5.00 0.001748
45.00 5.00 0.0038797
50.00 5.00 0.003229
55.00 5.00 0.0019705
60.00 5.00 0.0023467
65.00 5.00 0.0045071
70.00 5.00 0.0062547
75.00 5.00 0.005707
80.00 5.00 0.0038247
85.00 5.00 0.0028666
90.00 5.00 0.0035114
95.00 5.00 0.0049859
100.00 5.00 0.0061769
105.00 5.00 0.0057416
110.00 5.00 0.0036125
115.00 5.00 0.0021109
120.00 5.00 0.0024265
125.00 5.00 0.0017454
130.00 5.00 -0.0021463
135.00 5.00 -0.0062617
140.00 5.00 -0.0069977
145.00 5.00 -0.0060429
150.00 5.00 -0.0072194
155.00 5.00 -0.0106816
160.00 5.00 -0.0138843
165.00 5.00 -0.015222
170.00 5.00 -0.0143572
175.00 5.00 -0.0118362
180.00 5.00 -0.0095604
-180.00 10.00 -0.0102059
-175.00 10.00 -0.0110444
-170.00 10.00 -0.0121645
-165.00 10.00 -0.0126553
-160.00 10.00 -0.0121294
-155.00 10.00 -0.0107653
-150.00 10.00 -0.0090778
-145.00 10.00 -0.0078272
-140.00 10.00 -0.006704
-135.00 10.00 -0.0040203
-130.00 10.00 0.000479
-125.00 10.00 0.0041626
-120.00 10.00 0.0046672
-115.00 10.00 0.0026398
-110.00 10.00 0.0004229
-105.00 10.00 0.0002659
-100.00 10.00 0.0036513
-95.00 10.00 0.0094419
-90.00 10.00 0.0133111
-85.00 10.00 0.0120232
-80.00 10.00 0.0075258
-75.00 10.00 0.0044358
-70.00 10.00 0.0045027
-65.00 10.00 0.0054107
-60.00 10.00 0.0045063
-55.00 10.00 0.002653
-50.00 10.00 0.0033843
-45.00 10.00 0.0071809
-40.00 10.00 0.0089128
-35.00 10.00 0.0047967
-30.00 10.00 -0.0008938
-25.00 10.00 -0.0021367
-20.00 10.00 -0.0011028
-15.00 10.00 -0.0038014
-10.00 10.00 -0.0086424
-5.00 10.00 -0.0086623
0.00 10.00 -0.0034613
5.00 10.00 3.7e-05
10.00 10.00 -0.0020049
15.00 10.00 -0.0064234
20.00 10.00 -0.0088473
25.00 10.00 -0.0079228
30.00 10.00 -0.0044933
35.00 10.00 -0.0003483
40.00 10.00 0.002552
45.00 10.00 0.0032103
50.00 10.00 0.0018039
55.00 10.00 -0.0006048
60.00 10.00 -0.0019538
65.00 10.00 -0.0005409
70.00 10.00 0.0026838
75.00 10.00 0.0050467
80.00 10.00 0.0055085
85.00 10.00 0.0051729
90.00 10.00 0.0050493
95.00 10.00 0.0051125
100.00 10.00 0.0047243
105.00 10.00 0.0031908
110.00 10.00 0.0011206
115.00 10.00 0.000445
120.00 10.00 0.0011954
125.00 10.00 0.0006128
130.00 10.00 -0.0020206
135.00 10.00 -0.003453
140.00 10.00 -0.0024283
145.00 10.00 -0.0027177
150.00 10.00 -0.0066754
155.00 10.00 -0.0109177
160.00 10.00 -0.0118629
165.00 10.00 -0.0106685
170.00 10.00 -0.0099182
175.00 10.00 -0.0099138
180.00 10.00 -0.0102059
-180.00 15.00 -0.0083382
-175.00 15.00 -0.0105098
-170.00 15.00 -0.0110285
-165.00 15.00 -0.0100467
-160.00 15.00 -0.008569
-155.00 15.00 -0.0073851
-150.00 15.00 -0.0064694
-145.00 15.00 -0.0056261
-140.00 15.00 -0.0042451
-135.00 15.00 -0.0010286
-130.00 15.00 0.0038032
-125.00 15.00 0.0070727
-120.00 15.00 0.0060843
-115.00 15.00 0.002569
-110.00 15.00 0.0008229
-105.00 15.00 0.0027609
-100.00 15.00 0.006534
-95.00 15.00 0.0091306
-90.00 15.00 0.0090917
-85.00 15.00 0.007314
-80.00 15.00 0.0058924
-75.00 15.00 0.0059768
-70.00 15.00 0.0067529
-65.00 15.00 0.0066009
-60.00 15.00 0.0051037
-55.00 15.00 0.0039185
-50.00 15.00 0.0050843
-45.00 15.00 0.007648
-40.00 15.00 0.0074328
-35.00 15.00 0.0023888
-30.00 15.00 -0.003696
-25.00 15.00 -0.006226
-20.00 15.00 -0.0062993
-15.00 15.00 -0.0076494
-10.00 15.00 -0.0094096
-5.00 15.00 -0.0076293
0.00 15.00 -0.0027314
5.00 15.00 0.0001035
10.00 15.00 -0.002032
15.00 15.00 -0.0063231
20.00 15.00 -0.0080508
25.00 15.00 -0.0055948
30.00 15.00 -0.0014663
35.00 15.00 0.0008635
40.00 15.00 0.000845
45.00 15.00 0.0005595
50.00 15.00 0.0007356
55.00 15.00 -0.0001766
60.00 15.00 -0.0022459
65.00 15.00 -0.0027539
70.00 15.00 -7.28e-05
75.00 15.00 0.0039679
80.00 15.00 0.006688
85.00 15.00 0.0072744
90.00 15.00 0.0064413
95.00 15.00 0.0052057
100.00 15.00 0.0042295
105.00 15.00 0.003587
110.00 15.00 0.0032526
115.00 15.00 0.0032064
120.00 15.00 0.0024557
125.00 15.00 -9.19e-05
130.00 15.00 -0.0027565
135.00 15.00 -0.0023497
140.00 15.00 0.0002733
145.00 15.00 0.0003152
150.00 15.00 -0.0034646
155.00 15.00 -0.0063798
160.00 15.00 -0.0051355
165.00 15.00 -0.0025018
170.00 15.00 -0.0024637
175.00 15.00 -0.005142
180.00 15.00 -0.0083382
-180.00 20.00 -0.00457
-175.00 20.00 -0.006215
-170.00 20.00 -0.005892
-165.00 20.00 -0.0049347
-160.00 20.00 -0.0047282
-155.00 20.00 -0.004956
-150.00 20.00 -0.0040988
-145.00 20.00 -0.0018434
-140.00 20.00 0.0007996
-135.00 20.00 0.0035643
-130.00 20.00 0.0066012
-125.00 20.00 0.0084104
-120.00 20.00 0.0072323
-115.00 20.00 0.0046422
-110.00 20.00 0.0046308
-105.00 20.00 0.0083098
-100.00 20.00 0.0120328
-95.00 20.00 0.0119924
-90.00 20.00 0.008974
-85.00 20.00 0.0069825
-80.00 20.00 0.0079254
-75.00 20.00 0.009471
-70.00 20.00 0.0085358
-65.00 20.00 0.005356
-60.00 20.00 0.0029775
-55.00 20.00 0.0035823
-50.00 20.00 0.0063195
-45.00 20.00 0.0081594
-40.00 20.00 0.0063458
-35.00 20.00 0.0008026
-30.00 20.00 -0.0055897
-25.00 20.00 -0.0098322
-20.00 20.00 -0.0115737
-15.00 20.00 -0.0120933
-10.00 20.00 -0.0115881
-5.00 20.00 -0.0093443
0.00 20.00 -0.0060319
5.00 20.00 -0.0038484
10.00 20.00 -0.0040221
15.00 20.00 -0.0050785
20.00 20.00 -0.0042164
25.00 20.00 -0.0007429
30.00 20.00 0.0023933
35.00 20.00 0.0020122
40.00 20.00 -0.000657
45.00 20.00 -0.0013933
50.00 20.00 0.0007783
55.00 20.00 0.0022586
60.00 20.00 0.0007102
65.00 20.00 -0.0014469
70.00 20.00 -0.0009576
75.00 20.00 0.0019403
80.00 20.00 0.0047497
85.00 20.00 0.0059659
90.00 20.00 0.0057702
95.00 20.00 0.0050411
100.00 20.00 0.0046665
105.00 20.00 0.0051403
110.00 20.00 0.0062201
115.00 20.00 0.0067722
120.00 20.00 0.0052595
125.00 20.00 0.0015772
130.00 20.00 -0.0015766
135.00 20.00 -0.0012632
140.00 20.00 0.0014551
145.00 20.00 0.0026568
150.00 20.00 0.0013888
155.00 20.00 0.0007946
160.00 20.00 0.0025874
165.00 20.00 0.0042019
170.00 20.00 0.0028076
175.00 20.00 -0.0009823
180.00 20.00 -0.00457
-180.00 25.00 -0.0021563
-175.00 25.00 -0.0011768
-170.00 25.00 0.0006599
-165.00 25.00 0.0011065
-160.00 25.00 -0.0007123
-155.00 25.00 -0.0027135
-150.00 25.00 -0.0019484
-145.00 25.00 0.0015447
-140.00 25.00 0.0048628
-135.00 25.00 0.0062727
-130.00 25.00 0.006668
-125.00 25.00 0.0067777
-120.00 25.00 0.0059437
-115.00 25.00 0.0046733
-110.00 25.00 0.0054397
-105.00 25.00 0.0090189
-100.00 25.00 0.0122079
-95.00 25.00 0.0116163
-90.00 25.00 0.0085403
-85.00 25.00 0.0074273
-80.00 25.00 0.0096347
-75.00 25.00 0.0113532
-70.00 25.00 0.0087989
-65.00 25.00 0.0034161
-60.00 25.00 4.69e-05
-55.00 25.00 0.0010651
-50.00 25.00 0.0042961
-45.00 25.00 0.0062024
-40.00 25.00 0.0051658
-35.00 25.00 0.0015986
-30.00 25.00 -0.0033248
-25.00 25.00 -0.0081629
-20.00 25.00 -0.0114265
-15.00 25.00 -0.0123819
-10.00 25.00 -0.0115799
-5.00 25.00 -0.010103
0.00 25.00 -0.0084446
5.00 25.00 -0.0065971
10.00 25.00 -0.0047883
15.00 25.00 -0.0031084
20.00 25.00 -0.0008348
25.00 25.00 0.0022674
30.00 25.00 0.0042942
35.00 25.00 0.0031538
40.00 25.00 0.00024
45.00 25.00 -0.0006184
50.00 25.00 0.0015347
55.00 25.00 0.0034183
60.00 25.00 0.0024162
65.00 25.00 1.96e-05
70.00 25.00 -0.0008974
75.00 25.00 0.0002554
80.00 25.00 0.002264
85.00 25.00 0.0042569
90.00 25.00 0.0058958
95.00 25.00 0.0067079
100.00 25.00 0.0065419
105.00 25.00 0.0061965
110.00 25.00 0.0066994
115.00 25.00 0.0078943
120.00 25.00 0.0083077
125.00 25.00 0.0069574
130.00 25.00 0.0049252
135.00 25.00 0.004122
140.00 25.00 0.0047196
145.00 25.00 0.0052597
150.00 25.00 0.0051722
155.00 25.00 0.0052602
160.00 25.00 0.0055268
165.00 25.00 0.0046086
170.00 25.00 0.0019667
175.00 25.00 -0.000933
180.00 25.00 -0.0021563
-180.00 30.00 -0.0008156
-175.00 30.00 0.0018796
-170.00 30.00 0.0043659
-165.00 30.00 0.0042365
-160.00 30.00 0.0010639
-155.00 30.00 -0.0023448
-150.00 30.00 -0.0025353
-145.00 30.00 0.0005641
-140.00 30.00 0.0037372
-135.00 30.00 0.0047173
-130.00 30.00 0.0043244
-125.00 30.00 0.0039454
-120.00 30.00 0.0033285
-115.00 30.00 0.0022315
-110.00 30.00 0.0021179
-105.00 30.00 0.0040747
-100.00 30.00 0.0063387
-95.00 30.00 0.0062971
-90.00 30.00 0.0045036
-85.00 30.00 0.0042741
-80.00 30.00 0.0068691
-75.00 30.00 0.0092889
-70.00 30.00 0.0081264
-65.00 30.00 0.0040167
-60.00 30.00 0.0005552
-55.00 30.00 -0.0002044
-50.00 30.00 0.0007485
-45.00 30.00 0.0018397
-40.00 30.00 0.0026162
-35.00 30.00 0.0026402
-30.00 30.00 0.0007542
-25.00 30.00 -0.0032668
-20.00 30.00 -0.0074947
-15.00 30.00 -0.0096263
-10.00 30.00 -0.0093958
-5.00 30.00 -0.0081519
0.00 30.00 -0.0067053
5.00 30.00 -0.0049715
10.00 30.00 -0.0032648
15.00 30.00 -0.0022099
20.00 30.00 -0.0013874
25.00 30.00 0.0002067
30.00 30.00 0.0021671
35.00 30.00 0.0029169
40.00 30.00 0.0022727
45.00 30.00 0.0019026
50.00 30.00 0.0026627
55.00 30.00 0.0033134
60.00 30.00 0.0026724
65.00 30.00 0.0013906
70.00 30.00 0.0007401
75.00 30.00 0.0010862
80.00 30.00 0.0023766
85.00 30.00 0.0047698
90.00 30.00 0.0077517
95.00 30.00 0.0096372
100.00 30.00 0.0091357
105.00 30.00 0.0071175
110.00 30.00 0.0059857
115.00 30.00 0.0071832
120.00 30.00 0.0097549
125.00 30.00 0.0115423
130.00 30.00 0.01142
135.00 30.00 0.0099787
140.00 30.00 0.0083718
145.00 30.00 0.0072141
150.00 30.00 0.0065052
155.00 30.00 0.0058193
160.00 30.00 0.0044614
165.00 30.00 0.0021223
170.00 30.00 -0.0004314
175.00 30.00 -0.001734
180.00 30.00 -0.0008156
-180.00 35.00 0.0014452
-175.00 35.00 0.00296
-170.00 35.00 0.0042779
-165.00 35.00 0.0037655
-160.00 35.00 0.0009836
-155.00 35.00 -0.0021505
-150.00 35.00 -0.0029931
-145.00 35.00 -0.0011138
-140.00 35.00 0.0014078
-135.00 35.00 0.0027319
-130.00 35.00 0.003004
-125.00 35.00 0.0029841
-120.00 35.00 0.0025234
-115.00 35.00 0.001525
-110.00 35.00 0.0011724
-105.00 35.00 0.0025444
-100.00 35.00 0.0045247
-95.00 35.00 0.0047928
-90.00 35.00 0.0030101
-85.00 35.00 0.0015319
-80.00 35.00 0.0023921
-75.00 35.00 0.0047651
-70.00 35.00 0.0062357
-65.00 35.00 0.0056509
-60.00 35.00 0.0036935
-55.00 35.00 0.0014027
-50.00 35.00 -0.0004673
-45.00 35.00 -0.0009556
-40.00 35.00 0.0005468
-35.00 35.00 0.0027784
-30.00 35.00 0.0029958
-25.00 35.00 -0.0001525
-20.00 35.00 -0.0048323
-15.00 35.00 -0.007887
-10.00 35.00 -0.0079301
-5.00 35.00 -0.0058892
0.00 35.00 -0.0032731
5.00 35.00 -0.0011268
10.00 35.00 -0.0002613
15.00 35.00 -0.0009401
20.00 35.00 -0.0020528
25.00 35.00 -0.0018147
30.00 35.00 0.0002104
35.00 35.00 0.002621
40.00 35.00 0.004003
45.00 35.00 0.0043621
50.00 35.00 0.0044322
55.00 35.00 0.0045146
60.00 35.00 0.0045146
65.00 35.00 0.0043961
70.00 35.00 0.0041333
75.00 35.00 0.0038126
80.00 35.00 0.0040863
85.00 35.00 0.0057777
90.00 35.00 0.0085339
95.00 35.00 0.0105014
100.00 35.00 0.0100686
105.00 35.00 0.0077612
110.00 35.00 0.0058725
115.00 35.00 0.0061707
120.00 35.00 0.0082691
125.00 35.00 0.0102835
130.00 35.00 0.01077
135.00 35.00 0.009812
140.00 35.00 0.008454
145.00 35.00 0.007488
150.00 35.00 0.0068681
155.00 35.00 0.0060402
160.00 35.00 0.004642
165.00 35.00 0.0029011
170.00 35.00 0.0014452
175.00 35.00 0.000862
180.00 35.00 0.0014452
-180.00 40.00 0.0027368
-175.00 40.00 0.002222
-170.00 40.00 0.0023295
-165.00 40.00 0.0025105
-160.00 40.00 0.0020813
-155.00 40.00 0.0013095
-150.00 40.00 0.001196
-145.00 40.00 0.0021274
-140.00 40.00 0.0033698
-135.00 40.00 0.0040711
-130.00 40.00 0.0041432
-125.00 40.00 0.003885
-120.00 40.00 0.0034483
-115.00 40.00 0.0032402
-110.00 40.00 0.0042064
-105.00 40.00 0.0067296
-100.00 40.00 0.0093845
-95.00 40.00 0.0097921
-90.00 40.00 0.0071149
-85.00 40.00 0.003178
-80.00 40.00 0.0007449
-75.00 40.00 0.0010073
-70.00 40.00 0.0029601
-65.00 40.00 0.0046901
-60.00 40.00 0.0048033
-55.00 40.00 0.0030947
-50.00 40.00 0.0006844
-45.00 40.00 -0.0005644
-40.00 40.00 0.000374
-35.00 40.00 0.0023338
-30.00 40.00 0.0027456
-25.00 40.00 0.0002355
-20.00 40.00 -0.0038421
-15.00 40.00 -0.0067497
-10.00 40.00 -0.0068926
-5.00 40.00 -0.0047304
0.00 40.00 -0.0017558
5.00 40.00 0.0006822
10.00 40.00 0.0018001
15.00 40.00 0.0015989
20.00 40.00 0.0009856
25.00 40.00 0.0011194
30.00 40.00 0.0022734
35.00 40.00 0.0036236
40.00 40.00 0.0043223
45.00 40.00 0.0044268
50.00 40.00 0.00458
55.00 40.00 0.0051218
60.00 40.00 0.0057798
65.00 40.00 0.0060343
70.00 40.00 0.0056262
75.00 40.00 0.0049016
80.00 40.00 0.0047337
85.00 40.00 0.0057886
90.00 40.00 0.0076666
95.00 40.00 0.0090226
100.00 40.00 0.0088214
105.00 40.00 0.0073889
110.00 40.00 0.0060258
115.00 40.00 0.0056645
120.00 40.00 0.0061167
125.00 40.00 0.0066093
130.00 40.00 0.0067698
135.00 40.00 0.0068803
140.00 40.00 0.0072703
145.00 40.00 0.007738
150.00 40.00 0.0077293
155.00 40.00 0.0070045
160.00 40.00 0.0059341
165.00 40.00 0.005039
170.00 40.00 0.0043748
175.00 40.00 0.0036155
180.00 40.00 0.0027368
-180.00 45.00 0.0006687
-175.00 45.00 -0.0001656
-170.00 45.00 0.0002121
-165.00 45.00 0.0018665
-160.00 45.00 0.0039742
-155.00 45.00 0.0056547
-150.00 45.00 0.0065898
-145.00 45.00 0.0068727
-140.00 45.00 0.006624
-135.00 45.00 0.0059435
-130.00 45.00 0.0050238
-125.00 45.00 0.0041173
-120.00 45.00 0.0035338
-115.00 45.00 0.0037903
-110.00 45.00 0.0054487
-105.00 45.00 0.0083644
-100.00 45.00 0.0111376
-95.00 45.00 0.0118134
-90.00 45.00 0.0095103
-85.00 45.00 0.005344
-80.00 45.00 0.0016171
-75.00 45.00 7.31e-05
-70.00 45.00 0.0008065
-65.00 45.00 0.0025151
-60.00 45.00 0.0035825
-55.00 45.00 0.0031663
-50.00 45.00 0.0016916
-45.00 45.00 0.0004053
-40.00 45.00 0.0002002
-35.00 45.00 0.0007246
-30.00 45.00 0.0007662
-25.00 45.00 -0.0004184
-20.00 45.00 -0.0023107
-15.00 45.00 -0.0037257
-10.00 45.00 -0.0039675
-5.00 45.00 -0.003214
0.00 45.00 -0.0019717
5.00 45.00 -0.0005172
10.00 45.00 0.0010971
15.00 45.00 0.0027673
20.00 45.00 0.0042097
25.00 45.00 0.005007
30.00 45.00 0.004777
35.00 45.00 0.0035017
40.00 45.00 0.0017834
45.00 45.00 0.0005859
50.00 45.00 0.0005049
55.00 45.00 0.0012835
60.00 45.00 0.0021218
65.00 45.00 0.0024672
70.00 45.00 0.0025034
75.00 45.00 0.0029275
80.00 45.00 0.0042548
85.00 45.00 0.0062461
90.00 45.00 0.007972
95.00 45.00 0.0085428
100.00 45.00 0.0078861
105.00 45.00 0.0067955
110.00 45.00 0.0061753
115.00 45.00 0.0062757
120.00 45.00 0.006705
125.00 45.00 0.0070843
130.00 45.00 0.0074882
135.00 45.00 0.0081536
140.00 45.00 0.0088851
145.00 45.00 0.0089899
150.00 45.00 0.0079358
155.00 45.00 0.0060139
160.00 45.00 0.0041713
165.00 45.00 0.0030954
170.00 45.00 0.0025568
175.00 45.00 0.0018176
180.00 45.00 0.0006687
-180.00 50.00 -0.0017944
-175.00 50.00 -0.0018035
-170.00 50.00 -0.0007428
-165.00 50.00 0.0015196
-160.00 50.00 0.0042721
-155.00 50.00 0.006473
-150.00 50.00 0.0074651
-145.00 50.00 0.0072707
-140.00 50.00 0.0063774
-135.00 50.00 0.0053349
-130.00 50.00 0.0044659
-125.00 50.00 0.0038246
-120.00 50.00 0.0033894
-115.00 50.00 0.003296
-110.00 50.00 0.0038083
-105.00 50.00 0.004958
-100.00 50.00 0.0062351
-95.00 50.00 0.0067912
-90.00 50.00 0.0060942
-85.00 50.00 0.0044266
-80.00 50.00 0.0027254
-75.00 50.00 0.0019032
-70.00 50.00 0.0022282
-65.00 50.00 0.0031981
-60.00 50.00 0.0039135
-55.00 50.00 0.0036623
-50.00 50.00 0.0023493
-45.00 50.00 0.0004989
-40.00 50.00 -0.0011526
-35.00 50.00 -0.0021242
-30.00 50.00 -0.0023413
-25.00 50.00 -0.0019725
-20.00 50.00 -0.0012761
-15.00 50.00 -0.0006137
-10.00 50.00 -0.0004072
-5.00 50.00 -0.0008351
0.00 50.00 -0.0015093
5.00 50.00 -0.0015951
10.00 50.00 -0.0004407
15.00 50.00 0.001784
20.00 50.00 0.0040189
25.00 50.00 0.004936
30.00 50.00 0.0038286
35.00 50.00 0.0011338
40.00 50.00 -0.0018227
45.00 50.00 -0.0037247
50.00 50.00 -0.0041279
55.00 50.00 -0.0035742
60.00 50.00 -0.0028723
65.00 50.00 -0.0022329
70.00 50.00 -0.0010835
75.00 50.00 0.0012638
80.00 50.00 0.0047304
85.00 50.00 0.008225
90.00 50.00 0.0103226
95.00 50.00 0.0103296
100.00 50.00 0.0088218
105.00 50.00 0.0071891
110.00 50.00 0.0065982
115.00 50.00 0.0072767
120.00 50.00 0.0086439
125.00 50.00 0.0099766
130.00 50.00 0.0108712
135.00 50.00 0.0111535
140.00 50.00 0.0105782
145.00 50.00 0.0088598
150.00 50.00 0.0060823
155.00 50.00 0.0029603
160.00 50.00 0.0004899
165.00 50.00 -0.0007931
170.00 50.00 -0.0011955
175.00 50.00 -0.0014327
180.00 50.00 -0.0017944
-180.00 55.00 -0.0008241
-175.00 55.00 -0.0005677
-170.00 55.00 0.0003522
-165.00 55.00 0.0019778
-160.00 55.00 0.0038335
-155.00 55.00 0.0052265
-150.00 55.00 0.0057343
-145.00 55.00 0.0054729
-140.00 55.00 0.0049608
-135.00 55.00 0.0047242
-130.00 55.00 0.0049442
-125.00 55.00 0.0053805
-120.00 55.00 0.0055992
-115.00 55.00 0.0053182
-110.00 55.00 0.0046062
-105.00 55.00 0.0037978
-100.00 55.00 0.0032305
-95.00 55.00 0.0030425
-90.00 55.00 0.0031757
-85.00 55.00 0.0035184
-80.00 55.00 0.0040197
-75.00 55.00 0.0046786
-70.00 55.00 0.0054377
-65.00 55.00 0.0060801
-60.00 55.00 0.006229
-55.00 55.00 0.0054889
-50.00 55.00 0.0036793
-45.00 55.00 0.0010275
-40.00 55.00 -0.0018251
-35.00 55.00 -0.0040416
-30.00 55.00 -0.0049436
-25.00 55.00 -0.0043384
-20.00 55.00 -0.0026564
-15.00 55.00 -0.0007848
-10.00 55.00 0.0003876
-5.00 55.00 0.0004954
0.00 55.00 -6.68e-05
5.00 55.00 -0.0004321
10.00 55.00 7.5e-05
15.00 55.00 0.001382
20.00 55.00 0.0026656
25.00 55.00 0.0029371
30.00 55.00 0.0017823
35.00 55.00 -0.0003126
40.00 55.00 -0.0023084
45.00 55.00 -0.003356
50.00 55.00 -0.0033346
55.00 55.00 -0.0027449
60.00 55.00 -0.0020792
65.00 55.00 -0.0012592
70.00 55.00 0.000314
75.00 55.00 0.003112
80.00 55.00 0.0068125
85.00 55.00 0.010251
90.00 55.00 0.0121095
95.00 55.00 0.0118202
100.00 55.00 0.0099622
105.00 55.00 0.0078492
110.00 55.00 0.0066614
115.00 55.00 0.0067925
120.00 55.00 0.0078206
125.00 55.00 0.0089612
130.00 55.00 0.0095492
135.00 55.00 0.0092384
140.00 55.00 0.0079681
145.00 55.00 0.0059128
150.00 55.00 0.0034906
155.00 55.00 0.0012932
160.00 55.00 -0.0001706
165.00 55.00 -0.0007789
170.00 55.00 -0.0008487
175.00 55.00 -0.0008193
180.00 55.00 -0.0008241
-180.00 60.00 0.0017459
-175.00 60.00 0.0017409
-170.00 60.00 0.0022489
-165.00 60.00 0.0032485
-160.00 60.00 0.0044168
-155.00 60.00 0.0053268
-150.00 60.00 0.0057328
-145.00 60.00 0.0057333
-140.00 60.00 0.005694
-135.00 60.00 0.0059888
-130.00 60.00 0.0067373
-125.00 60.00 0.0077146
-120.00 60.00 0.0084853
-115.00 60.00 0.0086678
-110.00 60.00 0.008156
-105.00 60.00 0.0071666
-100.00 60.00 0.0061007
-95.00 60.00 0.0053278
-90.00 60.00 0.0050294
-85.00 60.00 0.0051773
-80.00 60.00 0.0056209
-75.00 60.00 0.0061926
-70.00 60.00 0.006749
-65.00 60.00 0.0071315
-60.00 60.00 0.0071113
-55.00 60.00 0.0064064
-50.00 60.00 0.0048096
-45.00 60.00 0.0023663
-40.00 60.00 -0.0005229
-35.00 60.00 -0.0031816
-30.00 60.00 -0.0049166
-25.00 60.00 -0.0053331
-20.00 60.00 -0.0045255
-15.00 60.00 -0.003016
-10.00 60.00 -0.0014625
-5.00 60.00 -0.0003113
0.00 60.00 0.0003812
5.00 60.00 0.0008461
10.00 60.00 0.0013119
15.00 60.00 0.0017652
20.00 60.00 0.0019599
25.00 60.00 0.0016638
30.00 60.00 0.0009309
35.00 60.00 0.0001519
40.00 60.00 -0.0001824
45.00 60.00 0.0001733
50.00 60.00 0.0010538
55.00 60.00 0.0020488
60.00 60.00 0.0028721
65.00 60.00 0.0036185
70.00 60.00 0.0046726
75.00 60.00 0.0063257
80.00 60.00 0.0084152
85.00 60.00 0.0103017
90.00 60.00 0.0112325
95.00 60.00 0.0108274
100.00 60.00 0.0093239
105.00 60.00 0.0074142
110.00 60.00 0.0058171
115.00 60.00 0.0048998
120.00 60.00 0.0045822
125.00 60.00 0.0045192
130.00 60.00 0.0043718
135.00 60.00 0.0039829
140.00 60.00 0.0033971
145.00 60.00 0.0027805
150.00 60.00 0.002317
155.00 60.00 0.0021155
160.00 60.00 0.0021481
165.00 60.00 0.0022527
170.00 60.00 0.0022322
175.00 60.00 0.002013
180.00 60.00 0.0017459
-180.00 65.00 0.0026452
-175.00 65.00 0.0027365
-170.00 65.00 0.003323
-165.00 65.00 0.0043195
-160.00 65.00 0.0054546
-155.00 65.00 0.0064037
-150.00 65.00 0.0069537
-145.00 65.00 0.007105
-140.00 65.00 0.0070532
-135.00 65.00 0.0070668
-130.00 65.00 0.0073342
-125.00 65.00 0.0078682
-120.00 65.00 0.0085136
-115.00 65.00 0.0090427
-110.00 65.00 0.0092732
-105.00 65.00 0.0091423
-100.00 65.00 0.0087072
-95.00 65.00 0.0080904
-90.00 65.00 0.0074181
-85.00 65.00 0.0067888
-80.00 65.00 0.0062755
-75.00 65.00 0.0059338
-70.00 65.00 0.0057878
-65.00 65.00 0.0057908
-60.00 65.00 0.0057927
-55.00 65.00 0.0055569
-50.00 65.00 0.0048449
-45.00 65.00 0.0035383
-40.00 65.00 0.0017328
-35.00 65.00 -0.0002593
-30.00 65.00 -0.0020138
-25.00 65.00 -0.0031593
-20.00 65.00 -0.0035183
-15.00 65.00 -0.0031536
-10.00 65.00 -0.0023059
-5.00 65.00 -0.0012726
0.00 65.00 -0.0003023
5.00 65.00 0.0004458
10.00 65.00 0.0008883
15.00 65.00 0.0009962
20.00 65.00 0.0008057
25.00 65.00 0.0004497
30.00 65.00 0.0001599
35.00 65.00 0.0001987
40.00 65.00 0.0007364
45.00 65.00 0.0017479
50.00 65.00 0.003012
55.00 65.00 0.0042299
60.00 65.00 0.0051944
65.00 65.00 0.0058931
70.00 65.00 0.0064718
75.00 65.00 0.007087
80.00 65.00 0.0077543
85.00 65.00 0.0083076
90.00 65.00 0.0084958
95.00 65.00 0.0081432
100.00 65.00 0.0072602
105.00 65.00 0.0060343
110.00 65.00 0.0047237
115.00 65.00 0.0035386
120.00 65.00 0.0025849
125.00 65.00 0.0018872
130.00 65.00 0.0014464
135.00 65.00 0.0012773
140.00 65.00 0.0013984
145.00 65.00 0.0017914
150.00 65.00 0.0023651
155.00 65.00 0.0029569
160.00 65.00 0.0033781
165.00 65.00 0.0034919
170.00 65.00 0.0032887
175.00 65.00 0.002918
180.00 65.00 0.0026452
-180.00 70.00 0.0030925
-175.00 70.00 0.0036981
-170.00 70.00 0.0046241
-165.00 70.00 0.0057538
-160.00 70.00 0.0068823
-155.00 70.00 0.0077896
-150.00 70.00 0.0083209
-145.00 70.00 0.0084414
-140.00 70.00 0.0082425
-135.00 70.00 0.0078973
-130.00 70.00 0.0075908
-125.00 70.00 0.0074526
-120.00 70.00 0.0075203
-115.00 70.00 0.0077405
-110.00 70.00 0.0080008
-105.00 70.00 0.0081742
-100.00 70.00 0.008159
-95.00 70.00 0.0079065
-90.00 70.00 0.0074308
-85.00 70.00 0.0068056
-80.00 70.00 0.0061462
-75.00 70.00 0.0055785
-70.00 70.00 0.0052004
-65.00 70.00 0.0050435
-60.00 70.00 0.0050537
-55.00 70.00 0.0051013
-50.00 70.00 0.0050245
-45.00 70.00 0.0046909
-40.00 70.00 0.0040531
-35.00 70.00 0.0031719
-30.00 70.00 0.0021972
-25.00 70.00 0.0013145
-20.00 70.00 0.0006799
-15.00 70.00 0.0003718
-10.00 70.00 0.0003741
-5.00 70.00 0.0005924
0.00 70.00 0.0008919
5.00 70.00 0.0011403
10.00 70.00 0.0012464
15.00 70.00 0.0011856
20.00 70.00 0.0010086
25.00 70.00 0.0008294
30.00 70.00 0.00079
35.00 70.00 0.0010104
40.00 70.00 0.001539
45.00 70.00 0.0023291
50.00 70.00 0.0032537
55.00 70.00 0.0041559
60.00 70.00 0.0049083
65.00 70.00 0.0054539
70.00 70.00 0.0058048
75.00 70.00 0.0060085
80.00 70.00 0.006103
85.00 70.00 0.0060897
90.00 70.00 0.0059375
95.00 70.00 0.0056095
100.00 70.00 0.005093
105.00 70.00 0.004415
110.00 70.00 0.003639
115.00 70.00 0.0028498
120.00 70.00 0.0021374
125.00 70.00 0.0015828
130.00 70.00 0.0012477
135.00 70.00 0.001162
140.00 70.00 0.0013121
145.00 70.00 0.0016356
150.00 70.00 0.0020316
155.00 70.00 0.0023877
160.00 70.00 0.0026202
165.00 70.00 0.0027118
170.00 70.00 0.0027286
175.00 70.00 0.0028046
180.00 70.00 0.0030925
-180.00 75.00 0.0048354
-175.00 75.00 0.0058744
-170.00 75.00 0.0069898
-165.00 75.00 0.0080957
-160.00 75.00 0.009087
-155.00 75.00 0.0098645
-150.00 75.00 0.0103603
-145.00 75.00 0.0105555
-140.00 75.00 0.0104839
-135.00 75.00 0.0102206
-130.00 75.00 0.0098597
-125.00 75.00 0.0094887
-120.00 75.00 0.0091675
-115.00 75.00 0.0089183
-110.00 75.00 0.0087267
-105.00 75.00 0.0085543
-100.00 75.00 0.0083561
-95.00 75.00 0.0080988
-90.00 75.00 0.0077735
-85.00 75.00 0.0073999
-80.00 75.00 0.0070211
-75.00 75.00 0.00669
-70.00 75.00 0.0064523
-65.00 75.00 0.0063312
-60.00 75.00 0.0063189
-55.00 75.00 0.0063779
-50.00 75.00 0.0064527
-45.00 75.00 0.0064872
-40.00 75.00 0.0064418
-35.00 75.00 0.0063052
-30.00 75.00 0.0060955
-25.00 75.00 0.005852
-20.00 75.00 0.0056203
-15.00 75.00 0.0054365
-10.00 75.00 0.0053163
-5.00 75.00 0.0052529
0.00 75.00 0.0052219
5.00 75.00 0.005194
10.00 75.00 0.0051474
15.00 75.00 0.0050776
20.00 75.00 0.0050001
25.00 75.00 0.0049456
30.00 75.00 0.0049478
35.00 75.00 0.0050301
40.00 75.00 0.0051948
45.00 75.00 0.0054192
50.00 75.00 0.0056601
55.00 75.00 0.0058658
60.00 75.00 0.0059891
65.00 75.00 0.0059983
70.00 75.00 0.0058816
75.00 75.00 0.0056445
80.00 75.00 0.0053031
85.00 75.00 0.0048766
90.00 75.00 0.0043826
95.00 75.00 0.0038365
100.00 75.00 0.0032543
105.00 75.00 0.0026562
110.00 75.00 0.0020694
115.00 75.00 0.0015274
120.00 75.00 0.0010671
125.00 75.00 0.0007225
130.00 75.00 0.0005183
135.00 75.00 0.0004654
140.00 75.00 0.0005581
145.00 75.00 0.0007775
150.00 75.00 0.0010981
155.00 75.00 0.0014974
160.00 75.00 0.0019655
165.00 75.00 0.0025102
170.00 75.00 0.003154
175.00 75.00 0.0039241
180.00 75.00 0.0048354
-180.00 80.00 0.0058526
-175.00 80.00 0.0068618
-170.00 80.00 0.007843
-165.00 80.00 0.0087573
-160.00 80.00 0.0095673
-155.00 80.00 0.0102419
-150.00 80.00 0.0107603
-145.00 80.00 0.0111144
-140.00 80.00 0.0113094
-135.00 80.00 0.0113618
-130.00 80.00 0.0112958
-125.00 80.00 0.0111391
-120.00 80.00 0.0109181
-115.00 80.00 0.0106548
-110.00 80.00 0.0103657
-105.00 80.00 0.0100623
-100.00 80.00 0.0097526
-95.00 80.00 0.0094435
-90.00 80.00 0.0091424
-85.00 80.00 0.0088587
-80.00 80.00 0.0086035
-75.00 80.00 0.008388
-70.00 80.00 0.0082215
-65.00 80.00 0.0081093
-60.00 80.00 0.0080518
-55.00 80.00 0.0080442
-50.00 80.00 0.0080772
-45.00 80.00 0.0081393
-40.00 80.00 0.0082187
-35.00 80.00 0.0083059
-30.00 80.00 0.0083943
-25.00 80.00 0.0084805
-20.00 80.00 0.0085629
-15.00 80.00 0.008641
-10.00 80.00 0.0087135
-5.00 80.00 0.0087777
0.00 80.00 0.0088297
5.00 80.00 0.0088644
10.00 80.00 0.0088772
15.00 80.00 0.0088642
20.00 80.00 0.008823
25.00 80.00 0.0087519
30.00 80.00 0.0086489
35.00 80.00 0.0085105
40.00 80.00 0.0083319
45.00 80.00 0.008106
50.00 80.00 0.0078251
55.00 80.00 0.0074814
60.00 80.00 0.0070696
65.00 80.00 0.006588
70.00 80.00 0.0060401
75.00 80.00 0.0054338
80.00 80.00 0.0047815
85.00 80.00 0.0040993
90.00 80.00 0.003406
95.00 80.00 0.0027218
100.00 80.00 0.0020677
105.00 80.00 0.0014642
110.00 80.00 0.000932
115.00 80.00 0.00049
120.00 80.00 0.0001553
125.00 80.00 -5.85e-05
130.00 80.00 -0.0001411
135.00 80.00 -8.63e-05
140.00 80.00 0.0001078
145.00 80.00 0.0004392
150.00 80.00 0.0009028
155.00 80.00 0.0014911
160.00 80.00 0.0021942
165.00 80.00 0.003
170.00 80.00 0.0038928
175.00 80.00 0.0048524
180.00 80.00 0.0058526
-180.00 85.00 0.005086
-175.00 85.00 0.0055784
-170.00 85.00 0.0060602
-165.00 85.00 0.0065205
-160.00 85.00 0.0069494
-155.00 85.00 0.0073392
-150.00 85.00 0.0076843
-145.00 85.00 0.0079809
-140.00 85.00 0.0082267
-135.00 85.00 0.0084211
-130.00 85.00 0.0085654
-125.00 85.00 0.0086628
-120.00 85.00 0.0087181
-115.00 85.00 0.0087369
-110.00 85.00 0.0087245
-105.00 85.00 0.0086865
-100.00 85.00 0.0086285
-95.00 85.00 0.0085567
-90.00 85.00 0.0084772
-85.00 85.00 0.0083955
-80.00 85.00 0.0083163
-75.00 85.00 0.0082429
-70.00 85.00 0.0081784
-65.00 85.00 0.0081253
-60.00 85.00 0.0080853
-55.00 85.00 0.0080593
-50.00 85.00 0.0080466
-45.00 85.00 0.0080455
-40.00 85.00 0.008054
-35.00 85.00 0.0080695
-30.00 85.00 0.0080898
-25.00 85.00 0.0081119
-20.00 85.00 0.0081326
-15.00 85.00 0.008148
-10.00 85.00 0.0081543
-5.00 85.00 0.0081482
0.00 85.00 0.0081266
5.00 85.00 0.0080865
10.00 85.00 0.0080247
15.00 85.00 0.0079377
20.00 85.00 0.0078228
25.00 85.00 0.0076777
30.00 85.00 0.0075009
35.00 85.00 0.0072919
40.00 85.00 0.0070502
45.00 85.00 0.0067758
50.00 85.00 0.0064698
55.00 85.00 0.0061345
60.00 85.00 0.0057737
65.00 85.00 0.0053924
70.00 85.00 0.004996
75.00 85.00 0.0045908
80.00 85.00 0.0041838
85.00 85.00 0.0037829
90.00 85.00 0.003397
95.00 85.00 0.0030352
100.00 85.00 0.0027062
105.00 85.00 0.0024177
110.00 85.00 0.0021769
115.00 85.00 0.0019905
120.00 85.00 0.0018645
125.00 85.00 0.0018039
130.00 85.00 0.0018113
135.00 85.00 0.0018876
140.00 85.00 0.0020321
145.00 85.00 0.0022428
150.00 85.00 0.0025165
155.00 85.00 0.0028482
160.00 85.00 0.0032312
165.00 85.00 0.0036565
170.00 85.00 0.0041144
175.00 85.00 0.0045944
180.00 85.00 0.005086
-180.00 90.00 0.0055173
-175.00 90.00 0.0055173
-170.00 90.00 0.0055173
-165.00 90.00 0.0055173
-160.00 90.00 0.0055173
-155.00 90.00 0.0055173
-150.00 90.00 0.0055173
-145.00 90.00 0.0055173
-140.00 90.00 0.0055173
-135.00 90.00 0.0055173
-130.00 90.00 0.0055173
-125.00 90.00 0.0055173
-120.00 90.00 0.0055173
-115.00 90.00 0.0055173
-110.00 90.00 0.0055173
-105.00 90.00 0.0055173
-100.00 90.00 0.0055173
-95.00 90.00 0.0055173
-90.00 90.00 0.0055173
-85.00 90.00 0.0055173
-80.00 90.00 0.0055173
-75.00 90.00 0.0055173
-70.00 90.00 0.0055173
-65.00 90.00 0.0055173
-60.00 90.00 0.0055173
-55.00 90.00 0.0055173
-50.00 90.00 0.0055173
-45.00 90.00 0.0055173
-40.00 90.00 0.0055173
-35.00 90.00 0.0055173
-30.00 90.00 0.0055173
-25.00 90.00 0.0055173
-20.00 90.00 0.0055173
-15.00 90.00 0.0055173
-10.00 90.00 0.0055173
-5.00 90.00 0.0055173
0.00 90.00 0.0055173
5.00 90.00 0.0055173
10.00 90.00 0.0055173
15.00 90.00 0.0055173
20.00 90.00 0.0055173
25.00 90.00 0.0055173
30.00 90.00 0.0055173
35.00 90.00 0.0055173
40.00 90.00 0.0055173
45.00 90.00 0.0055173
50.00 90.00 0.0055173
55.00 90.00 0.0055173
60.00 90.00 0.0055173
65.00 90.00 0.0055173
70.00 90.00 0.0055173
75.00 90.00 0.0055173
80.00 90.00 0.0055173
85.00 90.00 0.0055173
90.00 90.00 0.0055173
95.00 90.00 0.0055173
100.00 90.00 0.0055173
105.00 90.00 0.0055173
110.00 90.00 0.0055173
115.00 90.00 0.0055173
120.00 90.00 0.0055173
125.00 90.00 0.0055173
130.00 90.00 0.0055173
135.00 90.00 0.0055173
140.00 90.00 0.0055173
145.00 90.00 0.0055173
150.00 90.00 0.0055173
155.00 90.00 0.0055173
160.00 90.00 0.0055173
165.00 90.00 0.0055173
170.00 90.00 0.0055173
175.00 90.00 0.0055173
180.00 90.00 0.0055173
