-180.00 -90.00 0.00054573
-175.00 -90.00 0.00054573
-170.00 -90.00 0.00054576
-165.00 -90.00 0.00054576
-160.00 -90.00 0.00054573
-155.00 -90.00 0.00054573
-150.00 -90.00 0.0005457
-145.00 -90.00 0.0005457
-140.00 -90.00 0.00054567
-135.00 -90.00 0.00054561
-130.00 -90.00 0.00054558
-125.00 -90.00 0.00054555
-120.00 -90.00 0.00054552
-115.00 -90.00 0.00054546
-110.00 -90.00 0.00054543
-105.00 -90.00 0.0005454
-100.00 -90.00 0.00054537
-95.00 -90.00 0.00054534
-90.00 -90.00 0.00054534
-85.00 -90.00 0.00054531
-80.00 -90.00 0.00054531
-75.00 -90.00 0.00054531
-70.00 -90.00 0.00054531
-65.00 -90.00 0.00054534
-60.00 -90.00 0.00054534
-55.00 -90.00 0.00054537
-50.00 -90.00 0.0005454
-45.00 -90.00 0.00054543
-40.00 -90.00 0.00054546
-35.00 -90.00 0.00054552
-30.00 -90.00 0.00054555
-25.00 -90.00 0.00054558
-20.00 -90.00 0.00054561
-15.00 -90.00 0.00054567
-10.00 -90.00 0.0005457
-5.00 -90.00 0.0005457
0.00 -90.00 0.00054573
5.00 -90.00 0.00054573
10.00 -90.00 0.00054576
15.00 -90.00 0.00054576
20.00 -90.00 0.00054573
25.00 -90.00 0.00054573
30.00 -90.00 0.0005457
35.00 -90.00 0.00054567
40.00 -90.00 0.00054567
45.00 -90.00 0.00054561
50.00 -90.00 0.00054558
55.00 -90.00 0.00054555
60.00 -90.00 0.00054552
65.00 -90.00 0.00054546
70.00 -90.00 0.00054543
75.00 -90.00 0.0005454
80.00 -90.00 0.00054537
85.00 -90.00 0.00054534
90.00 -90.00 0.00054534
95.00 -90.00 0.00054531
100.00 -90.00 0.00054531
105.00 -90.00 0.00054531
110.00 -90.00 0.00054531
115.00 -90.00 0.00054534
120.00 -90.00 0.00054534
125.00 -90.00 0.00054537
130.00 -90.00 0.0005454
135.00 -90.00 0.00054543
140.00 -90.00 0.00054549
145.00 -90.00 0.00054552
150.00 -90.00 0.00054555
155.00 -90.00 0.00054558
160.00 -90.00 0.00054564
165.00 -90.00 0.00054567
170.00 -90.00 0.0005457
175.00 -90.00 0.0005457
180.00 -90.00 0.00054573
-180.00 -85.00 0.00083427
-175.00 -85.00 0.00081885
-170.00 -85.00 0.00079848
-165.00 -85.00 0.00077352
-160.00 -85.00 0.00074451
-155.00 -85.00 0.0007119
-150.00 -85.00 0.0006762
-145.00 -85.00 0.00063777
-140.00 -85.00 0.00059679
-135.00 -85.00 0.00055332
-130.00 -85.00 0.00050724
-125.00 -85.00 0.00045855
-120.00 -85.00 0.00040719
-115.00 -85.00 0.00035298
-110.00 -85.00 0.00029592
-105.00 -85.00 0.00023607
-100.00 -85.00 0.00017388
-95.00 -85.00 0.0001101
-90.00 -85.00 4.572e-05
-85.00 -85.00 -1.806e-05
-80.00 -85.00 -7.986e-05
-75.00 -85.00 -0.00013803
-70.00 -85.00 -0.00019068
-65.00 -85.00 -0.00023589
-60.00 -85.00 -0.00027192
-55.00 -85.00 -0.0002973
-50.00 -85.00 -0.00031074
-45.00 -85.00 -0.00031131
-40.00 -85.00 -0.00029844
-35.00 -85.00 -0.00027216
-30.00 -85.00 -0.00023301
-25.00 -85.00 -0.00018204
-20.00 -85.00 -0.00012072
-15.00 -85.00 -5.088e-05
-10.00 -85.00 2.532e-05
-5.00 -85.00 0.00010545
0.00 -85.00 0.00018708
5.00 -85.00 0.00026784
10.00 -85.00 0.00034548
15.00 -85.00 0.00041802
20.00 -85.00 0.00048375
25.00 -85.00 0.00054144
30.00 -85.00 0.0005904
35.00 -85.00 0.00063042
40.00 -85.00 0.00066156
45.00 -85.00 0.00068427
50.00 -85.00 0.0006993
55.00 -85.00 0.00070779
60.00 -85.00 0.00071109
65.00 -85.00 0.00071052
70.00 -85.00 0.00070719
75.00 -85.00 0.00070224
80.00 -85.00 0.00069672
85.00 -85.00 0.00069174
90.00 -85.00 0.00068817
95.00 -85.00 0.00068664
100.00 -85.00 0.00068745
105.00 -85.00 0.00069096
110.00 -85.00 0.00069735
115.00 -85.00 0.00070677
120.00 -85.00 0.0007191
125.00 -85.00 0.00073389
130.00 -85.00 0.00075054
135.00 -85.00 0.00076833
140.00 -85.00 0.00078648
145.00 -85.00 0.00080409
150.00 -85.00 0.00082011
155.00 -85.00 0.00083349
160.00 -85.00 0.00084324
165.00 -85.00 0.00084867
170.00 -85.00 0.00084918
175.00 -85.00 0.00084441
180.00 -85.00 0.00083427
-180.00 -80.00 0.00067419
-175.00 -80.00 0.00062286
-170.00 -80.00 0.00056052
-165.00 -80.00 0.00049329
-160.00 -80.00 0.00042582
-155.00 -80.00 0.00036261
-150.00 -80.00 0.0003081
-145.00 -80.00 0.00026421
-140.00 -80.00 0.00022995
-135.00 -80.00 0.00020373
-130.00 -80.00 0.00018411
-125.00 -80.00 0.00016851
-120.00 -80.00 0.00015207
-115.00 -80.00 0.0001296
-110.00 -80.00 9.759e-05
-105.00 -80.00 5.316e-05
-100.00 -80.00 -7.35e-06
-95.00 -80.00 -8.685e-05
-90.00 -80.00 -0.00018516
-85.00 -80.00 -0.00029976
-80.00 -80.00 -0.00042759
-75.00 -80.00 -0.00056475
-70.00 -80.00 -0.00070458
-65.00 -80.00 -0.00083814
-60.00 -80.00 -0.00095676
-55.00 -80.00 -0.00105324
-50.00 -80.00 -0.00112041
-45.00 -80.00 -0.00115107
-40.00 -80.00 -0.00114045
-35.00 -80.00 -0.00108771
-30.00 -80.00 -0.00099417
-25.00 -80.00 -0.00086181
-20.00 -80.00 -0.00069474
-15.00 -80.00 -0.00050031
-10.00 -80.00 -0.00028758
-5.00 -80.00 -6.519e-05
0.00 -80.00 0.00015834
5.00 -80.00 0.00037317
10.00 -80.00 0.00056907
15.00 -80.00 0.00073833
20.00 -80.00 0.00087606
25.00 -80.00 0.00097857
30.00 -80.00 0.0010434
35.00 -80.00 0.00107151
40.00 -80.00 0.0010674
45.00 -80.00 0.00103683
50.00 -80.00 0.00098511
55.00 -80.00 0.00091818
60.00 -80.00 0.00084309
65.00 -80.00 0.00076608
70.00 -80.00 0.00069042
75.00 -80.00 0.00061788
80.00 -80.00 0.00055041
85.00 -80.00 0.00048951
90.00 -80.00 0.00043464
95.00 -80.00 0.00038448
100.00 -80.00 0.00033945
105.00 -80.00 0.00030153
110.00 -80.00 0.00027261
115.00 -80.00 0.0002541
120.00 -80.00 0.0002487
125.00 -80.00 0.00026016
130.00 -80.00 0.00029031
135.00 -80.00 0.00033777
140.00 -80.00 0.00039921
145.00 -80.00 0.00047046
150.00 -80.00 0.00054516
155.00 -80.00 0.00061443
160.00 -80.00 0.00066963
165.00 -80.00 0.00070515
170.00 -80.00 0.00071823
175.00 -80.00 0.00070755
180.00 -80.00 0.00067419
-180.00 -75.00 0.00042675
-175.00 -75.00 0.00030843
-170.00 -75.00 0.00018684
-165.00 -75.00 7.929e-05
-160.00 -75.00 -4.17e-06
-155.00 -75.00 -6.06e-05
-150.00 -75.00 -9.174e-05
-145.00 -75.00 -0.00010047
-140.00 -75.00 -8.973e-05
-135.00 -75.00 -6.258e-05
-130.00 -75.00 -2.211e-05
-125.00 -75.00 2.853e-05
-120.00 -75.00 8.487e-05
-115.00 -75.00 0.00014103
-110.00 -75.00 0.00019068
-105.00 -75.00 0.0002274
-100.00 -75.00 0.00024429
-95.00 -75.00 0.0002346
-90.00 -75.00 0.00019275
-85.00 -75.00 0.00011445
-80.00 -75.00 -2.73e-06
-75.00 -75.00 -0.00015735
-70.00 -75.00 -0.00034278
-65.00 -75.00 -0.00054747
-60.00 -75.00 -0.00075576
-55.00 -75.00 -0.00094932
-50.00 -75.00 -0.0011106
-45.00 -75.00 -0.00122631
-40.00 -75.00 -0.00128835
-35.00 -75.00 -0.00129384
-30.00 -75.00 -0.00124443
-25.00 -75.00 -0.00114453
-20.00 -75.00 -0.00099927
-15.00 -75.00 -0.00081414
-10.00 -75.00 -0.00059613
-5.00 -75.00 -0.00035415
0.00 -75.00 -9.924e-05
5.00 -75.00 0.00015486
10.00 -75.00 0.00039249
15.00 -75.00 0.0005988
20.00 -75.00 0.00076176
25.00 -75.00 0.00087363
30.00 -75.00 0.00093228
35.00 -75.00 0.00094209
40.00 -75.00 0.00091212
45.00 -75.00 0.00085353
50.00 -75.00 0.00077817
55.00 -75.00 0.0006966
60.00 -75.00 0.00061605
65.00 -75.00 0.00053994
70.00 -75.00 0.00046908
75.00 -75.00 0.00040194
80.00 -75.00 0.00033471
85.00 -75.00 0.0002625
90.00 -75.00 0.00018087
95.00 -75.00 8.595e-05
100.00 -75.00 -2.454e-05
105.00 -75.00 -0.00014901
110.00 -75.00 -0.00028032
115.00 -75.00 -0.00040617
120.00 -75.00 -0.00050946
125.00 -75.00 -0.00057018
130.00 -75.00 -0.00057027
135.00 -75.00 -0.00049965
140.00 -75.00 -0.00036015
145.00 -75.00 -0.00016689
150.00 -75.00 5.232e-05
155.00 -75.00 0.00026256
160.00 -75.00 0.00043071
165.00 -75.00 0.00053325
170.00 -75.00 0.0005607
175.00 -75.00 0.00051897
180.00 -75.00 0.00042675
-180.00 -70.00 0.00013068
-175.00 -70.00 -1.62e-05
-170.00 -70.00 -7.479e-05
-165.00 -70.00 -4.11e-05
-160.00 -70.00 5.679e-05
-155.00 -70.00 0.00017838
-150.00 -70.00 0.00028992
-145.00 -70.00 0.0003747
-140.00 -70.00 0.00043224
-135.00 -70.00 0.00047067
-130.00 -70.00 0.00049899
-125.00 -70.00 0.00052275
-120.00 -70.00 0.00054411
-115.00 -70.00 0.00056391
-110.00 -70.00 0.00058353
-105.00 -70.00 0.00060576
-100.00 -70.00 0.00063387
-95.00 -70.00 0.00066939
-90.00 -70.00 0.00070857
-85.00 -70.00 0.00073983
-80.00 -70.00 0.0007437
-75.00 -70.00 0.00069816
-70.00 -70.00 0.00058755
-65.00 -70.00 0.00041166
-60.00 -70.00 0.00018882
-55.00 -70.00 -4.965e-05
-50.00 -70.00 -0.00027186
-45.00 -70.00 -0.00045777
-40.00 -70.00 -0.00060486
-35.00 -70.00 -0.00072405
-30.00 -70.00 -0.00082905
-25.00 -70.00 -0.00092571
-20.00 -70.00 -0.00100728
-15.00 -70.00 -0.0010578
-10.00 -70.00 -0.00106032
-5.00 -70.00 -0.00100542
0.00 -70.00 -0.00089628
5.00 -70.00 -0.00074832
10.00 -70.00 -0.000585
15.00 -70.00 -0.00043125
20.00 -70.00 -0.00030681
25.00 -70.00 -0.00022098
30.00 -70.00 -0.00017061
35.00 -70.00 -0.00014214
40.00 -70.00 -0.00011706
45.00 -70.00 -7.914e-05
50.00 -70.00 -2.067e-05
55.00 -70.00 5.487e-05
60.00 -70.00 0.00013467
65.00 -70.00 0.00020148
70.00 -70.00 0.00023958
75.00 -70.00 0.00023868
80.00 -70.00 0.00019518
85.00 -70.00 0.0001107
90.00 -70.00 -1.071e-05
95.00 -70.00 -0.00016497
100.00 -70.00 -0.00034923
105.00 -70.00 -0.00056088
110.00 -70.00 -0.00079383
115.00 -70.00 -0.00103335
120.00 -70.00 -0.00125133
125.00 -70.00 -0.00140634
130.00 -70.00 -0.00145149
135.00 -70.00 -0.00134985
140.00 -70.00 -0.00109218
145.00 -70.00 -0.00070932
150.00 -70.00 -0.00027087
155.00 -70.00 0.00013197
160.00 -70.00 0.00041508
165.00 -70.00 0.00053013
170.00 -70.00 0.00048123
175.00 -70.00 0.00032151
180.00 -70.00 0.00013068
-180.00 -65.00 -0.00071028
-175.00 -65.00 -0.00077997
-170.00 -65.00 -0.00055572
-165.00 -65.00 -0.00013164
-160.00 -65.00 0.00033681
-155.00 -65.00 0.00071574
-150.00 -65.00 0.0009489
-145.00 -65.00 0.00105879
-140.00 -65.00 0.00110379
-135.00 -65.00 0.0011298
-130.00 -65.00 0.00114765
-125.00 -65.00 0.00114258
-120.00 -65.00 0.00109743
-115.00 -65.00 0.00100902
-110.00 -65.00 0.00089016
-105.00 -65.00 0.00076497
-100.00 -65.00 0.00066483
-95.00 -65.00 0.00062499
-90.00 -65.00 0.00067449
-85.00 -65.00 0.0008178
-80.00 -65.00 0.00101949
-75.00 -65.00 0.00120819
-70.00 -65.00 0.00130647
-65.00 -65.00 0.00127245
-60.00 -65.00 0.00112413
-55.00 -65.00 0.00092685
-50.00 -65.00 0.0007491
-45.00 -65.00 0.00061671
-40.00 -65.00 0.00049797
-35.00 -65.00 0.00032973
-30.00 -65.00 6.489e-05
-25.00 -65.00 -0.00029211
-20.00 -65.00 -0.00068418
-15.00 -65.00 -0.00103164
-10.00 -65.00 -0.00127083
-5.00 -65.00 -0.00137784
0.00 -65.00 -0.0013695
5.00 -65.00 -0.0012882
10.00 -65.00 -0.00118347
15.00 -65.00 -0.00109737
20.00 -65.00 -0.00105486
25.00 -65.00 -0.00105765
30.00 -65.00 -0.00108351
35.00 -65.00 -0.00109362
40.00 -65.00 -0.00104748
45.00 -65.00 -0.00092031
50.00 -65.00 -0.00071496
55.00 -65.00 -0.00046293
60.00 -65.00 -0.00021294
65.00 -65.00 -1.329e-05
70.00 -65.00 0.00010386
75.00 -65.00 0.00012819
80.00 -65.00 6.714e-05
85.00 -65.00 -6.252e-05
90.00 -65.00 -0.00024045
95.00 -65.00 -0.0004452
100.00 -65.00 -0.00065736
105.00 -65.00 -0.00086496
110.00 -65.00 -0.00106722
115.00 -65.00 -0.00126801
120.00 -65.00 -0.00145899
125.00 -65.00 -0.0016035
130.00 -65.00 -0.00163713
135.00 -65.00 -0.00149265
140.00 -65.00 -0.00114069
145.00 -65.00 -0.00062352
150.00 -65.00 -5.988e-05
155.00 -65.00 0.00038841
160.00 -65.00 0.00057927
165.00 -65.00 0.00045582
170.00 -65.00 8.211e-05
175.00 -65.00 -0.00037401
180.00 -65.00 -0.00071028
-180.00 -60.00 -0.00178653
-175.00 -60.00 -0.00161559
-170.00 -60.00 -0.00096663
-165.00 -60.00 -0.00013557
-160.00 -60.00 0.00052605
-155.00 -60.00 0.00081813
-150.00 -60.00 0.00078636
-145.00 -60.00 0.00064428
-140.00 -60.00 0.00059742
-135.00 -60.00 0.00070971
-130.00 -60.00 0.00089934
-125.00 -60.00 0.00103608
-120.00 -60.00 0.00104175
-115.00 -60.00 0.00091986
-110.00 -60.00 0.00071832
-105.00 -60.00 0.00048333
-100.00 -60.00 0.00025308
-95.00 -60.00 8.361e-05
-90.00 -60.00 5.838e-05
-85.00 -60.00 0.00024684
-80.00 -60.00 0.0006348
-75.00 -60.00 0.0010944
-70.00 -60.00 0.00144255
-65.00 -60.00 0.00155865
-60.00 -60.00 0.00146913
-55.00 -60.00 0.00132192
-50.00 -60.00 0.00126345
-45.00 -60.00 0.00131658
-40.00 -60.00 0.00135876
-35.00 -60.00 0.00121737
-30.00 -60.00 0.00080355
-25.00 -60.00 0.00018258
-20.00 -60.00 -0.00046569
-15.00 -60.00 -0.00095517
-10.00 -60.00 -0.00118926
-5.00 -60.00 -0.0011859
0.00 -60.00 -0.00103581
5.00 -60.00 -0.00084087
10.00 -60.00 -0.00067608
15.00 -60.00 -0.00058329
20.00 -60.00 -0.00057768
25.00 -60.00 -0.00065034
30.00 -60.00 -0.00076773
35.00 -60.00 -0.00087864
40.00 -60.00 -0.00093189
45.00 -60.00 -0.00089658
50.00 -60.00 -0.00077538
55.00 -60.00 -0.00060369
60.00 -60.00 -0.00043254
65.00 -60.00 -0.00030111
70.00 -60.00 -0.00021669
75.00 -60.00 -0.00016005
80.00 -60.00 -0.0001152
85.00 -60.00 -9.408e-05
90.00 -60.00 -0.00012816
95.00 -60.00 -0.00023253
100.00 -60.00 -0.0003813
105.00 -60.00 -0.00052413
110.00 -60.00 -0.00062892
115.00 -60.00 -0.00070422
120.00 -60.00 -0.00077475
125.00 -60.00 -0.00083451
130.00 -60.00 -0.00082641
135.00 -60.00 -0.00067422
140.00 -60.00 -0.00034431
145.00 -60.00 0.00010794
150.00 -60.00 0.00053793
155.00 -60.00 0.00075963
160.00 -60.00 0.00062322
165.00 -60.00 9.795e-05
170.00 -60.00 -0.00067635
175.00 -60.00 -0.0014115
180.00 -60.00 -0.00178653
-180.00 -55.00 -0.0019689
-175.00 -55.00 -0.00146562
-170.00 -55.00 -0.00049464
-165.00 -55.00 0.00045858
-160.00 -55.00 0.00087618
-155.00 -55.00 0.00058407
-150.00 -55.00 -0.00011757
-145.00 -55.00 -0.00069645
-140.00 -55.00 -0.00079356
-135.00 -55.00 -0.0004458
-130.00 -55.00 2.709e-05
-125.00 -55.00 0.00031968
-120.00 -55.00 0.00034701
-115.00 -55.00 0.00022266
-110.00 -55.00 8.919e-05
-105.00 -55.00 -1.563e-05
-100.00 -55.00 -0.00014526
-95.00 -55.00 -0.00032001
-90.00 -55.00 -0.0004344
-85.00 -55.00 -0.00031125
-80.00 -55.00 0.00012672
-75.00 -55.00 0.00073335
-70.00 -55.00 0.00121158
-65.00 -55.00 0.00134628
-60.00 -55.00 0.00118866
-55.00 -55.00 0.00100875
-50.00 -55.00 0.00104766
-45.00 -55.00 0.00129498
-40.00 -55.00 0.00149121
-35.00 -55.00 0.00134646
-30.00 -55.00 0.0007791
-25.00 -55.00 -1.995e-05
-20.00 -55.00 -0.00072747
-15.00 -55.00 -0.00110214
-10.00 -55.00 -0.00110862
-5.00 -55.00 -0.00088308
0.00 -55.00 -0.00060126
5.00 -55.00 -0.00036876
10.00 -55.00 -0.00020538
15.00 -55.00 -9.621e-05
20.00 -55.00 -3.378e-05
25.00 -55.00 -1.635e-05
30.00 -55.00 -3.495e-05
35.00 -55.00 -8.109e-05
40.00 -55.00 -0.00016053
45.00 -55.00 -0.00028215
50.00 -55.00 -0.00043536
55.00 -55.00 -0.00059202
60.00 -55.00 -0.00072777
65.00 -55.00 -0.00081927
70.00 -55.00 -0.00081477
75.00 -55.00 -0.00063837
80.00 -55.00 -0.00026415
85.00 -55.00 0.00020916
90.00 -55.00 0.00059061
95.00 -55.00 0.00073641
100.00 -55.00 0.00066132
105.00 -55.00 0.00050241
110.00 -55.00 0.00037797
115.00 -55.00 0.00029793
120.00 -55.00 0.00021252
125.00 -55.00 0.00011958
130.00 -55.00 9.255e-05
135.00 -55.00 0.00019884
140.00 -55.00 0.00041022
145.00 -55.00 0.00060534
150.00 -55.00 0.00065172
155.00 -55.00 0.00047385
160.00 -55.00 5.751e-05
165.00 -55.00 -0.00056355
170.00 -55.00 -0.00127683
175.00 -55.00 -0.00184689
180.00 -55.00 -0.0019689
-180.00 -50.00 -0.00093459
-175.00 -50.00 -0.00042705
-170.00 -50.00 0.00042117
-165.00 -50.00 0.00115362
-160.00 -50.00 0.0011817
-155.00 -50.00 0.00035694
-150.00 -50.00 -0.00081006
-145.00 -50.00 -0.00156039
-140.00 -50.00 -0.00152718
-135.00 -50.00 -0.00097266
-130.00 -50.00 -0.00045018
-125.00 -50.00 -0.00029841
-120.00 -50.00 -0.00044436
-115.00 -50.00 -0.00059181
-110.00 -50.00 -0.00052959
-105.00 -50.00 -0.00029247
-100.00 -50.00 -9.213e-05
-95.00 -50.00 -9.825e-05
-90.00 -50.00 -0.00024906
-85.00 -50.00 -0.0002799
-80.00 -50.00 1.611e-05
-75.00 -50.00 0.00054
-70.00 -50.00 0.00093969
-65.00 -50.00 0.00094872
-60.00 -50.00 0.00066006
-55.00 -50.00 0.00043044
-50.00 -50.00 0.00051183
-45.00 -50.00 0.00080142
-40.00 -50.00 0.00095769
-35.00 -50.00 0.00073509
-30.00 -50.00 0.00019455
-25.00 -50.00 -0.00037635
-20.00 -50.00 -0.00070683
-15.00 -50.00 -0.00072258
-10.00 -50.00 -0.00055122
-5.00 -50.00 -0.00039327
0.00 -50.00 -0.00036888
5.00 -50.00 -0.00045321
10.00 -50.00 -0.00054348
15.00 -50.00 -0.00057492
20.00 -50.00 -0.00055002
25.00 -50.00 -0.00047016
30.00 -50.00 -0.00030645
35.00 -50.00 -8.322e-05
40.00 -50.00 5.961e-05
45.00 -50.00 -3.108e-05
50.00 -50.00 -0.00035319
55.00 -50.00 -0.0007428
60.00 -50.00 -0.00104283
65.00 -50.00 -0.00120846
70.00 -50.00 -0.00121659
75.00 -50.00 -0.00096171
80.00 -50.00 -0.00035658
85.00 -50.00 0.00046419
90.00 -50.00 0.00115044
95.00 -50.00 0.00142245
100.00 -50.00 0.00132171
105.00 -50.00 0.00111897
110.00 -50.00 0.00099318
115.00 -50.00 0.00087741
120.00 -50.00 0.00063999
125.00 -50.00 0.00033258
130.00 -50.00 0.00016584
135.00 -50.00 0.00024117
140.00 -50.00 0.00038424
145.00 -50.00 0.00030015
150.00 -50.00 -0.00011733
155.00 -50.00 -0.00066924
160.00 -50.00 -0.00105477
165.00 -50.00 -0.00116433
170.00 -50.00 -0.00113202
175.00 -50.00 -0.0010905
180.00 -50.00 -0.00093459
-180.00 -45.00 0.00036663
-175.00 -45.00 0.00014151
-170.00 -45.00 0.00030285
-165.00 -45.00 0.00070611
-160.00 -45.00 0.00072852
-155.00 -45.00 6.441e-05
-150.00 -45.00 -0.00083898
-145.00 -45.00 -0.0012636
-140.00 -45.00 -0.00101184
-135.00 -45.00 -0.00054228
-130.00 -45.00 -0.00037512
-125.00 -45.00 -0.0005703
-120.00 -45.00 -0.00082098
-115.00 -45.00 -0.00085485
-110.00 -45.00 -0.00062061
-105.00 -45.00 -0.00022494
-100.00 -45.00 0.00014238
-95.00 -45.00 0.00028539
-90.00 -45.00 0.0001734
-85.00 -45.00 3.315e-05
-80.00 -45.00 0.00013134
-75.00 -45.00 0.00043917
-70.00 -45.00 0.00063396
-65.00 -45.00 0.00049119
-60.00 -45.00 0.00017091
-55.00 -45.00 1.353e-05
-50.00 -45.00 0.00010806
-45.00 -45.00 0.00019788
-40.00 -45.00 3.951e-05
-35.00 -45.00 -0.00026172
-30.00 -45.00 -0.00036855
-25.00 -45.00 -0.00011307
-20.00 -45.00 0.00032493
-15.00 -45.00 0.00063222
-10.00 -45.00 0.00064743
-5.00 -45.00 0.00041205
0.00 -45.00 5.664e-05
5.00 -45.00 -0.00028866
10.00 -45.00 -0.00055584
15.00 -45.00 -0.00079692
20.00 -45.00 -0.00111009
25.00 -45.00 -0.0014292
30.00 -45.00 -0.00149169
35.00 -45.00 -0.00115971
40.00 -45.00 -0.00069912
45.00 -45.00 -0.00054504
50.00 -45.00 -0.00079473
55.00 -45.00 -0.00112152
60.00 -45.00 -0.0012258
65.00 -45.00 -0.00116529
70.00 -45.00 -0.00111813
75.00 -45.00 -0.00100119
80.00 -45.00 -0.00056493
85.00 -45.00 0.00016134
90.00 -45.00 0.00076248
95.00 -45.00 0.00089517
100.00 -45.00 0.00071103
105.00 -45.00 0.00064371
110.00 -45.00 0.00082227
115.00 -45.00 0.00090528
120.00 -45.00 0.00057075
125.00 -45.00 -2.07e-06
130.00 -45.00 -0.00031695
135.00 -45.00 -0.00017895
140.00 -45.00 4.11e-05
145.00 -45.00 -0.00017988
150.00 -45.00 -0.00090825
155.00 -45.00 -0.0016182
160.00 -45.00 -0.00167346
165.00 -45.00 -0.00095454
170.00 -45.00 -6.42e-06
175.00 -45.00 0.00048246
180.00 -45.00 0.00036663
-180.00 -40.00 0.00090921
-175.00 -40.00 -0.00036792
-170.00 -40.00 -0.00096108
-165.00 -40.00 -0.00064935
-160.00 -40.00 -0.00015615
-155.00 -40.00 -0.00012279
-150.00 -40.00 -0.00035853
-145.00 -40.00 -0.00032181
-140.00 -40.00 -1.695e-05
-135.00 -40.00 4.59e-05
-130.00 -40.00 -0.00031326
-125.00 -40.00 -0.00065874
-120.00 -40.00 -0.00060912
-115.00 -40.00 -0.00035331
-110.00 -40.00 -0.00025356
-105.00 -40.00 -0.00028791
-100.00 -40.00 -0.00022125
-95.00 -40.00 -8.124e-05
-90.00 -40.00 -7.833e-05
-85.00 -40.00 -0.00017568
-80.00 -40.00 -0.0001218
-75.00 -40.00 9.618e-05
-70.00 -40.00 0.00017415
-65.00 -40.00 -4.446e-05
-60.00 -40.00 -0.00030522
-55.00 -40.00 -0.00032709
-50.00 -40.00 -0.00026778
-45.00 -40.00 -0.00053136
-40.00 -40.00 -0.00111369
-35.00 -40.00 -0.00140301
-30.00 -40.00 -0.00083373
-25.00 -40.00 0.00036261
-20.00 -40.00 0.00130479
-15.00 -40.00 0.0013887
-10.00 -40.00 0.00085086
-5.00 -40.00 0.00034269
0.00 -40.00 0.00020526
5.00 -40.00 0.00032448
10.00 -40.00 0.00042438
15.00 -40.00 0.00021564
20.00 -40.00 -0.00052068
25.00 -40.00 -0.00161376
30.00 -40.00 -0.00239298
35.00 -40.00 -0.00230862
40.00 -40.00 -0.00163068
45.00 -40.00 -0.0011472
50.00 -40.00 -0.00117588
55.00 -40.00 -0.00128976
60.00 -40.00 -0.00108828
65.00 -40.00 -0.00078552
70.00 -40.00 -0.00077724
75.00 -40.00 -0.00095529
80.00 -40.00 -0.00084567
85.00 -40.00 -0.00033846
90.00 -40.00 0.00010098
95.00 -40.00 8.052e-05
100.00 -40.00 -0.00012978
105.00 -40.00 4.251e-05
110.00 -40.00 0.00061122
115.00 -40.00 0.00091182
120.00 -40.00 0.00047796
125.00 -40.00 -0.00028476
130.00 -40.00 -0.00059169
135.00 -40.00 -0.00026934
140.00 -40.00 6.966e-05
145.00 -40.00 -0.0001914
150.00 -40.00 -0.00095613
155.00 -40.00 -0.00149745
160.00 -40.00 -0.00113244
165.00 -40.00 0.00012405
170.00 -40.00 0.00143883
175.00 -40.00 0.00178656
180.00 -40.00 0.00090921
-180.00 -35.00 0.00045759
-175.00 -35.00 -0.00114984
-170.00 -35.00 -0.00184803
-165.00 -35.00 -0.00129045
-160.00 -35.00 -0.00032364
-155.00 -35.00 0.00015978
-150.00 -35.00 0.00022491
-145.00 -35.00 0.00038421
-140.00 -35.00 0.00053457
-135.00 -35.00 0.00015786
-130.00 -35.00 -0.00056151
-125.00 -35.00 -0.00074073
-120.00 -35.00 -0.00014322
-115.00 -35.00 0.00032808
-110.00 -35.00 -7.335e-05
-105.00 -35.00 -0.00087546
-100.00 -35.00 -0.00119976
-95.00 -35.00 -0.00102234
-90.00 -35.00 -0.00092283
-85.00 -35.00 -0.00101268
-80.00 -35.00 -0.00089322
-75.00 -35.00 -0.00049917
-70.00 -35.00 -0.00026358
-65.00 -35.00 -0.0004044
-60.00 -35.00 -0.00061065
-55.00 -35.00 -0.00061497
-50.00 -35.00 -0.00067875
-45.00 -35.00 -0.00119601
-40.00 -35.00 -0.00194958
-35.00 -35.00 -0.00210195
-30.00 -35.00 -0.00113526
-25.00 -35.00 0.00032124
-20.00 -35.00 0.0009681
-15.00 -35.00 0.00028233
-10.00 -35.00 -0.00084993
-5.00 -35.00 -0.00120405
0.00 -35.00 -0.0005613
5.00 -35.00 0.00037965
10.00 -35.00 0.00098802
15.00 -35.00 0.00099342
20.00 -35.00 0.00018867
25.00 -35.00 -0.00130548
30.00 -35.00 -0.00261447
35.00 -35.00 -0.0027948
40.00 -35.00 -0.00198942
45.00 -35.00 -0.00120534
50.00 -35.00 -0.00094725
55.00 -35.00 -0.00079791
60.00 -35.00 -0.00040515
65.00 -35.00 -0.00010998
70.00 -35.00 -0.00030411
75.00 -35.00 -0.00071802
80.00 -35.00 -0.0007518
85.00 -35.00 -0.00028398
90.00 -35.00 0.00018603
95.00 -35.00 0.00023052
100.00 -35.00 9.867e-05
105.00 -35.00 0.00034806
110.00 -35.00 0.00091173
115.00 -35.00 0.00102063
120.00 -35.00 0.00031446
125.00 -35.00 -0.00047775
130.00 -35.00 -0.00046848
135.00 -35.00 0.00016104
140.00 -35.00 0.00046281
145.00 -35.00 1.38e-05
150.00 -35.00 -0.00066528
155.00 -35.00 -0.0008421
160.00 -35.00 -0.00024291
165.00 -35.00 0.00086562
170.00 -35.00 0.00179097
175.00 -35.00 0.00172431
180.00 -35.00 0.00045762
-180.00 -30.00 -0.00054369
-175.00 -30.00 -0.0014916
-170.00 -30.00 -0.00170406
-165.00 -30.00 -0.00094068
-160.00 -30.00 1.206e-05
-155.00 -30.00 0.00032166
-150.00 -30.00 0.00016419
-145.00 -30.00 0.00019665
-140.00 -30.00 0.0002871
-135.00 -30.00 -0.00022608
-130.00 -30.00 -0.0010491
-125.00 -30.00 -0.00101376
-120.00 -30.00 -1.05e-05
-115.00 -30.00 0.00051747
-110.00 -30.00 -0.00029817
-105.00 -30.00 -0.00141369
-100.00 -30.00 -0.00156567
-95.00 -30.00 -0.001125
-90.00 -30.00 -0.00116241
-85.00 -30.00 -0.00161535
-80.00 -30.00 -0.00160716
-75.00 -30.00 -0.00098856
-70.00 -30.00 -0.00042789
-65.00 -30.00 -0.00028203
-60.00 -30.00 -0.00030888
-55.00 -30.00 -0.00036168
-50.00 -30.00 -0.00063459
-45.00 -30.00 -0.00119055
-40.00 -30.00 -0.00167994
-35.00 -30.00 -0.00160935
-30.00 -30.00 -0.00083814
-25.00 -30.00 6.798e-05
-20.00 -30.00 0.00014226
-15.00 -30.00 -0.00090054
-10.00 -30.00 -0.00205977
-5.00 -30.00 -0.00212085
0.00 -30.00 -0.00114627
5.00 -30.00 -0.00019002
10.00 -30.00 0.00017634
15.00 -30.00 0.0001047
20.00 -30.00 -0.00043863
25.00 -30.00 -0.00158502
30.00 -30.00 -0.00268599
35.00 -30.00 -0.00278319
40.00 -30.00 -0.00196932
45.00 -30.00 -0.00118062
50.00 -30.00 -0.00073971
55.00 -30.00 -0.00020757
60.00 -30.00 0.0004614
65.00 -30.00 0.00073011
70.00 -30.00 0.0004176
75.00 -30.00 -3.345e-05
80.00 -30.00 -0.00019158
85.00 -30.00 7.41e-06
90.00 -30.00 0.00037422
95.00 -30.00 0.00064068
100.00 -30.00 0.00075588
105.00 -30.00 0.00097041
110.00 -30.00 0.0012498
115.00 -30.00 0.00100689
120.00 -30.00 9.648e-05
125.00 -30.00 -0.00050094
130.00 -30.00 4.401e-05
135.00 -30.00 0.00099972
140.00 -30.00 0.00103464
145.00 -30.00 0.00012498
150.00 -30.00 -0.00059211
155.00 -30.00 -0.00049899
160.00 -30.00 4.98e-06
165.00 -30.00 0.00041526
170.00 -30.00 0.00056889
175.00 -30.00 0.00029199
180.00 -30.00 -0.00054369
-180.00 -25.00 -0.00137619
-175.00 -25.00 -0.00161289
-170.00 -25.00 -0.00155679
-165.00 -25.00 -0.00106272
-160.00 -25.00 -0.00056883
-155.00 -25.00 -0.00061716
-150.00 -25.00 -0.00094629
-145.00 -25.00 -0.00081912
-140.00 -25.00 -0.00040116
-135.00 -25.00 -0.00064944
-130.00 -25.00 -0.0014508
-125.00 -25.00 -0.00142818
-120.00 -25.00 -0.00030267
-115.00 -25.00 0.00034314
-110.00 -25.00 -0.0003438
-105.00 -25.00 -0.00102063
-100.00 -25.00 -0.000519
-95.00 -25.00 0.00016362
-90.00 -25.00 -0.00029397
-85.00 -25.00 -0.0013179
-80.00 -25.00 -0.00157872
-75.00 -25.00 -0.0010389
-70.00 -25.00 -0.00046752
-65.00 -25.00 -1.737e-05
-60.00 -25.00 0.00044346
-55.00 -25.00 0.00050955
-50.00 -25.00 -9.384e-05
-45.00 -25.00 -0.00075255
-40.00 -25.00 -0.00080766
-35.00 -25.00 -0.00048459
-30.00 -25.00 -0.00026346
-25.00 -25.00 -0.00010779
-20.00 -25.00 3.456e-05
-15.00 -25.00 -0.00015399
-10.00 -25.00 -0.00062178
-5.00 -25.00 -0.00074982
0.00 -25.00 -0.00041994
5.00 -25.00 -0.0002931
10.00 -25.00 -0.00066327
15.00 -25.00 -0.00113937
20.00 -25.00 -0.00162015
25.00 -25.00 -0.0023067
30.00 -25.00 -0.00277407
35.00 -25.00 -0.00244686
40.00 -25.00 -0.00179007
45.00 -25.00 -0.00156699
50.00 -25.00 -0.0013866
55.00 -25.00 -0.00050496
60.00 -25.00 0.00062271
65.00 -25.00 0.00108468
70.00 -25.00 0.0009504
75.00 -25.00 0.00067485
80.00 -25.00 0.00016554
85.00 -25.00 -0.00046716
90.00 -25.00 -0.00051498
95.00 -25.00 0.00012651
100.00 -25.00 0.00069468
105.00 -25.00 0.00089361
110.00 -25.00 0.00102924
115.00 -25.00 0.00089739
120.00 -25.00 0.00024165
125.00 -25.00 -7.05e-05
130.00 -25.00 0.00079356
135.00 -25.00 0.00183555
140.00 -25.00 0.00148761
145.00 -25.00 7.548e-05
150.00 -25.00 -0.00076857
155.00 -25.00 -0.00056709
160.00 -25.00 -0.00025299
165.00 -25.00 -0.00044403
170.00 -25.00 -0.00084555
175.00 -25.00 -0.00112998
180.00 -25.00 -0.00137619
-180.00 -20.00 -0.00157638
-175.00 -20.00 -0.00178923
-170.00 -20.00 -0.00198864
-165.00 -20.00 -0.0020592
-160.00 -20.00 -0.00200205
-155.00 -20.00 -0.00211062
-150.00 -20.00 -0.00228909
-145.00 -20.00 -0.00184098
-140.00 -20.00 -0.00083784
-135.00 -20.00 -0.00053133
-130.00 -20.00 -0.00125166
-125.00 -20.00 -0.00152031
-120.00 -20.00 -0.00057138
-115.00 -20.00 0.0002538
-110.00 -20.00 5.343e-05
-105.00 -20.00 -9.3e-07
-100.00 -20.00 0.00087414
-95.00 -20.00 0.00137766
-90.00 -20.00 0.00051924
-85.00 -20.00 -0.00056013
-80.00 -20.00 -0.00069426
-75.00 -20.00 -0.0004731
-70.00 -20.00 -0.00053019
-65.00 -20.00 -0.00016914
-60.00 -20.00 0.00086595
-55.00 -20.00 0.00123483
-50.00 -20.00 0.00016347
-45.00 -20.00 -0.00097923
-40.00 -20.00 -0.00084462
-35.00 -20.00 -0.00023868
-30.00 -20.00 -0.00041703
-25.00 -20.00 -0.00076749
-20.00 -20.00 -9.54e-05
-15.00 -20.00 0.00105531
-10.00 -20.00 0.00131637
-5.00 -20.00 0.00070977
0.00 -20.00 0.00021285
5.00 -20.00 3.591e-05
10.00 -20.00 -0.00026727
15.00 -20.00 -0.00087618
20.00 -20.00 -0.0017565
25.00 -20.00 -0.00262134
30.00 -20.00 -0.00267723
35.00 -20.00 -0.00174033
40.00 -20.00 -0.00111522
45.00 -20.00 -0.00168015
50.00 -20.00 -0.00216231
55.00 -20.00 -0.00126087
60.00 -20.00 8.769e-05
65.00 -20.00 0.00058773
70.00 -20.00 0.00066792
75.00 -20.00 0.00075471
80.00 -20.00 9.87e-06
85.00 -20.00 -0.00141084
90.00 -20.00 -0.00169263
95.00 -20.00 -0.00044808
100.00 -20.00 0.0005118
105.00 -20.00 0.00041637
110.00 -20.00 0.00039192
115.00 -20.00 0.00072912
120.00 -20.00 0.00058125
125.00 -20.00 0.00031917
130.00 -20.00 0.00097776
135.00 -20.00 0.00177666
140.00 -20.00 0.00114861
145.00 -20.00 -0.00044196
150.00 -20.00 -0.00124806
155.00 -20.00 -0.00095118
160.00 -20.00 -0.00059424
165.00 -20.00 -0.0007128
170.00 -20.00 -0.00104238
175.00 -20.00 -0.00133899
180.00 -20.00 -0.00157638
-180.00 -15.00 -0.00130641
-175.00 -15.00 -0.00173799
-170.00 -15.00 -0.00209763
-165.00 -15.00 -0.00243894
-160.00 -15.00 -0.0025221
-155.00 -15.00 -0.00257424
-150.00 -15.00 -0.00280983
-145.00 -15.00 -0.00244887
-140.00 -15.00 -0.00108786
-135.00 -15.00 -9.192e-05
-130.00 -15.00 -0.00051177
-125.00 -15.00 -0.0011253
-120.00 -15.00 -0.00064596
-115.00 -15.00 0.00012324
-110.00 -15.00 0.00027267
-105.00 -15.00 0.00051228
-100.00 -15.00 0.00117498
-95.00 -15.00 0.00112263
-90.00 -15.00 0.00015273
-85.00 -15.00 -0.00019806
-80.00 -15.00 0.00050319
-75.00 -15.00 0.00068646
-70.00 -15.00 -0.00016383
-65.00 -15.00 -0.0003483
-60.00 -15.00 0.00085179
-55.00 -15.00 0.00147948
-50.00 -15.00 8.859e-05
-45.00 -15.00 -0.00167538
-40.00 -15.00 -0.0017346
-35.00 -15.00 -0.00089265
-30.00 -15.00 -0.00105261
-25.00 -15.00 -0.00170397
-20.00 -15.00 -0.00105114
-15.00 -15.00 0.0004611
-10.00 -15.00 0.00078324
-5.00 -15.00 -0.00024663
0.00 -15.00 -0.00085176
5.00 -15.00 -0.00029169
10.00 -15.00 0.00039825
15.00 -15.00 0.00014988
20.00 -15.00 -0.00113652
25.00 -15.00 -0.00254745
30.00 -15.00 -0.0026205
35.00 -15.00 -0.00117771
40.00 -15.00 -0.0002013
45.00 -15.00 -0.00098094
50.00 -15.00 -0.00184155
55.00 -15.00 -0.00111993
60.00 -15.00 -7.767e-05
65.00 -15.00 -0.00011454
70.00 -15.00 -0.00014778
75.00 -15.00 0.0004689
80.00 -15.00 0.00014505
85.00 -15.00 -0.001296
90.00 -15.00 -0.00142311
95.00 -15.00 0.00026193
100.00 -15.00 0.0011715
105.00 -15.00 0.0004266
110.00 -15.00 2.661e-05
115.00 -15.00 0.0005541
120.00 -15.00 0.00049977
125.00 -15.00 -0.00010305
130.00 -15.00 0.00013716
135.00 -15.00 0.0007266
140.00 -15.00 0.00013902
145.00 -15.00 -0.0011682
150.00 -15.00 -0.00169995
155.00 -15.00 -0.00140472
160.00 -15.00 -0.00101526
165.00 -15.00 -0.0006555
170.00 -15.00 -0.00043686
175.00 -15.00 -0.0007227
180.00 -15.00 -0.00130641
-180.00 -10.00 -0.00100257
-175.00 -10.00 -0.00121392
-170.00 -10.00 -0.00121641
-165.00 -10.00 -0.00142059
-160.00 -10.00 -0.00152439
-155.00 -10.00 -0.00175566
-150.00 -10.00 -0.00259338
-145.00 -10.00 -0.00301695
-140.00 -10.00 -0.00185643
-135.00 -10.00 -0.00029571
-130.00 -10.00 -0.00012069
-125.00 -10.00 -0.00075951
-120.00 -10.00 -0.00075075
-115.00 -10.00 -0.00029295
-110.00 -10.00 -5.763e-05
-105.00 -10.00 0.00028443
-100.00 -10.00 0.00064905
-95.00 -10.00 0.00015684
-90.00 -10.00 -0.00072117
-85.00 -10.00 -0.00030843
-80.00 -10.00 0.00127116
-75.00 -10.00 0.00192084
-70.00 -10.00 0.00098928
-65.00 -10.00 0.00030654
-60.00 -10.00 0.00102486
-55.00 -10.00 0.00165894
-50.00 -10.00 0.00055926
-45.00 -10.00 -0.00130407
-40.00 -10.00 -0.0018408
-35.00 -10.00 -0.00113601
-30.00 -10.00 -0.00098811
-25.00 -10.00 -0.00163833
-20.00 -10.00 -0.00164775
-15.00 -10.00 -0.00094101
-10.00 -10.00 -0.00101628
-5.00 -10.00 -0.00196371
0.00 -10.00 -0.0021678
5.00 -10.00 -0.00111873
10.00 -10.00 -5.196e-05
15.00 -10.00 -1.077e-05
20.00 -10.00 -0.00104043
25.00 -10.00 -0.00241788
30.00 -10.00 -0.00273897
35.00 -10.00 -0.00143001
40.00 -10.00 -0.00016848
45.00 -10.00 -0.00046854
50.00 -10.00 -0.00099321
55.00 -10.00 -0.00023619
60.00 -10.00 0.00040053
65.00 -10.00 -0.00034266
70.00 -10.00 -0.00068877
75.00 -10.00 0.00048576
80.00 -10.00 0.00109593
85.00 -10.00 0.00016638
90.00 -10.00 -3.081e-05
95.00 -10.00 0.00129693
100.00 -10.00 0.00182895
105.00 -10.00 0.00091314
110.00 -10.00 0.0005454
115.00 -10.00 0.00090261
120.00 -10.00 0.00027777
125.00 -10.00 -0.00086178
130.00 -10.00 -0.00074688
135.00 -10.00 -1.56e-06
140.00 -10.00 -0.00023202
145.00 -10.00 -0.00094722
150.00 -10.00 -0.00111723
155.00 -10.00 -0.00117387
160.00 -10.00 -0.00133827
165.00 -10.00 -0.00091257
170.00 -10.00 -0.00022836
175.00 -10.00 -0.00036126
180.00 -10.00 -0.00100257
-180.00 -5.00 -0.00078174
-175.00 -5.00 -0.00051249
-170.00 -5.00 -9.414e-05
-165.00 -5.00 -0.00021624
-160.00 -5.00 -0.00042708
-155.00 -5.00 -0.00082041
-150.00 -5.00 -0.00207855
-145.00 -5.00 -0.00322146
-140.00 -5.00 -0.00263712
-135.00 -5.00 -0.0010803
-130.00 -5.00 -0.0004689
-125.00 -5.00 -0.00077619
-120.00 -5.00 -0.00085662
-115.00 -5.00 -0.00065418
-110.00 -5.00 -0.0004662
-105.00 -5.00 -2.937e-05
-100.00 -5.00 0.0003528
-95.00 -5.00 -6.921e-05
-90.00 -5.00 -0.00072897
-85.00 -5.00 -0.00024918
-80.00 -5.00 0.00127896
-75.00 -5.00 0.00235893
-70.00 -5.00 0.00220266
-65.00 -5.00 0.00148983
-60.00 -5.00 0.00122577
-55.00 -5.00 0.00145821
-50.00 -5.00 0.00124233
-45.00 -5.00 9.84e-05
-40.00 -5.00 -0.00099054
-35.00 -5.00 -0.00101505
-30.00 -5.00 -0.00055839
-25.00 -5.00 -0.00060636
-20.00 -5.00 -0.00092979
-15.00 -5.00 -0.00106767
-10.00 -5.00 -0.0013482
-5.00 -5.00 -0.00177429
0.00 -5.00 -0.00171909
5.00 -5.00 -0.0013092
10.00 -5.00 -0.00121266
15.00 -5.00 -0.00131793
20.00 -5.00 -0.00140622
25.00 -5.00 -0.00190035
30.00 -5.00 -0.00248097
35.00 -5.00 -0.00209373
40.00 -5.00 -0.00118074
45.00 -5.00 -0.00102963
50.00 -5.00 -0.00101691
55.00 -5.00 -9.66e-06
60.00 -5.00 0.00071319
65.00 -5.00 -0.00010953
70.00 -5.00 -0.00064596
75.00 -5.00 0.00067332
80.00 -5.00 0.00191994
85.00 -5.00 0.00140205
90.00 -5.00 0.00068283
95.00 -5.00 0.00103365
100.00 -5.00 0.00133413
105.00 -5.00 0.00122778
110.00 -5.00 0.00165717
115.00 -5.00 0.00185865
120.00 -5.00 0.00052935
125.00 -5.00 -0.00092532
130.00 -5.00 -0.00065253
135.00 -5.00 0.00026214
140.00 -5.00 0.00028356
145.00 -5.00 0.00012879
150.00 -5.00 0.00027771
155.00 -5.00 -0.00033318
160.00 -5.00 -0.00144867
165.00 -5.00 -0.00143409
170.00 -5.00 -0.00056556
175.00 -5.00 -0.00043182
180.00 -5.00 -0.00078174
-180.00 0.00 -0.0005274
-175.00 0.00 -9.735e-05
-170.00 0.00 0.00031155
-165.00 0.00 -1.902e-05
-160.00 0.00 -0.00035217
-155.00 0.00 -0.00045879
-150.00 0.00 -0.00113994
-145.00 0.00 -0.00201966
-140.00 0.00 -0.00189609
-135.00 0.00 -0.00110673
-130.00 0.00 -0.00080379
-125.00 0.00 -0.00088245
-120.00 0.00 -0.00076542
-115.00 0.00 -0.00065406
-110.00 0.00 -0.00061362
-105.00 0.00 -0.00023844
-100.00 0.00 0.00024402
-95.00 0.00 0.00027696
-90.00 0.00 0.00010764
-85.00 0.00 0.00027309
-80.00 0.00 0.00082767
-75.00 0.00 0.00167802
-70.00 0.00 0.00238245
-65.00 0.00 0.00198723
-60.00 0.00 0.00064452
-55.00 0.00 5.067e-05
-50.00 0.00 0.00065598
-45.00 0.00 0.00067332
-40.00 0.00 -0.0006339
-35.00 0.00 -0.00153276
-30.00 0.00 -0.000963
-25.00 0.00 -0.00012441
-20.00 0.00 -9.333e-05
-15.00 0.00 -0.00048879
-10.00 0.00 -0.00073296
-5.00 0.00 -0.000705
0.00 0.00 -0.00057519
5.00 0.00 -0.00089412
10.00 0.00 -0.00174168
15.00 0.00 -0.00203214
20.00 0.00 -0.00131784
25.00 0.00 -0.00097239
30.00 0.00 -0.00172602
35.00 0.00 -0.00227481
40.00 0.00 -0.00196248
45.00 0.00 -0.00177714
50.00 0.00 -0.00165588
55.00 0.00 -0.00051555
60.00 0.00 0.00080148
65.00 0.00 0.00065922
70.00 0.00 9.24e-06
75.00 0.00 0.00063414
80.00 0.00 0.00164625
85.00 0.00 0.00139404
90.00 0.00 0.00052347
95.00 0.00 0.00027528
100.00 0.00 0.00051321
105.00 0.00 0.00106656
110.00 0.00 0.00194736
115.00 0.00 0.00203628
120.00 0.00 0.0007263
125.00 0.00 -0.00031407
130.00 0.00 8.721e-05
135.00 0.00 0.00056247
140.00 0.00 0.00024384
145.00 0.00 0.00024534
150.00 0.00 0.00052908
155.00 0.00 -0.00039219
160.00 0.00 -0.00189102
165.00 0.00 -0.00187863
170.00 0.00 -0.00074586
175.00 0.00 -0.00037044
180.00 0.00 -0.0005274
-180.00 5.00 -0.00034719
-175.00 5.00 -0.00010437
-170.00 5.00 9.129e-05
-165.00 5.00 -0.00044829
-160.00 5.00 -0.00086631
-155.00 5.00 -0.00057798
-150.00 5.00 -0.00022575
-145.00 5.00 -0.00013614
-140.00 5.00 -7.11e-05
-135.00 5.00 -0.00022491
-130.00 5.00 -0.00067215
-125.00 5.00 -0.00083847
-120.00 5.00 -0.00062526
-115.00 5.00 -0.00058179
-110.00 5.00 -0.00066087
-105.00 5.00 -0.00043632
-100.00 5.00 -8.163e-05
-95.00 5.00 0.00022053
-90.00 5.00 0.00064143
-85.00 5.00 0.0008169
-80.00 5.00 0.00046488
-75.00 5.00 0.00057465
-70.00 5.00 0.0015414
-65.00 5.00 0.00154134
-60.00 5.00 -0.00033084
-55.00 5.00 -0.00171792
-50.00 5.00 -0.00091719
-45.00 5.00 1.482e-05
-40.00 5.00 -0.00086943
-35.00 5.00 -0.0020127
-30.00 5.00 -0.0015735
-25.00 5.00 -0.00051264
-20.00 5.00 -0.000327
-15.00 5.00 -0.00075999
-10.00 5.00 -0.00101865
-5.00 5.00 -0.00095037
0.00 5.00 -0.00073086
5.00 5.00 -0.00075447
10.00 5.00 -0.00118248
15.00 5.00 -0.00129282
20.00 5.00 -0.00070218
25.00 5.00 -0.00051552
30.00 5.00 -0.00138969
35.00 5.00 -0.00209391
40.00 5.00 -0.00187101
45.00 5.00 -0.00171813
50.00 5.00 -0.00176379
55.00 5.00 -0.000654
60.00 5.00 0.00130059
65.00 5.00 0.00201183
70.00 5.00 0.00122508
75.00 5.00 0.00068799
80.00 5.00 0.00090561
85.00 5.00 0.00096624
90.00 5.00 0.00075696
95.00 5.00 0.00072843
100.00 5.00 0.00070785
105.00 5.00 0.00056583
110.00 5.00 0.0005436
115.00 5.00 0.00048078
120.00 5.00 0.0003099
125.00 5.00 0.00056283
130.00 5.00 0.00098628
135.00 5.00 0.00049353
140.00 5.00 -0.00056847
145.00 5.00 -0.00082377
150.00 5.00 -0.00073998
155.00 5.00 -0.00168243
160.00 5.00 -0.00267888
165.00 5.00 -0.0019497
170.00 5.00 -0.00043188
175.00 5.00 -5.046e-05
180.00 5.00 -0.00034719
-180.00 10.00 -0.00051654
-175.00 10.00 -0.00030648
-170.00 10.00 -4.182e-05
-165.00 10.00 -0.00053415
-160.00 10.00 -0.0011493
-155.00 10.00 -0.00110874
-150.00 10.00 -0.0005595
-145.00 10.00 4.62e-05
-140.00 10.00 0.00028965
-135.00 10.00 -0.00010008
-130.00 10.00 -0.00067965
-125.00 10.00 -0.00077874
-120.00 10.00 -0.00061494
-115.00 10.00 -0.0006483
-110.00 10.00 -0.00054729
-105.00 10.00 -0.00015306
-100.00 10.00 -4.986e-05
-95.00 10.00 -0.0001182
-90.00 10.00 0.00039708
-85.00 10.00 0.00095331
-80.00 10.00 0.0005433
-75.00 10.00 6.738e-05
-70.00 10.00 0.0006774
-65.00 10.00 0.00101628
-60.00 10.00 -0.00035562
-55.00 10.00 -0.00178572
-50.00 10.00 -0.0013623
-45.00 10.00 -0.00036396
-40.00 10.00 -0.00060165
-35.00 10.00 -0.00125244
-30.00 10.00 -0.00108495
-25.00 10.00 -0.00079749
-20.00 10.00 -0.00113532
-15.00 10.00 -0.00151971
-10.00 10.00 -0.00160419
-5.00 10.00 -0.00171237
0.00 10.00 -0.00162969
5.00 10.00 -0.00098487
10.00 10.00 -0.00022971
15.00 10.00 8.07e-05
20.00 10.00 -9.921e-05
25.00 10.00 -0.0008112
30.00 10.00 -0.00178314
35.00 10.00 -0.0020928
40.00 10.00 -0.00160131
45.00 10.00 -0.00137364
50.00 10.00 -0.00143619
55.00 10.00 -0.00037284
60.00 10.00 0.00175641
65.00 10.00 0.00287919
70.00 10.00 0.00218352
75.00 10.00 0.00114369
80.00 10.00 0.00088014
85.00 10.00 0.00108276
90.00 10.00 0.00141756
95.00 10.00 0.00173043
100.00 10.00 0.00136416
105.00 10.00 4.206e-05
110.00 10.00 -0.00122385
115.00 10.00 -0.00119265
120.00 10.00 0.00020385
125.00 10.00 0.00177948
130.00 10.00 0.00206076
135.00 10.00 0.00079818
140.00 10.00 -0.0005655
145.00 10.00 -0.00093459
150.00 10.00 -0.00119475
155.00 10.00 -0.00217203
160.00 10.00 -0.00259968
165.00 10.00 -0.00140556
170.00 10.00 -3.15e-05
175.00 10.00 -2.367e-05
180.00 10.00 -0.00051654
-180.00 15.00 -0.00098571
-175.00 15.00 -0.00030822
-170.00 15.00 0.00035148
-165.00 15.00 3.297e-05
-160.00 15.00 -0.00090561
-155.00 15.00 -0.0016641
-150.00 15.00 -0.00188763
-145.00 15.00 -0.00165312
-140.00 15.00 -0.00135519
-135.00 15.00 -0.00126183
-130.00 15.00 -0.00108351
-125.00 15.00 -0.00067539
-120.00 15.00 -0.00053178
-115.00 15.00 -0.0006354
-110.00 15.00 -0.00015084
-105.00 15.00 0.0007392
-100.00 15.00 0.00070671
-95.00 15.00 -0.00013806
-90.00 15.00 -0.00013536
-85.00 15.00 0.00082989
-80.00 15.00 0.0011334
-75.00 15.00 0.0005598
-70.00 15.00 0.00043623
-65.00 15.00 0.00080019
-60.00 15.00 0.00057915
-55.00 15.00 -3.414e-05
-50.00 15.00 -0.00016041
-45.00 15.00 -6.051e-05
-40.00 15.00 -0.00022068
-35.00 15.00 -0.0002724
-30.00 15.00 -0.00027894
-25.00 15.00 -0.00096069
-20.00 15.00 -0.00187611
-15.00 15.00 -0.00183426
-10.00 15.00 -0.00122901
-5.00 15.00 -0.00136107
0.00 15.00 -0.00184761
5.00 15.00 -0.00128922
10.00 15.00 0.00011628
15.00 15.00 0.00084003
20.00 15.00 0.00023448
25.00 15.00 -0.00100005
30.00 15.00 -0.00185529
35.00 15.00 -0.00183768
40.00 15.00 -0.00137241
45.00 15.00 -0.0012384
50.00 15.00 -0.00119637
55.00 15.00 -0.0002517
60.00 15.00 0.00136584
65.00 15.00 0.00220329
70.00 15.00 0.00189348
75.00 15.00 0.00151968
80.00 15.00 0.0015747
85.00 15.00 0.00156279
90.00 15.00 0.00144588
95.00 15.00 0.00150738
100.00 15.00 0.00117585
105.00 15.00 -0.00013143
110.00 15.00 -0.00140808
115.00 15.00 -0.00099276
120.00 15.00 0.00104301
125.00 15.00 0.00270885
130.00 15.00 0.00248706
135.00 15.00 0.0011049
140.00 15.00 0.00032286
145.00 15.00 0.00041733
150.00 15.00 0.00012666
155.00 15.00 -0.00086781
160.00 15.00 -0.00127776
165.00 15.00 -0.0006285
170.00 15.00 -0.00021501
175.00 15.00 -0.0007098
180.00 15.00 -0.00098571
-180.00 20.00 -0.00123894
-175.00 20.00 0.0001605
-170.00 20.00 0.00115803
-165.00 20.00 0.0008748
-160.00 20.00 -0.00027663
-155.00 20.00 -0.00147792
-150.00 20.00 -0.00223824
-145.00 20.00 -0.00246144
-140.00 20.00 -0.0023217
-135.00 20.00 -0.00189273
-130.00 20.00 -0.00108291
-125.00 20.00 -0.00028704
-120.00 20.00 -0.0002124
-115.00 20.00 -0.00048501
-110.00 20.00 9.447e-05
-105.00 20.00 0.00123738
-100.00 20.00 0.00118926
-95.00 20.00 -0.00013788
-90.00 20.00 -0.00058626
-85.00 20.00 0.00072468
-80.00 20.00 0.00194622
-75.00 20.00 0.0015927
-70.00 20.00 0.00061005
-65.00 20.00 0.00043221
-60.00 20.00 0.00099906
-55.00 20.00 0.00135936
-50.00 20.00 0.00090792
-45.00 20.00 -0.00010572
-40.00 20.00 -0.00071439
-35.00 20.00 -0.00045681
-30.00 20.00 -0.0003786
-25.00 20.00 -0.00144693
-20.00 20.00 -0.00252243
-15.00 20.00 -0.00199803
-10.00 20.00 -0.00071679
-5.00 20.00 -0.00070278
0.00 20.00 -0.00170022
5.00 20.00 -0.00168714
10.00 20.00 -0.00031902
15.00 20.00 0.00066606
20.00 20.00 0.00024114
25.00 20.00 -0.00072144
30.00 20.00 -0.00105174
35.00 20.00 -0.00072609
40.00 20.00 -0.00049077
45.00 20.00 -0.00064014
50.00 20.00 -0.00058974
55.00 20.00 0.00012441
60.00 20.00 0.00089817
65.00 20.00 0.00097455
70.00 20.00 0.00083688
75.00 20.00 0.00137316
80.00 20.00 0.00211533
85.00 20.00 0.00192111
90.00 20.00 0.0009843
95.00 20.00 0.00044529
100.00 20.00 0.00040761
105.00 20.00 0.00010662
110.00 20.00 -0.00027156
115.00 20.00 0.000261
120.00 20.00 0.00154545
125.00 20.00 0.00210792
130.00 20.00 0.00130332
135.00 20.00 0.0003261
140.00 20.00 0.00041739
145.00 20.00 0.00108171
150.00 20.00 0.00106977
155.00 20.00 0.00036231
160.00 20.00 -0.00014286
165.00 20.00 -0.00039042
170.00 20.00 -0.00100902
175.00 20.00 -0.00165417
180.00 20.00 -0.00123894
-180.00 25.00 -0.00084636
-175.00 25.00 0.00088014
-170.00 25.00 0.00180216
-165.00 25.00 0.00132576
-160.00 25.00 0.00017472
-155.00 25.00 -0.00072294
-150.00 25.00 -0.00104769
-145.00 25.00 -0.00102981
-140.00 25.00 -0.00096639
-135.00 25.00 -0.00076896
-130.00 25.00 -0.00020415
-125.00 25.00 0.00034848
-120.00 25.00 0.00019785
-115.00 25.00 -0.00032379
-110.00 25.00 -9.978e-05
-105.00 25.00 0.00072912
-100.00 25.00 0.00064662
-95.00 25.00 -0.00056775
-90.00 25.00 -0.00098472
-85.00 25.00 0.00052923
-80.00 25.00 0.00232566
-75.00 25.00 0.00229548
-70.00 25.00 0.00077511
-65.00 25.00 -0.00020976
-60.00 25.00 0.00025206
-55.00 25.00 0.00104445
-50.00 25.00 0.00072864
-45.00 25.00 -0.00052413
-40.00 25.00 -0.00121161
-35.00 25.00 -0.00075666
-30.00 25.00 -0.00049071
-25.00 25.00 -0.00149127
-20.00 25.00 -0.0025929
-15.00 25.00 -0.00218859
-10.00 25.00 -0.00098631
-5.00 25.00 -0.00085638
0.00 25.00 -0.00167478
5.00 25.00 -0.00163992
10.00 25.00 -0.00038181
15.00 25.00 0.00050718
20.00 25.00 0.0001245
25.00 25.00 -0.00047973
30.00 25.00 -0.00013851
35.00 25.00 0.00073416
40.00 25.00 0.00100737
45.00 25.00 0.00059994
50.00 25.00 0.00047121
55.00 25.00 0.00099162
60.00 25.00 0.00130491
65.00 25.00 0.00079935
70.00 25.00 0.00031188
75.00 25.00 0.00086292
80.00 25.00 0.00187335
85.00 25.00 0.0019434
90.00 25.00 0.00098244
95.00 25.00 0.00018567
100.00 25.00 0.00013998
105.00 25.00 0.00032538
110.00 25.00 0.00039162
115.00 25.00 0.0005838
120.00 25.00 0.00080964
125.00 25.00 0.00051039
130.00 25.00 -0.00025506
135.00 25.00 -0.00062169
140.00 25.00 -0.00019359
145.00 25.00 0.00036186
150.00 25.00 0.00041601
155.00 25.00 0.00021321
160.00 25.00 5.334e-05
165.00 25.00 -0.00043974
170.00 25.00 -0.00139053
175.00 25.00 -0.00182631
180.00 25.00 -0.00084639
-180.00 30.00 -8.502e-05
-175.00 30.00 0.00122598
-170.00 30.00 0.00171018
-165.00 30.00 0.00099621
-160.00 30.00 -6.423e-05
-155.00 30.00 -0.0004776
-150.00 30.00 -5.265e-05
-145.00 30.00 0.00061812
-140.00 30.00 0.00090864
-135.00 30.00 0.00084054
-130.00 30.00 0.0008433
-125.00 30.00 0.00090276
-120.00 30.00 0.0005679
-115.00 30.00 -5.871e-05
-110.00 30.00 -0.00025089
-105.00 30.00 3.609e-05
-100.00 30.00 -0.00012561
-95.00 30.00 -0.00097047
-90.00 30.00 -0.00121758
-85.00 30.00 0.00010155
-80.00 30.00 0.00189687
-75.00 30.00 0.00225633
-70.00 30.00 0.00093522
-65.00 30.00 -0.0004599
-60.00 30.00 -0.00064695
-55.00 30.00 -0.00010719
-50.00 30.00 -4.569e-05
-45.00 30.00 -0.0005607
-40.00 30.00 -0.00066072
-35.00 30.00 -3.969e-05
-30.00 30.00 0.00023688
-25.00 30.00 -0.0005898
-20.00 30.00 -0.00161082
-15.00 30.00 -0.00161412
-10.00 30.00 -0.00097218
-5.00 30.00 -0.00081699
0.00 30.00 -0.00097926
5.00 30.00 -0.00037032
10.00 30.00 0.000867
15.00 30.00 0.00129459
20.00 30.00 0.00046287
25.00 30.00 -0.0002292
30.00 30.00 0.00045027
35.00 30.00 0.00178389
40.00 30.00 0.00219066
45.00 30.00 0.00145608
50.00 30.00 0.00085704
55.00 30.00 0.0011709
60.00 30.00 0.00161058
65.00 30.00 0.00119361
70.00 30.00 0.00032439
75.00 30.00 0.00014859
80.00 30.00 0.00080949
85.00 30.00 0.00133992
90.00 30.00 0.00113094
95.00 30.00 0.0005772
100.00 30.00 0.00023328
105.00 30.00 0.00014367
110.00 30.00 0.00014535
115.00 30.00 0.00017571
120.00 30.00 0.00012453
125.00 30.00 -0.00010626
130.00 30.00 -0.00031413
135.00 30.00 -0.00022806
140.00 30.00 -2.145e-05
145.00 30.00 -7.134e-05
150.00 30.00 -0.00023829
155.00 30.00 -4.623e-05
160.00 30.00 0.00035799
165.00 30.00 0.00022335
170.00 30.00 -0.00053697
175.00 30.00 -0.0008976
180.00 30.00 -8.502e-05
-180.00 35.00 0.00033501
-175.00 35.00 0.00089877
-170.00 35.00 0.00100701
-165.00 35.00 0.00032367
-160.00 35.00 -0.0005721
-155.00 35.00 -0.00084903
-150.00 35.00 -0.00026469
-145.00 35.00 0.00065796
-140.00 35.00 0.00122979
-135.00 35.00 0.00129498
-130.00 35.00 0.00118908
-125.00 35.00 0.00108093
-120.00 35.00 0.0007719
-115.00 35.00 0.00025374
-110.00 35.00 -8.046e-05
-105.00 35.00 -9.963e-05
-100.00 35.00 -0.00026313
-95.00 35.00 -0.00079923
-90.00 35.00 -0.00103863
-85.00 35.00 -0.00023625
-80.00 35.00 0.00119748
-75.00 35.00 0.00197427
-70.00 35.00 0.00143403
-65.00 35.00 0.00023142
-60.00 35.00 -0.00059535
-55.00 35.00 -0.00076677
-50.00 35.00 -0.000675
-45.00 35.00 -0.00052443
-40.00 35.00 -0.00014406
-35.00 35.00 0.00036999
-30.00 35.00 0.0004911
-25.00 35.00 6.003e-05
-20.00 35.00 -0.00031446
-15.00 35.00 -0.00013371
-10.00 35.00 0.00022674
-5.00 35.00 0.00026439
0.00 35.00 0.00036495
5.00 35.00 0.00117006
10.00 35.00 0.00220752
15.00 35.00 0.00224331
20.00 35.00 0.00113397
25.00 35.00 0.00031812
30.00 35.00 0.00094923
35.00 35.00 0.0022659
40.00 35.00 0.00256812
45.00 35.00 0.00145854
50.00 35.00 0.00026322
55.00 35.00 0.00017235
60.00 35.00 0.00076083
65.00 35.00 0.00081258
70.00 35.00 6.615e-05
75.00 35.00 -0.000573
80.00 35.00 -0.00039324
85.00 35.00 0.00024987
90.00 35.00 0.00055458
95.00 35.00 0.00026757
100.00 35.00 -0.00019131
105.00 35.00 -0.00031617
110.00 35.00 -7.11e-06
115.00 35.00 0.00040851
120.00 35.00 0.00054483
125.00 35.00 0.00038016
130.00 35.00 0.00024489
135.00 35.00 0.00031974
140.00 35.00 0.00036531
145.00 35.00 0.00018474
150.00 35.00 0.00010317
155.00 35.00 0.00053949
160.00 35.00 0.00121515
165.00 35.00 0.00135282
170.00 35.00 0.00076137
175.00 35.00 0.00019035
180.00 35.00 0.00033501
-180.00 40.00 0.00021393
-175.00 40.00 0.00033147
-170.00 40.00 0.00038628
-165.00 40.00 4.146e-05
-160.00 40.00 -0.00053901
-155.00 40.00 -0.00087489
-150.00 40.00 -0.00067149
-145.00 40.00 -9.684e-05
-140.00 40.00 0.00044241
-135.00 40.00 0.00073083
-130.00 40.00 0.00083739
-125.00 40.00 0.00082824
-120.00 40.00 0.00063339
-115.00 40.00 0.00029076
-110.00 40.00 5.787e-05
-105.00 40.00 6.24e-05
-100.00 40.00 5.202e-05
-95.00 40.00 -0.00021192
-90.00 40.00 -0.00044169
-85.00 40.00 -6.564e-05
-80.00 40.00 0.0009807
-75.00 40.00 0.00199503
-70.00 40.00 0.00217683
-65.00 40.00 0.00140565
-60.00 40.00 0.00025401
-55.00 40.00 -0.0006243
-50.00 40.00 -0.00096693
-45.00 40.00 -0.00088932
-40.00 40.00 -0.0006606
-35.00 40.00 -0.00052038
-30.00 40.00 -0.00049365
-25.00 40.00 -0.00030555
-20.00 40.00 0.00030444
-15.00 40.00 0.00108855
-10.00 40.00 0.00140799
-5.00 40.00 0.00106731
0.00 40.00 0.00072153
5.00 40.00 0.00104694
10.00 40.00 0.00171795
15.00 40.00 0.00177063
20.00 40.00 0.00099798
25.00 40.00 0.00037881
30.00 40.00 0.00080073
35.00 40.00 0.00179601
40.00 40.00 0.00207144
45.00 40.00 0.00114912
50.00 40.00 -7.23e-05
55.00 40.00 -0.00051195
60.00 40.00 -0.00019011
65.00 40.00 3.051e-05
70.00 40.00 -0.00030024
75.00 40.00 -0.00072912
80.00 40.00 -0.0006834
85.00 40.00 -0.00030054
90.00 40.00 -0.00019623
95.00 40.00 -0.0005889
100.00 40.00 -0.0009651
105.00 40.00 -0.00068061
110.00 40.00 0.00024687
115.00 40.00 0.00107634
120.00 40.00 0.00109644
125.00 40.00 0.00036264
130.00 40.00 -0.00040782
135.00 40.00 -0.00062802
140.00 40.00 -0.00034539
145.00 40.00 8.154e-05
150.00 40.00 0.0005328
155.00 40.00 0.00108861
160.00 40.00 0.00159201
165.00 40.00 0.00164337
170.00 40.00 0.00112989
175.00 40.00 0.00048276
180.00 40.00 0.00021393
-180.00 45.00 2.883e-05
-175.00 45.00 6.942e-05
-170.00 45.00 0.00016104
-165.00 45.00 0.0001038
-160.00 45.00 -0.00013299
-155.00 45.00 -0.0003795
-150.00 45.00 -0.00043707
-145.00 45.00 -0.0002628
-140.00 45.00 2.604e-05
-135.00 45.00 0.00029334
-130.00 45.00 0.00046875
-125.00 45.00 0.00051243
-120.00 45.00 0.00041145
-115.00 45.00 0.00026343
-110.00 45.00 0.00025503
-105.00 45.00 0.00044367
-100.00 45.00 0.00062622
-95.00 45.00 0.00057333
-90.00 45.00 0.00038952
-85.00 45.00 0.00048207
-80.00 45.00 0.00108315
-75.00 45.00 0.00188307
-70.00 45.00 0.00224799
-65.00 45.00 0.00180936
-60.00 45.00 0.00079455
-55.00 45.00 -0.00021396
-50.00 45.00 -0.00079713
-45.00 45.00 -0.00098031
-40.00 45.00 -0.00106128
-35.00 45.00 -0.00120303
-30.00 45.00 -0.00120855
-25.00 45.00 -0.00074088
-20.00 45.00 0.00018453
-15.00 45.00 0.00099753
-10.00 45.00 0.00104385
-5.00 45.00 0.00032442
0.00 45.00 -0.00040479
5.00 45.00 -0.0004389
10.00 45.00 7.083e-05
15.00 45.00 0.00034104
20.00 45.00 -3.903e-05
25.00 45.00 -0.00060024
30.00 45.00 -0.00061704
35.00 45.00 -1.905e-05
40.00 45.00 0.00057144
45.00 45.00 0.00063267
50.00 45.00 0.00028431
55.00 45.00 -3.42e-05
60.00 45.00 -0.00016377
65.00 45.00 -0.00027153
70.00 45.00 -0.00041772
75.00 45.00 -0.00039339
80.00 45.00 -9.309e-05
85.00 45.00 0.00016836
90.00 45.00 -4.392e-05
95.00 45.00 -0.00067668
100.00 45.00 -0.00108282
105.00 45.00 -0.00066993
110.00 45.00 0.00038067
115.00 45.00 0.00117339
120.00 45.00 0.00095118
125.00 45.00 -0.00014229
130.00 45.00 -0.00120267
135.00 45.00 -0.00143391
140.00 45.00 -0.00080574
145.00 45.00 0.0001125
150.00 45.00 0.00078942
155.00 45.00 0.0010845
160.00 45.00 0.00109344
165.00 45.00 0.00089604
170.00 45.00 0.00055053
175.00 45.00 0.00020151
180.00 45.00 2.883e-05
-180.00 50.00 6.894e-05
-175.00 50.00 9.924e-05
-170.00 50.00 6.915e-05
-165.00 50.00 1.017e-05
-160.00 50.00 -3.732e-05
-155.00 50.00 -3.003e-05
-150.00 50.00 5.955e-05
-145.00 50.00 0.00021747
-140.00 50.00 0.00039042
-135.00 50.00 0.00052128
-130.00 50.00 0.00058038
-125.00 50.00 0.00057615
-120.00 50.00 0.00056418
-115.00 50.00 0.0006447
-110.00 50.00 0.00089601
-105.00 50.00 0.00126192
-100.00 50.00 0.00153159
-95.00 50.00 0.00150618
-90.00 50.00 0.00121533
-85.00 50.00 0.00092346
-80.00 50.00 0.00087045
-75.00 50.00 0.00101244
-70.00 50.00 0.0010587
-65.00 50.00 0.00077868
-60.00 50.00 0.00024789
-55.00 50.00 -0.00023124
-50.00 50.00 -0.00043992
-45.00 50.00 -0.00044634
-40.00 50.00 -0.00048915
-35.00 50.00 -0.00067833
-30.00 50.00 -0.00085647
-25.00 50.00 -0.00079644
-20.00 50.00 -0.00052704
-15.00 50.00 -0.00038385
-10.00 50.00 -0.0006516
-5.00 50.00 -0.0011667
0.00 50.00 -0.00138978
5.00 50.00 -0.00096975
10.00 50.00 -0.0002034
15.00 50.00 0.00017613
20.00 50.00 -0.0002826
25.00 50.00 -0.0012813
30.00 50.00 -0.00204324
35.00 50.00 -0.00200934
40.00 50.00 -0.00125205
45.00 50.00 -0.00030048
50.00 50.00 0.00031344
55.00 50.00 0.00035223
60.00 50.00 -8.988e-05
65.00 50.00 -0.00067269
70.00 50.00 -0.00096348
75.00 50.00 -0.00069651
80.00 50.00 -1.941e-05
85.00 50.00 0.00055569
90.00 50.00 0.00057693
95.00 50.00 9.741e-05
100.00 50.00 -0.00034302
105.00 50.00 -0.0002442
110.00 50.00 0.00033789
115.00 50.00 0.00083886
120.00 50.00 0.00076887
125.00 50.00 0.00022329
130.00 50.00 -0.00021576
135.00 50.00 -7.116e-05
140.00 50.00 0.00057099
145.00 50.00 0.00118182
150.00 50.00 0.00130596
155.00 50.00 0.000927
160.00 50.00 0.0003813
165.00 50.00 8.07e-06
170.00 50.00 -9.018e-05
175.00 50.00 -2.007e-05
180.00 50.00 6.894e-05
-180.00 55.00 0.00010044
-175.00 55.00 0.00013743
-170.00 55.00 1.29e-06
-165.00 55.00 -0.00012975
-160.00 55.00 -0.00010347
-155.00 55.00 0.00011706
-150.00 55.00 0.00045141
-145.00 55.00 0.00076305
-140.00 55.00 0.00093735
-135.00 55.00 0.00093648
-130.00 55.00 0.00081246
-125.00 55.00 0.00068136
-120.00 55.00 0.00067572
-115.00 55.00 0.00088623
-110.00 55.00 0.00130263
-105.00 55.00 0.00178506
-100.00 55.00 0.00210996
-95.00 55.00 0.00209385
-90.00 55.00 0.00171363
-85.00 55.00 0.00111777
-80.00 55.00 0.00050877
-75.00 55.00 6.39e-06
-70.00 55.00 -0.00038091
-65.00 55.00 -0.00066792
-60.00 55.00 -0.00080964
-55.00 55.00 -0.00073293
-50.00 55.00 -0.00045357
-45.00 55.00 -0.00013671
-40.00 55.00 -1.089e-05
-35.00 55.00 -0.00020286
-30.00 55.00 -0.00065451
-25.00 55.00 -0.00119868
-20.00 55.00 -0.00169731
-15.00 55.00 -0.00207855
-10.00 55.00 -0.00224361
-5.00 55.00 -0.00200187
0.00 55.00 -0.00119868
5.00 55.00 3.027e-05
10.00 55.00 0.00116076
15.00 55.00 0.0015417
20.00 55.00 0.00087186
25.00 55.00 -0.00051351
30.00 55.00 -0.00182646
35.00 55.00 -0.00235569
40.00 55.00 -0.0019284
45.00 55.00 -0.00097434
50.00 55.00 -0.00019344
55.00 55.00 -9.312e-05
60.00 55.00 -0.00069213
65.00 55.00 -0.00154302
70.00 55.00 -0.00203874
75.00 55.00 -0.00181368
80.00 55.00 -0.00098001
85.00 55.00 -2.673e-05
90.00 55.00 0.00055257
95.00 55.00 0.00060966
100.00 55.00 0.00038634
105.00 55.00 0.00024222
110.00 55.00 0.00034143
115.00 55.00 0.00058719
120.00 55.00 0.00081996
125.00 55.00 0.00102357
130.00 55.00 0.00130431
135.00 55.00 0.00168462
140.00 55.00 0.00197016
145.00 55.00 0.0018708
150.00 55.00 0.00127251
155.00 55.00 0.00038826
160.00 55.00 -0.0003693
165.00 55.00 -0.00068211
170.00 55.00 -0.00053328
175.00 55.00 -0.00017214
180.00 55.00 0.00010044
-180.00 60.00 2.82e-05
-175.00 60.00 0.0001515
-170.00 60.00 9.486e-05
-165.00 60.00 2.406e-05
-160.00 60.00 8.697e-05
-155.00 60.00 0.00031851
-150.00 60.00 0.00062751
-145.00 60.00 0.00085989
-140.00 60.00 0.00089088
-135.00 60.00 0.00069486
-130.00 60.00 0.00036084
-125.00 60.00 5.328e-05
-120.00 60.00 -6.009e-05
-115.00 60.00 0.00011727
-110.00 60.00 0.0005628
-105.00 60.00 0.00113535
-100.00 60.00 0.00162891
-95.00 60.00 0.0018594
-90.00 60.00 0.00174063
-85.00 60.00 0.00130791
-80.00 60.00 0.00068286
-75.00 60.00 1.386e-05
-70.00 60.00 -0.00056661
-65.00 60.00 -0.00095532
-60.00 60.00 -0.00108702
-55.00 60.00 -0.00095988
-50.00 60.00 -0.00066384
-45.00 60.00 -0.00037269
-40.00 60.00 -0.00027957
-35.00 60.00 -0.00050568
-30.00 60.00 -0.00104028
-25.00 60.00 -0.00174402
-20.00 60.00 -0.00239934
-15.00 60.00 -0.00276837
-10.00 60.00 -0.00264717
-5.00 60.00 -0.00193527
0.00 60.00 -0.00072342
5.00 60.00 0.00065904
10.00 60.00 0.00172236
15.00 60.00 0.00203763
20.00 60.00 0.0014895
25.00 60.00 0.00038076
30.00 60.00 -0.00071628
35.00 60.00 -0.00128799
40.00 60.00 -0.00117612
45.00 60.00 -0.00064788
50.00 60.00 -0.00019947
55.00 60.00 -0.00022896
60.00 60.00 -0.00078945
65.00 60.00 -0.00157167
70.00 60.00 -0.00211314
75.00 60.00 -0.00209064
80.00 60.00 -0.00150636
85.00 60.00 -0.00065679
90.00 60.00 7.542e-05
95.00 60.00 0.00045102
100.00 60.00 0.00047322
105.00 60.00 0.00031911
110.00 60.00 0.00019269
115.00 60.00 0.00021774
120.00 60.00 0.00041862
125.00 60.00 0.00074742
130.00 60.00 0.00110097
135.00 60.00 0.00132693
140.00 60.00 0.00126321
145.00 60.00 0.00082944
150.00 60.00 0.00011439
155.00 60.00 -0.00062799
160.00 60.00 -0.00110211
165.00 60.00 -0.00114201
170.00 60.00 -0.00080697
175.00 60.00 -0.00033213
180.00 60.00 2.82e-05
-180.00 65.00 0.00010794
-175.00 65.00 0.00021369
-170.00 65.00 0.00020187
-165.00 65.00 0.00015612
-160.00 65.00 0.00015081
-155.00 65.00 0.00020106
-150.00 65.00 0.00025404
-145.00 65.00 0.00022341
-140.00 65.00 4.437e-05
-135.00 65.00 -0.00028122
-130.00 65.00 -0.00067302
-125.00 65.00 -0.00099801
-120.00 65.00 -0.00112176
-115.00 65.00 -0.00096234
-110.00 65.00 -0.00052491
-105.00 65.00 9.636e-05
-100.00 65.00 0.0007494
-95.00 65.00 0.00127452
-90.00 65.00 0.00155394
-85.00 65.00 0.00154194
-80.00 65.00 0.00126855
-75.00 65.00 0.00082194
-70.00 65.00 0.00031941
-65.00 65.00 -0.00012372
-60.00 65.00 -0.00042417
-55.00 65.00 -0.00055461
-50.00 65.00 -0.00055377
-45.00 65.00 -0.00051384
-40.00 65.00 -0.00054423
-35.00 65.00 -0.00072444
-30.00 65.00 -0.00106587
-25.00 65.00 -0.00149925
-20.00 65.00 -0.00189252
-15.00 65.00 -0.00209349
-10.00 65.00 -0.00198606
-5.00 65.00 -0.00154491
0.00 65.00 -0.00086661
5.00 65.00 -0.0001545
10.00 65.00 0.00035406
15.00 65.00 0.00049545
20.00 65.00 0.00026907
25.00 65.00 -0.00015036
30.00 65.00 -0.00049803
35.00 65.00 -0.00056148
40.00 65.00 -0.00029889
45.00 65.00 0.00013983
50.00 65.00 0.00050316
55.00 65.00 0.00058518
60.00 65.00 0.00034188
65.00 65.00 -9.126e-05
70.00 65.00 -0.00048489
75.00 65.00 -0.00064857
80.00 65.00 -0.00052971
85.00 65.00 -0.00022527
90.00 65.00 8.997e-05
95.00 65.00 0.00026574
100.00 65.00 0.00024783
105.00 65.00 8.589e-05
110.00 65.00 -0.00011181
115.00 65.00 -0.0002412
120.00 65.00 -0.00025011
125.00 65.00 -0.00015585
130.00 65.00 -3.378e-05
135.00 65.00 1.758e-05
140.00 65.00 -7.539e-05
145.00 65.00 -0.00031773
150.00 65.00 -0.00063111
155.00 65.00 -0.00088362
160.00 65.00 -0.00095559
165.00 65.00 -0.00080502
170.00 65.00 -0.00049236
175.00 65.00 -0.00014631
180.00 65.00 0.00010794
-180.00 70.00 0.00036339
-175.00 70.00 0.0002598
-170.00 70.00 0.00011019
-165.00 70.00 -5.268e-05
-160.00 70.00 -0.0002022
-155.00 70.00 -0.00033189
-150.00 70.00 -0.00045636
-145.00 70.00 -0.00059928
-140.00 70.00 -0.00077421
-135.00 70.00 -0.0009687
-130.00 70.00 -0.00114036
-125.00 70.00 -0.00122733
-120.00 70.00 -0.00116976
-115.00 70.00 -0.00093354
-110.00 70.00 -0.0005268
-105.00 70.00 -2.79e-06
-100.00 70.00 0.00055158
-95.00 70.00 0.00103788
-90.00 70.00 0.00137115
-85.00 70.00 0.00150006
-80.00 70.00 0.00141723
-75.00 70.00 0.00115794
-70.00 70.00 0.00078837
-65.00 70.00 0.00038733
-60.00 70.00 2.577e-05
-55.00 70.00 -0.00025023
-50.00 70.00 -0.0004287
-45.00 70.00 -0.00052992
-40.00 70.00 -0.00059445
-35.00 70.00 -0.00066507
-30.00 70.00 -0.00076935
-25.00 70.00 -0.00090963
-20.00 70.00 -0.00106374
-15.00 70.00 -0.00119691
-10.00 70.00 -0.00127896
-5.00 70.00 -0.0013002
0.00 70.00 -0.00127731
5.00 70.00 -0.00124479
10.00 70.00 -0.00123399
15.00 70.00 -0.00124929
20.00 70.00 -0.00125541
25.00 70.00 -0.00118647
30.00 70.00 -0.00097602
35.00 70.00 -0.00059469
40.00 70.00 -7.524e-05
45.00 70.00 0.00049092
50.00 70.00 0.00098652
55.00 70.00 0.00131481
60.00 70.00 0.00143661
65.00 70.00 0.00137937
70.00 70.00 0.00121548
75.00 70.00 0.0010239
80.00 70.00 0.00085569
85.00 70.00 0.00072027
90.00 70.00 0.00059595
95.00 70.00 0.00045435
100.00 70.00 0.00028377
105.00 70.00 9.87e-05
110.00 70.00 -6.678e-05
115.00 70.00 -0.00017634
120.00 70.00 -0.00020895
125.00 70.00 -0.0001686
130.00 70.00 -8.199e-05
135.00 70.00 1.428e-05
140.00 70.00 9.024e-05
145.00 70.00 0.00013554
150.00 70.00 0.00016137
155.00 70.00 0.00019047
160.00 70.00 0.0002403
165.00 70.00 0.00030912
170.00 70.00 0.00037362
175.00 70.00 0.00040023
180.00 70.00 0.00036339
-180.00 75.00 0.00051102
-175.00 75.00 0.00027813
-170.00 75.00 4.521e-05
-165.00 75.00 -0.00016923
-160.00 75.00 -0.0003507
-155.00 75.00 -0.00049107
-150.00 75.00 -0.00058842
-145.00 75.00 -0.00064431
-140.00 75.00 -0.00066045
-135.00 75.00 -0.00063537
-130.00 75.00 -0.00056412
-125.00 75.00 -0.00044019
-120.00 75.00 -0.00026043
-115.00 75.00 -2.955e-05
-110.00 75.00 0.00023625
-105.00 75.00 0.00050946
-100.00 75.00 0.00075474
-95.00 75.00 0.00093546
-90.00 75.00 0.00102159
-85.00 75.00 0.00099618
-80.00 75.00 0.00085959
-75.00 75.00 0.00062979
-70.00 75.00 0.00033873
-65.00 75.00 2.586e-05
-60.00 75.00 -0.00027
-55.00 75.00 -0.00051798
-50.00 75.00 -0.00070056
-45.00 75.00 -0.00081558
-40.00 75.00 -0.00087429
-35.00 75.00 -0.00089691
-30.00 75.00 -0.00090648
-25.00 75.00 -0.00092337
-20.00 75.00 -0.0009615
-15.00 75.00 -0.00102663
-10.00 75.00 -0.0011169
-5.00 75.00 -0.00122406
0.00 75.00 -0.00133452
5.00 75.00 -0.00142983
10.00 75.00 -0.00148737
15.00 75.00 -0.00148203
20.00 75.00 -0.00138981
25.00 75.00 -0.00119394
30.00 75.00 -0.00089121
35.00 75.00 -0.00049683
40.00 75.00 -4.464e-05
45.00 75.00 0.00041799
50.00 75.00 0.00083964
55.00 75.00 0.00117618
60.00 75.00 0.0013998
65.00 75.00 0.00150303
70.00 75.00 0.00149697
75.00 75.00 0.00140508
80.00 75.00 0.00125553
85.00 75.00 0.00107502
90.00 75.00 0.00088596
95.00 75.00 0.00070656
100.00 75.00 0.00055242
105.00 75.00 0.00043749
110.00 75.00 0.00037323
115.00 75.00 0.00036666
120.00 75.00 0.00041751
125.00 75.00 0.00051726
130.00 75.00 0.00064998
135.00 75.00 0.00079542
140.00 75.00 0.00093294
145.00 75.00 0.00104475
150.00 75.00 0.00111765
155.00 75.00 0.00114315
160.00 75.00 0.00111654
165.00 75.00 0.00103614
170.00 75.00 0.00090363
175.00 75.00 0.00072486
180.00 75.00 0.00051102
-180.00 80.00 0.00046125
-175.00 80.00 0.00032595
-170.00 80.00 0.0002004
-165.00 80.00 9.336e-05
-160.00 80.00 1.176e-05
-155.00 80.00 -3.996e-05
-150.00 80.00 -5.991e-05
-145.00 80.00 -4.863e-05
-140.00 80.00 -8.88e-06
-135.00 80.00 5.481e-05
-130.00 80.00 0.00013656
-125.00 80.00 0.0002292
-120.00 80.00 0.00032445
-115.00 80.00 0.00041301
-110.00 80.00 0.00048513
-105.00 80.00 0.00053121
-100.00 80.00 0.00054276
-95.00 80.00 0.00051369
-90.00 80.00 0.00044115
-85.00 80.00 0.00032655
-80.00 80.00 0.00017568
-75.00 80.00 -1.86e-06
-70.00 80.00 -0.00019371
-65.00 80.00 -0.00038616
-60.00 80.00 -0.0005661
-55.00 80.00 -0.0007227
-50.00 80.00 -0.00084879
-45.00 80.00 -0.0009414
-40.00 80.00 -0.00100161
-35.00 80.00 -0.00103407
-30.00 80.00 -0.00104556
-25.00 80.00 -0.00104358
-20.00 80.00 -0.00103467
-15.00 80.00 -0.00102324
-10.00 80.00 -0.001011
-5.00 80.00 -0.00099639
0.00 80.00 -0.00097494
5.00 80.00 -0.00094008
10.00 80.00 -0.00088443
15.00 80.00 -0.0008013
20.00 80.00 -0.00068613
25.00 80.00 -0.00053772
30.00 80.00 -0.00035928
35.00 80.00 -0.00015852
40.00 80.00 5.313e-05
45.00 80.00 0.00026202
50.00 80.00 0.00045402
55.00 80.00 0.00061671
60.00 80.00 0.00074091
65.00 80.00 0.00082209
70.00 80.00 0.00086058
75.00 80.00 0.00086109
80.00 80.00 0.00083184
85.00 80.00 0.00078327
90.00 80.00 0.00072669
95.00 80.00 0.00067293
100.00 80.00 0.00063123
105.00 80.00 0.00060855
110.00 80.00 0.00060891
115.00 80.00 0.00063291
120.00 80.00 0.00067797
125.00 80.00 0.00073854
130.00 80.00 0.00080691
135.00 80.00 0.00087396
140.00 80.00 0.00093033
145.00 80.00 0.00096756
150.00 80.00 0.00097884
155.00 80.00 0.00095991
160.00 80.00 0.00090924
165.00 80.00 0.00082836
170.00 80.00 0.00072177
175.00 80.00 0.00059646
180.00 80.00 0.00046125
-180.00 85.00 0.00031734
-175.00 85.00 0.00029367
-170.00 85.00 0.0002718
-165.00 85.00 0.00025296
-160.00 85.00 0.00023796
-155.00 85.00 0.00022695
-150.00 85.00 0.00021954
-145.00 85.00 0.00021516
-140.00 85.00 0.00021303
-135.00 85.00 0.0002121
-130.00 85.00 0.00021102
-125.00 85.00 0.00020793
-120.00 85.00 0.00020091
-115.00 85.00 0.00018825
-110.00 85.00 0.00016878
-105.00 85.00 0.00014187
-100.00 85.00 0.00010713
-95.00 85.00 6.447e-05
-90.00 85.00 1.416e-05
-85.00 85.00 -4.281e-05
-80.00 85.00 -0.00010479
-75.00 85.00 -0.00016947
-70.00 85.00 -0.00023454
-65.00 85.00 -0.00029781
-60.00 85.00 -0.00035742
-55.00 85.00 -0.00041166
-50.00 85.00 -0.0004587
-45.00 85.00 -0.00049707
-40.00 85.00 -0.00052575
-35.00 85.00 -0.00054459
-30.00 85.00 -0.00055398
-25.00 85.00 -0.00055443
-20.00 85.00 -0.00054633
-15.00 85.00 -0.00052989
-10.00 85.00 -0.00050547
-5.00 85.00 -0.00047382
0.00 85.00 -0.00043584
5.00 85.00 -0.00039219
10.00 85.00 -0.00034323
15.00 85.00 -0.00028926
20.00 85.00 -0.00023091
25.00 85.00 -0.00016938
30.00 85.00 -0.00010632
35.00 85.00 -4.329e-05
40.00 85.00 1.839e-05
45.00 85.00 7.755e-05
50.00 85.00 0.00013293
55.00 85.00 0.00018312
60.00 85.00 0.00022692
65.00 85.00 0.00026379
70.00 85.00 0.00029397
75.00 85.00 0.0003183
80.00 85.00 0.00033759
85.00 85.00 0.00035268
90.00 85.00 0.00036435
95.00 85.00 0.00037368
100.00 85.00 0.0003819
105.00 85.00 0.00039009
110.00 85.00 0.00039879
115.00 85.00 0.00040785
120.00 85.00 0.0004167
125.00 85.00 0.00042474
130.00 85.00 0.00043143
135.00 85.00 0.00043623
140.00 85.00 0.00043833
145.00 85.00 0.00043674
150.00 85.00 0.00043071
155.00 85.00 0.00041991
160.00 85.00 0.00040479
165.00 85.00 0.00038604
170.00 85.00 0.00036462
175.00 85.00 0.0003414
180.00 85.00 0.00031734
-180.00 90.00 3.933e-05
-175.00 90.00 3.933e-05
-170.00 90.00 3.933e-05
-165.00 90.00 3.933e-05
-160.00 90.00 3.933e-05
-155.00 90.00 3.933e-05
-150.00 90.00 3.933e-05
-145.00 90.00 3.933e-05
-140.00 90.00 3.933e-05
-135.00 90.00 3.933e-05
-130.00 90.00 3.933e-05
-125.00 90.00 3.933e-05
-120.00 90.00 3.933e-05
-115.00 90.00 3.933e-05
-110.00 90.00 3.933e-05
-105.00 90.00 3.933e-05
-100.00 90.00 3.933e-05
-95.00 90.00 3.933e-05
-90.00 90.00 3.933e-05
-85.00 90.00 3.933e-05
-80.00 90.00 3.933e-05
-75.00 90.00 3.933e-05
-70.00 90.00 3.933e-05
-65.00 90.00 3.933e-05
-60.00 90.00 3.933e-05
-55.00 90.00 3.933e-05
-50.00 90.00 3.933e-05
-45.00 90.00 3.933e-05
-40.00 90.00 3.933e-05
-35.00 90.00 3.933e-05
-30.00 90.00 3.933e-05
-25.00 90.00 3.933e-05
-20.00 90.00 3.933e-05
-15.00 90.00 3.933e-05
-10.00 90.00 3.933e-05
-5.00 90.00 3.933e-05
0.00 90.00 3.933e-05
5.00 90.00 3.933e-05
10.00 90.00 3.933e-05
15.00 90.00 3.933e-05
20.00 90.00 3.933e-05
25.00 90.00 3.933e-05
30.00 90.00 3.933e-05
35.00 90.00 3.933e-05
40.00 90.00 3.933e-05
45.00 90.00 3.933e-05
50.00 90.00 3.933e-05
55.00 90.00 3.933e-05
60.00 90.00 3.933e-05
65.00 90.00 3.933e-05
70.00 90.00 3.933e-05
75.00 90.00 3.933e-05
80.00 90.00 3.933e-05
85.00 90.00 3.933e-05
90.00 90.00 3.933e-05
95.00 90.00 3.933e-05
100.00 90.00 3.933e-05
105.00 90.00 3.933e-05
110.00 90.00 3.933e-05
115.00 90.00 3.933e-05
120.00 90.00 3.933e-05
125.00 90.00 3.933e-05
130.00 90.00 3.933e-05
135.00 90.00 3.933e-05
140.00 90.00 3.933e-05
145.00 90.00 3.933e-05
150.00 90.00 3.933e-05
155.00 90.00 3.933e-05
160.00 90.00 3.933e-05
165.00 90.00 3.933e-05
170.00 90.00 3.933e-05
175.00 90.00 3.933e-05
180.00 90.00 3.933e-05
