-180.00 -90.00 0.0040562
-175.00 -90.00 0.0040562
-170.00 -90.00 0.0040563
-165.00 -90.00 0.0040563
-160.00 -90.00 0.0040562
-155.00 -90.00 0.0040562
-150.00 -90.00 0.0040561
-145.00 -90.00 0.0040559
-140.00 -90.00 0.0040558
-135.00 -90.00 0.0040556
-130.00 -90.00 0.0040554
-125.00 -90.00 0.0040552
-120.00 -90.00 0.004055
-115.00 -90.00 0.0040548
-110.00 -90.00 0.0040546
-105.00 -90.00 0.0040544
-100.00 -90.00 0.0040542
-95.00 -90.00 0.0040541
-90.00 -90.00 0.004054
-85.00 -90.00 0.0040539
-80.00 -90.00 0.0040539
-75.00 -90.00 0.0040539
-70.00 -90.00 0.0040539
-65.00 -90.00 0.004054
-60.00 -90.00 0.0040541
-55.00 -90.00 0.0040542
-50.00 -90.00 0.0040544
-45.00 -90.00 0.0040546
-40.00 -90.00 0.0040548
-35.00 -90.00 0.004055
-30.00 -90.00 0.0040552
-25.00 -90.00 0.0040554
-20.00 -90.00 0.0040556
-15.00 -90.00 0.0040558
-10.00 -90.00 0.0040559
-5.00 -90.00 0.0040561
0.00 -90.00 0.0040562
5.00 -90.00 0.0040562
10.00 -90.00 0.0040563
15.00 -90.00 0.0040563
20.00 -90.00 0.0040563
25.00 -90.00 0.0040562
30.00 -90.00 0.0040561
35.00 -90.00 0.0040559
40.00 -90.00 0.0040558
45.00 -90.00 0.0040556
50.00 -90.00 0.0040554
55.00 -90.00 0.0040552
60.00 -90.00 0.004055
65.00 -90.00 0.0040548
70.00 -90.00 0.0040546
75.00 -90.00 0.0040544
80.00 -90.00 0.0040542
85.00 -90.00 0.0040541
90.00 -90.00 0.004054
95.00 -90.00 0.0040539
100.00 -90.00 0.0040539
105.00 -90.00 0.0040539
110.00 -90.00 0.0040539
115.00 -90.00 0.004054
120.00 -90.00 0.0040541
125.00 -90.00 0.0040542
130.00 -90.00 0.0040544
135.00 -90.00 0.0040546
140.00 -90.00 0.0040548
145.00 -90.00 0.004055
150.00 -90.00 0.0040552
155.00 -90.00 0.0040554
160.00 -90.00 0.0040556
165.00 -90.00 0.0040558
170.00 -90.00 0.0040559
175.00 -90.00 0.0040561
180.00 -90.00 0.0040562
-180.00 -85.00 0.0045366
-175.00 -85.00 0.0043437
-170.00 -85.00 0.0041351
-165.00 -85.00 0.0039147
-160.00 -85.00 0.0036873
-155.00 -85.00 0.0034579
-150.00 -85.00 0.003232
-145.00 -85.00 0.0030154
-140.00 -85.00 0.002814
-135.00 -85.00 0.0026335
-130.00 -85.00 0.0024791
-125.00 -85.00 0.0023549
-120.00 -85.00 0.002264
-115.00 -85.00 0.0022085
-110.00 -85.00 0.0021892
-105.00 -85.00 0.0022057
-100.00 -85.00 0.0022557
-95.00 -85.00 0.002336
-90.00 -85.00 0.0024428
-85.00 -85.00 0.0025715
-80.00 -85.00 0.0027174
-75.00 -85.00 0.0028754
-70.00 -85.00 0.0030407
-65.00 -85.00 0.0032086
-60.00 -85.00 0.0033753
-55.00 -85.00 0.0035376
-50.00 -85.00 0.003693
-45.00 -85.00 0.0038398
-40.00 -85.00 0.0039765
-35.00 -85.00 0.0041024
-30.00 -85.00 0.0042173
-25.00 -85.00 0.0043213
-20.00 -85.00 0.0044148
-15.00 -85.00 0.0044981
-10.00 -85.00 0.0045715
-5.00 -85.00 0.0046346
0.00 -85.00 0.0046874
5.00 -85.00 0.0047299
10.00 -85.00 0.0047619
15.00 -85.00 0.0047835
20.00 -85.00 0.0047944
25.00 -85.00 0.004795
30.00 -85.00 0.0047861
35.00 -85.00 0.0047694
40.00 -85.00 0.0047468
45.00 -85.00 0.0047208
50.00 -85.00 0.0046936
55.00 -85.00 0.0046676
60.00 -85.00 0.0046455
65.00 -85.00 0.0046301
70.00 -85.00 0.0046236
75.00 -85.00 0.0046275
80.00 -85.00 0.0046425
85.00 -85.00 0.004669
90.00 -85.00 0.0047069
95.00 -85.00 0.0047558
100.00 -85.00 0.0048141
105.00 -85.00 0.0048794
110.00 -85.00 0.0049488
115.00 -85.00 0.005019
120.00 -85.00 0.0050866
125.00 -85.00 0.0051477
130.00 -85.00 0.0051984
135.00 -85.00 0.0052344
140.00 -85.00 0.0052522
145.00 -85.00 0.005249
150.00 -85.00 0.0052225
155.00 -85.00 0.0051712
160.00 -85.00 0.005094
165.00 -85.00 0.0049909
170.00 -85.00 0.0048625
175.00 -85.00 0.0047104
180.00 -85.00 0.0045366
-180.00 -80.00 0.0050517
-175.00 -80.00 0.0048612
-170.00 -80.00 0.0046188
-165.00 -80.00 0.0043227
-160.00 -80.00 0.0039692
-155.00 -80.00 0.0035631
-150.00 -80.00 0.0031221
-145.00 -80.00 0.0026689
-140.00 -80.00 0.0022235
-135.00 -80.00 0.0018086
-130.00 -80.00 0.0014528
-125.00 -80.00 0.0011822
-120.00 -80.00 0.0010101
-115.00 -80.00 0.0009407
-110.00 -80.00 0.0009767
-105.00 -80.00 0.0011168
-100.00 -80.00 0.001347
-95.00 -80.00 0.0016443
-90.00 -80.00 0.0019883
-85.00 -80.00 0.002363
-80.00 -80.00 0.0027494
-75.00 -80.00 0.0031246
-70.00 -80.00 0.0034731
-65.00 -80.00 0.0037893
-60.00 -80.00 0.0040689
-55.00 -80.00 0.004304
-50.00 -80.00 0.0044907
-45.00 -80.00 0.004635
-40.00 -80.00 0.0047461
-35.00 -80.00 0.0048281
-30.00 -80.00 0.0048861
-25.00 -80.00 0.0049332
-20.00 -80.00 0.0049852
-15.00 -80.00 0.0050496
-10.00 -80.00 0.0051263
-5.00 -80.00 0.0052155
0.00 -80.00 0.0053169
5.00 -80.00 0.0054193
10.00 -80.00 0.0055023
15.00 -80.00 0.0055473
20.00 -80.00 0.005544
25.00 -80.00 0.0054838
30.00 -80.00 0.0053573
35.00 -80.00 0.0051635
40.00 -80.00 0.0049154
45.00 -80.00 0.0046306
50.00 -80.00 0.0043225
55.00 -80.00 0.0040038
60.00 -80.00 0.0036924
65.00 -80.00 0.0034061
70.00 -80.00 0.0031535
75.00 -80.00 0.0029375
80.00 -80.00 0.002765
85.00 -80.00 0.0026474
90.00 -80.00 0.0025906
95.00 -80.00 0.0025948
100.00 -80.00 0.0026626
105.00 -80.00 0.0027998
110.00 -80.00 0.0030051
115.00 -80.00 0.0032649
120.00 -80.00 0.0035626
125.00 -80.00 0.0038837
130.00 -80.00 0.0042107
135.00 -80.00 0.0045195
140.00 -80.00 0.0047881
145.00 -80.00 0.0050064
150.00 -80.00 0.0051716
155.00 -80.00 0.0052801
160.00 -80.00 0.0053298
165.00 -80.00 0.0053265
170.00 -80.00 0.0052793
175.00 -80.00 0.0051897
180.00 -80.00 0.0050517
-180.00 -75.00 0.0040174
-175.00 -75.00 0.0041252
-170.00 -75.00 0.0041721
-165.00 -75.00 0.0041075
-160.00 -75.00 0.0038978
-155.00 -75.00 0.0035357
-150.00 -75.00 0.0030432
-145.00 -75.00 0.0024663
-140.00 -75.00 0.0018643
-135.00 -75.00 0.0012985
-130.00 -75.00 0.0008236
-125.00 -75.00 0.0004809
-120.00 -75.00 0.0002948
-115.00 -75.00 0.0002736
-110.00 -75.00 0.0004102
-105.00 -75.00 0.0006822
-100.00 -75.00 0.0010552
-95.00 -75.00 0.0014879
-90.00 -75.00 0.0019375
-85.00 -75.00 0.002366
-80.00 -75.00 0.0027461
-75.00 -75.00 0.0030646
-70.00 -75.00 0.0033208
-65.00 -75.00 0.0035216
-60.00 -75.00 0.0036768
-55.00 -75.00 0.003793
-50.00 -75.00 0.0038708
-45.00 -75.00 0.003905
-40.00 -75.00 0.0038908
-35.00 -75.00 0.0038294
-30.00 -75.00 0.0037335
-25.00 -75.00 0.0036305
-20.00 -75.00 0.003561
-15.00 -75.00 0.0035701
-10.00 -75.00 0.0036957
-5.00 -75.00 0.0039564
0.00 -75.00 0.0043425
5.00 -75.00 0.0048129
10.00 -75.00 0.0053009
15.00 -75.00 0.0057291
20.00 -75.00 0.0060253
25.00 -75.00 0.0061379
30.00 -75.00 0.0060468
35.00 -75.00 0.0057641
40.00 -75.00 0.0053282
45.00 -75.00 0.0047911
50.00 -75.00 0.0042061
55.00 -75.00 0.0036165
60.00 -75.00 0.0030486
65.00 -75.00 0.0025112
70.00 -75.00 0.0020005
75.00 -75.00 0.0015075
80.00 -75.00 0.0010268
85.00 -75.00 0.0005653
90.00 -75.00 0.0001459
95.00 -75.00 -0.000194
100.00 -75.00 -0.0004088
105.00 -75.00 -0.0004555
110.00 -75.00 -0.0003062
115.00 -75.00 4.08e-05
120.00 -75.00 0.0005568
125.00 -75.00 0.0011851
130.00 -75.00 0.0018507
135.00 -75.00 0.0024751
140.00 -75.00 0.0029943
145.00 -75.00 0.0033707
150.00 -75.00 0.0036002
155.00 -75.00 0.00371
160.00 -75.00 0.0037486
165.00 -75.00 0.0037695
170.00 -75.00 0.0038144
175.00 -75.00 0.003901
180.00 -75.00 0.0040174
-180.00 -70.00 0.0022021
-175.00 -70.00 0.0025608
-170.00 -70.00 0.002848
-165.00 -70.00 0.0029441
-160.00 -70.00 0.0027844
-155.00 -70.00 0.0023786
-150.00 -70.00 0.0018029
-145.00 -70.00 0.0011705
-140.00 -70.00 0.0005925
-135.00 -70.00 0.0001475
-130.00 -70.00 -0.0001293
-125.00 -70.00 -0.000239
-120.00 -70.00 -0.0001988
-115.00 -70.00 -2.71e-05
-110.00 -70.00 0.0002616
-105.00 -70.00 0.0006486
-100.00 -70.00 0.0010998
-95.00 -70.00 0.0015623
-90.00 -70.00 0.0019732
-85.00 -70.00 0.0022777
-80.00 -70.00 0.0024486
-75.00 -70.00 0.0024951
-70.00 -70.00 0.0024583
-65.00 -70.00 0.0023945
-60.00 -70.00 0.0023536
-55.00 -70.00 0.0023614
-50.00 -70.00 0.002411
-45.00 -70.00 0.0024672
-40.00 -70.00 0.00248
-35.00 -70.00 0.0024044
-30.00 -70.00 0.0022209
-25.00 -70.00 0.0019514
-20.00 -70.00 0.0016646
-15.00 -70.00 0.0014656
-10.00 -70.00 0.0014692
-5.00 -70.00 0.0017602
0.00 -70.00 0.0023565
5.00 -70.00 0.003189
10.00 -70.00 0.004113
15.00 -70.00 0.0049484
20.00 -70.00 0.0055344
25.00 -70.00 0.0057772
30.00 -70.00 0.0056714
35.00 -70.00 0.0052894
40.00 -70.00 0.0047473
45.00 -70.00 0.0041625
50.00 -70.00 0.0036202
55.00 -70.00 0.0031574
60.00 -70.00 0.0027643
65.00 -70.00 0.0023983
70.00 -70.00 0.0020022
75.00 -70.00 0.0015247
80.00 -70.00 0.0009368
85.00 -70.00 0.0002456
90.00 -70.00 -0.000499
95.00 -70.00 -0.0012074
100.00 -70.00 -0.0017651
105.00 -70.00 -0.0020586
110.00 -70.00 -0.0020063
115.00 -70.00 -0.001586
120.00 -70.00 -0.0008492
125.00 -70.00 8.48e-05
130.00 -70.00 0.001054
135.00 -70.00 0.0018926
140.00 -70.00 0.0024717
145.00 -70.00 0.0027306
150.00 -70.00 0.0026893
155.00 -70.00 0.0024395
160.00 -70.00 0.0021172
165.00 -70.00 0.0018627
170.00 -70.00 0.0017801
175.00 -70.00 0.0019068
180.00 -70.00 0.0022021
-180.00 -65.00 0.0017599
-175.00 -65.00 0.0021844
-170.00 -65.00 0.0024425
-165.00 -65.00 0.0024007
-160.00 -65.00 0.0020177
-155.00 -65.00 0.0013715
-150.00 -65.00 0.0006358
-145.00 -65.00 1.09e-05
-140.00 -65.00 -0.0003587
-135.00 -65.00 -0.0004375
-130.00 -65.00 -0.0002944
-125.00 -65.00 -4.47e-05
-120.00 -65.00 0.0002252
-115.00 -65.00 0.0005034
-110.00 -65.00 0.0008406
-105.00 -65.00 0.0012918
-100.00 -65.00 0.0018562
-95.00 -65.00 0.0024573
-90.00 -65.00 0.0029747
-85.00 -65.00 0.0033035
-80.00 -65.00 0.0034012
-75.00 -65.00 0.0032993
-70.00 -65.00 0.0030817
-65.00 -65.00 0.0028464
-60.00 -65.00 0.002672
-55.00 -65.00 0.0025968
-50.00 -65.00 0.0026161
-45.00 -65.00 0.002693
-40.00 -65.00 0.0027738
-35.00 -65.00 0.0027988
-30.00 -65.00 0.0027098
-25.00 -65.00 0.0024664
-20.00 -65.00 0.0020766
-15.00 -65.00 0.0016285
-10.00 -65.00 0.0012899
-5.00 -65.00 0.0012515
0.00 -65.00 0.0016269
5.00 -65.00 0.0023676
10.00 -65.00 0.0032513
15.00 -65.00 0.0039677
20.00 -65.00 0.0042582
25.00 -65.00 0.004035
30.00 -65.00 0.0034099
35.00 -65.00 0.0026256
40.00 -65.00 0.0019324
45.00 -65.00 0.0014831
50.00 -65.00 0.0012939
55.00 -65.00 0.0012737
60.00 -65.00 0.0012907
65.00 -65.00 0.0012309
70.00 -65.00 0.0010277
75.00 -65.00 0.0006625
80.00 -65.00 0.000153
85.00 -65.00 -0.0004553
90.00 -65.00 -0.0010919
95.00 -65.00 -0.0016611
100.00 -65.00 -0.0020518
105.00 -65.00 -0.0021597
110.00 -65.00 -0.0019207
115.00 -65.00 -0.001341
120.00 -65.00 -0.000509
125.00 -65.00 0.0004204
130.00 -65.00 0.0012661
135.00 -65.00 0.0018729
140.00 -65.00 0.0021555
145.00 -65.00 0.0021186
150.00 -65.00 0.0018481
155.00 -65.00 0.0014788
160.00 -65.00 0.0011543
165.00 -65.00 0.000991
170.00 -65.00 0.001053
175.00 -65.00 0.0013356
180.00 -65.00 0.0017599
-180.00 -60.00 0.0025576
-175.00 -60.00 0.0028045
-170.00 -60.00 0.0028332
-165.00 -60.00 0.0026178
-160.00 -60.00 0.0021604
-155.00 -60.00 0.0015344
-150.00 -60.00 0.0008931
-145.00 -60.00 0.000421
-140.00 -60.00 0.0002422
-135.00 -60.00 0.0003427
-130.00 -60.00 0.0005718
-125.00 -60.00 0.0007442
-120.00 -60.00 0.0007843
-115.00 -60.00 0.0007982
-110.00 -60.00 0.0010019
-105.00 -60.00 0.0015479
-100.00 -60.00 0.0023905
-95.00 -60.00 0.0033011
-90.00 -60.00 0.0040149
-85.00 -60.00 0.0043843
-80.00 -60.00 0.0044249
-75.00 -60.00 0.004253
-70.00 -60.00 0.0039961
-65.00 -60.00 0.0037447
-60.00 -60.00 0.0035467
-55.00 -60.00 0.0034145
-50.00 -60.00 0.0033385
-45.00 -60.00 0.0033187
-40.00 -60.00 0.0033931
-35.00 -60.00 0.0036123
-30.00 -60.00 0.0039528
-25.00 -60.00 0.0042496
-20.00 -60.00 0.004255
-15.00 -60.00 0.003825
-10.00 -60.00 0.0030883
-5.00 -60.00 0.0024272
0.00 -60.00 0.0022404
5.00 -60.00 0.0026484
10.00 -60.00 0.0033664
15.00 -60.00 0.0038545
20.00 -60.00 0.0036478
25.00 -60.00 0.0026458
30.00 -60.00 0.0011712
35.00 -60.00 -0.000229
40.00 -60.00 -0.0010986
45.00 -60.00 -0.001299
50.00 -60.00 -0.0010233
55.00 -60.00 -0.0006255
60.00 -60.00 -0.0004045
65.00 -60.00 -0.0004798
70.00 -60.00 -0.0008008
75.00 -60.00 -0.0012346
80.00 -60.00 -0.0016518
85.00 -60.00 -0.0019643
90.00 -60.00 -0.0021221
95.00 -60.00 -0.0020987
100.00 -60.00 -0.001883
105.00 -60.00 -0.0014848
110.00 -60.00 -0.000946
115.00 -60.00 -0.0003494
120.00 -60.00 0.000186
125.00 -60.00 0.000531
130.00 -60.00 0.0005926
135.00 -60.00 0.000364
140.00 -60.00 -4.85e-05
145.00 -60.00 -0.0004481
150.00 -60.00 -0.0006243
155.00 -60.00 -0.0004504
160.00 -60.00 5.83e-05
165.00 -60.00 0.0007654
170.00 -60.00 0.0014949
175.00 -60.00 0.0021135
180.00 -60.00 0.0025576
-180.00 -55.00 0.0024293
-175.00 -55.00 0.0020876
-170.00 -55.00 0.0016436
-165.00 -55.00 0.0012884
-160.00 -55.00 0.0010502
-155.00 -55.00 0.0008346
-150.00 -55.00 0.000549
-145.00 -55.00 0.0002146
-140.00 -55.00 -4.28e-05
-135.00 -55.00 -0.0001329
-130.00 -55.00 -0.0001268
-125.00 -55.00 -0.0002025
-120.00 -55.00 -0.0004184
-115.00 -55.00 -0.0005511
-110.00 -55.00 -0.0002243
-105.00 -55.00 0.0007377
-100.00 -55.00 0.0020746
-95.00 -55.00 0.0032439
-90.00 -55.00 0.0038364
-85.00 -55.00 0.0038511
-80.00 -55.00 0.0035855
-75.00 -55.00 0.0033124
-70.00 -55.00 0.0031042
-65.00 -55.00 0.0029292
-60.00 -55.00 0.002805
-55.00 -55.00 0.0027854
-50.00 -55.00 0.0028455
-45.00 -55.00 0.0028997
-40.00 -55.00 0.0029807
-35.00 -55.00 0.0033121
-30.00 -55.00 0.0040733
-25.00 -55.00 0.0050521
-20.00 -55.00 0.0056223
-15.00 -55.00 0.0051984
-10.00 -55.00 0.0037966
-5.00 -55.00 0.0021561
0.00 -55.00 0.0012557
5.00 -55.00 0.0016014
10.00 -55.00 0.0028471
15.00 -55.00 0.0040191
20.00 -55.00 0.0041665
25.00 -55.00 0.0029764
30.00 -55.00 0.0009494
35.00 -55.00 -0.0009621
40.00 -55.00 -0.0019831
45.00 -55.00 -0.0019605
50.00 -55.00 -0.0013379
55.00 -55.00 -0.0007446
60.00 -55.00 -0.0005625
65.00 -55.00 -0.0007804
70.00 -55.00 -0.0011526
75.00 -55.00 -0.001443
80.00 -55.00 -0.0015466
85.00 -55.00 -0.0014591
90.00 -55.00 -0.0012036
95.00 -55.00 -0.0008041
100.00 -55.00 -0.0003037
105.00 -55.00 0.0002199
110.00 -55.00 0.0006658
115.00 -55.00 0.0009366
120.00 -55.00 0.0009587
125.00 -55.00 0.000689
130.00 -55.00 0.0001169
135.00 -55.00 -0.0007105
140.00 -55.00 -0.0016367
145.00 -55.00 -0.0023704
150.00 -55.00 -0.0025684
155.00 -55.00 -0.002026
160.00 -55.00 -0.0008443
165.00 -55.00 0.0005806
170.00 -55.00 0.0017651
175.00 -55.00 0.0023907
180.00 -55.00 0.0024293
-180.00 -50.00 0.0012089
-175.00 -50.00 0.0002568
-170.00 -50.00 -0.0008114
-165.00 -50.00 -0.00151
-160.00 -50.00 -0.0017003
-155.00 -50.00 -0.0016867
-150.00 -50.00 -0.0019213
-145.00 -50.00 -0.0025464
-140.00 -50.00 -0.0032277
-135.00 -50.00 -0.0034836
-130.00 -50.00 -0.0031835
-125.00 -50.00 -0.0026573
-120.00 -50.00 -0.0022591
-115.00 -50.00 -0.001881
-110.00 -50.00 -0.001041
-105.00 -50.00 0.0004822
-100.00 -50.00 0.0022101
-95.00 -50.00 0.0033207
-90.00 -50.00 0.0034668
-85.00 -50.00 0.0031157
-80.00 -50.00 0.00299
-75.00 -50.00 0.003269
-70.00 -50.00 0.0035046
-65.00 -50.00 0.0033124
-60.00 -50.00 0.0029196
-55.00 -50.00 0.0028553
-50.00 -50.00 0.0032094
-45.00 -50.00 0.0034825
-40.00 -50.00 0.0032747
-35.00 -50.00 0.0029101
-30.00 -50.00 0.0030998
-25.00 -50.00 0.0039691
-20.00 -50.00 0.0046471
-15.00 -50.00 0.0040137
-10.00 -50.00 0.0018558
-5.00 -50.00 -0.0007668
0.00 -50.00 -0.0022862
5.00 -50.00 -0.0017845
10.00 -50.00 0.000384
15.00 -50.00 0.002848
20.00 -50.00 0.0040874
25.00 -50.00 0.0033724
30.00 -50.00 0.0012043
35.00 -50.00 -0.0010734
40.00 -50.00 -0.0022575
45.00 -50.00 -0.0020995
50.00 -50.00 -0.0012946
55.00 -50.00 -0.0007307
60.00 -50.00 -0.0007439
65.00 -50.00 -0.0010211
70.00 -50.00 -0.0010847
75.00 -50.00 -0.000771
80.00 -50.00 -0.0002618
85.00 -50.00 0.0002194
90.00 -50.00 0.0006325
95.00 -50.00 0.0010611
100.00 -50.00 0.0015272
105.00 -50.00 0.0019193
110.00 -50.00 0.0020823
115.00 -50.00 0.0019559
120.00 -50.00 0.0016379
125.00 -50.00 0.0013155
130.00 -50.00 0.0010881
135.00 -50.00 0.0008396
140.00 -50.00 0.0003416
145.00 -50.00 -0.0004493
150.00 -50.00 -0.0012151
155.00 -50.00 -0.0014677
160.00 -50.00 -0.0009596
165.00 -50.00 8.36e-05
170.00 -50.00 0.0011022
175.00 -50.00 0.0015537
180.00 -50.00 0.0012089
-180.00 -45.00 0.0008578
-175.00 -45.00 -0.0001118
-170.00 -45.00 -0.0016241
-165.00 -45.00 -0.0027245
-160.00 -45.00 -0.0029514
-155.00 -45.00 -0.0028201
-150.00 -45.00 -0.0032471
-145.00 -45.00 -0.0044893
-140.00 -45.00 -0.0057572
-135.00 -45.00 -0.0059551
-130.00 -45.00 -0.0047815
-125.00 -45.00 -0.0030085
-120.00 -45.00 -0.0016236
-115.00 -45.00 -0.0007917
-110.00 -45.00 0.0001476
-105.00 -45.00 0.0016404
-100.00 -45.00 0.0031603
-95.00 -45.00 0.003794
-90.00 -45.00 0.0035156
-85.00 -45.00 0.0034606
-80.00 -45.00 0.0046369
-75.00 -45.00 0.0065595
-70.00 -45.00 0.0076099
-65.00 -45.00 0.0068732
-60.00 -45.00 0.005257
-55.00 -45.00 0.0044344
-50.00 -45.00 0.0048377
-45.00 -45.00 0.0051933
-40.00 -45.00 0.0041919
-35.00 -45.00 0.0021852
-30.00 -45.00 0.0007785
-25.00 -45.00 0.0008658
-20.00 -45.00 0.0015633
-15.00 -45.00 0.0012461
-10.00 -45.00 -0.0006872
-5.00 -45.00 -0.0032921
0.00 -45.00 -0.0050259
5.00 -45.00 -0.0049081
10.00 -45.00 -0.0030112
15.00 -45.00 -0.0003849
20.00 -45.00 0.0013988
25.00 -45.00 0.0011543
30.00 -45.00 -0.000958
35.00 -45.00 -0.0034086
40.00 -45.00 -0.0045407
45.00 -45.00 -0.0039818
50.00 -45.00 -0.0027926
55.00 -45.00 -0.0022579
60.00 -45.00 -0.0026519
65.00 -45.00 -0.0032059
70.00 -45.00 -0.0031107
75.00 -45.00 -0.0023454
80.00 -45.00 -0.0014981
85.00 -45.00 -0.0009739
90.00 -45.00 -0.0005893
95.00 -45.00 7.08e-05
100.00 -45.00 0.001095
105.00 -45.00 0.0021276
110.00 -45.00 0.0026938
115.00 -45.00 0.0025827
120.00 -45.00 0.002041
125.00 -45.00 0.0016719
130.00 -45.00 0.0019859
135.00 -45.00 0.0028701
140.00 -45.00 0.0035544
145.00 -45.00 0.0032691
150.00 -45.00 0.0019657
155.00 -45.00 0.000353
160.00 -45.00 -0.0007032
165.00 -45.00 -0.0007691
170.00 -45.00 -4.32e-05
175.00 -45.00 0.0007709
180.00 -45.00 0.0008578
-180.00 -40.00 0.0017301
-175.00 -40.00 0.0008324
-170.00 -40.00 -0.0012023
-165.00 -40.00 -0.0025268
-160.00 -40.00 -0.0021528
-155.00 -40.00 -0.0010539
-150.00 -40.00 -0.0009387
-145.00 -40.00 -0.0022576
-140.00 -40.00 -0.0037439
-135.00 -40.00 -0.0038201
-130.00 -40.00 -0.0022069
-125.00 -40.00 -9.24e-05
-120.00 -40.00 0.0011853
-115.00 -40.00 0.0014773
-110.00 -40.00 0.0017151
-105.00 -40.00 0.0025257
-100.00 -40.00 0.0033367
-95.00 -40.00 0.0032379
-90.00 -40.00 0.0025748
-85.00 -40.00 0.0030171
-80.00 -40.00 0.0055766
-75.00 -40.00 0.00887
-70.00 -40.00 0.010105
-65.00 -40.00 0.0080798
-60.00 -40.00 0.0046936
-55.00 -40.00 0.002916
-50.00 -40.00 0.0034641
-45.00 -40.00 0.0041867
-40.00 -40.00 0.0028636
-35.00 -40.00 -0.0001027
-30.00 -40.00 -0.0023452
-25.00 -40.00 -0.002431
-20.00 -40.00 -0.0012807
-15.00 -40.00 -0.0007234
-10.00 -40.00 -0.0015119
-5.00 -40.00 -0.0031546
0.00 -40.00 -0.0049422
5.00 -40.00 -0.0063091
10.00 -40.00 -0.0065807
15.00 -40.00 -0.0054364
20.00 -40.00 -0.0038052
25.00 -40.00 -0.0034289
30.00 -40.00 -0.0049875
35.00 -40.00 -0.0070991
40.00 -40.00 -0.0077078
45.00 -40.00 -0.006296
50.00 -40.00 -0.0043251
55.00 -40.00 -0.0035479
60.00 -40.00 -0.0042366
65.00 -40.00 -0.0051843
70.00 -40.00 -0.005229
75.00 -40.00 -0.00447
80.00 -40.00 -0.0038646
85.00 -40.00 -0.0038606
90.00 -40.00 -0.0038174
95.00 -40.00 -0.0028373
100.00 -40.00 -0.0008172
105.00 -40.00 0.0014873
110.00 -40.00 0.003137
115.00 -40.00 0.0035742
120.00 -40.00 0.0029041
125.00 -40.00 0.0019704
130.00 -40.00 0.00188
135.00 -40.00 0.0030072
140.00 -40.00 0.0045161
145.00 -40.00 0.0051177
150.00 -40.00 0.0042198
155.00 -40.00 0.0022455
160.00 -40.00 0.0001777
165.00 -40.00 -0.0009401
170.00 -40.00 -0.0005278
175.00 -40.00 0.0008833
180.00 -40.00 0.0017301
-180.00 -35.00 0.0023416
-175.00 -35.00 0.0009102
-170.00 -35.00 -0.002271
-165.00 -35.00 -0.0040477
-160.00 -35.00 -0.0028293
-155.00 -35.00 -0.000315
-150.00 -35.00 0.0009113
-145.00 -35.00 0.0003503
-140.00 -35.00 -0.0004395
-135.00 -35.00 -4.79e-05
-130.00 -35.00 0.0013613
-125.00 -35.00 0.0025747
-120.00 -35.00 0.0027357
-115.00 -35.00 0.0021339
-110.00 -35.00 0.001719
-105.00 -35.00 0.001904
-100.00 -35.00 0.0020439
-95.00 -35.00 0.0013854
-90.00 -35.00 0.0004515
-85.00 -35.00 0.0008911
-80.00 -35.00 0.0034451
-75.00 -35.00 0.006343
-70.00 -35.00 0.0066073
-65.00 -35.00 0.0033516
-60.00 -35.00 -0.000848
-55.00 -35.00 -0.0025877
-50.00 -35.00 -0.0013394
-45.00 -35.00 0.000291
-40.00 -35.00 -6.14e-05
-35.00 -35.00 -0.0018849
-30.00 -35.00 -0.0029789
-25.00 -35.00 -0.0024154
-20.00 -35.00 -0.001313
-15.00 -35.00 -0.0009717
-10.00 -35.00 -0.0014989
-5.00 -35.00 -0.0026552
0.00 -35.00 -0.0048316
5.00 -35.00 -0.0080553
10.00 -35.00 -0.0107366
15.00 -35.00 -0.0109405
20.00 -35.00 -0.0089574
25.00 -35.00 -0.0072811
30.00 -35.00 -0.0075995
35.00 -35.00 -0.0088372
40.00 -35.00 -0.0087669
45.00 -35.00 -0.0067802
50.00 -35.00 -0.0043671
55.00 -35.00 -0.0032527
60.00 -35.00 -0.0036552
65.00 -35.00 -0.0043476
70.00 -35.00 -0.0041709
75.00 -35.00 -0.0033225
80.00 -35.00 -0.0029475
85.00 -35.00 -0.0034983
90.00 -35.00 -0.0040227
95.00 -35.00 -0.0033362
100.00 -35.00 -0.0013606
105.00 -35.00 0.001066
110.00 -35.00 0.0031147
115.00 -35.00 0.0042176
120.00 -35.00 0.0040516
125.00 -35.00 0.0030069
130.00 -35.00 0.0022526
135.00 -35.00 0.0026429
140.00 -35.00 0.0038055
145.00 -35.00 0.0047235
150.00 -35.00 0.0047491
155.00 -35.00 0.0036816
160.00 -35.00 0.0016773
165.00 -35.00 -0.0002287
170.00 -35.00 -0.000453
175.00 -35.00 0.0011512
180.00 -35.00 0.0023416
-180.00 -30.00 0.0019697
-175.00 -30.00 0.0004462
-170.00 -30.00 -0.0036682
-165.00 -30.00 -0.0062247
-160.00 -30.00 -0.0052863
-155.00 -30.00 -0.003036
-150.00 -30.00 -0.0020501
-145.00 -30.00 -0.0021134
-140.00 -30.00 -0.0015773
-135.00 -30.00 -6.55e-05
-130.00 -30.00 0.0013849
-125.00 -30.00 0.0019367
-120.00 -30.00 0.0016736
-115.00 -30.00 0.001071
-110.00 -30.00 0.0004501
-105.00 -30.00 -9.53e-05
-100.00 -30.00 -0.0006283
-95.00 -30.00 -0.001213
-90.00 -30.00 -0.0015472
-85.00 -30.00 -0.0009012
-80.00 -30.00 0.0009537
-75.00 -30.00 0.00267
-70.00 -30.00 0.0021254
-65.00 -30.00 -0.0010186
-60.00 -30.00 -0.0043223
-55.00 -30.00 -0.0050995
-50.00 -30.00 -0.0034224
-45.00 -30.00 -0.0015734
-40.00 -30.00 -0.0009645
-35.00 -30.00 -0.0009002
-30.00 -30.00 -0.0003774
-25.00 -30.00 0.0002173
-20.00 -30.00 -0.0001423
-15.00 -30.00 -0.0014669
-10.00 -30.00 -0.0028706
-5.00 -30.00 -0.0042635
0.00 -30.00 -0.0067651
5.00 -30.00 -0.0106711
10.00 -30.00 -0.0139172
15.00 -30.00 -0.0140241
20.00 -30.00 -0.0113135
25.00 -30.00 -0.00864
30.00 -30.00 -0.0078385
35.00 -30.00 -0.0079543
40.00 -30.00 -0.0072752
45.00 -30.00 -0.005591
50.00 -30.00 -0.0038444
55.00 -30.00 -0.0027238
60.00 -30.00 -0.0022273
65.00 -30.00 -0.0019062
70.00 -30.00 -0.0012517
75.00 -30.00 -0.0003286
80.00 -30.00 0.0001275
85.00 -30.00 -0.0002423
90.00 -30.00 -0.0007447
95.00 -30.00 -0.0006194
100.00 -30.00 -3.81e-05
105.00 -30.00 0.0005896
110.00 -30.00 0.0014836
115.00 -30.00 0.0027821
120.00 -30.00 0.0037877
125.00 -30.00 0.0038974
130.00 -30.00 0.0035525
135.00 -30.00 0.0033933
140.00 -30.00 0.0033021
145.00 -30.00 0.0030794
150.00 -30.00 0.0029773
155.00 -30.00 0.0026725
160.00 -30.00 0.0011377
165.00 -30.00 -0.0012225
170.00 -30.00 -0.0019583
175.00 -30.00 3.41e-05
180.00 -30.00 0.0019697
-180.00 -25.00 0.0003346
-175.00 -25.00 0.0001005
-170.00 -25.00 -0.0031467
-165.00 -25.00 -0.0055713
-160.00 -25.00 -0.0057597
-155.00 -25.00 -0.0057989
-150.00 -25.00 -0.0068847
-145.00 -25.00 -0.0073961
-140.00 -25.00 -0.0059511
-135.00 -25.00 -0.003602
-130.00 -25.00 -0.0019641
-125.00 -25.00 -0.001097
-120.00 -25.00 -0.0003684
-115.00 -25.00 -0.000149
-110.00 -25.00 -0.0013223
-105.00 -25.00 -0.0035125
-100.00 -25.00 -0.0050096
-95.00 -25.00 -0.0047196
-90.00 -25.00 -0.003243
-85.00 -25.00 -0.0015516
-80.00 -25.00 0.000221
-75.00 -25.00 0.0017673
-70.00 -25.00 0.0018244
-65.00 -25.00 -9.3e-06
-60.00 -25.00 -0.0018752
-55.00 -25.00 -0.0018894
-50.00 -25.00 -0.0007175
-45.00 -25.00 -0.0001319
-40.00 -25.00 -0.0001804
-35.00 -25.00 0.0002013
-30.00 -25.00 0.0007461
-25.00 -25.00 0.0001195
-20.00 -25.00 -0.0018499
-15.00 -25.00 -0.0038936
-10.00 -25.00 -0.0051791
-5.00 -25.00 -0.0063696
0.00 -25.00 -0.0085762
5.00 -25.00 -0.0116028
10.00 -25.00 -0.0136409
15.00 -25.00 -0.0131889
20.00 -25.00 -0.0109853
25.00 -25.00 -0.0090111
30.00 -25.00 -0.0078291
35.00 -25.00 -0.0064427
40.00 -25.00 -0.0046174
45.00 -25.00 -0.0033441
50.00 -25.00 -0.0028322
55.00 -25.00 -0.0020515
60.00 -25.00 -0.0006279
65.00 -25.00 0.0005603
70.00 -25.00 0.0009557
75.00 -25.00 0.0010001
80.00 -25.00 0.0011622
85.00 -25.00 0.0015099
90.00 -25.00 0.0020326
95.00 -25.00 0.0023581
100.00 -25.00 0.0017332
105.00 -25.00 0.0003012
110.00 -25.00 -0.0004354
115.00 -25.00 0.000527
120.00 -25.00 0.0023154
125.00 -25.00 0.003599
130.00 -25.00 0.0041648
135.00 -25.00 0.0040899
140.00 -25.00 0.0028863
145.00 -25.00 0.0007717
150.00 -25.00 -0.0008258
155.00 -25.00 -0.001501
160.00 -25.00 -0.0027775
165.00 -25.00 -0.005023
170.00 -25.00 -0.0056424
175.00 -25.00 -0.0029145
180.00 -25.00 0.0003346
-180.00 -20.00 -0.0031257
-175.00 -20.00 -0.0026466
-170.00 -20.00 -0.0036982
-165.00 -20.00 -0.0041608
-160.00 -20.00 -0.0043505
-155.00 -20.00 -0.0060036
-150.00 -20.00 -0.0084304
-145.00 -20.00 -0.0091176
-140.00 -20.00 -0.0076634
-135.00 -20.00 -0.0060817
-130.00 -20.00 -0.005325
-125.00 -20.00 -0.00418
-120.00 -20.00 -0.0020871
-115.00 -20.00 -0.0009796
-110.00 -20.00 -0.0029537
-105.00 -20.00 -0.0068602
-100.00 -20.00 -0.008916
-95.00 -20.00 -0.0072116
-90.00 -20.00 -0.003905
-85.00 -20.00 -0.0016932
-80.00 -20.00 -0.000254
-75.00 -20.00 0.0015749
-70.00 -20.00 0.0025545
-65.00 -20.00 0.0013292
-60.00 -20.00 -0.0002492
-55.00 -20.00 0.0001629
-50.00 -20.00 0.0013582
-45.00 -20.00 0.0009209
-40.00 -20.00 -0.0005573
-35.00 -20.00 -0.0012314
-30.00 -20.00 -0.0017085
-25.00 -20.00 -0.0034376
-20.00 -20.00 -0.0054865
-15.00 -20.00 -0.0061633
-10.00 -20.00 -0.0060963
-5.00 -20.00 -0.0070579
0.00 -20.00 -0.0091174
5.00 -20.00 -0.0108528
10.00 -20.00 -0.0113596
15.00 -20.00 -0.0109403
20.00 -20.00 -0.0103872
25.00 -20.00 -0.009845
30.00 -20.00 -0.008308
35.00 -20.00 -0.0050576
40.00 -20.00 -0.0015147
45.00 -20.00 5.52e-05
50.00 -20.00 -0.0002317
55.00 -20.00 -5.66e-05
60.00 -20.00 0.0015089
65.00 -20.00 0.0028422
70.00 -20.00 0.002532
75.00 -20.00 0.0012602
80.00 -20.00 0.0005417
85.00 -20.00 0.0010895
90.00 -20.00 0.0025023
95.00 -20.00 0.0034904
100.00 -20.00 0.0028005
105.00 -20.00 0.0008272
110.00 -20.00 -0.0004088
115.00 -20.00 0.0003092
120.00 -20.00 0.0019723
125.00 -20.00 0.0030832
130.00 -20.00 0.0034468
135.00 -20.00 0.0032413
140.00 -20.00 0.0018751
145.00 -20.00 -0.0007721
150.00 -20.00 -0.0033465
155.00 -20.00 -0.0048525
160.00 -20.00 -0.0061049
165.00 -20.00 -0.007645
170.00 -20.00 -0.0079055
175.00 -20.00 -0.0057382
180.00 -20.00 -0.0031257
-180.00 -15.00 -0.007009
-175.00 -15.00 -0.008403
-170.00 -15.00 -0.0081166
-165.00 -15.00 -0.0060816
-160.00 -15.00 -0.0048375
-155.00 -15.00 -0.0057997
-150.00 -15.00 -0.0070407
-145.00 -15.00 -0.0065566
-140.00 -15.00 -0.0054817
-135.00 -15.00 -0.0058264
-130.00 -15.00 -0.0068666
-125.00 -15.00 -0.0061795
-120.00 -15.00 -0.0034657
-115.00 -15.00 -0.0015332
-110.00 -15.00 -0.0030456
-105.00 -15.00 -0.0067208
-100.00 -15.00 -0.0080761
-95.00 -15.00 -0.0050905
-90.00 -15.00 -0.0011933
-85.00 -15.00 -0.0001089
-80.00 -15.00 -0.0004489
-75.00 -15.00 0.0005214
-70.00 -15.00 0.0010786
-65.00 -15.00 -0.0013242
-60.00 -15.00 -0.0039128
-55.00 -15.00 -0.0026694
-50.00 -15.00 0.0004174
-45.00 -15.00 0.0007296
-40.00 -15.00 -0.0014181
-35.00 -15.00 -0.0027825
-30.00 -15.00 -0.0033719
-25.00 -15.00 -0.0048031
-20.00 -15.00 -0.0059615
-15.00 -15.00 -0.0055312
-10.00 -15.00 -0.0054938
-5.00 -15.00 -0.007754
0.00 -15.00 -0.0104689
5.00 -15.00 -0.0111284
10.00 -15.00 -0.0103519
15.00 -15.00 -0.0100886
20.00 -15.00 -0.0104562
25.00 -15.00 -0.0100172
30.00 -15.00 -0.0075854
35.00 -15.00 -0.0033018
40.00 -15.00 0.0009711
45.00 -15.00 0.0029053
50.00 -15.00 0.0023067
55.00 -15.00 0.0013957
60.00 -15.00 0.00184
65.00 -15.00 0.0029011
70.00 -15.00 0.0030612
75.00 -15.00 0.0021
80.00 -15.00 0.0010325
85.00 -15.00 0.0009007
90.00 -15.00 0.0018247
95.00 -15.00 0.0027672
100.00 -15.00 0.0025002
105.00 -15.00 0.001156
110.00 -15.00 0.0002921
115.00 -15.00 0.0010153
120.00 -15.00 0.0025631
125.00 -15.00 0.0032367
130.00 -15.00 0.0024025
135.00 -15.00 0.0009761
140.00 -15.00 -4.34e-05
145.00 -15.00 -0.0008339
150.00 -15.00 -0.0021766
155.00 -15.00 -0.0041389
160.00 -15.00 -0.0058644
165.00 -15.00 -0.0064963
170.00 -15.00 -0.0061329
175.00 -15.00 -0.0059648
180.00 -15.00 -0.007009
-180.00 -10.00 -0.008241
-175.00 -10.00 -0.01197
-170.00 -10.00 -0.0117035
-165.00 -10.00 -0.0086599
-160.00 -10.00 -0.0066818
-155.00 -10.00 -0.0065717
-150.00 -10.00 -0.0059313
-145.00 -10.00 -0.0040584
-140.00 -10.00 -0.0032709
-135.00 -10.00 -0.0048063
-130.00 -10.00 -0.0066802
-125.00 -10.00 -0.0064995
-120.00 -10.00 -0.0041906
-115.00 -10.00 -0.001739
-110.00 -10.00 -0.0013824
-105.00 -10.00 -0.0030118
-100.00 -10.00 -0.0032721
-95.00 -10.00 9.07e-05
-90.00 -10.00 0.0038867
-85.00 -10.00 0.003866
-80.00 -10.00 0.0015904
-75.00 -10.00 0.0008704
-70.00 -10.00 0.0001556
-65.00 -10.00 -0.0036675
-60.00 -10.00 -0.0071115
-55.00 -10.00 -0.0048786
-50.00 -10.00 0.0002381
-45.00 -10.00 0.0014674
-40.00 -10.00 -0.0011318
-35.00 -10.00 -0.0026207
-30.00 -10.00 -0.0022257
-25.00 -10.00 -0.0024548
-20.00 -10.00 -0.0031699
-15.00 -10.00 -0.0034575
-10.00 -10.00 -0.0052117
-5.00 -10.00 -0.0092212
0.00 -10.00 -0.0120789
5.00 -10.00 -0.0113877
10.00 -10.00 -0.0096349
15.00 -10.00 -0.0096042
20.00 -10.00 -0.0101402
25.00 -10.00 -0.0089274
30.00 -10.00 -0.0058977
35.00 -10.00 -0.0022681
40.00 -10.00 0.0009545
45.00 -10.00 0.0026538
50.00 -10.00 0.0020541
55.00 -10.00 7.75e-05
60.00 -10.00 -0.0011431
65.00 -10.00 -0.0004217
70.00 -10.00 0.0014302
75.00 -10.00 0.0027029
80.00 -10.00 0.0025933
85.00 -10.00 0.0018101
90.00 -10.00 0.0014801
95.00 -10.00 0.0017767
100.00 -10.00 0.001826
105.00 -10.00 0.0008371
110.00 -10.00 -0.000643
115.00 -10.00 -0.0007897
120.00 -10.00 0.0012224
125.00 -10.00 0.0031239
130.00 -10.00 0.0018505
135.00 -10.00 -0.0016657
140.00 -10.00 -0.0030622
145.00 -10.00 -0.0010467
150.00 -10.00 0.0003073
155.00 -10.00 -0.0021555
160.00 -10.00 -0.0056982
165.00 -10.00 -0.006055
170.00 -10.00 -0.0040649
175.00 -10.00 -0.0043159
180.00 -10.00 -0.008241
-180.00 -5.00 -0.0064358
-175.00 -5.00 -0.0097156
-170.00 -5.00 -0.0095007
-165.00 -5.00 -0.0073059
-160.00 -5.00 -0.0065662
-155.00 -5.00 -0.0069271
-150.00 -5.00 -0.0058358
-145.00 -5.00 -0.0036333
-140.00 -5.00 -0.002921
-135.00 -5.00 -0.0039917
-130.00 -5.00 -0.0048082
-125.00 -5.00 -0.0044787
-120.00 -5.00 -0.0033722
-115.00 -5.00 -0.0015754
-110.00 -5.00 -3.21e-05
-105.00 -5.00 -0.0002034
-100.00 -5.00 -0.0005121
-95.00 -5.00 0.0022496
-90.00 -5.00 0.0065551
-85.00 -5.00 0.0074009
-80.00 -5.00 0.0046175
-75.00 -5.00 0.0024066
-70.00 -5.00 0.0009676
-65.00 -5.00 -0.0024569
-60.00 -5.00 -0.0053961
-55.00 -5.00 -0.0031291
-50.00 -5.00 0.0016234
-45.00 -5.00 0.0021099
-40.00 -5.00 -0.0013311
-35.00 -5.00 -0.0030049
-30.00 -5.00 -0.0018956
-25.00 -5.00 -0.001341
-20.00 -5.00 -0.0020952
-15.00 -5.00 -0.0031093
-10.00 -5.00 -0.0053201
-5.00 -5.00 -0.0087338
0.00 -5.00 -0.0101279
5.00 -5.00 -0.0082377
10.00 -5.00 -0.0066016
15.00 -5.00 -0.0078198
20.00 -5.00 -0.0095592
25.00 -5.00 -0.0088367
30.00 -5.00 -0.0061506
35.00 -5.00 -0.0034269
40.00 -5.00 -0.0012722
45.00 -5.00 0.0001769
50.00 -5.00 0.0001694
55.00 -5.00 -0.0014355
60.00 -5.00 -0.0030767
65.00 -5.00 -0.0027487
70.00 -5.00 -0.0001909
75.00 -5.00 0.0027424
80.00 -5.00 0.0040494
85.00 -5.00 0.0035355
90.00 -5.00 0.0026446
95.00 -5.00 0.0026692
100.00 -5.00 0.0030875
105.00 -5.00 0.0017998
110.00 -5.00 -0.0018008
115.00 -5.00 -0.0043215
120.00 -5.00 -0.0020804
125.00 -5.00 0.0023194
130.00 -5.00 0.0021487
135.00 -5.00 -0.0030753
140.00 -5.00 -0.0057707
145.00 -5.00 -0.0021114
150.00 -5.00 0.0013333
155.00 -5.00 -0.0021032
160.00 -5.00 -0.0085824
165.00 -5.00 -0.0099631
170.00 -5.00 -0.0060675
175.00 -5.00 -0.0038308
180.00 -5.00 -0.0064358
-180.00 0.00 -0.0041358
-175.00 0.00 -0.0051828
-170.00 0.00 -0.0049305
-165.00 0.00 -0.0045085
-160.00 0.00 -0.0057409
-155.00 0.00 -0.0071079
-150.00 0.00 -0.0061881
-145.00 0.00 -0.0039328
-140.00 0.00 -0.0028632
-135.00 0.00 -0.002718
-130.00 0.00 -0.0018219
-125.00 0.00 -0.0008294
-120.00 0.00 -0.0009279
-115.00 0.00 -0.0009089
-110.00 0.00 -0.0001012
-105.00 0.00 -0.0003962
-100.00 0.00 -0.0014638
-95.00 0.00 0.0005956
-90.00 0.00 0.0058522
-85.00 0.00 0.00847
-80.00 0.00 0.0057915
-75.00 0.00 0.0020994
-70.00 0.00 0.0004371
-65.00 0.00 -0.0010433
-60.00 0.00 -0.002578
-55.00 0.00 -0.0015568
-50.00 0.00 0.0008257
-45.00 0.00 0.0002944
-40.00 0.00 -0.0027373
-35.00 0.00 -0.0039952
-30.00 0.00 -0.0030294
-25.00 0.00 -0.0028793
-20.00 0.00 -0.0039394
-15.00 0.00 -0.0044508
-10.00 0.00 -0.0046323
-5.00 0.00 -0.0052547
0.00 0.00 -0.0050778
5.00 0.00 -0.0036413
10.00 0.00 -0.003425
15.00 0.00 -0.0061503
20.00 0.00 -0.0096849
25.00 0.00 -0.0107614
30.00 0.00 -0.0087242
35.00 0.00 -0.0054064
40.00 0.00 -0.0027726
45.00 0.00 -0.0014177
50.00 0.00 -0.0008133
55.00 0.00 -0.0005412
60.00 0.00 -0.0006726
65.00 0.00 -0.0007711
70.00 0.00 0.0002625
75.00 0.00 0.0025746
80.00 0.00 0.0046348
85.00 0.00 0.0050315
90.00 0.00 0.0043852
95.00 0.00 0.0045011
100.00 0.00 0.0053317
105.00 0.00 0.0039887
110.00 0.00 -0.0010418
115.00 0.00 -0.0055043
120.00 0.00 -0.0037391
125.00 0.00 0.0020291
130.00 0.00 0.0032069
135.00 0.00 -0.002169
140.00 0.00 -0.0057456
145.00 0.00 -0.0023002
150.00 0.00 0.0014
155.00 0.00 -0.0025287
160.00 0.00 -0.0104826
165.00 0.00 -0.0131583
170.00 0.00 -0.0090295
175.00 0.00 -0.0046406
180.00 0.00 -0.0041358
-180.00 5.00 -0.002605
-175.00 5.00 -0.0027501
-170.00 5.00 -0.0032785
-165.00 5.00 -0.0045298
-160.00 5.00 -0.0067147
-155.00 5.00 -0.0080597
-150.00 5.00 -0.0067523
-145.00 5.00 -0.0040173
-140.00 5.00 -0.0024028
-135.00 5.00 -0.00166
-130.00 5.00 3.57e-05
-125.00 5.00 0.0018163
-120.00 5.00 0.0015797
-115.00 5.00 0.0002372
-110.00 5.00 -0.0002802
-105.00 5.00 -0.0007776
-100.00 5.00 -0.0016287
-95.00 5.00 0.0001674
-90.00 5.00 0.0052799
-85.00 5.00 0.0083089
-80.00 5.00 0.0054687
-75.00 5.00 0.0006991
-70.00 5.00 -0.0010595
-65.00 5.00 -0.0008679
-60.00 5.00 -0.0015275
-55.00 5.00 -0.0023686
-50.00 5.00 -0.0022404
-45.00 5.00 -0.0022369
-40.00 5.00 -0.0027224
-35.00 5.00 -0.0024882
-30.00 5.00 -0.0020753
-25.00 5.00 -0.003359
-20.00 5.00 -0.0055904
-15.00 5.00 -0.0060181
-10.00 5.00 -0.0042294
-5.00 5.00 -0.0024736
0.00 5.00 -0.0021589
5.00 5.00 -0.0027407
10.00 5.00 -0.0037814
15.00 5.00 -0.0059554
20.00 5.00 -0.0093232
25.00 5.00 -0.0116646
30.00 5.00 -0.0102688
35.00 5.00 -0.0058101
40.00 5.00 -0.0022762
45.00 5.00 -0.0017401
50.00 5.00 -0.0018451
55.00 5.00 -0.0003227
60.00 5.00 0.0012476
65.00 5.00 0.0008275
70.00 5.00 -0.0001098
75.00 5.00 0.0008648
80.00 5.00 0.0030165
85.00 5.00 0.003892
90.00 5.00 0.0033646
95.00 5.00 0.0034817
100.00 5.00 0.0045676
105.00 5.00 0.0039537
110.00 5.00 0.0001584
115.00 5.00 -0.0033231
120.00 5.00 -0.0019262
125.00 5.00 0.0025809
130.00 5.00 0.0035857
135.00 5.00 -0.0004022
140.00 5.00 -0.0032894
145.00 5.00 -0.0013737
150.00 5.00 0.0006517
155.00 5.00 -0.0024022
160.00 5.00 -0.007959
165.00 5.00 -0.0099577
170.00 5.00 -0.007337
175.00 5.00 -0.0039563
180.00 5.00 -0.002605
-180.00 10.00 -0.0019296
-175.00 10.00 -0.0025201
-170.00 10.00 -0.0039792
-165.00 10.00 -0.0056752
-160.00 10.00 -0.0070755
-155.00 10.00 -0.0075288
-150.00 10.00 -0.0062249
-145.00 10.00 -0.0038923
-140.00 10.00 -0.002566
-135.00 10.00 -0.002252
-130.00 10.00 -0.0008451
-125.00 10.00 0.0015507
-120.00 10.00 0.0023146
-115.00 10.00 0.001117
-110.00 10.00 0.000368
-105.00 10.00 0.0007033
-100.00 10.00 0.0010163
-95.00 10.00 0.0021462
-90.00 10.00 0.0050589
-85.00 10.00 0.006949
-80.00 10.00 0.0048823
-75.00 10.00 0.0012803
-70.00 10.00 0.0002673
-65.00 10.00 0.0010523
-60.00 10.00 0.0001703
-55.00 10.00 -0.0022933
-50.00 10.00 -0.0034826
-45.00 10.00 -0.0025339
-40.00 10.00 -0.0008433
-35.00 10.00 0.0003608
-30.00 10.00 8.05e-05
-25.00 10.00 -0.002586
-20.00 10.00 -0.0064341
-15.00 10.00 -0.0080613
-10.00 10.00 -0.005927
-5.00 10.00 -0.002938
0.00 10.00 -0.0028019
5.00 10.00 -0.005002
10.00 10.00 -0.0061953
15.00 10.00 -0.0059397
20.00 10.00 -0.0070135
25.00 10.00 -0.0094432
30.00 10.00 -0.0091976
35.00 10.00 -0.00506
40.00 10.00 -0.0016491
45.00 10.00 -0.0022992
50.00 10.00 -0.0039975
55.00 10.00 -0.0032087
60.00 10.00 -0.0016579
65.00 10.00 -0.0020652
70.00 10.00 -0.0028609
75.00 10.00 -0.001601
80.00 10.00 0.0003029
85.00 10.00 0.000397
90.00 10.00 -0.0004096
95.00 10.00 0.0001287
100.00 10.00 0.0014679
105.00 10.00 0.0013774
110.00 10.00 -8.73e-05
115.00 10.00 -0.0004926
120.00 10.00 0.0011323
125.00 10.00 0.0026038
130.00 10.00 0.0017947
135.00 10.00 -0.0002073
140.00 10.00 -0.0010932
145.00 10.00 -0.0010777
150.00 10.00 -0.0020028
155.00 10.00 -0.0037572
160.00 10.00 -0.0045313
165.00 10.00 -0.0038749
170.00 10.00 -0.0028775
175.00 10.00 -0.0021836
180.00 10.00 -0.0019296
-180.00 15.00 -0.0033873
-175.00 15.00 -0.0039827
-170.00 15.00 -0.0053468
-165.00 15.00 -0.0058464
-160.00 15.00 -0.0049867
-155.00 15.00 -0.0041693
-150.00 15.00 -0.0038317
-145.00 15.00 -0.0034027
-140.00 15.00 -0.0032805
-135.00 15.00 -0.0035548
-130.00 15.00 -0.0026282
-125.00 15.00 -0.0001215
-120.00 15.00 0.0016112
-115.00 15.00 0.0014797
-110.00 15.00 0.0016084
-105.00 15.00 0.0030943
-100.00 15.00 0.0039734
-95.00 15.00 0.0032919
-90.00 15.00 0.0028365
-85.00 15.00 0.0033929
-80.00 15.00 0.0036043
-75.00 15.00 0.0033382
-70.00 15.00 0.003884
-65.00 15.00 0.0045007
-60.00 15.00 0.0030109
-55.00 15.00 -4.22e-05
-50.00 15.00 -0.0016978
-45.00 15.00 -0.0010003
-40.00 15.00 0.0001776
-35.00 15.00 0.0003119
-30.00 15.00 -0.0008237
-25.00 15.00 -0.003613
-20.00 15.00 -0.0076614
-15.00 15.00 -0.0100195
-10.00 15.00 -0.0080748
-5.00 15.00 -0.0041431
0.00 15.00 -0.0031879
5.00 15.00 -0.0056195
10.00 15.00 -0.0069284
15.00 15.00 -0.0053934
20.00 15.00 -0.0046656
25.00 15.00 -0.0065976
30.00 15.00 -0.007472
35.00 15.00 -0.0047631
40.00 15.00 -0.0019488
45.00 15.00 -0.0025506
50.00 15.00 -0.004635
55.00 15.00 -0.0052114
60.00 15.00 -0.0049625
65.00 15.00 -0.004879
70.00 15.00 -0.0034085
75.00 15.00 -0.0005217
80.00 15.00 0.0005171
85.00 15.00 -0.001251
90.00 15.00 -0.0021413
95.00 15.00 -0.0001152
100.00 15.00 0.00164
105.00 15.00 0.0005802
110.00 15.00 -0.0006335
115.00 15.00 0.0008477
120.00 15.00 0.0027258
125.00 15.00 0.0015907
130.00 15.00 -0.0009556
135.00 15.00 -0.001128
140.00 15.00 0.0002039
145.00 15.00 -0.0010337
150.00 15.00 -0.0046671
155.00 15.00 -0.0060433
160.00 15.00 -0.0036558
165.00 15.00 -0.0013537
170.00 15.00 -0.0017795
175.00 15.00 -0.0030386
180.00 15.00 -0.0033873
-180.00 20.00 -0.0063108
-175.00 20.00 -0.0067453
-170.00 20.00 -0.0079377
-165.00 20.00 -0.0072526
-160.00 20.00 -0.0041526
-155.00 20.00 -0.0017558
-150.00 20.00 -0.0018148
-145.00 20.00 -0.0027647
-140.00 20.00 -0.0031958
-135.00 20.00 -0.003152
-130.00 20.00 -0.0022823
-125.00 20.00 -0.0003457
-120.00 20.00 0.0013762
-115.00 20.00 0.0021351
-110.00 20.00 0.0033114
-105.00 20.00 0.0053513
-100.00 20.00 0.0058512
-95.00 20.00 0.0034467
-90.00 20.00 0.0007368
-85.00 20.00 0.0007049
-80.00 20.00 0.0028774
-75.00 20.00 0.0050737
-70.00 20.00 0.0062625
-65.00 20.00 0.0060693
-60.00 20.00 0.0042069
-55.00 20.00 0.0017916
-50.00 20.00 0.000737
-45.00 20.00 0.0009178
-40.00 20.00 0.0003206
-35.00 20.00 -0.0016327
-30.00 20.00 -0.0036264
-25.00 20.00 -0.0053739
-20.00 20.00 -0.0076725
-15.00 20.00 -0.009269
-10.00 20.00 -0.0076103
-5.00 20.00 -0.003675
0.00 20.00 -0.001913
5.00 20.00 -0.0038293
10.00 20.00 -0.0058357
15.00 20.00 -0.0053718
20.00 20.00 -0.0046047
25.00 20.00 -0.0055297
30.00 20.00 -0.0060617
35.00 20.00 -0.0041965
40.00 20.00 -0.0018715
45.00 20.00 -0.0015049
50.00 20.00 -0.002444
55.00 20.00 -0.0033278
60.00 20.00 -0.0040239
65.00 20.00 -0.0034685
70.00 20.00 -0.0002406
75.00 20.00 0.0032959
80.00 20.00 0.0028371
85.00 20.00 -0.0004779
90.00 20.00 -0.0006634
95.00 20.00 0.0034075
100.00 20.00 0.0056805
105.00 20.00 0.0029046
110.00 20.00 -9.25e-05
115.00 20.00 0.0010134
120.00 20.00 0.0028683
125.00 20.00 0.0011127
130.00 20.00 -0.0015366
135.00 20.00 -0.0004357
140.00 20.00 0.0020867
145.00 20.00 0.0004382
150.00 20.00 -0.0042887
155.00 20.00 -0.0058709
160.00 20.00 -0.0032938
165.00 20.00 -0.0018336
170.00 20.00 -0.0038653
175.00 20.00 -0.0060354
180.00 20.00 -0.0063108
-180.00 25.00 -0.0061932
-175.00 25.00 -0.00719
-170.00 25.00 -0.0093667
-165.00 25.00 -0.0093837
-160.00 25.00 -0.006062
-155.00 25.00 -0.002693
-150.00 25.00 -0.0018398
-145.00 25.00 -0.002192
-140.00 25.00 -0.0018486
-135.00 25.00 -0.0009834
-130.00 25.00 -0.0002362
-125.00 25.00 0.0005584
-120.00 25.00 0.0014929
-115.00 25.00 0.0025928
-110.00 25.00 0.0043207
-105.00 25.00 0.0062389
-100.00 25.00 0.0064067
-95.00 25.00 0.0041344
-90.00 25.00 0.0018611
-85.00 25.00 0.0022341
-80.00 25.00 0.0047093
-75.00 25.00 0.0067686
-70.00 25.00 0.0070125
-65.00 25.00 0.0056308
-60.00 25.00 0.003474
-55.00 25.00 0.0019292
-50.00 25.00 0.0020314
-45.00 25.00 0.0026828
-40.00 25.00 0.0015487
-35.00 25.00 -0.0015248
-30.00 25.00 -0.0041053
-25.00 25.00 -0.0048659
-20.00 25.00 -0.0051159
-15.00 25.00 -0.0056916
-10.00 25.00 -0.0052472
-5.00 25.00 -0.0032331
0.00 25.00 -0.0017925
5.00 25.00 -0.0026642
10.00 25.00 -0.0045419
15.00 25.00 -0.0054221
20.00 25.00 -0.0053303
25.00 25.00 -0.0049606
30.00 25.00 -0.0039506
35.00 25.00 -0.00225
40.00 25.00 -0.0010117
45.00 25.00 -0.0007504
50.00 25.00 -0.0007667
55.00 25.00 -0.0009927
60.00 25.00 -0.0017246
65.00 25.00 -0.0015514
70.00 25.00 0.0008205
75.00 25.00 0.0029219
80.00 25.00 0.0013781
85.00 25.00 -0.0016085
90.00 25.00 -0.0003332
95.00 25.00 0.0050976
100.00 25.00 0.0078853
105.00 25.00 0.0048626
110.00 25.00 0.0011813
115.00 25.00 0.0015956
120.00 25.00 0.0034212
125.00 25.00 0.0026364
130.00 25.00 0.0012486
135.00 25.00 0.0027328
140.00 25.00 0.0046155
145.00 25.00 0.0023674
150.00 25.00 -0.0022447
155.00 25.00 -0.003668
160.00 25.00 -0.0017103
165.00 25.00 -0.0012865
170.00 25.00 -0.0038538
175.00 25.00 -0.0059396
180.00 25.00 -0.0061932
-180.00 30.00 -0.0016494
-175.00 30.00 -0.0028682
-170.00 30.00 -0.0057902
-165.00 30.00 -0.0073562
-160.00 30.00 -0.0057783
-155.00 30.00 -0.0030681
-150.00 30.00 -0.0015253
-145.00 30.00 -0.0008256
-140.00 30.00 5.62e-05
-135.00 30.00 0.0006894
-130.00 30.00 0.0004
-125.00 30.00 -0.0002113
-120.00 30.00 -9.08e-05
-115.00 30.00 0.0010476
-110.00 30.00 0.0027339
-105.00 30.00 0.0040791
-100.00 30.00 0.0042434
-95.00 30.00 0.003467
-90.00 30.00 0.0032133
-85.00 30.00 0.0044396
-80.00 30.00 0.0063011
-75.00 30.00 0.0072556
-70.00 30.00 0.0066659
-65.00 30.00 0.0048125
-60.00 30.00 0.0024711
-55.00 30.00 0.0010159
-50.00 30.00 0.0014831
-45.00 30.00 0.0027761
-40.00 30.00 0.0023533
-35.00 30.00 -0.0003786
-30.00 30.00 -0.002967
-25.00 30.00 -0.0033158
-20.00 30.00 -0.0025135
-15.00 30.00 -0.0027874
-10.00 30.00 -0.0041148
-5.00 30.00 -0.0047047
0.00 30.00 -0.0039292
5.00 30.00 -0.0030013
10.00 30.00 -0.0030903
15.00 30.00 -0.0040005
20.00 30.00 -0.0045536
25.00 30.00 -0.0037213
30.00 30.00 -0.0017768
35.00 30.00 -0.0003645
40.00 30.00 -0.0006077
45.00 30.00 -0.0014762
50.00 30.00 -0.0013607
55.00 30.00 -0.0006622
60.00 30.00 -0.0008481
65.00 30.00 -0.0016197
70.00 30.00 -0.0016486
75.00 30.00 -0.0015333
80.00 30.00 -0.0027009
85.00 30.00 -0.003638
90.00 30.00 -0.0012209
95.00 30.00 0.0037163
100.00 30.00 0.0063958
105.00 30.00 0.0049143
110.00 30.00 0.00288
115.00 30.00 0.0034576
120.00 30.00 0.0049975
125.00 30.00 0.0051359
130.00 30.00 0.0051088
135.00 30.00 0.0063936
140.00 30.00 0.0065888
145.00 30.00 0.0031052
150.00 30.00 -0.0015182
155.00 30.00 -0.002726
160.00 30.00 -0.0007764
165.00 30.00 0.0002378
170.00 30.00 -0.0009085
175.00 30.00 -0.0017616
180.00 30.00 -0.0016494
-180.00 35.00 0.0019033
-175.00 35.00 0.0016552
-170.00 35.00 -1.35e-05
-165.00 35.00 -0.0014678
-160.00 35.00 -0.001261
-155.00 35.00 1.22e-05
-150.00 35.00 0.0011069
-145.00 35.00 0.0017276
-140.00 35.00 0.0018674
-135.00 35.00 0.0010205
-130.00 35.00 -0.000864
-125.00 35.00 -0.0025915
-120.00 35.00 -0.0028498
-115.00 35.00 -0.0016738
-110.00 35.00 -0.0002357
-105.00 35.00 0.0004917
-100.00 35.00 0.0005437
-95.00 35.00 0.000671
-90.00 35.00 0.0014444
-85.00 35.00 0.0026516
-80.00 35.00 0.0036432
-75.00 35.00 0.004089
-70.00 35.00 0.0039601
-65.00 35.00 0.0030105
-60.00 35.00 0.0011847
-55.00 35.00 -0.0004826
-50.00 35.00 -0.0006161
-45.00 35.00 0.0004432
-40.00 35.00 0.0006249
-35.00 35.00 -0.0010523
-30.00 35.00 -0.002887
-25.00 35.00 -0.0029046
-20.00 35.00 -0.0018674
-15.00 35.00 -0.0022679
-10.00 35.00 -0.0046783
-5.00 35.00 -0.0067407
0.00 35.00 -0.0061627
5.00 35.00 -0.0035773
10.00 35.00 -0.0016701
15.00 35.00 -0.0019262
20.00 35.00 -0.003038
25.00 35.00 -0.0027922
30.00 35.00 -0.001028
35.00 35.00 0.0001867
40.00 35.00 -0.000488
45.00 35.00 -0.0017042
50.00 35.00 -0.0014318
55.00 35.00 3.63e-05
60.00 35.00 0.0006761
65.00 35.00 -0.0001887
70.00 35.00 -0.0012384
75.00 35.00 -0.0014406
80.00 35.00 -0.0010478
85.00 35.00 -0.0001751
90.00 35.00 0.0016079
95.00 35.00 0.0037779
100.00 35.00 0.0048628
105.00 35.00 0.0046335
110.00 35.00 0.0045278
115.00 35.00 0.0052431
120.00 35.00 0.0058268
125.00 35.00 0.0059377
130.00 35.00 0.0067302
135.00 35.00 0.0081271
140.00 35.00 0.0075524
145.00 35.00 0.0035573
150.00 35.00 -0.0011021
155.00 35.00 -0.0025785
160.00 35.00 -0.0008998
165.00 35.00 0.0008085
170.00 35.00 0.001108
175.00 35.00 0.0012743
180.00 35.00 0.0019033
-180.00 40.00 0.0010787
-175.00 40.00 0.0016607
-170.00 40.00 0.0020308
-165.00 40.00 0.0022212
-160.00 40.00 0.0026056
-155.00 40.00 0.0031888
-150.00 40.00 0.0037004
-145.00 40.00 0.0038634
-140.00 40.00 0.0032399
-135.00 40.00 0.0014127
-130.00 40.00 -0.0012172
-125.00 40.00 -0.0032802
-120.00 40.00 -0.0036303
-115.00 40.00 -0.0025135
-110.00 40.00 -0.0011927
-105.00 40.00 -0.0005596
-100.00 40.00 -0.0004607
-95.00 40.00 -0.0003379
-90.00 40.00 -0.0001104
-85.00 40.00 -0.0001199
-80.00 40.00 -0.0003635
-75.00 40.00 -0.0003036
-70.00 40.00 0.0002798
-65.00 40.00 0.0006709
-60.00 40.00 6.86e-05
-55.00 40.00 -0.0011309
-50.00 40.00 -0.0017034
-45.00 40.00 -0.0013497
-40.00 40.00 -0.0011705
-35.00 40.00 -0.0019326
-30.00 40.00 -0.0027563
-25.00 40.00 -0.0024688
-20.00 40.00 -0.0017194
-15.00 40.00 -0.0024474
-10.00 40.00 -0.0050844
-5.00 40.00 -0.0074137
0.00 40.00 -0.0069684
5.00 40.00 -0.0040293
10.00 40.00 -0.0013554
15.00 40.00 -0.0009547
20.00 40.00 -0.0019306
25.00 40.00 -0.0019971
30.00 40.00 -0.0005396
35.00 40.00 0.0008009
40.00 40.00 0.0006137
45.00 40.00 -0.0003175
50.00 40.00 -0.0002691
55.00 40.00 0.000974
60.00 40.00 0.002084
65.00 40.00 0.002365
70.00 40.00 0.0027098
75.00 40.00 0.0040773
80.00 40.00 0.0059811
85.00 40.00 0.0070623
90.00 40.00 0.0066306
95.00 40.00 0.0052223
100.00 40.00 0.0040088
105.00 40.00 0.003866
110.00 40.00 0.0046193
115.00 40.00 0.0051456
120.00 40.00 0.0047523
125.00 40.00 0.004347
130.00 40.00 0.0052968
135.00 40.00 0.0070293
140.00 40.00 0.0070942
145.00 40.00 0.0043252
150.00 40.00 0.0007666
155.00 40.00 -0.0007
160.00 40.00 0.0001859
165.00 40.00 0.0013106
170.00 40.00 0.0013166
175.00 40.00 0.0009043
180.00 40.00 0.0010787
-180.00 45.00 0.0002165
-175.00 45.00 0.0004767
-170.00 45.00 0.0014616
-165.00 45.00 0.0024802
-160.00 45.00 0.0031594
-155.00 45.00 0.0035547
-150.00 45.00 0.0038783
-145.00 45.00 0.0040944
-140.00 45.00 0.0037585
-135.00 45.00 0.0024383
-130.00 45.00 0.0003849
-125.00 45.00 -0.0014205
-120.00 45.00 -0.0020796
-115.00 45.00 -0.0015504
-110.00 45.00 -0.000493
-105.00 45.00 0.0005
-100.00 45.00 0.0012683
-95.00 45.00 0.0017413
-90.00 45.00 0.0016231
-85.00 45.00 0.0007352
-80.00 45.00 -0.0004461
-75.00 45.00 -0.0009984
-70.00 45.00 -0.000506
-65.00 45.00 0.0004173
-60.00 45.00 0.0008254
-55.00 45.00 0.0005143
-50.00 45.00 5.02e-05
-45.00 45.00 -0.000192
-40.00 45.00 -0.0004894
-35.00 45.00 -0.0010771
-30.00 45.00 -0.0015364
-25.00 45.00 -0.0014397
-20.00 45.00 -0.0013479
-15.00 45.00 -0.0024
-10.00 45.00 -0.0046804
-5.00 45.00 -0.006579
0.00 45.00 -0.0063341
5.00 45.00 -0.0040436
10.00 45.00 -0.0016073
15.00 45.00 -0.0005899
20.00 45.00 -0.0006222
25.00 45.00 -0.0002489
30.00 45.00 0.0010022
35.00 45.00 0.002027
40.00 45.00 0.0016583
45.00 45.00 0.0001639
50.00 45.00 -0.001155
55.00 45.00 -0.0014472
60.00 45.00 -0.0007994
65.00 45.00 0.0005771
70.00 45.00 0.0028398
75.00 45.00 0.0058144
80.00 45.00 0.0082889
85.00 45.00 0.0086862
90.00 45.00 0.0066123
95.00 45.00 0.0035106
100.00 45.00 0.0015594
105.00 45.00 0.0017968
110.00 45.00 0.0032819
115.00 45.00 0.0041786
120.00 45.00 0.0037267
125.00 45.00 0.0029546
130.00 45.00 0.0032287
135.00 45.00 0.0043807
140.00 45.00 0.0048707
145.00 45.00 0.0038484
150.00 45.00 0.0023358
155.00 45.00 0.0018959
160.00 45.00 0.0026216
165.00 45.00 0.0031401
170.00 45.00 0.0024517
175.00 45.00 0.0010676
180.00 45.00 0.0002165
-180.00 50.00 0.0027212
-175.00 50.00 0.0025533
-170.00 50.00 0.0029641
-165.00 50.00 0.003364
-160.00 50.00 0.0033621
-155.00 50.00 0.003082
-150.00 50.00 0.0029221
-145.00 50.00 0.0030495
-140.00 50.00 0.0031537
-135.00 50.00 0.0027275
-130.00 50.00 0.0015928
-125.00 50.00 0.000118
-120.00 50.00 -0.0010719
-115.00 50.00 -0.0015321
-110.00 50.00 -0.0011592
-105.00 50.00 -9.31e-05
-100.00 50.00 0.0013437
-95.00 50.00 0.0026153
-90.00 50.00 0.0031231
-85.00 50.00 0.0026332
-80.00 50.00 0.0015848
-75.00 50.00 0.000818
-70.00 50.00 0.0008684
-65.00 50.00 0.0015395
-60.00 50.00 0.0021951
-55.00 50.00 0.0023787
-50.00 50.00 0.0020556
-45.00 50.00 0.0013663
-40.00 50.00 0.0004169
-35.00 50.00 -0.0006067
-30.00 50.00 -0.0013687
-25.00 50.00 -0.0017042
-20.00 50.00 -0.0019469
-15.00 50.00 -0.0026326
-10.00 50.00 -0.0037523
-5.00 50.00 -0.0045151
0.00 50.00 -0.004096
5.00 50.00 -0.0025751
10.00 50.00 -0.0009102
15.00 50.00 7.35e-05
20.00 50.00 0.000463
25.00 50.00 0.0008793
30.00 50.00 0.0014747
35.00 50.00 0.001597
40.00 50.00 0.0005247
45.00 50.00 -0.0016524
50.00 50.00 -0.0040108
55.00 50.00 -0.0055026
60.00 50.00 -0.0055264
65.00 50.00 -0.0039838
70.00 50.00 -0.0012178
75.00 50.00 0.0018764
80.00 50.00 0.0039595
85.00 50.00 0.0039863
90.00 50.00 0.0021415
95.00 50.00 -3.95e-05
100.00 50.00 -0.0007649
105.00 50.00 0.0005557
110.00 50.00 0.0028554
115.00 50.00 0.0044362
120.00 50.00 0.0044852
125.00 50.00 0.0035845
130.00 50.00 0.002811
135.00 50.00 0.002566
140.00 50.00 0.0024674
145.00 50.00 0.0022282
150.00 50.00 0.0022141
155.00 50.00 0.0029176
160.00 50.00 0.0041149
165.00 50.00 0.004906
170.00 50.00 0.0046442
175.00 50.00 0.0036191
180.00 50.00 0.0027212
-180.00 55.00 0.0045995
-175.00 55.00 0.0048118
-170.00 55.00 0.0050832
-165.00 55.00 0.0050194
-160.00 55.00 0.0044112
-155.00 55.00 0.0034511
-150.00 55.00 0.0025784
-145.00 55.00 0.0021016
-140.00 55.00 0.0019455
-135.00 55.00 0.0017354
-130.00 55.00 0.0011231
-125.00 55.00 6.58e-05
-120.00 55.00 -0.0011393
-115.00 55.00 -0.0020317
-110.00 55.00 -0.0022247
-105.00 55.00 -0.0015938
-100.00 55.00 -0.0003718
-95.00 55.00 0.000909
-90.00 55.00 0.0016725
-85.00 55.00 0.0016487
-80.00 55.00 0.0010598
-75.00 55.00 0.0004545
-70.00 55.00 0.0002981
-65.00 55.00 0.0006594
-60.00 55.00 0.0012283
-55.00 55.00 0.0015799
-50.00 55.00 0.001423
-45.00 55.00 0.0006958
-40.00 55.00 -0.0004395
-35.00 55.00 -0.0016424
-30.00 55.00 -0.0025261
-25.00 55.00 -0.0028716
-20.00 55.00 -0.0027568
-15.00 55.00 -0.0024317
-10.00 55.00 -0.0020443
-5.00 55.00 -0.0015337
0.00 55.00 -0.0008284
5.00 55.00 -9.32e-05
10.00 55.00 0.0003268
15.00 55.00 0.0002434
20.00 55.00 -0.0001579
25.00 55.00 -0.0005155
30.00 55.00 -0.0007015
35.00 55.00 -0.0009741
40.00 55.00 -0.0016926
45.00 55.00 -0.002901
50.00 55.00 -0.0041969
55.00 55.00 -0.0049668
60.00 55.00 -0.0047387
65.00 55.00 -0.0034191
70.00 55.00 -0.0013673
75.00 55.00 0.0006833
80.00 55.00 0.0019195
85.00 55.00 0.0019253
90.00 55.00 0.0010458
95.00 55.00 0.0002506
100.00 55.00 0.0004611
105.00 55.00 0.0018354
110.00 55.00 0.0036392
115.00 55.00 0.0048421
120.00 55.00 0.0049086
125.00 55.00 0.0040886
130.00 55.00 0.0030352
135.00 55.00 0.0022351
140.00 55.00 0.0018136
145.00 55.00 0.0017529
150.00 55.00 0.0020958
155.00 55.00 0.0028485
160.00 55.00 0.0037796
165.00 55.00 0.0044847
170.00 55.00 0.0047211
175.00 55.00 0.0046355
180.00 55.00 0.0045995
-180.00 60.00 0.0023121
-175.00 60.00 0.0031453
-170.00 60.00 0.0040062
-165.00 60.00 0.0044988
-160.00 60.00 0.0043907
-155.00 60.00 0.0037496
-150.00 60.00 0.0028786
-145.00 60.00 0.0021051
-140.00 60.00 0.0015864
-135.00 60.00 0.001261
-130.00 60.00 0.0009584
-125.00 60.00 0.000561
-120.00 60.00 0.0001004
-115.00 60.00 -0.0002652
-110.00 60.00 -0.0003637
-105.00 60.00 -0.0001405
-100.00 60.00 0.000272
-95.00 60.00 0.0005976
-90.00 60.00 0.0005672
-85.00 60.00 9.47e-05
-80.00 60.00 -0.0006446
-75.00 60.00 -0.0013018
-70.00 60.00 -0.0015608
-65.00 60.00 -0.0013231
-60.00 60.00 -0.0007564
-55.00 60.00 -0.000192
-50.00 60.00 4.8e-05
-45.00 60.00 -0.000198
-40.00 60.00 -0.0008606
-35.00 60.00 -0.0016697
-30.00 60.00 -0.0022763
-25.00 60.00 -0.0024122
-20.00 60.00 -0.0020035
-15.00 60.00 -0.0011757
-10.00 60.00 -0.0001723
-5.00 60.00 0.0007333
0.00 60.00 0.001288
5.00 60.00 0.0012992
10.00 60.00 0.0007095
15.00 60.00 -0.0003268
20.00 60.00 -0.0014611
25.00 60.00 -0.0023035
30.00 60.00 -0.0026235
35.00 60.00 -0.0024438
40.00 60.00 -0.0019611
45.00 60.00 -0.0013694
50.00 60.00 -0.0007328
55.00 60.00 1.52e-05
60.00 60.00 0.000972
65.00 60.00 0.0021451
70.00 60.00 0.0033841
75.00 60.00 0.0044092
80.00 60.00 0.0049416
85.00 60.00 0.0048775
90.00 60.00 0.004383
95.00 60.00 0.0038092
100.00 60.00 0.0034594
105.00 60.00 0.0033834
110.00 60.00 0.0033738
115.00 60.00 0.0031744
120.00 60.00 0.0027158
125.00 60.00 0.0021739
130.00 60.00 0.0018154
135.00 60.00 0.0017858
140.00 60.00 0.0020248
145.00 60.00 0.0023442
150.00 60.00 0.0025606
155.00 60.00 0.0025717
160.00 60.00 0.0023699
165.00 60.00 0.0020456
170.00 60.00 0.0017883
175.00 60.00 0.0018305
180.00 60.00 0.0023121
-180.00 65.00 -0.0006479
-175.00 65.00 0.0004643
-170.00 65.00 0.0018356
-165.00 65.00 0.0030809
-160.00 65.00 0.0038982
-155.00 65.00 0.0041752
-150.00 65.00 0.0039991
-145.00 65.00 0.0035792
-140.00 65.00 0.0031362
-135.00 65.00 0.0028194
-130.00 65.00 0.0026827
-125.00 65.00 0.002709
-120.00 65.00 0.0028491
-115.00 65.00 0.0030448
-110.00 65.00 0.0032275
-105.00 65.00 0.0033081
-100.00 65.00 0.0031823
-95.00 65.00 0.0027626
-90.00 65.00 0.0020321
-85.00 65.00 0.001085
-80.00 65.00 0.0001223
-75.00 65.00 -0.0006125
-70.00 65.00 -0.0009318
-65.00 65.00 -0.0007897
-60.00 65.00 -0.0003082
-55.00 65.00 0.0002713
-50.00 65.00 0.0006873
-45.00 65.00 0.0007652
-40.00 65.00 0.0004833
-35.00 65.00 -2.58e-05
-30.00 65.00 -0.0005374
-25.00 65.00 -0.0008324
-20.00 65.00 -0.0007853
-15.00 65.00 -0.0004101
-10.00 65.00 0.0001498
-5.00 65.00 0.0006751
0.00 65.00 0.0009477
5.00 65.00 0.0008292
10.00 65.00 0.0003193
15.00 65.00 -0.0004305
20.00 65.00 -0.0011632
25.00 65.00 -0.0016112
30.00 65.00 -0.0015994
35.00 65.00 -0.001103
40.00 65.00 -0.0002344
45.00 65.00 0.0008263
50.00 65.00 0.0019134
55.00 65.00 0.0029274
60.00 65.00 0.0038374
65.00 65.00 0.004646
70.00 65.00 0.0053434
75.00 65.00 0.0058818
80.00 65.00 0.006183
85.00 65.00 0.0061734
90.00 65.00 0.0058184
95.00 65.00 0.0051353
100.00 65.00 0.0041834
105.00 65.00 0.0030523
110.00 65.00 0.0018649
115.00 65.00 0.0007878
120.00 65.00 1.63e-05
125.00 65.00 -0.0002848
130.00 65.00 -6.49e-05
135.00 65.00 0.000556
140.00 65.00 0.001306
145.00 65.00 0.0018566
150.00 65.00 0.0019506
155.00 65.00 0.0015047
160.00 65.00 0.0006467
165.00 65.00 -0.000324
170.00 65.00 -0.0010376
175.00 65.00 -0.0011869
180.00 65.00 -0.0006479
-180.00 70.00 -0.0002482
-175.00 70.00 0.0008842
-170.00 70.00 0.0022606
-165.00 70.00 0.0036244
-160.00 70.00 0.0047392
-155.00 70.00 0.0054559
-150.00 70.00 0.0057433
-145.00 70.00 0.0056767
-140.00 70.00 0.0053957
-135.00 70.00 0.0050522
-130.00 70.00 0.0047661
-125.00 70.00 0.0046013
-120.00 70.00 0.0045599
-115.00 70.00 0.0045929
-110.00 70.00 0.0046195
-105.00 70.00 0.0045516
-100.00 70.00 0.0043201
-95.00 70.00 0.003899
-90.00 70.00 0.0033199
-85.00 70.00 0.00267
-80.00 70.00 0.0020704
-75.00 70.00 0.0016382
-70.00 70.00 0.0014448
-65.00 70.00 0.0014873
-60.00 70.00 0.0016842
-55.00 70.00 0.0019003
-50.00 70.00 0.0019918
-45.00 70.00 0.0018558
-40.00 70.00 0.0014658
-35.00 70.00 0.0008797
-30.00 70.00 0.0002193
-25.00 70.00 -0.0003721
-20.00 70.00 -0.0007764
-15.00 70.00 -0.0009353
-10.00 70.00 -0.0008623
-5.00 70.00 -0.0006289
0.00 70.00 -0.0003335
5.00 70.00 -6.4e-05
10.00 70.00 0.0001308
15.00 70.00 0.0002525
20.00 70.00 0.0003417
25.00 70.00 0.0004519
30.00 70.00 0.0006204
35.00 70.00 0.0008509
40.00 70.00 0.0011149
45.00 70.00 0.0013717
50.00 70.00 0.0015937
55.00 70.00 0.0017834
60.00 70.00 0.0019734
65.00 70.00 0.0022074
70.00 70.00 0.0025131
75.00 70.00 0.0028784
80.00 70.00 0.0032431
85.00 70.00 0.0035108
90.00 70.00 0.0035766
95.00 70.00 0.0033627
100.00 70.00 0.0028491
105.00 70.00 0.002092
110.00 70.00 0.001219
115.00 70.00 0.0004018
120.00 70.00 -0.0001915
125.00 70.00 -0.0004516
130.00 70.00 -0.0003694
135.00 70.00 -4.66e-05
140.00 70.00 0.0003349
145.00 70.00 0.0005775
150.00 70.00 0.0005418
155.00 70.00 0.0002036
160.00 70.00 -0.0003295
165.00 70.00 -0.0008494
170.00 70.00 -0.001116
175.00 70.00 -0.0009395
180.00 70.00 -0.0002482
-180.00 75.00 0.0018297
-175.00 75.00 0.0027167
-170.00 75.00 0.0036735
-165.00 75.00 0.0045835
-160.00 75.00 0.0053354
-155.00 75.00 0.0058472
-150.00 75.00 0.0060821
-145.00 75.00 0.006052
-140.00 75.00 0.0058082
-135.00 75.00 0.0054253
-130.00 75.00 0.004981
-125.00 75.00 0.0045402
-120.00 75.00 0.0041444
-115.00 75.00 0.0038096
-110.00 75.00 0.0035311
-105.00 75.00 0.003292
-100.00 75.00 0.0030744
-95.00 75.00 0.0028674
-90.00 75.00 0.0026723
-85.00 75.00 0.0025009
-80.00 75.00 0.0023694
-75.00 75.00 0.0022887
-70.00 75.00 0.0022558
-65.00 75.00 0.0022482
-60.00 75.00 0.0022267
-55.00 75.00 0.0021436
-50.00 75.00 0.0019566
-45.00 75.00 0.0016435
-40.00 75.00 0.0012113
-35.00 75.00 0.0006989
-30.00 75.00 0.0001699
-25.00 75.00 -0.0003006
-20.00 75.00 -0.0006433
-15.00 75.00 -0.000809
-10.00 75.00 -0.0007783
-5.00 75.00 -0.0005635
0.00 75.00 -0.0002039
5.00 75.00 0.0002442
10.00 75.00 0.0007182
15.00 75.00 0.0011588
20.00 75.00 0.001517
25.00 75.00 0.0017577
30.00 75.00 0.001862
35.00 75.00 0.0018274
40.00 75.00 0.0016691
45.00 75.00 0.00142
50.00 75.00 0.0011284
55.00 75.00 0.000853
60.00 75.00 0.000653
65.00 75.00 0.0005764
70.00 75.00 0.0006479
75.00 75.00 0.0008604
80.00 75.00 0.0011749
85.00 75.00 0.0015268
90.00 75.00 0.0018419
95.00 75.00 0.002054
100.00 75.00 0.0021217
105.00 75.00 0.0020383
110.00 75.00 0.0018318
115.00 75.00 0.0015539
120.00 75.00 0.0012636
125.00 75.00 0.0010087
130.00 75.00 0.0008128
135.00 75.00 0.0006723
140.00 75.00 0.0005647
145.00 75.00 0.0004642
150.00 75.00 0.0003601
155.00 75.00 0.000269
160.00 75.00 0.0002368
165.00 75.00 0.0003282
170.00 75.00 0.000606
175.00 75.00 0.0011081
180.00 75.00 0.0018297
-180.00 80.00 0.002595
-175.00 80.00 0.0029867
-170.00 80.00 0.003372
-165.00 80.00 0.0037163
-160.00 80.00 0.0039881
-155.00 80.00 0.0041634
-150.00 80.00 0.0042295
-145.00 80.00 0.0041859
-140.00 80.00 0.0040439
-135.00 80.00 0.0038234
-130.00 80.00 0.0035498
-125.00 80.00 0.0032502
-120.00 80.00 0.0029499
-115.00 80.00 0.0026694
-110.00 80.00 0.0024231
-105.00 80.00 0.0022201
-100.00 80.00 0.0020644
-95.00 80.00 0.0019552
-90.00 80.00 0.0018882
-85.00 80.00 0.0018563
-80.00 80.00 0.0018503
-75.00 80.00 0.001859
-70.00 80.00 0.0018693
-65.00 80.00 0.0018681
-60.00 80.00 0.0018436
-55.00 80.00 0.0017875
-50.00 80.00 0.0016963
-45.00 80.00 0.0015733
-40.00 80.00 0.0014288
-35.00 80.00 0.0012795
-30.00 80.00 0.0011461
-25.00 80.00 0.0010504
-20.00 80.00 0.0010112
-15.00 80.00 0.0010416
-10.00 80.00 0.0011461
-5.00 80.00 0.0013193
0.00 80.00 0.0015468
5.00 80.00 0.0018067
10.00 80.00 0.0020724
15.00 80.00 0.0023165
20.00 80.00 0.0025147
25.00 80.00 0.0026487
30.00 80.00 0.0027086
35.00 80.00 0.0026942
40.00 80.00 0.0026151
45.00 80.00 0.0024898
50.00 80.00 0.0023421
55.00 80.00 0.0021981
60.00 80.00 0.0020819
65.00 80.00 0.0020123
70.00 80.00 0.0019998
75.00 80.00 0.0020439
80.00 80.00 0.0021342
85.00 80.00 0.0022523
90.00 80.00 0.0023757
95.00 80.00 0.0024811
100.00 80.00 0.0025485
105.00 80.00 0.0025648
110.00 80.00 0.0025251
115.00 80.00 0.0024328
120.00 80.00 0.0022973
125.00 80.00 0.0021325
130.00 80.00 0.0019548
135.00 80.00 0.0017813
140.00 80.00 0.0016284
145.00 80.00 0.0015119
150.00 80.00 0.0014467
155.00 80.00 0.0014464
160.00 80.00 0.0015218
165.00 80.00 0.0016792
170.00 80.00 0.0019182
175.00 80.00 0.0022297
180.00 80.00 0.002595
-180.00 85.00 0.0025513
-175.00 85.00 0.0025895
-170.00 85.00 0.0026272
-165.00 85.00 0.0026605
-160.00 85.00 0.0026853
-155.00 85.00 0.0026979
-150.00 85.00 0.0026964
-145.00 85.00 0.0026809
-140.00 85.00 0.002653
-135.00 85.00 0.0026145
-130.00 85.00 0.0025674
-125.00 85.00 0.0025141
-120.00 85.00 0.0024578
-115.00 85.00 0.0024029
-110.00 85.00 0.0023533
-105.00 85.00 0.0023118
-100.00 85.00 0.0022795
-95.00 85.00 0.0022568
-90.00 85.00 0.0022438
-85.00 85.00 0.0022409
-80.00 85.00 0.0022481
-75.00 85.00 0.0022641
-70.00 85.00 0.0022865
-65.00 85.00 0.0023129
-60.00 85.00 0.0023422
-55.00 85.00 0.0023743
-50.00 85.00 0.0024098
-45.00 85.00 0.0024488
-40.00 85.00 0.0024911
-35.00 85.00 0.002537
-30.00 85.00 0.0025874
-25.00 85.00 0.0026441
-20.00 85.00 0.0027083
-15.00 85.00 0.0027797
-10.00 85.00 0.0028568
-5.00 85.00 0.0029372
0.00 85.00 0.0030186
5.00 85.00 0.0030992
10.00 85.00 0.0031766
15.00 85.00 0.0032478
20.00 85.00 0.0033094
25.00 85.00 0.0033586
30.00 85.00 0.0033943
35.00 85.00 0.0034169
40.00 85.00 0.0034276
45.00 85.00 0.0034276
50.00 85.00 0.003418
55.00 85.00 0.0034003
60.00 85.00 0.0033766
65.00 85.00 0.0033493
70.00 85.00 0.0033202
75.00 85.00 0.0032901
80.00 85.00 0.0032583
85.00 85.00 0.0032234
90.00 85.00 0.0031846
95.00 85.00 0.0031412
100.00 85.00 0.0030931
105.00 85.00 0.0030396
110.00 85.00 0.0029802
115.00 85.00 0.0029149
120.00 85.00 0.0028451
125.00 85.00 0.0027735
130.00 85.00 0.0027033
135.00 85.00 0.0026378
140.00 85.00 0.0025795
145.00 85.00 0.0025306
150.00 85.00 0.0024931
155.00 85.00 0.0024694
160.00 85.00 0.0024608
165.00 85.00 0.0024673
170.00 85.00 0.0024867
175.00 85.00 0.0025159
180.00 85.00 0.0025513
-180.00 90.00 0.0030088
-175.00 90.00 0.0030088
-170.00 90.00 0.0030088
-165.00 90.00 0.0030088
-160.00 90.00 0.0030088
-155.00 90.00 0.0030088
-150.00 90.00 0.0030088
-145.00 90.00 0.0030088
-140.00 90.00 0.0030088
-135.00 90.00 0.0030088
-130.00 90.00 0.0030088
-125.00 90.00 0.0030088
-120.00 90.00 0.0030088
-115.00 90.00 0.0030088
-110.00 90.00 0.0030088
-105.00 90.00 0.0030088
-100.00 90.00 0.0030088
-95.00 90.00 0.0030088
-90.00 90.00 0.0030088
-85.00 90.00 0.0030088
-80.00 90.00 0.0030088
-75.00 90.00 0.0030088
-70.00 90.00 0.0030088
-65.00 90.00 0.0030088
-60.00 90.00 0.0030088
-55.00 90.00 0.0030088
-50.00 90.00 0.0030088
-45.00 90.00 0.0030088
-40.00 90.00 0.0030088
-35.00 90.00 0.0030088
-30.00 90.00 0.0030088
-25.00 90.00 0.0030088
-20.00 90.00 0.0030088
-15.00 90.00 0.0030088
-10.00 90.00 0.0030088
-5.00 90.00 0.0030088
0.00 90.00 0.0030088
5.00 90.00 0.0030088
10.00 90.00 0.0030088
15.00 90.00 0.0030088
20.00 90.00 0.0030088
25.00 90.00 0.0030088
30.00 90.00 0.0030088
35.00 90.00 0.0030088
40.00 90.00 0.0030088
45.00 90.00 0.0030088
50.00 90.00 0.0030088
55.00 90.00 0.0030088
60.00 90.00 0.0030088
65.00 90.00 0.0030088
70.00 90.00 0.0030088
75.00 90.00 0.0030088
80.00 90.00 0.0030088
85.00 90.00 0.0030088
90.00 90.00 0.0030088
95.00 90.00 0.0030088
100.00 90.00 0.0030088
105.00 90.00 0.0030088
110.00 90.00 0.0030088
115.00 90.00 0.0030088
120.00 90.00 0.0030088
125.00 90.00 0.0030088
130.00 90.00 0.0030088
135.00 90.00 0.0030088
140.00 90.00 0.0030088
145.00 90.00 0.0030088
150.00 90.00 0.0030088
155.00 90.00 0.0030088
160.00 90.00 0.0030088
165.00 90.00 0.0030088
170.00 90.00 0.0030088
175.00 90.00 0.0030088
180.00 90.00 0.0030088
