-180.00 -90.00 0.00072177
-175.00 -90.00 0.00072177
-170.00 -90.00 0.00072177
-165.00 -90.00 0.00072177
-160.00 -90.00 0.00072177
-155.00 -90.00 0.00072177
-150.00 -90.00 0.00072174
-145.00 -90.00 0.00072171
-140.00 -90.00 0.00072168
-135.00 -90.00 0.00072165
-130.00 -90.00 0.00072159
-125.00 -90.00 0.00072156
-120.00 -90.00 0.00072153
-115.00 -90.00 0.00072147
-110.00 -90.00 0.00072144
-105.00 -90.00 0.00072141
-100.00 -90.00 0.00072138
-95.00 -90.00 0.00072135
-90.00 -90.00 0.00072132
-85.00 -90.00 0.00072132
-80.00 -90.00 0.00072132
-75.00 -90.00 0.00072132
-70.00 -90.00 0.00072132
-65.00 -90.00 0.00072132
-60.00 -90.00 0.00072135
-55.00 -90.00 0.00072138
-50.00 -90.00 0.00072141
-45.00 -90.00 0.00072144
-40.00 -90.00 0.00072147
-35.00 -90.00 0.00072153
-30.00 -90.00 0.00072156
-25.00 -90.00 0.00072159
-20.00 -90.00 0.00072165
-15.00 -90.00 0.00072168
-10.00 -90.00 0.00072171
-5.00 -90.00 0.00072174
0.00 -90.00 0.00072174
5.00 -90.00 0.00072177
10.00 -90.00 0.00072177
15.00 -90.00 0.00072177
20.00 -90.00 0.00072177
25.00 -90.00 0.00072177
30.00 -90.00 0.00072174
35.00 -90.00 0.00072171
40.00 -90.00 0.00072168
45.00 -90.00 0.00072165
50.00 -90.00 0.00072159
55.00 -90.00 0.00072156
60.00 -90.00 0.00072153
65.00 -90.00 0.00072147
70.00 -90.00 0.00072144
75.00 -90.00 0.00072141
80.00 -90.00 0.00072138
85.00 -90.00 0.00072135
90.00 -90.00 0.00072132
95.00 -90.00 0.00072132
100.00 -90.00 0.00072132
105.00 -90.00 0.00072132
110.00 -90.00 0.00072132
115.00 -90.00 0.00072132
120.00 -90.00 0.00072135
125.00 -90.00 0.00072138
130.00 -90.00 0.00072141
135.00 -90.00 0.00072144
140.00 -90.00 0.00072147
145.00 -90.00 0.00072153
150.00 -90.00 0.00072156
155.00 -90.00 0.00072162
160.00 -90.00 0.00072165
165.00 -90.00 0.00072168
170.00 -90.00 0.00072171
175.00 -90.00 0.00072174
180.00 -90.00 0.00072177
-180.00 -85.00 0.00135324
-175.00 -85.00 0.0013701
-170.00 -85.00 0.00138207
-165.00 -85.00 0.00138783
-160.00 -85.00 0.00138624
-155.00 -85.00 0.00137646
-150.00 -85.00 0.00135771
-145.00 -85.00 0.00132927
-140.00 -85.00 0.00129063
-135.00 -85.00 0.00124146
-130.00 -85.00 0.00118185
-125.00 -85.00 0.00111201
-120.00 -85.00 0.00103242
-115.00 -85.00 0.00094362
-110.00 -85.00 0.00084639
-105.00 -85.00 0.00074193
-100.00 -85.00 0.00063168
-95.00 -85.00 0.00051735
-90.00 -85.00 0.00040071
-85.00 -85.00 0.00028368
-80.00 -85.00 0.00016848
-75.00 -85.00 5.742e-05
-70.00 -85.00 -4.725e-05
-65.00 -85.00 -0.00014337
-60.00 -85.00 -0.00022905
-55.00 -85.00 -0.00030252
-50.00 -85.00 -0.00036225
-45.00 -85.00 -0.0004071
-40.00 -85.00 -0.00043638
-35.00 -85.00 -0.00044973
-30.00 -85.00 -0.00044709
-25.00 -85.00 -0.00042855
-20.00 -85.00 -0.00039462
-15.00 -85.00 -0.00034608
-10.00 -85.00 -0.00028392
-5.00 -85.00 -0.00020928
0.00 -85.00 -0.00012333
5.00 -85.00 -2.748e-05
10.00 -85.00 7.662e-05
15.00 -85.00 0.00018702
20.00 -85.00 0.00030171
25.00 -85.00 0.00041859
30.00 -85.00 0.00053556
35.00 -85.00 0.00065025
40.00 -85.00 0.00076026
45.00 -85.00 0.00086331
50.00 -85.00 0.00095739
55.00 -85.00 0.00104088
60.00 -85.00 0.00111249
65.00 -85.00 0.00117135
70.00 -85.00 0.00121704
75.00 -85.00 0.00124971
80.00 -85.00 0.00127017
85.00 -85.00 0.00127977
90.00 -85.00 0.00128013
95.00 -85.00 0.00127314
100.00 -85.00 0.0012609
105.00 -85.00 0.00124563
110.00 -85.00 0.00122943
115.00 -85.00 0.00121422
120.00 -85.00 0.00120153
125.00 -85.00 0.00119268
130.00 -85.00 0.00118848
135.00 -85.00 0.00118941
140.00 -85.00 0.00119553
145.00 -85.00 0.0012066
150.00 -85.00 0.00122208
155.00 -85.00 0.00124125
160.00 -85.00 0.00126312
165.00 -85.00 0.00128652
170.00 -85.00 0.00131016
175.00 -85.00 0.00133284
180.00 -85.00 0.00135324
-180.00 -80.00 0.00110088
-175.00 -80.00 0.00115392
-170.00 -80.00 0.00120363
-165.00 -80.00 0.00124857
-160.00 -80.00 0.00128544
-155.00 -80.00 0.00131211
-150.00 -80.00 0.00132828
-145.00 -80.00 0.00133305
-140.00 -80.00 0.00132393
-135.00 -80.00 0.00129957
-130.00 -80.00 0.00126105
-125.00 -80.00 0.00120963
-120.00 -80.00 0.00114465
-115.00 -80.00 0.00106524
-110.00 -80.00 0.00097254
-105.00 -80.00 0.00086802
-100.00 -80.00 0.00075114
-95.00 -80.00 0.00062073
-90.00 -80.00 0.00047793
-85.00 -80.00 0.00032592
-80.00 -80.00 0.00016737
-75.00 -80.00 4.68e-06
-70.00 -80.00 -0.00015708
-65.00 -80.00 -0.00031035
-60.00 -80.00 -0.00044838
-55.00 -80.00 -0.00056676
-50.00 -80.00 -0.00066156
-45.00 -80.00 -0.00072861
-40.00 -80.00 -0.00076632
-35.00 -80.00 -0.00077718
-30.00 -80.00 -0.00076521
-25.00 -80.00 -0.00073305
-20.00 -80.00 -0.00068274
-15.00 -80.00 -0.00061746
-10.00 -80.00 -0.00053973
-5.00 -80.00 -0.00044844
0.00 -80.00 -0.00034035
5.00 -80.00 -0.00021333
10.00 -80.00 -6.705e-05
15.00 -80.00 9.924e-05
20.00 -80.00 0.00028611
25.00 -80.00 0.00049062
30.00 -80.00 0.00070569
35.00 -80.00 0.00092325
40.00 -80.00 0.00113598
45.00 -80.00 0.00133551
50.00 -80.00 0.0015117
55.00 -80.00 0.00165552
60.00 -80.00 0.00176184
65.00 -80.00 0.00182772
70.00 -80.00 0.00185049
75.00 -80.00 0.00182925
80.00 -80.00 0.00176766
85.00 -80.00 0.00167274
90.00 -80.00 0.00155181
95.00 -80.00 0.00141249
100.00 -80.00 0.00126489
105.00 -80.00 0.00112071
110.00 -80.00 0.00098937
115.00 -80.00 0.00087687
120.00 -80.00 0.00078771
125.00 -80.00 0.00072579
130.00 -80.00 0.00069192
135.00 -80.00 0.00068268
140.00 -80.00 0.0006936
145.00 -80.00 0.0007215
150.00 -80.00 0.0007632
155.00 -80.00 0.00081381
160.00 -80.00 0.00086868
165.00 -80.00 0.00092592
170.00 -80.00 0.00098508
175.00 -80.00 0.00104427
180.00 -80.00 0.00110088
-180.00 -75.00 0.00058428
-175.00 -75.00 0.00058182
-170.00 -75.00 0.0005883
-165.00 -75.00 0.00060408
-160.00 -75.00 0.00062688
-155.00 -75.00 0.00065202
-150.00 -75.00 0.00067383
-145.00 -75.00 0.00068745
-140.00 -75.00 0.00068976
-135.00 -75.00 0.00068028
-130.00 -75.00 0.00066174
-125.00 -75.00 0.00063969
-120.00 -75.00 0.0006207
-115.00 -75.00 0.00061071
-110.00 -75.00 0.00061353
-105.00 -75.00 0.00062949
-100.00 -75.00 0.00065442
-95.00 -75.00 0.00068043
-90.00 -75.00 0.00069729
-85.00 -75.00 0.00069396
-80.00 -75.00 0.00066084
-75.00 -75.00 0.00059271
-70.00 -75.00 0.00049083
-65.00 -75.00 0.00036351
-60.00 -75.00 0.00022533
-55.00 -75.00 9.426e-05
-50.00 -75.00 -1.323e-05
-45.00 -75.00 -8.694e-05
-40.00 -75.00 -0.0001257
-35.00 -75.00 -0.00013749
-30.00 -75.00 -0.00013692
-25.00 -75.00 -0.00014031
-20.00 -75.00 -0.00016032
-15.00 -75.00 -0.00020235
-10.00 -75.00 -0.00026322
-5.00 -75.00 -0.00033195
0.00 -75.00 -0.00039189
5.00 -75.00 -0.00042456
10.00 -75.00 -0.00041325
15.00 -75.00 -0.00034575
20.00 -75.00 -0.00021708
25.00 -75.00 -3.096e-05
30.00 -75.00 0.00020073
35.00 -75.00 0.0004602
40.00 -75.00 0.00072663
45.00 -75.00 0.00097995
50.00 -75.00 0.00120387
55.00 -75.00 0.00138735
60.00 -75.00 0.00152373
65.00 -75.00 0.00160923
70.00 -75.00 0.00164151
75.00 -75.00 0.00161883
80.00 -75.00 0.00154062
85.00 -75.00 0.00140952
90.00 -75.00 0.0012336
95.00 -75.00 0.00102705
100.00 -75.00 0.00080925
105.00 -75.00 0.00060258
110.00 -75.00 0.00042828
115.00 -75.00 0.00030204
120.00 -75.00 0.00023154
125.00 -75.00 0.00021552
130.00 -75.00 0.00024489
135.00 -75.00 0.00030513
140.00 -75.00 0.0003801
145.00 -75.00 0.00045534
150.00 -75.00 0.00051972
155.00 -75.00 0.00056655
160.00 -75.00 0.00059397
165.00 -75.00 0.00060405
170.00 -75.00 0.00060153
175.00 -75.00 0.00059268
180.00 -75.00 0.00058428
-180.00 -70.00 0.00046443
-175.00 -70.00 0.00040746
-170.00 -70.00 0.00038466
-165.00 -70.00 0.000399
-160.00 -70.00 0.00044502
-155.00 -70.00 0.0005106
-150.00 -70.00 0.00057951
-145.00 -70.00 0.0006342
-140.00 -70.00 0.00065922
-135.00 -70.00 0.00064533
-130.00 -70.00 0.0005934
-125.00 -70.00 0.00051549
-120.00 -70.00 0.00043242
-115.00 -70.00 0.00036825
-110.00 -70.00 0.00034371
-105.00 -70.00 0.0003717
-100.00 -70.00 0.00045561
-95.00 -70.00 0.00058926
-90.00 -70.00 0.00075732
-85.00 -70.00 0.00093513
-80.00 -70.00 0.00109011
-75.00 -70.00 0.00118701
-70.00 -70.00 0.00119835
-65.00 -70.00 0.00111588
-60.00 -70.00 0.00095784
-55.00 -70.00 0.000765
-50.00 -70.00 0.00058563
-45.00 -70.00 0.00045525
-40.00 -70.00 0.00038151
-35.00 -70.00 0.00034224
-30.00 -70.00 0.00029766
-25.00 -70.00 0.00021009
-20.00 -70.00 6.018e-05
-15.00 -70.00 -0.00014724
-10.00 -70.00 -0.00038859
-5.00 -70.00 -0.00063243
0.00 -70.00 -0.00084921
5.00 -70.00 -0.00101547
10.00 -70.00 -0.00111351
15.00 -70.00 -0.00113058
20.00 -70.00 -0.0010608
25.00 -70.00 -0.00090942
30.00 -70.00 -0.00069612
35.00 -70.00 -0.00045315
40.00 -70.00 -0.00021693
45.00 -70.00 -1.62e-05
50.00 -70.00 0.00013755
55.00 -70.00 0.000252
60.00 -70.00 0.00034665
65.00 -70.00 0.0004401
70.00 -70.00 0.0005382
75.00 -70.00 0.00062946
80.00 -70.00 0.00068922
85.00 -70.00 0.00069138
90.00 -70.00 0.00062121
95.00 -70.00 0.00048411
100.00 -70.00 0.00030621
105.00 -70.00 0.00012738
110.00 -70.00 -1.119e-05
115.00 -70.00 -7.911e-05
120.00 -70.00 -6.462e-05
125.00 -70.00 2.412e-05
130.00 -70.00 0.00016413
135.00 -70.00 0.00032592
140.00 -70.00 0.00048174
145.00 -70.00 0.00061062
150.00 -70.00 0.00069987
155.00 -70.00 0.00074376
160.00 -70.00 0.00074226
165.00 -70.00 0.00070044
170.00 -70.00 0.00062901
175.00 -70.00 0.00054405
180.00 -70.00 0.00046443
-180.00 -65.00 0.00038439
-175.00 -65.00 0.00035907
-170.00 -65.00 0.00039624
-165.00 -65.00 0.00048756
-160.00 -65.00 0.00061467
-155.00 -65.00 0.00076266
-150.00 -65.00 0.00092226
-145.00 -65.00 0.00108027
-140.00 -65.00 0.00121119
-135.00 -65.00 0.00128118
-130.00 -65.00 0.00126513
-125.00 -65.00 0.0011631
-120.00 -65.00 0.00100281
-115.00 -65.00 0.00082557
-110.00 -65.00 0.0006672
-105.00 -65.00 0.0005487
-100.00 -65.00 0.0004818
-95.00 -65.00 0.00048048
-90.00 -65.00 0.00056382
-85.00 -65.00 0.00074157
-80.00 -65.00 0.00099135
-75.00 -65.00 0.0012477
-70.00 -65.00 0.00142026
-65.00 -65.00 0.0014376
-60.00 -65.00 0.00129123
-55.00 -65.00 0.001047
-50.00 -65.00 0.00080994
-45.00 -65.00 0.00066162
-40.00 -65.00 0.00061053
-35.00 -65.00 0.00058941
-30.00 -65.00 0.00050184
-25.00 -65.00 0.0002856
-20.00 -65.00 -4.845e-05
-15.00 -65.00 -0.00042522
-10.00 -65.00 -0.00075183
-5.00 -65.00 -0.00096819
0.00 -65.00 -0.00107058
5.00 -65.00 -0.00109773
10.00 -65.00 -0.00109437
15.00 -65.00 -0.00107976
20.00 -65.00 -0.00104139
25.00 -65.00 -0.00095592
30.00 -65.00 -0.00081939
35.00 -65.00 -0.00066297
40.00 -65.00 -0.00054123
45.00 -65.00 -0.00049887
50.00 -65.00 -0.0005388
55.00 -65.00 -0.00061446
60.00 -65.00 -0.0006525
65.00 -65.00 -0.00059289
70.00 -65.00 -0.00042141
75.00 -65.00 -0.00017739
80.00 -65.00 6.573e-05
85.00 -65.00 0.000234
90.00 -65.00 0.0002835
95.00 -65.00 0.00021501
100.00 -65.00 6.906e-05
105.00 -65.00 -9.405e-05
110.00 -65.00 -0.00021849
115.00 -65.00 -0.00027042
120.00 -65.00 -0.00024351
125.00 -65.00 -0.00015318
130.00 -65.00 -2.496e-05
135.00 -65.00 0.00011661
140.00 -65.00 0.00025488
145.00 -65.00 0.00038154
150.00 -65.00 0.00049131
155.00 -65.00 0.00057486
160.00 -65.00 0.00061746
165.00 -65.00 0.00060666
170.00 -65.00 0.00054525
175.00 -65.00 0.00045807
180.00 -65.00 0.00038439
-180.00 -60.00 -0.00015684
-175.00 -60.00 -5.832e-05
-170.00 -60.00 0.00014382
-165.00 -60.00 0.00034692
-160.00 -60.00 0.00046398
-155.00 -60.00 0.00049341
-150.00 -60.00 0.0005136
-145.00 -60.00 0.00060861
-140.00 -60.00 0.00079272
-135.00 -60.00 0.0009999
-130.00 -60.00 0.00114108
-125.00 -60.00 0.00117312
-120.00 -60.00 0.00111966
-115.00 -60.00 0.00103329
-110.00 -60.00 0.00094062
-105.00 -60.00 0.00082236
-100.00 -60.00 0.00064611
-95.00 -60.00 0.00042312
-90.00 -60.00 0.00023694
-85.00 -60.00 0.00020901
-80.00 -60.00 0.0004137
-75.00 -60.00 0.00080391
-70.00 -60.00 0.0012135
-65.00 -60.00 0.0014526
-60.00 -60.00 0.00143568
-55.00 -60.00 0.00124302
-50.00 -60.00 0.00105957
-45.00 -60.00 0.00103077
-40.00 -60.00 0.00114558
-35.00 -60.00 0.00123873
-30.00 -60.00 0.00111231
-25.00 -60.00 0.00068448
-20.00 -60.00 5.715e-05
-15.00 -60.00 -0.00054174
-10.00 -60.00 -0.0008946
-5.00 -60.00 -0.0009159
0.00 -60.00 -0.00068532
5.00 -60.00 -0.00038268
10.00 -60.00 -0.0001749
15.00 -60.00 -0.0001272
20.00 -60.00 -0.00018753
25.00 -60.00 -0.00024603
30.00 -60.00 -0.00022515
35.00 -60.00 -0.00013914
40.00 -60.00 -8.028e-05
45.00 -60.00 -0.00014166
50.00 -60.00 -0.00033483
55.00 -60.00 -0.00056676
60.00 -60.00 -0.00069702
65.00 -60.00 -0.00063039
70.00 -60.00 -0.00037605
75.00 -60.00 -3.552e-05
80.00 -60.00 0.00026145
85.00 -60.00 0.00042417
90.00 -60.00 0.00043416
95.00 -60.00 0.00033735
100.00 -60.00 0.00020919
105.00 -60.00 0.00011136
110.00 -60.00 6.297e-05
115.00 -60.00 4.161e-05
120.00 -60.00 1.266e-05
125.00 -60.00 -3.816e-05
130.00 -60.00 -9.519e-05
135.00 -60.00 -0.00012927
140.00 -60.00 -0.00011946
145.00 -60.00 -6.252e-05
150.00 -60.00 2.751e-05
155.00 -60.00 0.00011871
160.00 -60.00 0.00016476
165.00 -60.00 0.00012702
170.00 -60.00 1.101e-05
175.00 -60.00 -0.00011568
180.00 -60.00 -0.00015684
-180.00 -55.00 -0.00082155
-175.00 -55.00 -0.00047277
-170.00 -55.00 6.114e-05
-165.00 -55.00 0.00044754
-160.00 -55.00 0.00043284
-155.00 -55.00 4.386e-05
-150.00 -55.00 -0.00043944
-145.00 -55.00 -0.00071265
-140.00 -55.00 -0.00066894
-135.00 -55.00 -0.00042849
-130.00 -55.00 -0.00018156
-125.00 -55.00 -1.605e-05
-120.00 -55.00 0.00011718
-115.00 -55.00 0.00030207
-110.00 -55.00 0.00053961
-105.00 -55.00 0.00072273
-100.00 -55.00 0.00071592
-95.00 -55.00 0.00047322
-90.00 -55.00 0.00010932
-85.00 -55.00 -0.00013734
-80.00 -55.00 -4.887e-05
-75.00 -55.00 0.00040632
-70.00 -55.00 0.00102009
-65.00 -55.00 0.00147681
-60.00 -55.00 0.00158799
-55.00 -55.00 0.00143571
-50.00 -55.00 0.00129081
-45.00 -55.00 0.00136725
-40.00 -55.00 0.00162564
-35.00 -55.00 0.00179619
-30.00 -55.00 0.00159609
-25.00 -55.00 0.00095496
-20.00 -55.00 7.527e-05
-15.00 -55.00 -0.00069768
-10.00 -55.00 -0.00108285
-5.00 -55.00 -0.00100653
0.00 -55.00 -0.00061254
5.00 -55.00 -0.00015768
10.00 -55.00 0.00013443
15.00 -55.00 0.00018432
20.00 -55.00 7.941e-05
25.00 -55.00 -2.31e-06
30.00 -55.00 7.206e-05
35.00 -55.00 0.00028185
40.00 -55.00 0.00045939
45.00 -55.00 0.00042678
50.00 -55.00 0.00015987
55.00 -55.00 -0.00016746
60.00 -55.00 -0.00031152
65.00 -55.00 -0.00014976
70.00 -55.00 0.00023436
75.00 -55.00 0.00063309
80.00 -55.00 0.00086802
85.00 -55.00 0.00088587
90.00 -55.00 0.0007545
95.00 -55.00 0.00060441
100.00 -55.00 0.00055803
105.00 -55.00 0.00065976
110.00 -55.00 0.00083442
115.00 -55.00 0.00092523
120.00 -55.00 0.00081234
125.00 -55.00 0.0005181
130.00 -55.00 0.00019197
135.00 -55.00 -1.485e-05
140.00 -55.00 -5.955e-05
145.00 -55.00 -4.35e-06
150.00 -55.00 6.318e-05
155.00 -55.00 7.956e-05
160.00 -55.00 -5.25e-06
165.00 -55.00 -0.00022791
170.00 -55.00 -0.00055227
175.00 -55.00 -0.00082008
180.00 -55.00 -0.00082155
-180.00 -50.00 -0.00084942
-175.00 -50.00 -0.00032046
-170.00 -50.00 0.00051129
-165.00 -50.00 0.00108195
-160.00 -50.00 0.00095463
-155.00 -50.00 0.00018969
-150.00 -50.00 -0.00071736
-145.00 -50.00 -0.00126519
-140.00 -50.00 -0.00132777
-135.00 -50.00 -0.00114456
-130.00 -50.00 -0.00099189
-125.00 -50.00 -0.00091092
-120.00 -50.00 -0.0007458
-115.00 -50.00 -0.00037785
-110.00 -50.00 0.00012732
-105.00 -50.00 0.00057417
-100.00 -50.00 0.00078027
-95.00 -50.00 0.00068001
-90.00 -50.00 0.00036807
-85.00 -50.00 8.364e-05
-80.00 -50.00 9.387e-05
-75.00 -50.00 0.0004956
-70.00 -50.00 0.00109506
-65.00 -50.00 0.00152787
-60.00 -50.00 0.00155868
-55.00 -50.00 0.00128502
-50.00 -50.00 0.00103272
-45.00 -50.00 0.00103794
-40.00 -50.00 0.00123192
-35.00 -50.00 0.00132969
-30.00 -50.00 0.00110445
-25.00 -50.00 0.00056625
-20.00 -50.00 -8.97e-05
-15.00 -50.00 -0.0006522
-10.00 -50.00 -0.00100404
-5.00 -50.00 -0.00112656
0.00 -50.00 -0.00106455
5.00 -50.00 -0.00090381
10.00 -50.00 -0.00074685
15.00 -50.00 -0.00066267
20.00 -50.00 -0.00062937
25.00 -50.00 -0.00052914
30.00 -50.00 -0.0002436
35.00 -50.00 0.00019611
40.00 -50.00 0.00055626
45.00 -50.00 0.00056241
50.00 -50.00 0.00017178
55.00 -50.00 -0.0003267
60.00 -50.00 -0.00053547
65.00 -50.00 -0.00029082
70.00 -50.00 0.00022554
75.00 -50.00 0.00069468
80.00 -50.00 0.00092841
85.00 -50.00 0.00093399
90.00 -50.00 0.00081264
95.00 -50.00 0.00068886
100.00 -50.00 0.0007059
105.00 -50.00 0.00095496
110.00 -50.00 0.00132978
115.00 -50.00 0.00151929
120.00 -50.00 0.00126165
125.00 -50.00 0.00063339
130.00 -50.00 2.316e-05
135.00 -50.00 -0.00022065
140.00 -50.00 -8.769e-05
145.00 -50.00 0.00016368
150.00 -50.00 0.0003084
155.00 -50.00 0.00030987
160.00 -50.00 0.00020274
165.00 -50.00 -4.488e-05
170.00 -50.00 -0.0004494
175.00 -50.00 -0.00083091
180.00 -50.00 -0.00084942
-180.00 -45.00 -0.00015501
-175.00 -45.00 6.723e-05
-170.00 -45.00 0.00070233
-165.00 -45.00 0.00121149
-160.00 -45.00 0.00111027
-155.00 -45.00 0.00044097
-150.00 -45.00 -0.00027972
-145.00 -45.00 -0.00058023
-140.00 -45.00 -0.00047394
-135.00 -45.00 -0.00034887
-130.00 -45.00 -0.00045699
-125.00 -45.00 -0.00062538
-120.00 -45.00 -0.00051729
-115.00 -45.00 -6.642e-05
-110.00 -45.00 0.00046482
-105.00 -45.00 0.00079761
-100.00 -45.00 0.00086526
-95.00 -45.00 0.00074622
-90.00 -45.00 0.0005355
-85.00 -45.00 0.00035673
-80.00 -45.00 0.00037917
-75.00 -45.00 0.00067584
-70.00 -45.00 0.00106905
-65.00 -45.00 0.00122595
-60.00 -45.00 0.00097311
-55.00 -45.00 0.00048696
-50.00 -45.00 0.0001215
-45.00 -45.00 5.196e-05
-40.00 -45.00 0.00014088
-35.00 -45.00 0.00016911
-30.00 -45.00 0.00011862
-25.00 -45.00 0.00014082
-20.00 -45.00 0.00027858
-15.00 -45.00 0.00034596
-10.00 -45.00 0.00013506
-5.00 -45.00 -0.0003318
0.00 -45.00 -0.00081966
5.00 -45.00 -0.00111156
10.00 -45.00 -0.00117249
15.00 -45.00 -0.00111615
20.00 -45.00 -0.00105597
25.00 -45.00 -0.00097965
30.00 -45.00 -0.00076425
35.00 -45.00 -0.00036159
40.00 -45.00 2.262e-05
45.00 -45.00 3.57e-05
50.00 -45.00 -0.00044193
55.00 -45.00 -0.00107676
60.00 -45.00 -0.00136101
65.00 -45.00 -0.00111339
70.00 -45.00 -0.00060183
75.00 -45.00 -0.00016818
80.00 -45.00 0.00011886
85.00 -45.00 0.00035994
90.00 -45.00 0.00053688
95.00 -45.00 0.00054432
100.00 -45.00 0.00047559
105.00 -45.00 0.00062103
110.00 -45.00 0.00104562
115.00 -45.00 0.00133503
120.00 -45.00 0.00099129
125.00 -45.00 6.792e-05
130.00 -45.00 -0.00078567
135.00 -45.00 -0.00098898
140.00 -45.00 -0.00060633
145.00 -45.00 -0.00015606
150.00 -45.00 3.948e-05
155.00 -45.00 0.00012141
160.00 -45.00 0.0003201
165.00 -45.00 0.00053763
170.00 -45.00 0.00047697
175.00 -45.00 0.00011463
180.00 -45.00 -0.00015501
-180.00 -40.00 0.00038304
-175.00 -40.00 -6.297e-05
-170.00 -40.00 -3.573e-05
-165.00 -40.00 0.00025095
-160.00 -40.00 0.00040455
-155.00 -40.00 0.00028395
-150.00 -40.00 0.00012735
-145.00 -40.00 0.00022104
-140.00 -40.00 0.00046761
-135.00 -40.00 0.00045813
-130.00 -40.00 5.562e-05
-125.00 -40.00 -0.00031314
-120.00 -40.00 -0.00015984
-115.00 -40.00 0.00042468
-110.00 -40.00 0.00089061
-105.00 -40.00 0.00089823
-100.00 -40.00 0.0005916
-95.00 -40.00 0.00024987
-90.00 -40.00 -2.133e-05
-85.00 -40.00 -0.00018261
-80.00 -40.00 -0.000123
-75.00 -40.00 0.00018012
-70.00 -40.00 0.00048213
-65.00 -40.00 0.00043569
-60.00 -40.00 -4.386e-05
-55.00 -40.00 -0.00065316
-50.00 -40.00 -0.00098808
-45.00 -40.00 -0.00094242
-40.00 -40.00 -0.00075513
-35.00 -40.00 -0.00062757
-30.00 -40.00 -0.00041118
-25.00 -40.00 0.0001545
-20.00 -40.00 0.00094323
-15.00 -40.00 0.00143442
-10.00 -40.00 0.00129027
-5.00 -40.00 0.00074031
0.00 -40.00 0.00026385
5.00 -40.00 5.52e-05
10.00 -40.00 -4.974e-05
15.00 -40.00 -0.00026043
20.00 -40.00 -0.00062112
25.00 -40.00 -0.00102228
30.00 -40.00 -0.00126795
35.00 -40.00 -0.00120834
40.00 -40.00 -0.00094875
45.00 -40.00 -0.00084534
50.00 -40.00 -0.00112131
55.00 -40.00 -0.00154065
60.00 -40.00 -0.0016581
65.00 -40.00 -0.00138009
70.00 -40.00 -0.00105042
75.00 -40.00 -0.00091806
80.00 -40.00 -0.0007764
85.00 -40.00 -0.00034074
90.00 -40.00 0.0002061
95.00 -40.00 0.00039666
100.00 -40.00 0.00019431
105.00 -40.00 0.00014082
110.00 -40.00 0.00059412
115.00 -40.00 0.00111105
120.00 -40.00 0.00093744
125.00 -40.00 1.47e-05
130.00 -40.00 -0.0008676
135.00 -40.00 -0.00100422
140.00 -40.00 -0.00056754
145.00 -40.00 -0.00026232
150.00 -40.00 -0.0003666
155.00 -40.00 -0.00043311
160.00 -40.00 2.19e-05
165.00 -40.00 0.00081237
170.00 -40.00 0.00127011
175.00 -40.00 0.00102492
180.00 -40.00 0.00038304
-180.00 -35.00 4.176e-05
-175.00 -35.00 -0.00071007
-170.00 -35.00 -0.00101904
-165.00 -35.00 -0.00069627
-160.00 -35.00 -4.053e-05
-155.00 -35.00 0.00041046
-150.00 -35.00 0.00044664
-145.00 -35.00 0.00034332
-140.00 -35.00 0.00030804
-135.00 -35.00 0.00011457
-130.00 -35.00 -0.00038847
-125.00 -35.00 -0.00077481
-120.00 -35.00 -0.00055365
-115.00 -35.00 5.409e-05
-110.00 -35.00 0.00038064
-105.00 -35.00 0.00019749
-100.00 -35.00 -0.00017295
-95.00 -35.00 -0.00050256
-90.00 -35.00 -0.00086403
-85.00 -35.00 -0.00120348
-80.00 -35.00 -0.00122283
-75.00 -35.00 -0.00082773
-70.00 -35.00 -0.0003624
-65.00 -35.00 -0.00025629
-60.00 -35.00 -0.00060036
-55.00 -35.00 -0.0011082
-50.00 -35.00 -0.00138618
-45.00 -35.00 -0.00127014
-40.00 -35.00 -0.00095325
-35.00 -35.00 -0.00069138
-30.00 -35.00 -0.00041235
-25.00 -35.00 0.00011844
-20.00 -35.00 0.00074127
-15.00 -35.00 0.00094104
-10.00 -35.00 0.00061719
-5.00 -35.00 0.00036969
0.00 -35.00 0.00069216
5.00 -35.00 0.00123378
10.00 -35.00 0.00124803
15.00 -35.00 0.00052353
20.00 -35.00 -0.00049992
25.00 -35.00 -0.00133746
30.00 -35.00 -0.00180555
35.00 -35.00 -0.00190191
40.00 -35.00 -0.00172251
45.00 -35.00 -0.00148878
50.00 -35.00 -0.00137325
55.00 -35.00 -0.0012711
60.00 -35.00 -0.00096276
65.00 -35.00 -0.00052749
70.00 -35.00 -0.00034707
75.00 -35.00 -0.00056895
80.00 -35.00 -0.00078834
85.00 -35.00 -0.00053544
90.00 -35.00 3.792e-05
95.00 -35.00 0.00033042
100.00 -35.00 0.00017652
105.00 -35.00 0.00012888
110.00 -35.00 0.00062949
115.00 -35.00 0.00127752
120.00 -35.00 0.00132885
125.00 -35.00 0.00073077
130.00 -35.00 0.00020538
135.00 -35.00 0.00028683
140.00 -35.00 0.00065109
145.00 -35.00 0.0005928
150.00 -35.00 -3.048e-05
155.00 -35.00 -0.00059649
160.00 -35.00 -0.00047436
165.00 -35.00 0.00022719
170.00 -35.00 0.00080397
175.00 -35.00 0.00071646
180.00 -35.00 4.176e-05
-180.00 -30.00 -0.00067026
-175.00 -30.00 -0.0012087
-170.00 -30.00 -0.00145533
-165.00 -30.00 -0.00090621
-160.00 -30.00 0.00020595
-155.00 -30.00 0.00090663
-150.00 -30.00 0.00060819
-145.00 -30.00 -0.00014778
-140.00 -30.00 -0.00056514
-135.00 -30.00 -0.00068262
-130.00 -30.00 -0.00092364
-125.00 -30.00 -0.00113292
-120.00 -30.00 -0.00093435
-115.00 -30.00 -0.00060123
-110.00 -30.00 -0.00065184
-105.00 -30.00 -0.00091755
-100.00 -30.00 -0.00089001
-95.00 -30.00 -0.0006975
-90.00 -30.00 -0.00087333
-85.00 -30.00 -0.00136866
-80.00 -30.00 -0.00159471
-75.00 -30.00 -0.00131148
-70.00 -30.00 -0.00081618
-65.00 -30.00 -0.00039792
-60.00 -30.00 -0.00016752
-55.00 -30.00 -0.00023952
-50.00 -30.00 -0.00056961
-45.00 -30.00 -0.00080319
-40.00 -30.00 -0.00069897
-35.00 -30.00 -0.00045258
-30.00 -30.00 -0.00028767
-25.00 -30.00 -0.00013734
-20.00 -30.00 -5.4e-05
-15.00 -30.00 -0.00036018
-10.00 -30.00 -0.00092472
-5.00 -30.00 -0.00090819
0.00 -30.00 0.00011721
5.00 -30.00 0.00127236
10.00 -30.00 0.00129207
15.00 -30.00 4.356e-05
20.00 -30.00 -0.00145824
25.00 -30.00 -0.00230187
30.00 -30.00 -0.00241071
35.00 -30.00 -0.00219102
40.00 -30.00 -0.001956
45.00 -30.00 -0.00174591
50.00 -30.00 -0.00144117
55.00 -30.00 -0.00094332
60.00 -30.00 -0.00030087
65.00 -30.00 0.00028545
70.00 -30.00 0.00056307
75.00 -30.00 0.00041427
80.00 -30.00 3.444e-05
85.00 -30.00 -0.0001857
90.00 -30.00 -8.589e-05
95.00 -30.00 0.00012015
100.00 -30.00 0.00026637
105.00 -30.00 0.00050838
110.00 -30.00 0.00093306
115.00 -30.00 0.00123426
120.00 -30.00 0.00113745
125.00 -30.00 0.00088395
130.00 -30.00 0.00092754
135.00 -30.00 0.00131679
140.00 -30.00 0.00164829
145.00 -30.00 0.00151749
150.00 -30.00 0.00087363
155.00 -30.00 4.815e-05
160.00 -30.00 -0.00050241
165.00 -30.00 -0.00058158
170.00 -30.00 -0.0004044
175.00 -30.00 -0.0003582
180.00 -30.00 -0.00067026
-180.00 -25.00 -0.00088203
-175.00 -25.00 -0.00131754
-170.00 -25.00 -0.00165882
-165.00 -25.00 -0.00123243
-160.00 -25.00 -0.0001593
-155.00 -25.00 0.00043893
-150.00 -25.00 -0.00013071
-145.00 -25.00 -0.00108351
-140.00 -25.00 -0.00134373
-135.00 -25.00 -0.00105714
-130.00 -25.00 -0.00093255
-125.00 -25.00 -0.00089892
-120.00 -25.00 -0.00060711
-115.00 -25.00 -0.00047712
-110.00 -25.00 -0.00095649
-105.00 -25.00 -0.00142554
-100.00 -25.00 -0.00109494
-95.00 -25.00 -0.00037218
-90.00 -25.00 -0.00017805
-85.00 -25.00 -0.00051294
-80.00 -25.00 -0.00076839
-75.00 -25.00 -0.00082221
-70.00 -25.00 -0.00079197
-65.00 -25.00 -0.00036618
-60.00 -25.00 0.00055548
-55.00 -25.00 0.00115998
-50.00 -25.00 0.00071463
-45.00 -25.00 -0.00024951
-40.00 -25.00 -0.00070227
-35.00 -25.00 -0.00053595
-30.00 -25.00 -0.00032268
-25.00 -25.00 -0.00023976
-20.00 -25.00 -0.0001836
-15.00 -25.00 -0.0003819
-10.00 -25.00 -0.00090465
-5.00 -25.00 -0.00106332
0.00 -25.00 -0.00028971
5.00 -25.00 0.000738
10.00 -25.00 0.00073527
15.00 -25.00 -0.00060624
20.00 -25.00 -0.00230229
25.00 -25.00 -0.00319257
30.00 -25.00 -0.00297678
35.00 -25.00 -0.00227226
40.00 -25.00 -0.0018552
45.00 -25.00 -0.00183426
50.00 -25.00 -0.00169521
55.00 -25.00 -0.00115683
60.00 -25.00 -0.00051654
65.00 -25.00 -2.382e-05
70.00 -25.00 0.00044148
75.00 -25.00 0.00082869
80.00 -25.00 0.00075054
85.00 -25.00 0.00016713
90.00 -25.00 -0.00035781
95.00 -25.00 -0.00032334
100.00 -25.00 0.00022059
105.00 -25.00 0.00086478
110.00 -25.00 0.0011484
115.00 -25.00 0.0008619
120.00 -25.00 0.00036465
125.00 -25.00 0.00027564
130.00 -25.00 0.00065394
135.00 -25.00 0.00098601
140.00 -25.00 0.00106107
145.00 -25.00 0.00115146
150.00 -25.00 0.00124962
155.00 -25.00 0.00093267
160.00 -25.00 0.00014157
165.00 -25.00 -0.00059133
170.00 -25.00 -0.00084546
175.00 -25.00 -0.00078738
180.00 -25.00 -0.00088203
-180.00 -20.00 -0.00088572
-175.00 -20.00 -0.00144324
-170.00 -20.00 -0.00196836
-165.00 -20.00 -0.00195426
-160.00 -20.00 -0.00144012
-155.00 -20.00 -0.00122433
-150.00 -20.00 -0.00171438
-145.00 -20.00 -0.00212691
-140.00 -20.00 -0.00174447
-135.00 -20.00 -0.00113496
-130.00 -20.00 -0.00100503
-125.00 -20.00 -0.00088536
-120.00 -20.00 -0.00025182
-115.00 -20.00 0.00018297
-110.00 -20.00 -0.00029361
-105.00 -20.00 -0.00096828
-100.00 -20.00 -0.00087663
-95.00 -20.00 -0.0003426
-90.00 -20.00 -0.00010785
-85.00 -20.00 -2.808e-05
-80.00 -20.00 0.00018852
-75.00 -20.00 9.732e-05
-70.00 -20.00 -0.00041973
-65.00 -20.00 -0.00035406
-60.00 -20.00 0.00084285
-55.00 -20.00 0.00189231
-50.00 -20.00 0.00132855
-45.00 -20.00 -0.00030243
-40.00 -20.00 -0.00129192
-35.00 -20.00 -0.00114066
-30.00 -20.00 -0.00067374
-25.00 -20.00 -0.00035802
-20.00 -20.00 1.923e-05
-15.00 -20.00 0.00032007
-10.00 -20.00 9.339e-05
-5.00 -20.00 -0.00042864
0.00 -20.00 -0.00046446
5.00 -20.00 0.00012738
10.00 -20.00 0.00050691
15.00 -20.00 -0.00019677
20.00 -20.00 -0.00184362
25.00 -20.00 -0.00320991
30.00 -20.00 -0.00316182
35.00 -20.00 -0.00204396
40.00 -20.00 -0.00131481
45.00 -20.00 -0.00155283
50.00 -20.00 -0.00182562
55.00 -20.00 -0.00144426
60.00 -20.00 -0.00096843
65.00 -20.00 -0.00081909
70.00 -20.00 -0.00042588
75.00 -20.00 0.00041256
80.00 -20.00 0.00079668
85.00 -20.00 0.00020232
90.00 -20.00 -0.00056991
95.00 -20.00 -0.00057165
100.00 -20.00 0.00016734
105.00 -20.00 0.00097905
110.00 -20.00 0.00123363
115.00 -20.00 0.00076395
120.00 -20.00 0.00016401
125.00 -20.00 0.00018432
130.00 -20.00 0.00055659
135.00 -20.00 0.00037545
140.00 -20.00 -0.0002298
145.00 -20.00 -0.00018165
150.00 -20.00 0.00063444
155.00 -20.00 0.00107301
160.00 -20.00 0.00055524
165.00 -20.00 -0.00021942
170.00 -20.00 -0.00056157
175.00 -20.00 -0.00063135
180.00 -20.00 -0.00088569
-180.00 -15.00 -0.00143784
-175.00 -15.00 -0.00174009
-170.00 -15.00 -0.00186522
-165.00 -15.00 -0.00189966
-160.00 -15.00 -0.00197307
-155.00 -15.00 -0.00230295
-150.00 -15.00 -0.00274632
-145.00 -15.00 -0.00261129
-140.00 -15.00 -0.00175431
-135.00 -15.00 -0.00112812
-130.00 -15.00 -0.00125853
-125.00 -15.00 -0.0012564
-120.00 -15.00 -0.00042474
-115.00 -15.00 0.00043398
-110.00 -15.00 0.00042666
-105.00 -15.00 -4.458e-05
-100.00 -15.00 -0.00031425
-95.00 -15.00 -0.00051507
-90.00 -15.00 -0.00071376
-85.00 -15.00 -0.00036279
-80.00 -15.00 0.00051387
-75.00 -15.00 0.00089295
-70.00 -15.00 0.00039114
-65.00 -15.00 0.00012639
-60.00 -15.00 0.00094605
-55.00 -15.00 0.00182775
-50.00 -15.00 0.00125331
-45.00 -15.00 -0.00050379
-40.00 -15.00 -0.00175098
-35.00 -15.00 -0.00168801
-30.00 -15.00 -0.00107772
-25.00 -15.00 -0.00072078
-20.00 -15.00 -0.0005286
-15.00 -15.00 -0.00030516
-10.00 -15.00 -0.00035703
-5.00 -15.00 -0.00085914
0.00 -15.00 -0.00126459
5.00 -15.00 -0.00087342
10.00 -15.00 8.736e-05
15.00 -15.00 0.00033843
20.00 -15.00 -0.00096003
25.00 -15.00 -0.00267372
30.00 -15.00 -0.00276489
35.00 -15.00 -0.00119388
40.00 -15.00 -0.00015009
45.00 -15.00 -0.00074508
50.00 -15.00 -0.00152031
55.00 -15.00 -0.00123489
60.00 -15.00 -0.00076992
65.00 -15.00 -0.00094914
70.00 -15.00 -0.00090312
75.00 -15.00 -4.98e-05
80.00 -15.00 0.00057273
85.00 -15.00 0.00023232
90.00 -15.00 -0.00026604
95.00 -15.00 -0.00014121
100.00 -15.00 0.00035064
105.00 -15.00 0.00080262
110.00 -15.00 0.00104013
115.00 -15.00 0.00083586
120.00 -15.00 0.00043341
125.00 -15.00 0.00054267
130.00 -15.00 0.00095367
135.00 -15.00 0.0005775
140.00 -15.00 -0.0004887
145.00 -15.00 -0.00081333
150.00 -15.00 -6.444e-05
155.00 -15.00 0.00045048
160.00 -15.00 4.071e-05
165.00 -15.00 -0.00056073
170.00 -15.00 -0.00081951
175.00 -15.00 -0.00105213
180.00 -15.00 -0.00143784
-180.00 -10.00 -0.00199431
-175.00 -10.00 -0.00173013
-170.00 -10.00 -0.0011343
-165.00 -10.00 -0.00083685
-160.00 -10.00 -0.00109935
-155.00 -10.00 -0.00176607
-150.00 -10.00 -0.00235482
-145.00 -10.00 -0.00222552
-140.00 -10.00 -0.0014193
-135.00 -10.00 -0.00085092
-130.00 -10.00 -0.00096225
-125.00 -10.00 -0.00105456
-120.00 -10.00 -0.00056877
-115.00 -10.00 9.066e-05
-110.00 -10.00 0.00047898
-105.00 -10.00 0.00065883
-100.00 -10.00 0.00057138
-95.00 -10.00 5.973e-05
-90.00 -10.00 -0.00040101
-85.00 -10.00 -0.00010191
-80.00 -10.00 0.00078033
-75.00 -10.00 0.00134652
-70.00 -10.00 0.00119598
-65.00 -10.00 0.0008496
-60.00 -10.00 0.00094224
-55.00 -10.00 0.00131859
-50.00 -10.00 0.00113097
-45.00 -10.00 -2.199e-05
-40.00 -10.00 -0.00131925
-35.00 -10.00 -0.00164403
-30.00 -10.00 -0.00109488
-25.00 -10.00 -0.0007779
-20.00 -10.00 -0.00119346
-15.00 -10.00 -0.00173874
-10.00 -10.00 -0.00187779
-5.00 -10.00 -0.00188106
0.00 -10.00 -0.00202221
5.00 -10.00 -0.00182082
10.00 -10.00 -0.00091827
15.00 -10.00 -0.00025755
20.00 -10.00 -0.00103386
25.00 -10.00 -0.00243111
30.00 -10.00 -0.00225225
35.00 -10.00 -0.00037473
40.00 -10.00 0.0006999
45.00 -10.00 -0.00022506
50.00 -10.00 -0.00122364
55.00 -10.00 -0.00076254
60.00 -10.00 -8.637e-05
65.00 -10.00 -0.00039912
70.00 -10.00 -0.00067689
75.00 -10.00 -3.453e-05
80.00 -10.00 0.00058755
85.00 -10.00 0.00052071
90.00 -10.00 0.00048183
95.00 -10.00 0.00075018
100.00 -10.00 0.00073053
105.00 -10.00 0.00051651
110.00 -10.00 0.00061275
115.00 -10.00 0.00061635
120.00 -10.00 0.00018024
125.00 -10.00 9.906e-05
130.00 -10.00 0.00071064
135.00 -10.00 0.00093612
140.00 -10.00 0.00030702
145.00 -10.00 -0.00012483
150.00 -10.00 9.045e-05
155.00 -10.00 1.74e-05
160.00 -10.00 -0.00069918
165.00 -10.00 -0.00128376
170.00 -10.00 -0.00147552
175.00 -10.00 -0.00174339
180.00 -10.00 -0.00199431
-180.00 -5.00 -0.00140883
-175.00 -5.00 -0.00108198
-170.00 -5.00 -0.00051186
-165.00 -5.00 -0.00019572
-160.00 -5.00 -0.00028494
-155.00 -5.00 -0.00069747
-150.00 -5.00 -0.00119397
-145.00 -5.00 -0.00131247
-140.00 -5.00 -0.00090975
-135.00 -5.00 -0.0004395
-130.00 -5.00 -0.00025563
-125.00 -5.00 -0.00025758
-120.00 -5.00 -0.0003327
-115.00 -5.00 -0.00035721
-110.00 -5.00 2.58e-06
-105.00 -5.00 0.0007014
-100.00 -5.00 0.00112227
-95.00 -5.00 0.001089
-90.00 -5.00 0.00112833
-85.00 -5.00 0.00137133
-80.00 -5.00 0.00140202
-75.00 -5.00 0.00123087
-70.00 -5.00 0.00111423
-65.00 -5.00 0.00080922
-60.00 -5.00 0.00030144
-55.00 -5.00 0.00033729
-50.00 -5.00 0.0009354
-45.00 -5.00 0.00078555
-40.00 -5.00 -0.00053688
-35.00 -5.00 -0.0014787
-30.00 -5.00 -0.00100053
-25.00 -5.00 -0.0003441
-20.00 -5.00 -0.00089805
-15.00 -5.00 -0.0019779
-10.00 -5.00 -0.00219087
-5.00 -5.00 -0.00167727
0.00 -5.00 -0.00150855
5.00 -5.00 -0.00173526
10.00 -5.00 -0.00158319
15.00 -5.00 -0.00121995
20.00 -5.00 -0.00161694
25.00 -5.00 -0.00246669
30.00 -5.00 -0.00216894
35.00 -5.00 -0.00061884
40.00 -5.00 0.00016515
45.00 -5.00 -0.00064641
50.00 -5.00 -0.00121389
55.00 -5.00 -0.00032274
60.00 -5.00 0.00057534
65.00 -5.00 0.00026292
70.00 -5.00 -0.00017553
75.00 -5.00 0.00022023
80.00 -5.00 0.00067062
85.00 -5.00 0.00070515
90.00 -5.00 0.00098517
95.00 -5.00 0.00140112
100.00 -5.00 0.00111015
105.00 -5.00 0.00049023
110.00 -5.00 0.00044835
115.00 -5.00 0.00047352
120.00 -5.00 -0.00018621
125.00 -5.00 -0.00070158
130.00 -5.00 -0.00020358
135.00 -5.00 0.0005259
140.00 -5.00 0.00063213
145.00 -5.00 0.00051831
150.00 -5.00 0.00043182
155.00 -5.00 -0.00016215
160.00 -5.00 -0.00111201
165.00 -5.00 -0.00152775
170.00 -5.00 -0.00137811
175.00 -5.00 -0.00134661
180.00 -5.00 -0.00140883
-180.00 0.00 -6.84e-05
-175.00 0.00 -0.00021654
-170.00 0.00 -0.0004338
-165.00 0.00 -0.00059058
-160.00 0.00 -0.00051084
-155.00 0.00 -0.00033705
-150.00 0.00 -0.0003261
-145.00 0.00 -0.00040752
-140.00 0.00 -0.00042717
-135.00 0.00 -0.00037977
-130.00 0.00 -0.00022608
-125.00 0.00 -6.762e-05
-120.00 0.00 -0.00022563
-115.00 0.00 -0.00054939
-110.00 0.00 -0.00041268
-105.00 0.00 0.0001617
-100.00 0.00 0.00059796
-95.00 0.00 0.00105588
-90.00 0.00 0.001923
-85.00 0.00 0.00239292
-80.00 0.00 0.00164769
-75.00 0.00 0.00064287
-70.00 0.00 0.00046503
-65.00 0.00 0.00032286
-60.00 0.00 -0.00049302
-55.00 0.00 -0.00070749
-50.00 0.00 0.0003927
-45.00 0.00 0.00096357
-40.00 0.00 -0.00029844
-35.00 0.00 -0.00163467
-30.00 0.00 -0.00123012
-25.00 0.00 -0.00021576
-20.00 0.00 -0.00039729
-15.00 0.00 -0.00124998
-10.00 0.00 -0.00128016
-5.00 0.00 -0.00063486
0.00 0.00 -0.00049965
5.00 0.00 -0.00100959
10.00 0.00 -0.00131994
15.00 0.00 -0.00125019
20.00 0.00 -0.00149199
25.00 0.00 -0.00212091
30.00 0.00 -0.00220161
35.00 0.00 -0.00144171
40.00 0.00 -0.00089643
45.00 0.00 -0.00108867
50.00 0.00 -0.00094926
55.00 0.00 0.00015621
60.00 0.00 0.00108111
65.00 0.00 0.00091596
70.00 0.00 0.00045861
75.00 0.00 0.000468
80.00 0.00 0.00052107
85.00 0.00 0.00050175
90.00 0.00 0.00098394
95.00 0.00 0.00161874
100.00 0.00 0.00141795
105.00 0.00 0.00068034
110.00 0.00 0.00044925
115.00 0.00 0.00055089
120.00 0.00 0.00020946
125.00 0.00 -0.00030366
130.00 0.00 -0.0003759
135.00 0.00 -0.00022143
140.00 0.00 -0.00013824
145.00 0.00 -1.731e-05
150.00 0.00 -0.00018039
155.00 0.00 -0.0010641
160.00 0.00 -0.00197268
165.00 0.00 -0.00182472
170.00 0.00 -0.00086643
175.00 0.00 -0.00017259
180.00 0.00 -6.84e-05
-180.00 5.00 0.0004527
-175.00 5.00 0.00018204
-170.00 5.00 -0.00043779
-165.00 5.00 -0.00102069
-160.00 5.00 -0.00113802
-155.00 5.00 -0.00079518
-150.00 5.00 -0.00030987
-145.00 5.00 4.08e-06
-140.00 5.00 -0.00015252
-135.00 5.00 -0.00071076
-130.00 5.00 -0.00102156
-125.00 5.00 -0.00075039
-120.00 5.00 -0.00042084
-115.00 5.00 -0.00039714
-110.00 5.00 -0.00037506
-105.00 5.00 -0.0003225
-100.00 5.00 -0.00043698
-95.00 5.00 -0.00015102
-90.00 5.00 0.00093258
-85.00 5.00 0.00165009
-80.00 5.00 0.00103089
-75.00 5.00 0.00028299
-70.00 5.00 0.00060435
-65.00 5.00 0.00083145
-60.00 5.00 -0.00012396
-55.00 5.00 -0.00084654
-50.00 5.00 -0.00012918
-45.00 5.00 0.00052437
-40.00 5.00 -0.00030042
-35.00 5.00 -0.00134436
-30.00 5.00 -0.00118002
-25.00 5.00 -0.00063471
-20.00 5.00 -0.0008016
-15.00 5.00 -0.00108348
-10.00 5.00 -0.00073722
-5.00 5.00 -0.00031512
0.00 5.00 -0.00046347
5.00 5.00 -0.00082641
10.00 5.00 -0.00085665
15.00 5.00 -0.00070668
20.00 5.00 -0.00087324
25.00 5.00 -0.00140754
30.00 5.00 -0.00175851
35.00 5.00 -0.00148326
40.00 5.00 -0.00090597
45.00 5.00 -0.00056952
50.00 5.00 -0.00029382
55.00 5.00 0.00039099
60.00 5.00 0.00121275
65.00 5.00 0.00152781
70.00 5.00 0.00129888
75.00 5.00 0.00088017
80.00 5.00 0.00048456
85.00 5.00 0.00045048
90.00 5.00 0.00107676
95.00 5.00 0.00178977
100.00 5.00 0.0015951
105.00 5.00 0.00056988
110.00 5.00 -0.00017607
115.00 5.00 -4.65e-06
120.00 5.00 0.00066687
125.00 5.00 0.00103338
130.00 5.00 0.00061911
135.00 5.00 -0.00024774
140.00 5.00 -0.00067488
145.00 5.00 -0.00053223
150.00 5.00 -0.00089961
155.00 5.00 -0.00225249
160.00 5.00 -0.0032721
165.00 5.00 -0.00267762
170.00 5.00 -0.00107952
175.00 5.00 0.00011826
180.00 5.00 0.0004527
-180.00 10.00 -0.00035337
-175.00 10.00 -3.411e-05
-170.00 10.00 -0.0001695
-165.00 10.00 -0.00084453
-160.00 10.00 -0.00152793
-155.00 10.00 -0.00164265
-150.00 10.00 -0.0010623
-145.00 10.00 -0.00030153
-140.00 10.00 -0.00024102
-135.00 10.00 -0.00102696
-130.00 10.00 -0.00161037
-125.00 10.00 -0.00119577
-120.00 10.00 -0.00037887
-115.00 10.00 -8.46e-06
-110.00 10.00 -5.568e-05
-105.00 10.00 -0.00030636
-100.00 10.00 -0.00074931
-95.00 10.00 -0.00089202
-90.00 10.00 -0.00029112
-85.00 10.00 0.00036471
-80.00 10.00 0.00040662
-75.00 10.00 0.00060384
-70.00 10.00 0.00154752
-65.00 10.00 0.00202995
-60.00 10.00 0.00108228
-55.00 10.00 -0.00010698
-50.00 10.00 -0.00023388
-45.00 10.00 0.00011472
-40.00 10.00 5.457e-05
-35.00 10.00 -0.00014619
-30.00 10.00 -0.00033276
-25.00 10.00 -0.0009486
-20.00 10.00 -0.00161571
-15.00 10.00 -0.00141114
-10.00 10.00 -0.00069288
-5.00 10.00 -0.00060147
0.00 10.00 -0.00106026
5.00 10.00 -0.00112941
10.00 10.00 -0.00074505
15.00 10.00 -0.00054855
20.00 10.00 -0.00069888
25.00 10.00 -0.00093384
30.00 10.00 -0.00105519
35.00 10.00 -0.0008403
40.00 10.00 -0.00028128
45.00 10.00 9.468e-05
50.00 10.00 -2.22e-06
55.00 10.00 6.15e-05
60.00 10.00 0.00085926
65.00 10.00 0.00182727
70.00 10.00 0.00204582
75.00 10.00 0.00153588
80.00 10.00 0.00106695
85.00 10.00 0.00113004
90.00 10.00 0.00156528
95.00 10.00 0.00182529
100.00 10.00 0.00135024
105.00 10.00 8.349e-05
110.00 10.00 -0.00113214
115.00 10.00 -0.00109131
120.00 10.00 0.00035433
125.00 10.00 0.00173328
130.00 10.00 0.00160074
135.00 10.00 0.0005142
140.00 10.00 0.00013914
145.00 10.00 0.00050322
150.00 10.00 -4.773e-05
155.00 10.00 -0.00189432
160.00 10.00 -0.00325416
165.00 10.00 -0.00288888
170.00 10.00 -0.00168129
175.00 10.00 -0.00082875
180.00 10.00 -0.00035337
-180.00 15.00 -0.00146622
-175.00 15.00 -0.00034737
-170.00 15.00 0.00024768
-165.00 15.00 -0.00038115
-160.00 15.00 -0.00155712
-155.00 15.00 -0.00215748
-150.00 15.00 -0.00174375
-145.00 15.00 -0.00089859
-140.00 15.00 -0.00064029
-135.00 15.00 -0.00115713
-130.00 15.00 -0.0014514
-125.00 15.00 -0.0008232
-120.00 15.00 5.214e-05
-115.00 15.00 0.0002988
-110.00 15.00 7.401e-05
-105.00 15.00 -0.0001584
-100.00 15.00 -0.00041658
-95.00 15.00 -0.00060642
-90.00 15.00 -0.00034278
-85.00 15.00 0.00026235
-80.00 15.00 0.00076167
-75.00 15.00 0.00122388
-70.00 15.00 0.00180459
-65.00 15.00 0.00198984
-60.00 15.00 0.00137334
-55.00 15.00 0.00047271
-50.00 15.00 -4.539e-05
-45.00 15.00 -7.362e-05
-40.00 15.00 0.00029412
-35.00 15.00 0.00068049
-30.00 15.00 0.00021972
-25.00 15.00 -0.00116892
-20.00 15.00 -0.00202032
-15.00 15.00 -0.00139077
-10.00 15.00 -0.00051384
-5.00 15.00 -0.00073539
0.00 15.00 -0.00133776
5.00 15.00 -0.00115179
10.00 15.00 -0.00063207
15.00 15.00 -0.00064911
20.00 15.00 -0.00087828
25.00 15.00 -0.00078492
30.00 15.00 -0.00064659
35.00 15.00 -0.00064365
40.00 15.00 -0.00043866
45.00 15.00 -0.00013497
50.00 15.00 -0.00015705
55.00 15.00 -0.00011457
60.00 15.00 0.00069138
65.00 15.00 0.00182421
70.00 15.00 0.00226623
75.00 15.00 0.00206421
80.00 15.00 0.00200481
85.00 15.00 0.00210198
90.00 15.00 0.00177507
95.00 15.00 0.00107328
100.00 15.00 0.00044253
105.00 15.00 -0.0002238
110.00 15.00 -0.00102924
115.00 15.00 -0.0011631
120.00 15.00 -8.31e-06
125.00 15.00 0.00137184
130.00 15.00 0.00151881
135.00 15.00 0.00089937
140.00 15.00 0.00105183
145.00 15.00 0.00179142
150.00 15.00 0.00146754
155.00 15.00 -0.00012663
160.00 15.00 -0.00141867
165.00 15.00 -0.00168612
170.00 15.00 -0.00175191
175.00 15.00 -0.00192807
180.00 15.00 -0.00146622
-180.00 20.00 -0.00180012
-175.00 20.00 -0.00013758
-170.00 20.00 0.00078672
-165.00 20.00 0.0001896
-160.00 20.00 -0.00101652
-155.00 20.00 -0.00167886
-150.00 20.00 -0.00156531
-145.00 20.00 -0.00118422
-140.00 20.00 -0.00105777
-135.00 20.00 -0.00113289
-130.00 20.00 -0.00087735
-125.00 20.00 -0.00015339
-120.00 20.00 0.00041637
-115.00 20.00 0.00036003
-110.00 20.00 4.35e-06
-105.00 20.00 -0.00024525
-100.00 20.00 -0.00045822
-95.00 20.00 -0.00055047
-90.00 20.00 -4.542e-05
-85.00 20.00 0.00102093
-80.00 20.00 0.00179763
-75.00 20.00 0.00166983
-70.00 20.00 0.00099252
-65.00 20.00 0.00052029
-60.00 20.00 0.00052029
-55.00 20.00 0.00059292
-50.00 20.00 0.00029253
-45.00 20.00 -0.00014022
-40.00 20.00 -0.0001206
-35.00 20.00 7.131e-05
-30.00 20.00 -0.00053976
-25.00 20.00 -0.0017772
-20.00 20.00 -0.00212496
-15.00 20.00 -0.00118377
-10.00 20.00 -0.00051666
-5.00 20.00 -0.00101775
0.00 20.00 -0.0014652
5.00 20.00 -0.00089376
10.00 20.00 -0.00026982
15.00 20.00 -0.00050004
20.00 20.00 -0.00085629
25.00 20.00 -0.0006414
30.00 20.00 -0.00047097
35.00 20.00 -0.00080292
40.00 20.00 -0.00096702
45.00 20.00 -0.00049968
50.00 20.00 0.00013122
55.00 20.00 0.00062169
60.00 20.00 0.0011988
65.00 20.00 0.0017451
70.00 20.00 0.00193509
75.00 20.00 0.00208821
80.00 20.00 0.00252318
85.00 20.00 0.002496
90.00 20.00 0.00127404
95.00 20.00 -0.00025566
100.00 20.00 -0.00065262
105.00 20.00 -9.357e-05
110.00 20.00 0.00016332
115.00 20.00 -3.591e-05
120.00 20.00 0.00013737
125.00 20.00 0.00061506
130.00 20.00 0.00056313
135.00 20.00 0.00015246
140.00 20.00 0.00034938
145.00 20.00 0.0010725
150.00 20.00 0.00130044
155.00 20.00 0.00083718
160.00 20.00 0.00028884
165.00 20.00 -0.00039177
170.00 20.00 -0.00156045
175.00 20.00 -0.00242676
180.00 20.00 -0.00180012
-180.00 25.00 -0.00107856
-175.00 25.00 0.00063618
-170.00 25.00 0.00131673
-165.00 25.00 0.00067716
-160.00 25.00 -0.00024309
-155.00 25.00 -0.00075735
-150.00 25.00 -0.0010434
-145.00 25.00 -0.00127974
-140.00 25.00 -0.00123135
-135.00 25.00 -0.00072489
-130.00 25.00 -6.15e-06
-125.00 25.00 0.00048318
-120.00 25.00 0.00054894
-115.00 25.00 0.0004032
-110.00 25.00 0.00027081
-105.00 25.00 -3.864e-05
-100.00 25.00 -0.00071391
-95.00 25.00 -0.00116445
-90.00 25.00 -0.00044958
-85.00 25.00 0.00126252
-80.00 25.00 0.00244806
-75.00 25.00 0.00195171
-70.00 25.00 0.00043869
-65.00 25.00 -0.00043287
-60.00 25.00 -2.748e-05
-55.00 25.00 0.00067269
-50.00 25.00 0.00055149
-45.00 25.00 -0.00020472
-40.00 25.00 -0.00072546
-35.00 25.00 -0.0009816
-30.00 25.00 -0.00157404
-25.00 25.00 -0.00221991
-20.00 25.00 -0.00196521
-15.00 25.00 -0.00104586
-10.00 25.00 -0.00081702
-5.00 25.00 -0.00143373
0.00 25.00 -0.00146649
5.00 25.00 -0.00041727
10.00 25.00 0.00034176
15.00 25.00 -7.203e-05
20.00 25.00 -0.00067953
25.00 25.00 -0.00053334
30.00 25.00 -0.00018738
35.00 25.00 -0.00031578
40.00 25.00 -0.00043758
45.00 25.00 5.442e-05
50.00 25.00 0.00084408
55.00 25.00 0.00136686
60.00 25.00 0.00154386
65.00 25.00 0.00150207
70.00 25.00 0.00143829
75.00 25.00 0.00173439
80.00 25.00 0.00229941
85.00 25.00 0.00214041
90.00 25.00 0.00069966
95.00 25.00 -0.00084084
100.00 25.00 -0.0009078
105.00 25.00 0.00021645
110.00 25.00 0.00090204
115.00 25.00 0.00057714
120.00 25.00 0.00011577
125.00 25.00 2.877e-05
130.00 25.00 -0.00016383
135.00 25.00 -0.00068358
140.00 25.00 -0.00098115
145.00 25.00 -0.00067443
150.00 25.00 -7.53e-06
155.00 25.00 0.00061596
160.00 25.00 0.00075459
165.00 25.00 -5.445e-05
170.00 25.00 -0.00148197
175.00 25.00 -0.00212193
180.00 25.00 -0.00107856
-180.00 30.00 0.00029355
-175.00 30.00 0.00137652
-170.00 30.00 0.00129903
-165.00 30.00 0.00046701
-160.00 30.00 -0.00019839
-155.00 30.00 -0.00061737
-150.00 30.00 -0.00117849
-145.00 30.00 -0.00158361
-140.00 30.00 -0.00109026
-135.00 30.00 0.00020988
-130.00 30.00 0.00122592
-125.00 30.00 0.00119619
-120.00 30.00 0.00062442
-115.00 30.00 0.00051177
-110.00 30.00 0.00092724
-105.00 30.00 0.00088956
-100.00 30.00 -0.00016113
-95.00 30.00 -0.00127638
-90.00 30.00 -0.00099363
-85.00 30.00 0.00071451
-80.00 30.00 0.00220677
-75.00 30.00 0.00211755
-70.00 30.00 0.00093126
-65.00 30.00 0.00015342
-60.00 30.00 0.00033378
-55.00 30.00 0.00061848
-50.00 30.00 0.00020298
-45.00 30.00 -0.00058263
-40.00 30.00 -0.00103359
-35.00 30.00 -0.00120414
-30.00 30.00 -0.00150438
-25.00 30.00 -0.0016719
-20.00 30.00 -0.00120969
-15.00 30.00 -0.00057099
-10.00 30.00 -0.00064002
-5.00 30.00 -0.00108708
0.00 30.00 -0.00066195
5.00 30.00 0.00067896
10.00 30.00 0.00142305
15.00 30.00 0.000741
20.00 30.00 -0.0003087
25.00 30.00 -0.00044217
30.00 30.00 0.00019734
35.00 30.00 0.00073854
40.00 30.00 0.00090528
45.00 30.00 0.00093081
50.00 30.00 0.00091998
55.00 30.00 0.00089604
60.00 30.00 0.00096843
65.00 30.00 0.00112518
70.00 30.00 0.00126111
75.00 30.00 0.00142851
80.00 30.00 0.00159015
85.00 30.00 0.00133659
90.00 30.00 0.00049968
95.00 30.00 -0.00022788
100.00 30.00 -9.06e-05
105.00 30.00 0.0005442
110.00 30.00 0.0006795
115.00 30.00 0.00018936
120.00 30.00 -0.00012855
125.00 30.00 5.46e-05
130.00 30.00 0.00013569
135.00 30.00 -0.00032691
140.00 30.00 -0.00086856
145.00 30.00 -0.00076431
150.00 30.00 5.928e-05
155.00 30.00 0.00092769
160.00 30.00 0.00100038
165.00 30.00 7.77e-05
170.00 30.00 -0.00096411
175.00 30.00 -0.00091587
180.00 30.00 0.00029355
-180.00 35.00 0.00151383
-175.00 35.00 0.00158358
-170.00 35.00 0.00067623
-165.00 35.00 -0.00030855
-160.00 35.00 -0.00075
-155.00 35.00 -0.00104091
-150.00 35.00 -0.00158931
-145.00 35.00 -0.00178014
-140.00 35.00 -0.00074778
-135.00 35.00 0.00109095
-130.00 35.00 0.00217677
-125.00 35.00 0.00167589
-120.00 35.00 0.00055149
-115.00 35.00 0.00032256
-110.00 35.00 0.0011253
-105.00 35.00 0.00162045
-100.00 35.00 0.00083076
-95.00 35.00 -0.00052812
-90.00 35.00 -0.00093435
-85.00 35.00 6.672e-05
-80.00 35.00 0.00143508
-75.00 35.00 0.00202536
-70.00 35.00 0.00179919
-65.00 35.00 0.00140046
-60.00 35.00 0.00104205
-55.00 35.00 0.00040644
-50.00 35.00 -0.00051195
-45.00 35.00 -0.00114699
-40.00 35.00 -0.00114462
-35.00 35.00 -0.00086604
-30.00 35.00 -0.00073962
-25.00 35.00 -0.00058656
-20.00 35.00 -0.00013026
-15.00 35.00 0.00025089
-10.00 35.00 6.942e-05
-5.00 35.00 -0.00020925
0.00 35.00 0.00038472
5.00 35.00 0.00175062
10.00 35.00 0.00254346
15.00 35.00 0.0019095
20.00 35.00 0.00062031
25.00 35.00 3.525e-05
30.00 35.00 0.00051948
35.00 35.00 0.00132798
40.00 35.00 0.00161373
45.00 35.00 0.00115164
50.00 35.00 0.00037287
55.00 35.00 -1.188e-05
60.00 35.00 0.00036831
65.00 35.00 0.00113577
70.00 35.00 0.00154686
75.00 35.00 0.00129552
80.00 35.00 0.00071244
85.00 35.00 0.00025521
90.00 35.00 0.00013029
95.00 35.00 0.0003339
100.00 35.00 0.00067248
105.00 35.00 0.00077775
110.00 35.00 0.00048495
115.00 35.00 0.00016311
120.00 35.00 0.00028176
125.00 35.00 0.00068784
130.00 35.00 0.0007581
135.00 35.00 0.00032085
140.00 35.00 -1.026e-05
145.00 35.00 0.00038568
150.00 35.00 0.0012975
155.00 35.00 0.00184773
160.00 35.00 0.00145062
165.00 35.00 0.00050973
170.00 35.00 6.492e-05
175.00 35.00 0.00063186
180.00 35.00 0.00151383
-180.00 40.00 0.00191109
-175.00 40.00 0.001359
-170.00 40.00 0.00021786
-165.00 40.00 -0.00054117
-160.00 40.00 -0.00064932
-155.00 40.00 -0.00074289
-150.00 40.00 -0.00120558
-145.00 40.00 -0.0013851
-140.00 40.00 -0.00046458
-135.00 40.00 0.00117222
-130.00 40.00 0.00210876
-125.00 40.00 0.0015492
-120.00 40.00 0.000306
-115.00 40.00 -0.00019467
-110.00 40.00 0.00039315
-105.00 40.00 0.00106869
-100.00 40.00 0.00085008
-95.00 40.00 -4.734e-05
-90.00 40.00 -0.00059643
-85.00 40.00 -0.00020253
-80.00 40.00 0.00079242
-75.00 40.00 0.00171288
-70.00 40.00 0.00221493
-65.00 40.00 0.00224307
-60.00 40.00 0.00172746
-55.00 40.00 0.00070164
-50.00 40.00 -0.00041133
-45.00 40.00 -0.00102699
-40.00 40.00 -0.00098829
-35.00 40.00 -0.00065136
-30.00 40.00 -0.00031116
-25.00 40.00 0.00011841
-20.00 40.00 0.00065661
-15.00 40.00 0.00087852
-10.00 40.00 0.00045486
-5.00 40.00 -0.00011754
0.00 40.00 9.411e-05
5.00 40.00 0.00124527
10.00 40.00 0.00236535
15.00 40.00 0.00245145
20.00 40.00 0.00158907
25.00 40.00 0.00073254
30.00 40.00 0.00059106
35.00 40.00 0.00098943
40.00 40.00 0.00123189
45.00 40.00 0.00089976
50.00 40.00 0.00028881
55.00 40.00 0.00010377
60.00 40.00 0.00067443
65.00 40.00 0.00150486
70.00 40.00 0.00173529
75.00 40.00 0.00105375
80.00 40.00 5.13e-06
85.00 40.00 -0.00061035
90.00 40.00 -0.00048759
95.00 40.00 5.298e-05
100.00 40.00 0.00050721
105.00 40.00 0.00066315
110.00 40.00 0.00070833
115.00 40.00 0.00091131
120.00 40.00 0.00119283
125.00 40.00 0.00111981
130.00 40.00 0.00046533
135.00 40.00 -0.00031179
140.00 40.00 -0.00040329
145.00 40.00 0.0004455
150.00 40.00 0.00154137
155.00 40.00 0.00191745
160.00 40.00 0.00137004
165.00 40.00 0.00068256
170.00 40.00 0.00073503
175.00 40.00 0.00146547
180.00 40.00 0.00191109
-180.00 45.00 0.00145977
-175.00 45.00 0.00094449
-170.00 45.00 0.00022131
-165.00 45.00 -4.212e-05
-160.00 45.00 0.00014247
-155.00 45.00 0.00015015
-150.00 45.00 -0.00032535
-145.00 45.00 -0.00074559
-140.00 45.00 -0.00038172
-135.00 45.00 0.00067323
-130.00 45.00 0.0014844
-125.00 45.00 0.00131511
-120.00 45.00 0.00042864
-115.00 45.00 -0.00029655
-110.00 45.00 -0.00037278
-105.00 45.00 -9.183e-05
-100.00 45.00 2.601e-05
-95.00 45.00 -0.0001077
-90.00 45.00 -0.0001575
-85.00 45.00 0.00015099
-80.00 45.00 0.00075828
-75.00 45.00 0.00142776
-70.00 45.00 0.00196146
-65.00 45.00 0.00220584
-60.00 45.00 0.0020223
-55.00 45.00 0.00141075
-50.00 45.00 0.00060726
-45.00 45.00 -7.35e-05
-40.00 45.00 -0.00047805
-35.00 45.00 -0.00059718
-30.00 45.00 -0.00037629
-25.00 45.00 0.0002247
-20.00 45.00 0.0009123
-15.00 45.00 0.00106125
-10.00 45.00 0.00032721
-5.00 45.00 -0.00078615
0.00 45.00 -0.00125607
5.00 45.00 -0.00056031
10.00 45.00 0.00075846
15.00 45.00 0.00164007
20.00 45.00 0.00152805
25.00 45.00 0.00077301
30.00 45.00 0.0001323
35.00 45.00 2.457e-05
40.00 45.00 0.00028338
45.00 45.00 0.00051855
50.00 45.00 0.00059469
55.00 45.00 0.00069909
60.00 45.00 0.00097776
65.00 45.00 0.0012372
70.00 45.00 0.00112536
75.00 45.00 0.00057876
80.00 45.00 -4.584e-05
85.00 45.00 -0.00033669
90.00 45.00 -0.00023598
95.00 45.00 -6.54e-06
100.00 45.00 0.00015732
105.00 45.00 0.00036723
110.00 45.00 0.00082878
115.00 45.00 0.00143025
120.00 45.00 0.00165837
125.00 45.00 0.00105765
130.00 45.00 -0.00018069
135.00 45.00 -0.00119193
140.00 45.00 -0.00115938
145.00 45.00 -0.000117
150.00 45.00 0.00104328
155.00 45.00 0.00143754
160.00 45.00 0.00103911
165.00 45.00 0.0006012
170.00 45.00 0.00075123
175.00 45.00 0.00128358
180.00 45.00 0.00145977
-180.00 50.00 0.00060027
-175.00 50.00 0.00035118
-170.00 50.00 0.00010794
-165.00 50.00 0.00015276
-160.00 50.00 0.00036657
-155.00 50.00 0.00034512
-150.00 50.00 -5.868e-05
-145.00 50.00 -0.00045669
-140.00 50.00 -0.00030852
-135.00 50.00 0.00045558
-130.00 50.00 0.00130179
-125.00 50.00 0.00159948
-120.00 50.00 0.00119223
-115.00 50.00 0.00045465
-110.00 50.00 -0.00011325
-105.00 50.00 -0.00026016
-100.00 50.00 -2.37e-05
-95.00 50.00 0.00042909
-90.00 50.00 0.00091401
-85.00 50.00 0.00126258
-80.00 50.00 0.00138006
-75.00 50.00 0.00131823
-70.00 50.00 0.00124353
-65.00 50.00 0.0012834
-60.00 50.00 0.00140175
-55.00 50.00 0.00142686
-50.00 50.00 0.00118605
-45.00 50.00 0.00062877
-40.00 50.00 -0.00010749
-35.00 50.00 -0.00070182
-30.00 50.00 -0.00079695
-25.00 50.00 -0.00029898
-20.00 50.00 0.00040578
-15.00 50.00 0.000648
-10.00 50.00 5.724e-05
-5.00 50.00 -0.00100704
0.00 50.00 -0.00169197
5.00 50.00 -0.00141057
10.00 50.00 -0.00038913
15.00 50.00 0.00054252
20.00 50.00 0.00069528
25.00 50.00 7.626e-05
30.00 50.00 -0.00071478
35.00 50.00 -0.00105873
40.00 50.00 -0.00079497
45.00 50.00 -0.00022992
50.00 50.00 0.00021744
55.00 50.00 0.00034662
60.00 50.00 0.00023169
65.00 50.00 7.2e-05
70.00 50.00 4.782e-05
75.00 50.00 0.00025677
80.00 50.00 0.00066639
85.00 50.00 0.00107832
90.00 50.00 0.0012144
95.00 50.00 0.00095349
100.00 50.00 0.00051567
105.00 50.00 0.00034092
110.00 50.00 0.00068808
115.00 50.00 0.00132177
120.00 50.00 0.00165204
125.00 50.00 0.00127164
130.00 50.00 0.00039483
135.00 50.00 -0.00027348
140.00 50.00 -0.00016971
145.00 50.00 0.00059646
150.00 50.00 0.00135129
155.00 50.00 0.00150642
160.00 50.00 0.00108561
165.00 50.00 0.0006033
170.00 50.00 0.00046929
175.00 50.00 0.00059304
180.00 50.00 0.00060027
-180.00 55.00 -0.00012297
-175.00 55.00 -0.00013467
-170.00 55.00 -0.00015105
-165.00 55.00 -0.00010854
-160.00 55.00 -6.723e-05
-155.00 55.00 -0.00015201
-150.00 55.00 -0.0003486
-145.00 55.00 -0.00042117
-140.00 55.00 -9.987e-05
-135.00 55.00 0.00062997
-130.00 55.00 0.00144378
-125.00 55.00 0.00190527
-120.00 55.00 0.00180159
-115.00 55.00 0.00129564
-110.00 55.00 0.00079557
-105.00 55.00 0.00067629
-100.00 55.00 0.00105588
-95.00 55.00 0.00174054
-90.00 55.00 0.00234087
-85.00 55.00 0.00249336
-80.00 55.00 0.00207654
-75.00 55.00 0.00129387
-70.00 55.00 0.00055452
-65.00 55.00 0.00021564
-60.00 55.00 0.00035532
-55.00 55.00 0.0007284
-50.00 55.00 0.00093093
-45.00 55.00 0.00066711
-40.00 55.00 -4.539e-05
-35.00 55.00 -0.00086793
-30.00 55.00 -0.00136113
-25.00 55.00 -0.00130446
-20.00 55.00 -0.00087081
-15.00 55.00 -0.00048378
-10.00 55.00 -0.00044787
-5.00 55.00 -0.00067716
0.00 55.00 -0.00079116
5.00 55.00 -0.00050322
10.00 55.00 6.78e-05
15.00 55.00 0.00046938
20.00 55.00 0.00030933
25.00 55.00 -0.00039252
30.00 55.00 -0.00120927
35.00 55.00 -0.0016488
40.00 55.00 -0.00152385
45.00 55.00 -0.00104967
50.00 55.00 -0.00062409
55.00 55.00 -0.00050127
60.00 55.00 -0.00061488
65.00 55.00 -0.00065508
70.00 55.00 -0.00031356
75.00 55.00 0.00047697
80.00 55.00 0.00145683
85.00 55.00 0.00216804
90.00 55.00 0.00223962
95.00 55.00 0.00165642
100.00 55.00 0.00080847
105.00 55.00 0.00024558
110.00 55.00 0.00029439
115.00 55.00 0.00083631
120.00 55.00 0.00143622
125.00 55.00 0.00171465
130.00 55.00 0.00163623
135.00 55.00 0.00146334
140.00 55.00 0.00144336
145.00 55.00 0.00154956
150.00 55.00 0.00152943
155.00 55.00 0.0011919
160.00 55.00 0.00062274
165.00 55.00 0.00010692
170.00 55.00 -0.00014397
175.00 55.00 -0.00016122
180.00 55.00 -0.00012297
-180.00 60.00 -0.00014631
-175.00 60.00 0.00011127
-170.00 60.00 0.00021261
-165.00 60.00 0.00016893
-160.00 60.00 1.926e-05
-155.00 60.00 -0.00017553
-150.00 60.00 -0.00031359
-145.00 60.00 -0.00026673
-140.00 60.00 4.365e-05
-135.00 60.00 0.00056268
-130.00 60.00 0.00109944
-125.00 60.00 0.00143559
-120.00 60.00 0.00147516
-115.00 60.00 0.00132081
-110.00 60.00 0.00121305
-105.00 60.00 0.00136875
-100.00 60.00 0.00182517
-95.00 60.00 0.00239076
-90.00 60.00 0.00274026
-85.00 60.00 0.00260376
-80.00 60.00 0.00194067
-75.00 60.00 0.00098859
-70.00 60.00 0.00014754
-65.00 60.00 -0.00024069
-60.00 60.00 -8.778e-05
-55.00 60.00 0.00039048
-50.00 60.00 0.00080037
-45.00 60.00 0.00079875
-40.00 60.00 0.00028728
-35.00 60.00 -0.00054405
-30.00 60.00 -0.00134565
-25.00 60.00 -0.00181926
-20.00 60.00 -0.00186669
-15.00 60.00 -0.00158379
-10.00 60.00 -0.00113208
-5.00 60.00 -0.000615
0.00 60.00 -6.639e-05
5.00 60.00 0.00046155
10.00 60.00 0.00082704
15.00 60.00 0.00084516
20.00 60.00 0.00043125
25.00 60.00 -0.00028662
30.00 60.00 -0.00100317
35.00 60.00 -0.00141162
40.00 60.00 -0.00139005
45.00 60.00 -0.00105681
50.00 60.00 -0.00065688
55.00 60.00 -0.00037245
60.00 60.00 -0.00020181
65.00 60.00 9.03e-06
70.00 60.00 0.00041286
75.00 60.00 0.00100317
80.00 60.00 0.00157041
85.00 60.00 0.00181359
90.00 60.00 0.00154116
95.00 60.00 0.00082572
100.00 60.00 -2.73e-06
105.00 60.00 -0.00053595
110.00 60.00 -0.00052473
115.00 60.00 -1.377e-05
120.00 60.00 0.00071346
125.00 60.00 0.00132528
130.00 60.00 0.00161976
135.00 60.00 0.00157374
140.00 60.00 0.00126831
145.00 60.00 0.00079392
150.00 60.00 0.0002247
155.00 60.00 -0.00034455
160.00 60.00 -0.00077838
165.00 60.00 -0.00095043
170.00 60.00 -0.00082791
175.00 60.00 -0.00050508
180.00 60.00 -0.00014631
-180.00 65.00 0.00063447
-175.00 65.00 0.00101979
-170.00 65.00 0.00115128
-165.00 65.00 0.00104049
-160.00 65.00 0.00076269
-155.00 65.00 0.00042849
-150.00 65.00 0.00015225
-145.00 65.00 1.95e-05
-140.00 65.00 5.895e-05
-135.00 65.00 0.00023262
-130.00 65.00 0.00045657
-125.00 65.00 0.0006486
-120.00 65.00 0.00077661
-115.00 65.00 0.00087519
-110.00 65.00 0.00101421
-105.00 65.00 0.00123684
-100.00 65.00 0.00150675
-95.00 65.00 0.00170421
-90.00 65.00 0.00168267
-85.00 65.00 0.00135822
-80.00 65.00 0.00077991
-75.00 65.00 0.00013266
-70.00 65.00 -0.00033837
-65.00 65.00 -0.00044751
-60.00 65.00 -0.00016842
-55.00 65.00 0.00034302
-50.00 65.00 0.00081843
-45.00 65.00 0.00100362
-40.00 65.00 0.00077628
-35.00 65.00 0.00019443
-30.00 65.00 -0.00054315
-25.00 65.00 -0.00119427
-20.00 65.00 -0.00157218
-15.00 65.00 -0.00159957
-10.00 65.00 -0.00130725
-5.00 65.00 -0.00080112
0.00 65.00 -0.00022608
5.00 65.00 0.00026247
10.00 65.00 0.00052977
15.00 65.00 0.00050247
20.00 65.00 0.0002067
25.00 65.00 -0.00022656
30.00 65.00 -0.00060792
35.00 65.00 -0.00077241
40.00 65.00 -0.00065385
45.00 65.00 -0.00030513
50.00 65.00 0.00014526
55.00 65.00 0.00056928
60.00 65.00 0.0008964
65.00 65.00 0.00111792
70.00 65.00 0.00124512
75.00 65.00 0.00126201
80.00 65.00 0.00111447
85.00 65.00 0.00075036
90.00 65.00 0.00018315
95.00 65.00 -0.00047013
100.00 65.00 -0.00101388
105.00 65.00 -0.00125736
110.00 65.00 -0.00111108
115.00 65.00 -0.00063762
120.00 65.00 -2.652e-05
125.00 65.00 0.0004905
130.00 65.00 0.00073467
135.00 65.00 0.00063816
140.00 65.00 0.00024933
145.00 65.00 -0.0003
150.00 65.00 -0.00084036
155.00 65.00 -0.00120909
160.00 65.00 -0.00129114
165.00 65.00 -0.00105252
170.00 65.00 -0.0005547
175.00 65.00 6.354e-05
180.00 65.00 0.00063447
-180.00 70.00 0.0013929
-175.00 70.00 0.00157938
-170.00 70.00 0.00158208
-165.00 70.00 0.001413
-160.00 70.00 0.00112635
-155.00 70.00 0.00079965
-150.00 70.00 0.00051072
-145.00 70.00 0.00031725
-140.00 70.00 0.00024444
-135.00 70.00 0.00028425
-130.00 70.00 0.00040488
-125.00 70.00 0.00056634
-120.00 70.00 0.00073365
-115.00 70.00 0.00088197
-110.00 70.00 0.0009918
-105.00 70.00 0.00104028
-100.00 70.00 0.00099669
-95.00 70.00 0.00083013
-90.00 70.00 0.00052824
-85.00 70.00 0.00011742
-80.00 70.00 -0.00032844
-75.00 70.00 -0.00070182
-70.00 70.00 -0.00089646
-65.00 70.00 -0.00085008
-60.00 70.00 -0.00057522
-55.00 70.00 -0.00016176
-50.00 70.00 0.00025257
-45.00 70.00 0.00053193
-40.00 70.00 0.00059115
-35.00 70.00 0.00042318
-30.00 70.00 9.525e-05
-25.00 70.00 -0.00028158
-20.00 70.00 -0.00059469
-15.00 70.00 -0.00076653
-10.00 70.00 -0.00077415
-5.00 70.00 -0.00064881
0.00 70.00 -0.00045897
5.00 70.00 -0.00028434
10.00 70.00 -0.00018792
15.00 70.00 -0.00019401
20.00 70.00 -0.00027918
25.00 70.00 -0.00038049
30.00 70.00 -0.00041994
35.00 70.00 -0.00033555
40.00 70.00 -0.00010677
45.00 70.00 0.00023748
50.00 70.00 0.00063051
55.00 70.00 0.00099159
60.00 70.00 0.00125034
65.00 70.00 0.00136071
70.00 70.00 0.00130416
75.00 70.00 0.00108609
80.00 70.00 0.00073395
85.00 70.00 0.0002985
90.00 70.00 -0.00014607
95.00 70.00 -0.00050997
100.00 70.00 -0.00070842
105.00 70.00 -0.00068913
110.00 70.00 -0.00045558
115.00 70.00 -7.272e-05
120.00 70.00 0.00035031
125.00 70.00 0.00069492
130.00 70.00 0.00087174
135.00 70.00 0.00084861
140.00 70.00 0.00065835
145.00 70.00 0.00038529
150.00 70.00 0.0001371
155.00 70.00 1.098e-05
160.00 70.00 6.471e-05
165.00 70.00 0.00029979
170.00 70.00 0.00066234
175.00 70.00 0.00106044
180.00 70.00 0.0013929
-180.00 75.00 0.0012381
-175.00 75.00 0.00117543
-170.00 75.00 0.00106794
-165.00 75.00 0.00092613
-160.00 75.00 0.00077298
-155.00 75.00 0.00063792
-150.00 75.00 0.00054912
-145.00 75.00 0.0005262
-140.00 75.00 0.00057528
-135.00 75.00 0.0006879
-130.00 75.00 0.00084294
-125.00 75.00 0.00101097
-120.00 75.00 0.00115938
-115.00 75.00 0.00125694
-110.00 75.00 0.0012777
-105.00 75.00 0.00120411
-100.00 75.00 0.00102999
-95.00 75.00 0.0007635
-90.00 75.00 0.00042867
-85.00 75.00 6.447e-05
-80.00 75.00 -0.00028023
-75.00 75.00 -0.00055566
-70.00 75.00 -0.0007224
-65.00 75.00 -0.00076167
-60.00 75.00 -0.00068073
-55.00 75.00 -0.00051144
-50.00 75.00 -0.00030165
-45.00 75.00 -0.00010239
-40.00 75.00 4.557e-05
-35.00 75.00 0.00012072
-30.00 75.00 0.00012363
-25.00 75.00 7.251e-05
-20.00 75.00 -5.61e-06
-15.00 75.00 -8.502e-05
-10.00 75.00 -0.00014907
-5.00 75.00 -0.00019314
0.00 75.00 -0.00022254
5.00 75.00 -0.00024669
10.00 75.00 -0.00027216
15.00 75.00 -0.00029772
20.00 75.00 -0.00031293
25.00 75.00 -0.00030105
30.00 75.00 -0.00024534
35.00 75.00 -0.0001359
40.00 75.00 2.52e-05
45.00 75.00 0.00022233
50.00 75.00 0.00042897
55.00 75.00 0.00061362
60.00 75.00 0.00074727
65.00 75.00 0.00081012
70.00 75.00 0.00079629
75.00 75.00 0.00071559
80.00 75.00 0.00059217
85.00 75.00 0.00046038
90.00 75.00 0.00035835
95.00 75.00 0.00032025
100.00 75.00 0.00036846
105.00 75.00 0.00050757
110.00 75.00 0.00072219
115.00 75.00 0.00097929
120.00 75.00 0.00123588
125.00 75.00 0.00144933
130.00 75.00 0.0015882
135.00 75.00 0.00163986
140.00 75.00 0.00161265
145.00 75.00 0.00153189
150.00 75.00 0.00143109
155.00 75.00 0.00134157
160.00 75.00 0.00128328
165.00 75.00 0.00125997
170.00 75.00 0.00125973
175.00 75.00 0.00126045
180.00 75.00 0.0012381
-180.00 80.00 0.00042147
-175.00 80.00 0.00035001
-170.00 80.00 0.00029661
-165.00 80.00 0.00026634
-160.00 80.00 0.00026412
-155.00 80.00 0.00029361
-150.00 80.00 0.00035628
-145.00 80.00 0.00045036
-140.00 80.00 0.00057027
-135.00 80.00 0.00070662
-130.00 80.00 0.00084699
-125.00 80.00 0.00097719
-120.00 80.00 0.00108276
-115.00 80.00 0.00115086
-110.00 80.00 0.00117201
-105.00 80.00 0.00114153
-100.00 80.00 0.00106044
-95.00 80.00 0.00093537
-90.00 80.00 0.00077817
-85.00 80.00 0.00060444
-80.00 80.00 0.00043125
-75.00 80.00 0.0002748
-70.00 80.00 0.0001482
-65.00 80.00 5.961e-05
-60.00 80.00 1.143e-05
-55.00 80.00 2.1e-07
-50.00 80.00 1.821e-05
-45.00 80.00 5.502e-05
-40.00 80.00 9.969e-05
-35.00 80.00 0.00014256
-30.00 80.00 0.00017646
-25.00 80.00 0.00019716
-20.00 80.00 0.00020325
-15.00 80.00 0.00019542
-10.00 80.00 0.0001755
-5.00 80.00 0.00014616
0.00 80.00 0.00011049
5.00 80.00 7.176e-05
10.00 80.00 3.36e-05
15.00 80.00 -6e-08
20.00 80.00 -2.529e-05
25.00 80.00 -3.843e-05
30.00 80.00 -3.711e-05
35.00 80.00 -2.064e-05
40.00 80.00 9.66e-06
45.00 80.00 5.052e-05
50.00 80.00 9.72e-05
55.00 80.00 0.0001446
60.00 80.00 0.00018837
65.00 80.00 0.00022602
70.00 80.00 0.00025758
75.00 80.00 0.00028578
80.00 80.00 0.00031548
85.00 80.00 0.00035274
90.00 80.00 0.00040326
95.00 80.00 0.00047091
100.00 80.00 0.00055656
105.00 80.00 0.00065736
110.00 80.00 0.00076695
115.00 80.00 0.00087615
120.00 80.00 0.00097449
125.00 80.00 0.00105213
130.00 80.00 0.00110145
135.00 80.00 0.00111816
140.00 80.00 0.00110187
145.00 80.00 0.00105579
150.00 80.00 0.00098565
155.00 80.00 0.00089847
160.00 80.00 0.00080127
165.00 80.00 0.00070026
170.00 80.00 0.00060054
175.00 80.00 0.00050634
180.00 80.00 0.00042147
-180.00 85.00 -0.00012921
-175.00 85.00 -0.00012096
-170.00 85.00 -0.00010338
-165.00 85.00 -7.599e-05
-160.00 85.00 -3.918e-05
-155.00 85.00 6.15e-06
-150.00 85.00 5.874e-05
-145.00 85.00 0.00011709
-140.00 85.00 0.00017934
-135.00 85.00 0.000243
-130.00 85.00 0.00030513
-125.00 85.00 0.00036291
-120.00 85.00 0.00041382
-115.00 85.00 0.00045612
-110.00 85.00 0.00048867
-105.00 85.00 0.00051078
-100.00 85.00 0.00052221
-95.00 85.00 0.00052323
-90.00 85.00 0.00051498
-85.00 85.00 0.0004992
-80.00 85.00 0.00047805
-75.00 85.00 0.00045363
-70.00 85.00 0.00042765
-65.00 85.00 0.00040137
-60.00 85.00 0.00037581
-55.00 85.00 0.00035187
-50.00 85.00 0.00033018
-45.00 85.00 0.00031083
-40.00 85.00 0.00029319
-35.00 85.00 0.00027633
-30.00 85.00 0.00025929
-25.00 85.00 0.0002415
-20.00 85.00 0.00022275
-15.00 85.00 0.00020277
-10.00 85.00 0.00018117
-5.00 85.00 0.00015765
0.00 85.00 0.00013215
5.00 85.00 0.00010533
10.00 85.00 7.809e-05
15.00 85.00 5.133e-05
20.00 85.00 2.547e-05
25.00 85.00 6.3e-07
30.00 85.00 -2.286e-05
35.00 85.00 -4.428e-05
40.00 85.00 -6.288e-05
45.00 85.00 -7.821e-05
50.00 85.00 -9.042e-05
55.00 85.00 -9.987e-05
60.00 85.00 -0.00010665
65.00 85.00 -0.00011043
70.00 85.00 -0.00011076
75.00 85.00 -0.00010758
80.00 85.00 -0.00010131
85.00 85.00 -9.279e-05
90.00 85.00 -8.25e-05
95.00 85.00 -7.074e-05
100.00 85.00 -5.787e-05
105.00 85.00 -4.467e-05
110.00 85.00 -3.258e-05
115.00 85.00 -2.298e-05
120.00 85.00 -1.689e-05
125.00 85.00 -1.464e-05
130.00 85.00 -1.629e-05
135.00 85.00 -2.19e-05
140.00 85.00 -3.159e-05
145.00 85.00 -4.515e-05
150.00 85.00 -6.168e-05
155.00 85.00 -7.947e-05
160.00 85.00 -9.672e-05
165.00 85.00 -0.00011166
170.00 85.00 -0.000123
175.00 85.00 -0.00012936
180.00 85.00 -0.00012921
-180.00 90.00 -9.189e-05
-175.00 90.00 -9.189e-05
-170.00 90.00 -9.189e-05
-165.00 90.00 -9.189e-05
-160.00 90.00 -9.189e-05
-155.00 90.00 -9.189e-05
-150.00 90.00 -9.189e-05
-145.00 90.00 -9.189e-05
-140.00 90.00 -9.189e-05
-135.00 90.00 -9.189e-05
-130.00 90.00 -9.189e-05
-125.00 90.00 -9.189e-05
-120.00 90.00 -9.189e-05
-115.00 90.00 -9.189e-05
-110.00 90.00 -9.189e-05
-105.00 90.00 -9.189e-05
-100.00 90.00 -9.189e-05
-95.00 90.00 -9.189e-05
-90.00 90.00 -9.189e-05
-85.00 90.00 -9.189e-05
-80.00 90.00 -9.189e-05
-75.00 90.00 -9.189e-05
-70.00 90.00 -9.189e-05
-65.00 90.00 -9.189e-05
-60.00 90.00 -9.189e-05
-55.00 90.00 -9.189e-05
-50.00 90.00 -9.189e-05
-45.00 90.00 -9.189e-05
-40.00 90.00 -9.189e-05
-35.00 90.00 -9.189e-05
-30.00 90.00 -9.189e-05
-25.00 90.00 -9.189e-05
-20.00 90.00 -9.189e-05
-15.00 90.00 -9.189e-05
-10.00 90.00 -9.189e-05
-5.00 90.00 -9.189e-05
0.00 90.00 -9.189e-05
5.00 90.00 -9.189e-05
10.00 90.00 -9.189e-05
15.00 90.00 -9.189e-05
20.00 90.00 -9.189e-05
25.00 90.00 -9.189e-05
30.00 90.00 -9.189e-05
35.00 90.00 -9.189e-05
40.00 90.00 -9.189e-05
45.00 90.00 -9.189e-05
50.00 90.00 -9.189e-05
55.00 90.00 -9.189e-05
60.00 90.00 -9.189e-05
65.00 90.00 -9.189e-05
70.00 90.00 -9.189e-05
75.00 90.00 -9.189e-05
80.00 90.00 -9.189e-05
85.00 90.00 -9.189e-05
90.00 90.00 -9.189e-05
95.00 90.00 -9.189e-05
100.00 90.00 -9.189e-05
105.00 90.00 -9.189e-05
110.00 90.00 -9.189e-05
115.00 90.00 -9.189e-05
120.00 90.00 -9.189e-05
125.00 90.00 -9.189e-05
130.00 90.00 -9.189e-05
135.00 90.00 -9.189e-05
140.00 90.00 -9.189e-05
145.00 90.00 -9.189e-05
150.00 90.00 -9.189e-05
155.00 90.00 -9.189e-05
160.00 90.00 -9.189e-05
165.00 90.00 -9.189e-05
170.00 90.00 -9.189e-05
175.00 90.00 -9.189e-05
180.00 90.00 -9.189e-05
