-180.00 -90.00 0.0043198
-175.00 -90.00 0.0043199
-170.00 -90.00 0.0043199
-165.00 -90.00 0.0043199
-160.00 -90.00 0.0043199
-155.00 -90.00 0.0043198
-150.00 -90.00 0.0043197
-145.00 -90.00 0.0043196
-140.00 -90.00 0.0043194
-135.00 -90.00 0.0043193
-130.00 -90.00 0.0043191
-125.00 -90.00 0.0043189
-120.00 -90.00 0.0043187
-115.00 -90.00 0.0043185
-110.00 -90.00 0.0043183
-105.00 -90.00 0.0043182
-100.00 -90.00 0.004318
-95.00 -90.00 0.0043179
-90.00 -90.00 0.0043178
-85.00 -90.00 0.0043177
-80.00 -90.00 0.0043176
-75.00 -90.00 0.0043176
-70.00 -90.00 0.0043177
-65.00 -90.00 0.0043177
-60.00 -90.00 0.0043178
-55.00 -90.00 0.0043179
-50.00 -90.00 0.0043181
-45.00 -90.00 0.0043183
-40.00 -90.00 0.0043184
-35.00 -90.00 0.0043186
-30.00 -90.00 0.0043188
-25.00 -90.00 0.004319
-20.00 -90.00 0.0043192
-15.00 -90.00 0.0043194
-10.00 -90.00 0.0043195
-5.00 -90.00 0.0043197
0.00 -90.00 0.0043198
5.00 -90.00 0.0043199
10.00 -90.00 0.0043199
15.00 -90.00 0.0043199
20.00 -90.00 0.0043199
25.00 -90.00 0.0043198
30.00 -90.00 0.0043197
35.00 -90.00 0.0043196
40.00 -90.00 0.0043195
45.00 -90.00 0.0043193
50.00 -90.00 0.0043191
55.00 -90.00 0.0043189
60.00 -90.00 0.0043187
65.00 -90.00 0.0043185
70.00 -90.00 0.0043183
75.00 -90.00 0.0043182
80.00 -90.00 0.004318
85.00 -90.00 0.0043179
90.00 -90.00 0.0043178
95.00 -90.00 0.0043177
100.00 -90.00 0.0043177
105.00 -90.00 0.0043176
110.00 -90.00 0.0043177
115.00 -90.00 0.0043177
120.00 -90.00 0.0043178
125.00 -90.00 0.0043179
130.00 -90.00 0.0043181
135.00 -90.00 0.0043183
140.00 -90.00 0.0043184
145.00 -90.00 0.0043186
150.00 -90.00 0.0043188
155.00 -90.00 0.004319
160.00 -90.00 0.0043192
165.00 -90.00 0.0043194
170.00 -90.00 0.0043195
175.00 -90.00 0.0043197
180.00 -90.00 0.0043198
-180.00 -85.00 0.0044864
-175.00 -85.00 0.0043851
-170.00 -85.00 0.004266
-165.00 -85.00 0.0041313
-160.00 -85.00 0.0039839
-155.00 -85.00 0.0038274
-150.00 -85.00 0.0036661
-145.00 -85.00 0.0035047
-140.00 -85.00 0.0033482
-135.00 -85.00 0.0032016
-130.00 -85.00 0.00307
-125.00 -85.00 0.0029578
-120.00 -85.00 0.0028691
-115.00 -85.00 0.0028075
-110.00 -85.00 0.0027756
-105.00 -85.00 0.0027748
-100.00 -85.00 0.0028056
-95.00 -85.00 0.0028672
-90.00 -85.00 0.0029583
-85.00 -85.00 0.0030766
-80.00 -85.00 0.0032189
-75.00 -85.00 0.0033811
-70.00 -85.00 0.0035589
-65.00 -85.00 0.0037477
-60.00 -85.00 0.0039428
-55.00 -85.00 0.0041397
-50.00 -85.00 0.004334
-45.00 -85.00 0.0045218
-40.00 -85.00 0.0046995
-35.00 -85.00 0.0048641
-30.00 -85.00 0.0050132
-25.00 -85.00 0.0051451
-20.00 -85.00 0.0052584
-15.00 -85.00 0.0053521
-10.00 -85.00 0.0054258
-5.00 -85.00 0.005479
0.00 -85.00 0.0055117
5.00 -85.00 0.0055242
10.00 -85.00 0.0055172
15.00 -85.00 0.0054918
20.00 -85.00 0.005449
25.00 -85.00 0.0053903
30.00 -85.00 0.0053179
35.00 -85.00 0.0052342
40.00 -85.00 0.0051421
45.00 -85.00 0.0050444
50.00 -85.00 0.004944
55.00 -85.00 0.0048436
60.00 -85.00 0.004746
65.00 -85.00 0.004654
70.00 -85.00 0.00457
75.00 -85.00 0.0044961
80.00 -85.00 0.0044337
85.00 -85.00 0.0043841
90.00 -85.00 0.0043484
95.00 -85.00 0.0043273
100.00 -85.00 0.004321
105.00 -85.00 0.0043289
110.00 -85.00 0.0043498
115.00 -85.00 0.0043819
120.00 -85.00 0.0044231
125.00 -85.00 0.0044708
130.00 -85.00 0.0045217
135.00 -85.00 0.004572
140.00 -85.00 0.004618
145.00 -85.00 0.0046562
150.00 -85.00 0.0046834
155.00 -85.00 0.0046966
160.00 -85.00 0.0046933
165.00 -85.00 0.0046716
170.00 -85.00 0.0046301
175.00 -85.00 0.0045683
180.00 -85.00 0.0044864
-180.00 -80.00 0.005675
-175.00 -80.00 0.0055886
-170.00 -80.00 0.0054431
-165.00 -80.00 0.0052393
-160.00 -80.00 0.0049759
-155.00 -80.00 0.0046578
-150.00 -80.00 0.0043
-145.00 -80.00 0.0039188
-140.00 -80.00 0.0035272
-135.00 -80.00 0.00314
-130.00 -80.00 0.0027784
-125.00 -80.00 0.0024627
-120.00 -80.00 0.0022049
-115.00 -80.00 0.0020125
-110.00 -80.00 0.0018956
-105.00 -80.00 0.0018633
-100.00 -80.00 0.0019145
-95.00 -80.00 0.0020412
-90.00 -80.00 0.0022371
-85.00 -80.00 0.0024974
-80.00 -80.00 0.0028108
-75.00 -80.00 0.0031588
-70.00 -80.00 0.0035256
-65.00 -80.00 0.0039005
-60.00 -80.00 0.0042703
-55.00 -80.00 0.0046164
-50.00 -80.00 0.0049235
-45.00 -80.00 0.0051864
-40.00 -80.00 0.0054036
-35.00 -80.00 0.0055715
-30.00 -80.00 0.0056896
-25.00 -80.00 0.0057672
-20.00 -80.00 0.0058172
-15.00 -80.00 0.0058457
-10.00 -80.00 0.0058528
-5.00 -80.00 0.0058407
0.00 -80.00 0.0058123
5.00 -80.00 0.0057623
10.00 -80.00 0.0056786
15.00 -80.00 0.0055532
20.00 -80.00 0.0053864
25.00 -80.00 0.0051794
30.00 -80.00 0.0049314
35.00 -80.00 0.0046472
40.00 -80.00 0.0043415
45.00 -80.00 0.0040298
50.00 -80.00 0.0037208
55.00 -80.00 0.0034208
60.00 -80.00 0.00314
65.00 -80.00 0.0028878
70.00 -80.00 0.0026657
75.00 -80.00 0.0024711
80.00 -80.00 0.0023078
85.00 -80.00 0.0021846
90.00 -80.00 0.0021077
95.00 -80.00 0.00208
100.00 -80.00 0.0021088
105.00 -80.00 0.0022052
110.00 -80.00 0.0023738
115.00 -80.00 0.0026083
120.00 -80.00 0.0028986
125.00 -80.00 0.0032352
130.00 -80.00 0.0036036
135.00 -80.00 0.0039808
140.00 -80.00 0.0043442
145.00 -80.00 0.0046802
150.00 -80.00 0.00498
155.00 -80.00 0.0052333
160.00 -80.00 0.0054312
165.00 -80.00 0.0055733
170.00 -80.00 0.0056631
175.00 -80.00 0.0056991
180.00 -80.00 0.005675
-180.00 -75.00 0.005194
-175.00 -75.00 0.0051934
-170.00 -75.00 0.0051226
-165.00 -75.00 0.0049596
-160.00 -75.00 0.0046955
-155.00 -75.00 0.0043387
-150.00 -75.00 0.0039138
-145.00 -75.00 0.0034549
-140.00 -75.00 0.0029967
-135.00 -75.00 0.002568
-130.00 -75.00 0.0021904
-125.00 -75.00 0.0018783
-120.00 -75.00 0.0016416
-115.00 -75.00 0.0014887
-110.00 -75.00 0.0014269
-105.00 -75.00 0.001459
-100.00 -75.00 0.0015816
-95.00 -75.00 0.0017847
-90.00 -75.00 0.0020542
-85.00 -75.00 0.0023741
-80.00 -75.00 0.0027305
-75.00 -75.00 0.0031136
-70.00 -75.00 0.0035141
-65.00 -75.00 0.0039184
-60.00 -75.00 0.0043062
-55.00 -75.00 0.0046496
-50.00 -75.00 0.0049165
-45.00 -75.00 0.005078
-40.00 -75.00 0.0051184
-35.00 -75.00 0.0050419
-30.00 -75.00 0.0048733
-25.00 -75.00 0.0046556
-20.00 -75.00 0.0044409
-15.00 -75.00 0.0042786
-10.00 -75.00 0.0042026
-5.00 -75.00 0.0042241
0.00 -75.00 0.0043282
5.00 -75.00 0.0044762
10.00 -75.00 0.0046156
15.00 -75.00 0.0046932
20.00 -75.00 0.0046678
25.00 -75.00 0.004519
30.00 -75.00 0.0042505
35.00 -75.00 0.0038877
40.00 -75.00 0.0034679
45.00 -75.00 0.0030304
50.00 -75.00 0.0026079
55.00 -75.00 0.0022204
60.00 -75.00 0.0018724
65.00 -75.00 0.001556
70.00 -75.00 0.0012558
75.00 -75.00 0.0009554
80.00 -75.00 0.0006446
85.00 -75.00 0.0003272
90.00 -75.00 2.43e-05
95.00 -75.00 -0.0002268
100.00 -75.00 -0.0003787
105.00 -75.00 -0.0003832
110.00 -75.00 -0.0002051
115.00 -75.00 0.000167
120.00 -75.00 0.0007149
125.00 -75.00 0.001392
130.00 -75.00 0.0021314
135.00 -75.00 0.0028593
140.00 -75.00 0.0035111
145.00 -75.00 0.0040437
150.00 -75.00 0.0044407
155.00 -75.00 0.0047125
160.00 -75.00 0.0048883
165.00 -75.00 0.0050033
170.00 -75.00 0.0050865
175.00 -75.00 0.0051516
180.00 -75.00 0.005194
-180.00 -70.00 0.0031517
-175.00 -70.00 0.0032361
-170.00 -70.00 0.0032225
-165.00 -70.00 0.0030424
-160.00 -70.00 0.0026806
-155.00 -70.00 0.0021848
-150.00 -70.00 0.0016497
-145.00 -70.00 0.0011805
-140.00 -70.00 0.0008521
-135.00 -70.00 0.0006859
-130.00 -70.00 0.0006518
-125.00 -70.00 0.000696
-120.00 -70.00 0.0007751
-115.00 -70.00 0.0008787
-110.00 -70.00 0.0010272
-105.00 -70.00 0.0012484
-100.00 -70.00 0.0015509
-95.00 -70.00 0.0019097
-90.00 -70.00 0.0022757
-85.00 -70.00 0.0026016
-80.00 -70.00 0.0028679
-75.00 -70.00 0.0030926
-70.00 -70.00 0.0033181
-65.00 -70.00 0.0035816
-60.00 -70.00 0.0038875
-55.00 -70.00 0.0041944
-50.00 -70.00 0.0044272
-45.00 -70.00 0.0045056
-40.00 -70.00 0.0043773
-35.00 -70.00 0.0040394
-30.00 -70.00 0.0035434
-25.00 -70.00 0.0029825
-20.00 -70.00 0.0024703
-15.00 -70.00 0.0021167
-10.00 -70.00 0.0020045
-5.00 -70.00 0.0021686
0.00 -70.00 0.002582
5.00 -70.00 0.0031551
10.00 -70.00 0.003755
15.00 -70.00 0.0042413
20.00 -70.00 0.0045085
25.00 -70.00 0.0045165
30.00 -70.00 0.0042969
35.00 -70.00 0.0039312
40.00 -70.00 0.0035148
45.00 -70.00 0.0031225
50.00 -70.00 0.0027891
55.00 -70.00 0.0025104
60.00 -70.00 0.002256
65.00 -70.00 0.0019844
70.00 -70.00 0.0016552
75.00 -70.00 0.0012363
80.00 -70.00 0.0007115
85.00 -70.00 9.08e-05
90.00 -70.00 -0.0005812
95.00 -70.00 -0.0012223
100.00 -70.00 -0.001723
105.00 -70.00 -0.0019701
110.00 -70.00 -0.0018785
115.00 -70.00 -0.00142
120.00 -70.00 -0.0006394
125.00 -70.00 0.0003502
130.00 -70.00 0.0013924
135.00 -70.00 0.0023267
140.00 -70.00 0.0030279
145.00 -70.00 0.0034353
150.00 -70.00 0.0035616
155.00 -70.00 0.0034809
160.00 -70.00 0.0033012
165.00 -70.00 0.0031299
170.00 -70.00 0.0030423
175.00 -70.00 0.0030611
180.00 -70.00 0.0031517
-180.00 -65.00 0.0023958
-175.00 -65.00 0.0026862
-170.00 -65.00 0.0027993
-165.00 -65.00 0.0026124
-160.00 -65.00 0.0020929
-155.00 -65.00 0.0013404
-150.00 -65.00 0.0005668
-145.00 -65.00 8e-06
-140.00 -65.00 -0.0001874
-135.00 -65.00 -2.88e-05
-130.00 -65.00 0.0003333
-125.00 -65.00 0.000703
-120.00 -65.00 0.0009568
-115.00 -65.00 0.0011079
-110.00 -65.00 0.0012797
-105.00 -65.00 0.0016075
-100.00 -65.00 0.0021362
-95.00 -65.00 0.0027816
-90.00 -65.00 0.0033756
-85.00 -65.00 0.0037642
-80.00 -65.00 0.0038932
-75.00 -65.00 0.0038317
-70.00 -65.00 0.0037259
-65.00 -65.00 0.0037132
-60.00 -65.00 0.0038479
-55.00 -65.00 0.0040758
-50.00 -65.00 0.0042713
-45.00 -65.00 0.0043097
-40.00 -65.00 0.004132
-35.00 -65.00 0.0037639
-30.00 -65.00 0.0032845
-25.00 -65.00 0.0027766
-20.00 -65.00 0.0023027
-15.00 -65.00 0.0019199
-10.00 -65.00 0.0017073
-5.00 -65.00 0.001761
0.00 -65.00 0.0021394
5.00 -65.00 0.0027909
10.00 -65.00 0.0035284
15.00 -65.00 0.0040896
20.00 -65.00 0.0042614
25.00 -65.00 0.003993
30.00 -65.00 0.0034233
35.00 -65.00 0.0028009
40.00 -65.00 0.0023484
45.00 -65.00 0.0021556
50.00 -65.00 0.0021597
55.00 -65.00 0.0022095
60.00 -65.00 0.0021585
65.00 -65.00 0.0019259
70.00 -65.00 0.0015016
75.00 -65.00 0.0009158
80.00 -65.00 0.0002083
85.00 -65.00 -0.0005759
90.00 -65.00 -0.0013723
95.00 -65.00 -0.0020838
100.00 -65.00 -0.0025886
105.00 -65.00 -0.0027695
110.00 -65.00 -0.0025533
115.00 -65.00 -0.0019421
120.00 -65.00 -0.001025
125.00 -65.00 3.56e-05
130.00 -65.00 0.0010428
135.00 -65.00 0.0018197
140.00 -65.00 0.0022631
145.00 -65.00 0.0023728
150.00 -65.00 0.0022413
155.00 -65.00 0.0020094
160.00 -65.00 0.0018118
165.00 -65.00 0.0017403
170.00 -65.00 0.0018323
175.00 -65.00 0.0020728
180.00 -65.00 0.0023958
-180.00 -60.00 0.0028303
-175.00 -60.00 0.003182
-170.00 -60.00 0.0034696
-165.00 -60.00 0.0035512
-160.00 -60.00 0.0032782
-155.00 -60.00 0.0026456
-150.00 -60.00 0.0018574
-145.00 -60.00 0.0012351
-140.00 -60.00 0.0010215
-135.00 -60.00 0.0012172
-130.00 -60.00 0.0015798
-125.00 -60.00 0.0018001
-120.00 -60.00 0.0017328
-115.00 -60.00 0.0015089
-110.00 -60.00 0.001438
-105.00 -60.00 0.0017747
-100.00 -60.00 0.0025251
-95.00 -60.00 0.0034374
-90.00 -60.00 0.0041688
-85.00 -60.00 0.0044921
-80.00 -60.00 0.0044015
-75.00 -60.00 0.0040742
-70.00 -60.00 0.0037455
-65.00 -60.00 0.0035863
-60.00 -60.00 0.0036329
-55.00 -60.00 0.003787
-50.00 -60.00 0.0038898
-45.00 -60.00 0.0038416
-40.00 -60.00 0.0036924
-35.00 -60.00 0.0036156
-30.00 -60.00 0.0037524
-25.00 -60.00 0.0040473
-20.00 -60.00 0.0042375
-15.00 -60.00 0.004048
-10.00 -60.00 0.0034487
-5.00 -60.00 0.0027444
0.00 -60.00 0.0023864
5.00 -60.00 0.0026266
10.00 -60.00 0.0032829
15.00 -60.00 0.0038132
20.00 -60.00 0.0036671
25.00 -60.00 0.0026678
30.00 -60.00 0.0011488
35.00 -60.00 -0.0002517
40.00 -60.00 -0.0009882
45.00 -60.00 -0.0009165
50.00 -60.00 -0.0003186
55.00 -60.00 0.0003335
60.00 -60.00 0.0006728
65.00 -60.00 0.0005887
70.00 -60.00 0.000178
75.00 -60.00 -0.0004006
80.00 -60.00 -0.0010283
85.00 -60.00 -0.0016286
90.00 -60.00 -0.0021202
95.00 -60.00 -0.0024029
100.00 -60.00 -0.0023977
105.00 -60.00 -0.0020972
110.00 -60.00 -0.0015724
115.00 -60.00 -0.0009334
120.00 -60.00 -0.000289
125.00 -60.00 0.0002633
130.00 -60.00 0.0006288
135.00 -60.00 0.0007365
140.00 -60.00 0.0005971
145.00 -60.00 0.0003452
150.00 -60.00 0.0001989
155.00 -60.00 0.0003351
160.00 -60.00 0.0007757
165.00 -60.00 0.0013821
170.00 -60.00 0.0019705
175.00 -60.00 0.002445
180.00 -60.00 0.0028303
-180.00 -55.00 0.0019065
-175.00 -55.00 0.0016834
-170.00 -55.00 0.0017975
-165.00 -55.00 0.0021841
-160.00 -55.00 0.0024979
-155.00 -55.00 0.0024247
-150.00 -55.00 0.0019453
-145.00 -55.00 0.0013465
-140.00 -55.00 0.0009774
-135.00 -55.00 0.000954
-130.00 -55.00 0.001068
-125.00 -55.00 0.0009996
-120.00 -55.00 0.0006587
-115.00 -55.00 0.0003293
-110.00 -55.00 0.0004482
-105.00 -55.00 0.0011981
-100.00 -55.00 0.0022977
-95.00 -55.00 0.0032034
-90.00 -55.00 0.0035393
-85.00 -55.00 0.0033543
-80.00 -55.00 0.0029973
-75.00 -55.00 0.0027841
-70.00 -55.00 0.0027994
-65.00 -55.00 0.0029613
-60.00 -55.00 0.0031746
-55.00 -55.00 0.0033655
-50.00 -55.00 0.0034346
-45.00 -55.00 0.0033102
-40.00 -55.00 0.003119
-35.00 -55.00 0.0032249
-30.00 -55.00 0.0039417
-25.00 -55.00 0.0051139
-20.00 -55.00 0.006026
-15.00 -55.00 0.0058673
-10.00 -55.00 0.0044261
-5.00 -55.00 0.0023984
0.00 -55.00 0.0009785
5.00 -55.00 0.0010031
10.00 -55.00 0.0023012
15.00 -55.00 0.0037565
20.00 -55.00 0.004063
25.00 -55.00 0.0026364
30.00 -55.00 1.93e-05
35.00 -55.00 -0.0025087
40.00 -55.00 -0.0038082
45.00 -55.00 -0.0035756
50.00 -55.00 -0.0023783
55.00 -55.00 -0.0011015
60.00 -55.00 -0.0003207
65.00 -55.00 -7.78e-05
70.00 -55.00 -0.0001125
75.00 -55.00 -0.0002169
80.00 -55.00 -0.0003622
85.00 -55.00 -0.0005573
90.00 -55.00 -0.0006815
95.00 -55.00 -0.0005204
100.00 -55.00 2.42e-05
105.00 -55.00 0.0007826
110.00 -55.00 0.001407
115.00 -55.00 0.001633
120.00 -55.00 0.0014634
125.00 -55.00 0.0010987
130.00 -55.00 0.0006967
135.00 -55.00 0.0002335
140.00 -55.00 -0.0003732
145.00 -55.00 -0.0010177
150.00 -55.00 -0.0013465
155.00 -55.00 -0.001015
160.00 -55.00 -3.42e-05
165.00 -55.00 0.0011513
170.00 -55.00 0.0019705
175.00 -55.00 0.0021542
180.00 -55.00 0.0019065
-180.00 -50.00 0.0005203
-175.00 -50.00 -0.0005482
-170.00 -50.00 -0.0011162
-165.00 -50.00 -0.0010203
-160.00 -50.00 -0.0006351
-155.00 -50.00 -0.0005158
-150.00 -50.00 -0.0009383
-145.00 -50.00 -0.0016861
-140.00 -50.00 -0.0022603
-135.00 -50.00 -0.0023452
-130.00 -50.00 -0.0020874
-125.00 -50.00 -0.0018755
-120.00 -50.00 -0.0018208
-115.00 -50.00 -0.0015285
-110.00 -50.00 -0.0004993
-105.00 -50.00 0.001208
-100.00 -50.00 0.0028111
-95.00 -50.00 0.0034359
-90.00 -50.00 0.0029642
-85.00 -50.00 0.002191
-80.00 -50.00 0.0020716
-75.00 -50.00 0.0028235
-70.00 -50.00 0.0038302
-65.00 -50.00 0.0043955
-60.00 -50.00 0.0044452
-55.00 -50.00 0.0043927
-50.00 -50.00 0.0044483
-45.00 -50.00 0.0043326
-40.00 -50.00 0.0037847
-35.00 -50.00 0.0031503
-30.00 -50.00 0.0031599
-25.00 -50.00 0.0040237
-20.00 -50.00 0.0049141
-15.00 -50.00 0.0045594
-10.00 -50.00 0.0024521
-5.00 -50.00 -0.0005028
0.00 -50.00 -0.0025247
5.00 -50.00 -0.0022487
10.00 -50.00 0.0002223
15.00 -50.00 0.003271
20.00 -50.00 0.0047993
25.00 -50.00 0.0036686
30.00 -50.00 0.0005024
35.00 -50.00 -0.0028009
40.00 -50.00 -0.0044835
45.00 -50.00 -0.0041148
50.00 -50.00 -0.0026202
55.00 -50.00 -0.0012731
60.00 -50.00 -0.0006505
65.00 -50.00 -0.0004375
70.00 -50.00 -7.03e-05
75.00 -50.00 0.0005704
80.00 -50.00 0.0011209
85.00 -50.00 0.0012797
90.00 -50.00 0.001252
95.00 -50.00 0.0015736
100.00 -50.00 0.0025054
105.00 -50.00 0.0036529
110.00 -50.00 0.0042367
115.00 -50.00 0.0037886
120.00 -50.00 0.0026097
125.00 -50.00 0.001514
130.00 -50.00 0.001068
135.00 -50.00 0.001073
140.00 -50.00 0.0008434
145.00 -50.00 8.7e-06
150.00 -50.00 -0.0010129
155.00 -50.00 -0.0013904
160.00 -50.00 -0.0007171
165.00 -50.00 0.0005522
170.00 -50.00 0.0014788
175.00 -50.00 0.0014261
180.00 -50.00 0.0005203
-180.00 -45.00 0.0013956
-175.00 -45.00 3.02e-05
-170.00 -45.00 -0.0012927
-165.00 -45.00 -0.0019813
-160.00 -45.00 -0.0020822
-155.00 -45.00 -0.0021943
-150.00 -45.00 -0.0028596
-145.00 -45.00 -0.003955
-140.00 -45.00 -0.0047404
-135.00 -45.00 -0.0046025
-130.00 -45.00 -0.0037097
-125.00 -45.00 -0.0027859
-120.00 -45.00 -0.002207
-115.00 -45.00 -0.0015031
-110.00 -45.00 3.8e-05
-105.00 -45.00 0.0022983
-100.00 -45.00 0.0041181
-95.00 -45.00 0.0043961
-90.00 -45.00 0.0033959
-85.00 -45.00 0.0027103
-80.00 -45.00 0.0036959
-75.00 -45.00 0.0059826
-70.00 -45.00 0.0077771
-65.00 -45.00 0.0077533
-60.00 -45.00 0.0064272
-55.00 -45.00 0.0054177
-50.00 -45.00 0.0054751
-45.00 -45.00 0.0056639
-40.00 -45.00 0.0046659
-35.00 -45.00 0.0025336
-30.00 -45.00 0.0007053
-25.00 -45.00 0.0003168
-20.00 -45.00 0.0009036
-15.00 -45.00 0.0009501
-10.00 -45.00 -0.00051
-5.00 -45.00 -0.0029862
0.00 -45.00 -0.0049617
5.00 -45.00 -0.0050174
10.00 -45.00 -0.0028418
15.00 -45.00 0.0003676
20.00 -45.00 0.0024932
25.00 -45.00 0.0019917
30.00 -45.00 -0.0007912
35.00 -45.00 -0.0038181
40.00 -45.00 -0.0050729
45.00 -45.00 -0.0042031
50.00 -45.00 -0.0025585
55.00 -45.00 -0.0017225
60.00 -45.00 -0.0020554
65.00 -45.00 -0.0026063
70.00 -45.00 -0.0023168
75.00 -45.00 -0.0011704
80.00 -45.00 -8.96e-05
85.00 -45.00 0.0002105
90.00 -45.00 6.63e-05
95.00 -45.00 0.0004817
100.00 -45.00 0.0019802
105.00 -45.00 0.0039218
110.00 -45.00 0.004977
115.00 -45.00 0.0043329
120.00 -45.00 0.0025317
125.00 -45.00 0.0010946
130.00 -45.00 0.001155
135.00 -45.00 0.0023764
140.00 -45.00 0.0032907
145.00 -45.00 0.0027608
150.00 -45.00 0.00106
155.00 -45.00 -0.0004796
160.00 -45.00 -0.0007539
165.00 -45.00 0.000219
170.00 -45.00 0.0014852
175.00 -45.00 0.0020098
180.00 -45.00 0.0013956
-180.00 -40.00 0.0031673
-175.00 -40.00 0.0017862
-170.00 -40.00 -0.0001958
-165.00 -40.00 -0.0014317
-160.00 -40.00 -0.0013804
-155.00 -40.00 -0.0008403
-150.00 -40.00 -0.0010227
-145.00 -40.00 -0.0021364
-140.00 -40.00 -0.0031119
-135.00 -40.00 -0.0028315
-130.00 -40.00 -0.0014236
-125.00 -40.00 -7.02e-05
-120.00 -40.00 0.0004236
-115.00 -40.00 0.0005292
-110.00 -40.00 0.0012731
-105.00 -40.00 0.0028031
-100.00 -40.00 0.004038
-95.00 -40.00 0.0039364
-90.00 -40.00 0.0029731
-85.00 -40.00 0.002959
-80.00 -40.00 0.0050616
-75.00 -40.00 0.0081166
-70.00 -40.00 0.0094356
-65.00 -40.00 0.0076208
-60.00 -40.00 0.0042627
-55.00 -40.00 0.0023167
-50.00 -40.00 0.0028451
-45.00 -40.00 0.0039545
-40.00 -40.00 0.0031837
-35.00 -40.00 0.000387
-30.00 -40.00 -0.0023056
-25.00 -40.00 -0.0030691
-20.00 -40.00 -0.002162
-15.00 -40.00 -0.0011397
-10.00 -40.00 -0.001144
-5.00 -40.00 -0.0023458
0.00 -40.00 -0.0043036
5.00 -40.00 -0.0060977
10.00 -40.00 -0.0065565
15.00 -40.00 -0.0053049
20.00 -40.00 -0.0035935
25.00 -40.00 -0.0033028
30.00 -40.00 -0.0048764
35.00 -40.00 -0.006733
40.00 -40.00 -0.0069695
45.00 -40.00 -0.0053418
50.00 -40.00 -0.0033915
55.00 -40.00 -0.0028096
60.00 -40.00 -0.0038013
65.00 -40.00 -0.0049946
70.00 -40.00 -0.0049357
75.00 -40.00 -0.003624
80.00 -40.00 -0.0023871
85.00 -40.00 -0.0022402
90.00 -40.00 -0.0026895
95.00 -40.00 -0.0023227
100.00 -40.00 -0.000369
105.00 -40.00 0.002465
110.00 -40.00 0.0045437
115.00 -40.00 0.0046618
120.00 -40.00 0.0031442
125.00 -40.00 0.0016895
130.00 -40.00 0.0018546
135.00 -40.00 0.0035507
140.00 -40.00 0.0051804
145.00 -40.00 0.005268
150.00 -40.00 0.0037572
155.00 -40.00 0.0017874
160.00 -40.00 0.0006011
165.00 -40.00 0.0007539
170.00 -40.00 0.0019234
175.00 -40.00 0.0030989
180.00 -40.00 0.0031673
-180.00 -35.00 0.0029972
-175.00 -35.00 0.001239
-170.00 -35.00 -0.0016414
-165.00 -35.00 -0.0032324
-160.00 -35.00 -0.0023391
-155.00 -35.00 -0.0002322
-150.00 -35.00 0.0008692
-145.00 -35.00 0.0002397
-140.00 -35.00 -0.0007835
-135.00 -35.00 -0.0005683
-130.00 -35.00 0.0009556
-125.00 -35.00 0.0024569
-120.00 -35.00 0.0028685
-115.00 -35.00 0.0024047
-110.00 -35.00 0.0019513
-105.00 -35.00 0.0018952
-100.00 -35.00 0.0018196
-95.00 -35.00 0.0012807
-90.00 -35.00 0.0007193
-85.00 -35.00 0.0013197
-80.00 -35.00 0.0035562
-75.00 -35.00 0.0059159
-70.00 -35.00 0.0058332
-65.00 -35.00 0.0025041
-60.00 -35.00 -0.0016851
-55.00 -35.00 -0.0033861
-50.00 -35.00 -0.0019001
-45.00 -35.00 0.0002167
-40.00 -35.00 0.0003125
-35.00 -35.00 -0.0014298
-30.00 -35.00 -0.002784
-25.00 -35.00 -0.0024812
-20.00 -35.00 -0.0013244
-15.00 -35.00 -0.0005333
-10.00 -35.00 -0.0004048
-5.00 -35.00 -0.0011032
0.00 -35.00 -0.0033494
5.00 -35.00 -0.0070695
10.00 -35.00 -0.0102782
15.00 -35.00 -0.0108822
20.00 -35.00 -0.0092988
25.00 -35.00 -0.0079178
30.00 -35.00 -0.008066
35.00 -35.00 -0.0087268
40.00 -35.00 -0.0082904
45.00 -35.00 -0.0064948
50.00 -35.00 -0.0044373
55.00 -35.00 -0.0033799
60.00 -35.00 -0.0036405
65.00 -35.00 -0.004267
70.00 -35.00 -0.0039761
75.00 -35.00 -0.0026807
80.00 -35.00 -0.0016482
85.00 -35.00 -0.0018434
90.00 -35.00 -0.0026697
95.00 -35.00 -0.0027163
100.00 -35.00 -0.0012443
105.00 -35.00 0.0013223
110.00 -35.00 0.0038236
115.00 -35.00 0.0050793
120.00 -35.00 0.0047812
125.00 -35.00 0.0039062
130.00 -35.00 0.0037752
135.00 -35.00 0.0046331
140.00 -35.00 0.0055963
145.00 -35.00 0.0058438
150.00 -35.00 0.0052225
155.00 -35.00 0.0038765
160.00 -35.00 0.0021715
165.00 -35.00 0.0010255
170.00 -35.00 0.0013284
175.00 -35.00 0.0026059
180.00 -35.00 0.0029972
-180.00 -30.00 0.0017519
-175.00 -30.00 8.7e-06
-170.00 -30.00 -0.0035199
-165.00 -30.00 -0.0057114
-160.00 -30.00 -0.0049936
-155.00 -30.00 -0.0027684
-150.00 -30.00 -0.0014337
-145.00 -30.00 -0.0017362
-140.00 -30.00 -0.0024211
-135.00 -30.00 -0.0020545
-130.00 -30.00 -0.0005277
-125.00 -30.00 0.0012534
-120.00 -30.00 0.0024511
-115.00 -30.00 0.0026563
-110.00 -30.00 0.001752
-105.00 -30.00 9.1e-05
-100.00 -30.00 -0.0014534
-95.00 -30.00 -0.0021303
-90.00 -30.00 -0.0017921
-85.00 -30.00 -0.0005407
-80.00 -30.00 0.0013682
-75.00 -30.00 0.0028171
-70.00 -30.00 0.002094
-65.00 -30.00 -0.0010353
-60.00 -30.00 -0.0042376
-55.00 -30.00 -0.0048732
-50.00 -30.00 -0.0030351
-45.00 -30.00 -0.0011809
-40.00 -30.00 -0.0008856
-35.00 -30.00 -0.0012086
-30.00 -30.00 -0.0006307
-25.00 -30.00 0.0005216
-20.00 -30.00 0.0006632
-15.00 -30.00 -0.0005399
-10.00 -30.00 -0.0018032
-5.00 -30.00 -0.0027032
0.00 -30.00 -0.0047645
5.00 -30.00 -0.0087728
10.00 -30.00 -0.0125208
15.00 -30.00 -0.0132206
20.00 -30.00 -0.011208
25.00 -30.00 -0.0091683
30.00 -30.00 -0.008419
35.00 -30.00 -0.0080695
40.00 -30.00 -0.007262
45.00 -30.00 -0.0061092
50.00 -30.00 -0.0047323
55.00 -30.00 -0.0031536
60.00 -30.00 -0.0018574
65.00 -30.00 -0.0011534
70.00 -30.00 -0.0005338
75.00 -30.00 0.0003354
80.00 -30.00 0.0008389
85.00 -30.00 0.0005028
90.00 -30.00 -0.0001157
95.00 -30.00 -0.000323
100.00 -30.00 -4.7e-05
105.00 -30.00 0.0007305
110.00 -30.00 0.0021435
115.00 -30.00 0.0037351
120.00 -30.00 0.0047082
125.00 -30.00 0.005008
130.00 -30.00 0.0051216
135.00 -30.00 0.0050172
140.00 -30.00 0.0044338
145.00 -30.00 0.003804
150.00 -30.00 0.0035372
155.00 -30.00 0.002853
160.00 -30.00 0.0009135
165.00 -30.00 -0.0011766
170.00 -30.00 -0.0012896
175.00 -30.00 0.0005892
180.00 -30.00 0.0017519
-180.00 -25.00 0.0004462
-175.00 -25.00 -0.0002341
-170.00 -25.00 -0.0028551
-165.00 -25.00 -0.0049621
-160.00 -25.00 -0.0056288
-155.00 -25.00 -0.005711
-150.00 -25.00 -0.0060494
-145.00 -25.00 -0.0064241
-140.00 -25.00 -0.0062147
-135.00 -25.00 -0.0053277
-130.00 -25.00 -0.0040155
-125.00 -25.00 -0.0022258
-120.00 -25.00 -2.57e-05
-115.00 -25.00 0.001385
-110.00 -25.00 0.0003898
-105.00 -25.00 -0.0026978
-100.00 -25.00 -0.0052552
-95.00 -25.00 -0.0052644
-90.00 -25.00 -0.0034101
-85.00 -25.00 -0.0013306
-80.00 -25.00 0.0005716
-75.00 -25.00 0.0021571
-70.00 -25.00 0.0022441
-65.00 -25.00 0.0003684
-60.00 -25.00 -0.0015627
-55.00 -25.00 -0.0015357
-50.00 -25.00 -0.0002911
-45.00 -25.00 5.24e-05
-40.00 -25.00 -0.0007053
-35.00 -25.00 -0.0009034
-30.00 -25.00 6.94e-05
-25.00 -25.00 0.0006836
-20.00 -25.00 -0.0005941
-15.00 -25.00 -0.0031078
-10.00 -25.00 -0.0048588
-5.00 -25.00 -0.0054108
0.00 -25.00 -0.0066124
5.00 -25.00 -0.0095383
10.00 -25.00 -0.0122494
15.00 -25.00 -0.0124339
20.00 -25.00 -0.0108077
25.00 -25.00 -0.0094828
30.00 -25.00 -0.0084484
35.00 -25.00 -0.0065464
40.00 -25.00 -0.0044899
45.00 -25.00 -0.0037325
50.00 -25.00 -0.0035422
55.00 -25.00 -0.0022043
60.00 -25.00 -2.86e-05
65.00 -25.00 0.0013957
70.00 -25.00 0.0017267
75.00 -25.00 0.001613
80.00 -25.00 0.0013271
85.00 -25.00 0.001171
90.00 -25.00 0.0016454
95.00 -25.00 0.0022353
100.00 -25.00 0.0018009
105.00 -25.00 0.0006605
110.00 -25.00 0.0003565
115.00 -25.00 0.0012863
120.00 -25.00 0.0025277
125.00 -25.00 0.0036283
130.00 -25.00 0.0045126
135.00 -25.00 0.0043389
140.00 -25.00 0.0026292
145.00 -25.00 0.0006897
150.00 -25.00 -0.000214
155.00 -25.00 -0.0010641
160.00 -25.00 -0.0032184
165.00 -25.00 -0.005354
170.00 -25.00 -0.0048549
175.00 -25.00 -0.0018586
180.00 -25.00 0.0004462
-180.00 -20.00 -0.0028775
-175.00 -20.00 -0.0031427
-170.00 -20.00 -0.0035116
-165.00 -20.00 -0.0035722
-160.00 -20.00 -0.0044672
-155.00 -20.00 -0.0065719
-150.00 -20.00 -0.0084145
-145.00 -20.00 -0.0084743
-140.00 -20.00 -0.0071125
-135.00 -20.00 -0.0059504
-130.00 -20.00 -0.0055672
-125.00 -20.00 -0.0046891
-120.00 -20.00 -0.0023698
-115.00 -20.00 -0.0003702
-110.00 -20.00 -0.0015454
-105.00 -20.00 -0.0054742
-100.00 -20.00 -0.0080249
-95.00 -20.00 -0.0066168
-90.00 -20.00 -0.0034095
-85.00 -20.00 -0.0013487
-80.00 -20.00 -1.93e-05
-75.00 -20.00 0.0018067
-70.00 -20.00 0.0026717
-65.00 -20.00 0.0011588
-60.00 -20.00 -0.0006147
-55.00 -20.00 -0.0001056
-50.00 -20.00 0.0013537
-45.00 -20.00 0.0009598
-40.00 -20.00 -0.000975
-35.00 -20.00 -0.0021449
-30.00 -20.00 -0.0021753
-25.00 -20.00 -0.0025738
-20.00 -20.00 -0.0039614
-15.00 -20.00 -0.005424
-10.00 -20.00 -0.0060802
-5.00 -20.00 -0.0062806
0.00 -20.00 -0.0072151
5.00 -20.00 -0.009193
10.00 -20.00 -0.0108055
15.00 -20.00 -0.010933
20.00 -20.00 -0.0105657
25.00 -20.00 -0.0105828
30.00 -20.00 -0.0093322
35.00 -20.00 -0.0054633
40.00 -20.00 -0.0013589
45.00 -20.00 -9.98e-05
50.00 -20.00 -0.0007709
55.00 -20.00 -0.0004007
60.00 -20.00 0.0013018
65.00 -20.00 0.0024738
70.00 -20.00 0.0024002
75.00 -20.00 0.0015929
80.00 -20.00 0.000589
85.00 -20.00 0.0003958
90.00 -20.00 0.0018062
95.00 -20.00 0.0034424
100.00 -20.00 0.0031355
105.00 -20.00 0.0013405
110.00 -20.00 0.0003595
115.00 -20.00 0.0007682
120.00 -20.00 0.0015097
125.00 -20.00 0.0023617
130.00 -20.00 0.0033646
135.00 -20.00 0.0032772
140.00 -20.00 0.0013856
145.00 -20.00 -0.0007952
150.00 -20.00 -0.0019972
155.00 -20.00 -0.0033484
160.00 -20.00 -0.005781
165.00 -20.00 -0.0075103
170.00 -20.00 -0.0065874
175.00 -20.00 -0.0041742
180.00 -20.00 -0.0028775
-180.00 -15.00 -0.0074683
-175.00 -15.00 -0.009447
-170.00 -15.00 -0.0083386
-165.00 -15.00 -0.0055984
-160.00 -15.00 -0.0047034
-155.00 -15.00 -0.0062697
-150.00 -15.00 -0.0076277
-145.00 -15.00 -0.0067552
-140.00 -15.00 -0.0047634
-135.00 -15.00 -0.0040519
-130.00 -15.00 -0.0050057
-125.00 -15.00 -0.0054477
-120.00 -15.00 -0.0036752
-115.00 -15.00 -0.0014128
-110.00 -15.00 -0.0020221
-105.00 -15.00 -0.005289
-100.00 -15.00 -0.0067109
-95.00 -15.00 -0.0038698
-90.00 -15.00 -0.0002501
-85.00 -15.00 0.0004003
-80.00 -15.00 -0.0002907
-75.00 -15.00 0.0003941
-70.00 -15.00 0.0005827
-65.00 -15.00 -0.0020125
-60.00 -15.00 -0.004305
-55.00 -15.00 -0.0024682
-50.00 -15.00 0.0011417
-45.00 -15.00 0.0016781
-40.00 -15.00 -0.0008092
-35.00 -15.00 -0.0029516
-30.00 -15.00 -0.0038141
-25.00 -15.00 -0.0045191
-20.00 -15.00 -0.0050539
-15.00 -15.00 -0.0050645
-10.00 -15.00 -0.0054508
-5.00 -15.00 -0.0068876
0.00 -15.00 -0.0086339
5.00 -15.00 -0.0097224
10.00 -15.00 -0.0099254
15.00 -15.00 -0.0097245
20.00 -15.00 -0.0099769
25.00 -15.00 -0.0104265
30.00 -15.00 -0.0088836
35.00 -15.00 -0.0042194
40.00 -15.00 0.0007757
45.00 -15.00 0.0025734
50.00 -15.00 0.0016141
55.00 -15.00 0.0007861
60.00 -15.00 0.0011072
65.00 -15.00 0.0017861
70.00 -15.00 0.002318
75.00 -15.00 0.0022276
80.00 -15.00 0.0011606
85.00 -15.00 0.0004132
90.00 -15.00 0.0015277
95.00 -15.00 0.0032559
100.00 -15.00 0.003181
105.00 -15.00 0.0016869
110.00 -15.00 0.0009759
115.00 -15.00 0.0014457
120.00 -15.00 0.0021068
125.00 -15.00 0.0027192
130.00 -15.00 0.0029702
135.00 -15.00 0.0019293
140.00 -15.00 0.0001765
145.00 -15.00 -0.000442
150.00 -15.00 -0.0003271
155.00 -15.00 -0.0018585
160.00 -15.00 -0.0048318
165.00 -15.00 -0.0062007
170.00 -15.00 -0.0052945
175.00 -15.00 -0.0051811
180.00 -15.00 -0.0074683
-180.00 -10.00 -0.0084633
-175.00 -10.00 -0.0121139
-170.00 -10.00 -0.0113237
-165.00 -10.00 -0.0078175
-160.00 -10.00 -0.0056908
-155.00 -10.00 -0.0058779
-150.00 -10.00 -0.006022
-145.00 -10.00 -0.0045711
-140.00 -10.00 -0.0028068
-135.00 -10.00 -0.0027175
-130.00 -10.00 -0.0042687
-125.00 -10.00 -0.0053374
-120.00 -10.00 -0.0041139
-115.00 -10.00 -0.0015656
-110.00 -10.00 -0.0006831
-105.00 -10.00 -0.0021026
-100.00 -10.00 -0.00227
-95.00 -10.00 0.0012153
-90.00 -10.00 0.0048769
-85.00 -10.00 0.0044371
-80.00 -10.00 0.0016737
-75.00 -10.00 0.0004007
-70.00 -10.00 -0.0007615
-65.00 -10.00 -0.0043511
-60.00 -10.00 -0.0067796
-55.00 -10.00 -0.003497
-50.00 -10.00 0.0021311
-45.00 -10.00 0.0034108
-40.00 -10.00 0.0003534
-35.00 -10.00 -0.0022442
-30.00 -10.00 -0.0029206
-25.00 -10.00 -0.0032812
-20.00 -10.00 -0.0035669
-15.00 -10.00 -0.0037914
-10.00 -10.00 -0.0055238
-5.00 -10.00 -0.0087965
0.00 -10.00 -0.0108557
5.00 -10.00 -0.0102111
10.00 -10.00 -0.0086043
15.00 -10.00 -0.0080123
20.00 -10.00 -0.0084386
25.00 -10.00 -0.0086007
30.00 -10.00 -0.0069954
35.00 -10.00 -0.0032577
40.00 -10.00 0.0006733
45.00 -10.00 0.0022914
50.00 -10.00 0.0014092
55.00 -10.00 -0.0002454
60.00 -10.00 -0.0012314
65.00 -10.00 -0.0007729
70.00 -10.00 0.0011228
75.00 -10.00 0.0028207
80.00 -10.00 0.0026464
85.00 -10.00 0.0015827
90.00 -10.00 0.0017278
95.00 -10.00 0.0027172
100.00 -10.00 0.002608
105.00 -10.00 0.0011679
110.00 -10.00 -0.0002593
115.00 -10.00 -0.0006141
120.00 -10.00 0.0005756
125.00 -10.00 0.0024833
130.00 -10.00 0.0025209
135.00 -10.00 -0.0001898
140.00 -10.00 -0.00209
145.00 -10.00 -0.0002326
150.00 -10.00 0.002064
155.00 -10.00 2.41e-05
160.00 -10.00 -0.0044726
165.00 -10.00 -0.0058358
170.00 -10.00 -0.0040105
175.00 -10.00 -0.0042834
180.00 -10.00 -0.0084633
-180.00 -5.00 -0.0051624
-175.00 -5.00 -0.0076492
-170.00 -5.00 -0.0076964
-165.00 -5.00 -0.006037
-160.00 -5.00 -0.005202
-155.00 -5.00 -0.0056072
-150.00 -5.00 -0.0054969
-145.00 -5.00 -0.0040002
-140.00 -5.00 -0.0024273
-135.00 -5.00 -0.0022219
-130.00 -5.00 -0.0031691
-125.00 -5.00 -0.0039742
-120.00 -5.00 -0.0034337
-115.00 -5.00 -0.0014743
-110.00 -5.00 0.0001384
-105.00 -5.00 -8.04e-05
-100.00 -5.00 -0.0001145
-95.00 -5.00 0.0030092
-90.00 -5.00 0.0072871
-85.00 -5.00 0.0077822
-80.00 -5.00 0.0045674
-75.00 -5.00 0.0018932
-70.00 -5.00 0.0002205
-65.00 -5.00 -0.0027838
-60.00 -5.00 -0.0048095
-55.00 -5.00 -0.0018387
-50.00 -5.00 0.0031149
-45.00 -5.00 0.0036095
-40.00 -5.00 8.37e-05
-35.00 -5.00 -0.0020593
-30.00 -5.00 -0.0017356
-25.00 -5.00 -0.0017515
-20.00 -5.00 -0.0026614
-15.00 -5.00 -0.0036724
-10.00 -5.00 -0.0057523
-5.00 -5.00 -0.0087578
0.00 -5.00 -0.0097087
5.00 -5.00 -0.0075663
10.00 -5.00 -0.0055093
15.00 -5.00 -0.0060799
20.00 -5.00 -0.0078714
25.00 -5.00 -0.0083096
30.00 -5.00 -0.0066394
35.00 -5.00 -0.0037118
40.00 -5.00 -0.0009879
45.00 -5.00 0.0002483
50.00 -5.00 -0.000237
55.00 -5.00 -0.0016394
60.00 -5.00 -0.0027471
65.00 -5.00 -0.0022964
70.00 -5.00 7.12e-05
75.00 -5.00 0.0028273
80.00 -5.00 0.0040184
85.00 -5.00 0.003681
90.00 -5.00 0.0033145
95.00 -5.00 0.0035196
100.00 -5.00 0.0034009
105.00 -5.00 0.001604
110.00 -5.00 -0.0020658
115.00 -5.00 -0.0049737
120.00 -5.00 -0.0035973
125.00 -5.00 0.0007099
130.00 -5.00 0.0017908
135.00 -5.00 -0.0020029
140.00 -5.00 -0.0040901
145.00 -5.00 -0.0002859
150.00 -5.00 0.0033171
155.00 -5.00 -0.0001806
160.00 -5.00 -0.0071744
165.00 -5.00 -0.0093309
170.00 -5.00 -0.0060182
175.00 -5.00 -0.0035814
180.00 -5.00 -0.0051624
-180.00 0.00 -0.0024464
-175.00 0.00 -0.0023247
-170.00 0.00 -0.0027881
-165.00 0.00 -0.0035535
-160.00 0.00 -0.0049817
-155.00 0.00 -0.0065048
-150.00 0.00 -0.0064048
-145.00 0.00 -0.0041964
-140.00 0.00 -0.0018108
-135.00 0.00 -0.0008968
-130.00 0.00 -0.0009243
-125.00 0.00 -0.0010643
-120.00 0.00 -0.0012496
-115.00 0.00 -0.0010504
-110.00 0.00 -0.0005131
-105.00 0.00 -0.0009345
-100.00 0.00 -0.0016463
-95.00 0.00 0.0006523
-90.00 0.00 0.0057319
-85.00 0.00 0.0081181
-80.00 0.00 0.0053822
-75.00 0.00 0.0017883
-70.00 0.00 0.0004
-65.00 0.00 -0.0007877
-60.00 0.00 -0.002311
-55.00 0.00 -0.0015105
-50.00 0.00 0.000753
-45.00 0.00 0.0003916
-40.00 0.00 -0.0021279
-35.00 0.00 -0.0026427
-30.00 0.00 -0.0012592
-25.00 0.00 -0.0015288
-20.00 0.00 -0.0034356
-15.00 0.00 -0.0043384
-10.00 0.00 -0.0043563
-5.00 0.00 -0.0048503
0.00 0.00 -0.0047461
5.00 0.00 -0.0032393
10.00 0.00 -0.0027663
15.00 0.00 -0.0053828
20.00 0.00 -0.0090686
25.00 0.00 -0.0103125
30.00 0.00 -0.0082182
35.00 0.00 -0.004641
40.00 0.00 -0.0018619
45.00 0.00 -0.0008288
50.00 0.00 -0.000892
55.00 0.00 -0.0009748
60.00 0.00 -0.0007444
65.00 0.00 -0.0002482
70.00 0.00 0.0008687
75.00 0.00 0.0028563
80.00 0.00 0.0049649
85.00 0.00 0.0059022
90.00 0.00 0.0054126
95.00 0.00 0.0048258
100.00 0.00 0.0048558
105.00 0.00 0.003366
110.00 0.00 -0.0015978
115.00 0.00 -0.0064906
120.00 0.00 -0.0053854
125.00 0.00 0.0002349
130.00 0.00 0.0020764
135.00 0.00 -0.0018909
140.00 0.00 -0.0037757
145.00 0.00 0.0005884
150.00 0.00 0.0038947
155.00 0.00 -0.000793
160.00 0.00 -0.0089905
165.00 0.00 -0.0120557
170.00 0.00 -0.0088459
175.00 0.00 -0.0044901
180.00 0.00 -0.0024464
-180.00 5.00 -0.0021715
-175.00 5.00 -0.0012388
-170.00 5.00 -0.0022968
-165.00 5.00 -0.0043901
-160.00 5.00 -0.0066681
-155.00 5.00 -0.0083232
-150.00 5.00 -0.0075639
-145.00 5.00 -0.0040295
-140.00 5.00 -0.0006592
-135.00 5.00 0.0003422
-130.00 5.00 0.0005364
-125.00 5.00 0.0013223
-120.00 5.00 0.0013367
-115.00 5.00 9.13e-05
-110.00 5.00 -0.0009109
-105.00 5.00 -0.0016004
-100.00 5.00 -0.0023264
-95.00 5.00 -0.0006992
-90.00 5.00 0.0041608
-85.00 5.00 0.0073027
-80.00 5.00 0.0047759
-75.00 5.00 0.0004161
-70.00 5.00 -0.0007774
-65.00 5.00 -0.000365
-60.00 5.00 -0.0015226
-55.00 5.00 -0.0029318
-50.00 5.00 -0.0028786
-45.00 5.00 -0.002806
-40.00 5.00 -0.0030628
-35.00 5.00 -0.0018292
-30.00 5.00 -0.0002337
-25.00 5.00 -0.001604
-20.00 5.00 -0.0049087
-15.00 5.00 -0.0056818
-10.00 5.00 -0.0033225
-5.00 5.00 -0.0013733
0.00 5.00 -0.0013859
5.00 5.00 -0.0019754
10.00 5.00 -0.0029623
15.00 5.00 -0.0056578
20.00 5.00 -0.009361
25.00 5.00 -0.0110346
30.00 5.00 -0.008889
35.00 5.00 -0.0046232
40.00 5.00 -0.0015609
45.00 5.00 -0.0010345
50.00 5.00 -0.0012976
55.00 5.00 -0.000322
60.00 5.00 0.0013659
65.00 5.00 0.001917
70.00 5.00 0.0014308
75.00 5.00 0.0019647
80.00 5.00 0.0040981
85.00 5.00 0.0055881
90.00 5.00 0.0047753
95.00 5.00 0.0034477
100.00 5.00 0.00368
105.00 5.00 0.0035123
110.00 5.00 0.0002101
115.00 5.00 -0.0033478
120.00 5.00 -0.0019323
125.00 5.00 0.0026361
130.00 5.00 0.0032639
135.00 5.00 -0.0006067
140.00 5.00 -0.0020037
145.00 5.00 0.0012695
150.00 5.00 0.0028471
155.00 5.00 -0.0013185
160.00 5.00 -0.0070154
165.00 5.00 -0.0091025
170.00 5.00 -0.0075565
175.00 5.00 -0.0047014
180.00 5.00 -0.0021715
-180.00 10.00 -0.0020894
-175.00 10.00 -0.0020487
-170.00 10.00 -0.0039397
-165.00 10.00 -0.0060443
-160.00 10.00 -0.0073092
-155.00 10.00 -0.00795
-150.00 10.00 -0.0067893
-145.00 10.00 -0.0033236
-140.00 10.00 -0.0006106
-135.00 10.00 -0.0007335
-130.00 10.00 -0.0008895
-125.00 10.00 0.001086
-120.00 10.00 0.0024633
-115.00 10.00 0.0012474
-110.00 10.00 -0.0001524
-105.00 10.00 -0.0001432
-100.00 10.00 7.6e-06
-95.00 10.00 0.0008772
-90.00 10.00 0.004056
-85.00 10.00 0.0066838
-80.00 10.00 0.0048156
-75.00 10.00 0.0008484
-70.00 10.00 -0.0002336
-65.00 10.00 0.0007108
-60.00 10.00 -0.0002526
-55.00 10.00 -0.0026193
-50.00 10.00 -0.0034331
-45.00 10.00 -0.0027354
-40.00 10.00 -0.0017661
-35.00 10.00 -0.0003017
-30.00 10.00 0.0005104
-25.00 10.00 -0.0020052
-20.00 10.00 -0.0066062
-15.00 10.00 -0.0081202
-10.00 10.00 -0.0050488
-5.00 10.00 -0.0018554
0.00 10.00 -0.002011
5.00 10.00 -0.0037865
10.00 10.00 -0.0046362
15.00 10.00 -0.0052923
20.00 10.00 -0.0071765
25.00 10.00 -0.0088348
30.00 10.00 -0.0077259
35.00 10.00 -0.0042939
40.00 10.00 -0.0017789
45.00 10.00 -0.0019281
50.00 10.00 -0.0029201
55.00 10.00 -0.0023864
60.00 10.00 -0.0007602
65.00 10.00 -2.39e-05
70.00 10.00 -0.0003012
75.00 10.00 0.0001267
80.00 10.00 0.0016274
85.00 10.00 0.0023325
90.00 10.00 0.0012613
95.00 10.00 0.0001908
100.00 10.00 0.0006642
105.00 10.00 0.0012371
110.00 10.00 0.0004623
115.00 10.00 0.0003568
120.00 10.00 0.0028481
125.00 10.00 0.0050552
130.00 10.00 0.0033592
135.00 10.00 -6.17e-05
140.00 10.00 -0.0007901
145.00 10.00 0.0002016
150.00 10.00 -0.000944
155.00 10.00 -0.003566
160.00 10.00 -0.0043233
165.00 10.00 -0.0034922
170.00 10.00 -0.0032458
175.00 10.00 -0.0030662
180.00 10.00 -0.0020894
-180.00 15.00 -0.0025397
-175.00 15.00 -0.0029024
-170.00 15.00 -0.004986
-165.00 15.00 -0.0061525
-160.00 15.00 -0.0053534
-155.00 15.00 -0.0044515
-150.00 15.00 -0.0037155
-145.00 15.00 -0.0022918
-140.00 15.00 -0.0017649
-135.00 15.00 -0.0031373
-130.00 15.00 -0.0033261
-125.00 15.00 -0.000394
-120.00 15.00 0.0022389
-115.00 15.00 0.0018934
-110.00 15.00 0.0011833
-105.00 15.00 0.0021945
-100.00 15.00 0.0027993
-95.00 15.00 0.0021804
-90.00 15.00 0.0028603
-85.00 15.00 0.0048302
-80.00 15.00 0.0048827
-75.00 15.00 0.0029876
-70.00 15.00 0.0022994
-65.00 15.00 0.0028326
-60.00 15.00 0.0018527
-55.00 15.00 -0.0003789
-50.00 15.00 -0.0013233
-45.00 15.00 -0.0009354
-40.00 15.00 -0.0007135
-35.00 15.00 -0.0005789
-30.00 15.00 -0.0007595
-25.00 15.00 -0.0032408
-20.00 15.00 -0.0076657
-15.00 15.00 -0.0097318
-10.00 15.00 -0.0071651
-5.00 15.00 -0.0035299
0.00 15.00 -0.0029269
5.00 15.00 -0.004435
10.00 15.00 -0.0049468
15.00 15.00 -0.0044399
20.00 15.00 -0.004955
25.00 15.00 -0.0062877
30.00 15.00 -0.0061581
35.00 15.00 -0.0040731
40.00 15.00 -0.0022143
45.00 15.00 -0.0022911
50.00 15.00 -0.0035804
55.00 15.00 -0.0044984
60.00 15.00 -0.0044004
65.00 15.00 -0.003299
70.00 15.00 -0.0013683
75.00 15.00 0.0005006
80.00 15.00 0.0009631
85.00 15.00 -8e-06
90.00 15.00 -0.0006643
95.00 15.00 0.0001043
100.00 15.00 0.0009165
105.00 15.00 0.0001706
110.00 15.00 -0.0006898
115.00 15.00 0.0009856
120.00 15.00 0.0040858
125.00 15.00 0.0045086
130.00 15.00 0.0017297
135.00 15.00 -0.0002134
140.00 15.00 4.83e-05
145.00 15.00 -0.0011004
150.00 15.00 -0.004706
155.00 15.00 -0.0061556
160.00 15.00 -0.0032905
165.00 15.00 -0.0006002
170.00 15.00 -0.0013677
175.00 15.00 -0.0027833
180.00 15.00 -0.0025397
-180.00 20.00 -0.0047425
-175.00 20.00 -0.0049351
-170.00 20.00 -0.0068558
-165.00 20.00 -0.0071992
-160.00 20.00 -0.004554
-155.00 20.00 -0.0018692
-150.00 20.00 -0.0010922
-145.00 20.00 -0.0013627
-140.00 20.00 -0.0023163
-135.00 20.00 -0.0037218
-130.00 20.00 -0.0034064
-125.00 20.00 -0.0004635
-120.00 20.00 0.0021997
-115.00 20.00 0.0026198
-110.00 20.00 0.0029853
-105.00 20.00 0.0045538
-100.00 20.00 0.0046721
-95.00 20.00 0.002314
-90.00 20.00 0.000908
-85.00 20.00 0.0025039
-80.00 20.00 0.0045744
-75.00 20.00 0.0049329
-70.00 20.00 0.0045844
-65.00 20.00 0.0042429
-60.00 20.00 0.0030171
-55.00 20.00 0.001329
-50.00 20.00 0.0007151
-45.00 20.00 0.0007398
-40.00 20.00 -0.0001404
-35.00 20.00 -0.0015977
-30.00 20.00 -0.0026752
-25.00 20.00 -0.0042307
-20.00 20.00 -0.0068218
-15.00 20.00 -0.008223
-10.00 20.00 -0.0064184
-5.00 20.00 -0.0032433
0.00 20.00 -0.0019827
5.00 20.00 -0.0029219
10.00 20.00 -0.0039841
15.00 20.00 -0.0043353
20.00 20.00 -0.0046943
25.00 20.00 -0.005023
30.00 20.00 -0.004364
35.00 20.00 -0.0026676
40.00 20.00 -0.0010457
45.00 20.00 -0.0004487
50.00 20.00 -0.0011941
55.00 20.00 -0.0030305
60.00 20.00 -0.0044874
65.00 20.00 -0.0033762
70.00 20.00 0.0003013
75.00 20.00 0.0031266
80.00 20.00 0.002273
85.00 20.00 -0.0001512
90.00 20.00 0.0002815
95.00 20.00 0.0036228
100.00 20.00 0.005096
105.00 20.00 0.0023454
110.00 20.00 -0.0007169
115.00 20.00 3.49e-05
120.00 20.00 0.00253
125.00 20.00 0.0023846
130.00 20.00 0.0004025
135.00 20.00 0.0004106
140.00 20.00 0.0014152
145.00 20.00 -0.0008891
150.00 20.00 -0.0052757
155.00 20.00 -0.0057344
160.00 20.00 -0.0018136
165.00 20.00 0.0001472
170.00 20.00 -0.002407
175.00 20.00 -0.0049169
180.00 20.00 -0.0047425
-180.00 25.00 -0.0052878
-175.00 25.00 -0.0058471
-170.00 25.00 -0.0083196
-165.00 25.00 -0.0092683
-160.00 25.00 -0.0065245
-155.00 25.00 -0.002719
-150.00 25.00 -0.0007876
-145.00 25.00 -0.0006517
-140.00 25.00 -0.0012396
-135.00 25.00 -0.0018492
-130.00 25.00 -0.0014378
-125.00 25.00 0.0002894
-120.00 25.00 0.0019442
-115.00 25.00 0.0028782
-110.00 25.00 0.0043239
-105.00 25.00 0.0061389
-100.00 25.00 0.0057976
-95.00 25.00 0.0028968
-90.00 25.00 0.0009592
-85.00 25.00 0.0023994
-80.00 25.00 0.0052052
-75.00 25.00 0.0065404
-70.00 25.00 0.0062127
-65.00 25.00 0.0050939
-60.00 25.00 0.0034582
-55.00 25.00 0.002093
-50.00 25.00 0.0020575
-45.00 25.00 0.002543
-40.00 25.00 0.0015586
-35.00 25.00 -0.001
-30.00 25.00 -0.0033107
-25.00 25.00 -0.0044487
-20.00 25.00 -0.004962
-15.00 25.00 -0.0049791
-10.00 25.00 -0.0039842
-5.00 25.00 -0.0023713
0.00 25.00 -0.0014388
5.00 25.00 -0.0018296
10.00 25.00 -0.0030743
15.00 25.00 -0.0043417
20.00 25.00 -0.0048155
25.00 25.00 -0.0039514
30.00 25.00 -0.002144
35.00 25.00 -0.0004966
40.00 25.00 0.0005384
45.00 25.00 0.0013005
50.00 25.00 0.0014435
55.00 25.00 7.07e-05
60.00 25.00 -0.0018919
65.00 25.00 -0.0017109
70.00 25.00 0.0010928
75.00 25.00 0.002948
80.00 25.00 0.0011357
85.00 25.00 -0.0013822
90.00 25.00 0.0003054
95.00 25.00 0.0054138
100.00 25.00 0.0079313
105.00 25.00 0.0051959
110.00 25.00 0.0014577
115.00 25.00 0.0010386
120.00 25.00 0.0023948
125.00 25.00 0.0022671
130.00 25.00 0.001624
135.00 25.00 0.002648
140.00 25.00 0.0031085
145.00 25.00 -0.0001336
150.00 25.00 -0.0041729
155.00 25.00 -0.0035124
160.00 25.00 0.0006123
165.00 25.00 0.0016233
170.00 25.00 -0.0019785
175.00 25.00 -0.0050942
180.00 25.00 -0.0052878
-180.00 30.00 -0.0014755
-175.00 30.00 -0.0023926
-170.00 30.00 -0.0055161
-165.00 30.00 -0.0079225
-160.00 30.00 -0.0068739
-155.00 30.00 -0.003574
-150.00 30.00 -0.0007325
-145.00 30.00 0.0006651
-140.00 30.00 0.0009463
-135.00 30.00 0.0004922
-130.00 30.00 -0.0001535
-125.00 30.00 -0.0003965
-120.00 30.00 -5.24e-05
-115.00 30.00 0.0010484
-110.00 30.00 0.0030255
-105.00 30.00 0.0047912
-100.00 30.00 0.0045877
-95.00 30.00 0.0026865
-90.00 30.00 0.0016984
-85.00 30.00 0.0031393
-80.00 30.00 0.0055525
-75.00 30.00 0.0068873
-70.00 30.00 0.0067366
-65.00 30.00 0.0055125
-60.00 30.00 0.0035891
-55.00 30.00 0.0020538
-50.00 30.00 0.0021809
-45.00 30.00 0.0032575
-40.00 30.00 0.0028063
-35.00 30.00 -0.0001263
-30.00 30.00 -0.0034626
-25.00 30.00 -0.0047142
-20.00 30.00 -0.0038466
-15.00 30.00 -0.0027018
-10.00 30.00 -0.0024888
-5.00 30.00 -0.0027668
0.00 30.00 -0.0026255
5.00 30.00 -0.0021431
10.00 30.00 -0.0022505
15.00 30.00 -0.0031865
20.00 30.00 -0.0037501
25.00 30.00 -0.0028015
30.00 30.00 -0.0010341
35.00 30.00 -8.59e-05
40.00 30.00 -0.0001026
45.00 30.00 0.0002502
50.00 30.00 0.0012106
55.00 30.00 0.0012935
60.00 30.00 -1.73e-05
65.00 30.00 -0.0009993
70.00 30.00 -0.0005402
75.00 30.00 -0.0002883
80.00 30.00 -0.0017714
85.00 30.00 -0.0029667
90.00 30.00 -0.0007342
95.00 30.00 0.0040292
100.00 30.00 0.0069685
105.00 30.00 0.0061984
110.00 30.00 0.0043947
115.00 30.00 0.0041473
120.00 30.00 0.0046377
125.00 30.00 0.0045893
130.00 30.00 0.005007
135.00 30.00 0.0062027
140.00 30.00 0.00532
145.00 30.00 0.0007205
150.00 30.00 -0.0036591
155.00 30.00 -0.0029809
160.00 30.00 0.001121
165.00 30.00 0.0028245
170.00 30.00 0.0007095
175.00 30.00 -0.0013378
180.00 30.00 -0.0014755
-180.00 35.00 0.0025012
-175.00 35.00 0.0020682
-170.00 35.00 -0.0002699
-165.00 35.00 -0.0027447
-160.00 35.00 -0.0030373
-155.00 35.00 -0.0011149
-150.00 35.00 0.0013512
-145.00 35.00 0.0029884
-140.00 35.00 0.0032498
-135.00 35.00 0.0020939
-130.00 35.00 7.36e-05
-125.00 35.00 -0.0017431
-120.00 35.00 -0.0024273
-115.00 35.00 -0.0017283
-110.00 35.00 -0.0002043
-105.00 35.00 0.001009
-100.00 35.00 0.0010991
-95.00 35.00 0.0005415
-90.00 35.00 0.0005976
-85.00 35.00 0.0017091
-80.00 35.00 0.0031263
-75.00 35.00 0.0041108
-70.00 35.00 0.0044706
-65.00 35.00 0.0039206
-60.00 35.00 0.0022825
-55.00 35.00 0.0005584
-50.00 35.00 0.0003053
-45.00 35.00 0.0013375
-40.00 35.00 0.0014308
-35.00 35.00 -0.0007579
-30.00 35.00 -0.0035688
-25.00 35.00 -0.0043156
-20.00 35.00 -0.00277
-15.00 35.00 -0.0013874
-10.00 35.00 -0.0020706
-5.00 35.00 -0.0038492
0.00 35.00 -0.004386
5.00 35.00 -0.0030902
10.00 35.00 -0.0016753
15.00 35.00 -0.0016246
20.00 35.00 -0.0022683
25.00 35.00 -0.002129
30.00 35.00 -0.0012828
35.00 35.00 -0.0010362
40.00 35.00 -0.0015646
45.00 35.00 -0.0014833
50.00 35.00 -0.0001362
55.00 35.00 0.0011737
60.00 35.00 0.0010993
65.00 35.00 0.0001915
70.00 35.00 -0.0001989
75.00 35.00 1.56e-05
80.00 35.00 8.86e-05
85.00 35.00 0.0002461
90.00 35.00 0.0014199
95.00 35.00 0.0034052
100.00 35.00 0.0048905
105.00 35.00 0.0053913
110.00 35.00 0.0056375
115.00 35.00 0.0059331
120.00 35.00 0.0058684
125.00 35.00 0.0059557
130.00 35.00 0.0073729
135.00 35.00 0.0091493
140.00 35.00 0.0080021
145.00 35.00 0.0028828
150.00 35.00 -0.0023088
155.00 35.00 -0.0030991
160.00 35.00 -0.0001269
165.00 35.00 0.0023349
170.00 35.00 0.0024518
175.00 35.00 0.00211
180.00 35.00 0.0025012
-180.00 40.00 0.0026528
-175.00 40.00 0.0026623
-170.00 40.00 0.0021329
-165.00 40.00 0.0014661
-160.00 40.00 0.0015768
-155.00 40.00 0.0026532
-150.00 40.00 0.0040138
-145.00 40.00 0.0048156
-140.00 40.00 0.0045095
-135.00 40.00 0.0029921
-130.00 40.00 0.000752
-125.00 40.00 -0.00128
-120.00 40.00 -0.0023325
-115.00 40.00 -0.002301
-110.00 40.00 -0.0016741
-105.00 40.00 -0.0010292
-100.00 40.00 -0.0005871
-95.00 40.00 -0.0002211
-90.00 40.00 0.0001374
-85.00 40.00 0.0003172
-80.00 40.00 0.0003075
-75.00 40.00 0.0005064
-70.00 40.00 0.0010895
-65.00 40.00 0.0013924
-60.00 40.00 0.0006563
-55.00 40.00 -0.0006716
-50.00 40.00 -0.0012645
-45.00 40.00 -0.0007677
-40.00 40.00 -0.0004118
-35.00 40.00 -0.0012052
-30.00 40.00 -0.0022933
-25.00 40.00 -0.002102
-20.00 40.00 -0.0007978
-15.00 40.00 -0.000446
-10.00 40.00 -0.0023527
-5.00 40.00 -0.0051032
0.00 40.00 -0.0060427
5.00 40.00 -0.00438
10.00 40.00 -0.0019385
15.00 40.00 -0.0007529
20.00 40.00 -0.0008308
25.00 40.00 -0.0008562
30.00 40.00 -0.0003649
35.00 40.00 -0.0001387
40.00 40.00 -0.0005857
45.00 40.00 -0.000901
50.00 40.00 -0.0002904
55.00 40.00 0.000825
60.00 40.00 0.0015563
65.00 40.00 0.0019744
70.00 40.00 0.0029438
75.00 40.00 0.0046838
80.00 40.00 0.0062506
85.00 40.00 0.0065682
90.00 40.00 0.0055175
95.00 40.00 0.0039514
100.00 40.00 0.0029935
105.00 40.00 0.0032307
110.00 40.00 0.0041648
115.00 40.00 0.0046213
120.00 40.00 0.0042603
125.00 40.00 0.0043917
130.00 40.00 0.0062831
135.00 40.00 0.0087096
140.00 40.00 0.0086303
145.00 40.00 0.0049921
150.00 40.00 0.0005997
155.00 40.00 -0.0009767
160.00 40.00 0.0005306
165.00 40.00 0.0024638
170.00 40.00 0.0029827
175.00 40.00 0.0026898
180.00 40.00 0.0026528
-180.00 45.00 0.0019962
-175.00 45.00 0.0016144
-170.00 45.00 0.0021315
-165.00 45.00 0.0030655
-160.00 45.00 0.0039783
-155.00 45.00 0.0045873
-150.00 45.00 0.0047658
-145.00 45.00 0.0045171
-140.00 45.00 0.0038773
-135.00 45.00 0.0028785
-130.00 45.00 0.0016481
-125.00 45.00 0.0004511
-120.00 45.00 -0.0004442
-115.00 45.00 -0.0008936
-110.00 45.00 -0.0008277
-105.00 45.00 -0.0001819
-100.00 45.00 0.0009695
-95.00 45.00 0.0021824
-90.00 45.00 0.0027346
-85.00 45.00 0.0022127
-80.00 45.00 0.0010648
-75.00 45.00 0.0003231
-70.00 45.00 0.0005558
-65.00 45.00 0.0012311
-60.00 45.00 0.0013812
-55.00 45.00 0.0007764
-50.00 45.00 6.77e-05
-45.00 45.00 -0.0002098
-40.00 45.00 -0.0002635
-35.00 45.00 -0.000444
-30.00 45.00 -0.0005235
-25.00 45.00 -0.0001591
-20.00 45.00 0.0001071
-15.00 45.00 -0.0009287
-10.00 45.00 -0.0035547
-5.00 45.00 -0.006242
0.00 45.00 -0.0069007
5.00 45.00 -0.0050167
10.00 45.00 -0.002112
15.00 45.00 -1.46e-05
20.00 45.00 0.0008791
25.00 45.00 0.0013697
30.00 45.00 0.0019476
35.00 45.00 0.002167
40.00 45.00 0.00151
45.00 45.00 0.0002684
50.00 45.00 -0.0007515
55.00 45.00 -0.0010394
60.00 45.00 -0.0005076
65.00 45.00 0.0009415
70.00 45.00 0.0033883
75.00 45.00 0.0062788
80.00 45.00 0.00824
85.00 45.00 0.0079677
90.00 45.00 0.0054497
95.00 45.00 0.0022369
100.00 45.00 0.0003301
105.00 45.00 0.0005641
110.00 45.00 0.0019742
115.00 45.00 0.0028853
120.00 45.00 0.0027356
125.00 45.00 0.0025912
130.00 45.00 0.0035882
135.00 45.00 0.0051747
140.00 45.00 0.0055807
145.00 45.00 0.0041187
150.00 45.00 0.0022844
155.00 45.00 0.0020472
160.00 45.00 0.003502
165.00 45.00 0.0048847
170.00 45.00 0.0047305
175.00 45.00 0.0033268
180.00 45.00 0.0019962
-180.00 50.00 0.0035834
-175.00 50.00 0.0028624
-170.00 50.00 0.0033382
-165.00 50.00 0.0043465
-160.00 50.00 0.00499
-155.00 50.00 0.0047864
-150.00 50.00 0.0038938
-145.00 50.00 0.0028579
-140.00 50.00 0.0021411
-135.00 50.00 0.0018122
-130.00 50.00 0.0015909
-125.00 50.00 0.001141
-120.00 50.00 0.0003741
-115.00 50.00 -0.0004151
-110.00 50.00 -0.0006654
-105.00 50.00 8.57e-05
-100.00 50.00 0.0017675
-95.00 50.00 0.0036292
-90.00 50.00 0.0046522
-85.00 50.00 0.0043196
-80.00 50.00 0.0030823
-75.00 50.00 0.0019988
-70.00 50.00 0.0018082
-65.00 50.00 0.0023353
-60.00 50.00 0.0028023
-55.00 50.00 0.0026326
-50.00 50.00 0.0018632
-45.00 50.00 0.0008796
-40.00 50.00 2.4e-06
-35.00 50.00 -0.0005986
-30.00 50.00 -0.0008435
-25.00 50.00 -0.0008813
-20.00 50.00 -0.0012208
-15.00 50.00 -0.0023664
-10.00 50.00 -0.0041234
-5.00 50.00 -0.0054364
0.00 50.00 -0.0052162
5.00 50.00 -0.0033954
10.00 50.00 -0.001027
15.00 50.00 0.0007171
20.00 50.00 0.0015181
25.00 50.00 0.0018277
30.00 50.00 0.0020182
35.00 50.00 0.0018837
40.00 50.00 0.0010051
45.00 50.00 -0.0006103
50.00 50.00 -0.0023843
55.00 50.00 -0.0035427
60.00 50.00 -0.003512
65.00 50.00 -0.002102
70.00 50.00 0.0003688
75.00 50.00 0.002981
80.00 50.00 0.0044689
85.00 50.00 0.0039722
90.00 50.00 0.0017996
95.00 50.00 -0.0005756
100.00 50.00 -0.001513
105.00 50.00 -0.0004599
110.00 50.00 0.0016634
115.00 50.00 0.0033473
120.00 50.00 0.0038073
125.00 50.00 0.0034261
130.00 50.00 0.0029806
135.00 50.00 0.0026935
140.00 50.00 0.0022774
145.00 50.00 0.0017771
150.00 50.00 0.0019115
155.00 50.00 0.0032849
160.00 50.00 0.0054251
165.00 50.00 0.0069537
170.00 50.00 0.0068252
175.00 50.00 0.0052854
180.00 50.00 0.0035834
-180.00 55.00 0.0044624
-175.00 55.00 0.0042342
-170.00 55.00 0.0046788
-165.00 55.00 0.0052655
-160.00 55.00 0.0053153
-155.00 55.00 0.0045368
-150.00 55.00 0.0032244
-145.00 55.00 0.0020059
-140.00 55.00 0.0013664
-135.00 55.00 0.0013161
-130.00 55.00 0.0014257
-125.00 55.00 0.001179
-120.00 55.00 0.0003808
-115.00 55.00 -0.000659
-110.00 55.00 -0.0013006
-105.00 55.00 -0.0010166
-100.00 55.00 0.0001874
-95.00 55.00 0.0017007
-90.00 55.00 0.0026903
-85.00 55.00 0.0026867
-80.00 55.00 0.0019097
-75.00 55.00 0.001053
-70.00 55.00 0.000711
-65.00 55.00 0.0009446
-60.00 55.00 0.0013258
-55.00 55.00 0.0013476
-50.00 55.00 0.000796
-45.00 55.00 -0.0001743
-40.00 55.00 -0.0012066
-35.00 55.00 -0.0019578
-30.00 55.00 -0.0022613
-25.00 55.00 -0.0022056
-20.00 55.00 -0.0020671
-15.00 55.00 -0.0020716
-10.00 55.00 -0.0021566
-5.00 55.00 -0.0020037
0.00 55.00 -0.0013836
5.00 55.00 -0.0004777
10.00 55.00 0.000203
15.00 55.00 0.0002679
20.00 55.00 -0.0001978
25.00 55.00 -0.0007472
30.00 55.00 -0.0010247
35.00 55.00 -0.0010756
40.00 55.00 -0.0012258
45.00 55.00 -0.0017058
50.00 55.00 -0.0023973
55.00 55.00 -0.0028869
60.00 55.00 -0.0027261
65.00 55.00 -0.0017096
70.00 55.00 -5.23e-05
75.00 55.00 0.001626
80.00 55.00 0.0025731
85.00 55.00 0.0023659
90.00 55.00 0.0012689
95.00 55.00 0.0001521
100.00 55.00 -6.84e-05
105.00 55.00 0.0009244
110.00 55.00 0.0026464
115.00 55.00 0.0042188
120.00 55.00 0.0050029
125.00 55.00 0.004911
130.00 55.00 0.0042297
135.00 55.00 0.0032931
140.00 55.00 0.0023951
145.00 55.00 0.0018989
150.00 55.00 0.0021879
155.00 55.00 0.0033382
160.00 55.00 0.0048632
165.00 55.00 0.0059395
170.00 55.00 0.0060211
175.00 55.00 0.0052832
180.00 55.00 0.0044624
-180.00 60.00 0.0022851
-175.00 60.00 0.0028114
-170.00 60.00 0.0036632
-165.00 60.00 0.0044241
-160.00 60.00 0.0046891
-155.00 60.00 0.0043354
-150.00 60.00 0.0036006
-145.00 60.00 0.0029094
-140.00 60.00 0.0025774
-135.00 60.00 0.0026044
-130.00 60.00 0.0026973
-125.00 60.00 0.0024973
-120.00 60.00 0.0018491
-115.00 60.00 0.0009244
-110.00 60.00 0.0001151
-105.00 60.00 -0.0002351
-100.00 60.00 -7.29e-05
-95.00 60.00 0.0003211
-90.00 60.00 0.0005287
-85.00 60.00 0.0002892
-80.00 60.00 -0.0003256
-75.00 60.00 -0.0009843
-70.00 60.00 -0.0013515
-65.00 60.00 -0.001319
-60.00 60.00 -0.0010492
-55.00 60.00 -0.0008268
-50.00 60.00 -0.0008548
-45.00 60.00 -0.0011394
-40.00 60.00 -0.0015118
-35.00 60.00 -0.0017421
-30.00 60.00 -0.001668
-25.00 60.00 -0.0012688
-20.00 60.00 -0.0006538
-15.00 60.00 1.68e-05
-10.00 60.00 0.0006088
-5.00 60.00 0.0010242
0.00 60.00 0.0011551
5.00 60.00 0.0008709
10.00 60.00 0.0001029
15.00 60.00 -0.0010251
20.00 60.00 -0.0021633
25.00 60.00 -0.0028804
30.00 60.00 -0.0029065
35.00 60.00 -0.0022876
40.00 60.00 -0.0013331
45.00 60.00 -0.000403
50.00 60.00 0.0003073
55.00 60.00 0.0008472
60.00 60.00 0.0014268
65.00 60.00 0.0022383
70.00 60.00 0.0032903
75.00 60.00 0.004357
80.00 60.00 0.0050823
85.00 60.00 0.005192
90.00 60.00 0.0046769
95.00 60.00 0.0038161
100.00 60.00 0.0030147
105.00 60.00 0.0025744
110.00 60.00 0.002562
115.00 60.00 0.0028482
120.00 60.00 0.0032421
125.00 60.00 0.0035947
130.00 60.00 0.0038163
135.00 60.00 0.003862
140.00 60.00 0.0037425
145.00 60.00 0.0035404
150.00 60.00 0.0033683
155.00 60.00 0.00327
160.00 60.00 0.0031661
165.00 60.00 0.0029324
170.00 60.00 0.0025621
175.00 60.00 0.0022502
180.00 60.00 0.0022851
-180.00 65.00 0.0002737
-175.00 65.00 0.0011955
-170.00 65.00 0.0023916
-165.00 65.00 0.0035437
-160.00 65.00 0.0043825
-155.00 65.00 0.0048009
-150.00 65.00 0.0048772
-145.00 65.00 0.0047976
-140.00 65.00 0.0047281
-135.00 65.00 0.0047187
-130.00 65.00 0.0046964
-125.00 65.00 0.0045422
-120.00 65.00 0.0041923
-115.00 65.00 0.0036924
-110.00 65.00 0.0031693
-105.00 65.00 0.0027422
-100.00 65.00 0.0024412
-95.00 65.00 0.0021906
-90.00 65.00 0.0018713
-85.00 65.00 0.0014155
-80.00 65.00 0.0008658
-75.00 65.00 0.0003561
-70.00 65.00 2.95e-05
-65.00 65.00 -4.88e-05
-60.00 65.00 7.43e-05
-55.00 65.00 0.0002751
-50.00 65.00 0.0004269
-45.00 65.00 0.0004648
-40.00 65.00 0.0004065
-35.00 65.00 0.0003274
-30.00 65.00 0.0003098
-25.00 65.00 0.0003983
-20.00 65.00 0.0005793
-15.00 65.00 0.0007872
-10.00 65.00 0.0009271
-5.00 65.00 0.0009012
0.00 65.00 0.0006372
5.00 65.00 0.0001222
10.00 65.00 -0.0005649
15.00 65.00 -0.0012468
20.00 65.00 -0.0016904
25.00 65.00 -0.0016974
30.00 65.00 -0.0012
35.00 65.00 -0.0003039
40.00 65.00 0.0007567
45.00 65.00 0.0017308
50.00 65.00 0.0024694
55.00 65.00 0.0029855
60.00 65.00 0.003423
65.00 65.00 0.0039562
70.00 65.00 0.0046713
75.00 65.00 0.0054966
80.00 65.00 0.0062157
85.00 65.00 0.0065605
90.00 65.00 0.0063339
95.00 65.00 0.0055019
100.00 65.00 0.004214
105.00 65.00 0.002753
110.00 65.00 0.0014439
115.00 65.00 0.0005597
120.00 65.00 0.0002498
125.00 65.00 0.0005037
130.00 65.00 0.0011588
135.00 65.00 0.0019525
140.00 65.00 0.0026061
145.00 65.00 0.0029088
150.00 65.00 0.00277
155.00 65.00 0.0022286
160.00 65.00 0.0014329
165.00 65.00 0.0006069
170.00 65.00 6.8e-06
175.00 65.00 -0.0001423
180.00 65.00 0.0002737
-180.00 70.00 0.0012296
-175.00 70.00 0.0022174
-170.00 70.00 0.0033517
-165.00 70.00 0.004442
-160.00 70.00 0.0053217
-155.00 70.00 0.0058952
-150.00 70.00 0.0061538
-145.00 70.00 0.0061572
-140.00 70.00 0.0059942
-135.00 70.00 0.0057459
-130.00 70.00 0.0054656
-125.00 70.00 0.0051819
-120.00 70.00 0.0049125
-115.00 70.00 0.0046754
-110.00 70.00 0.0044876
-105.00 70.00 0.0043547
-100.00 70.00 0.0042622
-95.00 70.00 0.0041776
-90.00 70.00 0.0040665
-85.00 70.00 0.003911
-80.00 70.00 0.0037206
-75.00 70.00 0.0035253
-70.00 70.00 0.0033563
-65.00 70.00 0.0032243
-60.00 70.00 0.0031088
-55.00 70.00 0.0029647
-50.00 70.00 0.002741
-45.00 70.00 0.0024039
-40.00 70.00 0.0019512
-35.00 70.00 0.0014144
-30.00 70.00 0.0008479
-25.00 70.00 0.0003128
-20.00 70.00 -0.0001402
-15.00 70.00 -0.0004799
-10.00 70.00 -0.0006969
-5.00 70.00 -0.0007974
0.00 70.00 -0.000793
5.00 70.00 -0.0006903
10.00 70.00 -0.0004857
15.00 70.00 -0.0001701
20.00 70.00 0.0002574
25.00 70.00 0.0007712
30.00 70.00 0.0013094
35.00 70.00 0.0017819
40.00 70.00 0.0020998
45.00 70.00 0.002215
50.00 70.00 0.002152
55.00 70.00 0.0020118
60.00 70.00 0.0019403
65.00 70.00 0.0020716
70.00 70.00 0.0024669
75.00 70.00 0.0030773
80.00 70.00 0.0037485
85.00 70.00 0.0042667
90.00 70.00 0.004432
95.00 70.00 0.0041291
100.00 70.00 0.0033713
105.00 70.00 0.0023009
110.00 70.00 0.001147
115.00 70.00 0.0001564
120.00 70.00 -0.0004805
125.00 70.00 -0.000683
130.00 70.00 -0.000497
135.00 70.00 -7.1e-05
140.00 70.00 0.0003994
145.00 70.00 0.0007377
150.00 70.00 0.0008428
155.00 70.00 0.0007174
160.00 70.00 0.0004618
165.00 70.00 0.0002398
170.00 70.00 0.0002246
175.00 70.00 0.0005424
180.00 70.00 0.0012296
-180.00 75.00 0.0032422
-175.00 75.00 0.0039833
-170.00 75.00 0.0047048
-165.00 75.00 0.0053247
-160.00 75.00 0.0057723
-155.00 75.00 0.0060035
-150.00 75.00 0.0060085
-145.00 75.00 0.0058112
-140.00 75.00 0.0054612
-135.00 75.00 0.0050223
-130.00 75.00 0.0045597
-125.00 75.00 0.0041307
-120.00 75.00 0.0037789
-115.00 75.00 0.0035308
-110.00 75.00 0.0033953
-105.00 75.00 0.0033651
-100.00 75.00 0.0034196
-95.00 75.00 0.0035294
-90.00 75.00 0.0036617
-85.00 75.00 0.0037853
-80.00 75.00 0.0038738
-75.00 75.00 0.0039062
-70.00 75.00 0.0038656
-65.00 75.00 0.0037375
-60.00 75.00 0.0035086
-55.00 75.00 0.0031694
-50.00 75.00 0.0027176
-45.00 75.00 0.0021634
-40.00 75.00 0.0015322
-35.00 75.00 0.0008653
-30.00 75.00 0.0002158
-25.00 75.00 -0.0003584
-20.00 75.00 -0.0008024
-15.00 75.00 -0.0010726
-10.00 75.00 -0.0011431
-5.00 75.00 -0.0010091
0.00 75.00 -0.0006877
5.00 75.00 -0.0002163
10.00 75.00 0.0003512
15.00 75.00 0.0009493
20.00 75.00 0.0015074
25.00 75.00 0.001958
30.00 75.00 0.0022465
35.00 75.00 0.0023414
40.00 75.00 0.0022439
45.00 75.00 0.0019918
50.00 75.00 0.0016571
55.00 75.00 0.0013328
60.00 75.00 0.0011131
65.00 75.00 0.0010691
70.00 75.00 0.001229
75.00 75.00 0.0015674
80.00 75.00 0.0020102
85.00 75.00 0.0024526
90.00 75.00 0.0027869
95.00 75.00 0.0029313
100.00 75.00 0.0028506
105.00 75.00 0.0025632
110.00 75.00 0.0021331
115.00 75.00 0.0016491
120.00 75.00 0.0012
125.00 75.00 0.0008522
130.00 75.00 0.0006372
135.00 75.00 0.0005518
140.00 75.00 0.000569
145.00 75.00 0.0006551
150.00 75.00 0.0007871
155.00 75.00 0.0009623
160.00 75.00 0.0011993
165.00 75.00 0.0015288
170.00 75.00 0.0019783
175.00 75.00 0.0025565
180.00 75.00 0.0032422
-180.00 80.00 0.0039878
-175.00 80.00 0.0042436
-170.00 80.00 0.0044517
-165.00 80.00 0.004589
-160.00 80.00 0.0046382
-155.00 80.00 0.0045902
-150.00 80.00 0.004446
-145.00 80.00 0.0042167
-140.00 80.00 0.0039218
-135.00 80.00 0.0035866
-130.00 80.00 0.0032386
-125.00 80.00 0.0029052
-120.00 80.00 0.0026096
-115.00 80.00 0.0023685
-110.00 80.00 0.0021912
-105.00 80.00 0.0020791
-100.00 80.00 0.0020264
-95.00 80.00 0.0020217
-90.00 80.00 0.0020485
-85.00 80.00 0.0020885
-80.00 80.00 0.0021232
-75.00 80.00 0.0021355
-70.00 80.00 0.0021108
-65.00 80.00 0.0020389
-60.00 80.00 0.0019146
-55.00 80.00 0.0017392
-50.00 80.00 0.0015199
-45.00 80.00 0.0012701
-40.00 80.00 0.0010087
-35.00 80.00 0.0007584
-30.00 80.00 0.0005438
-25.00 80.00 0.0003881
-20.00 80.00 0.0003111
-15.00 80.00 0.0003259
-10.00 80.00 0.0004371
-5.00 80.00 0.0006395
0.00 80.00 0.0009185
5.00 80.00 0.0012512
10.00 80.00 0.0016086
15.00 80.00 0.0019593
20.00 80.00 0.0022735
25.00 80.00 0.0025269
30.00 80.00 0.0027039
35.00 80.00 0.0028001
40.00 80.00 0.0028234
45.00 80.00 0.0027928
50.00 80.00 0.0027348
55.00 80.00 0.002679
60.00 80.00 0.0026526
65.00 80.00 0.0026752
70.00 80.00 0.0027555
75.00 80.00 0.0028886
80.00 80.00 0.0030578
85.00 80.00 0.0032385
90.00 80.00 0.0034028
95.00 80.00 0.0035255
100.00 80.00 0.0035882
105.00 80.00 0.0035832
110.00 80.00 0.0035138
115.00 80.00 0.0033929
120.00 80.00 0.0032395
125.00 80.00 0.0030756
130.00 80.00 0.0029225
135.00 80.00 0.0027989
140.00 80.00 0.0027191
145.00 80.00 0.002693
150.00 80.00 0.0027266
155.00 80.00 0.0028218
160.00 80.00 0.0029768
165.00 80.00 0.003185
170.00 80.00 0.003435
175.00 80.00 0.0037099
180.00 80.00 0.0039878
-180.00 85.00 0.0038324
-175.00 85.00 0.0037889
-170.00 85.00 0.003735
-165.00 85.00 0.0036689
-160.00 85.00 0.0035885
-155.00 85.00 0.0034925
-150.00 85.00 0.0033814
-145.00 85.00 0.0032582
-140.00 85.00 0.0031269
-135.00 85.00 0.0029914
-130.00 85.00 0.0028545
-125.00 85.00 0.0027191
-120.00 85.00 0.0025885
-115.00 85.00 0.002467
-110.00 85.00 0.0023584
-105.00 85.00 0.0022643
-100.00 85.00 0.0021845
-95.00 85.00 0.0021176
-90.00 85.00 0.0020625
-85.00 85.00 0.0020188
-80.00 85.00 0.0019859
-75.00 85.00 0.0019623
-70.00 85.00 0.0019453
-65.00 85.00 0.0019327
-60.00 85.00 0.0019237
-55.00 85.00 0.0019198
-50.00 85.00 0.0019228
-45.00 85.00 0.0019344
-40.00 85.00 0.0019554
-35.00 85.00 0.0019869
-30.00 85.00 0.0020307
-25.00 85.00 0.0020895
-20.00 85.00 0.0021655
-15.00 85.00 0.0022588
-10.00 85.00 0.0023676
-5.00 85.00 0.002489
0.00 85.00 0.0026201
5.00 85.00 0.0027587
10.00 85.00 0.0029018
15.00 85.00 0.0030456
20.00 85.00 0.0031855
25.00 85.00 0.0033174
30.00 85.00 0.0034389
35.00 85.00 0.0035498
40.00 85.00 0.0036508
45.00 85.00 0.0037425
50.00 85.00 0.0038251
55.00 85.00 0.003899
60.00 85.00 0.0039655
65.00 85.00 0.0040267
70.00 85.00 0.0040841
75.00 85.00 0.0041377
80.00 85.00 0.004186
85.00 85.00 0.0042267
90.00 85.00 0.0042582
95.00 85.00 0.0042799
100.00 85.00 0.0042917
105.00 85.00 0.0042932
110.00 85.00 0.0042837
115.00 85.00 0.0042631
120.00 85.00 0.0042329
125.00 85.00 0.0041958
130.00 85.00 0.0041554
135.00 85.00 0.0041146
140.00 85.00 0.0040748
145.00 85.00 0.0040368
150.00 85.00 0.0040014
155.00 85.00 0.0039697
160.00 85.00 0.0039424
165.00 85.00 0.0039182
170.00 85.00 0.0038943
175.00 85.00 0.0038668
180.00 85.00 0.0038324
-180.00 90.00 0.0035191
-175.00 90.00 0.0035191
-170.00 90.00 0.0035191
-165.00 90.00 0.0035191
-160.00 90.00 0.0035191
-155.00 90.00 0.0035191
-150.00 90.00 0.0035191
-145.00 90.00 0.0035191
-140.00 90.00 0.0035191
-135.00 90.00 0.0035191
-130.00 90.00 0.0035191
-125.00 90.00 0.0035191
-120.00 90.00 0.0035191
-115.00 90.00 0.0035191
-110.00 90.00 0.0035191
-105.00 90.00 0.0035191
-100.00 90.00 0.0035191
-95.00 90.00 0.0035191
-90.00 90.00 0.0035191
-85.00 90.00 0.0035191
-80.00 90.00 0.0035191
-75.00 90.00 0.0035191
-70.00 90.00 0.0035191
-65.00 90.00 0.0035191
-60.00 90.00 0.0035191
-55.00 90.00 0.0035191
-50.00 90.00 0.0035191
-45.00 90.00 0.0035191
-40.00 90.00 0.0035191
-35.00 90.00 0.0035191
-30.00 90.00 0.0035191
-25.00 90.00 0.0035191
-20.00 90.00 0.0035191
-15.00 90.00 0.0035191
-10.00 90.00 0.0035191
-5.00 90.00 0.0035191
0.00 90.00 0.0035191
5.00 90.00 0.0035191
10.00 90.00 0.0035191
15.00 90.00 0.0035191
20.00 90.00 0.0035191
25.00 90.00 0.0035191
30.00 90.00 0.0035191
35.00 90.00 0.0035191
40.00 90.00 0.0035191
45.00 90.00 0.0035191
50.00 90.00 0.0035191
55.00 90.00 0.0035191
60.00 90.00 0.0035191
65.00 90.00 0.0035191
70.00 90.00 0.0035191
75.00 90.00 0.0035191
80.00 90.00 0.0035191
85.00 90.00 0.0035191
90.00 90.00 0.0035191
95.00 90.00 0.0035191
100.00 90.00 0.0035191
105.00 90.00 0.0035191
110.00 90.00 0.0035191
115.00 90.00 0.0035191
120.00 90.00 0.0035191
125.00 90.00 0.0035191
130.00 90.00 0.0035191
135.00 90.00 0.0035191
140.00 90.00 0.0035191
145.00 90.00 0.0035191
150.00 90.00 0.0035191
155.00 90.00 0.0035191
160.00 90.00 0.0035191
165.00 90.00 0.0035191
170.00 90.00 0.0035191
175.00 90.00 0.0035191
180.00 90.00 0.0035191
