-180.00 -90.00 0.0005938
-175.00 -90.00 0.0005938
-170.00 -90.00 0.0005939
-165.00 -90.00 0.0005939
-160.00 -90.00 0.0005939
-155.00 -90.00 0.0005938
-150.00 -90.00 0.0005937
-145.00 -90.00 0.0005937
-140.00 -90.00 0.0005936
-135.00 -90.00 0.0005934
-130.00 -90.00 0.0005933
-125.00 -90.00 0.0005932
-120.00 -90.00 0.000593
-115.00 -90.00 0.0005929
-110.00 -90.00 0.0005927
-105.00 -90.00 0.0005926
-100.00 -90.00 0.0005925
-95.00 -90.00 0.0005924
-90.00 -90.00 0.0005923
-85.00 -90.00 0.0005923
-80.00 -90.00 0.0005922
-75.00 -90.00 0.0005922
-70.00 -90.00 0.0005922
-65.00 -90.00 0.0005923
-60.00 -90.00 0.0005923
-55.00 -90.00 0.0005924
-50.00 -90.00 0.0005925
-45.00 -90.00 0.0005927
-40.00 -90.00 0.0005928
-35.00 -90.00 0.0005929
-30.00 -90.00 0.0005931
-25.00 -90.00 0.0005932
-20.00 -90.00 0.0005934
-15.00 -90.00 0.0005935
-10.00 -90.00 0.0005936
-5.00 -90.00 0.0005937
0.00 -90.00 0.0005938
5.00 -90.00 0.0005938
10.00 -90.00 0.0005939
15.00 -90.00 0.0005939
20.00 -90.00 0.0005939
25.00 -90.00 0.0005938
30.00 -90.00 0.0005938
35.00 -90.00 0.0005937
40.00 -90.00 0.0005936
45.00 -90.00 0.0005934
50.00 -90.00 0.0005933
55.00 -90.00 0.0005932
60.00 -90.00 0.000593
65.00 -90.00 0.0005929
70.00 -90.00 0.0005928
75.00 -90.00 0.0005926
80.00 -90.00 0.0005925
85.00 -90.00 0.0005924
90.00 -90.00 0.0005923
95.00 -90.00 0.0005923
100.00 -90.00 0.0005922
105.00 -90.00 0.0005922
110.00 -90.00 0.0005922
115.00 -90.00 0.0005923
120.00 -90.00 0.0005924
125.00 -90.00 0.0005924
130.00 -90.00 0.0005925
135.00 -90.00 0.0005927
140.00 -90.00 0.0005928
145.00 -90.00 0.0005929
150.00 -90.00 0.0005931
155.00 -90.00 0.0005932
160.00 -90.00 0.0005934
165.00 -90.00 0.0005935
170.00 -90.00 0.0005936
175.00 -90.00 0.0005937
180.00 -90.00 0.0005938
-180.00 -85.00 2.1e-06
-175.00 -85.00 -4.35e-05
-170.00 -85.00 -9.82e-05
-165.00 -85.00 -0.0001625
-160.00 -85.00 -0.000237
-155.00 -85.00 -0.0003221
-150.00 -85.00 -0.0004178
-145.00 -85.00 -0.0005241
-140.00 -85.00 -0.0006409
-135.00 -85.00 -0.0007681
-130.00 -85.00 -0.0009048
-125.00 -85.00 -0.0010492
-120.00 -85.00 -0.001198
-115.00 -85.00 -0.0013472
-110.00 -85.00 -0.0014926
-105.00 -85.00 -0.0016293
-100.00 -85.00 -0.0017522
-95.00 -85.00 -0.0018555
-90.00 -85.00 -0.001934
-85.00 -85.00 -0.0019837
-80.00 -85.00 -0.0020017
-75.00 -85.00 -0.0019859
-70.00 -85.00 -0.0019352
-65.00 -85.00 -0.0018491
-60.00 -85.00 -0.0017281
-55.00 -85.00 -0.0015741
-50.00 -85.00 -0.0013898
-45.00 -85.00 -0.0011784
-40.00 -85.00 -0.0009438
-35.00 -85.00 -0.0006906
-30.00 -85.00 -0.0004246
-25.00 -85.00 -0.0001524
-20.00 -85.00 0.000119
-15.00 -85.00 0.0003825
-10.00 -85.00 0.0006307
-5.00 -85.00 0.0008572
0.00 -85.00 0.0010561
5.00 -85.00 0.0012231
10.00 -85.00 0.0013552
15.00 -85.00 0.0014509
20.00 -85.00 0.0015102
25.00 -85.00 0.001535
30.00 -85.00 0.0015283
35.00 -85.00 0.0014942
40.00 -85.00 0.0014369
45.00 -85.00 0.0013608
50.00 -85.00 0.0012704
55.00 -85.00 0.0011703
60.00 -85.00 0.001065
65.00 -85.00 0.000958
70.00 -85.00 0.0008521
75.00 -85.00 0.0007494
80.00 -85.00 0.0006521
85.00 -85.00 0.000562
90.00 -85.00 0.0004803
95.00 -85.00 0.0004077
100.00 -85.00 0.000344
105.00 -85.00 0.0002894
110.00 -85.00 0.0002437
115.00 -85.00 0.000207
120.00 -85.00 0.0001784
125.00 -85.00 0.000157
130.00 -85.00 0.0001418
135.00 -85.00 0.0001315
140.00 -85.00 0.0001249
145.00 -85.00 0.0001205
150.00 -85.00 0.0001162
155.00 -85.00 0.0001103
160.00 -85.00 0.0001011
165.00 -85.00 8.71e-05
170.00 -85.00 6.67e-05
175.00 -85.00 3.87e-05
180.00 -85.00 2.1e-06
-180.00 -80.00 -0.0009171
-175.00 -80.00 -0.0009416
-170.00 -80.00 -0.0009857
-165.00 -80.00 -0.00104
-160.00 -80.00 -0.0010915
-155.00 -80.00 -0.0011325
-150.00 -80.00 -0.001169
-145.00 -80.00 -0.0012161
-140.00 -80.00 -0.0012895
-135.00 -80.00 -0.0014054
-130.00 -80.00 -0.001584
-125.00 -80.00 -0.0018425
-120.00 -80.00 -0.0021822
-115.00 -80.00 -0.0025867
-110.00 -80.00 -0.0030309
-105.00 -80.00 -0.0034847
-100.00 -80.00 -0.0039108
-95.00 -80.00 -0.0042688
-90.00 -80.00 -0.0045305
-85.00 -80.00 -0.0046878
-80.00 -80.00 -0.0047472
-75.00 -80.00 -0.0047214
-70.00 -80.00 -0.0046311
-65.00 -80.00 -0.0045039
-60.00 -80.00 -0.0043619
-55.00 -80.00 -0.0042098
-50.00 -80.00 -0.0040375
-45.00 -80.00 -0.0038301
-40.00 -80.00 -0.0035706
-35.00 -80.00 -0.0032376
-30.00 -80.00 -0.0028137
-25.00 -80.00 -0.0022985
-20.00 -80.00 -0.0017113
-15.00 -80.00 -0.0010813
-10.00 -80.00 -0.0004413
-5.00 -80.00 0.0001696
0.00 -80.00 0.0007097
5.00 -80.00 0.0011469
10.00 -80.00 0.001468
15.00 -80.00 0.0016725
20.00 -80.00 0.0017657
25.00 -80.00 0.0017606
30.00 -80.00 0.0016816
35.00 -80.00 0.001555
40.00 -80.00 0.0013981
45.00 -80.00 0.0012205
50.00 -80.00 0.0010311
55.00 -80.00 0.0008379
60.00 -80.00 0.0006406
65.00 -80.00 0.0004334
70.00 -80.00 0.0002146
75.00 -80.00 -1.06e-05
80.00 -80.00 -0.0002381
85.00 -80.00 -0.000468
90.00 -80.00 -0.0006978
95.00 -80.00 -0.0009188
100.00 -80.00 -0.0011235
105.00 -80.00 -0.0013108
110.00 -80.00 -0.0014792
115.00 -80.00 -0.0016205
120.00 -80.00 -0.0017247
125.00 -80.00 -0.0017875
130.00 -80.00 -0.0018078
135.00 -80.00 -0.0017822
140.00 -80.00 -0.001708
145.00 -80.00 -0.001593
150.00 -80.00 -0.0014541
155.00 -80.00 -0.0013076
160.00 -80.00 -0.0011664
165.00 -80.00 -0.0010456
170.00 -80.00 -0.0009612
175.00 -80.00 -0.0009203
180.00 -80.00 -0.0009171
-180.00 -75.00 -0.0010002
-175.00 -75.00 -0.0011817
-170.00 -75.00 -0.0014279
-165.00 -75.00 -0.0016638
-160.00 -75.00 -0.0018233
-155.00 -75.00 -0.0018622
-150.00 -75.00 -0.0017659
-145.00 -75.00 -0.001553
-140.00 -75.00 -0.0012771
-135.00 -75.00 -0.0010232
-130.00 -75.00 -0.0008919
-125.00 -75.00 -0.0009745
-120.00 -75.00 -0.0013272
-115.00 -75.00 -0.0019481
-110.00 -75.00 -0.0027644
-105.00 -75.00 -0.0036417
-100.00 -75.00 -0.0044134
-95.00 -75.00 -0.0049217
-90.00 -75.00 -0.0050598
-85.00 -75.00 -0.0048053
-80.00 -75.00 -0.0042315
-75.00 -75.00 -0.003492
-70.00 -75.00 -0.0027813
-65.00 -75.00 -0.0022868
-60.00 -75.00 -0.0021401
-55.00 -75.00 -0.0023835
-50.00 -75.00 -0.0029614
-45.00 -75.00 -0.0037386
-40.00 -75.00 -0.0045353
-35.00 -75.00 -0.0051698
-30.00 -75.00 -0.0055008
-25.00 -75.00 -0.0054551
-20.00 -75.00 -0.0050367
-15.00 -75.00 -0.0043184
-10.00 -75.00 -0.0034204
-5.00 -75.00 -0.0024793
0.00 -75.00 -0.0016172
5.00 -75.00 -0.0009192
10.00 -75.00 -0.0004222
15.00 -75.00 -0.0001151
20.00 -75.00 4.96e-05
25.00 -75.00 0.0001371
30.00 -75.00 0.0002117
35.00 -75.00 0.0003219
40.00 -75.00 0.0004884
45.00 -75.00 0.0007012
50.00 -75.00 0.0009241
55.00 -75.00 0.0011054
60.00 -75.00 0.0011903
65.00 -75.00 0.0011355
70.00 -75.00 0.0009217
75.00 -75.00 0.0005562
80.00 -75.00 6.75e-05
85.00 -75.00 -0.0005039
90.00 -75.00 -0.0011162
95.00 -75.00 -0.0017378
100.00 -75.00 -0.0023494
105.00 -75.00 -0.0029388
110.00 -75.00 -0.0034925
115.00 -75.00 -0.0039904
120.00 -75.00 -0.0044011
125.00 -75.00 -0.0046829
130.00 -75.00 -0.0047931
135.00 -75.00 -0.0047014
140.00 -75.00 -0.0043995
145.00 -75.00 -0.0039085
150.00 -75.00 -0.0032823
155.00 -75.00 -0.0026018
160.00 -75.00 -0.001958
165.00 -75.00 -0.0014348
170.00 -75.00 -0.0010921
175.00 -75.00 -0.0009532
180.00 -75.00 -0.0010002
-180.00 -70.00 -0.0003879
-175.00 -70.00 -0.0008672
-170.00 -70.00 -0.0013464
-165.00 -70.00 -0.0017295
-160.00 -70.00 -0.001976
-155.00 -70.00 -0.0020708
-150.00 -70.00 -0.0019932
-145.00 -70.00 -0.0017136
-140.00 -70.00 -0.001227
-135.00 -70.00 -0.000599
-130.00 -70.00 1.13e-05
-125.00 -70.00 0.0003798
-120.00 -70.00 0.0002933
-115.00 -70.00 -0.000357
-110.00 -70.00 -0.0015083
-105.00 -70.00 -0.0029149
-100.00 -70.00 -0.0042017
-95.00 -70.00 -0.0049679
-90.00 -70.00 -0.0049093
-85.00 -70.00 -0.0039225
-80.00 -70.00 -0.0021562
-75.00 -70.00 1.2e-05
-70.00 -70.00 0.0020726
-65.00 -70.00 0.0035264
-60.00 -70.00 0.0040236
-55.00 -70.00 0.0034525
-50.00 -70.00 0.0019514
-45.00 -70.00 -0.0001513
-40.00 -70.00 -0.0024382
-35.00 -70.00 -0.0045088
-30.00 -70.00 -0.0060607
-25.00 -70.00 -0.0069351
-20.00 -70.00 -0.0071255
-15.00 -70.00 -0.0067556
-10.00 -70.00 -0.0060331
-5.00 -70.00 -0.0051902
0.00 -70.00 -0.0044232
5.00 -70.00 -0.0038497
10.00 -70.00 -0.0034935
15.00 -70.00 -0.003299
20.00 -70.00 -0.0031653
25.00 -70.00 -0.0029844
30.00 -70.00 -0.0026701
35.00 -70.00 -0.0021744
40.00 -70.00 -0.0014952
45.00 -70.00 -0.0006796
50.00 -70.00 0.0001763
55.00 -70.00 0.0009381
60.00 -70.00 0.0014599
65.00 -70.00 0.001625
70.00 -70.00 0.0013851
75.00 -70.00 0.0007783
80.00 -70.00 -8.61e-05
85.00 -70.00 -0.001072
90.00 -70.00 -0.002067
95.00 -70.00 -0.0030149
100.00 -70.00 -0.0039129
105.00 -70.00 -0.0047816
110.00 -70.00 -0.0056245
115.00 -70.00 -0.006403
120.00 -70.00 -0.0070345
125.00 -70.00 -0.0074143
130.00 -70.00 -0.0074464
135.00 -70.00 -0.0070719
140.00 -70.00 -0.0062895
145.00 -70.00 -0.0051648
150.00 -70.00 -0.00383
155.00 -70.00 -0.0024683
160.00 -70.00 -0.0012815
165.00 -70.00 -0.0004408
170.00 -70.00 -3.81e-05
175.00 -70.00 -5.79e-05
180.00 -70.00 -0.0003879
-180.00 -65.00 -0.002049
-175.00 -65.00 -0.0026597
-170.00 -65.00 -0.0026477
-165.00 -65.00 -0.0021207
-160.00 -65.00 -0.0014536
-155.00 -65.00 -0.0010397
-150.00 -65.00 -0.0010308
-145.00 -65.00 -0.0012494
-140.00 -65.00 -0.0013314
-135.00 -65.00 -0.0009924
-130.00 -65.00 -0.0002323
-125.00 -65.00 0.0006512
-120.00 -65.00 0.0012263
-115.00 -65.00 0.0011507
-110.00 -65.00 0.0003255
-105.00 -65.00 -0.0010692
-100.00 -65.00 -0.0026342
-95.00 -65.00 -0.0038585
-90.00 -65.00 -0.0042552
-85.00 -65.00 -0.0035171
-80.00 -65.00 -0.0016575
-75.00 -65.00 0.0009384
-70.00 -65.00 0.0036122
-65.00 -65.00 0.0056649
-60.00 -65.00 0.006612
-55.00 -65.00 0.0063278
-50.00 -65.00 0.0050184
-45.00 -65.00 0.003069
-40.00 -65.00 0.0008785
-35.00 -65.00 -0.0012348
-30.00 -65.00 -0.0030467
-25.00 -65.00 -0.0044096
-20.00 -65.00 -0.0052519
-15.00 -65.00 -0.0055995
-10.00 -65.00 -0.0055828
-5.00 -65.00 -0.0053984
0.00 -65.00 -0.0052309
5.00 -65.00 -0.0051782
10.00 -65.00 -0.0052263
15.00 -65.00 -0.0052866
20.00 -65.00 -0.0052658
25.00 -65.00 -0.0051184
30.00 -65.00 -0.0048493
35.00 -65.00 -0.004475
40.00 -65.00 -0.0039848
45.00 -65.00 -0.0033454
50.00 -65.00 -0.0025541
55.00 -65.00 -0.0017007
60.00 -65.00 -0.0009769
65.00 -65.00 -0.0006047
70.00 -65.00 -0.0007156
75.00 -65.00 -0.0012646
80.00 -65.00 -0.0020476
85.00 -65.00 -0.0028208
90.00 -65.00 -0.0034443
95.00 -65.00 -0.0039502
100.00 -65.00 -0.0044881
105.00 -65.00 -0.0051884
110.00 -65.00 -0.0060407
115.00 -65.00 -0.0068658
120.00 -65.00 -0.0073975
125.00 -65.00 -0.0074143
130.00 -65.00 -0.0068407
135.00 -65.00 -0.0057632
140.00 -65.00 -0.0043706
145.00 -65.00 -0.0028738
150.00 -65.00 -0.0014635
155.00 -65.00 -0.0003199
160.00 -65.00 0.0003724
165.00 -65.00 0.000461
170.00 -65.00 -7.68e-05
175.00 -65.00 -0.0010452
180.00 -65.00 -0.002049
-180.00 -60.00 -0.0054893
-175.00 -60.00 -0.006172
-170.00 -60.00 -0.005171
-165.00 -60.00 -0.0028605
-160.00 -60.00 -0.0003898
-155.00 -60.00 0.0010149
-150.00 -60.00 0.0008325
-145.00 -60.00 -0.0004743
-140.00 -60.00 -0.0018625
-135.00 -60.00 -0.0024425
-130.00 -60.00 -0.0019811
-125.00 -60.00 -0.0008669
-120.00 -60.00 0.0003125
-115.00 -60.00 0.0011654
-110.00 -60.00 0.0015767
-105.00 -60.00 0.0015366
-100.00 -60.00 0.0010103
-95.00 -60.00 3.19e-05
-90.00 -60.00 -0.001103
-85.00 -60.00 -0.0018367
-80.00 -60.00 -0.0016561
-75.00 -60.00 -0.0004809
-70.00 -60.00 0.0012279
-65.00 -60.00 0.0027694
-60.00 -60.00 0.0036634
-55.00 -60.00 0.003885
-50.00 -60.00 0.0037115
-45.00 -60.00 0.0033758
-40.00 -60.00 0.0028622
-35.00 -60.00 0.0019981
-30.00 -60.00 0.0007089
-25.00 -60.00 -0.0008228
-20.00 -60.00 -0.0022344
-15.00 -60.00 -0.0032145
-10.00 -60.00 -0.0036933
-5.00 -60.00 -0.0038496
0.00 -60.00 -0.0039504
5.00 -60.00 -0.0041601
10.00 -60.00 -0.0044561
15.00 -60.00 -0.0046979
20.00 -60.00 -0.004777
25.00 -60.00 -0.0047269
30.00 -60.00 -0.0047051
35.00 -60.00 -0.0048588
40.00 -60.00 -0.0051758
45.00 -60.00 -0.0054482
50.00 -60.00 -0.0054035
55.00 -60.00 -0.0049233
60.00 -60.00 -0.0041755
65.00 -60.00 -0.0035244
70.00 -60.00 -0.0032588
75.00 -60.00 -0.0033496
80.00 -60.00 -0.0034556
85.00 -60.00 -0.0032015
90.00 -60.00 -0.002516
95.00 -60.00 -0.0017467
100.00 -60.00 -0.0014426
105.00 -60.00 -0.0019555
110.00 -60.00 -0.0031505
115.00 -60.00 -0.0044301
120.00 -60.00 -0.0050548
125.00 -60.00 -0.0045575
130.00 -60.00 -0.003003
135.00 -60.00 -0.0009425
140.00 -60.00 0.0009048
145.00 -60.00 0.002037
150.00 -60.00 0.0023653
155.00 -60.00 0.0020907
160.00 -60.00 0.0013924
165.00 -60.00 0.000233
170.00 -60.00 -0.0015004
175.00 -60.00 -0.0036315
180.00 -60.00 -0.0054893
-180.00 -55.00 -0.005108
-175.00 -55.00 -0.006284
-170.00 -55.00 -0.0053198
-165.00 -55.00 -0.0023798
-160.00 -55.00 0.0008345
-155.00 -55.00 0.0023383
-150.00 -55.00 0.0013729
-145.00 -55.00 -0.0011279
-140.00 -55.00 -0.0034204
-135.00 -55.00 -0.0043166
-130.00 -55.00 -0.0038699
-125.00 -55.00 -0.0029331
-120.00 -55.00 -0.0021484
-115.00 -55.00 -0.0013682
-110.00 -55.00 -2.73e-05
-105.00 -55.00 0.0019643
-100.00 -55.00 0.0037871
-95.00 -55.00 0.0042887
-90.00 -55.00 0.0030685
-85.00 -55.00 0.0009721
-80.00 -55.00 -0.0005582
-75.00 -55.00 -0.0006695
-70.00 -55.00 0.0003212
-65.00 -55.00 0.0014389
-60.00 -55.00 0.002031
-55.00 -55.00 0.0022124
-50.00 -55.00 0.0024538
-45.00 -55.00 0.0028889
-40.00 -55.00 0.0031006
-35.00 -55.00 0.0025424
-30.00 -55.00 0.0011051
-25.00 -55.00 -0.0007244
-20.00 -55.00 -0.0022096
-15.00 -55.00 -0.0028674
-10.00 -55.00 -0.0027302
-5.00 -55.00 -0.0022305
0.00 -55.00 -0.0018699
5.00 -55.00 -0.001928
10.00 -55.00 -0.0023717
15.00 -55.00 -0.0029625
20.00 -55.00 -0.0034478
25.00 -55.00 -0.0037206
30.00 -55.00 -0.0038709
35.00 -55.00 -0.0041019
40.00 -55.00 -0.0045425
45.00 -55.00 -0.0050812
50.00 -55.00 -0.0053923
55.00 -55.00 -0.0051975
60.00 -55.00 -0.0045575
65.00 -55.00 -0.0038776
70.00 -55.00 -0.0035384
75.00 -55.00 -0.0034647
80.00 -55.00 -0.0030902
85.00 -55.00 -0.0018413
90.00 -55.00 0.0002585
95.00 -55.00 0.0024255
100.00 -55.00 0.00358
105.00 -55.00 0.0030777
110.00 -55.00 0.0011615
115.00 -55.00 -0.0011443
120.00 -55.00 -0.0025769
125.00 -55.00 -0.0023014
130.00 -55.00 -0.0003842
135.00 -55.00 0.0021773
140.00 -55.00 0.0039834
145.00 -55.00 0.0041016
150.00 -55.00 0.0026939
155.00 -55.00 0.0008402
160.00 -55.00 -0.0004042
165.00 -55.00 -0.0009268
170.00 -55.00 -0.0015563
175.00 -55.00 -0.0030619
180.00 -55.00 -0.005108
-180.00 -50.00 8.25e-05
-175.00 -50.00 -0.0020359
-170.00 -50.00 -0.002553
-165.00 -50.00 -0.0008695
-160.00 -50.00 0.0012743
-155.00 -50.00 0.0016368
-150.00 -50.00 -0.0003574
-145.00 -50.00 -0.0032338
-140.00 -50.00 -0.0049803
-135.00 -50.00 -0.0048226
-130.00 -50.00 -0.0036861
-125.00 -50.00 -0.003121
-120.00 -50.00 -0.0037286
-115.00 -50.00 -0.0044862
-110.00 -50.00 -0.0036667
-105.00 -50.00 -0.0006545
-100.00 -50.00 0.0030898
-95.00 -50.00 0.0050971
-90.00 -50.00 0.0041512
-85.00 -50.00 0.0014802
-80.00 -50.00 -0.0004097
-75.00 -50.00 -5.14e-05
-70.00 -50.00 0.0018983
-65.00 -50.00 0.0037121
-60.00 -50.00 0.0043705
-55.00 -50.00 0.0041541
-50.00 -50.00 0.0037695
-45.00 -50.00 0.0033449
-40.00 -50.00 0.0024476
-35.00 -50.00 0.0008615
-30.00 -50.00 -0.0009509
-25.00 -50.00 -0.0022075
-20.00 -50.00 -0.0024899
-15.00 -50.00 -0.0020096
-10.00 -50.00 -0.0013037
-5.00 -50.00 -0.0007862
0.00 -50.00 -0.0005812
5.00 -50.00 -0.0006728
10.00 -50.00 -0.0011003
15.00 -50.00 -0.0019472
20.00 -50.00 -0.0031306
25.00 -50.00 -0.004263
30.00 -50.00 -0.0048441
35.00 -50.00 -0.0046794
40.00 -50.00 -0.0040851
45.00 -50.00 -0.0035943
50.00 -50.00 -0.0034489
55.00 -50.00 -0.0034492
60.00 -50.00 -0.0033227
65.00 -50.00 -0.0031162
70.00 -50.00 -0.0030764
75.00 -50.00 -0.0031441
80.00 -50.00 -0.0027451
85.00 -50.00 -0.0012685
90.00 -50.00 0.0012166
95.00 -50.00 0.0037981
100.00 -50.00 0.0053171
105.00 -50.00 0.0051289
110.00 -50.00 0.0033872
115.00 -50.00 0.0008481
120.00 -50.00 -0.0014316
125.00 -50.00 -0.0024119
130.00 -50.00 -0.0016055
135.00 -50.00 0.0003376
140.00 -50.00 0.0017188
145.00 -50.00 0.0009716
150.00 -50.00 -0.001834
155.00 -50.00 -0.0046946
160.00 -50.00 -0.0052538
165.00 -50.00 -0.0030047
170.00 -50.00 8.79e-05
175.00 -50.00 0.0013788
180.00 -50.00 8.26e-05
-180.00 -45.00 0.0035701
-175.00 -45.00 0.0005041
-170.00 -45.00 -0.0011972
-165.00 -45.00 -0.0005186
-160.00 -45.00 0.0006567
-155.00 -45.00 0.0002079
-150.00 -45.00 -0.0018421
-145.00 -45.00 -0.0037124
-140.00 -45.00 -0.0039539
-135.00 -45.00 -0.0027245
-130.00 -45.00 -0.0013878
-125.00 -45.00 -0.0013379
-120.00 -45.00 -0.0029428
-115.00 -45.00 -0.0050273
-110.00 -45.00 -0.0054869
-105.00 -45.00 -0.0031554
-100.00 -45.00 0.0006415
-95.00 -45.00 0.0029415
-90.00 -45.00 0.0020514
-85.00 -45.00 -0.0006352
-80.00 -45.00 -0.002129
-75.00 -45.00 -0.0009531
-70.00 -45.00 0.0016996
-65.00 -45.00 0.0037462
-60.00 -45.00 0.0044001
-55.00 -45.00 0.0042511
-50.00 -45.00 0.0037821
-45.00 -45.00 0.0026693
-40.00 -45.00 0.0007028
-35.00 -45.00 -0.0012371
-30.00 -45.00 -0.0017384
-25.00 -45.00 -0.0004011
-20.00 -45.00 0.0015345
-15.00 -45.00 0.0022887
-10.00 -45.00 0.0011821
-5.00 -45.00 -0.0008556
0.00 -45.00 -0.0022613
5.00 -45.00 -0.002251
10.00 -45.00 -0.0014454
15.00 -45.00 -0.0012761
20.00 -45.00 -0.0026711
25.00 -45.00 -0.0051056
30.00 -45.00 -0.0069412
35.00 -45.00 -0.0068794
40.00 -45.00 -0.0051652
45.00 -45.00 -0.0033039
50.00 -45.00 -0.0026049
55.00 -45.00 -0.0031012
60.00 -45.00 -0.0038595
65.00 -45.00 -0.0040955
70.00 -45.00 -0.0037728
75.00 -45.00 -0.0032091
80.00 -45.00 -0.0024575
85.00 -45.00 -0.0013295
90.00 -45.00 0.0001073
95.00 -45.00 0.0014114
100.00 -45.00 0.0022343
105.00 -45.00 0.0025977
110.00 -45.00 0.0024955
115.00 -45.00 0.0015381
120.00 -45.00 -0.0005046
125.00 -45.00 -0.0028361
130.00 -45.00 -0.0039132
135.00 -45.00 -0.0030711
140.00 -45.00 -0.0016893
145.00 -45.00 -0.0021354
150.00 -45.00 -0.0051538
155.00 -45.00 -0.0084859
160.00 -45.00 -0.0086504
165.00 -45.00 -0.0044702
170.00 -45.00 0.0013485
175.00 -45.00 0.0045905
180.00 -45.00 0.0035701
-180.00 -40.00 0.0021085
-175.00 -40.00 -0.0015247
-170.00 -40.00 -0.0025836
-165.00 -40.00 -0.0010003
-160.00 -40.00 0.0004277
-155.00 -40.00 -1.94e-05
-150.00 -40.00 -0.0011975
-145.00 -40.00 -0.0013166
-140.00 -40.00 -0.0004252
-135.00 -40.00 0.0001856
-130.00 -40.00 -9.8e-06
-125.00 -40.00 -0.0006243
-120.00 -40.00 -0.0016153
-115.00 -40.00 -0.0031803
-110.00 -40.00 -0.0044645
-105.00 -40.00 -0.0039395
-100.00 -40.00 -0.0016372
-95.00 -40.00 0.0002424
-90.00 -40.00 -0.0001227
-85.00 -40.00 -0.0018577
-80.00 -40.00 -0.0026473
-75.00 -40.00 -0.0017468
-70.00 -40.00 -0.0005311
-65.00 -40.00 -0.0001875
-60.00 -40.00 -0.0001971
-55.00 -40.00 0.0003311
-50.00 -40.00 0.0008077
-45.00 -40.00 -0.0001923
-40.00 -40.00 -0.0025285
-35.00 -40.00 -0.0037995
-30.00 -40.00 -0.0017591
-25.00 -40.00 0.0028286
-20.00 -40.00 0.0063878
-15.00 -40.00 0.0058001
-10.00 -40.00 0.0013037
-5.00 -40.00 -0.0038322
0.00 -40.00 -0.0061904
5.00 -40.00 -0.0048063
10.00 -40.00 -0.0015795
15.00 -40.00 0.0003645
20.00 -40.00 -0.0009238
25.00 -40.00 -0.004675
30.00 -40.00 -0.0080301
35.00 -40.00 -0.008556
40.00 -40.00 -0.0063812
45.00 -40.00 -0.0038247
50.00 -40.00 -0.0030198
55.00 -40.00 -0.0040686
60.00 -40.00 -0.0053801
65.00 -40.00 -0.0054331
70.00 -40.00 -0.0040538
75.00 -40.00 -0.0021886
80.00 -40.00 -0.0007972
85.00 -40.00 -0.0001966
90.00 -40.00 -0.000282
95.00 -40.00 -0.0008057
100.00 -40.00 -0.001193
105.00 -40.00 -0.0006838
110.00 -40.00 0.0006724
115.00 -40.00 0.0014723
120.00 -40.00 0.0002687
125.00 -40.00 -0.0024585
130.00 -40.00 -0.0043734
135.00 -40.00 -0.0037777
140.00 -40.00 -0.0016894
145.00 -40.00 -0.0009036
150.00 -40.00 -0.0028425
155.00 -40.00 -0.0056166
160.00 -40.00 -0.0057084
165.00 -40.00 -0.001873
170.00 -40.00 0.0030126
175.00 -40.00 0.0046901
180.00 -40.00 0.0021085
-180.00 -35.00 -0.0006722
-175.00 -35.00 -0.0040949
-170.00 -35.00 -0.0032523
-165.00 -35.00 -0.000186
-160.00 -35.00 0.001137
-155.00 -35.00 -3.81e-05
-150.00 -35.00 -0.0009206
-145.00 -35.00 0.000202
-140.00 -35.00 0.0013975
-135.00 -35.00 0.0003127
-130.00 -35.00 -0.0020107
-125.00 -35.00 -0.0027552
-120.00 -35.00 -0.0017164
-115.00 -35.00 -0.0014221
-110.00 -35.00 -0.0029503
-105.00 -35.00 -0.0042927
-100.00 -35.00 -0.0036564
-95.00 -35.00 -0.0020777
-90.00 -35.00 -0.001389
-85.00 -35.00 -0.0014211
-80.00 -35.00 -0.0009858
-75.00 -35.00 -0.0003902
-70.00 -35.00 -0.0009318
-65.00 -35.00 -0.0023537
-60.00 -35.00 -0.0027767
-55.00 -35.00 -0.0015435
-50.00 -35.00 -0.0006351
-45.00 -35.00 -0.0022287
-40.00 -35.00 -0.00545
-35.00 -35.00 -0.0066909
-30.00 -35.00 -0.0035202
-25.00 -35.00 0.0022019
-20.00 -35.00 0.0057055
-15.00 -35.00 0.0039064
-10.00 -35.00 -0.0016516
-5.00 -35.00 -0.0064375
0.00 -35.00 -0.007061
5.00 -35.00 -0.0037408
10.00 -35.00 0.0004481
15.00 -35.00 0.002077
20.00 -35.00 -0.0002542
25.00 -35.00 -0.0049035
30.00 -35.00 -0.0084559
35.00 -35.00 -0.008666
40.00 -35.00 -0.0063158
45.00 -35.00 -0.0040057
50.00 -35.00 -0.0034513
55.00 -35.00 -0.0042712
60.00 -35.00 -0.0049107
65.00 -35.00 -0.0041887
70.00 -35.00 -0.002216
75.00 -35.00 -0.0002184
80.00 -35.00 0.0006605
85.00 -35.00 0.0004118
90.00 -35.00 -0.0001922
95.00 -35.00 -0.0006292
100.00 -35.00 -0.000713
105.00 -35.00 -0.0001768
110.00 -35.00 0.0008048
115.00 -35.00 0.0010419
120.00 -35.00 -0.0004663
125.00 -35.00 -0.0027923
130.00 -35.00 -0.0037042
135.00 -35.00 -0.0022527
140.00 -35.00 9.01e-05
145.00 -35.00 0.0011429
150.00 -35.00 0.0004232
155.00 -35.00 -0.0003207
160.00 -35.00 0.0010084
165.00 -35.00 0.004201
170.00 -35.00 0.006217
175.00 -35.00 0.0042325
180.00 -35.00 -0.0006721
-180.00 -30.00 -0.0031905
-175.00 -30.00 -0.0053199
-170.00 -30.00 -0.0029114
-165.00 -30.00 0.0002563
-160.00 -30.00 0.000244
-155.00 -30.00 -0.0022675
-150.00 -30.00 -0.0034514
-145.00 -30.00 -0.0020311
-140.00 -30.00 -0.0010889
-135.00 -30.00 -0.0032016
-130.00 -30.00 -0.0061086
-125.00 -30.00 -0.0058065
-120.00 -30.00 -0.0026006
-115.00 -30.00 -0.0006679
-110.00 -30.00 -0.0018529
-105.00 -30.00 -0.0035219
-100.00 -30.00 -0.0032502
-95.00 -30.00 -0.0021004
-90.00 -30.00 -0.0017678
-85.00 -30.00 -0.001583
-80.00 -30.00 -0.0004542
-75.00 -30.00 0.0005914
-70.00 -30.00 0.0001633
-65.00 -30.00 -0.0007788
-60.00 -30.00 -0.0002968
-55.00 -30.00 0.0012237
-50.00 -30.00 0.001199
-45.00 -30.00 -0.0017099
-40.00 -30.00 -0.005611
-35.00 -30.00 -0.0071778
-30.00 -30.00 -0.0049496
-25.00 -30.00 -0.0008087
-20.00 -30.00 0.0016607
-15.00 -30.00 0.0005313
-10.00 -30.00 -0.0025898
-5.00 -30.00 -0.004251
0.00 -30.00 -0.0026508
5.00 -30.00 0.0008063
10.00 -30.00 0.003026
15.00 -30.00 0.0017769
20.00 -30.00 -0.0026481
25.00 -30.00 -0.007438
30.00 -30.00 -0.0094148
35.00 -30.00 -0.0080203
40.00 -30.00 -0.0056682
45.00 -30.00 -0.0046202
50.00 -30.00 -0.0045792
55.00 -30.00 -0.0040386
60.00 -30.00 -0.002573
65.00 -30.00 -0.0007945
70.00 -30.00 0.0006102
75.00 -30.00 0.0008972
80.00 -30.00 -0.0002968
85.00 -30.00 -0.0018282
90.00 -30.00 -0.0017837
95.00 -30.00 0.0001611
100.00 -30.00 0.0024406
105.00 -30.00 0.0036316
110.00 -30.00 0.0033015
115.00 -30.00 0.0013349
120.00 -30.00 -0.0016267
125.00 -30.00 -0.0035237
130.00 -30.00 -0.0027461
135.00 -30.00 -0.0004621
140.00 -30.00 0.0006648
145.00 -30.00 -0.0001226
150.00 -30.00 -0.0009261
155.00 -30.00 0.0003854
160.00 -30.00 0.003852
165.00 -30.00 0.0070777
170.00 -30.00 0.0068973
175.00 -30.00 0.0024227
180.00 -30.00 -0.0031905
-180.00 -25.00 -0.0070144
-175.00 -25.00 -0.0073013
-170.00 -25.00 -0.0046361
-165.00 -25.00 -0.0028162
-160.00 -25.00 -0.0037742
-155.00 -25.00 -0.005694
-150.00 -25.00 -0.0059357
-145.00 -25.00 -0.0046517
-140.00 -25.00 -0.0045357
-135.00 -25.00 -0.0068035
-130.00 -25.00 -0.0087549
-125.00 -25.00 -0.0071734
-120.00 -25.00 -0.0031904
-115.00 -25.00 -0.0007388
-110.00 -25.00 -0.0006329
-105.00 -25.00 -0.0001008
-100.00 -25.00 0.0016579
-95.00 -25.00 0.0019766
-90.00 -25.00 -0.0002043
-85.00 -25.00 -0.0021658
-80.00 -25.00 -0.0019105
-75.00 -25.00 -0.0009213
-70.00 -25.00 -0.0006686
-65.00 -25.00 2.87e-05
-60.00 -25.00 0.0020508
-55.00 -25.00 0.0033989
-50.00 -25.00 0.0019394
-45.00 -25.00 -0.0013174
-40.00 -25.00 -0.0036914
-35.00 -25.00 -0.0040572
-30.00 -25.00 -0.0030006
-25.00 -25.00 -0.0012198
-20.00 -25.00 0.0005897
-15.00 -25.00 0.0013817
-10.00 -25.00 0.0008746
-5.00 -25.00 0.0003492
0.00 -25.00 0.0011392
5.00 -25.00 0.0027113
10.00 -25.00 0.0029249
15.00 -25.00 6e-05
20.00 -25.00 -0.0052177
25.00 -25.00 -0.0096198
30.00 -25.00 -0.01002
35.00 -25.00 -0.0071984
40.00 -25.00 -0.005146
45.00 -25.00 -0.0056706
50.00 -25.00 -0.0061156
55.00 -25.00 -0.0038777
60.00 -25.00 -0.0002715
65.00 -25.00 0.0019862
70.00 -25.00 0.0021636
75.00 -25.00 0.0006113
80.00 -25.00 -0.0023045
85.00 -25.00 -0.0046925
90.00 -25.00 -0.0038209
95.00 -25.00 0.0001848
100.00 -25.00 0.0041135
105.00 -25.00 0.005663
110.00 -25.00 0.0049126
115.00 -25.00 0.0024144
120.00 -25.00 -0.0008192
125.00 -25.00 -0.0023194
130.00 -25.00 -0.0007195
135.00 -25.00 0.0014835
140.00 -25.00 0.000828
145.00 -25.00 -0.0023277
150.00 -25.00 -0.0044165
155.00 -25.00 -0.0031367
160.00 -25.00 0.0003866
165.00 -25.00 0.002902
170.00 -25.00 0.0016726
175.00 -25.00 -0.0028956
180.00 -25.00 -0.0070144
-180.00 -20.00 -0.0094399
-175.00 -20.00 -0.0084752
-170.00 -20.00 -0.006647
-165.00 -20.00 -0.0065631
-160.00 -20.00 -0.0072763
-155.00 -20.00 -0.0065905
-150.00 -20.00 -0.0047673
-145.00 -20.00 -0.0037763
-140.00 -20.00 -0.0046638
-135.00 -20.00 -0.0066312
-130.00 -20.00 -0.0075854
-125.00 -20.00 -0.0060853
-120.00 -20.00 -0.0033591
-115.00 -20.00 -0.0015365
-110.00 -20.00 7.8e-05
-105.00 -20.00 0.0034701
-100.00 -20.00 0.0068757
-95.00 -20.00 0.0062105
-90.00 -20.00 0.0018249
-85.00 -20.00 -0.0015201
-80.00 -20.00 -0.0018737
-75.00 -20.00 -0.0017556
-70.00 -20.00 -0.0021446
-65.00 -20.00 -0.0007759
-60.00 -20.00 0.0023165
-55.00 -20.00 0.0032432
-50.00 -20.00 0.0003718
-45.00 -20.00 -0.0026911
-40.00 -20.00 -0.0026209
-35.00 -20.00 -0.0009226
-30.00 -20.00 -0.0003302
-25.00 -20.00 -0.0001345
-20.00 -20.00 0.001645
-15.00 -20.00 0.0039188
-10.00 -20.00 0.0038756
-5.00 -20.00 0.0014176
0.00 -20.00 -0.0006815
5.00 -20.00 -0.0006281
10.00 -20.00 0.0002474
15.00 -20.00 -0.0008691
20.00 -20.00 -0.0049503
25.00 -20.00 -0.0092433
30.00 -20.00 -0.0097932
35.00 -20.00 -0.0066678
40.00 -20.00 -0.0042252
45.00 -20.00 -0.0046168
50.00 -20.00 -0.0046893
55.00 -20.00 -0.0018191
60.00 -20.00 0.0015552
65.00 -20.00 0.0023133
70.00 -20.00 0.0010251
75.00 -20.00 -0.0008739
80.00 -20.00 -0.0033728
85.00 -20.00 -0.0050761
90.00 -20.00 -0.0034117
95.00 -20.00 0.0006111
100.00 -20.00 0.0030259
105.00 -20.00 0.0028733
110.00 -20.00 0.0023787
115.00 -20.00 0.0019669
120.00 -20.00 0.0006315
125.00 -20.00 -0.0002198
130.00 -20.00 0.0011999
135.00 -20.00 0.0028769
140.00 -20.00 0.0015872
145.00 -20.00 -0.0021713
150.00 -20.00 -0.0052768
155.00 -20.00 -0.0059534
160.00 -20.00 -0.004668
165.00 -20.00 -0.0033507
170.00 -20.00 -0.0042773
175.00 -20.00 -0.0073704
180.00 -20.00 -0.0094399
-180.00 -15.00 -0.0068459
-175.00 -15.00 -0.0055873
-170.00 -15.00 -0.0044104
-165.00 -15.00 -0.005451
-160.00 -15.00 -0.0062341
-155.00 -15.00 -0.0045912
-150.00 -15.00 -0.0025295
-145.00 -15.00 -0.002188
-140.00 -15.00 -0.0028004
-135.00 -15.00 -0.0032638
-130.00 -15.00 -0.0035448
-125.00 -15.00 -0.0033876
-120.00 -15.00 -0.0026951
-115.00 -15.00 -0.0018259
-110.00 -15.00 7.4e-05
-105.00 -15.00 0.0037677
-100.00 -15.00 0.0064689
-95.00 -15.00 0.0047032
-90.00 -15.00 0.000619
-85.00 -15.00 -0.0005646
-80.00 -15.00 0.001097
-75.00 -15.00 0.0012576
-70.00 -15.00 -0.0001548
-65.00 -15.00 0.0010321
-60.00 -15.00 0.0046113
-55.00 -15.00 0.0050631
-50.00 -15.00 0.0005942
-45.00 -15.00 -0.0035813
-40.00 -15.00 -0.0032764
-35.00 -15.00 -0.0010405
-30.00 -15.00 -0.000797
-25.00 -15.00 -0.0014604
-20.00 -15.00 1.89e-05
-15.00 -15.00 0.0025226
-10.00 -15.00 0.0022715
-5.00 -15.00 -0.0011597
0.00 -15.00 -0.0042686
5.00 -15.00 -0.0044049
10.00 -15.00 -0.0025347
15.00 -15.00 -0.0018046
20.00 -15.00 -0.0044003
25.00 -15.00 -0.0087673
30.00 -15.00 -0.0104438
35.00 -15.00 -0.0075003
40.00 -15.00 -0.003233
45.00 -15.00 -0.0009473
50.00 -15.00 0.000436
55.00 -15.00 0.002303
60.00 -15.00 0.0026586
65.00 -15.00 0.0004135
70.00 -15.00 -0.0018455
75.00 -15.00 -0.0026552
80.00 -15.00 -0.0034303
85.00 -15.00 -0.0035769
90.00 -15.00 -0.000905
95.00 -15.00 0.0023425
100.00 -15.00 0.0017537
105.00 -15.00 -0.001284
110.00 -15.00 -0.0018929
115.00 -15.00 -0.0002672
120.00 -15.00 3.66e-05
125.00 -15.00 -0.0005122
130.00 -15.00 0.0006688
135.00 -15.00 0.0023525
140.00 -15.00 0.0017664
145.00 -15.00 -0.0008219
150.00 -15.00 -0.0037856
155.00 -15.00 -0.0062504
160.00 -15.00 -0.0068897
165.00 -15.00 -0.0053224
170.00 -15.00 -0.0042885
175.00 -15.00 -0.0056732
180.00 -15.00 -0.0068459
-180.00 -10.00 -0.0029224
-175.00 -10.00 -0.0016819
-170.00 -10.00 4.13e-05
-165.00 -10.00 -0.0008737
-160.00 -10.00 -0.002701
-155.00 -10.00 -0.0034094
-150.00 -10.00 -0.0039982
-145.00 -10.00 -0.0043678
-140.00 -10.00 -0.0028321
-135.00 -10.00 -0.0006267
-130.00 -10.00 -0.0004484
-125.00 -10.00 -0.0015434
-120.00 -10.00 -0.0016145
-115.00 -10.00 -0.0007933
-110.00 -10.00 0.0002061
-105.00 -10.00 0.0015762
-100.00 -10.00 0.0018374
-95.00 -10.00 -0.0006101
-90.00 -10.00 -0.0027106
-85.00 -10.00 -0.0001965
-80.00 -10.00 0.0046968
-75.00 -10.00 0.006258
-70.00 -10.00 0.0048183
-65.00 -10.00 0.0054674
-60.00 -10.00 0.008309
-55.00 -10.00 0.0078601
-50.00 -10.00 0.0023675
-45.00 -10.00 -0.0030958
-40.00 -10.00 -0.0042374
-35.00 -10.00 -0.0029523
-30.00 -10.00 -0.0029015
-25.00 -10.00 -0.0037757
-20.00 -10.00 -0.0031887
-15.00 -10.00 -0.0015669
-10.00 -10.00 -0.0013881
-5.00 -10.00 -0.0030054
0.00 -10.00 -0.0045731
5.00 -10.00 -0.0050615
10.00 -10.00 -0.0048695
15.00 -10.00 -0.0048988
20.00 -10.00 -0.0064602
25.00 -10.00 -0.0097063
30.00 -10.00 -0.0116704
35.00 -10.00 -0.0092197
40.00 -10.00 -0.0036478
45.00 -10.00 0.0012467
50.00 -10.00 0.0039087
55.00 -10.00 0.0042879
60.00 -10.00 0.0019335
65.00 -10.00 -0.0015236
70.00 -10.00 -0.0026842
75.00 -10.00 -0.0017653
80.00 -10.00 -0.0017506
85.00 -10.00 -0.0016656
90.00 -10.00 0.0013369
95.00 -10.00 0.0043128
100.00 -10.00 0.0025444
105.00 -10.00 -0.0011489
110.00 -10.00 -0.0011669
115.00 -10.00 0.000734
120.00 -10.00 -4.65e-05
125.00 -10.00 -0.0017134
130.00 -10.00 -0.0005581
135.00 -10.00 0.0015294
140.00 -10.00 0.0014255
145.00 -10.00 -8.05e-05
150.00 -10.00 -0.0020467
155.00 -10.00 -0.0048125
160.00 -10.00 -0.0060798
165.00 -10.00 -0.003601
170.00 -10.00 -0.0007355
175.00 -10.00 -0.0013836
180.00 -10.00 -0.0029224
-180.00 -5.00 -0.0026173
-175.00 -5.00 -0.0013101
-170.00 -5.00 0.0012089
-165.00 -5.00 0.0010889
-160.00 -5.00 -0.0013806
-155.00 -5.00 -0.0045898
-150.00 -5.00 -0.0076248
-145.00 -5.00 -0.0078903
-140.00 -5.00 -0.0041061
-135.00 -5.00 -0.000524
-130.00 -5.00 -0.0010539
-125.00 -5.00 -0.0028534
-120.00 -5.00 -0.0021102
-115.00 -5.00 -0.000491
-110.00 -5.00 -0.0004667
-105.00 -5.00 -0.0009462
-100.00 -5.00 -0.0012965
-95.00 -5.00 -0.0025129
-90.00 -5.00 -0.0026532
-85.00 -5.00 0.0013801
-80.00 -5.00 0.0073075
-75.00 -5.00 0.0099113
-70.00 -5.00 0.0089502
-65.00 -5.00 0.0080938
-60.00 -5.00 0.0078262
-55.00 -5.00 0.0054546
-50.00 -5.00 0.0007371
-45.00 -5.00 -0.0033402
-40.00 -5.00 -0.0047878
-35.00 -5.00 -0.0045141
-30.00 -5.00 -0.0041589
-25.00 -5.00 -0.0039962
-20.00 -5.00 -0.0035304
-15.00 -5.00 -0.0029676
-10.00 -5.00 -0.0028705
-5.00 -5.00 -0.0031196
0.00 -5.00 -0.0036439
5.00 -5.00 -0.0050467
10.00 -5.00 -0.006983
15.00 -5.00 -0.007898
20.00 -5.00 -0.0078759
25.00 -5.00 -0.008765
30.00 -5.00 -0.0101929
35.00 -5.00 -0.009307
40.00 -5.00 -0.0054418
45.00 -5.00 -0.0011394
50.00 -5.00 0.0014088
55.00 -5.00 0.0015818
60.00 -5.00 -0.0001429
65.00 -5.00 -0.0012743
70.00 -5.00 0.0004138
75.00 -5.00 0.0025522
80.00 -5.00 0.0017408
85.00 -5.00 0.0004892
90.00 -5.00 0.002764
95.00 -5.00 0.0055875
100.00 -5.00 0.0046728
105.00 -5.00 0.0034826
110.00 -5.00 0.0060894
115.00 -5.00 0.0079105
120.00 -5.00 0.0043781
125.00 -5.00 0.0003848
130.00 -5.00 0.0010673
135.00 -5.00 0.0028016
140.00 -5.00 0.0015554
145.00 -5.00 -0.0002867
150.00 -5.00 -0.0010598
155.00 -5.00 -0.0027935
160.00 -5.00 -0.0043703
165.00 -5.00 -0.0026338
170.00 -5.00 -2.52e-05
175.00 -5.00 -0.0007911
180.00 -5.00 -0.0026173
-180.00 0.00 -0.0032077
-175.00 0.00 -0.0020752
-170.00 0.00 -0.0002949
-165.00 0.00 -0.0005375
-160.00 0.00 -0.0026353
-155.00 0.00 -0.0056114
-150.00 0.00 -0.0081192
-145.00 0.00 -0.0072242
-140.00 0.00 -0.0029926
-135.00 0.00 -0.0008751
-130.00 0.00 -0.003401
-125.00 0.00 -0.0055647
-120.00 0.00 -0.0039383
-115.00 0.00 -0.0022175
-110.00 0.00 -0.0030228
-105.00 0.00 -0.003287
-100.00 0.00 -0.0013339
-95.00 0.00 0.0003759
-90.00 0.00 0.0014328
-85.00 0.00 0.0042581
-80.00 0.00 0.0084302
-75.00 0.00 0.0108928
-70.00 0.00 0.0105864
-65.00 0.00 0.0081648
-60.00 0.00 0.003946
-55.00 0.00 -0.0006473
-50.00 0.00 -0.0032451
-45.00 0.00 -0.0039463
-40.00 0.00 -0.0049238
-35.00 0.00 -0.0062961
-30.00 0.00 -0.0060525
-25.00 0.00 -0.0037954
-20.00 0.00 -0.0015075
-15.00 0.00 -0.000909
-10.00 0.00 -0.0019129
-5.00 0.00 -0.0034429
0.00 0.00 -0.0048578
5.00 0.00 -0.0061833
10.00 0.00 -0.0069804
15.00 0.00 -0.0063604
20.00 0.00 -0.0049547
25.00 0.00 -0.0048121
30.00 0.00 -0.0062492
35.00 0.00 -0.0072955
40.00 0.00 -0.0068445
45.00 0.00 -0.0055406
50.00 0.00 -0.0038941
55.00 0.00 -0.0022255
60.00 0.00 -0.0009512
65.00 0.00 0.0008132
70.00 0.00 0.0037262
75.00 0.00 0.0052185
80.00 0.00 0.0033424
85.00 0.00 0.0018618
90.00 0.00 0.0043107
95.00 0.00 0.0069534
100.00 0.00 0.0062857
105.00 0.00 0.00689
110.00 0.00 0.0118515
115.00 0.00 0.0143314
120.00 0.00 0.0094164
125.00 0.00 0.0038404
130.00 0.00 0.0036896
135.00 0.00 0.0042235
140.00 0.00 0.0008111
145.00 0.00 -0.0025727
150.00 0.00 -0.002758
155.00 0.00 -0.0028835
160.00 0.00 -0.0041547
165.00 0.00 -0.0037052
170.00 0.00 -0.0020432
175.00 0.00 -0.0022617
180.00 0.00 -0.0032077
-180.00 5.00 -0.0011317
-175.00 5.00 -0.000508
-170.00 5.00 -0.000502
-165.00 5.00 -0.0019276
-160.00 5.00 -0.0037341
-155.00 5.00 -0.0052003
-150.00 5.00 -0.005625
-145.00 5.00 -0.003459
-140.00 5.00 -0.000103
-135.00 5.00 -0.0001615
-130.00 5.00 -0.0038266
-125.00 5.00 -0.0056391
-120.00 5.00 -0.0039818
-115.00 5.00 -0.003302
-110.00 5.00 -0.0047172
-105.00 5.00 -0.0039679
-100.00 5.00 -9.51e-05
-95.00 5.00 0.0030186
-90.00 5.00 0.0039823
-85.00 5.00 0.0050128
-80.00 5.00 0.0069471
-75.00 5.00 0.0088249
-70.00 5.00 0.0097359
-65.00 5.00 0.0079372
-60.00 5.00 0.0025977
-55.00 5.00 -0.0025855
-50.00 5.00 -0.0034019
-45.00 5.00 -0.0021654
-40.00 5.00 -0.0040889
-35.00 5.00 -0.0082664
-30.00 5.00 -0.0091723
-25.00 5.00 -0.0054412
-20.00 5.00 -0.0011042
-15.00 5.00 0.0004108
-10.00 5.00 -0.0009759
-5.00 5.00 -0.0037364
0.00 5.00 -0.0059921
5.00 5.00 -0.0060607
10.00 5.00 -0.0038234
15.00 5.00 -0.0012891
20.00 5.00 -0.0008121
25.00 5.00 -0.0026189
30.00 5.00 -0.0047962
35.00 5.00 -0.0060643
40.00 5.00 -0.0070304
45.00 5.00 -0.0076836
50.00 5.00 -0.0062868
55.00 5.00 -0.0026095
60.00 5.00 0.0009407
65.00 5.00 0.0029652
70.00 5.00 0.0039299
75.00 5.00 0.0033216
80.00 5.00 0.0013419
85.00 5.00 0.0017392
90.00 5.00 0.0060655
95.00 5.00 0.0088345
100.00 5.00 0.0064434
105.00 5.00 0.0047184
110.00 5.00 0.008369
115.00 5.00 0.0113665
120.00 5.00 0.0079356
125.00 5.00 0.0032389
130.00 5.00 0.0029825
135.00 5.00 0.0030619
140.00 5.00 -0.0011376
145.00 5.00 -0.0058384
150.00 5.00 -0.006788
155.00 5.00 -0.0059864
160.00 5.00 -0.005593
165.00 5.00 -0.0043414
170.00 5.00 -0.0022984
175.00 5.00 -0.0013444
180.00 5.00 -0.0011317
-180.00 10.00 0.0002006
-175.00 10.00 0.0007247
-170.00 10.00 0.0004793
-165.00 10.00 -0.0013603
-160.00 10.00 -0.0036117
-155.00 10.00 -0.0050555
-150.00 10.00 -0.0048582
-145.00 10.00 -0.0024949
-140.00 10.00 9e-05
-135.00 10.00 -0.0002902
-130.00 10.00 -0.0027727
-125.00 10.00 -0.0034303
-120.00 10.00 -0.0021552
-115.00 10.00 -0.002076
-110.00 10.00 -0.0027393
-105.00 10.00 -0.0012415
-100.00 10.00 0.0014243
-95.00 10.00 0.002285
-90.00 10.00 0.0020169
-85.00 10.00 0.0027089
-80.00 10.00 0.0038641
-75.00 10.00 0.0048615
-70.00 10.00 0.0062678
-65.00 10.00 0.0064715
-60.00 10.00 0.0033927
-55.00 10.00 -0.0001534
-50.00 10.00 -0.000186
-45.00 10.00 0.0006797
-40.00 10.00 -0.0026803
-35.00 10.00 -0.008311
-30.00 10.00 -0.0099242
-25.00 10.00 -0.0067697
-20.00 10.00 -0.0033697
-15.00 10.00 -0.0020348
-10.00 10.00 -0.0018929
-5.00 10.00 -0.0026317
0.00 10.00 -0.0039236
5.00 10.00 -0.0035572
10.00 10.00 -0.0005394
15.00 10.00 0.001885
20.00 10.00 9.22e-05
25.00 10.00 -0.0044318
30.00 10.00 -0.0070928
35.00 10.00 -0.0068163
40.00 10.00 -0.0064889
45.00 10.00 -0.0068356
50.00 10.00 -0.004976
55.00 10.00 -0.0002891
60.00 10.00 0.0036403
65.00 10.00 0.0045751
70.00 10.00 0.0038665
75.00 10.00 0.0025403
80.00 10.00 0.001087
85.00 10.00 0.0022502
90.00 10.00 0.0068664
95.00 10.00 0.0092504
100.00 10.00 0.0049363
105.00 10.00 -0.00073
110.00 10.00 -0.0006346
115.00 10.00 0.0026251
120.00 10.00 0.0026613
125.00 10.00 0.0005624
130.00 10.00 0.0007537
135.00 10.00 0.0017422
140.00 10.00 -0.000369
145.00 10.00 -0.0045113
150.00 10.00 -0.0071523
155.00 10.00 -0.007308
160.00 10.00 -0.0055269
165.00 10.00 -0.0025563
170.00 10.00 -0.0002479
175.00 10.00 0.0002209
180.00 10.00 0.0002006
-180.00 15.00 -0.0019474
-175.00 15.00 -0.0003302
-170.00 15.00 0.0014199
-165.00 15.00 0.0005983
-160.00 15.00 -0.002392
-155.00 15.00 -0.0053751
-150.00 15.00 -0.0064973
-145.00 15.00 -0.005298
-140.00 15.00 -0.0033914
-135.00 15.00 -0.0027788
-130.00 15.00 -0.0030564
-125.00 15.00 -0.0026291
-120.00 15.00 -0.0017164
-115.00 15.00 -0.0009529
-110.00 15.00 0.0006525
-105.00 15.00 0.0027442
-100.00 15.00 0.0023947
-95.00 15.00 -0.0004661
-90.00 15.00 -0.0014736
-85.00 15.00 0.0009582
-80.00 15.00 0.0029722
-75.00 15.00 0.0024437
-70.00 15.00 0.0018258
-65.00 15.00 0.0021092
-60.00 15.00 0.0014058
-55.00 15.00 0.0002157
-50.00 15.00 0.0005944
-45.00 15.00 0.0007283
-40.00 15.00 -0.0022511
-35.00 15.00 -0.0059645
-30.00 15.00 -0.0064966
-25.00 15.00 -0.0054165
-20.00 15.00 -0.006114
-15.00 15.00 -0.0068479
-10.00 15.00 -0.0043998
-5.00 15.00 -0.0009186
0.00 15.00 -0.0003524
5.00 15.00 -0.0013741
10.00 15.00 -0.0003567
15.00 15.00 0.0013018
20.00 15.00 -0.0006732
25.00 15.00 -0.00553
30.00 15.00 -0.008059
35.00 15.00 -0.0066716
40.00 15.00 -0.0048824
45.00 15.00 -0.0043503
50.00 15.00 -0.0025997
55.00 15.00 0.0011471
60.00 15.00 0.0040256
65.00 15.00 0.0049513
70.00 15.00 0.0059363
75.00 15.00 0.0069688
80.00 15.00 0.0060605
85.00 15.00 0.0046462
90.00 15.00 0.0056279
95.00 15.00 0.0064776
100.00 15.00 0.002515
105.00 15.00 -0.0036996
110.00 15.00 -0.0049782
115.00 15.00 -0.0007763
120.00 15.00 0.0026073
125.00 15.00 0.0023447
130.00 15.00 0.001785
135.00 15.00 0.0032247
140.00 15.00 0.0044247
145.00 15.00 0.0027599
150.00 15.00 -0.0010018
155.00 15.00 -0.0035518
160.00 15.00 -0.0026412
165.00 15.00 6.36e-05
170.00 15.00 0.0008113
175.00 15.00 -0.0009732
180.00 15.00 -0.0019474
-180.00 20.00 -0.0033554
-175.00 20.00 5.72e-05
-170.00 20.00 0.0036227
-165.00 20.00 0.003488
-160.00 20.00 -0.0001037
-155.00 20.00 -0.0042478
-150.00 20.00 -0.006754
-145.00 20.00 -0.007277
-140.00 20.00 -0.0065518
-135.00 20.00 -0.005264
-130.00 20.00 -0.0037561
-125.00 20.00 -0.0026224
-120.00 20.00 -0.0021424
-115.00 20.00 -0.0009199
-110.00 20.00 0.002159
-105.00 20.00 0.0043707
-100.00 20.00 0.0020149
-95.00 20.00 -0.00259
-90.00 20.00 -0.0029244
-85.00 20.00 0.0017514
-80.00 20.00 0.0049557
-75.00 20.00 0.0029625
-70.00 20.00 -0.0007467
-65.00 20.00 -0.0023605
-60.00 20.00 -0.0022412
-55.00 20.00 -0.0015569
-50.00 20.00 -0.0006136
-45.00 20.00 -0.0007224
-40.00 20.00 -0.0024444
-35.00 20.00 -0.0033489
-30.00 20.00 -0.0023504
-25.00 20.00 -0.0030542
-20.00 20.00 -0.0073781
-15.00 20.00 -0.010115
-10.00 20.00 -0.0063102
-5.00 20.00 2.49e-05
0.00 20.00 0.0016103
5.00 20.00 -0.0011106
10.00 20.00 -0.0020376
15.00 20.00 -2.97e-05
20.00 20.00 0.0002516
25.00 20.00 -0.0026846
30.00 20.00 -0.0047008
35.00 20.00 -0.0033149
40.00 20.00 -0.001096
45.00 20.00 -0.00033
50.00 20.00 0.0001184
55.00 20.00 0.0010922
60.00 20.00 0.0016568
65.00 20.00 0.0026763
70.00 20.00 0.006255
75.00 20.00 0.0103841
80.00 20.00 0.0102388
85.00 20.00 0.006018
90.00 20.00 0.0029863
95.00 20.00 0.0026596
100.00 20.00 0.0011635
105.00 20.00 -0.0022099
110.00 20.00 -0.0024959
115.00 20.00 0.0023236
120.00 20.00 0.0070397
125.00 20.00 0.0069258
130.00 20.00 0.004457
135.00 20.00 0.0046917
140.00 20.00 0.0074662
145.00 20.00 0.0080529
150.00 20.00 0.0043591
155.00 20.00 -3.62e-05
160.00 20.00 -0.0010861
165.00 20.00 5.62e-05
170.00 20.00 -0.0005675
175.00 20.00 -0.0030414
180.00 20.00 -0.0033554
-180.00 25.00 -0.0011124
-175.00 25.00 0.0029752
-170.00 25.00 0.0060126
-165.00 25.00 0.0051807
-160.00 25.00 0.0015995
-155.00 25.00 -0.0019763
-150.00 25.00 -0.0044472
-145.00 25.00 -0.0060787
-140.00 25.00 -0.0064876
-135.00 25.00 -0.0047955
-130.00 25.00 -0.001723
-125.00 25.00 0.000239
-120.00 25.00 1.79e-05
-115.00 25.00 -0.00014
-110.00 25.00 0.0017192
-105.00 25.00 0.0032321
-100.00 25.00 0.0011194
-95.00 25.00 -0.0024155
-90.00 25.00 -0.0018735
-85.00 25.00 0.0029129
-80.00 25.00 0.0059153
-75.00 25.00 0.0035524
-70.00 25.00 -0.0010261
-65.00 25.00 -0.0033491
-60.00 25.00 -0.0026311
-55.00 25.00 -0.000552
-50.00 25.00 0.0009529
-45.00 25.00 0.0004187
-40.00 25.00 -0.0015016
-35.00 25.00 -0.0021297
-30.00 25.00 -0.0011927
-25.00 25.00 -0.0023651
-20.00 25.00 -0.0068955
-15.00 25.00 -0.0095305
-10.00 25.00 -0.0057485
-5.00 25.00 0.0004841
0.00 25.00 0.0020826
5.00 25.00 -0.0007521
10.00 25.00 -0.0019165
15.00 25.00 0.000492
20.00 25.00 0.0022505
25.00 25.00 0.0010546
30.00 25.00 1.86e-05
35.00 25.00 0.0017578
40.00 25.00 0.0043059
45.00 25.00 0.0049166
50.00 25.00 0.0036999
55.00 25.00 0.0017697
60.00 25.00 -0.0002798
65.00 25.00 -0.0006839
70.00 25.00 0.0024357
75.00 25.00 0.0068624
80.00 25.00 0.0076118
85.00 25.00 0.0040514
90.00 25.00 0.0010193
95.00 25.00 0.0012075
100.00 25.00 0.0016454
105.00 25.00 0.0001004
110.00 25.00 -0.0004233
115.00 25.00 0.0028132
120.00 25.00 0.006715
125.00 25.00 0.0067098
130.00 25.00 0.0038219
135.00 25.00 0.0028575
140.00 25.00 0.0048323
145.00 25.00 0.0056123
150.00 25.00 0.0024773
155.00 25.00 -0.0017951
160.00 25.00 -0.0032784
165.00 25.00 -0.0024233
170.00 25.00 -0.0022295
175.00 25.00 -0.002727
180.00 25.00 -0.0011124
-180.00 30.00 0.0010648
-175.00 30.00 0.00358
-170.00 30.00 0.0046019
-165.00 30.00 0.0031467
-160.00 30.00 0.0008461
-155.00 30.00 -0.0006908
-150.00 30.00 -0.0019117
-145.00 30.00 -0.0035322
-140.00 30.00 -0.0042098
-135.00 30.00 -0.0019961
-130.00 30.00 0.0021661
-125.00 30.00 0.0045275
-120.00 30.00 0.0030664
-115.00 30.00 0.0002086
-110.00 30.00 -0.0006658
-105.00 30.00 0.0001424
-100.00 30.00 8.04e-05
-95.00 30.00 -0.0008067
-90.00 30.00 1.14e-05
-85.00 30.00 0.0027673
-80.00 30.00 0.0043615
-75.00 30.00 0.002836
-70.00 30.00 -3.27e-05
-65.00 30.00 -0.0014008
-60.00 30.00 -0.0003787
-55.00 30.00 0.0019185
-50.00 30.00 0.0034256
-45.00 30.00 0.0024364
-40.00 30.00 -0.0004705
-35.00 30.00 -0.0026562
-30.00 30.00 -0.0030507
-25.00 30.00 -0.0037182
-20.00 30.00 -0.0058186
-15.00 30.00 -0.0065893
-10.00 30.00 -0.0034749
-5.00 30.00 0.0010379
0.00 30.00 0.0025975
5.00 30.00 0.0013772
10.00 30.00 0.0011251
15.00 30.00 0.0028332
20.00 30.00 0.0038368
25.00 30.00 0.0031696
30.00 30.00 0.0033649
35.00 30.00 0.0058617
40.00 30.00 0.0083518
45.00 30.00 0.0082817
50.00 30.00 0.0060559
55.00 30.00 0.0033049
60.00 30.00 0.0006995
65.00 30.00 -0.0010666
70.00 30.00 -0.0008292
75.00 30.00 0.0008727
80.00 30.00 0.0016464
85.00 30.00 0.0007833
90.00 30.00 0.0003983
95.00 30.00 0.0015053
100.00 30.00 0.001849
105.00 30.00 -0.0002061
110.00 30.00 -0.0023309
115.00 30.00 -0.0015647
120.00 30.00 0.0010174
125.00 30.00 0.0020263
130.00 30.00 0.000891
135.00 30.00 7.31e-05
140.00 30.00 0.0005518
145.00 30.00 0.0003164
150.00 30.00 -0.0019078
155.00 30.00 -0.0041745
160.00 30.00 -0.0041636
165.00 30.00 -0.0025288
170.00 30.00 -0.0013547
175.00 30.00 -0.0006663
180.00 30.00 0.0010648
-180.00 35.00 0.000249
-175.00 35.00 0.0003789
-170.00 35.00 0.0001992
-165.00 35.00 -0.0004716
-160.00 35.00 -0.0006799
-155.00 35.00 -0.0001835
-150.00 35.00 -0.0001551
-145.00 35.00 -0.0011569
-140.00 35.00 -0.001544
-135.00 35.00 0.0005921
-130.00 35.00 0.0041706
-125.00 35.00 0.0055005
-120.00 35.00 0.0025917
-115.00 35.00 -0.002168
-110.00 35.00 -0.0047553
-105.00 35.00 -0.0040044
-100.00 35.00 -0.0019502
-95.00 35.00 -0.0004215
-90.00 35.00 0.0007712
-85.00 35.00 0.0022518
-80.00 35.00 0.0035373
-75.00 35.00 0.0037451
-70.00 35.00 0.0027789
-65.00 35.00 0.0013656
-60.00 35.00 0.0005029
-55.00 35.00 0.0007354
-50.00 35.00 0.0013284
-45.00 35.00 0.0006546
-40.00 35.00 -0.0017955
-35.00 35.00 -0.0044767
-30.00 35.00 -0.0057413
-25.00 35.00 -0.0057529
-20.00 35.00 -0.0053389
-15.00 35.00 -0.0041552
-10.00 35.00 -0.0016468
-5.00 35.00 0.0011537
0.00 35.00 0.0027135
5.00 35.00 0.0032635
10.00 35.00 0.0040861
15.00 35.00 0.0050922
20.00 35.00 0.0051975
25.00 35.00 0.0048095
30.00 35.00 0.0055834
35.00 35.00 0.0074433
40.00 35.00 0.0081326
45.00 35.00 0.0064833
50.00 35.00 0.0041272
55.00 35.00 0.0029234
60.00 35.00 0.0024511
65.00 35.00 0.0013436
70.00 35.00 -0.0003423
75.00 35.00 -0.0015158
80.00 35.00 -0.0017459
85.00 35.00 -0.0012869
90.00 35.00 -0.0003393
95.00 35.00 0.0005292
100.00 35.00 0.0001621
105.00 35.00 -0.0016633
110.00 35.00 -0.0032381
115.00 35.00 -0.0028107
120.00 35.00 -0.0009606
125.00 35.00 0.0002173
130.00 35.00 -0.0001128
135.00 35.00 -0.0009558
140.00 35.00 -0.0014541
145.00 35.00 -0.0018337
150.00 35.00 -0.0021275
155.00 35.00 -0.001513
160.00 35.00 0.0002307
165.00 35.00 0.0017598
170.00 35.00 0.0017641
175.00 35.00 0.0007774
180.00 35.00 0.000249
-180.00 40.00 -0.0015615
-175.00 40.00 -0.0021356
-170.00 40.00 -0.0018846
-165.00 40.00 -0.00125
-160.00 40.00 -0.0002089
-155.00 40.00 0.0009207
-150.00 40.00 0.0013105
-145.00 40.00 0.0007969
-140.00 40.00 0.0005562
-135.00 40.00 0.0017066
-130.00 40.00 0.0034011
-125.00 40.00 0.0033011
-120.00 40.00 0.0003531
-115.00 40.00 -0.0036041
-110.00 40.00 -0.0056576
-105.00 40.00 -0.0048572
-100.00 40.00 -0.0027311
-95.00 40.00 -0.0010085
-90.00 40.00 0.0002713
-85.00 40.00 0.0021422
-80.00 40.00 0.0048388
-75.00 40.00 0.0070287
-70.00 40.00 0.0068916
-65.00 40.00 0.0039484
-60.00 40.00 -0.0001518
-55.00 40.00 -0.0029512
-50.00 40.00 -0.0035309
-45.00 40.00 -0.0032463
-40.00 40.00 -0.0038725
-35.00 40.00 -0.0055017
-30.00 40.00 -0.0067467
-25.00 40.00 -0.0065332
-20.00 40.00 -0.0049911
-15.00 40.00 -0.0029009
-10.00 40.00 -0.0010177
-5.00 40.00 0.0002009
0.00 40.00 0.0008802
5.00 40.00 0.0016879
10.00 40.00 0.0030056
15.00 40.00 0.0043435
20.00 40.00 0.0051027
25.00 40.00 0.0055131
30.00 40.00 0.0059671
35.00 40.00 0.0057865
40.00 40.00 0.0039198
45.00 40.00 0.0009856
50.00 40.00 -0.0007216
55.00 40.00 5.58e-05
60.00 40.00 0.0017984
65.00 40.00 0.0020443
70.00 40.00 0.0003106
75.00 40.00 -0.001715
80.00 40.00 -0.0024639
85.00 40.00 -0.0020126
90.00 40.00 -0.0014242
95.00 40.00 -0.0013877
100.00 40.00 -0.0016727
105.00 40.00 -0.0014714
110.00 40.00 -0.0001984
115.00 40.00 0.0017289
120.00 40.00 0.0029559
125.00 40.00 0.0024015
130.00 40.00 0.0004058
135.00 40.00 -0.0015883
140.00 40.00 -0.0023636
145.00 40.00 -0.0016173
150.00 40.00 0.0003697
155.00 40.00 0.0029748
160.00 40.00 0.0050291
165.00 40.00 0.0051998
170.00 40.00 0.0032172
175.00 40.00 0.0003994
180.00 40.00 -0.0015615
-180.00 45.00 -0.0026143
-175.00 45.00 -0.0019243
-170.00 45.00 -0.0006876
-165.00 45.00 0.0003893
-160.00 45.00 0.0011748
-155.00 45.00 0.0017012
-150.00 45.00 0.0018264
-145.00 45.00 0.0015214
-140.00 45.00 0.0011736
-135.00 45.00 0.0012001
-130.00 45.00 0.0014268
-125.00 45.00 0.0012546
-120.00 45.00 0.0005528
-115.00 45.00 1.65e-05
-110.00 45.00 0.0003188
-105.00 45.00 0.0011227
-100.00 45.00 0.0014036
-95.00 45.00 0.0008492
-90.00 45.00 0.0005684
-85.00 45.00 0.0020301
-80.00 45.00 0.0052379
-75.00 45.00 0.0081497
-70.00 45.00 0.0081934
-65.00 45.00 0.0046216
-60.00 45.00 -0.0005741
-55.00 45.00 -0.0042756
-50.00 45.00 -0.0049473
-45.00 45.00 -0.0037414
-40.00 45.00 -0.0029476
-35.00 45.00 -0.0035996
-30.00 45.00 -0.0047692
-25.00 45.00 -0.00494
-20.00 45.00 -0.0036707
-15.00 45.00 -0.0019076
-10.00 45.00 -0.0009725
-5.00 45.00 -0.0013546
0.00 45.00 -0.0023289
5.00 45.00 -0.0026536
10.00 45.00 -0.0016785
15.00 45.00 0.000206
20.00 45.00 0.0021019
25.00 45.00 0.0032909
30.00 45.00 0.0033107
35.00 45.00 0.0018716
40.00 45.00 -0.0006746
45.00 45.00 -0.0029265
50.00 45.00 -0.0033074
55.00 45.00 -0.0017454
60.00 45.00 -2.12e-05
65.00 45.00 5.33e-05
70.00 45.00 -0.0014125
75.00 45.00 -0.0026929
80.00 45.00 -0.0025576
85.00 45.00 -0.0015501
90.00 45.00 -0.001043
95.00 45.00 -0.001446
100.00 45.00 -0.0017084
105.00 45.00 -0.0005457
110.00 45.00 0.0020417
115.00 45.00 0.0045281
120.00 45.00 0.0051236
125.00 45.00 0.0033401
130.00 45.00 0.0004154
135.00 45.00 -0.0017184
140.00 45.00 -0.0018639
145.00 45.00 -0.0001562
150.00 45.00 0.0023269
155.00 45.00 0.00425
160.00 45.00 0.0045643
165.00 45.00 0.0029968
170.00 45.00 0.0003535
175.00 45.00 -0.0018798
180.00 45.00 -0.0026143
-180.00 50.00 -0.0033743
-175.00 50.00 -0.0014362
-170.00 50.00 0.0001412
-165.00 50.00 0.000884
-160.00 50.00 0.0010547
-155.00 50.00 0.0011253
-150.00 50.00 0.001218
-145.00 50.00 0.0010745
-140.00 50.00 0.0004695
-135.00 50.00 -0.0004278
-130.00 50.00 -0.0010504
-125.00 50.00 -0.0007102
-120.00 50.00 0.00101
-115.00 50.00 0.0038616
-110.00 50.00 0.0067698
-105.00 50.00 0.0082575
-100.00 50.00 0.0074425
-95.00 50.00 0.0048923
-90.00 50.00 0.0024203
-85.00 50.00 0.0017237
-80.00 50.00 0.0029311
-75.00 50.00 0.0044168
-70.00 50.00 0.0042003
-65.00 50.00 0.0017558
-60.00 50.00 -0.0014457
-55.00 50.00 -0.0032351
-50.00 50.00 -0.0026942
-45.00 50.00 -0.0008924
-40.00 50.00 0.000255
-35.00 50.00 -0.0002046
-30.00 50.00 -0.0015674
-25.00 50.00 -0.0024195
-20.00 50.00 -0.0021112
-15.00 50.00 -0.0013019
-10.00 50.00 -0.0011931
-5.00 50.00 -0.0023133
0.00 50.00 -0.0040061
5.00 50.00 -0.0050154
10.00 50.00 -0.0045508
15.00 50.00 -0.0028739
20.00 50.00 -0.0010063
25.00 50.00 2.67e-05
30.00 50.00 -0.0002108
35.00 50.00 -0.0013816
40.00 50.00 -0.0025596
45.00 50.00 -0.0027784
50.00 50.00 -0.0018042
55.00 50.00 -0.0005122
60.00 50.00 -0.0002324
65.00 50.00 -0.0014286
70.00 50.00 -0.0030619
75.00 50.00 -0.0035088
80.00 50.00 -0.0021985
85.00 50.00 -0.0002163
90.00 50.00 0.0008039
95.00 50.00 0.0003106
100.00 50.00 -0.0007144
105.00 50.00 -0.0008573
110.00 50.00 0.0003039
115.00 50.00 0.0018825
120.00 50.00 0.0026636
125.00 50.00 0.0022987
130.00 50.00 0.0015509
135.00 50.00 0.0014723
140.00 50.00 0.0023993
145.00 50.00 0.0036702
150.00 50.00 0.0041757
155.00 50.00 0.0031705
160.00 50.00 0.0007644
165.00 50.00 -0.0021123
170.00 50.00 -0.0041941
175.00 50.00 -0.0045984
180.00 50.00 -0.0033743
-180.00 55.00 -0.0036779
-175.00 55.00 -0.0017605
-170.00 55.00 -0.0005782
-165.00 55.00 -0.0001491
-160.00 55.00 4.46e-05
-155.00 55.00 0.0004593
-150.00 55.00 0.0010057
-145.00 55.00 0.0011023
-140.00 55.00 0.0002272
-135.00 55.00 -0.0014908
-130.00 55.00 -0.0031339
-125.00 55.00 -0.0034615
-120.00 55.00 -0.0017077
-115.00 55.00 0.0018098
-110.00 55.00 0.0057113
-105.00 55.00 0.0082829
-100.00 55.00 0.0084892
-95.00 55.00 0.0065818
-90.00 55.00 0.0038339
-85.00 55.00 0.0015814
-80.00 55.00 0.0003209
-75.00 55.00 -0.0004115
-70.00 55.00 -0.001326
-65.00 55.00 -0.0025208
-60.00 55.00 -0.0033044
-55.00 55.00 -0.0028788
-50.00 55.00 -0.0012244
-45.00 55.00 0.0006969
-40.00 55.00 0.0016573
-35.00 55.00 0.0011463
-30.00 55.00 -0.0002807
-25.00 55.00 -0.0015703
-20.00 55.00 -0.0020816
-15.00 55.00 -0.0020071
-10.00 55.00 -0.0020002
-5.00 55.00 -0.0024483
0.00 55.00 -0.0030973
5.00 55.00 -0.0033347
10.00 55.00 -0.002812
15.00 55.00 -0.0018099
20.00 55.00 -0.0010311
25.00 55.00 -0.001025
30.00 55.00 -0.0017277
35.00 55.00 -0.0024745
40.00 55.00 -0.002483
45.00 55.00 -0.0014849
50.00 55.00 -4.75e-05
55.00 55.00 0.0007432
60.00 55.00 0.0001236
65.00 55.00 -0.0016117
70.00 55.00 -0.0031841
75.00 55.00 -0.0032963
80.00 55.00 -0.001716
85.00 55.00 0.0005009
90.00 55.00 0.0018738
95.00 55.00 0.0016732
100.00 55.00 0.0003841
105.00 55.00 -0.0008431
110.00 55.00 -0.0011347
115.00 55.00 -0.0003791
120.00 55.00 0.0010109
125.00 55.00 0.0026184
130.00 55.00 0.0042456
135.00 55.00 0.0057107
140.00 55.00 0.0065809
145.00 55.00 0.00624
150.00 55.00 0.0043043
155.00 55.00 0.0010377
160.00 55.00 -0.0026042
165.00 55.00 -0.0053821
170.00 55.00 -0.0064023
175.00 55.00 -0.0055861
180.00 55.00 -0.0036779
-180.00 60.00 -0.0031726
-175.00 60.00 -0.0020312
-170.00 60.00 -0.0015124
-165.00 60.00 -0.0013042
-160.00 60.00 -0.0009055
-155.00 60.00 -8e-05
-150.00 60.00 0.0008842
-145.00 60.00 0.0013234
-140.00 60.00 0.0006758
-135.00 60.00 -0.0010394
-130.00 60.00 -0.0030922
-125.00 60.00 -0.0043837
-120.00 60.00 -0.0040658
-115.00 60.00 -0.0020483
-110.00 60.00 0.000927
-105.00 60.00 0.0036909
-100.00 60.00 0.005264
-95.00 60.00 0.0052938
-90.00 60.00 0.0040702
-85.00 60.00 0.0021888
-80.00 60.00 0.0001684
-75.00 60.00 -0.0016957
-70.00 60.00 -0.0032115
-65.00 60.00 -0.0041248
-60.00 60.00 -0.0041505
-55.00 60.00 -0.0032182
-50.00 60.00 -0.0016909
-45.00 60.00 -0.0002916
-40.00 60.00 0.0002835
-35.00 60.00 -0.0002115
-30.00 60.00 -0.0014462
-25.00 60.00 -0.0027765
-20.00 60.00 -0.0036699
-15.00 60.00 -0.003959
-10.00 60.00 -0.0037758
-5.00 60.00 -0.0033076
0.00 60.00 -0.002638
5.00 60.00 -0.001802
10.00 60.00 -0.0009481
15.00 60.00 -0.0003906
20.00 60.00 -0.0004422
25.00 60.00 -0.001145
30.00 60.00 -0.0021342
35.00 60.00 -0.0027981
40.00 60.00 -0.0026681
45.00 60.00 -0.0017772
50.00 60.00 -0.0007016
55.00 60.00 -0.0001986
60.00 60.00 -0.0006585
65.00 60.00 -0.0017702
70.00 60.00 -0.0026895
75.00 60.00 -0.0026259
80.00 60.00 -0.0014135
85.00 60.00 0.0003736
90.00 60.00 0.0018436
95.00 60.00 0.0024005
100.00 60.00 0.0020851
105.00 60.00 0.0014416
110.00 60.00 0.0010932
115.00 60.00 0.001376
120.00 60.00 0.0022365
125.00 60.00 0.003347
130.00 60.00 0.0042668
135.00 60.00 0.0045568
140.00 60.00 0.0038748
145.00 60.00 0.0021085
150.00 60.00 -0.000492
155.00 60.00 -0.0033023
160.00 60.00 -0.0055174
165.00 60.00 -0.0065017
170.00 60.00 -0.0061057
175.00 60.00 -0.0047468
180.00 60.00 -0.0031726
-180.00 65.00 -0.002347
-175.00 65.00 -0.0021355
-170.00 65.00 -0.0024149
-165.00 65.00 -0.0027672
-160.00 65.00 -0.0027698
-155.00 65.00 -0.0022505
-150.00 65.00 -0.0013971
-145.00 65.00 -0.0006477
-140.00 65.00 -0.0004183
-135.00 65.00 -0.0008326
-130.00 65.00 -0.0016173
-125.00 65.00 -0.0022313
-120.00 65.00 -0.002152
-115.00 65.00 -0.001153
-110.00 65.00 0.0005797
-105.00 65.00 0.0025421
-100.00 65.00 0.004145
-95.00 65.00 0.0049476
-90.00 65.00 0.0047839
-85.00 65.00 0.0037571
-80.00 65.00 0.002154
-75.00 65.00 0.0003502
-70.00 65.00 -0.0012679
-65.00 65.00 -0.0023754
-60.00 65.00 -0.0027962
-55.00 65.00 -0.00258
-50.00 65.00 -0.0020118
-45.00 65.00 -0.0015116
-40.00 65.00 -0.0014533
-35.00 65.00 -0.001997
-30.00 65.00 -0.0030303
-25.00 65.00 -0.0042464
-20.00 65.00 -0.0052975
-15.00 65.00 -0.005928
-10.00 65.00 -0.0060291
-5.00 65.00 -0.0056264
0.00 65.00 -0.0048477
5.00 65.00 -0.0038989
10.00 65.00 -0.0030341
15.00 65.00 -0.0024883
20.00 65.00 -0.0023774
25.00 65.00 -0.0026182
30.00 65.00 -0.0029421
35.00 65.00 -0.0030239
40.00 65.00 -0.0026689
45.00 65.00 -0.0019428
50.00 65.00 -0.0011456
55.00 65.00 -0.00063
60.00 65.00 -0.0005708
65.00 65.00 -0.0008389
70.00 65.00 -0.0010723
75.00 65.00 -0.0009008
80.00 65.00 -0.0001742
85.00 65.00 0.0009564
90.00 65.00 0.0021461
95.00 65.00 0.0030601
100.00 65.00 0.0035326
105.00 65.00 0.0035892
110.00 65.00 0.0033532
115.00 65.00 0.0029247
120.00 65.00 0.0023136
125.00 65.00 0.0014524
130.00 65.00 0.0002624
135.00 65.00 -0.001271
140.00 65.00 -0.0030417
145.00 65.00 -0.0048078
150.00 65.00 -0.0062316
155.00 65.00 -0.0069806
160.00 65.00 -0.0068641
165.00 65.00 -0.0059465
170.00 65.00 -0.0045653
175.00 65.00 -0.0032175
180.00 65.00 -0.0023471
-180.00 70.00 -0.0006453
-175.00 70.00 -0.0013824
-170.00 70.00 -0.0025009
-165.00 70.00 -0.0036458
-160.00 70.00 -0.0044783
-155.00 70.00 -0.0047926
-150.00 70.00 -0.0045688
-145.00 70.00 -0.0039433
-140.00 70.00 -0.0031158
-135.00 70.00 -0.0022443
-130.00 70.00 -0.0013803
-125.00 70.00 -0.0004753
-120.00 70.00 0.0005551
-115.00 70.00 0.0017482
-110.00 70.00 0.0030388
-105.00 70.00 0.0042599
-100.00 70.00 0.0051929
-95.00 70.00 0.0056435
-90.00 70.00 0.0055063
-85.00 70.00 0.0047996
-80.00 70.00 0.0036595
-75.00 70.00 0.0023038
-70.00 70.00 0.0009746
-65.00 70.00 -0.000125
-60.00 70.00 -0.0008848
-55.00 70.00 -0.0013154
-50.00 70.00 -0.0015382
-45.00 70.00 -0.001737
-40.00 70.00 -0.0020877
-35.00 70.00 -0.0026934
-30.00 70.00 -0.0035507
-25.00 70.00 -0.0045569
-20.00 70.00 -0.0055497
-15.00 70.00 -0.0063607
-10.00 70.00 -0.006862
-5.00 70.00 -0.0069942
0.00 70.00 -0.006774
5.00 70.00 -0.0062808
10.00 70.00 -0.0056271
15.00 70.00 -0.0049181
20.00 70.00 -0.0042153
25.00 70.00 -0.003519
30.00 70.00 -0.0027841
35.00 70.00 -0.0019634
40.00 70.00 -0.0010571
45.00 70.00 -0.0001377
50.00 70.00 0.0006679
55.00 70.00 0.0012361
60.00 70.00 0.001511
65.00 70.00 0.001539
70.00 70.00 0.0014513
75.00 70.00 0.0014031
80.00 70.00 0.0015037
85.00 70.00 0.0017716
90.00 70.00 0.0021352
95.00 70.00 0.0024683
100.00 70.00 0.0026366
105.00 70.00 0.0025335
110.00 70.00 0.0020968
115.00 70.00 0.001312
120.00 70.00 0.0002135
125.00 70.00 -0.0011122
130.00 70.00 -0.0025248
135.00 70.00 -0.0038379
140.00 70.00 -0.0048435
145.00 70.00 -0.0053544
150.00 70.00 -0.0052583
155.00 70.00 -0.0045667
160.00 70.00 -0.0034393
165.00 70.00 -0.0021651
170.00 70.00 -0.001094
175.00 70.00 -0.0005337
180.00 70.00 -0.0006453
-180.00 75.00 0.0023017
-175.00 75.00 0.0010954
-170.00 75.00 -0.0003445
-165.00 75.00 -0.0018049
-160.00 75.00 -0.0030752
-155.00 75.00 -0.0039891
-150.00 75.00 -0.0044512
-145.00 75.00 -0.004443
-140.00 75.00 -0.00401
-135.00 75.00 -0.0032377
-130.00 75.00 -0.0022278
-125.00 75.00 -0.0010819
-120.00 75.00 0.0001055
-115.00 75.00 0.001246
-110.00 75.00 0.0022553
-105.00 75.00 0.0030538
-100.00 75.00 0.0035747
-95.00 75.00 0.0037753
-90.00 75.00 0.0036487
-85.00 75.00 0.0032292
-80.00 75.00 0.0025886
-75.00 75.00 0.0018227
-70.00 75.00 0.001032
-65.00 75.00 0.0002993
-60.00 75.00 -0.0003258
-55.00 75.00 -0.0008346
-50.00 75.00 -0.0012557
-45.00 75.00 -0.001641
-40.00 75.00 -0.0020468
-35.00 75.00 -0.0025141
-30.00 75.00 -0.0030551
-25.00 75.00 -0.0036477
-20.00 75.00 -0.004241
-15.00 75.00 -0.0047667
-10.00 75.00 -0.005156
-5.00 75.00 -0.0053536
0.00 75.00 -0.0053271
5.00 75.00 -0.0050701
10.00 75.00 -0.0045985
15.00 75.00 -0.0039436
20.00 75.00 -0.0031453
25.00 75.00 -0.0022487
30.00 75.00 -0.0013031
35.00 75.00 -0.0003643
40.00 75.00 0.0005063
45.00 75.00 0.001245
50.00 75.00 0.001795
55.00 75.00 0.0021186
60.00 75.00 0.0022079
65.00 75.00 0.0020888
70.00 75.00 0.0018161
75.00 75.00 0.001461
80.00 75.00 0.0010921
85.00 75.00 0.00076
90.00 75.00 0.0004872
95.00 75.00 0.0002688
100.00 75.00 8.12e-05
105.00 75.00 -0.0001042
110.00 75.00 -0.0003072
115.00 75.00 -0.0005275
120.00 75.00 -0.0007398
125.00 75.00 -0.0008959
130.00 75.00 -0.000933
135.00 75.00 -0.0007873
140.00 75.00 -0.0004141
145.00 75.00 0.0001932
150.00 75.00 0.0009876
155.00 75.00 0.0018645
160.00 75.00 0.0026723
165.00 75.00 0.00324
170.00 75.00 0.0034154
175.00 75.00 0.0031048
180.00 75.00 0.0023017
-180.00 80.00 0.003675
-175.00 80.00 0.0028504
-170.00 80.00 0.001911
-165.00 80.00 0.0009366
-160.00 80.00 8.4e-06
-155.00 80.00 -0.0008013
-150.00 80.00 -0.0014382
-145.00 80.00 -0.0018702
-140.00 80.00 -0.0020891
-135.00 80.00 -0.0021083
-130.00 80.00 -0.001959
-125.00 80.00 -0.0016847
-120.00 80.00 -0.0013351
-115.00 80.00 -0.0009603
-110.00 80.00 -0.0006067
-105.00 80.00 -0.0003127
-100.00 80.00 -0.0001059
-95.00 80.00 -1.1e-06
-90.00 80.00 -5e-07
-85.00 80.00 -9.45e-05
-80.00 80.00 -0.0002646
-75.00 80.00 -0.0004873
-70.00 80.00 -0.0007382
-65.00 80.00 -0.000996
-60.00 80.00 -0.0012454
-55.00 80.00 -0.0014783
-50.00 80.00 -0.0016938
-45.00 80.00 -0.0018956
-40.00 80.00 -0.0020892
-35.00 80.00 -0.0022784
-30.00 80.00 -0.0024632
-25.00 80.00 -0.0026382
-20.00 80.00 -0.0027925
-15.00 80.00 -0.0029109
-10.00 80.00 -0.0029768
-5.00 80.00 -0.0029753
0.00 80.00 -0.0028959
5.00 80.00 -0.0027341
10.00 80.00 -0.0024929
15.00 80.00 -0.0021832
20.00 80.00 -0.0018234
25.00 80.00 -0.0014373
30.00 80.00 -0.0010522
35.00 80.00 -0.0006971
40.00 80.00 -0.0003994
45.00 80.00 -0.0001821
50.00 80.00 -6.1e-05
55.00 80.00 -4.19e-05
60.00 80.00 -0.0001202
65.00 80.00 -0.0002809
70.00 80.00 -0.0004996
75.00 80.00 -0.0007459
80.00 80.00 -0.0009871
85.00 80.00 -0.0011915
90.00 80.00 -0.0013314
95.00 80.00 -0.0013852
100.00 80.00 -0.0013381
105.00 80.00 -0.0011816
110.00 80.00 -0.0009126
115.00 80.00 -0.0005326
120.00 80.00 -4.76e-05
125.00 80.00 0.0005315
130.00 80.00 0.001188
135.00 80.00 0.0018975
140.00 80.00 0.0026267
145.00 80.00 0.0033322
150.00 80.00 0.0039634
155.00 80.00 0.0044656
160.00 80.00 0.0047864
165.00 80.00 0.0048823
170.00 80.00 0.0047267
175.00 80.00 0.0043165
180.00 80.00 0.003675
-180.00 85.00 0.0013002
-175.00 85.00 0.0010899
-170.00 85.00 0.0008398
-165.00 85.00 0.0005634
-160.00 85.00 0.0002741
-155.00 85.00 -1.64e-05
-150.00 85.00 -0.0002984
-145.00 85.00 -0.0005639
-140.00 85.00 -0.0008056
-135.00 85.00 -0.0010184
-130.00 85.00 -0.0011998
-125.00 85.00 -0.0013511
-120.00 85.00 -0.0014765
-115.00 85.00 -0.0015809
-110.00 85.00 -0.0016684
-105.00 85.00 -0.0017424
-100.00 85.00 -0.0018062
-95.00 85.00 -0.0018637
-90.00 85.00 -0.0019192
-85.00 85.00 -0.0019757
-80.00 85.00 -0.0020333
-75.00 85.00 -0.0020906
-70.00 85.00 -0.0021458
-65.00 85.00 -0.0021986
-60.00 85.00 -0.0022497
-55.00 85.00 -0.0022995
-50.00 85.00 -0.0023465
-45.00 85.00 -0.0023883
-40.00 85.00 -0.0024234
-35.00 85.00 -0.0024516
-30.00 85.00 -0.0024742
-25.00 85.00 -0.0024917
-20.00 85.00 -0.0025028
-15.00 85.00 -0.0025049
-10.00 85.00 -0.0024966
-5.00 85.00 -0.0024782
0.00 85.00 -0.0024518
5.00 85.00 -0.0024191
10.00 85.00 -0.0023808
15.00 85.00 -0.002337
20.00 85.00 -0.0022891
25.00 85.00 -0.0022404
30.00 85.00 -0.0021953
35.00 85.00 -0.0021569
40.00 85.00 -0.0021261
45.00 85.00 -0.0021015
50.00 85.00 -0.0020817
55.00 85.00 -0.0020656
60.00 85.00 -0.0020515
65.00 85.00 -0.0020361
70.00 85.00 -0.0020129
75.00 85.00 -0.0019746
80.00 85.00 -0.0019145
85.00 85.00 -0.001828
90.00 85.00 -0.001712
95.00 85.00 -0.001564
100.00 85.00 -0.0013817
105.00 85.00 -0.0011638
110.00 85.00 -0.0009123
115.00 85.00 -0.0006327
120.00 85.00 -0.0003333
125.00 85.00 -2.33e-05
130.00 85.00 0.0002879
135.00 85.00 0.0005904
140.00 85.00 0.0008731
145.00 85.00 0.0011236
150.00 85.00 0.0013295
155.00 85.00 0.0014809
160.00 85.00 0.0015714
165.00 85.00 0.0015979
170.00 85.00 0.0015601
175.00 85.00 0.0014595
180.00 85.00 0.0013002
-180.00 90.00 -0.0017896
-175.00 90.00 -0.0017896
-170.00 90.00 -0.0017896
-165.00 90.00 -0.0017896
-160.00 90.00 -0.0017896
-155.00 90.00 -0.0017896
-150.00 90.00 -0.0017896
-145.00 90.00 -0.0017896
-140.00 90.00 -0.0017896
-135.00 90.00 -0.0017896
-130.00 90.00 -0.0017896
-125.00 90.00 -0.0017896
-120.00 90.00 -0.0017896
-115.00 90.00 -0.0017896
-110.00 90.00 -0.0017896
-105.00 90.00 -0.0017896
-100.00 90.00 -0.0017896
-95.00 90.00 -0.0017896
-90.00 90.00 -0.0017896
-85.00 90.00 -0.0017896
-80.00 90.00 -0.0017896
-75.00 90.00 -0.0017896
-70.00 90.00 -0.0017896
-65.00 90.00 -0.0017896
-60.00 90.00 -0.0017896
-55.00 90.00 -0.0017896
-50.00 90.00 -0.0017896
-45.00 90.00 -0.0017896
-40.00 90.00 -0.0017896
-35.00 90.00 -0.0017896
-30.00 90.00 -0.0017896
-25.00 90.00 -0.0017896
-20.00 90.00 -0.0017896
-15.00 90.00 -0.0017896
-10.00 90.00 -0.0017896
-5.00 90.00 -0.0017896
0.00 90.00 -0.0017896
5.00 90.00 -0.0017896
10.00 90.00 -0.0017896
15.00 90.00 -0.0017896
20.00 90.00 -0.0017896
25.00 90.00 -0.0017896
30.00 90.00 -0.0017896
35.00 90.00 -0.0017896
40.00 90.00 -0.0017896
45.00 90.00 -0.0017896
50.00 90.00 -0.0017896
55.00 90.00 -0.0017896
60.00 90.00 -0.0017896
65.00 90.00 -0.0017896
70.00 90.00 -0.0017896
75.00 90.00 -0.0017896
80.00 90.00 -0.0017896
85.00 90.00 -0.0017896
90.00 90.00 -0.0017896
95.00 90.00 -0.0017896
100.00 90.00 -0.0017896
105.00 90.00 -0.0017896
110.00 90.00 -0.0017896
115.00 90.00 -0.0017896
120.00 90.00 -0.0017896
125.00 90.00 -0.0017896
130.00 90.00 -0.0017896
135.00 90.00 -0.0017896
140.00 90.00 -0.0017896
145.00 90.00 -0.0017896
150.00 90.00 -0.0017896
155.00 90.00 -0.0017896
160.00 90.00 -0.0017896
165.00 90.00 -0.0017896
170.00 90.00 -0.0017896
175.00 90.00 -0.0017896
180.00 90.00 -0.0017896
