-180.00 -90.00 0.00161367
-175.00 -90.00 0.00161373
-170.00 -90.00 0.00161379
-165.00 -90.00 0.00161385
-160.00 -90.00 0.00161391
-155.00 -90.00 0.00161394
-150.00 -90.00 0.001614
-145.00 -90.00 0.00161403
-140.00 -90.00 0.00161406
-135.00 -90.00 0.00161409
-130.00 -90.00 0.00161409
-125.00 -90.00 0.00161409
-120.00 -90.00 0.00161406
-115.00 -90.00 0.00161403
-110.00 -90.00 0.001614
-105.00 -90.00 0.00161397
-100.00 -90.00 0.00161391
-95.00 -90.00 0.00161385
-90.00 -90.00 0.00161382
-85.00 -90.00 0.00161376
-80.00 -90.00 0.0016137
-75.00 -90.00 0.00161364
-70.00 -90.00 0.00161358
-65.00 -90.00 0.00161352
-60.00 -90.00 0.00161349
-55.00 -90.00 0.00161343
-50.00 -90.00 0.00161343
-45.00 -90.00 0.0016134
-40.00 -90.00 0.0016134
-35.00 -90.00 0.0016134
-30.00 -90.00 0.0016134
-25.00 -90.00 0.00161343
-20.00 -90.00 0.00161346
-15.00 -90.00 0.00161352
-10.00 -90.00 0.00161355
-5.00 -90.00 0.00161361
0.00 -90.00 0.00161367
5.00 -90.00 0.00161373
10.00 -90.00 0.00161379
15.00 -90.00 0.00161385
20.00 -90.00 0.00161391
25.00 -90.00 0.00161394
30.00 -90.00 0.001614
35.00 -90.00 0.00161403
40.00 -90.00 0.00161406
45.00 -90.00 0.00161409
50.00 -90.00 0.00161409
55.00 -90.00 0.00161409
60.00 -90.00 0.00161406
65.00 -90.00 0.00161403
70.00 -90.00 0.001614
75.00 -90.00 0.00161397
80.00 -90.00 0.00161391
85.00 -90.00 0.00161385
90.00 -90.00 0.00161382
95.00 -90.00 0.00161376
100.00 -90.00 0.0016137
105.00 -90.00 0.00161364
110.00 -90.00 0.00161358
115.00 -90.00 0.00161352
120.00 -90.00 0.00161349
125.00 -90.00 0.00161343
130.00 -90.00 0.0016134
135.00 -90.00 0.0016134
140.00 -90.00 0.0016134
145.00 -90.00 0.0016134
150.00 -90.00 0.0016134
155.00 -90.00 0.00161343
160.00 -90.00 0.00161346
165.00 -90.00 0.00161352
170.00 -90.00 0.00161355
175.00 -90.00 0.00161361
180.00 -90.00 0.00161367
-180.00 -85.00 0.00072552
-175.00 -85.00 0.00069558
-170.00 -85.00 0.00067248
-165.00 -85.00 0.00065715
-160.00 -85.00 0.00065025
-155.00 -85.00 0.00065226
-150.00 -85.00 0.00066348
-145.00 -85.00 0.00068436
-140.00 -85.00 0.00071523
-135.00 -85.00 0.00075615
-130.00 -85.00 0.00080679
-125.00 -85.00 0.00086643
-120.00 -85.00 0.00093417
-115.00 -85.00 0.00100914
-110.00 -85.00 0.00109035
-105.00 -85.00 0.00117648
-100.00 -85.00 0.001266
-95.00 -85.00 0.00135708
-90.00 -85.00 0.0014481
-85.00 -85.00 0.00153765
-80.00 -85.00 0.00162438
-75.00 -85.00 0.00170694
-70.00 -85.00 0.00178407
-65.00 -85.00 0.0018546
-60.00 -85.00 0.00191784
-55.00 -85.00 0.0019734
-50.00 -85.00 0.00202104
-45.00 -85.00 0.00206073
-40.00 -85.00 0.00209247
-35.00 -85.00 0.00211665
-30.00 -85.00 0.00213381
-25.00 -85.00 0.0021447
-20.00 -85.00 0.00215013
-15.00 -85.00 0.00215088
-10.00 -85.00 0.00214779
-5.00 -85.00 0.00214185
0.00 -85.00 0.0021339
5.00 -85.00 0.00212484
10.00 -85.00 0.0021153
15.00 -85.00 0.00210585
20.00 -85.00 0.00209697
25.00 -85.00 0.0020889
30.00 -85.00 0.00208164
35.00 -85.00 0.00207474
40.00 -85.00 0.00206766
45.00 -85.00 0.00205962
50.00 -85.00 0.00204978
55.00 -85.00 0.00203706
60.00 -85.00 0.00202029
65.00 -85.00 0.0019983
70.00 -85.00 0.00197016
75.00 -85.00 0.00193551
80.00 -85.00 0.00189414
85.00 -85.00 0.00184623
90.00 -85.00 0.00179205
95.00 -85.00 0.00173232
100.00 -85.00 0.00166812
105.00 -85.00 0.0016008
110.00 -85.00 0.00153168
115.00 -85.00 0.00146178
120.00 -85.00 0.00139188
125.00 -85.00 0.0013227
130.00 -85.00 0.0012549
135.00 -85.00 0.00118914
140.00 -85.00 0.00112572
145.00 -85.00 0.00106473
150.00 -85.00 0.00100611
155.00 -85.00 0.00095001
160.00 -85.00 0.00089694
165.00 -85.00 0.00084747
170.00 -85.00 0.00080211
175.00 -85.00 0.00076128
180.00 -85.00 0.00072552
-180.00 -80.00 -0.00037719
-175.00 -80.00 -0.00050274
-170.00 -80.00 -0.00060636
-165.00 -80.00 -0.00068595
-160.00 -80.00 -0.000741
-155.00 -80.00 -0.00077019
-150.00 -80.00 -0.00077223
-145.00 -80.00 -0.0007479
-140.00 -80.00 -0.0006993
-135.00 -80.00 -0.00062664
-130.00 -80.00 -0.00052872
-125.00 -80.00 -0.00040575
-120.00 -80.00 -0.00026034
-115.00 -80.00 -9.492e-05
-110.00 -80.00 8.898e-05
-105.00 -80.00 0.00028803
-100.00 -80.00 0.00049629
-95.00 -80.00 0.00070785
-90.00 -80.00 0.0009192
-85.00 -80.00 0.00112728
-80.00 -80.00 0.00132735
-75.00 -80.00 0.00151467
-70.00 -80.00 0.00168696
-65.00 -80.00 0.00184311
-60.00 -80.00 0.00198063
-55.00 -80.00 0.00209658
-50.00 -80.00 0.00219051
-45.00 -80.00 0.00226458
-40.00 -80.00 0.00232026
-35.00 -80.00 0.00235809
-30.00 -80.00 0.0023799
-25.00 -80.00 0.00238956
-20.00 -80.00 0.00238992
-15.00 -80.00 0.00238137
-10.00 -80.00 0.00236415
-5.00 -80.00 0.00234015
0.00 -80.00 0.00231114
5.00 -80.00 0.00227685
10.00 -80.00 0.00223701
15.00 -80.00 0.00219405
20.00 -80.00 0.00215202
25.00 -80.00 0.00211398
30.00 -80.00 0.00208236
35.00 -80.00 0.00206094
40.00 -80.00 0.0020538
45.00 -80.00 0.00206172
50.00 -80.00 0.00208137
55.00 -80.00 0.00210762
60.00 -80.00 0.00213462
65.00 -80.00 0.00215433
70.00 -80.00 0.00215685
75.00 -80.00 0.00213423
80.00 -80.00 0.00208353
85.00 -80.00 0.00200547
90.00 -80.00 0.00190284
95.00 -80.00 0.00178137
100.00 -80.00 0.00165048
105.00 -80.00 0.00151992
110.00 -80.00 0.00139602
115.00 -80.00 0.00128124
120.00 -80.00 0.00117636
125.00 -80.00 0.00107994
130.00 -80.00 0.00098682
135.00 -80.00 0.0008898
140.00 -80.00 0.00078345
145.00 -80.00 0.00066549
150.00 -80.00 0.00053472
155.00 -80.00 0.00039072
160.00 -80.00 0.00023598
165.00 -80.00 7.623e-05
170.00 -80.00 -8.235e-05
175.00 -80.00 -0.00023505
180.00 -80.00 -0.00037719
-180.00 -75.00 -0.00159099
-175.00 -75.00 -0.00182982
-170.00 -75.00 -0.00200577
-165.00 -75.00 -0.00211548
-160.00 -75.00 -0.00216315
-155.00 -75.00 -0.00216021
-150.00 -75.00 -0.00212181
-145.00 -75.00 -0.0020628
-140.00 -75.00 -0.00199308
-135.00 -75.00 -0.00191382
-130.00 -75.00 -0.00181764
-125.00 -75.00 -0.00169296
-120.00 -75.00 -0.00152958
-115.00 -75.00 -0.00132324
-110.00 -75.00 -0.00107847
-105.00 -75.00 -0.00080793
-100.00 -75.00 -0.00052761
-95.00 -75.00 -0.00025092
-90.00 -75.00 1.452e-05
-85.00 -75.00 0.00026721
-80.00 -75.00 0.00050961
-75.00 -75.00 0.00074424
-70.00 -75.00 0.00096936
-65.00 -75.00 0.00117894
-60.00 -75.00 0.00136542
-55.00 -75.00 0.00152307
-50.00 -75.00 0.00165024
-45.00 -75.00 0.00175101
-40.00 -75.00 0.00183399
-35.00 -75.00 0.00190884
-30.00 -75.00 0.00198345
-25.00 -75.00 0.00206325
-20.00 -75.00 0.00215007
-15.00 -75.00 0.00224169
-10.00 -75.00 0.00233226
-5.00 -75.00 0.00241317
0.00 -75.00 0.00247329
5.00 -75.00 0.00250008
10.00 -75.00 0.00248265
15.00 -75.00 0.00241461
20.00 -75.00 0.00229608
25.00 -75.00 0.00213519
30.00 -75.00 0.00194913
35.00 -75.00 0.00176187
40.00 -75.00 0.00159999
45.00 -75.00 0.00148773
50.00 -75.00 0.00144147
55.00 -75.00 0.00146391
60.00 -75.00 0.00154182
65.00 -75.00 0.00164868
70.00 -75.00 0.00175056
75.00 -75.00 0.00181434
80.00 -75.00 0.00181716
85.00 -75.00 0.00175326
90.00 -75.00 0.00163512
95.00 -75.00 0.0014895
100.00 -75.00 0.00134997
105.00 -75.00 0.00124698
110.00 -75.00 0.00119787
115.00 -75.00 0.00120156
120.00 -75.00 0.00123903
125.00 -75.00 0.00127791
130.00 -75.00 0.00128124
135.00 -75.00 0.00121785
140.00 -75.00 0.00107022
145.00 -75.00 0.000837
150.00 -75.00 0.00053103
155.00 -75.00 0.00017466
160.00 -75.00 -0.000207
165.00 -75.00 -0.00059133
170.00 -75.00 -0.00095991
175.00 -75.00 -0.00129744
180.00 -75.00 -0.00159099
-180.00 -70.00 -0.00226683
-175.00 -70.00 -0.00252636
-170.00 -70.00 -0.00268614
-165.00 -70.00 -0.00272292
-160.00 -70.00 -0.00263946
-155.00 -70.00 -0.00247188
-150.00 -70.00 -0.0022806
-145.00 -70.00 -0.00212883
-140.00 -70.00 -0.002058
-135.00 -70.00 -0.00207105
-130.00 -70.00 -0.00213099
-125.00 -70.00 -0.00217593
-120.00 -70.00 -0.0021447
-115.00 -70.00 -0.00200328
-110.00 -70.00 -0.00175977
-105.00 -70.00 -0.00145974
-100.00 -70.00 -0.00116325
-95.00 -70.00 -0.00091419
-90.00 -70.00 -0.00071853
-85.00 -70.00 -0.0005445
-80.00 -70.00 -0.00034482
-75.00 -70.00 -8.829e-05
-70.00 -70.00 0.000219
-65.00 -70.00 0.00053511
-60.00 -70.00 0.00080517
-55.00 -70.00 0.00099051
-50.00 -70.00 0.00108684
-45.00 -70.00 0.00112158
-40.00 -70.00 0.00113565
-35.00 -70.00 0.00116265
-30.00 -70.00 0.00121848
-25.00 -70.00 0.00130449
-20.00 -70.00 0.0014181
-15.00 -70.00 0.00156012
-10.00 -70.00 0.0017331
-5.00 -70.00 0.00193284
0.00 -70.00 0.00214119
5.00 -70.00 0.00232602
10.00 -70.00 0.00244914
15.00 -70.00 0.00247716
20.00 -70.00 0.00238971
25.00 -70.00 0.00218337
30.00 -70.00 0.00187329
35.00 -70.00 0.00149421
40.00 -70.00 0.00109986
45.00 -70.00 0.00075648
50.00 -70.00 0.00052758
55.00 -70.00 0.00045327
60.00 -70.00 0.0005328
65.00 -70.00 0.00072045
70.00 -70.00 0.00093909
75.00 -70.00 0.00110724
80.00 -70.00 0.00116859
85.00 -70.00 0.00111126
90.00 -70.00 0.00097077
95.00 -70.00 0.000816
100.00 -70.00 0.00072537
105.00 -70.00 0.00076038
110.00 -70.00 0.00094431
115.00 -70.00 0.00125097
120.00 -70.00 0.00160782
125.00 -70.00 0.00191346
130.00 -70.00 0.002067
135.00 -70.00 0.00199956
140.00 -70.00 0.0016968
145.00 -70.00 0.0012018
150.00 -70.00 0.00059664
155.00 -70.00 -2.946e-05
160.00 -70.00 -0.00061041
165.00 -70.00 -0.00111798
170.00 -70.00 -0.00155559
175.00 -70.00 -0.00193749
180.00 -70.00 -0.00226683
-180.00 -65.00 -0.00221376
-175.00 -65.00 -0.00247512
-170.00 -65.00 -0.00263346
-165.00 -65.00 -0.00259872
-160.00 -65.00 -0.00235338
-155.00 -65.00 -0.00196557
-150.00 -65.00 -0.00156018
-145.00 -65.00 -0.00126831
-140.00 -65.00 -0.00117879
-135.00 -65.00 -0.00130749
-130.00 -65.00 -0.0015903
-125.00 -65.00 -0.0019017
-120.00 -65.00 -0.00209886
-115.00 -65.00 -0.00208182
-110.00 -65.00 -0.00184563
-105.00 -65.00 -0.00149085
-100.00 -65.00 -0.00117243
-95.00 -65.00 -0.00100566
-90.00 -65.00 -0.00098577
-85.00 -65.00 -0.00098079
-80.00 -65.00 -0.00081282
-75.00 -65.00 -0.00037809
-70.00 -65.00 0.00027546
-65.00 -65.00 0.00096861
-60.00 -65.00 0.00149463
-55.00 -65.00 0.00173613
-50.00 -65.00 0.00171771
-45.00 -65.00 0.00156663
-40.00 -65.00 0.00141726
-35.00 -65.00 0.00132837
-30.00 -65.00 0.0012675
-25.00 -65.00 0.00116418
-20.00 -65.00 0.00098538
-15.00 -65.00 0.00077358
-10.00 -65.00 0.00062136
-5.00 -65.00 0.00060633
0.00 -65.00 0.00073917
5.00 -65.00 0.00096183
10.00 -65.00 0.00119067
15.00 -65.00 0.00136374
20.00 -65.00 0.00145614
25.00 -65.00 0.00146049
30.00 -65.00 0.00136236
35.00 -65.00 0.00114225
40.00 -65.00 0.00080673
45.00 -65.00 0.00041868
50.00 -65.00 9.021e-05
55.00 -65.00 -6.837e-05
60.00 -65.00 -1.392e-05
65.00 -65.00 0.00019704
70.00 -65.00 0.0004341
75.00 -65.00 0.00056274
80.00 -65.00 0.00051426
85.00 -65.00 0.0003147
90.00 -65.00 6.279e-05
95.00 -65.00 -0.00012123
100.00 -65.00 -0.00014292
105.00 -65.00 4.245e-05
110.00 -65.00 0.00042582
115.00 -65.00 0.00094656
120.00 -65.00 0.00149511
125.00 -65.00 0.00192513
130.00 -65.00 0.00208872
135.00 -65.00 0.00189156
140.00 -65.00 0.0013431
145.00 -65.00 0.00056745
150.00 -65.00 -0.00024237
155.00 -65.00 -0.000909
160.00 -65.00 -0.00134856
165.00 -65.00 -0.00159579
170.00 -65.00 -0.00176268
175.00 -65.00 -0.00195726
180.00 -65.00 -0.00221376
-180.00 -60.00 -0.00281946
-175.00 -60.00 -0.00315666
-170.00 -60.00 -0.00331455
-165.00 -60.00 -0.00318039
-160.00 -60.00 -0.00278682
-155.00 -60.00 -0.00226593
-150.00 -60.00 -0.00175833
-145.00 -60.00 -0.00135444
-140.00 -60.00 -0.00109797
-135.00 -60.00 -0.00101748
-130.00 -60.00 -0.00113013
-125.00 -60.00 -0.00139959
-120.00 -60.00 -0.00169623
-115.00 -60.00 -0.00183141
-110.00 -60.00 -0.00168015
-105.00 -60.00 -0.00130467
-100.00 -60.00 -0.00094806
-95.00 -60.00 -0.00085683
-90.00 -60.00 -0.00105303
-85.00 -60.00 -0.00125802
-80.00 -60.00 -0.00106533
-75.00 -60.00 -0.00024798
-70.00 -60.00 0.0010428
-65.00 -60.00 0.00234963
-60.00 -60.00 0.00319959
-55.00 -60.00 0.00339588
-50.00 -60.00 0.00310803
-45.00 -60.00 0.00271455
-40.00 -60.00 0.00252351
-35.00 -60.00 0.002568
-30.00 -60.00 0.00261234
-25.00 -60.00 0.00235665
-20.00 -60.00 0.0016854
-15.00 -60.00 0.00077217
-10.00 -60.00 -3.849e-05
-5.00 -60.00 -0.00047364
0.00 -60.00 -0.00050382
5.00 -60.00 -0.00031518
10.00 -60.00 -0.00012675
15.00 -60.00 -2.037e-05
20.00 -60.00 7.71e-05
25.00 -60.00 0.00026577
30.00 -60.00 0.00053211
35.00 -60.00 0.00073002
40.00 -60.00 0.00070167
45.00 -60.00 0.00042861
50.00 -60.00 7.476e-05
55.00 -60.00 -0.00012492
60.00 -60.00 -4.449e-05
65.00 -60.00 0.00022986
70.00 -60.00 0.00045819
75.00 -60.00 0.00042135
80.00 -60.00 7.788e-05
85.00 -60.00 -0.00041238
90.00 -60.00 -0.00080454
95.00 -60.00 -0.00092661
100.00 -60.00 -0.00076134
105.00 -60.00 -0.0004092
110.00 -60.00 1.02e-05
115.00 -60.00 0.00042282
120.00 -60.00 0.00078537
125.00 -60.00 0.00102924
130.00 -60.00 0.00103935
135.00 -60.00 0.00070815
140.00 -60.00 2.844e-05
145.00 -60.00 -0.00085398
150.00 -60.00 -0.00168651
155.00 -60.00 -0.00223974
160.00 -60.00 -0.00243957
165.00 -60.00 -0.0024069
170.00 -60.00 -0.00236991
175.00 -60.00 -0.00250509
180.00 -60.00 -0.00281946
-180.00 -55.00 -0.00447696
-175.00 -55.00 -0.00479865
-170.00 -55.00 -0.00471819
-165.00 -55.00 -0.00426348
-160.00 -55.00 -0.00368907
-155.00 -55.00 -0.00325629
-150.00 -55.00 -0.00301584
-145.00 -55.00 -0.00278778
-140.00 -55.00 -0.00235431
-135.00 -55.00 -0.0016974
-130.00 -55.00 -0.00106878
-125.00 -55.00 -0.0008061
-120.00 -55.00 -0.00102522
-115.00 -55.00 -0.00146799
-110.00 -55.00 -0.00169341
-105.00 -55.00 -0.0014835
-100.00 -55.00 -0.00107244
-95.00 -55.00 -0.00092196
-90.00 -55.00 -0.00121521
-85.00 -55.00 -0.00157452
-80.00 -55.00 -0.00132771
-75.00 -55.00 -0.00010623
-70.00 -55.00 0.00177906
-65.00 -55.00 0.00352422
-60.00 -55.00 0.00440142
-55.00 -55.00 0.00423627
-50.00 -55.00 0.00346491
-45.00 -55.00 0.00279423
-40.00 -55.00 0.00272418
-35.00 -55.00 0.00322602
-30.00 -55.00 0.00377193
-25.00 -55.00 0.00372039
-20.00 -55.00 0.00281235
-15.00 -55.00 0.00139866
-10.00 -55.00 0.00018963
-5.00 -55.00 -0.00028443
0.00 -55.00 -4.764e-05
5.00 -55.00 0.00041739
10.00 -55.00 0.00061797
15.00 -55.00 0.00044133
20.00 -55.00 0.00017043
25.00 -55.00 0.00015951
30.00 -55.00 0.00048351
35.00 -55.00 0.00086457
40.00 -55.00 0.00092514
45.00 -55.00 0.00053718
50.00 -55.00 -4.173e-05
55.00 -55.00 -0.00036942
60.00 -55.00 -0.00018852
65.00 -55.00 0.00034932
70.00 -55.00 0.00079176
75.00 -55.00 0.00073584
80.00 -55.00 0.00013683
85.00 -55.00 -0.00066297
90.00 -55.00 -0.00119433
95.00 -55.00 -0.00119406
100.00 -55.00 -0.00075114
105.00 -55.00 -0.00017634
110.00 -55.00 0.00026025
115.00 -55.00 0.00049113
120.00 -55.00 0.00060327
125.00 -55.00 0.00067182
130.00 -55.00 0.00064947
135.00 -55.00 0.00040098
140.00 -55.00 -0.00016764
145.00 -55.00 -0.00100149
150.00 -55.00 -0.00189678
155.00 -55.00 -0.00261624
160.00 -55.00 -0.0030474
165.00 -55.00 -0.00328383
170.00 -55.00 -0.00354405
175.00 -55.00 -0.00397047
180.00 -55.00 -0.00447696
-180.00 -50.00 -0.00456609
-175.00 -50.00 -0.00480414
-170.00 -50.00 -0.00449778
-165.00 -50.00 -0.00377199
-160.00 -50.00 -0.00310953
-155.00 -50.00 -0.00293352
-150.00 -50.00 -0.00322032
-145.00 -50.00 -0.00350481
-140.00 -50.00 -0.0032577
-135.00 -50.00 -0.00232857
-130.00 -50.00 -0.00112923
-125.00 -50.00 -0.00038577
-120.00 -50.00 -0.00056778
-115.00 -50.00 -0.0014349
-110.00 -50.00 -0.00218907
-105.00 -50.00 -0.00220821
-100.00 -50.00 -0.00166047
-95.00 -50.00 -0.00129078
-90.00 -50.00 -0.00153963
-85.00 -50.00 -0.00196059
-80.00 -50.00 -0.00162726
-75.00 -50.00 -0.0001092
-70.00 -50.00 0.00203514
-65.00 -50.00 0.00372234
-60.00 -50.00 0.00420885
-55.00 -50.00 0.00353241
-50.00 -50.00 0.00232473
-45.00 -50.00 0.00136965
-40.00 -50.00 0.00122367
-35.00 -50.00 0.00193656
-30.00 -50.00 0.00295125
-25.00 -50.00 0.00340752
-20.00 -50.00 0.00280563
-15.00 -50.00 0.00148599
-10.00 -50.00 0.00038919
-5.00 -50.00 0.00025431
0.00 -50.00 0.00101649
5.00 -50.00 0.00195036
10.00 -50.00 0.00234375
15.00 -50.00 0.002043
20.00 -50.00 0.00145494
25.00 -50.00 0.00111657
30.00 -50.00 0.00123156
35.00 -50.00 0.00152301
40.00 -50.00 0.0015
45.00 -50.00 0.00092313
50.00 -50.00 6.819e-05
55.00 -50.00 -0.00046935
60.00 -50.00 -0.00027687
65.00 -50.00 0.00050694
70.00 -50.00 0.00127587
75.00 -50.00 0.00141474
80.00 -50.00 0.00075933
85.00 -50.00 -0.00029598
90.00 -50.00 -0.00111312
95.00 -50.00 -0.00128238
100.00 -50.00 -0.00086109
105.00 -50.00 -0.00020865
110.00 -50.00 0.00036981
115.00 -50.00 0.0008112
120.00 -50.00 0.00119469
125.00 -50.00 0.00155169
130.00 -50.00 0.00180372
135.00 -50.00 0.00182499
140.00 -50.00 0.00150549
145.00 -50.00 0.00078789
150.00 -50.00 -0.00026787
155.00 -50.00 -0.00143529
160.00 -50.00 -0.00241824
165.00 -50.00 -0.00307821
170.00 -50.00 -0.00354852
175.00 -50.00 -0.00404814
180.00 -50.00 -0.00456609
-180.00 -45.00 -0.00154548
-175.00 -45.00 -0.00207714
-170.00 -45.00 -0.00225105
-165.00 -45.00 -0.00183795
-160.00 -45.00 -0.00128487
-155.00 -45.00 -0.00117165
-150.00 -45.00 -0.00160818
-145.00 -45.00 -0.00219822
-140.00 -45.00 -0.00243069
-135.00 -45.00 -0.0020622
-130.00 -45.00 -0.00130902
-125.00 -45.00 -0.00078042
-120.00 -45.00 -0.00103389
-115.00 -45.00 -0.00197175
-110.00 -45.00 -0.00277137
-105.00 -45.00 -0.0026826
-100.00 -45.00 -0.00190779
-95.00 -45.00 -0.00141351
-90.00 -45.00 -0.00173511
-85.00 -45.00 -0.00221268
-80.00 -45.00 -0.0016959
-75.00 -45.00 8.418e-05
-70.00 -45.00 0.00215061
-65.00 -45.00 0.00330462
-60.00 -45.00 0.00320802
-55.00 -45.00 0.00233481
-50.00 -45.00 0.00121998
-45.00 -45.00 0.00016014
-40.00 -45.00 -0.00049614
-35.00 -45.00 -0.00032697
-30.00 -45.00 0.00062112
-25.00 -45.00 0.00156687
-20.00 -45.00 0.00165141
-15.00 -45.00 0.00085038
-10.00 -45.00 0
-5.00 -45.00 -9.735e-05
0.00 -45.00 0.00059676
5.00 -45.00 0.00151425
10.00 -45.00 0.00210438
15.00 -45.00 0.0021813
20.00 -45.00 0.00188058
25.00 -45.00 0.00152004
30.00 -45.00 0.00142698
35.00 -45.00 0.00166932
40.00 -45.00 0.00192396
45.00 -45.00 0.00176454
50.00 -45.00 0.00114234
55.00 -45.00 0.00050079
60.00 -45.00 0.0003657
65.00 -45.00 0.00084384
70.00 -45.00 0.00150663
75.00 -45.00 0.00172116
80.00 -45.00 0.00114285
85.00 -45.00 -6.36e-06
90.00 -45.00 -0.00111507
95.00 -45.00 -0.00167982
100.00 -45.00 -0.00163707
105.00 -45.00 -0.00120951
110.00 -45.00 -0.00054324
115.00 -45.00 0.00035652
120.00 -45.00 0.00137985
125.00 -45.00 0.00222969
130.00 -45.00 0.00268791
135.00 -45.00 0.00281505
140.00 -45.00 0.00273051
145.00 -45.00 0.00229569
150.00 -45.00 0.00125865
155.00 -45.00 -0.00023712
160.00 -45.00 -0.00151155
165.00 -45.00 -0.0019359
170.00 -45.00 -0.00161988
175.00 -45.00 -0.0013101
180.00 -45.00 -0.00154548
-180.00 -40.00 0.00169182
-175.00 -40.00 0.00042525
-170.00 -40.00 -0.00077931
-165.00 -40.00 -0.00095316
-160.00 -40.00 -0.00043239
-155.00 -40.00 -6.228e-05
-150.00 -40.00 -0.00016872
-145.00 -40.00 -0.00053667
-140.00 -40.00 -0.00093735
-135.00 -40.00 -0.00128424
-130.00 -40.00 -0.0015138
-125.00 -40.00 -0.00167535
-120.00 -40.00 -0.00198543
-115.00 -40.00 -0.00245622
-110.00 -40.00 -0.00260907
-105.00 -40.00 -0.00199149
-100.00 -40.00 -0.00097986
-95.00 -40.00 -0.00056784
-90.00 -40.00 -0.0010926
-85.00 -40.00 -0.00156426
-80.00 -40.00 -0.00074724
-75.00 -40.00 0.00123759
-70.00 -40.00 0.00293517
-65.00 -40.00 0.00324921
-60.00 -40.00 0.00256197
-55.00 -40.00 0.00187806
-50.00 -40.00 0.0013905
-45.00 -40.00 0.0005466
-40.00 -40.00 -0.00067674
-35.00 -40.00 -0.00137541
-30.00 -40.00 -0.00087327
-25.00 -40.00 0.00027354
-20.00 -40.00 0.00089604
-15.00 -40.00 0.00056067
-10.00 -40.00 -0.00016674
-5.00 -40.00 -0.00063123
0.00 -40.00 -0.0006966
5.00 -40.00 -0.00042234
10.00 -40.00 0.00024159
15.00 -40.00 0.00111498
20.00 -40.00 0.00160839
25.00 -40.00 0.00137298
30.00 -40.00 0.00090294
35.00 -40.00 0.00101778
40.00 -40.00 0.00182115
45.00 -40.00 0.00257334
50.00 -40.00 0.00259323
55.00 -40.00 0.00195447
60.00 -40.00 0.00125466
65.00 -40.00 0.00096312
70.00 -40.00 0.00104991
75.00 -40.00 0.00106884
80.00 -40.00 0.00057786
85.00 -40.00 -0.00039126
90.00 -40.00 -0.00131406
95.00 -40.00 -0.00173385
100.00 -40.00 -0.00170958
105.00 -40.00 -0.00151698
110.00 -40.00 -0.00110001
115.00 -40.00 -0.00020919
120.00 -40.00 0.00096027
125.00 -40.00 0.00174564
130.00 -40.00 0.00182463
135.00 -40.00 0.00166674
140.00 -40.00 0.00182235
145.00 -40.00 0.0019869
150.00 -40.00 0.00128145
155.00 -40.00 -0.00043029
160.00 -40.00 -0.00193521
165.00 -40.00 -0.00180792
170.00 -40.00 -8.979e-05
175.00 -40.00 0.00158043
180.00 -40.00 0.00169185
-180.00 -35.00 0.00246438
-175.00 -35.00 0.00056604
-170.00 -35.00 -0.00129306
-165.00 -35.00 -0.00152247
-160.00 -35.00 -0.00072297
-155.00 -35.00 -0.00030327
-150.00 -35.00 -0.00057837
-145.00 -35.00 -0.00088209
-140.00 -35.00 -0.00087279
-135.00 -35.00 -0.00088152
-130.00 -35.00 -0.00121152
-125.00 -35.00 -0.0017592
-120.00 -35.00 -0.00226329
-115.00 -35.00 -0.00244968
-110.00 -35.00 -0.00199359
-105.00 -35.00 -0.00082569
-100.00 -35.00 0.00045819
-95.00 -35.00 0.00096867
-90.00 -35.00 0.00059625
-85.00 -35.00 0.00038319
-80.00 -35.00 0.00135501
-75.00 -35.00 0.00310941
-70.00 -35.00 0.00414753
-65.00 -35.00 0.00371346
-60.00 -35.00 0.00267822
-55.00 -35.00 0.00222606
-50.00 -35.00 0.00224835
-45.00 -35.00 0.00173904
-40.00 -35.00 0.00049083
-35.00 -35.00 -0.00046473
-30.00 -35.00 -0.0002583
-25.00 -35.00 0.00067221
-20.00 -35.00 0.00124758
-15.00 -35.00 0.00107973
-10.00 -35.00 0.00057243
-5.00 -35.00 9.12e-06
0.00 -35.00 -0.00064968
5.00 -35.00 -0.00104487
10.00 -35.00 -0.00043356
15.00 -35.00 0.00110229
20.00 -35.00 0.00223323
25.00 -35.00 0.00191775
30.00 -35.00 0.00085806
35.00 -35.00 0.00061413
40.00 -35.00 0.00158529
45.00 -35.00 0.00268998
50.00 -35.00 0.00287955
55.00 -35.00 0.00218268
60.00 -35.00 0.00126828
65.00 -35.00 0.00064989
70.00 -35.00 0.00041169
75.00 -35.00 0.00025506
80.00 -35.00 -0.00021492
85.00 -35.00 -0.00093567
90.00 -35.00 -0.00127959
95.00 -35.00 -0.00086454
100.00 -35.00 -0.0001995
105.00 -35.00 2.28e-06
110.00 -35.00 -9.885e-05
115.00 -35.00 0.0002205
120.00 -35.00 0.0009525
125.00 -35.00 0.00121275
130.00 -35.00 0.00062304
135.00 -35.00 7.638e-05
140.00 -35.00 0.00052968
145.00 -35.00 0.00144798
150.00 -35.00 0.00122028
155.00 -35.00 -0.00073983
160.00 -35.00 -0.00284754
165.00 -35.00 -0.0028404
170.00 -35.00 -0.00041367
175.00 -35.00 0.00216462
180.00 -35.00 0.00246438
-180.00 -30.00 0.00258978
-175.00 -30.00 0.00031986
-170.00 -30.00 -0.00188121
-165.00 -30.00 -0.00195138
-160.00 -30.00 -0.00085968
-155.00 -30.00 -0.00079572
-150.00 -30.00 -0.00206118
-145.00 -30.00 -0.00302469
-140.00 -30.00 -0.00255099
-135.00 -30.00 -0.00125949
-130.00 -30.00 -0.00050043
-125.00 -30.00 -0.00090537
-120.00 -30.00 -0.00198162
-115.00 -30.00 -0.00265863
-110.00 -30.00 -0.0021741
-105.00 -30.00 -0.00066918
-100.00 -30.00 0.00098766
-95.00 -30.00 0.00198186
-90.00 -30.00 0.00221973
-85.00 -30.00 0.0023037
-80.00 -30.00 0.0028155
-75.00 -30.00 0.00359442
-70.00 -30.00 0.00392049
-65.00 -30.00 0.00349095
-60.00 -30.00 0.00284202
-55.00 -30.00 0.00256203
-50.00 -30.00 0.00250506
-45.00 -30.00 0.00217947
-40.00 -30.00 0.00159003
-35.00 -30.00 0.00122982
-30.00 -30.00 0.00136356
-25.00 -30.00 0.00170493
-20.00 -30.00 0.00185037
-15.00 -30.00 0.00177426
-10.00 -30.00 0.0016704
-5.00 -30.00 0.00143598
0.00 -30.00 0.00081597
5.00 -30.00 0.00020661
10.00 -30.00 0.00057372
15.00 -30.00 0.0019983
20.00 -30.00 0.00306324
25.00 -30.00 0.00260403
30.00 -30.00 0.00141576
35.00 -30.00 0.00110478
40.00 -30.00 0.00179595
45.00 -30.00 0.00224091
50.00 -30.00 0.00181653
55.00 -30.00 0.0011139
60.00 -30.00 0.00071604
65.00 -30.00 0.00055491
70.00 -30.00 0.00042747
75.00 -30.00 0.00022029
80.00 -30.00 -0.0002634
85.00 -30.00 -0.0009207
90.00 -30.00 -0.00105573
95.00 -30.00 -0.00027303
100.00 -30.00 0.00066219
105.00 -30.00 0.00075852
110.00 -30.00 0.00030414
115.00 -30.00 0.00040836
120.00 -30.00 0.00117678
125.00 -30.00 0.00149877
130.00 -30.00 0.00085764
135.00 -30.00 0.00028095
140.00 -30.00 0.00089625
145.00 -30.00 0.00218886
150.00 -30.00 0.00241242
155.00 -30.00 0.0006843
160.00 -30.00 -0.00168948
165.00 -30.00 -0.00229638
170.00 -30.00 -0.00028443
175.00 -30.00 0.00230019
180.00 -30.00 0.00258978
-180.00 -25.00 0.00397623
-175.00 -25.00 0.00132147
-170.00 -25.00 -0.00176904
-165.00 -25.00 -0.00248304
-160.00 -25.00 -0.00137355
-155.00 -25.00 -0.00117054
-150.00 -25.00 -0.00278172
-145.00 -25.00 -0.00435168
-140.00 -25.00 -0.00398685
-135.00 -25.00 -0.00198666
-130.00 -25.00 -0.00029292
-125.00 -25.00 -0.00042747
-120.00 -25.00 -0.00203544
-115.00 -25.00 -0.00331836
-110.00 -25.00 -0.00293922
-105.00 -25.00 -0.0012246
-100.00 -25.00 0.00063906
-95.00 -25.00 0.00193395
-90.00 -25.00 0.00254865
-85.00 -25.00 0.00251808
-80.00 -25.00 0.00204717
-75.00 -25.00 0.00160911
-70.00 -25.00 0.00159309
-65.00 -25.00 0.0019626
-60.00 -25.00 0.00231378
-55.00 -25.00 0.00224073
-50.00 -25.00 0.00182736
-45.00 -25.00 0.00167601
-40.00 -25.00 0.00208521
-35.00 -25.00 0.0025035
-30.00 -25.00 0.00235956
-25.00 -25.00 0.00197118
-20.00 -25.00 0.00192921
-15.00 -25.00 0.00213711
-10.00 -25.00 0.00218337
-5.00 -25.00 0.00205731
0.00 -25.00 0.00190884
5.00 -25.00 0.00177942
10.00 -25.00 0.00188919
15.00 -25.00 0.00235938
20.00 -25.00 0.00263409
25.00 -25.00 0.00222111
30.00 -25.00 0.00175296
35.00 -25.00 0.00202842
40.00 -25.00 0.00243891
45.00 -25.00 0.00187371
50.00 -25.00 0.00072042
55.00 -25.00 0.00030921
60.00 -25.00 0.00076272
65.00 -25.00 0.00102297
70.00 -25.00 0.00068505
75.00 -25.00 0.00027753
80.00 -25.00 -6.69e-06
85.00 -25.00 -0.00045633
90.00 -25.00 -0.00093024
95.00 -25.00 -0.00104076
100.00 -25.00 -0.00104574
105.00 -25.00 -0.00140637
110.00 -25.00 -0.00165066
115.00 -25.00 -0.00086337
120.00 -25.00 0.0007389
125.00 -25.00 0.00187083
130.00 -25.00 0.00193605
135.00 -25.00 0.00171489
140.00 -25.00 0.00209718
145.00 -25.00 0.00294963
150.00 -25.00 0.00341997
155.00 -25.00 0.00283554
160.00 -25.00 0.00144738
165.00 -25.00 0.00065043
170.00 -25.00 0.00172518
175.00 -25.00 0.00375255
180.00 -25.00 0.00397623
-180.00 -20.00 0.00440529
-175.00 -20.00 0.00174654
-170.00 -20.00 -0.00221517
-165.00 -20.00 -0.00395328
-160.00 -20.00 -0.00287814
-155.00 -20.00 -0.00160575
-150.00 -20.00 -0.00199806
-145.00 -20.00 -0.00318981
-140.00 -20.00 -0.00339525
-135.00 -20.00 -0.00215088
-130.00 -20.00 -0.00069156
-125.00 -20.00 -0.00059817
-120.00 -20.00 -0.00194199
-115.00 -20.00 -0.00306249
-110.00 -20.00 -0.00261645
-105.00 -20.00 -0.0010755
-100.00 -20.00 0.00038865
-95.00 -20.00 0.00136275
-90.00 -20.00 0.00180918
-85.00 -20.00 0.00147009
-80.00 -20.00 0.00048906
-75.00 -20.00 -0.0002814
-70.00 -20.00 -0.00016305
-65.00 -20.00 0.00065583
-60.00 -20.00 0.00137823
-55.00 -20.00 0.00135834
-50.00 -20.00 0.00093402
-45.00 -20.00 0.00124758
-40.00 -20.00 0.00251139
-35.00 -20.00 0.00325914
-30.00 -20.00 0.00254016
-25.00 -20.00 0.00160824
-20.00 -20.00 0.00178851
-15.00 -20.00 0.00224184
-10.00 -20.00 0.00180609
-5.00 -20.00 0.00132147
0.00 -20.00 0.00200232
5.00 -20.00 0.00314052
10.00 -20.00 0.00336318
15.00 -20.00 0.00269385
20.00 -20.00 0.00195621
25.00 -20.00 0.00159774
30.00 -20.00 0.00189318
35.00 -20.00 0.00273459
40.00 -20.00 0.00297594
45.00 -20.00 0.00172641
50.00 -20.00 0.00013491
55.00 -20.00 -2.19e-06
60.00 -20.00 0.00097575
65.00 -20.00 0.0012012
70.00 -20.00 0.00026622
75.00 -20.00 -0.0004329
80.00 -20.00 -0.00017883
85.00 -20.00 8.124e-05
90.00 -20.00 -0.00060846
95.00 -20.00 -0.0019653
100.00 -20.00 -0.00313119
105.00 -20.00 -0.00355443
110.00 -20.00 -0.00298236
115.00 -20.00 -0.00144348
120.00 -20.00 0.00045843
125.00 -20.00 0.00187227
130.00 -20.00 0.00252018
135.00 -20.00 0.00270036
140.00 -20.00 0.00264225
145.00 -20.00 0.00256152
150.00 -20.00 0.0029181
155.00 -20.00 0.00363021
160.00 -20.00 0.00371898
165.00 -20.00 0.00297789
170.00 -20.00 0.00288174
175.00 -20.00 0.00408348
180.00 -20.00 0.00440529
-180.00 -15.00 0.00188772
-175.00 -15.00 0.00023394
-170.00 -15.00 -0.00295833
-165.00 -15.00 -0.00455589
-160.00 -15.00 -0.00347643
-155.00 -15.00 -0.00165078
-150.00 -15.00 -0.00088809
-145.00 -15.00 -0.0011601
-140.00 -15.00 -0.00156651
-135.00 -15.00 -0.00141108
-130.00 -15.00 -0.00073788
-125.00 -15.00 -0.00036933
-120.00 -15.00 -0.00078936
-115.00 -15.00 -0.00129777
-110.00 -15.00 -0.00112416
-105.00 -15.00 -0.00051657
-100.00 -15.00 8.46e-05
-95.00 -15.00 0.00069384
-90.00 -15.00 0.00105384
-85.00 -15.00 0.00077508
-80.00 -15.00 0.00036306
-75.00 -15.00 0.00055461
-70.00 -15.00 0.00098034
-65.00 -15.00 0.0009279
-60.00 -15.00 0.00058968
-55.00 -15.00 0.00043635
-50.00 -15.00 0.00062073
-45.00 -15.00 0.00149391
-40.00 -15.00 0.00297075
-35.00 -15.00 0.00363996
-30.00 -15.00 0.0026958
-25.00 -15.00 0.00172866
-20.00 -15.00 0.00208812
-15.00 -15.00 0.00232968
-10.00 -15.00 0.00116058
-5.00 -15.00 0.00045018
0.00 -15.00 0.00208854
5.00 -15.00 0.00440982
10.00 -15.00 0.00482529
15.00 -15.00 0.00357168
20.00 -15.00 0.00236757
25.00 -15.00 0.00179838
30.00 -15.00 0.00183447
35.00 -15.00 0.0024879
40.00 -15.00 0.00279612
45.00 -15.00 0.00154614
50.00 -15.00 -0.00042771
55.00 -15.00 -0.00102165
60.00 -15.00 -9.846e-05
65.00 -15.00 0.00038448
70.00 -15.00 -0.00040488
75.00 -15.00 -0.00104862
80.00 -15.00 -0.00042612
85.00 -15.00 0.00041784
90.00 -15.00 -0.00012639
95.00 -15.00 -0.00181179
100.00 -15.00 -0.00283014
105.00 -15.00 -0.00216465
110.00 -15.00 -0.00058407
115.00 -15.00 0.00071811
120.00 -15.00 0.00146673
125.00 -15.00 0.00203994
130.00 -15.00 0.00263952
135.00 -15.00 0.00302781
140.00 -15.00 0.00285756
145.00 -15.00 0.00238845
150.00 -15.00 0.00259464
155.00 -15.00 0.00368799
160.00 -15.00 0.00414387
165.00 -15.00 0.00283845
170.00 -15.00 0.00129084
175.00 -15.00 0.00138894
180.00 -15.00 0.00188772
-180.00 -10.00 -0.0012084
-175.00 -10.00 -0.00148818
-170.00 -10.00 -0.00251433
-165.00 -10.00 -0.00274665
-160.00 -10.00 -0.00199962
-155.00 -10.00 -0.00142656
-150.00 -10.00 -0.00126159
-145.00 -10.00 -0.00095472
-140.00 -10.00 -0.00058128
-135.00 -10.00 -0.00040146
-130.00 -10.00 -0.00016392
-125.00 -10.00 0.00019788
-120.00 -10.00 0.000342
-115.00 -10.00 0.00016968
-110.00 -10.00 -0.00023109
-105.00 -10.00 -0.00070803
-100.00 -10.00 -0.0006591
-95.00 -10.00 0.00018531
-90.00 -10.00 0.00081537
-85.00 -10.00 0.0006171
-80.00 -10.00 0.00088662
-75.00 -10.00 0.00232383
-70.00 -10.00 0.00297993
-65.00 -10.00 0.00146346
-60.00 -10.00 -0.00029346
-55.00 -10.00 -0.00016956
-50.00 -10.00 0.0010833
-45.00 -10.00 0.00206244
-40.00 -10.00 0.00281952
-35.00 -10.00 0.0033129
-30.00 -10.00 0.00302499
-25.00 -10.00 0.00259971
-20.00 -10.00 0.00277368
-15.00 -10.00 0.00251697
-10.00 -10.00 0.00128169
-5.00 -10.00 0.00103185
0.00 -10.00 0.00293064
5.00 -10.00 0.00479802
10.00 -10.00 0.0046854
15.00 -10.00 0.00371088
20.00 -10.00 0.00308748
25.00 -10.00 0.00206589
30.00 -10.00 0.00066198
35.00 -10.00 0.00054003
40.00 -10.00 0.00163854
45.00 -10.00 0.00154581
50.00 -10.00 -0.00052791
55.00 -10.00 -0.00232104
60.00 -10.00 -0.00207096
65.00 -10.00 -0.00087528
70.00 -10.00 -0.00048669
75.00 -10.00 -0.00073641
80.00 -10.00 -0.00048195
85.00 -10.00 5.289e-05
90.00 -10.00 -0.00035199
95.00 -10.00 -0.00139137
100.00 -10.00 -0.00109668
105.00 -10.00 0.00109935
110.00 -10.00 0.00315639
115.00 -10.00 0.00338055
120.00 -10.00 0.00262515
125.00 -10.00 0.00239313
130.00 -10.00 0.00270288
135.00 -10.00 0.00292887
140.00 -10.00 0.00306894
145.00 -10.00 0.00340941
150.00 -10.00 0.00403485
155.00 -10.00 0.00461919
160.00 -10.00 0.00414162
165.00 -10.00 0.00194145
170.00 -10.00 -0.00063354
175.00 -10.00 -0.00156888
180.00 -10.00 -0.0012084
-180.00 -5.00 -0.0020295
-175.00 -5.00 -0.00183048
-170.00 -5.00 -0.001431
-165.00 -5.00 -0.00067374
-160.00 -5.00 -0.00051519
-155.00 -5.00 -0.00164982
-150.00 -5.00 -0.00272655
-145.00 -5.00 -0.00219336
-140.00 -5.00 -0.00067494
-135.00 -5.00 0.00026964
-130.00 -5.00 0.00030177
-125.00 -5.00 2.547e-05
-120.00 -5.00 -0.00010803
-115.00 -5.00 -0.00011433
-110.00 -5.00 -0.00041679
-105.00 -5.00 -0.00101637
-100.00 -5.00 -0.00085572
-95.00 -5.00 0.00042495
-90.00 -5.00 0.00111993
-85.00 -5.00 0.00033699
-80.00 -5.00 0.00020343
-75.00 -5.00 0.00192918
-70.00 -5.00 0.00272859
-65.00 -5.00 0.00062037
-60.00 -5.00 -0.00142905
-55.00 -5.00 -0.00037827
-50.00 -5.00 0.0019062
-45.00 -5.00 0.00247989
-40.00 -5.00 0.00200529
-35.00 -5.00 0.00228648
-30.00 -5.00 0.00298836
-25.00 -5.00 0.00318054
-20.00 -5.00 0.00294762
-15.00 -5.00 0.00252837
-10.00 -5.00 0.00233835
-5.00 -5.00 0.00313938
0.00 -5.00 0.00429891
5.00 -5.00 0.00406833
10.00 -5.00 0.00288486
15.00 -5.00 0.00293265
20.00 -5.00 0.00362973
25.00 -5.00 0.00208179
30.00 -5.00 -0.00126084
35.00 -5.00 -0.00238731
40.00 -5.00 -0.00011721
45.00 -5.00 0.00189906
50.00 -5.00 0.00072993
55.00 -5.00 -0.00199002
60.00 -5.00 -0.00305136
65.00 -5.00 -0.00194205
70.00 -5.00 -0.0006531
75.00 -5.00 -0.00050535
80.00 -5.00 -0.00085761
85.00 -5.00 -0.00093516
90.00 -5.00 -0.00105816
95.00 -5.00 -0.00107775
100.00 -5.00 0.00029955
105.00 -5.00 0.00297081
110.00 -5.00 0.00454074
115.00 -5.00 0.00383349
120.00 -5.00 0.00268221
125.00 -5.00 0.00254163
130.00 -5.00 0.00245697
135.00 -5.00 0.00192045
140.00 -5.00 0.00230106
145.00 -5.00 0.00402027
150.00 -5.00 0.00540153
155.00 -5.00 0.00516987
160.00 -5.00 0.00361029
165.00 -5.00 0.00137718
170.00 -5.00 -0.00078147
175.00 -5.00 -0.00193386
180.00 -5.00 -0.0020295
-180.00 0.00 -0.00125994
-175.00 0.00 -0.00147168
-170.00 0.00 -0.00124002
-165.00 0.00 -0.00058035
-160.00 0.00 -0.00048369
-155.00 0.00 -0.0015864
-150.00 0.00 -0.0026418
-145.00 0.00 -0.0021522
-140.00 0.00 -0.00060528
-135.00 0.00 0.00042165
-130.00 0.00 0.00026451
-125.00 0.00 -0.00059181
-120.00 0.00 -0.00120804
-115.00 0.00 -0.00102258
-110.00 0.00 -0.00058185
-105.00 0.00 -0.00054834
-100.00 0.00 -0.00018405
-95.00 0.00 0.00109077
-90.00 0.00 0.00164676
-85.00 0.00 0.00031356
-80.00 0.00 -0.0007356
-75.00 0.00 0.00032655
-70.00 0.00 0.00115269
-65.00 0.00 -0.00045069
-60.00 0.00 -0.00187662
-55.00 0.00 -0.00022626
-50.00 0.00 0.00236223
-45.00 0.00 0.0025926
-40.00 0.00 0.00141738
-35.00 0.00 0.00144729
-30.00 0.00 0.00244506
-25.00 0.00 0.00269598
-20.00 0.00 0.00215859
-15.00 0.00 0.00214302
-10.00 0.00 0.00344211
-5.00 0.00 0.00526977
0.00 0.00 0.00554613
5.00 0.00 0.00352128
10.00 0.00 0.00181434
15.00 0.00 0.00295677
20.00 0.00 0.00468225
25.00 0.00 0.0028176
30.00 0.00 -0.00181788
35.00 0.00 -0.00405675
40.00 0.00 -0.00172851
45.00 0.00 0.00175869
50.00 0.00 0.00235947
55.00 0.00 -7.548e-05
60.00 0.00 -0.00261669
65.00 0.00 -0.00298692
70.00 0.00 -0.00179499
75.00 0.00 -0.00106494
80.00 0.00 -0.00129027
85.00 0.00 -0.00134277
90.00 0.00 -0.00069588
95.00 0.00 0.00035199
100.00 0.00 0.00189252
105.00 0.00 0.00362136
110.00 0.00 0.00419352
115.00 0.00 0.0034113
120.00 0.00 0.00288732
125.00 0.00 0.00292116
130.00 0.00 0.00194454
135.00 0.00 0.00035454
140.00 0.00 0.00075729
145.00 0.00 0.00320019
150.00 0.00 0.00450651
155.00 0.00 0.00323907
160.00 0.00 0.00128586
165.00 0.00 0.0002238
170.00 0.00 -0.00031764
175.00 0.00 -0.00084132
180.00 0.00 -0.00125994
-180.00 5.00 -0.00080748
-175.00 5.00 -0.0013734
-170.00 5.00 -0.00164508
-165.00 5.00 -0.00129294
-160.00 5.00 -0.00057597
-155.00 5.00 -0.00025533
-150.00 5.00 -0.00044826
-145.00 5.00 -0.00065889
-140.00 5.00 -0.00064674
-135.00 5.00 -0.00045987
-130.00 5.00 -0.00030459
-125.00 5.00 -0.00057066
-120.00 5.00 -0.00111441
-115.00 5.00 -0.00114843
-110.00 5.00 -0.00066903
-105.00 5.00 -0.00048747
-100.00 5.00 -0.00033483
-95.00 5.00 0.00066096
-90.00 5.00 0.0015828
-85.00 5.00 0.00097764
-80.00 5.00 -5.271e-05
-75.00 5.00 0.00031662
-70.00 5.00 0.00098505
-65.00 5.00 0.00012177
-60.00 5.00 -0.00089748
-55.00 5.00 8.823e-05
-50.00 5.00 0.00189066
-45.00 5.00 0.00216426
-40.00 5.00 0.00139413
-35.00 5.00 0.00136293
-30.00 5.00 0.00190062
-25.00 5.00 0.00185049
-20.00 5.00 0.00150354
-15.00 5.00 0.00219171
-10.00 5.00 0.00428175
-5.00 5.00 0.00627153
0.00 5.00 0.00605025
5.00 5.00 0.00372117
10.00 5.00 0.00226932
15.00 5.00 0.00359196
20.00 5.00 0.00521949
25.00 5.00 0.00362682
30.00 5.00 -0.00056784
35.00 5.00 -0.00344874
40.00 5.00 -0.00268401
45.00 5.00 0.00041769
50.00 5.00 0.00258936
55.00 5.00 0.00149484
60.00 5.00 -0.00183321
65.00 5.00 -0.00381813
70.00 5.00 -0.00282825
75.00 5.00 -0.00110109
80.00 5.00 -0.00076851
85.00 5.00 -0.00076104
90.00 5.00 0.0005262
95.00 5.00 0.00243708
100.00 5.00 0.00361812
105.00 5.00 0.00391998
110.00 5.00 0.00384615
115.00 5.00 0.00389661
120.00 5.00 0.00419214
125.00 5.00 0.0037308
130.00 5.00 0.00169197
135.00 5.00 -0.00015207
140.00 5.00 0.00061989
145.00 5.00 0.00269937
150.00 5.00 0.00255135
155.00 5.00 7.434e-05
160.00 5.00 -0.00150957
165.00 5.00 -0.00096201
170.00 5.00 -0.00010269
175.00 5.00 -0.0002046
180.00 5.00 -0.00080748
-180.00 10.00 -0.00102324
-175.00 10.00 -0.00158124
-170.00 10.00 -0.0017367
-165.00 10.00 -0.00133485
-160.00 10.00 -0.00030768
-155.00 10.00 0.00067104
-150.00 10.00 0.0007371
-145.00 10.00 -0.00035529
-140.00 10.00 -0.001884
-135.00 10.00 -0.00247425
-130.00 10.00 -0.00157368
-125.00 10.00 -0.0004116
-120.00 10.00 -0.00032298
-115.00 10.00 -0.00090921
-110.00 10.00 -0.00123426
-105.00 10.00 -0.00140481
-100.00 10.00 -0.00147969
-95.00 10.00 -0.0007275
-90.00 10.00 0.00067932
-85.00 10.00 0.00140955
-80.00 10.00 0.00128817
-75.00 10.00 0.0014541
-70.00 10.00 0.00191799
-65.00 10.00 0.00159018
-60.00 10.00 0.00063822
-55.00 10.00 0.0002805
-50.00 10.00 0.00064323
-45.00 10.00 0.00094686
-40.00 10.00 0.00107571
-35.00 10.00 0.00131478
-30.00 10.00 0.00148371
-25.00 10.00 0.00152376
-20.00 10.00 0.00204072
-15.00 10.00 0.00349311
-10.00 10.00 0.00533952
-5.00 10.00 0.0062622
0.00 10.00 0.0053454
5.00 10.00 0.0033618
10.00 10.00 0.00229425
15.00 10.00 0.00287475
20.00 10.00 0.00357276
25.00 10.00 0.00273816
30.00 10.00 0.00046806
35.00 10.00 -0.00193641
40.00 10.00 -0.00280434
45.00 10.00 -0.00100122
50.00 10.00 0.00194931
55.00 10.00 0.00227196
60.00 10.00 -0.00092859
65.00 10.00 -0.00349455
70.00 10.00 -0.00224868
75.00 10.00 0.00020325
80.00 10.00 0.00031716
85.00 10.00 -0.00057732
90.00 10.00 0.00055293
95.00 10.00 0.00292659
100.00 10.00 0.00372858
105.00 10.00 0.00288141
110.00 10.00 0.00262674
115.00 10.00 0.00379245
120.00 10.00 0.00474639
125.00 10.00 0.00375345
130.00 10.00 0.00155238
135.00 10.00 0.0008703
140.00 10.00 0.00258243
145.00 10.00 0.00374982
150.00 10.00 0.00170376
155.00 10.00 -0.00158355
160.00 10.00 -0.00236478
165.00 10.00 -0.00067023
170.00 10.00 0.00050253
175.00 10.00 -3.024e-05
180.00 10.00 -0.00102321
-180.00 15.00 -0.00151995
-175.00 15.00 -0.00189465
-170.00 15.00 -0.00172956
-165.00 15.00 -0.00140337
-160.00 15.00 -0.00106368
-155.00 15.00 -0.00082209
-150.00 15.00 -0.00087003
-145.00 15.00 -0.00159417
-140.00 15.00 -0.00298923
-135.00 15.00 -0.00386832
-130.00 15.00 -0.00302346
-125.00 15.00 -0.00124719
-120.00 15.00 -0.00045669
-115.00 15.00 -0.00092565
-110.00 15.00 -0.00132507
-105.00 15.00 -0.00111762
-100.00 15.00 -0.00084792
-95.00 15.00 -0.00057198
-90.00 15.00 7.701e-05
-85.00 15.00 0.00081846
-80.00 15.00 0.00120771
-75.00 15.00 0.00148422
-70.00 15.00 0.00189333
-65.00 15.00 0.0019866
-60.00 15.00 0.00133404
-55.00 15.00 0.00025167
-50.00 15.00 -0.00054597
-45.00 15.00 -0.00059328
-40.00 15.00 -2.007e-05
-35.00 15.00 0.00054396
-30.00 15.00 0.00074451
-25.00 15.00 0.00115296
-20.00 15.00 0.00255705
-15.00 15.00 0.00465045
-10.00 15.00 0.00601185
-5.00 15.00 0.00550296
0.00 15.00 0.00350763
5.00 15.00 0.00165432
10.00 15.00 0.00110481
15.00 15.00 0.00138621
20.00 15.00 0.00144657
25.00 15.00 0.00110613
30.00 15.00 0.00042966
35.00 15.00 -0.00092115
40.00 15.00 -0.00207675
45.00 15.00 -0.00089265
50.00 15.00 0.00218871
55.00 15.00 0.00316287
60.00 15.00 0.00039462
65.00 15.00 -0.00206223
70.00 15.00 -0.00079878
75.00 15.00 0.00136812
80.00 15.00 0.00060588
85.00 15.00 -0.00125745
90.00 15.00 -0.00037767
95.00 15.00 0.0022485
100.00 15.00 0.00281454
105.00 15.00 0.00119682
110.00 15.00 0.0006411
115.00 15.00 0.00218898
120.00 15.00 0.00335592
125.00 15.00 0.00238986
130.00 15.00 0.00106272
135.00 15.00 0.00197304
140.00 15.00 0.00434898
145.00 15.00 0.00464025
150.00 15.00 0.00158799
155.00 15.00 -0.00165192
160.00 15.00 -0.0018855
165.00 15.00 -0.00011649
170.00 15.00 0.00062691
175.00 15.00 -0.00035481
180.00 15.00 -0.00151995
-180.00 20.00 -0.00191694
-175.00 20.00 -0.00187428
-170.00 20.00 -0.00167106
-165.00 20.00 -0.0018009
-160.00 20.00 -0.0024732
-155.00 20.00 -0.00305472
-150.00 20.00 -0.00266352
-145.00 20.00 -0.001779
-140.00 20.00 -0.00191877
-135.00 20.00 -0.00313113
-130.00 20.00 -0.00361935
-125.00 20.00 -0.00257931
-120.00 20.00 -0.00133464
-115.00 20.00 -0.00083232
-110.00 20.00 -0.00020994
-105.00 20.00 0.00115014
-100.00 20.00 0.00217047
-95.00 20.00 0.00180018
-90.00 20.00 0.00065058
-85.00 20.00 -3.642e-05
-80.00 20.00 4.83e-05
-75.00 20.00 0.00044319
-70.00 20.00 0.00081051
-65.00 20.00 0.00102459
-60.00 20.00 0.00082449
-55.00 20.00 1.116e-05
-50.00 20.00 -0.00101499
-45.00 20.00 -0.0014175
-40.00 20.00 -0.00092523
-35.00 20.00 -0.00027651
-30.00 20.00 -0.00015672
-25.00 20.00 -1.782e-05
-20.00 20.00 0.0012768
-15.00 20.00 0.00360489
-10.00 20.00 0.00513501
-5.00 20.00 0.00426441
0.00 20.00 0.00173196
5.00 20.00 -2.1e-07
10.00 20.00 0.00031992
15.00 20.00 0.00141348
20.00 20.00 0.00165339
25.00 20.00 0.00115551
30.00 20.00 0.00060534
35.00 20.00 -0.00015645
40.00 20.00 -0.00072327
45.00 20.00 0.00044676
50.00 20.00 0.00300204
55.00 20.00 0.00373899
60.00 20.00 0.00134409
65.00 20.00 -0.00089247
70.00 20.00 -0.00019542
75.00 20.00 0.00121062
80.00 20.00 0.00039315
85.00 20.00 -0.00093222
90.00 20.00 0.00033792
95.00 20.00 0.00293895
100.00 20.00 0.00331554
105.00 20.00 0.00149376
110.00 20.00 0.00058353
115.00 20.00 0.00151929
120.00 20.00 0.00213261
125.00 20.00 0.00129693
130.00 20.00 0.00079926
135.00 20.00 0.00220761
140.00 20.00 0.00403008
145.00 20.00 0.00360759
150.00 20.00 0.00087903
155.00 20.00 -0.00153957
160.00 20.00 -0.00190086
165.00 20.00 -0.00117285
170.00 20.00 -0.00099657
175.00 20.00 -0.00151095
180.00 20.00 -0.00191694
-180.00 25.00 -0.00169455
-175.00 25.00 -0.00124836
-170.00 25.00 -0.00120654
-165.00 25.00 -0.00163293
-160.00 25.00 -0.00251463
-155.00 25.00 -0.00303123
-150.00 25.00 -0.00211488
-145.00 25.00 -0.00045174
-140.00 25.00 -0.00025296
-135.00 25.00 -0.00207123
-130.00 25.00 -0.0036702
-125.00 25.00 -0.00321267
-120.00 25.00 -0.00164532
-115.00 25.00 -0.00053895
-110.00 25.00 0.00046935
-105.00 25.00 0.00226794
-100.00 25.00 0.00388623
-95.00 25.00 0.00360132
-90.00 25.00 0.00162315
-85.00 25.00 -0.00011472
-80.00 25.00 -0.00051939
-75.00 25.00 -0.00026076
-70.00 25.00 -0.00022431
-65.00 25.00 -0.0003492
-60.00 25.00 -0.00032667
-55.00 25.00 -0.00040959
-50.00 25.00 -0.00083742
-45.00 25.00 -0.00111075
-40.00 25.00 -0.00069096
-35.00 25.00 -9.441e-05
-30.00 25.00 -0.00031665
-25.00 25.00 -0.0011115
-20.00 25.00 -0.00085806
-15.00 25.00 0.00124611
-10.00 25.00 0.00357711
-5.00 25.00 0.00375753
0.00 25.00 0.00179349
5.00 25.00 0.0002511
10.00 25.00 0.00089421
15.00 25.00 0.00251967
20.00 25.00 0.0030411
25.00 25.00 0.00230256
30.00 25.00 0.00146331
35.00 25.00 0.00098025
40.00 25.00 0.00088011
45.00 25.00 0.00165381
50.00 25.00 0.00300549
55.00 25.00 0.00314454
60.00 25.00 0.00131709
65.00 25.00 -0.00048285
70.00 25.00 -0.00034926
75.00 25.00 0.00073593
80.00 25.00 0.00108186
85.00 25.00 0.00130746
90.00 25.00 0.00267996
95.00 25.00 0.0042153
100.00 25.00 0.00415182
105.00 25.00 0.00300423
110.00 25.00 0.00259245
115.00 25.00 0.00299307
120.00 25.00 0.00282537
125.00 25.00 0.00195066
130.00 25.00 0.00166293
135.00 25.00 0.00229473
140.00 25.00 0.00252348
145.00 25.00 0.0014214
150.00 25.00 -0.00024102
155.00 25.00 -0.00132945
160.00 25.00 -0.00184974
165.00 25.00 -0.00233382
170.00 25.00 -0.00264162
175.00 25.00 -0.00234915
180.00 25.00 -0.00169455
-180.00 30.00 -0.00116919
-175.00 30.00 -0.0009648
-170.00 30.00 -0.00115371
-165.00 30.00 -0.00129324
-160.00 30.00 -0.00132345
-155.00 30.00 -0.00111852
-150.00 30.00 -0.00045705
-145.00 30.00 -2.709e-05
-140.00 30.00 -0.00107328
-135.00 30.00 -0.0032349
-130.00 30.00 -0.00424653
-125.00 30.00 -0.00290754
-120.00 30.00 -0.00089202
-115.00 30.00 -0.00023607
-110.00 30.00 -0.00039192
-105.00 30.00 0.00048324
-100.00 30.00 0.00230541
-95.00 30.00 0.0031338
-90.00 30.00 0.00212169
-85.00 30.00 0.00054876
-80.00 30.00 -0.00027021
-75.00 30.00 -0.00055422
-70.00 30.00 -0.00099387
-65.00 30.00 -0.00136824
-60.00 30.00 -0.00111786
-55.00 30.00 -0.00051915
-50.00 30.00 -0.00026937
-45.00 30.00 -0.00027753
-40.00 30.00 9.072e-05
-35.00 30.00 0.00062832
-30.00 30.00 0.00027849
-25.00 30.00 -0.00104889
-20.00 30.00 -0.00164271
-15.00 30.00 2.817e-05
-10.00 30.00 0.00297468
-5.00 30.00 0.00455925
0.00 30.00 0.00375621
5.00 30.00 0.00228459
10.00 30.00 0.00203682
15.00 30.00 0.00268896
20.00 30.00 0.00283095
25.00 30.00 0.00230688
30.00 30.00 0.00202113
35.00 30.00 0.00219576
40.00 30.00 0.00232629
45.00 30.00 0.00236772
50.00 30.00 0.00254061
55.00 30.00 0.00237438
60.00 30.00 0.00132756
65.00 30.00 5.358e-05
70.00 30.00 -0.0001878
75.00 30.00 0.00085668
80.00 30.00 0.00234384
85.00 30.00 0.0034338
90.00 30.00 0.00369696
95.00 30.00 0.00307119
100.00 30.00 0.002223
105.00 30.00 0.00225414
110.00 30.00 0.00328977
115.00 30.00 0.00411351
120.00 30.00 0.00389166
125.00 30.00 0.00331806
130.00 30.00 0.0032019
135.00 30.00 0.00293571
140.00 30.00 0.00157668
145.00 30.00 -0.00029187
150.00 30.00 -0.00120804
155.00 30.00 -0.00101955
160.00 30.00 -0.00099132
165.00 30.00 -0.00170259
170.00 30.00 -0.0022434
175.00 30.00 -0.00186972
180.00 30.00 -0.00116919
-180.00 35.00 -0.00131319
-175.00 35.00 -0.00179064
-170.00 35.00 -0.00220566
-165.00 35.00 -0.00183207
-160.00 35.00 -0.00076644
-155.00 35.00 0.00020013
-150.00 35.00 0.00026256
-145.00 35.00 -0.0010596
-140.00 35.00 -0.00343956
-135.00 35.00 -0.00524829
-130.00 35.00 -0.00461316
-125.00 35.00 -0.00174156
-120.00 35.00 0.00072894
-115.00 35.00 0.00069003
-110.00 35.00 -0.00084681
-105.00 35.00 -0.0012255
-100.00 35.00 0.00035094
-95.00 35.00 0.00211263
-90.00 35.00 0.0023208
-85.00 35.00 0.00118254
-80.00 35.00 -0.00010236
-75.00 35.00 -0.000966
-70.00 35.00 -0.00143298
-65.00 35.00 -0.00132774
-60.00 35.00 -0.0005082
-55.00 35.00 0.0004557
-50.00 35.00 0.00075108
-45.00 35.00 0.00044229
-40.00 35.00 0.00033915
-35.00 35.00 0.00062733
-30.00 35.00 0.00046767
-25.00 35.00 -0.00055431
-20.00 35.00 -0.00128274
-15.00 35.00 -0.00019668
-10.00 35.00 0.00245892
-5.00 35.00 0.00468843
0.00 35.00 0.0050337
5.00 35.00 0.00400425
10.00 35.00 0.00291417
15.00 35.00 0.00221853
20.00 35.00 0.00170013
25.00 35.00 0.0015189
30.00 35.00 0.00200115
35.00 35.00 0.00274029
40.00 35.00 0.00295653
45.00 35.00 0.00265266
50.00 35.00 0.00248244
55.00 35.00 0.00249396
60.00 35.00 0.00197199
65.00 35.00 0.00077133
70.00 35.00 -1.764e-05
75.00 35.00 0.00071739
80.00 35.00 0.00255816
85.00 35.00 0.00369705
90.00 35.00 0.00277056
95.00 35.00 0.00045828
100.00 35.00 -0.00102684
105.00 35.00 -0.0002727
110.00 35.00 0.00180828
115.00 35.00 0.00326691
120.00 35.00 0.00355494
125.00 35.00 0.0037104
130.00 35.00 0.00418428
135.00 35.00 0.00384327
140.00 35.00 0.00181944
145.00 35.00 -0.00074331
150.00 35.00 -0.00193782
155.00 35.00 -0.00151947
160.00 35.00 -0.00090027
165.00 35.00 -0.00098907
170.00 35.00 -0.00129678
175.00 35.00 -0.00127995
180.00 35.00 -0.00131319
-180.00 40.00 -0.00155187
-175.00 40.00 -0.00216621
-170.00 40.00 -0.00268611
-165.00 40.00 -0.00231063
-160.00 40.00 -0.00104661
-155.00 40.00 0.00012177
-150.00 40.00 2.535e-05
-145.00 40.00 -0.00169281
-140.00 40.00 -0.00402285
-135.00 40.00 -0.00501447
-130.00 40.00 -0.00337596
-125.00 40.00 -2.964e-05
-120.00 40.00 0.00240999
-115.00 40.00 0.00224589
-110.00 40.00 0.00049293
-105.00 40.00 -0.00044034
-100.00 40.00 0.00043356
-95.00 40.00 0.00184872
-90.00 40.00 0.00212325
-85.00 40.00 0.00101712
-80.00 40.00 -0.00044142
-75.00 40.00 -0.00125427
-70.00 40.00 -0.00107841
-65.00 40.00 -4.611e-05
-60.00 40.00 0.00133929
-55.00 40.00 0.00223524
-50.00 40.00 0.00202275
-45.00 40.00 0.00101133
-40.00 40.00 0.00017457
-35.00 40.00 -5.76e-06
-30.00 40.00 -5.622e-05
-25.00 40.00 -0.00058863
-20.00 40.00 -0.00121596
-15.00 40.00 -0.00090936
-10.00 40.00 0.00064404
-5.00 40.00 0.00255324
0.00 40.00 0.0036999
5.00 40.00 0.00377475
10.00 40.00 0.00317892
15.00 40.00 0.00237726
20.00 40.00 0.00172659
25.00 40.00 0.00156669
30.00 40.00 0.00193689
35.00 40.00 0.00234978
40.00 40.00 0.00233955
45.00 40.00 0.00214248
50.00 40.00 0.00230094
55.00 40.00 0.00261378
60.00 40.00 0.00215865
65.00 40.00 0.00067503
70.00 40.00 -0.00062031
75.00 40.00 -0.00024411
80.00 40.00 0.00161646
85.00 40.00 0.00298629
90.00 40.00 0.00223746
95.00 40.00 1.92e-05
100.00 40.00 -0.00142644
105.00 40.00 -0.00081315
110.00 40.00 0.00091623
115.00 40.00 0.00210702
120.00 40.00 0.00252042
125.00 40.00 0.00316422
130.00 40.00 0.00428889
135.00 40.00 0.00465075
140.00 40.00 0.00317604
145.00 40.00 0.00056082
150.00 40.00 -0.00149145
155.00 40.00 -0.00219171
160.00 40.00 -0.00209745
165.00 40.00 -0.00190263
170.00 40.00 -0.0016848
175.00 40.00 -0.00144477
180.00 40.00 -0.00155187
-180.00 45.00 -0.00020889
-175.00 45.00 -0.00023985
-170.00 45.00 -0.00079059
-165.00 45.00 -0.00115203
-160.00 45.00 -0.00091941
-155.00 45.00 -0.00044961
-150.00 45.00 -0.00051561
-145.00 45.00 -0.00147651
-140.00 45.00 -0.00272268
-135.00 45.00 -0.00301929
-130.00 45.00 -0.00164385
-125.00 45.00 0.00072474
-120.00 45.00 0.00246924
-115.00 45.00 0.0025782
-110.00 45.00 0.00160218
-105.00 45.00 0.00089466
-100.00 45.00 0.00105945
-95.00 45.00 0.00144996
-90.00 45.00 0.00115389
-85.00 45.00 0.00010539
-80.00 45.00 -0.00091245
-75.00 45.00 -0.00109248
-70.00 45.00 -0.00022095
-65.00 45.00 0.00130263
-60.00 45.00 0.00273153
-55.00 45.00 0.00331746
-50.00 45.00 0.00275922
-45.00 45.00 0.00149121
-40.00 45.00 0.00036501
-35.00 45.00 -0.00012486
-30.00 45.00 -0.00023574
-25.00 45.00 -0.00050346
-20.00 45.00 -0.00099249
-15.00 45.00 -0.0012042
-10.00 45.00 -0.00069525
-5.00 45.00 0.00041637
0.00 45.00 0.00160236
5.00 45.00 0.00240129
10.00 45.00 0.00266577
15.00 45.00 0.00251457
20.00 45.00 0.0022077
25.00 45.00 0.00198069
30.00 45.00 0.00185388
35.00 45.00 0.00166785
40.00 45.00 0.00142113
45.00 45.00 0.0014208
50.00 45.00 0.00183333
55.00 45.00 0.00216393
60.00 45.00 0.00160647
65.00 45.00 0.0001269
70.00 45.00 -0.00110793
75.00 45.00 -0.0008094
80.00 45.00 0.00092418
85.00 45.00 0.0025407
90.00 45.00 0.00266319
95.00 45.00 0.00154683
100.00 45.00 0.00062943
105.00 45.00 0.00078849
110.00 45.00 0.00150492
115.00 45.00 0.00187272
120.00 45.00 0.00194397
125.00 45.00 0.00255336
130.00 45.00 0.00394401
135.00 45.00 0.00515523
140.00 45.00 0.00500697
145.00 45.00 0.00334734
150.00 45.00 0.00105507
155.00 45.00 -0.00091434
160.00 45.00 -0.00211233
165.00 45.00 -0.00242799
170.00 45.00 -0.00190632
175.00 45.00 -0.00092898
180.00 45.00 -0.00020889
-180.00 50.00 0.0022665
-175.00 50.00 0.00275973
-170.00 50.00 0.00221229
-165.00 50.00 0.00109809
-160.00 50.00 9.666e-05
-155.00 50.00 -0.00047301
-150.00 50.00 -0.0007887
-145.00 50.00 -0.00116571
-140.00 50.00 -0.00160914
-135.00 50.00 -0.00175995
-130.00 50.00 -0.00130446
-125.00 50.00 -0.00039165
-120.00 50.00 0.00044862
-115.00 50.00 0.0008256
-110.00 50.00 0.00083805
-105.00 50.00 0.00084111
-100.00 50.00 0.00094611
-95.00 50.00 0.00089322
-90.00 50.00 0.00043536
-85.00 50.00 -0.00027042
-80.00 50.00 -0.00072945
-75.00 50.00 -0.00052296
-70.00 50.00 0.00037539
-65.00 50.00 0.00160353
-60.00 50.00 0.00262686
-55.00 50.00 0.00300207
-50.00 50.00 0.00260493
-45.00 50.00 0.00171246
-40.00 50.00 0.00081945
-35.00 50.00 0.00027945
-30.00 50.00 9.081e-05
-25.00 50.00 3.648e-05
-20.00 50.00 -4.92e-06
-15.00 50.00 6.114e-05
-10.00 50.00 0.00037413
-5.00 50.00 0.00090321
0.00 50.00 0.00143904
5.00 50.00 0.00176718
10.00 50.00 0.0018249
15.00 50.00 0.00171789
20.00 50.00 0.00161376
25.00 50.00 0.00160197
30.00 50.00 0.00163812
35.00 50.00 0.00164691
40.00 50.00 0.00167691
45.00 50.00 0.00186429
50.00 50.00 0.00216489
55.00 50.00 0.00220707
60.00 50.00 0.00161232
65.00 50.00 0.00054249
70.00 50.00 -0.00022857
75.00 50.00 3.09e-06
80.00 50.00 0.00110136
85.00 50.00 0.00215322
90.00 50.00 0.00238227
95.00 50.00 0.00189912
100.00 50.00 0.00143901
105.00 50.00 0.00145485
110.00 50.00 0.00169311
115.00 50.00 0.00171936
120.00 50.00 0.00163671
125.00 50.00 0.00203577
130.00 50.00 0.00323937
135.00 50.00 0.00478692
140.00 50.00 0.0057513
145.00 50.00 0.00548106
150.00 50.00 0.00401424
155.00 50.00 0.00195474
160.00 50.00 0.00012906
165.00 50.00 -0.00073779
170.00 50.00 -0.0003444
175.00 50.00 0.00095145
180.00 50.00 0.0022665
-180.00 55.00 0.00346827
-175.00 55.00 0.00403401
-170.00 55.00 0.00371727
-165.00 55.00 0.00271473
-160.00 55.00 0.00155268
-155.00 55.00 0.00067212
-150.00 55.00 0.0001623
-145.00 55.00 -0.00017886
-140.00 55.00 -0.00057243
-135.00 55.00 -0.00104406
-130.00 55.00 -0.00143391
-125.00 55.00 -0.00156075
-120.00 55.00 -0.00135123
-115.00 55.00 -0.00084396
-110.00 55.00 -0.00014181
-105.00 55.00 0.00059661
-100.00 55.00 0.00115611
-95.00 55.00 0.00134202
-90.00 55.00 0.00111861
-85.00 55.00 0.0006747
-80.00 55.00 0.0003261
-75.00 55.00 0.00032535
-70.00 55.00 0.00072738
-65.00 55.00 0.00138288
-60.00 55.00 0.00202233
-55.00 55.00 0.00236937
-50.00 55.00 0.0022524
-45.00 55.00 0.00168396
-40.00 55.00 0.00086196
-35.00 55.00 7.959e-05
-30.00 55.00 -0.0003996
-25.00 55.00 -0.00042654
-20.00 55.00 5.88e-06
-15.00 55.00 0.00076362
-10.00 55.00 0.0015912
-5.00 55.00 0.00218331
0.00 55.00 0.00231642
5.00 55.00 0.00197592
10.00 55.00 0.00138249
15.00 55.00 0.00087999
20.00 55.00 0.0007458
25.00 55.00 0.00104454
30.00 55.00 0.00162168
35.00 55.00 0.00223317
40.00 55.00 0.00269706
45.00 55.00 0.00293928
50.00 55.00 0.00292707
55.00 55.00 0.00262365
60.00 55.00 0.00206385
65.00 55.00 0.0014565
70.00 55.00 0.00111498
75.00 55.00 0.00119604
80.00 55.00 0.00150831
85.00 55.00 0.00165537
90.00 55.00 0.00142257
95.00 55.00 0.00099981
100.00 55.00 0.00077595
105.00 55.00 0.00092127
110.00 55.00 0.00122838
115.00 55.00 0.00138969
120.00 55.00 0.00138765
125.00 55.00 0.00155106
130.00 55.00 0.00221508
135.00 55.00 0.00334341
140.00 55.00 0.00447636
145.00 55.00 0.00502671
150.00 55.00 0.00466434
155.00 55.00 0.00353376
160.00 55.00 0.00220257
165.00 55.00 0.00137034
170.00 55.00 0.00146754
175.00 55.00 0.00237309
180.00 55.00 0.00346827
-180.00 60.00 0.00261414
-175.00 60.00 0.00299721
-170.00 60.00 0.0030657
-165.00 60.00 0.00283092
-160.00 60.00 0.00246951
-155.00 60.00 0.00215088
-150.00 60.00 0.00189717
-145.00 60.00 0.00158469
-140.00 60.00 0.00107328
-135.00 60.00 0.00035076
-130.00 60.00 -0.00041904
-125.00 60.00 -0.00097263
-120.00 60.00 -0.00108666
-115.00 60.00 -0.00069324
-110.00 60.00 8.364e-05
-105.00 60.00 0.00097764
-100.00 60.00 0.00168894
-95.00 60.00 0.00200814
-90.00 60.00 0.00190107
-85.00 60.00 0.00151386
-80.00 60.00 0.00109677
-75.00 60.00 0.00088893
-70.00 60.00 0.0010185
-65.00 60.00 0.00145116
-60.00 60.00 0.00199602
-55.00 60.00 0.00236637
-50.00 60.00 0.00228759
-45.00 60.00 0.00162315
-40.00 60.00 0.00046317
-35.00 60.00 -0.00087723
-30.00 60.00 -0.00196596
-25.00 60.00 -0.00242751
-20.00 60.00 -0.00210534
-15.00 60.00 -0.00113691
-10.00 60.00 0.00010074
-5.00 60.00 0.00115707
0.00 60.00 0.00171147
5.00 60.00 0.00171219
10.00 60.00 0.00137736
15.00 60.00 0.00105771
20.00 60.00 0.00103998
25.00 60.00 0.0014019
30.00 60.00 0.00199554
35.00 60.00 0.00255363
40.00 60.00 0.00284187
45.00 60.00 0.0027648
50.00 60.00 0.00238371
55.00 60.00 0.00186738
60.00 60.00 0.00141807
65.00 60.00 0.00119559
70.00 60.00 0.00124635
75.00 60.00 0.00146868
80.00 60.00 0.00166173
85.00 60.00 0.00166059
90.00 60.00 0.00146718
95.00 60.00 0.00125556
100.00 60.00 0.00122319
105.00 60.00 0.00141078
110.00 60.00 0.0016608
115.00 60.00 0.00176244
120.00 60.00 0.00165363
125.00 60.00 0.00149352
130.00 60.00 0.00153816
135.00 60.00 0.00192642
140.00 60.00 0.00255099
145.00 60.00 0.00311184
150.00 60.00 0.00330981
155.00 60.00 0.00304575
160.00 60.00 0.00249378
165.00 60.00 0.00199803
170.00 60.00 0.00185571
175.00 60.00 0.0021285
180.00 60.00 0.00261414
-180.00 65.00 0.00123921
-175.00 65.00 0.00126507
-170.00 65.00 0.00138333
-165.00 65.00 0.00156255
-160.00 65.00 0.00177732
-155.00 65.00 0.00198198
-150.00 65.00 0.00209478
-145.00 65.00 0.00201957
-140.00 65.00 0.00169971
-135.00 65.00 0.00116922
-130.00 65.00 0.00056199
-125.00 65.00 6.501e-05
-120.00 65.00 -0.00016326
-115.00 65.00 -6.606e-05
-110.00 65.00 0.00028446
-105.00 65.00 0.00072003
-100.00 65.00 0.00105213
-95.00 65.00 0.0011556
-90.00 65.00 0.00102189
-85.00 65.00 0.00076074
-80.00 65.00 0.00055092
-75.00 65.00 0.00056079
-70.00 65.00 0.00086946
-65.00 65.00 0.00141714
-60.00 65.00 0.00200517
-55.00 65.00 0.00235266
-50.00 65.00 0.0021978
-45.00 65.00 0.00140979
-40.00 65.00 6.594e-05
-35.00 65.00 -0.00154728
-30.00 65.00 -0.00301941
-25.00 65.00 -0.00395925
-20.00 65.00 -0.00413655
-15.00 65.00 -0.00356004
-10.00 65.00 -0.00245685
-5.00 65.00 -0.00116487
0.00 65.00 8.76e-06
5.00 65.00 0.00089493
10.00 65.00 0.00148869
15.00 65.00 0.00189156
20.00 65.00 0.0022125
25.00 65.00 0.00248739
30.00 65.00 0.00266061
35.00 65.00 0.00263172
40.00 65.00 0.00233406
45.00 65.00 0.0017958
50.00 65.00 0.00115011
55.00 65.00 0.00059019
60.00 65.00 0.00029268
65.00 65.00 0.00034575
70.00 65.00 0.00071442
75.00 65.00 0.00126105
80.00 65.00 0.00181266
85.00 65.00 0.00224181
90.00 65.00 0.00251427
95.00 65.00 0.00267459
100.00 65.00 0.00278208
105.00 65.00 0.00284757
110.00 65.00 0.00282282
115.00 65.00 0.00265176
120.00 65.00 0.00234162
125.00 65.00 0.0019923
130.00 65.00 0.00175413
135.00 65.00 0.00173919
140.00 65.00 0.00194706
145.00 65.00 0.00225714
150.00 65.00 0.00249348
155.00 65.00 0.00252135
160.00 65.00 0.0023157
165.00 65.00 0.00196302
170.00 65.00 0.00160173
175.00 65.00 0.00134565
180.00 65.00 0.00123924
-180.00 70.00 0.00065976
-175.00 70.00 0.00028134
-170.00 70.00 6.729e-05
-165.00 70.00 2.148e-05
-160.00 70.00 0.00011157
-155.00 70.00 0.00027621
-150.00 70.00 0.00043971
-145.00 70.00 0.00053325
-140.00 70.00 0.00051681
-135.00 70.00 0.00039315
-130.00 70.00 0.00020514
-125.00 70.00 1.632e-05
-120.00 70.00 -0.00011805
-115.00 70.00 -0.00017526
-110.00 70.00 -0.00017328
-105.00 70.00 -0.00015786
-100.00 70.00 -0.00017526
-95.00 70.00 -0.00024321
-90.00 70.00 -0.00033501
-85.00 70.00 -0.0003846
-80.00 70.00 -0.00031296
-75.00 70.00 -6.597e-05
-70.00 70.00 0.00035073
-65.00 70.00 0.00085428
-60.00 70.00 0.00129495
-55.00 70.00 0.00149505
-50.00 70.00 0.00130671
-45.00 70.00 0.00066957
-40.00 70.00 -0.00035394
-35.00 70.00 -0.00158199
-30.00 70.00 -0.00275841
-25.00 70.00 -0.00362484
-20.00 70.00 -0.00399429
-15.00 70.00 -0.00379908
-10.00 70.00 -0.0030972
-5.00 70.00 -0.00203982
0.00 70.00 -0.00081651
5.00 70.00 0.00039693
10.00 70.00 0.00147006
15.00 70.00 0.00232287
20.00 70.00 0.00291264
25.00 70.00 0.00321816
30.00 70.00 0.00323382
35.00 70.00 0.0029772
40.00 70.00 0.00250209
45.00 70.00 0.00190518
50.00 70.00 0.00131541
55.00 70.00 0.00086616
60.00 70.00 0.00065883
65.00 70.00 0.00073353
70.00 70.00 0.00105915
75.00 70.00 0.001548
80.00 70.00 0.002088
85.00 70.00 0.00257784
90.00 70.00 0.00295077
95.00 70.00 0.00317901
100.00 70.00 0.00326295
105.00 70.00 0.00321735
110.00 70.00 0.00306471
115.00 70.00 0.00283887
120.00 70.00 0.00259053
125.00 70.00 0.00238416
130.00 70.00 0.00228042
135.00 70.00 0.00231054
140.00 70.00 0.0024564
145.00 70.00 0.0026493
150.00 70.00 0.0027918
155.00 70.00 0.00279276
160.00 70.00 0.00260097
165.00 70.00 0.00222177
170.00 70.00 0.00171255
175.00 70.00 0.00116127
180.00 70.00 0.00065976
-180.00 75.00 0.00085344
-175.00 75.00 0.00041463
-170.00 75.00 5.904e-05
-165.00 75.00 -0.00018804
-160.00 75.00 -0.00032184
-155.00 75.00 -0.00035601
-150.00 75.00 -0.00031662
-145.00 75.00 -0.00023439
-140.00 75.00 -0.00013761
-135.00 75.00 -4.728e-05
-130.00 75.00 2.448e-05
-125.00 75.00 7.275e-05
-120.00 75.00 9.645e-05
-115.00 75.00 9.54e-05
-110.00 75.00 6.924e-05
-105.00 75.00 1.935e-05
-100.00 75.00 -4.818e-05
-95.00 75.00 -0.00011964
-90.00 75.00 -0.00017418
-85.00 75.00 -0.0001887
-80.00 75.00 -0.00014652
-75.00 75.00 -4.692e-05
-70.00 75.00 8.778e-05
-65.00 75.00 0.00021225
-60.00 75.00 0.00026619
-55.00 75.00 0.00018978
-50.00 75.00 -5.766e-05
-45.00 75.00 -0.00048162
-40.00 75.00 -0.00104433
-35.00 75.00 -0.00166797
-30.00 75.00 -0.00224934
-25.00 75.00 -0.00268188
-20.00 75.00 -0.00287904
-15.00 75.00 -0.00279246
-10.00 75.00 -0.00242064
-5.00 75.00 -0.00180618
0.00 75.00 -0.00102465
5.00 75.00 -0.00016827
10.00 75.00 0.00066999
15.00 75.00 0.00140922
20.00 75.00 0.00198888
25.00 75.00 0.00237336
30.00 75.00 0.00255354
35.00 75.00 0.00254655
40.00 75.00 0.00239283
45.00 75.00 0.00214998
50.00 75.00 0.0018831
55.00 75.00 0.0016527
60.00 75.00 0.00150324
65.00 75.00 0.00145533
70.00 75.00 0.00150369
75.00 75.00 0.00162204
80.00 75.00 0.00177234
85.00 75.00 0.00191565
90.00 75.00 0.00202137
95.00 75.00 0.00207282
100.00 75.00 0.0020688
105.00 75.00 0.00202212
110.00 75.00 0.00195579
115.00 75.00 0.00189831
120.00 75.00 0.00187758
125.00 75.00 0.00191448
130.00 75.00 0.00201651
135.00 75.00 0.00217341
140.00 75.00 0.00235635
145.00 75.00 0.00252219
150.00 75.00 0.00262221
155.00 75.00 0.00261351
160.00 75.00 0.00247005
165.00 75.00 0.00218967
170.00 75.00 0.00179568
175.00 75.00 0.00133197
180.00 75.00 0.00085344
-180.00 80.00 0.00105255
-175.00 80.00 0.00091131
-170.00 80.00 0.00078495
-165.00 80.00 0.00068643
-160.00 80.00 0.00062367
-155.00 80.00 0.00059916
-150.00 80.00 0.00061038
-145.00 80.00 0.00065055
-140.00 80.00 0.0007101
-135.00 80.00 0.00077802
-130.00 80.00 0.00084345
-125.00 80.00 0.00089652
-120.00 80.00 0.00092913
-115.00 80.00 0.00093546
-110.00 80.00 0.00091251
-105.00 80.00 0.00086004
-100.00 80.00 0.00078018
-95.00 80.00 0.00067656
-90.00 80.00 0.00055344
-85.00 80.00 0.00041469
-80.00 80.00 0.00026226
-75.00 80.00 9.549e-05
-70.00 80.00 -8.898e-05
-65.00 80.00 -0.00029616
-60.00 80.00 -0.0005307
-55.00 80.00 -0.00079485
-50.00 80.00 -0.001086
-45.00 80.00 -0.00139494
-40.00 80.00 -0.00170529
-35.00 80.00 -0.00199485
-30.00 80.00 -0.00223842
-25.00 80.00 -0.0024114
-20.00 80.00 -0.0024939
-15.00 80.00 -0.00247392
-10.00 80.00 -0.00234981
-5.00 80.00 -0.00213069
0.00 80.00 -0.00183504
5.00 80.00 -0.00148827
10.00 80.00 -0.00111918
15.00 80.00 -0.00075627
20.00 80.00 -0.00042444
25.00 80.00 -0.00014253
30.00 80.00 7.821e-05
35.00 80.00 0.00023457
40.00 80.00 0.00033063
45.00 80.00 0.00037602
50.00 80.00 0.00038349
55.00 80.00 0.00036663
60.00 80.00 0.00033777
65.00 80.00 0.0003063
70.00 80.00 0.00027804
75.00 80.00 0.0002553
80.00 80.00 0.00023826
85.00 80.00 0.0002265
90.00 80.00 0.00022023
95.00 80.00 0.00022104
100.00 80.00 0.00023244
105.00 80.00 0.00025962
110.00 80.00 0.0003084
115.00 80.00 0.00038364
120.00 80.00 0.00048759
125.00 80.00 0.00061896
130.00 80.00 0.00077208
135.00 80.00 0.00093684
140.00 80.00 0.00109956
145.00 80.00 0.00124452
150.00 80.00 0.00135654
155.00 80.00 0.00142335
160.00 80.00 0.00143778
165.00 80.00 0.00139902
170.00 80.00 0.00131322
175.00 80.00 0.00119238
180.00 80.00 0.00105255
-180.00 85.00 0.00029178
-175.00 85.00 0.00034221
-170.00 85.00 0.00038568
-165.00 85.00 0.00042285
-160.00 85.00 0.00045495
-155.00 85.00 0.00048288
-150.00 85.00 0.0005064
-145.00 85.00 0.00052392
-140.00 85.00 0.00053337
-135.00 85.00 0.00053316
-130.00 85.00 0.00052233
-125.00 85.00 0.00049998
-120.00 85.00 0.00046461
-115.00 85.00 0.00041409
-110.00 85.00 0.00034659
-105.00 85.00 0.00026139
-100.00 85.00 0.00015906
-95.00 85.00 4.074e-05
-90.00 85.00 -9.258e-05
-85.00 85.00 -0.00024039
-80.00 85.00 -0.00040182
-75.00 85.00 -0.00057498
-70.00 85.00 -0.00075675
-65.00 85.00 -0.0009435
-60.00 85.00 -0.00113196
-55.00 85.00 -0.00131946
-50.00 85.00 -0.00150315
-45.00 85.00 -0.0016794
-40.00 85.00 -0.00184365
-35.00 85.00 -0.00199131
-30.00 85.00 -0.0021189
-25.00 85.00 -0.00222432
-20.00 85.00 -0.00230646
-15.00 85.00 -0.00236448
-10.00 85.00 -0.00239769
-5.00 85.00 -0.00240624
0.00 85.00 -0.00239199
5.00 85.00 -0.00235845
10.00 85.00 -0.00230997
15.00 85.00 -0.00225057
20.00 85.00 -0.00218328
25.00 85.00 -0.00211071
30.00 85.00 -0.00203589
35.00 85.00 -0.001962
40.00 85.00 -0.00189186
45.00 85.00 -0.00182676
50.00 85.00 -0.00176643
55.00 85.00 -0.00170967
60.00 85.00 -0.00165567
65.00 85.00 -0.00160413
70.00 85.00 -0.0015546
75.00 85.00 -0.00150576
80.00 85.00 -0.0014553
85.00 85.00 -0.00140067
90.00 85.00 -0.00134028
95.00 85.00 -0.00127365
100.00 85.00 -0.00120072
105.00 85.00 -0.00112107
110.00 85.00 -0.00103371
115.00 85.00 -0.00093798
120.00 85.00 -0.0008346
125.00 85.00 -0.00072561
130.00 85.00 -0.00061374
135.00 85.00 -0.00050112
140.00 85.00 -0.00038922
145.00 85.00 -0.00027939
150.00 85.00 -0.00017352
155.00 85.00 -7.416e-05
160.00 85.00 1.653e-05
165.00 85.00 9.771e-05
170.00 85.00 0.00016995
175.00 85.00 0.00023439
180.00 85.00 0.00029178
-180.00 90.00 -0.00138843
-175.00 90.00 -0.00138843
-170.00 90.00 -0.00138843
-165.00 90.00 -0.00138843
-160.00 90.00 -0.00138843
-155.00 90.00 -0.00138843
-150.00 90.00 -0.00138843
-145.00 90.00 -0.00138843
-140.00 90.00 -0.00138843
-135.00 90.00 -0.00138843
-130.00 90.00 -0.00138843
-125.00 90.00 -0.00138843
-120.00 90.00 -0.00138843
-115.00 90.00 -0.00138843
-110.00 90.00 -0.00138843
-105.00 90.00 -0.00138843
-100.00 90.00 -0.00138843
-95.00 90.00 -0.00138843
-90.00 90.00 -0.00138843
-85.00 90.00 -0.00138843
-80.00 90.00 -0.00138843
-75.00 90.00 -0.00138843
-70.00 90.00 -0.00138843
-65.00 90.00 -0.00138843
-60.00 90.00 -0.00138843
-55.00 90.00 -0.00138843
-50.00 90.00 -0.00138843
-45.00 90.00 -0.00138843
-40.00 90.00 -0.00138843
-35.00 90.00 -0.00138843
-30.00 90.00 -0.00138843
-25.00 90.00 -0.00138843
-20.00 90.00 -0.00138843
-15.00 90.00 -0.00138843
-10.00 90.00 -0.00138843
-5.00 90.00 -0.00138843
0.00 90.00 -0.00138843
5.00 90.00 -0.00138843
10.00 90.00 -0.00138843
15.00 90.00 -0.00138843
20.00 90.00 -0.00138843
25.00 90.00 -0.00138843
30.00 90.00 -0.00138843
35.00 90.00 -0.00138843
40.00 90.00 -0.00138843
45.00 90.00 -0.00138843
50.00 90.00 -0.00138843
55.00 90.00 -0.00138843
60.00 90.00 -0.00138843
65.00 90.00 -0.00138843
70.00 90.00 -0.00138843
75.00 90.00 -0.00138843
80.00 90.00 -0.00138843
85.00 90.00 -0.00138843
90.00 90.00 -0.00138843
95.00 90.00 -0.00138843
100.00 90.00 -0.00138843
105.00 90.00 -0.00138843
110.00 90.00 -0.00138843
115.00 90.00 -0.00138843
120.00 90.00 -0.00138843
125.00 90.00 -0.00138843
130.00 90.00 -0.00138843
135.00 90.00 -0.00138843
140.00 90.00 -0.00138843
145.00 90.00 -0.00138843
150.00 90.00 -0.00138843
155.00 90.00 -0.00138843
160.00 90.00 -0.00138843
165.00 90.00 -0.00138843
170.00 90.00 -0.00138843
175.00 90.00 -0.00138843
180.00 90.00 -0.00138843
