-180.00 -90.00 -0.00060141
-175.00 -90.00 -0.00060135
-170.00 -90.00 -0.00060132
-165.00 -90.00 -0.00060129
-160.00 -90.00 -0.00060129
-155.00 -90.00 -0.00060126
-150.00 -90.00 -0.00060126
-145.00 -90.00 -0.00060126
-140.00 -90.00 -0.00060129
-135.00 -90.00 -0.00060129
-130.00 -90.00 -0.00060132
-125.00 -90.00 -0.00060135
-120.00 -90.00 -0.00060141
-115.00 -90.00 -0.00060144
-110.00 -90.00 -0.0006015
-105.00 -90.00 -0.00060153
-100.00 -90.00 -0.00060159
-95.00 -90.00 -0.00060162
-90.00 -90.00 -0.00060168
-85.00 -90.00 -0.00060171
-80.00 -90.00 -0.00060174
-75.00 -90.00 -0.00060177
-70.00 -90.00 -0.0006018
-65.00 -90.00 -0.0006018
-60.00 -90.00 -0.00060183
-55.00 -90.00 -0.0006018
-50.00 -90.00 -0.0006018
-45.00 -90.00 -0.00060177
-40.00 -90.00 -0.00060177
-35.00 -90.00 -0.00060171
-30.00 -90.00 -0.00060168
-25.00 -90.00 -0.00060165
-20.00 -90.00 -0.00060159
-15.00 -90.00 -0.00060153
-10.00 -90.00 -0.0006015
-5.00 -90.00 -0.00060144
0.00 -90.00 -0.00060141
5.00 -90.00 -0.00060138
10.00 -90.00 -0.00060132
15.00 -90.00 -0.00060129
20.00 -90.00 -0.00060129
25.00 -90.00 -0.00060126
30.00 -90.00 -0.00060126
35.00 -90.00 -0.00060126
40.00 -90.00 -0.00060129
45.00 -90.00 -0.00060129
50.00 -90.00 -0.00060132
55.00 -90.00 -0.00060135
60.00 -90.00 -0.00060141
65.00 -90.00 -0.00060144
70.00 -90.00 -0.0006015
75.00 -90.00 -0.00060153
80.00 -90.00 -0.00060159
85.00 -90.00 -0.00060162
90.00 -90.00 -0.00060168
95.00 -90.00 -0.00060171
100.00 -90.00 -0.00060174
105.00 -90.00 -0.00060177
110.00 -90.00 -0.0006018
115.00 -90.00 -0.0006018
120.00 -90.00 -0.00060183
125.00 -90.00 -0.00060183
130.00 -90.00 -0.0006018
135.00 -90.00 -0.00060177
140.00 -90.00 -0.00060177
145.00 -90.00 -0.00060171
150.00 -90.00 -0.00060168
155.00 -90.00 -0.00060165
160.00 -90.00 -0.00060159
165.00 -90.00 -0.00060153
170.00 -90.00 -0.0006015
175.00 -90.00 -0.00060144
180.00 -90.00 -0.00060141
-180.00 -85.00 -0.00113577
-175.00 -85.00 -0.00106095
-170.00 -85.00 -0.0009795
-165.00 -85.00 -0.00089322
-160.00 -85.00 -0.00080448
-155.00 -85.00 -0.00071565
-150.00 -85.00 -0.00062919
-145.00 -85.00 -0.00054741
-140.00 -85.00 -0.00047268
-135.00 -85.00 -0.00040731
-130.00 -85.00 -0.00035322
-125.00 -85.00 -0.00031167
-120.00 -85.00 -0.00028344
-115.00 -85.00 -0.00026886
-110.00 -85.00 -0.00026793
-105.00 -85.00 -0.00028008
-100.00 -85.00 -0.00030414
-95.00 -85.00 -0.00033849
-90.00 -85.00 -0.00038133
-85.00 -85.00 -0.00043083
-80.00 -85.00 -0.00048516
-75.00 -85.00 -0.0005424
-70.00 -85.00 -0.0006006
-65.00 -85.00 -0.00065808
-60.00 -85.00 -0.00071352
-55.00 -85.00 -0.00076593
-50.00 -85.00 -0.00081447
-45.00 -85.00 -0.00085848
-40.00 -85.00 -0.00089748
-35.00 -85.00 -0.00093138
-30.00 -85.00 -0.00096048
-25.00 -85.00 -0.00098511
-20.00 -85.00 -0.00100572
-15.00 -85.00 -0.00102282
-10.00 -85.00 -0.00103722
-5.00 -85.00 -0.00104979
0.00 -85.00 -0.00106143
5.00 -85.00 -0.0010728
10.00 -85.00 -0.00108459
15.00 -85.00 -0.00109737
20.00 -85.00 -0.00111171
25.00 -85.00 -0.00112806
30.00 -85.00 -0.00114651
35.00 -85.00 -0.001167
40.00 -85.00 -0.00118938
45.00 -85.00 -0.00121341
50.00 -85.00 -0.00123876
55.00 -85.00 -0.00126474
60.00 -85.00 -0.00129054
65.00 -85.00 -0.00131535
70.00 -85.00 -0.00133851
75.00 -85.00 -0.00135945
80.00 -85.00 -0.00137766
85.00 -85.00 -0.00139275
90.00 -85.00 -0.00140469
95.00 -85.00 -0.00141372
100.00 -85.00 -0.00142044
105.00 -85.00 -0.00142527
110.00 -85.00 -0.00142872
115.00 -85.00 -0.00143115
120.00 -85.00 -0.00143283
125.00 -85.00 -0.00143376
130.00 -85.00 -0.00143355
135.00 -85.00 -0.0014313
140.00 -85.00 -0.00142593
145.00 -85.00 -0.00141621
150.00 -85.00 -0.00140097
155.00 -85.00 -0.00137886
160.00 -85.00 -0.00134865
165.00 -85.00 -0.00130938
170.00 -85.00 -0.00126066
175.00 -85.00 -0.00120264
180.00 -85.00 -0.00113577
-180.00 -80.00 -0.00275478
-175.00 -80.00 -0.00268329
-170.00 -80.00 -0.00257982
-165.00 -80.00 -0.00245391
-160.00 -80.00 -0.00231411
-155.00 -80.00 -0.00216516
-150.00 -80.00 -0.00201171
-145.00 -80.00 -0.00186117
-140.00 -80.00 -0.00172068
-135.00 -80.00 -0.00159387
-130.00 -80.00 -0.0014832
-125.00 -80.00 -0.00139368
-120.00 -80.00 -0.00133038
-115.00 -80.00 -0.00129366
-110.00 -80.00 -0.00128034
-105.00 -80.00 -0.00128778
-100.00 -80.00 -0.00131388
-95.00 -80.00 -0.00135297
-90.00 -80.00 -0.00139623
-85.00 -80.00 -0.00143685
-80.00 -80.00 -0.00147177
-75.00 -80.00 -0.00149823
-70.00 -80.00 -0.00151191
-65.00 -80.00 -0.00151107
-60.00 -80.00 -0.00149874
-55.00 -80.00 -0.00147879
-50.00 -80.00 -0.00145203
-45.00 -80.00 -0.00141855
-40.00 -80.00 -0.00138081
-35.00 -80.00 -0.00134145
-30.00 -80.00 -0.00129939
-25.00 -80.00 -0.00125172
-20.00 -80.00 -0.00119871
-15.00 -80.00 -0.00114363
-10.00 -80.00 -0.00108828
-5.00 -80.00 -0.00103293
0.00 -80.00 -0.00098004
5.00 -80.00 -0.00093465
10.00 -80.00 -0.00089928
15.00 -80.00 -0.00087237
20.00 -80.00 -0.00085233
25.00 -80.00 -0.00084045
30.00 -80.00 -0.00083796
35.00 -80.00 -0.00084363
40.00 -80.00 -0.00085692
45.00 -80.00 -0.00088107
50.00 -80.00 -0.00091971
55.00 -80.00 -0.00097182
60.00 -80.00 -0.00103296
65.00 -80.00 -0.00109914
70.00 -80.00 -0.00116613
75.00 -80.00 -0.00122655
80.00 -80.00 -0.00127161
85.00 -80.00 -0.00129738
90.00 -80.00 -0.00130623
95.00 -80.00 -0.00130293
100.00 -80.00 -0.00129312
105.00 -80.00 -0.00128589
110.00 -80.00 -0.00129423
115.00 -80.00 -0.00132915
120.00 -80.00 -0.00139575
125.00 -80.00 -0.00149535
130.00 -80.00 -0.00162816
135.00 -80.00 -0.00179061
140.00 -80.00 -0.00197235
145.00 -80.00 -0.00215943
150.00 -80.00 -0.00233973
155.00 -80.00 -0.00250275
160.00 -80.00 -0.00263694
165.00 -80.00 -0.00273147
170.00 -80.00 -0.00278154
175.00 -80.00 -0.00278841
180.00 -80.00 -0.00275478
-180.00 -75.00 -0.00333861
-175.00 -75.00 -0.00329052
-170.00 -75.00 -0.00323274
-165.00 -75.00 -0.0031836
-160.00 -75.00 -0.00315153
-155.00 -75.00 -0.00313443
-150.00 -75.00 -0.00312189
-145.00 -75.00 -0.00310089
-140.00 -75.00 -0.0030615
-135.00 -75.00 -0.0030003
-130.00 -75.00 -0.00292065
-125.00 -75.00 -0.0028317
-120.00 -75.00 -0.00274446
-115.00 -75.00 -0.00266694
-110.00 -75.00 -0.0026016
-105.00 -75.00 -0.00254541
-100.00 -75.00 -0.00249072
-95.00 -75.00 -0.00242685
-90.00 -75.00 -0.00234318
-85.00 -75.00 -0.00223125
-80.00 -75.00 -0.00208566
-75.00 -75.00 -0.0019053
-70.00 -75.00 -0.00169515
-65.00 -75.00 -0.00146652
-60.00 -75.00 -0.00123564
-55.00 -75.00 -0.00102162
-50.00 -75.00 -0.00084318
-45.00 -75.00 -0.00071376
-40.00 -75.00 -0.00063747
-35.00 -75.00 -0.0006084
-30.00 -75.00 -0.00061215
-25.00 -75.00 -0.00062919
-20.00 -75.00 -0.00064095
-15.00 -75.00 -0.00063618
-10.00 -75.00 -0.00061374
-5.00 -75.00 -0.0005817
0.00 -75.00 -0.00055374
5.00 -75.00 -0.00054258
10.00 -75.00 -0.00055296
15.00 -75.00 -0.00057798
20.00 -75.00 -0.00060135
25.00 -75.00 -0.00060285
30.00 -75.00 -0.0005661
35.00 -75.00 -0.00048648
40.00 -75.00 -0.00037545
45.00 -75.00 -0.00025791
50.00 -75.00 -0.0001647
55.00 -75.00 -0.0001233
60.00 -75.00 -0.00014808
65.00 -75.00 -0.00023379
70.00 -75.00 -0.00035592
75.00 -75.00 -0.00047817
80.00 -75.00 -0.0005631
85.00 -75.00 -0.00058326
90.00 -75.00 -0.0005304
95.00 -75.00 -0.0004182
100.00 -75.00 -0.00027762
105.00 -75.00 -0.00014808
110.00 -75.00 -6.849e-05
115.00 -75.00 -6.897e-05
120.00 -75.00 -0.00016593
125.00 -75.00 -0.00036204
130.00 -75.00 -0.00064893
135.00 -75.00 -0.0010092
140.00 -75.00 -0.00141843
145.00 -75.00 -0.00184785
150.00 -75.00 -0.00226635
155.00 -75.00 -0.00264273
160.00 -75.00 -0.00295023
165.00 -75.00 -0.0031716
170.00 -75.00 -0.00330243
175.00 -75.00 -0.00335142
180.00 -75.00 -0.00333861
-180.00 -70.00 -0.00237747
-175.00 -70.00 -0.00220776
-170.00 -70.00 -0.00210411
-165.00 -70.00 -0.00211863
-160.00 -70.00 -0.00226509
-155.00 -70.00 -0.00251604
-150.00 -70.00 -0.00281259
-145.00 -70.00 -0.00308421
-140.00 -70.00 -0.00327252
-135.00 -70.00 -0.00334959
-130.00 -70.00 -0.00332328
-125.00 -70.00 -0.00322734
-120.00 -70.00 -0.00310206
-115.00 -70.00 -0.00297531
-110.00 -70.00 -0.0028539
-105.00 -70.00 -0.00272712
-100.00 -70.00 -0.00257808
-95.00 -70.00 -0.00239442
-90.00 -70.00 -0.00217224
-85.00 -70.00 -0.00191313
-80.00 -70.00 -0.00161877
-75.00 -70.00 -0.0012894
-70.00 -70.00 -0.0009276
-65.00 -70.00 -0.00054561
-60.00 -70.00 -0.00017034
-55.00 -70.00 0.00015768
-50.00 -70.00 0.00039237
-45.00 -70.00 0.00049443
-40.00 -70.00 0.00044406
-35.00 -70.00 0.00024972
-30.00 -70.00 -4.968e-05
-25.00 -70.00 -0.0003918
-20.00 -70.00 -0.00070647
-15.00 -70.00 -0.00093699
-10.00 -70.00 -0.00105951
-5.00 -70.00 -0.00109152
0.00 -70.00 -0.00108366
5.00 -70.00 -0.00109614
10.00 -70.00 -0.0011694
15.00 -70.00 -0.00130266
20.00 -70.00 -0.0014508
25.00 -70.00 -0.001542
30.00 -70.00 -0.0015078
35.00 -70.00 -0.00131283
40.00 -70.00 -0.00097227
45.00 -70.00 -0.00055017
50.00 -70.00 -0.0001413
55.00 -70.00 0.00015861
60.00 -70.00 0.00028398
65.00 -70.00 0.00022293
70.00 -70.00 2.382e-05
75.00 -70.00 -0.00021954
80.00 -70.00 -0.00040128
85.00 -70.00 -0.00044301
90.00 -70.00 -0.00032307
95.00 -70.00 -8.151e-05
100.00 -70.00 0.00020028
105.00 -70.00 0.00043491
110.00 -70.00 0.00056103
115.00 -70.00 0.00055845
120.00 -70.00 0.0004419
125.00 -70.00 0.00024141
130.00 -70.00 -1.821e-05
135.00 -70.00 -0.00032781
140.00 -70.00 -0.00068928
145.00 -70.00 -0.00110112
150.00 -70.00 -0.0015429
155.00 -70.00 -0.00196977
160.00 -70.00 -0.00232173
165.00 -70.00 -0.0025443
170.00 -70.00 -0.00261123
175.00 -70.00 -0.00253758
180.00 -70.00 -0.00237747
-180.00 -65.00 -0.00199572
-175.00 -65.00 -0.00162705
-170.00 -65.00 -0.00131295
-165.00 -65.00 -0.00117195
-160.00 -65.00 -0.00126792
-155.00 -65.00 -0.00158793
-150.00 -65.00 -0.00203862
-145.00 -65.00 -0.00247497
-140.00 -65.00 -0.00276006
-135.00 -65.00 -0.00282783
-130.00 -65.00 -0.00271053
-125.00 -65.00 -0.00251154
-120.00 -65.00 -0.00233985
-115.00 -65.00 -0.00224832
-110.00 -65.00 -0.00221325
-105.00 -65.00 -0.00216348
-100.00 -65.00 -0.00203352
-95.00 -65.00 -0.0018039
-90.00 -65.00 -0.00150498
-85.00 -65.00 -0.00118797
-80.00 -65.00 -0.00088857
-75.00 -65.00 -0.00061017
-70.00 -65.00 -0.00033537
-65.00 -65.00 -5.25e-05
-60.00 -65.00 0.00022506
-55.00 -65.00 0.00045921
-50.00 -65.00 0.00060198
-45.00 -65.00 0.00061038
-40.00 -65.00 0.00045408
-35.00 -65.00 0.00012009
-30.00 -65.00 -0.00037608
-25.00 -65.00 -0.00097653
-20.00 -65.00 -0.00157902
-15.00 -65.00 -0.0020616
-10.00 -65.00 -0.00233067
-5.00 -65.00 -0.00236775
0.00 -65.00 -0.00224391
5.00 -65.00 -0.00208752
10.00 -65.00 -0.00201891
15.00 -65.00 -0.00208902
20.00 -65.00 -0.00225636
25.00 -65.00 -0.00241449
30.00 -65.00 -0.00244863
35.00 -65.00 -0.00228762
40.00 -65.00 -0.00192624
45.00 -65.00 -0.00141954
50.00 -65.00 -0.00086481
55.00 -65.00 -0.0003816
60.00 -65.00 -8.463e-05
65.00 -65.00 -4.287e-05
70.00 -65.00 -0.00023658
75.00 -65.00 -0.00054534
80.00 -65.00 -0.00079209
85.00 -65.00 -0.00083112
90.00 -65.00 -0.00062826
95.00 -65.00 -0.00027873
100.00 -65.00 5.205e-05
105.00 -65.00 0.00022518
110.00 -65.00 0.000201
115.00 -65.00 4.752e-05
120.00 -65.00 -0.00011112
125.00 -65.00 -0.00016995
130.00 -65.00 -0.00010161
135.00 -65.00 2.736e-05
140.00 -65.00 8.766e-05
145.00 -65.00 -4.734e-05
150.00 -65.00 -0.00043161
155.00 -65.00 -0.00100839
160.00 -65.00 -0.00162768
165.00 -65.00 -0.00211275
170.00 -65.00 -0.00233793
175.00 -65.00 -0.00227577
180.00 -65.00 -0.00199572
-180.00 -60.00 -0.00286779
-175.00 -60.00 -0.00247068
-170.00 -60.00 -0.00194913
-165.00 -60.00 -0.00145434
-160.00 -60.00 -0.00116376
-155.00 -60.00 -0.00120603
-150.00 -60.00 -0.00155577
-145.00 -60.00 -0.00200895
-140.00 -60.00 -0.00229476
-135.00 -60.00 -0.00225363
-130.00 -60.00 -0.00194211
-125.00 -60.00 -0.00158172
-120.00 -60.00 -0.00139566
-115.00 -60.00 -0.00146049
-110.00 -60.00 -0.00167388
-105.00 -60.00 -0.00184323
-100.00 -60.00 -0.00181686
-95.00 -60.00 -0.00156693
-90.00 -60.00 -0.00118035
-85.00 -60.00 -0.00078114
-80.00 -60.00 -0.00044793
-75.00 -60.00 -0.00018588
-70.00 -60.00 3.414e-05
-65.00 -60.00 0.0002136
-60.00 -60.00 0.00030579
-55.00 -60.00 0.00026034
-50.00 -60.00 8.79e-05
-45.00 -60.00 -0.00012858
-40.00 -60.00 -0.00030051
-35.00 -60.00 -0.00041958
-30.00 -60.00 -0.00057693
-25.00 -60.00 -0.00088611
-20.00 -60.00 -0.00137259
-15.00 -60.00 -0.00192561
-10.00 -60.00 -0.00235731
-5.00 -60.00 -0.00252474
0.00 -60.00 -0.00242289
5.00 -60.00 -0.00218133
10.00 -60.00 -0.00197037
15.00 -60.00 -0.00189009
20.00 -60.00 -0.00192492
25.00 -60.00 -0.00199155
30.00 -60.00 -0.00202683
35.00 -60.00 -0.00202992
40.00 -60.00 -0.00202134
45.00 -60.00 -0.00197304
50.00 -60.00 -0.00180171
55.00 -60.00 -0.00145419
60.00 -60.00 -0.00100467
65.00 -60.00 -0.00064542
70.00 -60.00 -0.00054567
75.00 -60.00 -0.00069327
80.00 -60.00 -0.00087624
85.00 -60.00 -0.00084405
90.00 -60.00 -0.00051516
95.00 -60.00 -4.68e-05
100.00 -60.00 0.00029298
105.00 -60.00 0.00033195
110.00 -60.00 0.00010551
115.00 -60.00 -0.00019257
120.00 -60.00 -0.00034542
125.00 -60.00 -0.00022218
130.00 -60.00 0.00017934
135.00 -60.00 0.00073089
140.00 -60.00 0.0011976
145.00 -60.00 0.00131142
150.00 -60.00 0.00089973
155.00 -60.00 2.01e-06
160.00 -60.00 -0.00112551
165.00 -60.00 -0.00214173
170.00 -60.00 -0.00279567
175.00 -60.00 -0.00301518
180.00 -60.00 -0.00286779
-180.00 -55.00 -0.00295902
-175.00 -55.00 -0.00287712
-170.00 -55.00 -0.00247398
-165.00 -55.00 -0.00176526
-160.00 -55.00 -0.00105711
-155.00 -55.00 -0.0007683
-150.00 -55.00 -0.00106746
-145.00 -55.00 -0.00169773
-140.00 -55.00 -0.00217986
-135.00 -55.00 -0.00220299
-130.00 -55.00 -0.00184275
-125.00 -55.00 -0.00143964
-120.00 -55.00 -0.00129297
-115.00 -55.00 -0.00145218
-110.00 -55.00 -0.00173979
-105.00 -55.00 -0.00192201
-100.00 -55.00 -0.00186258
-95.00 -55.00 -0.00156969
-90.00 -55.00 -0.00114912
-85.00 -55.00 -0.00071478
-80.00 -55.00 -0.00031062
-75.00 -55.00 0.00010203
-70.00 -55.00 0.00056157
-65.00 -55.00 0.00098634
-60.00 -55.00 0.00115524
-55.00 -55.00 0.00086694
-50.00 -55.00 0.00016611
-45.00 -55.00 -0.00059787
-40.00 -55.00 -0.00098991
-35.00 -55.00 -0.00081879
-30.00 -55.00 -0.00028263
-25.00 -55.00 0.00019689
-20.00 -55.00 0.00029241
-15.00 -55.00 -2.766e-05
-10.00 -55.00 -0.00054201
-5.00 -55.00 -0.00098007
0.00 -55.00 -0.00121128
5.00 -55.00 -0.00129255
10.00 -55.00 -0.00136278
15.00 -55.00 -0.00148323
20.00 -55.00 -0.00157137
25.00 -55.00 -0.00150414
30.00 -55.00 -0.00130014
35.00 -55.00 -0.00117783
40.00 -55.00 -0.00137934
45.00 -55.00 -0.00189681
50.00 -55.00 -0.00238848
55.00 -55.00 -0.00242718
60.00 -55.00 -0.00188826
65.00 -55.00 -0.0010971
70.00 -55.00 -0.0005544
75.00 -55.00 -0.00048123
80.00 -55.00 -0.00063459
85.00 -55.00 -0.00058401
90.00 -55.00 -0.00015861
95.00 -55.00 0.00040302
100.00 -55.00 0.00073311
105.00 -55.00 0.00071007
110.00 -55.00 0.00052269
115.00 -55.00 0.00040857
120.00 -55.00 0.00041697
125.00 -55.00 0.00046026
130.00 -55.00 0.00052212
135.00 -55.00 0.00070167
140.00 -55.00 0.00101691
145.00 -55.00 0.00123942
150.00 -55.00 0.00102438
155.00 -55.00 0.00023937
160.00 -55.00 -0.0008706
165.00 -55.00 -0.00187893
170.00 -55.00 -0.00252462
175.00 -55.00 -0.00284013
180.00 -55.00 -0.00295902
-180.00 -50.00 -0.0015462
-175.00 -50.00 -0.00207057
-170.00 -50.00 -0.00219984
-165.00 -50.00 -0.00164694
-160.00 -50.00 -0.00081441
-155.00 -50.00 -0.00043569
-150.00 -50.00 -0.00084567
-145.00 -50.00 -0.00168306
-140.00 -50.00 -0.00230856
-135.00 -50.00 -0.00243129
-130.00 -50.00 -0.00227871
-125.00 -50.00 -0.00222297
-120.00 -50.00 -0.00235758
-115.00 -50.00 -0.00247215
-110.00 -50.00 -0.00235845
-105.00 -50.00 -0.00204099
-100.00 -50.00 -0.00169908
-95.00 -50.00 -0.00144558
-90.00 -50.00 -0.0012456
-85.00 -50.00 -0.001014
-80.00 -50.00 -0.00069549
-75.00 -50.00 -0.00022857
-70.00 -50.00 0.00045702
-65.00 -50.00 0.00127887
-60.00 -50.00 0.00185925
-55.00 -50.00 0.00171582
-50.00 -50.00 0.00073746
-45.00 -50.00 -0.00055374
-40.00 -50.00 -0.00133536
-35.00 -50.00 -0.00114837
-30.00 -50.00 -0.00023601
-25.00 -50.00 0.00073908
-20.00 -50.00 0.00124641
-15.00 -50.00 0.00118302
-10.00 -50.00 0.00077394
-5.00 -50.00 0.00030627
0.00 -50.00 -7.113e-05
5.00 -50.00 -0.0004068
10.00 -50.00 -0.00085188
15.00 -50.00 -0.00144768
20.00 -50.00 -0.00197271
25.00 -50.00 -0.00206649
30.00 -50.00 -0.00159567
35.00 -50.00 -0.00090186
40.00 -50.00 -0.00059664
45.00 -50.00 -0.00101445
50.00 -50.00 -0.00184413
55.00 -50.00 -0.00235974
60.00 -50.00 -0.0020907
65.00 -50.00 -0.00127845
70.00 -50.00 -0.00062184
75.00 -50.00 -0.00054891
80.00 -50.00 -0.00080196
85.00 -50.00 -0.00080448
90.00 -50.00 -0.00037029
95.00 -50.00 0.00010776
100.00 -50.00 0.0002142
105.00 -50.00 8.601e-05
110.00 -50.00 0.00023553
115.00 -50.00 0.00081879
120.00 -50.00 0.00129975
125.00 -50.00 0.00100602
130.00 -50.00 -5.166e-05
135.00 -50.00 -0.00109665
140.00 -50.00 -0.00137907
145.00 -50.00 -0.00093711
150.00 -50.00 -0.00046983
155.00 -50.00 -0.00052089
160.00 -50.00 -0.00094743
165.00 -50.00 -0.00123882
170.00 -50.00 -0.00121071
175.00 -50.00 -0.0011985
180.00 -50.00 -0.0015462
-180.00 -45.00 -0.00049308
-175.00 -45.00 -0.00162075
-170.00 -45.00 -0.0022893
-165.00 -45.00 -0.00200493
-160.00 -45.00 -0.00129039
-155.00 -45.00 -0.00101721
-150.00 -45.00 -0.00139758
-145.00 -45.00 -0.0018558
-140.00 -45.00 -0.00185595
-135.00 -45.00 -0.00159984
-130.00 -45.00 -0.00174429
-125.00 -45.00 -0.00253089
-120.00 -45.00 -0.00340584
-115.00 -45.00 -0.00357906
-110.00 -45.00 -0.00286767
-105.00 -45.00 -0.00187524
-100.00 -45.00 -0.00134043
-95.00 -45.00 -0.00141141
-90.00 -45.00 -0.00163194
-85.00 -45.00 -0.00155919
-80.00 -45.00 -0.00120714
-75.00 -45.00 -0.00081189
-70.00 -45.00 -0.00036315
-65.00 -45.00 0.00033948
-60.00 -45.00 0.00115488
-55.00 -45.00 0.00145776
-50.00 -45.00 0.00079737
-45.00 -45.00 -0.00042321
-40.00 -45.00 -0.0012228
-35.00 -45.00 -0.00103431
-30.00 -45.00 -0.00022059
-25.00 -45.00 0.00043269
-20.00 -45.00 0.00051165
-15.00 -45.00 0.00016548
-10.00 -45.00 -0.00025368
-5.00 -45.00 -0.00049917
0.00 -45.00 -0.00049056
5.00 -45.00 -0.00034635
10.00 -45.00 -0.00039231
15.00 -45.00 -0.00091746
20.00 -45.00 -0.00178587
25.00 -45.00 -0.00239352
30.00 -45.00 -0.00216903
35.00 -45.00 -0.00116211
40.00 -45.00 -9.576e-05
45.00 -45.00 0.00021987
50.00 -45.00 -0.00040821
55.00 -45.00 -0.0013884
60.00 -45.00 -0.00190947
65.00 -45.00 -0.00171588
70.00 -45.00 -0.00127671
75.00 -45.00 -0.00114285
80.00 -45.00 -0.00127707
85.00 -45.00 -0.00122922
90.00 -45.00 -0.00090576
95.00 -45.00 -0.00079239
100.00 -45.00 -0.00120078
105.00 -45.00 -0.00157416
110.00 -45.00 -0.00099924
115.00 -45.00 0.0005271
120.00 -45.00 0.00172617
125.00 -45.00 0.00126174
130.00 -45.00 -0.00074763
135.00 -45.00 -0.00272775
140.00 -45.00 -0.00322701
145.00 -45.00 -0.00229473
150.00 -45.00 -0.00116646
155.00 -45.00 -0.00077631
160.00 -45.00 -0.00088899
165.00 -45.00 -0.00073239
170.00 -45.00 -0.00016569
175.00 -45.00 0.00011205
180.00 -45.00 -0.00049308
-180.00 -40.00 -0.00060213
-175.00 -40.00 -0.00201447
-170.00 -40.00 -0.00276129
-165.00 -40.00 -0.00248445
-160.00 -40.00 -0.00191295
-155.00 -40.00 -0.00180879
-150.00 -40.00 -0.00195612
-145.00 -40.00 -0.00153432
-140.00 -40.00 -0.00037473
-135.00 -40.00 0.00057273
-130.00 -40.00 0.00022287
-125.00 -40.00 -0.00137265
-120.00 -40.00 -0.00295641
-115.00 -40.00 -0.00328092
-110.00 -40.00 -0.00230508
-105.00 -40.00 -0.0011547
-100.00 -40.00 -0.00093009
-95.00 -40.00 -0.00160089
-90.00 -40.00 -0.0021411
-85.00 -40.00 -0.00175017
-80.00 -40.00 -0.00075885
-75.00 -40.00 -0.00012645
-70.00 -40.00 -0.00017646
-65.00 -40.00 -0.00026733
-60.00 -40.00 0.00014631
-55.00 -40.00 0.0006165
-50.00 -40.00 0.00034947
-45.00 -40.00 -0.000522
-40.00 -40.00 -0.00097356
-35.00 -40.00 -0.00044778
-30.00 -40.00 0.0004074
-25.00 -40.00 0.0005937
-20.00 -40.00 -0.00010311
-15.00 -40.00 -0.00113574
-10.00 -40.00 -0.00194697
-5.00 -40.00 -0.00227196
0.00 -40.00 -0.00196542
5.00 -40.00 -0.00107646
10.00 -40.00 -0.00011037
15.00 -40.00 0.00020835
20.00 -40.00 -0.00037407
25.00 -40.00 -0.00133908
30.00 -40.00 -0.00185718
35.00 -40.00 -0.0014814
40.00 -40.00 -0.00047301
45.00 -40.00 0.00036396
50.00 -40.00 0.00024822
55.00 -40.00 -0.00087954
60.00 -40.00 -0.00217611
65.00 -40.00 -0.0026565
70.00 -40.00 -0.00217932
75.00 -40.00 -0.00144828
80.00 -40.00 -0.00106578
85.00 -40.00 -0.00099009
90.00 -40.00 -0.00103464
95.00 -40.00 -0.0013719
100.00 -40.00 -0.00207393
105.00 -40.00 -0.0024675
110.00 -40.00 -0.00164232
115.00 -40.00 0.00024453
120.00 -40.00 0.00168741
125.00 -40.00 0.00129687
130.00 -40.00 -0.0005931
135.00 -40.00 -0.00217686
140.00 -40.00 -0.00209613
145.00 -40.00 -0.00079587
150.00 -40.00 0.0002073
155.00 -40.00 0.00013272
160.00 -40.00 -0.00037467
165.00 -40.00 -0.00033312
170.00 -40.00 0.0002289
175.00 -40.00 0.00034278
180.00 -40.00 -0.00060213
-180.00 -35.00 -0.00053901
-175.00 -35.00 -0.00194019
-170.00 -35.00 -0.00247467
-165.00 -35.00 -0.00206487
-160.00 -35.00 -0.0015741
-155.00 -35.00 -0.00158331
-150.00 -35.00 -0.00160584
-145.00 -35.00 -0.00083712
-140.00 -35.00 0.00057
-135.00 -35.00 0.00146925
-130.00 -35.00 0.00099951
-125.00 -35.00 -0.00044625
-120.00 -35.00 -0.00164604
-115.00 -35.00 -0.00174078
-110.00 -35.00 -0.00094407
-105.00 -35.00 -0.00025224
-100.00 -35.00 -0.0004977
-95.00 -35.00 -0.00149574
-90.00 -35.00 -0.00209262
-85.00 -35.00 -0.00132444
-80.00 -35.00 0.00038301
-75.00 -35.00 0.00153591
-70.00 -35.00 0.00131598
-65.00 -35.00 0.00053772
-60.00 -35.00 0.00039183
-55.00 -35.00 0.00073017
-50.00 -35.00 0.00047352
-45.00 -35.00 -0.00049884
-40.00 -35.00 -0.00098343
-35.00 -35.00 -0.00020922
-30.00 -35.00 0.00102108
-25.00 -35.00 0.00143265
-20.00 -35.00 0.00076458
-15.00 -35.00 -0.0003843
-10.00 -35.00 -0.00151788
-5.00 -35.00 -0.00236097
0.00 -35.00 -0.00249309
5.00 -35.00 -0.00166587
10.00 -35.00 -0.00037326
15.00 -35.00 0.00047901
20.00 -35.00 0.00046101
25.00 -35.00 -0.00017811
30.00 -35.00 -0.00099849
35.00 -35.00 -0.00159633
40.00 -35.00 -0.00156765
45.00 -35.00 -0.0009159
50.00 -35.00 -0.00045312
55.00 -35.00 -0.0010581
60.00 -35.00 -0.00238188
65.00 -35.00 -0.00300045
70.00 -35.00 -0.00215988
75.00 -35.00 -0.00073575
80.00 -35.00 -6.363e-05
85.00 -35.00 -0.00039684
90.00 -35.00 -0.00102795
95.00 -35.00 -0.00143004
100.00 -35.00 -0.00158844
105.00 -35.00 -0.00144579
110.00 -35.00 -0.00077607
115.00 -35.00 0.0002361
120.00 -35.00 0.00082311
125.00 -35.00 0.00044214
130.00 -35.00 -0.00042234
135.00 -35.00 -0.00067368
140.00 -35.00 0.00010023
145.00 -35.00 0.00107925
150.00 -35.00 0.0012054
155.00 -35.00 0.00048873
160.00 -35.00 -6.444e-05
165.00 -35.00 0.00021957
170.00 -35.00 0.00081963
175.00 -35.00 0.00066798
180.00 -35.00 -0.00053901
-180.00 -30.00 0.00014052
-175.00 -30.00 -0.00126963
-170.00 -30.00 -0.00192855
-165.00 -30.00 -0.00166137
-160.00 -30.00 -0.00112296
-155.00 -30.00 -0.00091836
-150.00 -30.00 -0.00093465
-145.00 -30.00 -0.00080304
-140.00 -30.00 -0.00065154
-135.00 -30.00 -0.00087
-130.00 -30.00 -0.0013482
-125.00 -30.00 -0.00153795
-120.00 -30.00 -0.00122187
-115.00 -30.00 -0.00072318
-110.00 -30.00 -0.00035646
-105.00 -30.00 -0.00014967
-100.00 -30.00 -0.00016785
-95.00 -30.00 -0.00056031
-90.00 -30.00 -0.00101166
-85.00 -30.00 -0.00070365
-80.00 -30.00 0.00059688
-75.00 -30.00 0.00184206
-70.00 -30.00 0.00191427
-65.00 -30.00 0.00123846
-60.00 -30.00 0.00113028
-55.00 -30.00 0.00167592
-50.00 -30.00 0.00159861
-45.00 -30.00 0.00043971
-40.00 -30.00 -0.00054072
-35.00 -30.00 -0.00020343
-30.00 -30.00 0.00095031
-25.00 -30.00 0.00177276
-20.00 -30.00 0.00191484
-15.00 -30.00 0.00155424
-10.00 -30.00 0.00065781
-5.00 -30.00 -0.00061668
0.00 -30.00 -0.00149406
5.00 -30.00 -0.00141531
10.00 -30.00 -0.00084195
15.00 -30.00 -0.00053979
20.00 -30.00 -0.00052413
25.00 -30.00 -0.00044598
30.00 -30.00 -0.00055041
35.00 -30.00 -0.00126246
40.00 -30.00 -0.00207033
45.00 -30.00 -0.0019809
50.00 -30.00 -0.00115041
55.00 -30.00 -0.00085401
60.00 -30.00 -0.00149238
65.00 -30.00 -0.00184191
70.00 -30.00 -0.00094284
75.00 -30.00 0.00033252
80.00 -30.00 0.00049545
85.00 -30.00 -0.00051966
90.00 -30.00 -0.00144327
95.00 -30.00 -0.00136407
100.00 -30.00 -0.00056607
105.00 -30.00 0.00011538
110.00 -30.00 0.00018546
115.00 -30.00 -0.00025134
120.00 -30.00 -0.00076479
125.00 -30.00 -0.00096843
130.00 -30.00 -0.00068184
135.00 -30.00 3.429e-05
140.00 -30.00 0.00077622
145.00 -30.00 0.00092232
150.00 -30.00 0.00027783
155.00 -30.00 -0.00047151
160.00 -30.00 -0.00039378
165.00 -30.00 0.00057246
170.00 -30.00 0.00147435
175.00 -30.00 0.00134469
180.00 -30.00 0.00014052
-180.00 -25.00 0.00039495
-175.00 -25.00 -0.00116847
-170.00 -25.00 -0.00237858
-165.00 -25.00 -0.00246426
-160.00 -25.00 -0.00166572
-155.00 -25.00 -0.00094542
-150.00 -25.00 -0.00094089
-145.00 -25.00 -0.00164613
-140.00 -25.00 -0.00278337
-135.00 -25.00 -0.00381219
-130.00 -25.00 -0.0039279
-125.00 -25.00 -0.00285279
-120.00 -25.00 -0.00144438
-115.00 -25.00 -0.00081897
-110.00 -25.00 -0.00095913
-105.00 -25.00 -0.00082578
-100.00 -25.00 7.275e-05
-95.00 -25.00 0.00087477
-90.00 -25.00 0.00060921
-85.00 -25.00 -0.00023814
-80.00 -25.00 -0.00033186
-75.00 -25.00 0.00049674
-70.00 -25.00 0.00109125
-65.00 -25.00 0.00099417
-60.00 -25.00 0.00112758
-55.00 -25.00 0.00192684
-50.00 -25.00 0.00237141
-45.00 -25.00 0.0017046
-40.00 -25.00 0.0007035
-35.00 -25.00 0.0003762
-30.00 -25.00 0.00065994
-25.00 -25.00 0.00113298
-20.00 -25.00 0.00175107
-15.00 -25.00 0.00219369
-10.00 -25.00 0.00170409
-5.00 -25.00 0.00030612
0.00 -25.00 -0.00084675
5.00 -25.00 -0.00101085
10.00 -25.00 -0.00085206
15.00 -25.00 -0.00122184
20.00 -25.00 -0.00174033
25.00 -25.00 -0.00153087
30.00 -25.00 -0.00085044
35.00 -25.00 -0.0008085
40.00 -25.00 -0.00153426
45.00 -25.00 -0.00188964
50.00 -25.00 -0.00131385
55.00 -25.00 -0.00066585
60.00 -25.00 -0.00063309
65.00 -25.00 -0.00060174
70.00 -25.00 1.233e-05
75.00 -25.00 0.00049071
80.00 -25.00 -6.696e-05
85.00 -25.00 -0.00122376
90.00 -25.00 -0.00177288
95.00 -25.00 -0.00126045
100.00 -25.00 -0.00031686
105.00 -25.00 0.00011574
110.00 -25.00 -0.00038277
115.00 -25.00 -0.00130626
120.00 -25.00 -0.00167685
125.00 -25.00 -0.00113343
130.00 -25.00 -0.00024924
135.00 -25.00 0.00034341
140.00 -25.00 0.00051945
145.00 -25.00 0.00028053
150.00 -25.00 -0.00034776
155.00 -25.00 -0.0008826
160.00 -25.00 -0.00065256
165.00 -25.00 0.00032022
170.00 -25.00 0.00124599
175.00 -25.00 0.00134628
180.00 -25.00 0.00039495
-180.00 -20.00 3.258e-05
-175.00 -20.00 -0.00155223
-170.00 -20.00 -0.00298107
-165.00 -20.00 -0.00303441
-160.00 -20.00 -0.0019464
-155.00 -20.00 -0.00120789
-150.00 -20.00 -0.00165516
-145.00 -20.00 -0.00276915
-140.00 -20.00 -0.00368394
-135.00 -20.00 -0.00387219
-130.00 -20.00 -0.00314559
-125.00 -20.00 -0.00189798
-120.00 -20.00 -0.00105669
-115.00 -20.00 -0.00112203
-110.00 -20.00 -0.00147609
-105.00 -20.00 -0.00105132
-100.00 -20.00 0.00035526
-95.00 -20.00 0.001599
-90.00 -20.00 0.00134166
-85.00 -20.00 -0.000129
-80.00 -20.00 -0.0009471
-75.00 -20.00 -9.438e-05
-70.00 -20.00 0.00124584
-65.00 -20.00 0.00161316
-60.00 -20.00 0.001263
-55.00 -20.00 0.00114117
-50.00 -20.00 0.00123726
-45.00 -20.00 0.00113427
-40.00 -20.00 0.00093879
-35.00 -20.00 0.00073995
-30.00 -20.00 0.00035811
-25.00 -20.00 0.00013374
-20.00 -20.00 0.00061494
-15.00 -20.00 0.00123201
-10.00 -20.00 0.00075792
-5.00 -20.00 -0.00072579
0.00 -20.00 -0.00170325
5.00 -20.00 -0.00130524
10.00 -20.00 -0.0004206
15.00 -20.00 -0.00038916
20.00 -20.00 -0.00127719
25.00 -20.00 -0.00194913
30.00 -20.00 -0.00167775
35.00 -20.00 -0.00106917
40.00 -20.00 -0.00103455
45.00 -20.00 -0.00148215
50.00 -20.00 -0.00176103
55.00 -20.00 -0.00175314
60.00 -20.00 -0.0016233
65.00 -20.00 -0.00120591
70.00 -20.00 -0.0005697
75.00 -20.00 -0.00038115
80.00 -20.00 -0.00088401
85.00 -20.00 -0.00139542
90.00 -20.00 -0.00139002
95.00 -20.00 -0.00114189
100.00 -20.00 -0.00102435
105.00 -20.00 -0.00111036
110.00 -20.00 -0.00137625
115.00 -20.00 -0.00148068
120.00 -20.00 -0.0008682
125.00 -20.00 0.0002226
130.00 -20.00 0.00079518
135.00 -20.00 0.00065163
140.00 -20.00 0.00062394
145.00 -20.00 0.00091428
150.00 -20.00 0.00075975
155.00 -20.00 2.019e-05
160.00 -20.00 -0.00043764
165.00 -20.00 -0.00012366
170.00 -20.00 0.0005055
175.00 -20.00 0.00073122
180.00 -20.00 3.258e-05
-180.00 -15.00 -0.00034833
-175.00 -15.00 -0.00145959
-170.00 -15.00 -0.00217089
-165.00 -15.00 -0.00161544
-160.00 -15.00 -0.00062736
-155.00 -15.00 -0.00096315
-150.00 -15.00 -0.00266502
-145.00 -15.00 -0.0039513
-140.00 -15.00 -0.00361521
-135.00 -15.00 -0.00209397
-130.00 -15.00 -0.00057711
-125.00 -15.00 -7.017e-05
-120.00 -15.00 -0.00072108
-115.00 -15.00 -0.00155088
-110.00 -15.00 -0.00148479
-105.00 -15.00 -0.00057144
-100.00 -15.00 0.00038892
-95.00 -15.00 0.00078153
-90.00 -15.00 0.00033381
-85.00 -15.00 -0.00057693
-80.00 -15.00 -0.00063135
-75.00 -15.00 0.00102003
-70.00 -15.00 0.00317154
-65.00 -15.00 0.00382401
-60.00 -15.00 0.00259122
-55.00 -15.00 0.00063309
-50.00 -15.00 -0.00090615
-45.00 -15.00 -0.00138714
-40.00 -15.00 -0.00080883
-35.00 -15.00 -0.0001353
-30.00 -15.00 -0.00024396
-25.00 -15.00 -0.00054165
-20.00 -15.00 -8.808e-05
-15.00 -15.00 0.00047205
-10.00 -15.00 -0.00013944
-5.00 -15.00 -0.00160497
0.00 -15.00 -0.00235356
5.00 -15.00 -0.00159948
10.00 -15.00 -5.229e-05
15.00 -15.00 0.00084126
20.00 -15.00 0.00011256
25.00 -15.00 -0.0016041
30.00 -15.00 -0.00252936
35.00 -15.00 -0.00196119
40.00 -15.00 -0.00112299
45.00 -15.00 -0.00124197
50.00 -15.00 -0.00208326
55.00 -15.00 -0.00283797
60.00 -15.00 -0.00309489
65.00 -15.00 -0.00271875
70.00 -15.00 -0.00192711
75.00 -15.00 -0.00132402
80.00 -15.00 -0.00111549
85.00 -15.00 -0.00097122
90.00 -15.00 -0.00094317
95.00 -15.00 -0.00131091
100.00 -15.00 -0.00158298
105.00 -15.00 -0.00110982
110.00 -15.00 -0.00026487
115.00 -15.00 0.00033219
120.00 -15.00 0.00080508
125.00 -15.00 0.00113559
130.00 -15.00 0.00084837
135.00 -15.00 0.00039795
140.00 -15.00 0.00085401
145.00 -15.00 0.00173877
150.00 -15.00 0.0014928
155.00 -15.00 0.00019869
160.00 -15.00 -0.00054084
165.00 -15.00 -0.00020601
170.00 -15.00 0.00029775
175.00 -15.00 0.00028983
180.00 -15.00 -0.00034833
-180.00 -10.00 -0.00095304
-175.00 -10.00 -0.00104856
-170.00 -10.00 -0.0006339
-165.00 -10.00 0.00037785
-160.00 -10.00 0.00076509
-155.00 -10.00 -0.00084858
-150.00 -10.00 -0.00343326
-145.00 -10.00 -0.00452784
-140.00 -10.00 -0.00338379
-135.00 -10.00 -0.00129741
-130.00 -10.00 0.00017094
-125.00 -10.00 7.491e-05
-120.00 -10.00 -0.00135276
-115.00 -10.00 -0.00242076
-110.00 -10.00 -0.00181854
-105.00 -10.00 -0.00048438
-100.00 -10.00 -8.346e-05
-95.00 -10.00 -0.00063297
-90.00 -10.00 -0.00110931
-85.00 -10.00 -0.00095202
-80.00 -10.00 0.00017169
-75.00 -10.00 0.00238011
-70.00 -10.00 0.00461094
-65.00 -10.00 0.00521214
-60.00 -10.00 0.00370857
-55.00 -10.00 0.00097704
-50.00 -10.00 -0.00163974
-45.00 -10.00 -0.00278877
-40.00 -10.00 -0.00208617
-35.00 -10.00 -0.00090549
-30.00 -10.00 -0.00063045
-25.00 -10.00 -0.00067851
-20.00 -10.00 -3.93e-05
-15.00 -10.00 0.00055851
-10.00 -10.00 4.845e-05
-5.00 -10.00 -0.00098244
0.00 -10.00 -0.0014127
5.00 -10.00 -0.00105978
10.00 -10.00 -0.0001791
15.00 -10.00 0.00066921
20.00 -10.00 0.0003102
25.00 -10.00 -0.0014769
30.00 -10.00 -0.00289386
35.00 -10.00 -0.00255123
40.00 -10.00 -0.00148773
45.00 -10.00 -0.00114669
50.00 -10.00 -0.00135549
55.00 -10.00 -0.00159813
60.00 -10.00 -0.00206349
65.00 -10.00 -0.00255762
70.00 -10.00 -0.00239475
75.00 -10.00 -0.00165828
80.00 -10.00 -0.00105426
85.00 -10.00 -0.0009153
90.00 -10.00 -0.00122115
95.00 -10.00 -0.00156228
100.00 -10.00 -0.00091182
105.00 -10.00 0.00104385
110.00 -10.00 0.00281325
115.00 -10.00 0.00295959
120.00 -10.00 0.00195987
125.00 -10.00 0.00089235
130.00 -10.00 9.939e-05
135.00 -10.00 2.766e-05
140.00 -10.00 0.00094893
145.00 -10.00 0.00150438
150.00 -10.00 0.00030816
155.00 -10.00 -0.00136257
160.00 -10.00 -0.00139866
165.00 -10.00 -0.00030399
170.00 -10.00 4.767e-05
175.00 -10.00 -0.00049071
180.00 -10.00 -0.00095304
-180.00 -5.00 -0.0017952
-175.00 -5.00 -0.00084378
-170.00 -5.00 -8.118e-05
-165.00 -5.00 0.00047736
-160.00 -5.00 0.0002106
-155.00 -5.00 -0.00145866
-150.00 -5.00 -0.00314049
-145.00 -5.00 -0.00314532
-140.00 -5.00 -0.00203253
-135.00 -5.00 -0.00116124
-130.00 -5.00 -0.00067056
-125.00 -5.00 -0.00061107
-120.00 -5.00 -0.00147453
-115.00 -5.00 -0.0025023
-110.00 -5.00 -0.00222327
-105.00 -5.00 -0.00100818
-100.00 -5.00 -0.00049245
-95.00 -5.00 -0.00087423
-90.00 -5.00 -0.00100185
-85.00 -5.00 -0.00022731
-80.00 -5.00 0.00135255
-75.00 -5.00 0.00324597
-70.00 -5.00 0.00442803
-65.00 -5.00 0.00414081
-60.00 -5.00 0.00275448
-55.00 -5.00 0.00096096
-50.00 -5.00 -0.00080073
-45.00 -5.00 -0.00169209
-40.00 -5.00 -0.00117081
-35.00 -5.00 -0.00033978
-30.00 -5.00 -0.00042168
-25.00 -5.00 -0.00068916
-20.00 -5.00 -0.00016755
-15.00 -5.00 0.00028917
-10.00 -5.00 -0.00015369
-5.00 -5.00 -0.00064647
0.00 -5.00 -0.00060156
5.00 -5.00 -0.0006915
10.00 -5.00 -0.00096732
15.00 -5.00 -0.00082401
20.00 -5.00 -0.00082311
25.00 -5.00 -0.00171039
30.00 -5.00 -0.00258696
35.00 -5.00 -0.00256197
40.00 -5.00 -0.00230421
45.00 -5.00 -0.00202461
50.00 -5.00 -0.00076071
55.00 -5.00 0.00093996
60.00 -5.00 0.00102447
65.00 -5.00 -0.00051804
70.00 -5.00 -0.00152613
75.00 -5.00 -0.0012585
80.00 -5.00 -0.00097974
85.00 -5.00 -0.00132888
90.00 -5.00 -0.00160359
95.00 -5.00 -0.00098595
100.00 -5.00 0.00086571
105.00 -5.00 0.00333774
110.00 -5.00 0.00475851
115.00 -5.00 0.00416502
120.00 -5.00 0.00253197
125.00 -5.00 0.00114366
130.00 -5.00 0.0003048
135.00 -5.00 0.00022347
140.00 -5.00 0.00079212
145.00 -5.00 0.00056625
150.00 -5.00 -0.00124068
155.00 -5.00 -0.00270933
160.00 -5.00 -0.00213042
165.00 -5.00 -0.00104112
170.00 -5.00 -0.00135975
175.00 -5.00 -0.002124
180.00 -5.00 -0.0017952
-180.00 0.00 -0.00163899
-175.00 0.00 -0.00048201
-170.00 0.00 -0.00055818
-165.00 0.00 -0.00097755
-160.00 0.00 -0.00141423
-155.00 0.00 -0.00206307
-150.00 0.00 -0.00190536
-145.00 0.00 -0.00049506
-140.00 0.00 0.00033606
-135.00 0.00 -0.00045711
-130.00 0.00 -0.00110556
-125.00 0.00 -0.00046119
-120.00 0.00 -7.332e-05
-115.00 0.00 -0.00094995
-110.00 0.00 -0.00170919
-105.00 0.00 -0.00127974
-100.00 0.00 -0.00044742
-95.00 0.00 -5.223e-05
-90.00 0.00 0.00017214
-85.00 0.00 0.00089637
-80.00 0.00 0.00238491
-75.00 0.00 0.00387606
-70.00 0.00 0.00391602
-65.00 0.00 0.00229788
-60.00 0.00 0.0006153
-55.00 0.00 -9.81e-05
-50.00 0.00 -0.00042195
-45.00 0.00 -0.00063627
-40.00 0.00 -0.00031977
-35.00 0.00 -2.067e-05
-30.00 0.00 -0.00053955
-25.00 0.00 -0.00109362
-20.00 0.00 -0.0008298
-15.00 0.00 -0.00067713
-10.00 0.00 -0.00135294
-5.00 0.00 -0.00182274
0.00 0.00 -0.00156123
5.00 0.00 -0.00152802
10.00 0.00 -0.00187062
15.00 0.00 -0.00169671
20.00 0.00 -0.00121239
25.00 0.00 -0.00123591
30.00 0.00 -0.00157341
35.00 0.00 -0.00210891
40.00 0.00 -0.00322866
45.00 0.00 -0.00365331
50.00 0.00 -0.00142344
55.00 0.00 0.00198744
60.00 0.00 0.00289911
65.00 0.00 0.00111882
70.00 0.00 -0.00022617
75.00 0.00 -0.00017241
80.00 0.00 -0.00048378
85.00 0.00 -0.00141705
90.00 0.00 -0.0012543
95.00 0.00 0.00050586
100.00 0.00 0.0025488
105.00 0.00 0.0036789
110.00 0.00 0.00373707
115.00 0.00 0.00333126
120.00 0.00 0.00305232
125.00 0.00 0.00256236
130.00 0.00 0.00131343
135.00 0.00 6.027e-05
140.00 0.00 -0.00025077
145.00 0.00 -0.00043242
150.00 0.00 -0.00142686
155.00 0.00 -0.00219207
160.00 0.00 -0.00189795
165.00 0.00 -0.00188925
170.00 0.00 -0.00283683
175.00 0.00 -0.00301029
180.00 0.00 -0.00163902
-180.00 5.00 -0.00022644
-175.00 5.00 3.051e-05
-170.00 5.00 -0.0010926
-165.00 5.00 -0.00185559
-160.00 5.00 -0.00194733
-155.00 5.00 -0.00202245
-150.00 5.00 -0.00136143
-145.00 5.00 0.0003249
-140.00 5.00 0.00099564
-135.00 5.00 -0.00040278
-130.00 5.00 -0.00155478
-125.00 5.00 -0.00062481
-120.00 5.00 0.00069156
-115.00 5.00 0.00035112
-110.00 5.00 -0.00088137
-105.00 5.00 -0.00128376
-100.00 5.00 -0.00070221
-95.00 5.00 -4.551e-05
-90.00 5.00 0.0002448
-85.00 5.00 0.00070356
-80.00 5.00 0.00204852
-75.00 5.00 0.00361281
-70.00 5.00 0.00353448
-65.00 5.00 0.00150201
-60.00 5.00 -0.00042024
-55.00 5.00 -0.00089094
-50.00 5.00 -0.00087492
-45.00 5.00 -0.00117996
-40.00 5.00 -0.00126156
-35.00 5.00 -0.00108819
-30.00 5.00 -0.0012906
-25.00 5.00 -0.00149286
-20.00 5.00 -0.00113055
-15.00 5.00 -0.00100809
-10.00 5.00 -0.00178002
-5.00 5.00 -0.00254112
0.00 5.00 -0.00257073
5.00 5.00 -0.00230856
10.00 5.00 -0.00182091
15.00 5.00 -0.00077172
20.00 5.00 0.00019185
25.00 5.00 0.00032793
30.00 5.00 -4.953e-05
35.00 5.00 -0.00093012
40.00 5.00 -0.00263601
45.00 5.00 -0.00353349
50.00 5.00 -0.00151557
55.00 5.00 0.00173559
60.00 5.00 0.00253365
65.00 5.00 0.00107355
70.00 5.00 0.00051963
75.00 5.00 0.00108885
80.00 5.00 0.00044367
85.00 5.00 -0.00105648
90.00 5.00 -0.00074214
95.00 5.00 0.00148416
100.00 5.00 0.00293175
105.00 5.00 0.00232278
110.00 5.00 0.00126195
115.00 5.00 0.00163833
120.00 5.00 0.00308481
125.00 5.00 0.00340578
130.00 5.00 0.00153222
135.00 5.00 -0.00075978
140.00 5.00 -0.00132807
145.00 5.00 -0.00066834
150.00 5.00 -0.00045798
155.00 5.00 -0.00078744
160.00 5.00 -0.00111399
165.00 5.00 -0.00176607
170.00 5.00 -0.0024072
175.00 5.00 -0.00173547
180.00 5.00 -0.00022644
-180.00 10.00 0.00044622
-175.00 10.00 -0.00022284
-170.00 10.00 -0.00133893
-165.00 10.00 -0.00148539
-160.00 10.00 -0.0012417
-155.00 10.00 -0.00180489
-150.00 10.00 -0.0023193
-145.00 10.00 -0.00167967
-140.00 10.00 -0.00109179
-135.00 10.00 -0.00184365
-130.00 10.00 -0.00268251
-125.00 10.00 -0.00203184
-120.00 10.00 -0.00068103
-115.00 10.00 -0.00024207
-110.00 10.00 -0.00080718
-105.00 10.00 -0.00143613
-100.00 10.00 -0.00153726
-95.00 10.00 -0.00116484
-90.00 10.00 -0.00069633
-85.00 10.00 -0.00017874
-80.00 10.00 0.00084993
-75.00 10.00 0.0021597
-70.00 10.00 0.00239817
-65.00 10.00 0.00112368
-60.00 10.00 -0.00019458
-55.00 10.00 -0.00054258
-50.00 10.00 -0.00077649
-45.00 10.00 -0.00152952
-40.00 10.00 -0.00202575
-35.00 10.00 -0.00184401
-30.00 10.00 -0.00155007
-25.00 10.00 -0.00126324
-20.00 10.00 -0.00070602
-15.00 10.00 -0.00033261
-10.00 10.00 -0.00063867
-5.00 10.00 -0.00120177
0.00 10.00 -0.00151434
5.00 10.00 -0.00146367
10.00 10.00 -0.00071646
15.00 10.00 0.00069345
20.00 10.00 0.00165141
25.00 10.00 0.00148785
30.00 10.00 0.0009315
35.00 10.00 0.00034959
40.00 10.00 -0.00063789
45.00 10.00 -0.00110709
50.00 10.00 0.00027783
55.00 10.00 0.00208497
60.00 10.00 0.00180093
65.00 10.00 0.00035364
70.00 10.00 0.00051693
75.00 10.00 0.00170523
80.00 10.00 0.00117504
85.00 10.00 -0.00063777
90.00 10.00 -0.00079218
95.00 10.00 0.0009606
100.00 10.00 0.00188559
105.00 10.00 0.00078267
110.00 10.00 -0.00044175
115.00 10.00 0.00014766
120.00 10.00 0.00184314
125.00 10.00 0.0023664
130.00 10.00 0.00100632
135.00 10.00 -0.00039969
140.00 10.00 -0.00021723
145.00 10.00 0.00064008
150.00 10.00 0.00054651
155.00 10.00 -0.0002655
160.00 10.00 -0.00075129
165.00 10.00 -0.00086487
170.00 10.00 -0.00072696
175.00 10.00 -6.924e-05
180.00 10.00 0.00044622
-180.00 15.00 -0.00075021
-175.00 15.00 -0.00105357
-170.00 15.00 -0.00114564
-165.00 15.00 -0.00077592
-160.00 15.00 -0.000729
-155.00 15.00 -0.00180345
-150.00 15.00 -0.00317937
-145.00 15.00 -0.00356835
-140.00 15.00 -0.00318462
-135.00 15.00 -0.00299766
-130.00 15.00 -0.00304482
-125.00 15.00 -0.00276258
-120.00 15.00 -0.00203709
-115.00 15.00 -0.00120324
-110.00 15.00 -0.00076974
-105.00 15.00 -0.00110712
-100.00 15.00 -0.00173817
-95.00 15.00 -0.00160665
-90.00 15.00 -0.0005733
-85.00 15.00 0.00042252
-80.00 15.00 0.00087474
-75.00 15.00 0.00101679
-70.00 15.00 0.00080898
-65.00 15.00 0.00014745
-60.00 15.00 -0.00038385
-55.00 15.00 -0.00035553
-50.00 15.00 -0.00032052
-45.00 15.00 -0.00075138
-40.00 15.00 -0.00122319
-35.00 15.00 -0.00134454
-30.00 15.00 -0.0012891
-25.00 15.00 -0.00110577
-20.00 15.00 -0.00065715
-15.00 15.00 -0.00013836
-10.00 15.00 0.00021462
-5.00 15.00 0.0004296
0.00 15.00 0.00041043
5.00 15.00 0.00014745
10.00 15.00 0.00020322
15.00 15.00 0.00082938
20.00 15.00 0.00122838
25.00 15.00 0.00087492
30.00 15.00 0.00040125
35.00 15.00 0.00021702
40.00 15.00 1.749e-05
45.00 15.00 0.0002193
50.00 15.00 0.00146928
55.00 15.00 0.00256362
60.00 15.00 0.00181008
65.00 15.00 0.00026901
70.00 15.00 0.00033015
75.00 15.00 0.00156573
80.00 15.00 0.00152013
85.00 15.00 3.066e-05
90.00 15.00 -0.00072117
95.00 15.00 -2.82e-05
100.00 15.00 0.0005382
105.00 15.00 -2.289e-05
110.00 15.00 -0.00082968
115.00 15.00 -0.00078051
120.00 15.00 -4.101e-05
125.00 15.00 0.00054495
130.00 15.00 0.00085449
135.00 15.00 0.00150558
140.00 15.00 0.0023619
145.00 15.00 0.00217779
150.00 15.00 0.0005841
155.00 15.00 -0.0008847
160.00 15.00 -0.00094689
165.00 15.00 -0.0003282
170.00 15.00 -0.00019398
175.00 15.00 -0.00047406
180.00 15.00 -0.00075021
-180.00 20.00 -0.00187428
-175.00 20.00 -0.00085458
-170.00 20.00 -0.00024597
-165.00 20.00 -0.00046263
-160.00 20.00 -0.00102612
-155.00 20.00 -0.00162039
-150.00 20.00 -0.00229776
-145.00 20.00 -0.00297066
-140.00 20.00 -0.003228
-135.00 20.00 -0.00279465
-130.00 20.00 -0.002067
-125.00 20.00 -0.001713
-120.00 20.00 -0.00159993
-115.00 20.00 -0.00099408
-110.00 20.00 -0.0001101
-105.00 20.00 -8.703e-05
-100.00 20.00 -0.00088512
-95.00 20.00 -0.00090471
-90.00 20.00 0.00051141
-85.00 20.00 0.00191931
-80.00 20.00 0.00192978
-75.00 20.00 0.0009072
-70.00 20.00 -0.0001461
-65.00 20.00 -0.00089043
-60.00 20.00 -0.00127602
-55.00 20.00 -0.0011226
-50.00 20.00 -0.00056037
-45.00 20.00 -0.00015003
-40.00 20.00 -0.00033135
-35.00 20.00 -0.00102285
-30.00 20.00 -0.00169455
-25.00 20.00 -0.00183507
-20.00 20.00 -0.00148398
-15.00 20.00 -0.00103347
-10.00 20.00 -0.0005166
-5.00 20.00 0.00023631
0.00 20.00 0.00084141
5.00 20.00 0.00073911
10.00 20.00 0.00017409
15.00 20.00 -0.00019608
20.00 20.00 -0.0003084
25.00 20.00 -0.00043314
30.00 20.00 -0.00058293
35.00 20.00 -0.00085218
40.00 20.00 -0.00131592
45.00 20.00 -0.00124023
50.00 20.00 0.00010515
55.00 20.00 0.00172176
60.00 20.00 0.00187539
65.00 20.00 0.00082668
70.00 20.00 0.00045024
75.00 20.00 0.00119469
80.00 20.00 0.00162339
85.00 20.00 0.00097212
90.00 20.00 0.00012075
95.00 20.00 -0.00010086
100.00 20.00 3.054e-05
105.00 20.00 -6.54e-05
110.00 20.00 -0.00046434
115.00 20.00 -0.00084666
120.00 20.00 -0.00084135
125.00 20.00 -0.00019836
130.00 20.00 0.00106755
135.00 20.00 0.00243873
140.00 20.00 0.00286281
145.00 20.00 0.00162399
150.00 20.00 -0.00041256
155.00 20.00 -0.00136083
160.00 20.00 -0.00074673
165.00 20.00 -0.00021087
170.00 20.00 -0.00097248
175.00 20.00 -0.00201441
180.00 20.00 -0.00187431
-180.00 25.00 -0.00096957
-175.00 25.00 0.00066471
-170.00 25.00 0.00074655
-165.00 25.00 -0.0006711
-160.00 25.00 -0.00155739
-155.00 25.00 -0.00101259
-150.00 25.00 -0.00046308
-145.00 25.00 -0.00126828
-140.00 25.00 -0.00253665
-135.00 25.00 -0.00251853
-130.00 25.00 -0.00132624
-125.00 25.00 -0.0006228
-120.00 25.00 -0.00088353
-115.00 25.00 -0.00088374
-110.00 25.00 -0.00014628
-105.00 25.00 0.00017214
-100.00 25.00 -0.00042927
-95.00 25.00 -0.00062241
-90.00 25.00 0.00051423
-85.00 25.00 0.00179217
-80.00 25.00 0.00168702
-75.00 25.00 0.00045564
-70.00 25.00 -0.00066273
-65.00 25.00 -0.0012237
-60.00 25.00 -0.00146796
-55.00 25.00 -0.00131628
-50.00 25.00 -0.00059307
-45.00 25.00 0.0001437
-40.00 25.00 -4.485e-05
-35.00 25.00 -0.00122046
-30.00 25.00 -0.00230913
-25.00 25.00 -0.00241836
-20.00 25.00 -0.00191886
-15.00 25.00 -0.00166599
-10.00 25.00 -0.00160887
-5.00 25.00 -0.00107109
0.00 25.00 -0.00014433
5.00 25.00 0.0002787
10.00 25.00 -0.00014577
15.00 25.00 -0.00076272
20.00 25.00 -0.00086565
25.00 25.00 -0.00044538
30.00 25.00 -9.174e-05
35.00 25.00 -0.00049263
40.00 25.00 -0.0016248
45.00 25.00 -0.00232428
50.00 25.00 -0.00145788
55.00 25.00 0.00039627
60.00 25.00 0.00148437
65.00 25.00 0.00118629
70.00 25.00 0.00061107
75.00 25.00 0.00074502
80.00 25.00 0.00122415
85.00 25.00 0.00126639
90.00 25.00 0.00082128
95.00 25.00 0.00036585
100.00 25.00 0.00015963
105.00 25.00 6.834e-05
110.00 25.00 -9e-05
115.00 25.00 -0.00022329
120.00 25.00 -4.548e-05
125.00 25.00 0.00052581
130.00 25.00 0.00116187
135.00 25.00 0.0013383
140.00 25.00 0.00072213
145.00 25.00 -0.00042543
150.00 25.00 -0.00114603
155.00 25.00 -0.00066399
160.00 25.00 0.00034953
165.00 25.00 0.00027873
170.00 25.00 -0.0011154
175.00 25.00 -0.00198756
180.00 25.00 -0.00096957
-180.00 30.00 0.00074211
-175.00 30.00 0.00163527
-170.00 30.00 0.00069693
-165.00 30.00 -0.00117276
-160.00 30.00 -0.00167076
-155.00 30.00 -0.00041571
-150.00 30.00 0.00038397
-145.00 30.00 -0.00085221
-140.00 30.00 -0.00269562
-135.00 30.00 -0.00280428
-130.00 30.00 -0.00133518
-125.00 30.00 -0.00049941
-120.00 30.00 -0.00115935
-115.00 30.00 -0.00187122
-110.00 30.00 -0.00151314
-105.00 30.00 -0.00088071
-100.00 30.00 -0.0008976
-95.00 30.00 -0.00096981
-90.00 30.00 -0.00029334
-85.00 30.00 0.00050076
-80.00 30.00 0.00031731
-75.00 30.00 -0.00063939
-70.00 30.00 -0.00126567
-65.00 30.00 -0.00115515
-60.00 30.00 -0.00074598
-55.00 30.00 -0.00027921
-50.00 30.00 0.00034461
-45.00 30.00 0.00079248
-40.00 30.00 0.00037947
-35.00 30.00 -0.00083157
-30.00 30.00 -0.00178107
-25.00 30.00 -0.00173034
-20.00 30.00 -0.00125826
-15.00 30.00 -0.0013293
-10.00 30.00 -0.0018135
-5.00 30.00 -0.0017529
0.00 30.00 -0.00089751
5.00 30.00 -8.052e-05
10.00 30.00 2.31e-05
15.00 30.00 -0.00022812
20.00 30.00 -4.998e-05
25.00 30.00 0.0007326
30.00 30.00 0.00146112
35.00 30.00 0.00130707
40.00 30.00 0.00020106
45.00 30.00 -0.00088914
50.00 30.00 -0.00090384
55.00 30.00 6.318e-05
60.00 30.00 0.00089847
65.00 30.00 0.00088179
70.00 30.00 0.00041478
75.00 30.00 0.000222
80.00 30.00 0.00040974
85.00 30.00 0.00059664
90.00 30.00 0.00054333
95.00 30.00 0.00030624
100.00 30.00 -5.64e-06
105.00 30.00 -0.00029598
110.00 30.00 -0.00033813
115.00 30.00 0.00013023
120.00 30.00 0.00098712
125.00 30.00 0.00157416
130.00 30.00 0.00126021
135.00 30.00 0.0001422
140.00 30.00 -0.00100929
145.00 30.00 -0.00142569
150.00 30.00 -0.00085104
155.00 30.00 0.0002979
160.00 30.00 0.00105186
165.00 30.00 0.00066582
170.00 30.00 -0.00032433
175.00 30.00 -0.00043902
180.00 30.00 0.00074211
-180.00 35.00 0.0008472
-175.00 35.00 0.00078279
-170.00 35.00 -0.00029682
-165.00 35.00 -0.00132804
-160.00 35.00 -0.00111966
-155.00 35.00 -0.00018381
-150.00 35.00 -0.00029814
-145.00 35.00 -0.00197007
-140.00 35.00 -0.0034242
-135.00 35.00 -0.00291252
-130.00 35.00 -0.00118998
-125.00 35.00 -0.00049428
-120.00 35.00 -0.00148746
-115.00 35.00 -0.00260283
-110.00 35.00 -0.00246393
-105.00 35.00 -0.00153216
-100.00 35.00 -0.00085803
-95.00 35.00 -0.00046299
-90.00 35.00 0.0001257
-85.00 35.00 0.00060921
-80.00 35.00 0.00029007
-75.00 35.00 -0.00067335
-70.00 35.00 -0.00133512
-65.00 35.00 -0.00118491
-60.00 35.00 -0.00058248
-55.00 35.00 -1.944e-05
-50.00 35.00 0.00038076
-45.00 35.00 0.0005478
-40.00 35.00 0.00028383
-35.00 35.00 -0.00031833
-30.00 35.00 -0.00074247
-25.00 35.00 -0.00070743
-20.00 35.00 -0.00062766
-15.00 35.00 -0.00099522
-10.00 35.00 -0.00154221
-5.00 35.00 -0.00152253
0.00 35.00 -0.00074337
5.00 35.00 0.00018507
10.00 35.00 0.00068046
15.00 35.00 0.00083814
20.00 35.00 0.00110016
25.00 35.00 0.00158544
30.00 35.00 0.00195351
35.00 35.00 0.0018189
40.00 35.00 0.00118692
45.00 35.00 0.00048549
50.00 35.00 0.00015369
55.00 35.00 0.00021111
60.00 35.00 0.00032133
65.00 35.00 0.00024948
70.00 35.00 8.34e-05
75.00 35.00 -4.29e-06
80.00 35.00 2.19e-06
85.00 35.00 2.685e-05
90.00 35.00 1.206e-05
95.00 35.00 -0.00013635
100.00 35.00 -0.00051894
105.00 35.00 -0.00097176
110.00 35.00 -0.00096936
115.00 35.00 -0.00011958
120.00 35.00 0.0011805
125.00 35.00 0.00188175
130.00 35.00 0.00131916
135.00 35.00 -3.396e-05
140.00 35.00 -0.00106911
145.00 35.00 -0.00116877
150.00 35.00 -0.00061656
155.00 35.00 -7.134e-05
160.00 35.00 5.739e-05
165.00 35.00 -0.00015645
170.00 35.00 -0.00024267
175.00 35.00 0.00019854
180.00 35.00 0.0008472
-180.00 40.00 -0.00073515
-175.00 40.00 -0.00089946
-170.00 40.00 -0.00099555
-165.00 40.00 -0.00063441
-160.00 40.00 -3.78e-06
-155.00 40.00 -9.48e-06
-150.00 40.00 -0.0013062
-145.00 40.00 -0.00317538
-140.00 40.00 -0.00395709
-135.00 40.00 -0.0029352
-130.00 40.00 -0.0013251
-125.00 40.00 -0.00085956
-120.00 40.00 -0.00170601
-115.00 40.00 -0.00245571
-110.00 40.00 -0.00204582
-105.00 40.00 -0.00088623
-100.00 40.00 9.096e-05
-95.00 40.00 0.00069597
-90.00 40.00 0.00125691
-85.00 40.00 0.00167475
-80.00 40.00 0.00144732
-75.00 40.00 0.00051585
-70.00 40.00 -0.00051813
-65.00 40.00 -0.00110901
-60.00 40.00 -0.00128505
-55.00 40.00 -0.00133479
-50.00 40.00 -0.00132717
-45.00 40.00 -0.00115152
-40.00 40.00 -0.00081504
-35.00 40.00 -0.00047547
-30.00 40.00 -0.00027897
-25.00 40.00 -0.00031701
-20.00 40.00 -0.00063105
-15.00 40.00 -0.00108183
-10.00 40.00 -0.00129636
-5.00 40.00 -0.00095577
0.00 40.00 -0.00013719
5.00 40.00 0.00077334
10.00 40.00 0.00147996
15.00 40.00 0.00192711
20.00 40.00 0.00208539
25.00 40.00 0.00182991
30.00 40.00 0.00114681
35.00 40.00 0.00032136
40.00 40.00 -0.00023745
45.00 40.00 -0.0003579
50.00 40.00 -0.00022686
55.00 40.00 -0.00014742
60.00 40.00 -0.00022248
65.00 40.00 -0.00031008
70.00 40.00 -0.00026124
75.00 40.00 -0.00011544
80.00 40.00 -1.746e-05
85.00 40.00 -2.733e-05
90.00 40.00 -0.00012711
95.00 40.00 -0.00036354
100.00 40.00 -0.000786
105.00 40.00 -0.00117432
110.00 40.00 -0.00103605
115.00 40.00 -0.00012678
120.00 40.00 0.00105993
125.00 40.00 0.00159753
130.00 40.00 0.00105603
135.00 40.00 -3.78e-05
140.00 40.00 -0.00081387
145.00 40.00 -0.00097704
150.00 40.00 -0.00091545
155.00 40.00 -0.00103101
160.00 40.00 -0.00126849
165.00 40.00 -0.0013314
170.00 40.00 -0.00111672
175.00 40.00 -0.00082446
180.00 40.00 -0.00073515
-180.00 45.00 -0.00220365
-175.00 45.00 -0.00193869
-170.00 45.00 -0.00094347
-165.00 45.00 0.00037563
-160.00 45.00 0.00111201
-155.00 45.00 0.00051756
-150.00 45.00 -0.00123831
-145.00 45.00 -0.00302124
-140.00 45.00 -0.00368088
-135.00 45.00 -0.00314859
-130.00 45.00 -0.0024285
-125.00 45.00 -0.0023904
-120.00 45.00 -0.00277656
-115.00 45.00 -0.0026361
-110.00 45.00 -0.00158184
-105.00 45.00 -0.00023388
-100.00 45.00 0.00061491
-95.00 45.00 0.00088374
-90.00 45.00 0.00103017
-85.00 45.00 0.00127257
-80.00 45.00 0.00134634
-75.00 45.00 0.0009696
-70.00 45.00 0.00022299
-65.00 45.00 -0.00061299
-60.00 45.00 -0.00135732
-55.00 45.00 -0.00191217
-50.00 45.00 -0.00210039
-45.00 45.00 -0.00174327
-40.00 45.00 -0.00092676
-35.00 45.00 -7.227e-05
-30.00 45.00 0.00033714
-25.00 45.00 0.00012027
-20.00 45.00 -0.00047634
-15.00 45.00 -0.00097449
-10.00 45.00 -0.00100974
-5.00 45.00 -0.0005478
0.00 45.00 0.00019878
5.00 45.00 0.00102918
10.00 45.00 0.00185721
15.00 45.00 0.00253461
20.00 45.00 0.00270156
25.00 45.00 0.00201267
30.00 45.00 0.00058074
35.00 45.00 -0.00091893
40.00 45.00 -0.00172767
45.00 45.00 -0.00162537
50.00 45.00 -0.00105651
55.00 45.00 -0.0006543
60.00 45.00 -0.00068235
65.00 45.00 -0.00092889
70.00 45.00 -0.00104934
75.00 45.00 -0.00091581
80.00 45.00 -0.00064953
85.00 45.00 -0.00043728
90.00 45.00 -0.00040098
95.00 45.00 -0.00057342
100.00 45.00 -0.00085221
105.00 45.00 -0.00095298
110.00 45.00 -0.00056547
115.00 45.00 0.0002913
120.00 45.00 0.00111288
125.00 45.00 0.00128445
130.00 45.00 0.00068784
135.00 45.00 -0.00015591
140.00 45.00 -0.00062124
145.00 45.00 -0.00057927
150.00 45.00 -0.00039093
155.00 45.00 -0.00040962
160.00 45.00 -0.00066666
165.00 45.00 -0.00102963
170.00 45.00 -0.00145167
175.00 45.00 -0.00191403
180.00 45.00 -0.00220365
-180.00 50.00 -0.00263901
-175.00 50.00 -0.00222591
-170.00 50.00 -0.00095316
-165.00 50.00 0.00051252
-160.00 50.00 0.00131148
-155.00 50.00 0.00099924
-150.00 50.00 -0.00012855
-145.00 50.00 -0.00132921
-140.00 50.00 -0.0020862
-135.00 50.00 -0.00249852
-130.00 50.00 -0.00297174
-125.00 50.00 -0.00356298
-120.00 50.00 -0.00377097
-115.00 50.00 -0.00307389
-110.00 50.00 -0.00160536
-105.00 50.00 -0.00015015
-100.00 50.00 0.00056391
-95.00 50.00 0.00048261
-90.00 50.00 0.00011811
-85.00 50.00 -4.644e-05
-80.00 50.00 5.589e-05
-75.00 50.00 0.00019158
-70.00 50.00 0.00014613
-65.00 50.00 -0.00011682
-60.00 50.00 -0.00048033
-55.00 50.00 -0.00073407
-50.00 50.00 -0.00064818
-45.00 50.00 -0.00012531
-40.00 50.00 0.00064491
-35.00 50.00 0.00122655
-30.00 50.00 0.00122517
-25.00 50.00 0.00060156
-20.00 50.00 -0.0002811
-15.00 50.00 -0.00093237
-10.00 50.00 -0.00108123
-5.00 50.00 -0.00078357
0.00 50.00 -0.00023499
5.00 50.00 0.000456
10.00 50.00 0.0012555
15.00 50.00 0.00199011
20.00 50.00 0.00226467
25.00 50.00 0.00173133
30.00 50.00 0.00048747
35.00 50.00 -0.00085821
40.00 50.00 -0.00161484
45.00 50.00 -0.0015621
50.00 50.00 -0.00109518
55.00 50.00 -0.0008325
60.00 50.00 -0.00107907
65.00 50.00 -0.00163317
70.00 50.00 -0.00204315
75.00 50.00 -0.00201123
80.00 50.00 -0.00159024
85.00 50.00 -0.00108267
90.00 50.00 -0.00079368
95.00 50.00 -0.00082332
100.00 50.00 -0.0010008
105.00 50.00 -0.00099969
110.00 50.00 -0.00059736
115.00 50.00 9.405e-05
120.00 50.00 0.00066165
125.00 50.00 0.00073368
130.00 50.00 0.00033867
135.00 50.00 -9.273e-05
140.00 50.00 -0.00011409
145.00 50.00 0.00034458
150.00 50.00 0.00094983
155.00 50.00 0.00126123
160.00 50.00 0.00101565
165.00 50.00 0.00020298
170.00 50.00 -0.00096876
175.00 50.00 -0.00209211
180.00 50.00 -0.00263901
-180.00 55.00 -0.00248406
-175.00 55.00 -0.00234321
-170.00 55.00 -0.0015873
-165.00 55.00 -0.00061566
-160.00 55.00 0.00013923
-155.00 55.00 0.00047511
-150.00 55.00 0.00046947
-145.00 55.00 0.00028059
-140.00 55.00 -7.992e-05
-135.00 55.00 -0.00073881
-130.00 55.00 -0.00170172
-125.00 55.00 -0.00263325
-120.00 55.00 -0.00298251
-115.00 55.00 -0.00241239
-110.00 55.00 -0.00113688
-105.00 55.00 0.00018612
-100.00 55.00 0.00093117
-95.00 55.00 0.00092082
-90.00 55.00 0.00044088
-85.00 55.00 -7.863e-05
-80.00 55.00 -0.00038109
-75.00 55.00 -0.00046077
-70.00 55.00 -0.00043569
-65.00 55.00 -0.00039117
-60.00 55.00 -0.00031221
-55.00 55.00 -0.00011382
-50.00 55.00 0.00026733
-45.00 55.00 0.00077244
-40.00 55.00 0.00118734
-35.00 55.00 0.00123783
-30.00 55.00 0.00077865
-25.00 55.00 -6.762e-05
-20.00 55.00 -0.00095703
-15.00 55.00 -0.00153846
-10.00 55.00 -0.0016617
-5.00 55.00 -0.0014088
0.00 55.00 -0.00095112
5.00 55.00 -0.00040353
10.00 55.00 0.00017352
15.00 55.00 0.00066306
20.00 55.00 0.00085473
25.00 55.00 0.00058485
30.00 55.00 -6.969e-05
35.00 55.00 -0.00077442
40.00 55.00 -0.00117093
45.00 55.00 -0.00116727
50.00 55.00 -0.001008
55.00 55.00 -0.0010461
60.00 55.00 -0.001422
65.00 55.00 -0.0019362
70.00 55.00 -0.00221601
75.00 55.00 -0.0020202
80.00 55.00 -0.00142818
85.00 55.00 -0.00078045
90.00 55.00 -0.00043494
95.00 55.00 -0.0005244
100.00 55.00 -0.00087984
105.00 55.00 -0.00116724
110.00 55.00 -0.00113769
115.00 55.00 -0.00080523
120.00 55.00 -0.00040995
125.00 55.00 -0.00019416
130.00 55.00 -0.00018561
135.00 55.00 -0.00018246
140.00 55.00 4.971e-05
145.00 55.00 0.00055221
150.00 55.00 0.00111207
155.00 55.00 0.00139482
160.00 55.00 0.0011466
165.00 55.00 0.00033549
170.00 55.00 -0.0008154
175.00 55.00 -0.00189783
180.00 55.00 -0.00248406
-180.00 60.00 -0.00207255
-175.00 60.00 -0.00229581
-170.00 60.00 -0.00226872
-165.00 60.00 -0.00202986
-160.00 60.00 -0.00162156
-155.00 60.00 -0.00107169
-150.00 60.00 -0.00043665
-145.00 60.00 0.0001386
-140.00 60.00 0.00043341
-135.00 60.00 0.00027588
-130.00 60.00 -0.00029649
-125.00 60.00 -0.00098607
-120.00 60.00 -0.00137778
-115.00 60.00 -0.00119745
-110.00 60.00 -0.00049422
-105.00 60.00 0.00039465
-100.00 60.00 0.0010632
-95.00 60.00 0.00126798
-90.00 60.00 0.0010137
-85.00 60.00 0.00047523
-80.00 60.00 -0.00014193
-75.00 60.00 -0.00069201
-70.00 60.00 -0.00109788
-65.00 60.00 -0.00131835
-60.00 60.00 -0.00132753
-55.00 60.00 -0.00112791
-50.00 60.00 -0.00078081
-45.00 60.00 -0.00041982
-40.00 60.00 -0.00021645
-35.00 60.00 -0.00029991
-30.00 60.00 -0.00067338
-25.00 60.00 -0.00119001
-20.00 60.00 -0.00162159
-15.00 60.00 -0.00178344
-10.00 60.00 -0.00163026
-5.00 60.00 -0.00125766
0.00 60.00 -0.0008208
5.00 60.00 -0.0004464
10.00 60.00 -0.00020322
15.00 60.00 -0.0001263
20.00 60.00 -0.00023691
25.00 60.00 -0.00052056
30.00 60.00 -0.0008937
35.00 60.00 -0.00122085
40.00 60.00 -0.0013965
45.00 60.00 -0.00142671
50.00 60.00 -0.0014253
55.00 60.00 -0.00151041
60.00 60.00 -0.00168411
65.00 60.00 -0.00180414
70.00 60.00 -0.00168345
75.00 60.00 -0.00124536
80.00 60.00 -0.00061194
85.00 60.00 -5.232e-05
90.00 60.00 0.00017787
95.00 60.00 -3.93e-06
100.00 60.00 -0.00045762
105.00 60.00 -0.00091221
110.00 60.00 -0.00113433
115.00 60.00 -0.00105726
120.00 60.00 -0.00078744
125.00 60.00 -0.00049854
130.00 60.00 -0.00030291
135.00 60.00 -0.0001977
140.00 60.00 -0.00011112
145.00 60.00 5.58e-06
150.00 60.00 0.00012054
155.00 60.00 0.00013584
160.00 60.00 -4.626e-05
165.00 60.00 -0.00045588
170.00 60.00 -0.00102618
175.00 60.00 -0.00161616
180.00 60.00 -0.00207255
-180.00 65.00 -0.00139287
-175.00 65.00 -0.00182403
-170.00 65.00 -0.002226
-165.00 65.00 -0.00248769
-160.00 65.00 -0.0025014
-155.00 65.00 -0.00221433
-150.00 65.00 -0.00167373
-145.00 65.00 -0.00103386
-140.00 65.00 -0.00050415
-135.00 65.00 -0.00025344
-130.00 65.00 -0.00032148
-125.00 65.00 -0.00059481
-120.00 65.00 -0.00086892
-115.00 65.00 -0.00096171
-110.00 65.00 -0.0008085
-105.00 65.00 -0.0004839
-100.00 65.00 -0.00014712
-95.00 65.00 4.608e-05
-90.00 65.00 1.041e-05
-85.00 65.00 -0.00024975
-80.00 65.00 -0.00066075
-75.00 65.00 -0.00111534
-70.00 65.00 -0.00150465
-65.00 65.00 -0.00174189
-60.00 65.00 -0.00178125
-55.00 65.00 -0.00163092
-50.00 65.00 -0.00135465
-45.00 65.00 -0.00105378
-40.00 65.00 -0.00083037
-35.00 65.00 -0.0007437
-30.00 65.00 -0.00078228
-25.00 65.00 -0.00087
-20.00 65.00 -0.00090723
-15.00 65.00 -0.00082539
-10.00 65.00 -0.00062373
-5.00 65.00 -0.00036711
0.00 65.00 -0.00015033
5.00 65.00 -5.328e-05
10.00 65.00 -0.00011283
15.00 65.00 -0.0003192
20.00 65.00 -0.00062778
25.00 65.00 -0.00097524
30.00 65.00 -0.00129606
35.00 65.00 -0.00154164
40.00 65.00 -0.00169779
45.00 65.00 -0.00178845
50.00 65.00 -0.00185487
55.00 65.00 -0.00191895
60.00 65.00 -0.00195639
65.00 65.00 -0.00190485
70.00 65.00 -0.00170832
75.00 65.00 -0.00136914
80.00 65.00 -0.00096786
85.00 65.00 -0.00063084
90.00 65.00 -0.00046122
95.00 65.00 -0.00047652
100.00 65.00 -0.0005943
105.00 65.00 -0.00067713
110.00 65.00 -0.00061032
115.00 65.00 -0.0003648
120.00 65.00 -8.82e-06
125.00 65.00 0.0003342
130.00 65.00 0.00055209
135.00 65.00 0.000594
140.00 65.00 0.00048039
145.00 65.00 0.00027693
150.00 65.00 5.364e-05
155.00 65.00 -0.00014676
160.00 65.00 -0.00032064
165.00 65.00 -0.00049614
170.00 65.00 -0.00071517
175.00 65.00 -0.00101178
180.00 65.00 -0.00139287
-180.00 70.00 -0.00087042
-175.00 70.00 -0.00123537
-170.00 70.00 -0.00158922
-165.00 70.00 -0.00185454
-160.00 70.00 -0.00195813
-155.00 70.00 -0.001863
-150.00 70.00 -0.00159003
-145.00 70.00 -0.001218
-140.00 70.00 -0.00085809
-135.00 70.00 -0.0006129
-130.00 70.00 -0.00053817
-125.00 70.00 -0.00062547
-120.00 70.00 -0.00081348
-115.00 70.00 -0.00102027
-110.00 70.00 -0.00117906
-105.00 70.00 -0.00126084
-100.00 70.00 -0.00127542
-95.00 70.00 -0.00125592
-90.00 70.00 -0.00123663
-85.00 70.00 -0.00123588
-80.00 70.00 -0.00124887
-75.00 70.00 -0.00125133
-70.00 70.00 -0.00121041
-65.00 70.00 -0.00109926
-60.00 70.00 -0.00090942
-55.00 70.00 -0.00065787
-50.00 70.00 -0.00038466
-45.00 70.00 -0.00014181
-40.00 70.00 2.379e-05
-35.00 70.00 8.622e-05
-30.00 70.00 4.845e-05
-25.00 70.00 -6.171e-05
-20.00 70.00 -0.00020571
-15.00 70.00 -0.0003513
-10.00 70.00 -0.00048453
-5.00 70.00 -0.00061089
0.00 70.00 -0.0007467
5.00 70.00 -0.00090642
10.00 70.00 -0.00109278
15.00 70.00 -0.00129417
20.00 70.00 -0.00148917
25.00 70.00 -0.00165564
30.00 70.00 -0.00177981
35.00 70.00 -0.00186216
40.00 70.00 -0.00191772
45.00 70.00 -0.00196926
50.00 70.00 -0.00203607
55.00 70.00 -0.00212325
60.00 70.00 -0.00221748
65.00 70.00 -0.00229257
70.00 70.00 -0.00232239
75.00 70.00 -0.00229344
80.00 70.00 -0.00220872
85.00 70.00 -0.00208026
90.00 70.00 -0.0019149
95.00 70.00 -0.00170391
100.00 70.00 -0.00142431
105.00 70.00 -0.00105381
110.00 70.00 -0.00059103
115.00 70.00 -6.924e-05
120.00 70.00 0.00044556
125.00 70.00 0.00087303
130.00 70.00 0.00114546
135.00 70.00 0.00123105
140.00 70.00 0.00114297
145.00 70.00 0.00093144
150.00 70.00 0.00066255
155.00 70.00 0.00039339
160.00 70.00 0.00015309
165.00 70.00 -6.312e-05
170.00 70.00 -0.00028509
175.00 70.00 -0.00054819
180.00 70.00 -0.00087042
-180.00 75.00 -0.00089232
-175.00 75.00 -0.00097545
-170.00 75.00 -0.00101211
-165.00 75.00 -0.00098535
-160.00 75.00 -0.00088392
-155.00 75.00 -0.00070944
-150.00 75.00 -0.00048042
-145.00 75.00 -0.00023079
-140.00 75.00 -2.94e-06
-135.00 75.00 0.00016293
-130.00 75.00 0.00023892
-125.00 75.00 0.00021648
-120.00 75.00 0.00010713
-115.00 75.00 -6.216e-05
-110.00 75.00 -0.00025725
-105.00 75.00 -0.00044538
-100.00 75.00 -0.00060132
-95.00 75.00 -0.00070974
-90.00 75.00 -0.00076446
-85.00 75.00 -0.00076572
-80.00 75.00 -0.00071793
-75.00 75.00 -0.00062838
-70.00 75.00 -0.00050769
-65.00 75.00 -0.00037071
-60.00 75.00 -0.00023709
-55.00 75.00 -0.00013059
-50.00 75.00 -7.617e-05
-45.00 75.00 -9.615e-05
-40.00 75.00 -0.00020538
-35.00 75.00 -0.00040788
-30.00 75.00 -0.00069528
-25.00 75.00 -0.00104811
-20.00 75.00 -0.00143907
-15.00 75.00 -0.00183777
-10.00 75.00 -0.00221514
-5.00 75.00 -0.00254664
0.00 75.00 -0.00281382
5.00 75.00 -0.00300456
10.00 75.00 -0.0031128
15.00 75.00 -0.00313848
20.00 75.00 -0.0030879
25.00 75.00 -0.00297429
30.00 75.00 -0.00281769
35.00 75.00 -0.00264348
40.00 75.00 -0.00247881
45.00 75.00 -0.00234822
50.00 75.00 -0.00226875
55.00 75.00 -0.0022467
60.00 75.00 -0.00227652
65.00 75.00 -0.00234243
70.00 75.00 -0.00242157
75.00 75.00 -0.00248793
80.00 75.00 -0.00251595
85.00 75.00 -0.00248334
90.00 75.00 -0.00237321
95.00 75.00 -0.00217635
100.00 75.00 -0.00189357
105.00 75.00 -0.00153756
110.00 75.00 -0.0011337
115.00 75.00 -0.00071796
120.00 75.00 -0.00033201
125.00 75.00 -1.575e-05
130.00 75.00 0.00020079
135.00 75.00 0.00030366
140.00 75.00 0.00029751
145.00 75.00 0.00020298
150.00 75.00 5.001e-05
155.00 75.00 -0.00013059
160.00 75.00 -0.00031425
165.00 75.00 -0.00048645
170.00 75.00 -0.00064152
175.00 75.00 -0.00077793
180.00 75.00 -0.00089232
-180.00 80.00 -0.00100422
-175.00 80.00 -0.0008748
-170.00 80.00 -0.00071094
-165.00 80.00 -0.00051693
-160.00 80.00 -0.00029988
-155.00 80.00 -7.002e-05
-150.00 80.00 0.00015993
-145.00 80.00 0.00037575
-140.00 80.00 0.00056325
-135.00 80.00 0.00071007
-130.00 80.00 0.0008073
-125.00 80.00 0.00085086
-120.00 80.00 0.00084177
-115.00 80.00 0.00078564
-110.00 80.00 0.00069153
-105.00 80.00 0.00057039
-100.00 80.00 0.00043329
-95.00 80.00 0.00028983
-90.00 80.00 0.00014694
-85.00 80.00 8.28e-06
-80.00 80.00 -0.00012585
-75.00 80.00 -0.00025836
-70.00 80.00 -0.00039489
-65.00 80.00 -0.00054294
-60.00 80.00 -0.00071079
-55.00 80.00 -0.00090612
-50.00 80.00 -0.0011349
-45.00 80.00 -0.00140019
-40.00 80.00 -0.00170112
-35.00 80.00 -0.00203226
-30.00 80.00 -0.00238371
-25.00 80.00 -0.00274179
-20.00 80.00 -0.00309018
-15.00 80.00 -0.00341142
-10.00 80.00 -0.0036885
-5.00 80.00 -0.00390657
0.00 80.00 -0.00405441
5.00 80.00 -0.00412548
10.00 80.00 -0.00411849
15.00 80.00 -0.00403755
20.00 80.00 -0.00389193
25.00 80.00 -0.00369519
30.00 80.00 -0.00346395
35.00 80.00 -0.00321624
40.00 80.00 -0.00296982
45.00 80.00 -0.00274008
50.00 80.00 -0.00253893
55.00 80.00 -0.00237348
60.00 80.00 -0.00224565
65.00 80.00 -0.00215241
70.00 80.00 -0.00208656
75.00 80.00 -0.00203823
80.00 80.00 -0.0019965
85.00 80.00 -0.00195093
90.00 80.00 -0.00189318
95.00 80.00 -0.00181824
100.00 80.00 -0.00172512
105.00 80.00 -0.00161709
110.00 80.00 -0.00150078
115.00 80.00 -0.00138525
120.00 80.00 -0.00128037
125.00 80.00 -0.00119502
130.00 80.00 -0.00113535
135.00 80.00 -0.00110367
140.00 80.00 -0.00109803
145.00 80.00 -0.00111264
150.00 80.00 -0.00113868
155.00 80.00 -0.00116595
160.00 80.00 -0.00118392
165.00 80.00 -0.00118326
170.00 80.00 -0.00115635
175.00 80.00 -0.00109776
180.00 80.00 -0.00100422
-180.00 85.00 -0.00090855
-175.00 85.00 -0.00080946
-170.00 85.00 -0.00070527
-165.00 85.00 -0.00059829
-160.00 85.00 -0.00049098
-155.00 85.00 -0.00038604
-150.00 85.00 -0.00028692
-145.00 85.00 -0.00019737
-140.00 85.00 -0.00012105
-135.00 85.00 -6.078e-05
-130.00 85.00 -1.839e-05
-125.00 85.00 4.74e-06
-120.00 85.00 7.47e-06
-115.00 85.00 -1.122e-05
-110.00 85.00 -5.157e-05
-105.00 85.00 -0.00011289
-100.00 85.00 -0.00019353
-95.00 85.00 -0.00029166
-90.00 85.00 -0.00040587
-85.00 85.00 -0.00053517
-80.00 85.00 -0.00067842
-75.00 85.00 -0.000834
-70.00 85.00 -0.00099984
-65.00 85.00 -0.00117393
-60.00 85.00 -0.0013548
-55.00 85.00 -0.0015411
-50.00 85.00 -0.00173112
-45.00 85.00 -0.0019221
-40.00 85.00 -0.00211047
-35.00 85.00 -0.00229248
-30.00 85.00 -0.00246465
-25.00 85.00 -0.0026238
-20.00 85.00 -0.00276657
-15.00 85.00 -0.00288921
-10.00 85.00 -0.00298812
-5.00 85.00 -0.00306066
0.00 85.00 -0.00310557
5.00 85.00 -0.00312297
10.00 85.00 -0.00311385
15.00 85.00 -0.00307962
20.00 85.00 -0.00302232
25.00 85.00 -0.00294498
30.00 85.00 -0.00285168
35.00 85.00 -0.00274719
40.00 85.00 -0.00263598
45.00 85.00 -0.00252189
50.00 85.00 -0.00240804
55.00 85.00 -0.00229722
60.00 85.00 -0.00219195
65.00 85.00 -0.00209439
70.00 85.00 -0.00200574
75.00 85.00 -0.00192624
80.00 85.00 -0.00185532
85.00 85.00 -0.0017922
90.00 85.00 -0.00173634
95.00 85.00 -0.00168726
100.00 85.00 -0.00164439
105.00 85.00 -0.00160665
110.00 85.00 -0.00157281
115.00 85.00 -0.0015417
120.00 85.00 -0.00151254
125.00 85.00 -0.0014847
130.00 85.00 -0.00145734
135.00 85.00 -0.0014292
140.00 85.00 -0.00139848
145.00 85.00 -0.00136341
150.00 85.00 -0.00132258
155.00 85.00 -0.001275
160.00 85.00 -0.00121983
165.00 85.00 -0.00115611
170.00 85.00 -0.00108303
175.00 85.00 -0.00100029
180.00 85.00 -0.00090855
-180.00 90.00 -0.00148686
-175.00 90.00 -0.00148686
-170.00 90.00 -0.00148686
-165.00 90.00 -0.00148686
-160.00 90.00 -0.00148686
-155.00 90.00 -0.00148686
-150.00 90.00 -0.00148686
-145.00 90.00 -0.00148686
-140.00 90.00 -0.00148686
-135.00 90.00 -0.00148686
-130.00 90.00 -0.00148686
-125.00 90.00 -0.00148686
-120.00 90.00 -0.00148686
-115.00 90.00 -0.00148686
-110.00 90.00 -0.00148686
-105.00 90.00 -0.00148686
-100.00 90.00 -0.00148686
-95.00 90.00 -0.00148686
-90.00 90.00 -0.00148686
-85.00 90.00 -0.00148686
-80.00 90.00 -0.00148686
-75.00 90.00 -0.00148686
-70.00 90.00 -0.00148686
-65.00 90.00 -0.00148686
-60.00 90.00 -0.00148686
-55.00 90.00 -0.00148686
-50.00 90.00 -0.00148686
-45.00 90.00 -0.00148686
-40.00 90.00 -0.00148686
-35.00 90.00 -0.00148686
-30.00 90.00 -0.00148686
-25.00 90.00 -0.00148686
-20.00 90.00 -0.00148686
-15.00 90.00 -0.00148686
-10.00 90.00 -0.00148686
-5.00 90.00 -0.00148686
0.00 90.00 -0.00148686
5.00 90.00 -0.00148686
10.00 90.00 -0.00148686
15.00 90.00 -0.00148686
20.00 90.00 -0.00148686
25.00 90.00 -0.00148686
30.00 90.00 -0.00148686
35.00 90.00 -0.00148686
40.00 90.00 -0.00148686
45.00 90.00 -0.00148686
50.00 90.00 -0.00148686
55.00 90.00 -0.00148686
60.00 90.00 -0.00148686
65.00 90.00 -0.00148686
70.00 90.00 -0.00148686
75.00 90.00 -0.00148686
80.00 90.00 -0.00148686
85.00 90.00 -0.00148686
90.00 90.00 -0.00148686
95.00 90.00 -0.00148686
100.00 90.00 -0.00148686
105.00 90.00 -0.00148686
110.00 90.00 -0.00148686
115.00 90.00 -0.00148686
120.00 90.00 -0.00148686
125.00 90.00 -0.00148686
130.00 90.00 -0.00148686
135.00 90.00 -0.00148686
140.00 90.00 -0.00148686
145.00 90.00 -0.00148686
150.00 90.00 -0.00148686
155.00 90.00 -0.00148686
160.00 90.00 -0.00148686
165.00 90.00 -0.00148686
170.00 90.00 -0.00148686
175.00 90.00 -0.00148686
180.00 90.00 -0.00148686
