-180.00 -90.00 0.00125217
-175.00 -90.00 0.00125226
-170.00 -90.00 0.00125232
-165.00 -90.00 0.00125244
-160.00 -90.00 0.00125256
-155.00 -90.00 0.00125268
-150.00 -90.00 0.0012528
-145.00 -90.00 0.00125292
-140.00 -90.00 0.00125307
-135.00 -90.00 0.00125319
-130.00 -90.00 0.00125331
-125.00 -90.00 0.0012534
-120.00 -90.00 0.00125349
-115.00 -90.00 0.00125355
-110.00 -90.00 0.00125361
-105.00 -90.00 0.00125364
-100.00 -90.00 0.00125364
-95.00 -90.00 0.00125361
-90.00 -90.00 0.00125358
-85.00 -90.00 0.00125349
-80.00 -90.00 0.00125343
-75.00 -90.00 0.00125331
-70.00 -90.00 0.00125319
-65.00 -90.00 0.00125307
-60.00 -90.00 0.00125295
-55.00 -90.00 0.0012528
-50.00 -90.00 0.00125268
-45.00 -90.00 0.00125256
-40.00 -90.00 0.00125244
-35.00 -90.00 0.00125235
-30.00 -90.00 0.00125226
-25.00 -90.00 0.0012522
-20.00 -90.00 0.00125214
-15.00 -90.00 0.00125211
-10.00 -90.00 0.00125211
-5.00 -90.00 0.00125214
0.00 -90.00 0.0012522
5.00 -90.00 0.00125226
10.00 -90.00 0.00125235
15.00 -90.00 0.00125244
20.00 -90.00 0.00125256
25.00 -90.00 0.00125268
30.00 -90.00 0.00125283
35.00 -90.00 0.00125295
40.00 -90.00 0.00125307
45.00 -90.00 0.00125319
50.00 -90.00 0.00125331
55.00 -90.00 0.00125343
60.00 -90.00 0.00125352
65.00 -90.00 0.00125358
70.00 -90.00 0.00125361
75.00 -90.00 0.00125364
80.00 -90.00 0.00125364
85.00 -90.00 0.00125361
90.00 -90.00 0.00125358
95.00 -90.00 0.00125352
100.00 -90.00 0.00125343
105.00 -90.00 0.00125331
110.00 -90.00 0.00125322
115.00 -90.00 0.00125307
120.00 -90.00 0.00125295
125.00 -90.00 0.00125283
130.00 -90.00 0.00125268
135.00 -90.00 0.00125256
140.00 -90.00 0.00125244
145.00 -90.00 0.00125235
150.00 -90.00 0.00125226
155.00 -90.00 0.0012522
160.00 -90.00 0.00125214
165.00 -90.00 0.00125211
170.00 -90.00 0.00125211
175.00 -90.00 0.00125214
180.00 -90.00 0.00125217
-180.00 -85.00 -0.00099579
-175.00 -85.00 -0.00127149
-170.00 -85.00 -0.00153681
-165.00 -85.00 -0.00178962
-160.00 -85.00 -0.00202785
-155.00 -85.00 -0.00224952
-150.00 -85.00 -0.00245256
-145.00 -85.00 -0.00263421
-140.00 -85.00 -0.00279033
-135.00 -85.00 -0.00291558
-130.00 -85.00 -0.00300387
-125.00 -85.00 -0.00304923
-120.00 -85.00 -0.00304617
-115.00 -85.00 -0.00298989
-110.00 -85.00 -0.00287655
-105.00 -85.00 -0.00270405
-100.00 -85.00 -0.00247272
-95.00 -85.00 -0.00218577
-90.00 -85.00 -0.00184899
-85.00 -85.00 -0.00147027
-80.00 -85.00 -0.00105897
-75.00 -85.00 -0.00062544
-70.00 -85.00 -0.00018063
-65.00 -85.00 0.00026418
-60.00 -85.00 0.00069852
-55.00 -85.00 0.00111327
-50.00 -85.00 0.00150153
-45.00 -85.00 0.00185844
-40.00 -85.00 0.002181
-35.00 -85.00 0.00246771
-30.00 -85.00 0.00271878
-25.00 -85.00 0.00293616
-20.00 -85.00 0.00312345
-15.00 -85.00 0.00328515
-10.00 -85.00 0.00342579
-5.00 -85.00 0.00354957
0.00 -85.00 0.00366027
5.00 -85.00 0.0037614
10.00 -85.00 0.00385584
15.00 -85.00 0.00394521
20.00 -85.00 0.00402927
25.00 -85.00 0.00410616
30.00 -85.00 0.00417303
35.00 -85.00 0.00422658
40.00 -85.00 0.00426327
45.00 -85.00 0.00427923
50.00 -85.00 0.00427071
55.00 -85.00 0.00423471
60.00 -85.00 0.00416997
65.00 -85.00 0.00407703
70.00 -85.00 0.00395787
75.00 -85.00 0.00381552
80.00 -85.00 0.00365379
85.00 -85.00 0.00347733
90.00 -85.00 0.00329103
95.00 -85.00 0.00309933
100.00 -85.00 0.00290538
105.00 -85.00 0.00271083
110.00 -85.00 0.00251595
115.00 -85.00 0.00232008
120.00 -85.00 0.00212136
125.00 -85.00 0.00191703
130.00 -85.00 0.00170388
135.00 -85.00 0.00147903
140.00 -85.00 0.00124089
145.00 -85.00 0.00098901
150.00 -85.00 0.00072408
155.00 -85.00 0.00044757
160.00 -85.00 0.00016194
165.00 -85.00 -0.0001293
170.00 -85.00 -0.00042189
175.00 -85.00 -0.00071178
180.00 -85.00 -0.00099579
-180.00 -80.00 -0.0027993
-175.00 -80.00 -0.00309366
-170.00 -80.00 -0.00327873
-165.00 -80.00 -0.00338685
-160.00 -80.00 -0.00346005
-155.00 -80.00 -0.00353373
-150.00 -80.00 -0.00363423
-145.00 -80.00 -0.00378447
-140.00 -80.00 -0.00399861
-135.00 -80.00 -0.00426897
-130.00 -80.00 -0.00456603
-125.00 -80.00 -0.00485214
-120.00 -80.00 -0.00508839
-115.00 -80.00 -0.00522984
-110.00 -80.00 -0.00522792
-105.00 -80.00 -0.00504681
-100.00 -80.00 -0.00467424
-95.00 -80.00 -0.00411534
-90.00 -80.00 -0.0033858
-85.00 -80.00 -0.00251703
-80.00 -80.00 -0.00156066
-75.00 -80.00 -0.00057648
-70.00 -80.00 0.00038355
-65.00 -80.00 0.00127686
-60.00 -80.00 0.00206469
-55.00 -80.00 0.00271701
-50.00 -80.00 0.00322398
-45.00 -80.00 0.00359364
-40.00 -80.00 0.00383805
-35.00 -80.00 0.0039684
-30.00 -80.00 0.0040023
-25.00 -80.00 0.00396435
-20.00 -80.00 0.00387522
-15.00 -80.00 0.00374709
-10.00 -80.00 0.00359409
-5.00 -80.00 0.00343989
0.00 -80.00 0.00330999
5.00 -80.00 0.00322371
10.00 -80.00 0.00319875
15.00 -80.00 0.00325707
20.00 -80.00 0.00341556
25.00 -80.00 0.00367263
30.00 -80.00 0.00400953
35.00 -80.00 0.00440028
40.00 -80.00 0.00481185
45.00 -80.00 0.00519789
50.00 -80.00 0.00550506
55.00 -80.00 0.00569091
60.00 -80.00 0.0057324
65.00 -80.00 0.00562014
70.00 -80.00 0.00535746
75.00 -80.00 0.00496944
80.00 -80.00 0.00450447
85.00 -80.00 0.00401871
90.00 -80.00 0.003561
95.00 -80.00 0.00317241
100.00 -80.00 0.00288693
105.00 -80.00 0.00271992
110.00 -80.00 0.00265665
115.00 -80.00 0.00265905
120.00 -80.00 0.0026817
125.00 -80.00 0.00267678
130.00 -80.00 0.00259248
135.00 -80.00 0.00238311
140.00 -80.00 0.00202692
145.00 -80.00 0.0015306
150.00 -80.00 0.0009177
155.00 -80.00 0.00022194
160.00 -80.00 -0.00050913
165.00 -80.00 -0.00121746
170.00 -80.00 -0.00185247
175.00 -80.00 -0.00238425
180.00 -80.00 -0.0027993
-180.00 -75.00 -0.0065193
-175.00 -75.00 -0.00650484
-170.00 -75.00 -0.00612822
-165.00 -75.00 -0.00549399
-160.00 -75.00 -0.00471885
-155.00 -75.00 -0.00391803
-150.00 -75.00 -0.00319641
-145.00 -75.00 -0.00263946
-140.00 -75.00 -0.00230442
-135.00 -75.00 -0.00221553
-130.00 -75.00 -0.0023607
-125.00 -75.00 -0.00268911
-120.00 -75.00 -0.00311598
-115.00 -75.00 -0.00353667
-110.00 -75.00 -0.00384354
-105.00 -75.00 -0.00394275
-100.00 -75.00 -0.00377097
-95.00 -75.00 -0.00330723
-90.00 -75.00 -0.00257424
-85.00 -75.00 -0.00163308
-80.00 -75.00 -0.00057501
-75.00 -75.00 0.00049185
-70.00 -75.00 0.00146127
-65.00 -75.00 0.00224703
-60.00 -75.00 0.00279648
-55.00 -75.00 0.00310077
-50.00 -75.00 0.00319599
-45.00 -75.00 0.00315036
-40.00 -75.00 0.00304269
-35.00 -75.00 0.00294153
-30.00 -75.00 0.00288762
-25.00 -75.00 0.00288432
-20.00 -75.00 0.00290187
-15.00 -75.00 0.00289335
-10.00 -75.00 0.00281343
-5.00 -75.00 0.0026349
0.00 -75.00 0.00236223
5.00 -75.00 0.00203712
10.00 -75.00 0.00173172
15.00 -75.00 0.0015348
20.00 -75.00 0.00153438
25.00 -75.00 0.00179691
30.00 -75.00 0.00234693
35.00 -75.00 0.00315663
40.00 -75.00 0.00414678
45.00 -75.00 0.00519675
50.00 -75.00 0.00616386
55.00 -75.00 0.0069105
60.00 -75.00 0.0073296
65.00 -75.00 0.00736287
70.00 -75.00 0.00701187
75.00 -75.00 0.00634074
80.00 -75.00 0.00546654
85.00 -75.00 0.00453996
90.00 -75.00 0.00372186
95.00 -75.00 0.00315516
100.00 -75.00 0.00293559
105.00 -75.00 0.00308907
110.00 -75.00 0.00356364
115.00 -75.00 0.00423462
120.00 -75.00 0.00492453
125.00 -75.00 0.00543717
130.00 -75.00 0.0055974
135.00 -75.00 0.00528402
140.00 -75.00 0.00445224
145.00 -75.00 0.00314286
150.00 -75.00 0.00147405
155.00 -75.00 -0.00038301
160.00 -75.00 -0.00223443
165.00 -75.00 -0.00389409
170.00 -75.00 -0.00521262
175.00 -75.00 -0.00609765
180.00 -75.00 -0.0065193
-180.00 -70.00 -0.00977028
-175.00 -70.00 -0.00959724
-170.00 -70.00 -0.0090699
-165.00 -70.00 -0.00829707
-160.00 -70.00 -0.00735042
-155.00 -70.00 -0.00627096
-150.00 -70.00 -0.00509223
-145.00 -70.00 -0.00386574
-140.00 -70.00 -0.00267483
-135.00 -70.00 -0.00162708
-130.00 -70.00 -0.00082728
-125.00 -70.00 -0.00034305
-120.00 -70.00 -0.00017997
-115.00 -70.00 -0.00027975
-110.00 -70.00 -0.00054192
-105.00 -70.00 -0.00085692
-100.00 -70.00 -0.0011331
-95.00 -70.00 -0.00130767
-90.00 -70.00 -0.00134427
-85.00 -70.00 -0.00122931
-80.00 -70.00 -0.00097692
-75.00 -70.00 -0.00063999
-70.00 -70.00 -0.00031242
-65.00 -70.00 -0.00010812
-60.00 -70.00 -0.00011634
-55.00 -70.00 -0.00035214
-50.00 -70.00 -0.00073059
-45.00 -70.00 -0.00108516
-40.00 -70.00 -0.00122649
-35.00 -70.00 -0.00101598
-30.00 -70.00 -0.00041934
-25.00 -70.00 0.00048282
-20.00 -70.00 0.00152787
-15.00 -70.00 0.00252714
-10.00 -70.00 0.00331815
-5.00 -70.00 0.00379662
0.00 -70.00 0.00392613
5.00 -70.00 0.00373473
10.00 -70.00 0.00330804
15.00 -70.00 0.00277968
20.00 -70.00 0.00231417
25.00 -70.00 0.0020766
30.00 -70.00 0.00219318
35.00 -70.00 0.00271386
40.00 -70.00 0.00359346
45.00 -70.00 0.00469947
50.00 -70.00 0.00584511
55.00 -70.00 0.00683463
60.00 -70.00 0.00750585
65.00 -70.00 0.00775866
70.00 -70.00 0.00756729
75.00 -70.00 0.00698085
80.00 -70.00 0.0061173
85.00 -70.00 0.00515169
90.00 -70.00 0.00429489
95.00 -70.00 0.00375714
100.00 -70.00 0.00369792
105.00 -70.00 0.00417339
110.00 -70.00 0.00510129
115.00 -70.00 0.00626211
120.00 -70.00 0.00734313
125.00 -70.00 0.0080136
130.00 -70.00 0.00800646
135.00 -70.00 0.00718008
140.00 -70.00 0.00554421
145.00 -70.00 0.0032493
150.00 -70.00 0.00054906
155.00 -70.00 -0.00225126
160.00 -70.00 -0.00485052
165.00 -70.00 -0.00700266
170.00 -70.00 -0.00855432
175.00 -70.00 -0.00945999
180.00 -70.00 -0.00977028
-180.00 -65.00 -0.0091383
-175.00 -65.00 -0.00897558
-170.00 -65.00 -0.00893406
-165.00 -65.00 -0.00902271
-160.00 -65.00 -0.00912132
-155.00 -65.00 -0.00903111
-150.00 -65.00 -0.00855351
-145.00 -65.00 -0.00757263
-140.00 -65.00 -0.00611526
-135.00 -65.00 -0.00436101
-130.00 -65.00 -0.00258759
-125.00 -65.00 -0.00106863
-120.00 -65.00 2.343e-05
-115.00 -65.00 0.00065229
-110.00 -65.00 0.00087237
-105.00 -65.00 0.00074571
-100.00 -65.00 0.00029178
-95.00 -65.00 -0.0004848
-90.00 -65.00 -0.00151551
-85.00 -65.00 -0.00261519
-80.00 -65.00 -0.00352431
-75.00 -65.00 -0.00403845
-70.00 -65.00 -0.0041376
-65.00 -65.00 -0.004011
-60.00 -65.00 -0.00394071
-55.00 -65.00 -0.00411177
-50.00 -65.00 -0.00447648
-45.00 -65.00 -0.00476835
-40.00 -65.00 -0.0046587
-35.00 -65.00 -0.00395442
-30.00 -65.00 -0.00271023
-25.00 -65.00 -0.00118941
-20.00 -65.00 0.00029118
-15.00 -65.00 0.00152427
-10.00 -65.00 0.00248034
-5.00 -65.00 0.0032508
0.00 -65.00 0.00392442
5.00 -65.00 0.00449517
10.00 -65.00 0.00486528
15.00 -65.00 0.00493122
20.00 -65.00 0.00468228
25.00 -65.00 0.0042387
30.00 -65.00 0.00380607
35.00 -65.00 0.0035796
40.00 -65.00 0.0036591
45.00 -65.00 0.00401964
50.00 -65.00 0.00454275
55.00 -65.00 0.00507954
60.00 -65.00 0.00550527
65.00 -65.00 0.00574143
70.00 -65.00 0.00574797
75.00 -65.00 0.00550782
80.00 -65.00 0.00502866
85.00 -65.00 0.00436776
90.00 -65.00 0.00365934
95.00 -65.00 0.00310824
100.00 -65.00 0.00292614
105.00 -65.00 0.00322479
110.00 -65.00 0.00392382
115.00 -65.00 0.0047379
120.00 -65.00 0.00527049
125.00 -65.00 0.00517251
130.00 -65.00 0.00427953
135.00 -65.00 0.00265443
140.00 -65.00 0.00052779
145.00 -65.00 -0.00180885
150.00 -65.00 -0.0040866
155.00 -65.00 -0.00609024
160.00 -65.00 -0.0076593
165.00 -65.00 -0.00869793
170.00 -65.00 -0.00920319
175.00 -65.00 -0.00928443
180.00 -65.00 -0.0091383
-180.00 -60.00 -0.00669261
-175.00 -60.00 -0.00632538
-170.00 -60.00 -0.00636312
-165.00 -60.00 -0.00668505
-160.00 -60.00 -0.00710292
-155.00 -60.00 -0.0074526
-150.00 -60.00 -0.00760227
-145.00 -60.00 -0.00742968
-140.00 -60.00 -0.00685854
-135.00 -60.00 -0.00594564
-130.00 -60.00 -0.0049071
-125.00 -60.00 -0.00400524
-120.00 -60.00 -0.0033669
-115.00 -60.00 -0.00290304
-110.00 -60.00 -0.00242712
-105.00 -60.00 -0.00188598
-100.00 -60.00 -0.00149328
-95.00 -60.00 -0.00161535
-90.00 -60.00 -0.00246351
-85.00 -60.00 -0.00383442
-80.00 -60.00 -0.00514272
-75.00 -60.00 -0.00577197
-70.00 -60.00 -0.00549888
-65.00 -60.00 -0.0046542
-60.00 -60.00 -0.00387603
-55.00 -60.00 -0.0036363
-50.00 -60.00 -0.00390138
-45.00 -60.00 -0.00417954
-40.00 -60.00 -0.00391092
-35.00 -60.00 -0.00290727
-30.00 -60.00 -0.00152343
-25.00 -60.00 -0.00043566
-20.00 -60.00 -0.00017754
-15.00 -60.00 -0.00075519
-10.00 -60.00 -0.00161379
-5.00 -60.00 -0.00198249
0.00 -60.00 -0.00135834
5.00 -60.00 0.00019926
10.00 -60.00 0.00214059
15.00 -60.00 0.00377643
20.00 -60.00 0.00465213
25.00 -60.00 0.00472158
30.00 -60.00 0.00427032
35.00 -60.00 0.00369675
40.00 -60.00 0.00330705
45.00 -60.00 0.00322077
50.00 -60.00 0.00338955
55.00 -60.00 0.00367443
60.00 -60.00 0.00392262
65.00 -60.00 0.00401292
70.00 -60.00 0.00386733
75.00 -60.00 0.00344181
80.00 -60.00 0.00271905
85.00 -60.00 0.00172758
90.00 -60.00 0.00058836
95.00 -60.00 -0.0004581
100.00 -60.00 -0.00111528
105.00 -60.00 -0.00120456
110.00 -60.00 -0.00085233
115.00 -60.00 -0.00052167
120.00 -60.00 -0.00079647
125.00 -60.00 -0.00202329
130.00 -60.00 -0.00406572
135.00 -60.00 -0.00637068
140.00 -60.00 -0.00830496
145.00 -60.00 -0.0095046
150.00 -60.00 -0.00998277
155.00 -60.00 -0.00996369
160.00 -60.00 -0.00963906
165.00 -60.00 -0.00907125
170.00 -60.00 -0.00828777
175.00 -60.00 -0.00741648
180.00 -60.00 -0.00669261
-180.00 -55.00 -0.00364275
-175.00 -55.00 -0.00345801
-170.00 -55.00 -0.00354759
-165.00 -55.00 -0.00334629
-160.00 -55.00 -0.00261507
-155.00 -55.00 -0.00171759
-150.00 -55.00 -0.00130149
-145.00 -55.00 -0.00172647
-140.00 -55.00 -0.00283176
-135.00 -55.00 -0.00421434
-130.00 -55.00 -0.00561978
-125.00 -55.00 -0.00699381
-120.00 -55.00 -0.00820905
-115.00 -55.00 -0.00887133
-110.00 -55.00 -0.00850236
-105.00 -55.00 -0.00697413
-100.00 -55.00 -0.0047943
-95.00 -55.00 -0.00292707
-90.00 -55.00 -0.00219087
-85.00 -55.00 -0.00265146
-80.00 -55.00 -0.00352932
-75.00 -55.00 -0.00378366
-70.00 -55.00 -0.00293844
-65.00 -55.00 -0.00144309
-60.00 -55.00 -0.00025143
-55.00 -55.00 -3.69e-06
-50.00 -55.00 -0.00051798
-45.00 -55.00 -0.0009729
-40.00 -55.00 -0.00058431
-35.00 -55.00 0.00074529
-30.00 -55.00 0.00225498
-25.00 -55.00 0.0027666
-20.00 -55.00 0.00149016
-15.00 -55.00 -0.00133917
-10.00 -55.00 -0.00448362
-5.00 -55.00 -0.00642876
0.00 -55.00 -0.00630582
5.00 -55.00 -0.00434601
10.00 -55.00 -0.00159669
15.00 -55.00 0.00079053
20.00 -55.00 0.00214959
25.00 -55.00 0.00244875
30.00 -55.00 0.00207444
35.00 -55.00 0.00152118
40.00 -55.00 0.00118326
45.00 -55.00 0.00127425
50.00 -55.00 0.00180876
55.00 -55.00 0.002598
60.00 -55.00 0.0032808
65.00 -55.00 0.00344175
70.00 -55.00 0.00280506
75.00 -55.00 0.00138477
80.00 -55.00 -0.0005388
85.00 -55.00 -0.00259575
90.00 -55.00 -0.0044757
95.00 -55.00 -0.00591945
100.00 -55.00 -0.00665904
105.00 -55.00 -0.0065262
110.00 -55.00 -0.00573474
115.00 -55.00 -0.00501756
120.00 -55.00 -0.00530082
125.00 -55.00 -0.00703086
130.00 -55.00 -0.00971271
135.00 -55.00 -0.0121445
140.00 -55.00 -0.013232
145.00 -55.00 -0.0127155
150.00 -55.00 -0.0112014
155.00 -55.00 -0.00953625
160.00 -55.00 -0.00814374
165.00 -55.00 -0.00691494
170.00 -55.00 -0.00563892
175.00 -55.00 -0.00442587
180.00 -55.00 -0.00364275
-180.00 -50.00 0.00282039
-175.00 -50.00 0.00169371
-170.00 -50.00 -0.00016008
-165.00 -50.00 -0.0009912
-160.00 -50.00 8.934e-05
-155.00 -50.00 0.00221268
-150.00 -50.00 0.0035343
-145.00 -50.00 0.00286032
-140.00 -50.00 0.0004368
-135.00 -50.00 -0.00269403
-130.00 -50.00 -0.00574803
-125.00 -50.00 -0.0084681
-120.00 -50.00 -0.0106399
-115.00 -50.00 -0.0117479
-110.00 -50.00 -0.0112354
-105.00 -50.00 -0.00901947
-100.00 -50.00 -0.00575559
-95.00 -50.00 -0.00264918
-90.00 -50.00 -0.00083724
-85.00 -50.00 -0.0006186
-80.00 -50.00 -0.00116466
-75.00 -50.00 -0.00117804
-70.00 -50.00 -3.468e-05
-65.00 -50.00 0.00171966
-60.00 -50.00 0.00301632
-55.00 -50.00 0.00330147
-50.00 -50.00 0.00291471
-45.00 -50.00 0.00264315
-40.00 -50.00 0.00306384
-35.00 -50.00 0.00415401
-30.00 -50.00 0.00522735
-25.00 -50.00 0.0052275
-20.00 -50.00 0.00342438
-15.00 -50.00 0.0001377
-10.00 -50.00 -0.00323673
-5.00 -50.00 -0.00513726
0.00 -50.00 -0.00495
5.00 -50.00 -0.00331476
10.00 -50.00 -0.00143196
15.00 -50.00 -0.00014595
20.00 -50.00 0.00038001
25.00 -50.00 0.00035796
30.00 -50.00 -1.164e-05
35.00 -50.00 -0.00061131
40.00 -50.00 -0.00125532
45.00 -50.00 -0.00161436
50.00 -50.00 -0.00136047
55.00 -50.00 -0.0004614
60.00 -50.00 0.00059583
65.00 -50.00 0.00092865
70.00 -50.00 -0.00018585
75.00 -50.00 -0.00269754
80.00 -50.00 -0.00572508
85.00 -50.00 -0.0082065
90.00 -50.00 -0.0096363
95.00 -50.00 -0.0101466
100.00 -50.00 -0.00998022
105.00 -50.00 -0.00914271
110.00 -50.00 -0.00772164
115.00 -50.00 -0.00638808
120.00 -50.00 -0.00621765
125.00 -50.00 -0.00775116
130.00 -50.00 -0.0102377
135.00 -50.00 -0.0119973
140.00 -50.00 -0.0117239
145.00 -50.00 -0.00952323
150.00 -50.00 -0.00668691
155.00 -50.00 -0.00444906
160.00 -50.00 -0.0029688
165.00 -50.00 -0.00151839
170.00 -50.00 0.00039723
175.00 -50.00 0.00222999
180.00 -50.00 0.00282039
-180.00 -45.00 0.00932934
-175.00 -45.00 0.00744666
-170.00 -45.00 0.00348423
-165.00 -45.00 0.00036783
-160.00 -45.00 0.00014325
-155.00 -45.00 0.00204495
-150.00 -45.00 0.00343692
-145.00 -45.00 0.00256164
-140.00 -45.00 -7.638e-05
-135.00 -45.00 -0.0029637
-130.00 -45.00 -0.00537231
-125.00 -45.00 -0.00742131
-120.00 -45.00 -0.0089946
-115.00 -45.00 -0.00948936
-110.00 -45.00 -0.00858897
-105.00 -45.00 -0.00666465
-100.00 -45.00 -0.00438339
-95.00 -45.00 -0.00239265
-90.00 -45.00 -0.00130422
-85.00 -45.00 -0.00131169
-80.00 -45.00 -0.00166152
-75.00 -45.00 -0.00111147
-70.00 -45.00 0.00074934
-65.00 -45.00 0.00303972
-60.00 -45.00 0.00469533
-55.00 -45.00 0.00558132
-50.00 -45.00 0.0061533
-45.00 -45.00 0.00649542
-40.00 -45.00 0.0062961
-35.00 -45.00 0.00553464
-30.00 -45.00 0.0045267
-25.00 -45.00 0.00329328
-20.00 -45.00 0.00152019
-15.00 -45.00 -0.00062292
-10.00 -45.00 -0.00212895
-5.00 -45.00 -0.00207729
0.00 -45.00 -0.00073644
5.00 -45.00 0.00065421
10.00 -45.00 0.00119475
15.00 -45.00 0.00109794
20.00 -45.00 0.00108561
25.00 -45.00 0.00133866
30.00 -45.00 0.00130977
35.00 -45.00 0.00043518
40.00 -45.00 -0.00124008
45.00 -45.00 -0.00309354
50.00 -45.00 -0.0043338
55.00 -45.00 -0.00446145
60.00 -45.00 -0.00373956
65.00 -45.00 -0.00333468
70.00 -45.00 -0.00455952
75.00 -45.00 -0.00754842
80.00 -45.00 -0.0108082
85.00 -45.00 -0.0124574
90.00 -45.00 -0.0119431
95.00 -45.00 -0.0102979
100.00 -45.00 -0.00876453
105.00 -45.00 -0.00759573
110.00 -45.00 -0.00641241
115.00 -45.00 -0.00534495
120.00 -45.00 -0.0052269
125.00 -45.00 -0.00650196
130.00 -45.00 -0.00827931
135.00 -45.00 -0.00885672
140.00 -45.00 -0.00728022
145.00 -45.00 -0.00427989
150.00 -45.00 -0.0015672
155.00 -45.00 -0.00018543
160.00 -45.00 0.00044466
165.00 -45.00 0.00183315
170.00 -45.00 0.00471693
175.00 -45.00 0.0079734
180.00 -45.00 0.00932934
-180.00 -40.00 0.0070806
-175.00 -40.00 0.00756147
-170.00 -40.00 0.00513684
-165.00 -40.00 0.00208857
-160.00 -40.00 0.00108654
-155.00 -40.00 0.00217065
-150.00 -40.00 0.00285375
-145.00 -40.00 0.00144618
-140.00 -40.00 -0.00098691
-135.00 -40.00 -0.00265815
-130.00 -40.00 -0.0036399
-125.00 -40.00 -0.00504114
-120.00 -40.00 -0.00662073
-115.00 -40.00 -0.00702015
-110.00 -40.00 -0.0060201
-105.00 -40.00 -0.00488115
-100.00 -40.00 -0.00444045
-95.00 -40.00 -0.00435327
-90.00 -40.00 -0.00429054
-85.00 -40.00 -0.0043488
-80.00 -40.00 -0.00396723
-75.00 -40.00 -0.00199773
-70.00 -40.00 0.00147633
-65.00 -40.00 0.00470754
-60.00 -40.00 0.00646599
-55.00 -40.00 0.00746064
-50.00 -40.00 0.00863697
-45.00 -40.00 0.00920886
-40.00 -40.00 0.00774402
-35.00 -40.00 0.00450096
-30.00 -40.00 0.00122739
-25.00 -40.00 -0.00108096
-20.00 -40.00 -0.00281778
-15.00 -40.00 -0.00413112
-10.00 -40.00 -0.00407739
-5.00 -40.00 -0.00207186
0.00 -40.00 0.0007455
5.00 -40.00 0.00255315
10.00 -40.00 0.00296178
15.00 -40.00 0.00324639
20.00 -40.00 0.00439785
25.00 -40.00 0.00568173
30.00 -40.00 0.00556881
35.00 -40.00 0.00359571
40.00 -40.00 0.00066918
45.00 -40.00 -0.00215796
50.00 -40.00 -0.00438018
55.00 -40.00 -0.00562221
60.00 -40.00 -0.00564834
65.00 -40.00 -0.00523677
70.00 -40.00 -0.00606219
75.00 -40.00 -0.00877329
80.00 -40.00 -0.0116619
85.00 -40.00 -0.0122143
90.00 -40.00 -0.00989151
95.00 -40.00 -0.00656589
100.00 -40.00 -0.0041949
105.00 -40.00 -0.00295356
110.00 -40.00 -0.00200604
115.00 -40.00 -0.00127101
120.00 -40.00 -0.00151026
125.00 -40.00 -0.00285225
130.00 -40.00 -0.00408684
135.00 -40.00 -0.00380955
140.00 -40.00 -0.00195831
145.00 -40.00 8.634e-05
150.00 -40.00 0.00083922
155.00 -40.00 2.343e-05
160.00 -40.00 -0.00126465
165.00 -40.00 -0.00142467
170.00 -40.00 0.00050022
175.00 -40.00 0.00399891
180.00 -40.00 0.00708057
-180.00 -35.00 -0.00234219
-175.00 -35.00 0.00264609
-170.00 -35.00 0.00530106
-165.00 -35.00 0.00492144
-160.00 -35.00 0.00406116
-155.00 -35.00 0.00443754
-150.00 -35.00 0.00443202
-145.00 -35.00 0.0022668
-140.00 -35.00 -0.00061023
-135.00 -35.00 -0.00188205
-130.00 -35.00 -0.00232056
-125.00 -35.00 -0.00425733
-120.00 -35.00 -0.00722088
-115.00 -35.00 -0.00845862
-110.00 -35.00 -0.00736911
-105.00 -35.00 -0.00616623
-100.00 -35.00 -0.00612018
-95.00 -35.00 -0.00621021
-90.00 -35.00 -0.00577224
-85.00 -35.00 -0.00540384
-80.00 -35.00 -0.00459567
-75.00 -35.00 -0.00153498
-70.00 -35.00 0.00353577
-65.00 -35.00 0.00752547
-60.00 -35.00 0.00857793
-55.00 -35.00 0.00846081
-50.00 -35.00 0.00912096
-45.00 -35.00 0.00927102
-40.00 -35.00 0.0067767
-35.00 -35.00 0.00256449
-30.00 -35.00 -0.00060843
-25.00 -35.00 -0.00216522
-20.00 -35.00 -0.00372468
-15.00 -35.00 -0.0055587
-10.00 -35.00 -0.0057348
-5.00 -35.00 -0.00323292
0.00 -35.00 0.00021198
5.00 -35.00 0.00244812
10.00 -35.00 0.00377133
15.00 -35.00 0.00605886
20.00 -35.00 0.00946212
25.00 -35.00 0.0114585
30.00 -35.00 0.0098484
35.00 -35.00 0.0056898
40.00 -35.00 0.00199806
45.00 -35.00 2.931e-05
50.00 -35.00 -0.00149292
55.00 -35.00 -0.00348603
60.00 -35.00 -0.00494058
65.00 -35.00 -0.00511062
70.00 -35.00 -0.00533778
75.00 -35.00 -0.0070038
80.00 -35.00 -0.00887976
85.00 -35.00 -0.0084684
90.00 -35.00 -0.00549096
95.00 -35.00 -0.00217659
100.00 -35.00 -8.523e-05
105.00 -35.00 0.00155256
110.00 -35.00 0.00375072
115.00 -35.00 0.00562425
120.00 -35.00 0.00561609
125.00 -35.00 0.00402093
130.00 -35.00 0.00282813
135.00 -35.00 0.00314898
140.00 -35.00 0.0039513
145.00 -35.00 0.00359271
150.00 -35.00 0.00173223
155.00 -35.00 -0.00077337
160.00 -35.00 -0.00325308
165.00 -35.00 -0.00559422
170.00 -35.00 -0.00714822
175.00 -35.00 -0.00630618
180.00 -35.00 -0.00234219
-180.00 -30.00 -0.00814752
-175.00 -30.00 4.254e-05
-170.00 -30.00 0.00675645
-165.00 -30.00 0.00763257
-160.00 -30.00 0.00540294
-155.00 -30.00 0.00468804
-150.00 -30.00 0.00495801
-145.00 -30.00 0.00291279
-140.00 -30.00 -0.00083454
-135.00 -30.00 -0.00291108
-130.00 -30.00 -0.00347922
-125.00 -30.00 -0.0056952
-120.00 -30.00 -0.00944394
-115.00 -30.00 -0.0110529
-110.00 -30.00 -0.00935853
-105.00 -30.00 -0.00709845
-100.00 -30.00 -0.00591552
-95.00 -30.00 -0.00468213
-90.00 -30.00 -0.00328584
-85.00 -30.00 -0.00327939
-80.00 -30.00 -0.00373851
-75.00 -30.00 -0.00120936
-70.00 -30.00 0.00451836
-65.00 -30.00 0.00896169
-60.00 -30.00 0.00935424
-55.00 -30.00 0.00832509
-50.00 -30.00 0.00865698
-45.00 -30.00 0.00855885
-40.00 -30.00 0.00560109
-35.00 -30.00 0.00175161
-30.00 -30.00 0.00032016
-25.00 -30.00 0.00045936
-20.00 -30.00 -0.000993
-15.00 -30.00 -0.00380829
-10.00 -30.00 -0.00463293
-5.00 -30.00 -0.00231543
0.00 -30.00 0.00064425
5.00 -30.00 0.00226338
10.00 -30.00 0.00392214
15.00 -30.00 0.00781794
20.00 -30.00 0.0129088
25.00 -30.00 0.0150889
30.00 -30.00 0.0119466
35.00 -30.00 0.00625191
40.00 -30.00 0.00296241
45.00 -30.00 0.00304983
50.00 -30.00 0.00275286
55.00 -30.00 -0.00055563
60.00 -30.00 -0.00473583
65.00 -30.00 -0.00662889
70.00 -30.00 -0.00655842
75.00 -30.00 -0.00659235
80.00 -30.00 -0.00650319
85.00 -30.00 -0.00458406
90.00 -30.00 -0.00136725
95.00 -30.00 0.00070326
100.00 -30.00 0.00128616
105.00 -30.00 0.00291213
110.00 -30.00 0.00686019
115.00 -30.00 0.0106875
120.00 -30.00 0.0115035
125.00 -30.00 0.00995868
130.00 -30.00 0.00887487
135.00 -30.00 0.00894627
140.00 -30.00 0.00815142
145.00 -30.00 0.00525864
150.00 -30.00 0.00176523
155.00 -30.00 -0.00035586
160.00 -30.00 -0.00155976
165.00 -30.00 -0.00415389
170.00 -30.00 -0.00860907
175.00 -30.00 -0.0113643
180.00 -30.00 -0.00814755
-180.00 -25.00 -0.00844104
-175.00 -25.00 0.00094752
-170.00 -25.00 0.00918312
-165.00 -25.00 0.00916167
-160.00 -25.00 0.00400005
-155.00 -25.00 0.00174276
-150.00 -25.00 0.00328605
-145.00 -25.00 0.00288444
-140.00 -25.00 -0.00111711
-135.00 -25.00 -0.00444249
-130.00 -25.00 -0.00540042
-125.00 -25.00 -0.00708015
-120.00 -25.00 -0.0102925
-115.00 -25.00 -0.0115416
-110.00 -25.00 -0.00929592
-105.00 -25.00 -0.00621591
-100.00 -25.00 -0.00409287
-95.00 -25.00 -0.00205923
-90.00 -25.00 -0.00057936
-85.00 -25.00 -0.00159759
-80.00 -25.00 -0.00355155
-75.00 -25.00 -0.00184416
-70.00 -25.00 0.00388344
-65.00 -25.00 0.00828924
-60.00 -25.00 0.00837657
-55.00 -25.00 0.00756819
-50.00 -25.00 0.0088137
-45.00 -25.00 0.00927783
-40.00 -25.00 0.00607218
-35.00 -25.00 0.00213423
-30.00 -25.00 0.00132015
-25.00 -25.00 0.00188301
-20.00 -25.00 0.00016854
-15.00 -25.00 -0.00261399
-10.00 -25.00 -0.00260694
-5.00 -25.00 0.00017904
0.00 -25.00 0.0023604
5.00 -25.00 0.00276159
10.00 -25.00 0.00371604
15.00 -25.00 0.0072156
20.00 -25.00 0.0118911
25.00 -25.00 0.0139956
30.00 -25.00 0.0113743
35.00 -25.00 0.00663264
40.00 -25.00 0.00470085
45.00 -25.00 0.0063027
50.00 -25.00 0.00655878
55.00 -25.00 0.00191946
60.00 -25.00 -0.00467901
65.00 -25.00 -0.00821454
70.00 -25.00 -0.00804375
75.00 -25.00 -0.00670266
80.00 -25.00 -0.0048972
85.00 -25.00 -0.00167682
90.00 -25.00 0.00179997
95.00 -25.00 0.0028278
100.00 -25.00 0.00168555
105.00 -25.00 0.00212724
110.00 -25.00 0.0060657
115.00 -25.00 0.0105458
120.00 -25.00 0.012011
125.00 -25.00 0.0111911
130.00 -25.00 0.0109269
135.00 -25.00 0.0110138
140.00 -25.00 0.0088014
145.00 -25.00 0.00410328
150.00 -25.00 4.638e-05
155.00 -25.00 -0.00113379
160.00 -25.00 -0.00087441
165.00 -25.00 -0.00249033
170.00 -25.00 -0.00711186
175.00 -25.00 -0.011033
180.00 -25.00 -0.00844107
-180.00 -20.00 -0.00916311
-175.00 -20.00 0.00079038
-170.00 -20.00 0.010331
-165.00 -20.00 0.0108354
-160.00 -20.00 0.00423588
-155.00 -20.00 0.00035925
-150.00 -20.00 0.00225477
-145.00 -20.00 0.00347709
-140.00 -20.00 0.00025623
-135.00 -20.00 -0.00357696
-130.00 -20.00 -0.00516201
-125.00 -20.00 -0.00689028
-120.00 -20.00 -0.00999384
-115.00 -20.00 -0.0114396
-110.00 -20.00 -0.00942387
-105.00 -20.00 -0.00618612
-100.00 -20.00 -0.00385158
-95.00 -20.00 -0.00220551
-90.00 -20.00 -0.0013848
-85.00 -20.00 -0.00217902
-80.00 -20.00 -0.00280002
-75.00 -20.00 2.79e-05
-70.00 -20.00 0.00538158
-65.00 -20.00 0.0081804
-60.00 -20.00 0.00686802
-55.00 -20.00 0.00604476
-50.00 -20.00 0.00853479
-45.00 -20.00 0.0103034
-40.00 -20.00 0.00750711
-35.00 -20.00 0.00315561
-30.00 -20.00 0.00152598
-25.00 -20.00 0.00113184
-20.00 -20.00 -0.00100158
-15.00 -20.00 -0.0029022
-10.00 -20.00 -0.00134646
-5.00 -20.00 0.00216612
0.00 -20.00 0.00425082
5.00 -20.00 0.00483954
10.00 -20.00 0.00573255
15.00 -20.00 0.00731208
20.00 -20.00 0.00906891
25.00 -20.00 0.0103028
30.00 -20.00 0.00966972
35.00 -20.00 0.00720285
40.00 -20.00 0.00577041
45.00 -20.00 0.00690171
50.00 -20.00 0.00722106
55.00 -20.00 0.00316674
60.00 -20.00 -0.00303204
65.00 -20.00 -0.00632124
70.00 -20.00 -0.0056676
75.00 -20.00 -0.00391257
80.00 -20.00 -0.0024801
85.00 -20.00 -0.0002655
90.00 -20.00 0.00270399
95.00 -20.00 0.00417309
100.00 -20.00 0.00328836
105.00 -20.00 0.00266754
110.00 -20.00 0.00474615
115.00 -20.00 0.00797082
120.00 -20.00 0.00945054
125.00 -20.00 0.00961278
130.00 -20.00 0.0104093
135.00 -20.00 0.0105423
140.00 -20.00 0.00722355
145.00 -20.00 0.00154383
150.00 -20.00 -0.00264492
155.00 -20.00 -0.0042138
160.00 -20.00 -0.00520728
165.00 -20.00 -0.00729996
170.00 -20.00 -0.0104451
175.00 -20.00 -0.012489
180.00 -20.00 -0.00916311
-180.00 -15.00 -0.00804303
-175.00 -15.00 0.00050085
-170.00 -15.00 0.0102638
-165.00 -15.00 0.0129438
-160.00 -15.00 0.00754488
-155.00 -15.00 0.00236532
-150.00 -15.00 0.00228702
-145.00 -15.00 0.00326445
-140.00 -15.00 0.00154617
-135.00 -15.00 -0.00093642
-130.00 -15.00 -0.00255894
-125.00 -15.00 -0.00520695
-120.00 -15.00 -0.0092979
-115.00 -15.00 -0.0117104
-110.00 -15.00 -0.0103843
-105.00 -15.00 -0.00703602
-100.00 -15.00 -0.00449661
-95.00 -15.00 -0.00379419
-90.00 -15.00 -0.00398445
-85.00 -15.00 -0.00320244
-80.00 -15.00 8.535e-05
-75.00 -15.00 0.00541986
-70.00 -15.00 0.00956856
-65.00 -15.00 0.00914586
-60.00 -15.00 0.0053415
-55.00 -15.00 0.00376806
-50.00 -15.00 0.00705588
-45.00 -15.00 0.0105795
-40.00 -15.00 0.00935256
-35.00 -15.00 0.0053406
-30.00 -15.00 0.00288651
-25.00 -15.00 0.00142485
-20.00 -15.00 -0.00120774
-15.00 -15.00 -0.00296625
-10.00 -15.00 -0.0012825
-5.00 -15.00 0.00207876
0.00 -15.00 0.00482271
5.00 -15.00 0.00760728
10.00 -15.00 0.0102358
15.00 -15.00 0.0104319
20.00 -15.00 0.00877713
25.00 -15.00 0.00848496
30.00 -15.00 0.00925389
35.00 -15.00 0.0079371
40.00 -15.00 0.00507963
45.00 -15.00 0.00399573
50.00 -15.00 0.00416382
55.00 -15.00 0.00210207
60.00 -15.00 -0.00193785
65.00 -15.00 -0.00391764
70.00 -15.00 -0.00239277
75.00 -15.00 -0.0004434
80.00 -15.00 -0.0007116
85.00 -15.00 -0.00162135
90.00 -15.00 -0.00016317
95.00 -15.00 0.00317526
100.00 -15.00 0.00504168
105.00 -15.00 0.00455049
110.00 -15.00 0.00428622
115.00 -15.00 0.00541629
120.00 -15.00 0.00632976
125.00 -15.00 0.00680955
130.00 -15.00 0.00810255
135.00 -15.00 0.00847029
140.00 -15.00 0.00488598
145.00 -15.00 -0.00101268
150.00 -15.00 -0.00502362
155.00 -15.00 -0.00708102
160.00 -15.00 -0.00963309
165.00 -15.00 -0.0121038
170.00 -15.00 -0.0127283
175.00 -15.00 -0.0117147
180.00 -15.00 -0.00804306
-180.00 -10.00 0.00052149
-175.00 -10.00 0.00395484
-170.00 -10.00 0.00961359
-165.00 -10.00 0.0121671
-160.00 -10.00 0.00887097
-155.00 -10.00 0.00412866
-150.00 -10.00 0.00197823
-145.00 -10.00 0.00146436
-140.00 -10.00 0.00118674
-135.00 -10.00 0.0013668
-130.00 -10.00 0.00081579
-125.00 -10.00 -0.00232443
-120.00 -10.00 -0.00698262
-115.00 -10.00 -0.00999144
-110.00 -10.00 -0.00958104
-105.00 -10.00 -0.00666087
-100.00 -10.00 -0.00418608
-95.00 -10.00 -0.00463902
-90.00 -10.00 -0.00637749
-85.00 -10.00 -0.00469014
-80.00 -10.00 0.00181746
-75.00 -10.00 0.00881385
-70.00 -10.00 0.0113213
-65.00 -10.00 0.00855594
-60.00 -10.00 0.00401592
-55.00 -10.00 0.00276468
-50.00 -10.00 0.00666528
-45.00 -10.00 0.0113226
-40.00 -10.00 0.0112244
-35.00 -10.00 0.00726399
-30.00 -10.00 0.00404235
-25.00 -10.00 0.00202674
-20.00 -10.00 -0.00089025
-15.00 -10.00 -0.00322473
-10.00 -10.00 -0.00238695
-5.00 -10.00 0.00040212
0.00 -10.00 0.00344007
5.00 -10.00 0.00762783
10.00 -10.00 0.0119666
15.00 -10.00 0.0127347
20.00 -10.00 0.0102967
25.00 -10.00 0.00923175
30.00 -10.00 0.0100031
35.00 -10.00 0.00851286
40.00 -10.00 0.00447063
45.00 -10.00 0.00203325
50.00 -10.00 0.00194595
55.00 -10.00 0.00051501
60.00 -10.00 -0.00320622
65.00 -10.00 -0.00527784
70.00 -10.00 -0.00311385
75.00 -10.00 0.00011952
80.00 -10.00 -0.00027606
85.00 -10.00 -0.00339483
90.00 -10.00 -0.00345849
95.00 -10.00 0.00131676
100.00 -10.00 0.00540024
105.00 -10.00 0.00450894
110.00 -10.00 0.00172008
115.00 -10.00 0.00094554
120.00 -10.00 0.00107073
125.00 -10.00 0.00090816
130.00 -10.00 0.00225282
135.00 -10.00 0.00410811
140.00 -10.00 0.00215415
145.00 -10.00 -0.00333381
150.00 -10.00 -0.00735096
155.00 -10.00 -0.00845931
160.00 -10.00 -0.00886461
165.00 -10.00 -0.00806082
170.00 -10.00 -0.00473304
175.00 -10.00 -0.00134997
180.00 -10.00 0.00052146
-180.00 -5.00 0.00981549
-175.00 -5.00 0.00830697
-170.00 -5.00 0.00803886
-165.00 -5.00 0.00755346
-160.00 -5.00 0.00583491
-155.00 -5.00 0.00407754
-150.00 -5.00 0.0024567
-145.00 -5.00 0.00079179
-140.00 -5.00 0.000801
-135.00 -5.00 0.00270576
-130.00 -5.00 0.00315717
-125.00 -5.00 0.00034956
-120.00 -5.00 -0.00343149
-115.00 -5.00 -0.00608598
-110.00 -5.00 -0.00731184
-105.00 -5.00 -0.00669714
-100.00 -5.00 -0.0054489
-95.00 -5.00 -0.00676701
-90.00 -5.00 -0.00971142
-85.00 -5.00 -0.00824622
-80.00 -5.00 -0.00063663
-75.00 -5.00 0.00689391
-70.00 -5.00 0.00897942
-65.00 -5.00 0.00693783
-60.00 -5.00 0.00473058
-55.00 -5.00 0.00511242
-50.00 -5.00 0.00866589
-45.00 -5.00 0.0120468
-40.00 -5.00 0.0105821
-35.00 -5.00 0.00523143
-30.00 -5.00 0.00133488
-25.00 -5.00 -2.781e-05
-20.00 -5.00 -0.00180453
-15.00 -5.00 -0.00337803
-10.00 -5.00 -0.00190317
-5.00 -5.00 0.0011319
0.00 -5.00 0.00281826
5.00 -5.00 0.00456618
10.00 -5.00 0.00812931
15.00 -5.00 0.0109898
20.00 -5.00 0.0110197
25.00 -5.00 0.00998733
30.00 -5.00 0.00908172
35.00 -5.00 0.00710955
40.00 -5.00 0.00470829
45.00 -5.00 0.0041172
50.00 -5.00 0.00421089
55.00 -5.00 0.00137928
60.00 -5.00 -0.00426192
65.00 -5.00 -0.0077646
70.00 -5.00 -0.00549972
75.00 -5.00 -0.0003762
80.00 -5.00 0.00129429
85.00 -5.00 -0.00142878
90.00 -5.00 -0.00236616
95.00 -5.00 0.00168735
100.00 -5.00 0.00486093
105.00 -5.00 0.00188829
110.00 -5.00 -0.00311193
115.00 -5.00 -0.0047175
120.00 -5.00 -0.00490149
125.00 -5.00 -0.00611481
130.00 -5.00 -0.00509253
135.00 -5.00 -0.00097749
140.00 -5.00 0.0002595
145.00 -5.00 -0.00412995
150.00 -5.00 -0.00866139
155.00 -5.00 -0.00859542
160.00 -5.00 -0.00495861
165.00 -5.00 0.0004593
170.00 -5.00 0.00651621
175.00 -5.00 0.0101775
180.00 -5.00 0.00981549
-180.00 0.00 0.00952245
-175.00 0.00 0.00884409
-170.00 0.00 0.00717981
-165.00 0.00 0.00433815
-160.00 0.00 0.00294783
-155.00 0.00 0.00395247
-150.00 0.00 0.00386826
-145.00 0.00 0.00146049
-140.00 0.00 0.00068313
-135.00 0.00 0.00267516
-130.00 0.00 0.00314526
-125.00 0.00 0.00070956
-120.00 0.00 -0.00145563
-115.00 0.00 -0.00306765
-110.00 0.00 -0.00619662
-105.00 0.00 -0.00904857
-100.00 0.00 -0.00949503
-95.00 0.00 -0.010302
-90.00 0.00 -0.0126154
-85.00 0.00 -0.0112905
-80.00 0.00 -0.00390093
-75.00 0.00 0.00388023
-70.00 0.00 0.00718374
-65.00 0.00 0.00776412
-60.00 0.00 0.00834276
-55.00 0.00 0.0091824
-50.00 0.00 0.0102167
-45.00 0.00 0.0100903
-40.00 0.00 0.00617148
-35.00 0.00 5.535e-05
-30.00 0.00 -0.00289665
-25.00 0.00 -0.00200409
-20.00 0.00 -0.0012225
-15.00 0.00 -0.00049476
-10.00 0.00 0.00305889
-5.00 0.00 0.00675054
0.00 0.00 0.00568473
5.00 0.00 0.00238356
10.00 0.00 0.0033159
15.00 0.00 0.00834153
20.00 0.00 0.0115128
25.00 0.00 0.00977676
30.00 0.00 0.00545928
35.00 0.00 0.00255543
40.00 0.00 0.00330123
45.00 0.00 0.00619512
50.00 0.00 0.00685974
55.00 0.00 0.00270309
60.00 0.00 -0.00384444
65.00 0.00 -0.00762681
70.00 0.00 -0.0056091
75.00 0.00 -2.526e-05
80.00 0.00 0.00332523
85.00 0.00 0.002061
90.00 0.00 0.00062157
95.00 0.00 0.00252282
100.00 0.00 0.00352548
105.00 0.00 -0.0006615
110.00 0.00 -0.00577266
115.00 0.00 -0.00658992
120.00 0.00 -0.00605058
125.00 0.00 -0.00781641
130.00 0.00 -0.00812427
135.00 0.00 -0.00397155
140.00 0.00 -0.00059652
145.00 0.00 -0.00268302
150.00 0.00 -0.00631149
155.00 0.00 -0.00573651
160.00 0.00 -0.00102249
165.00 0.00 0.00448521
170.00 0.00 0.00838149
175.00 0.00 0.00978459
180.00 0.00 0.00952245
-180.00 5.00 0.00367056
-175.00 5.00 0.00761028
-170.00 5.00 0.00891162
-165.00 5.00 0.00576168
-160.00 5.00 0.00313164
-155.00 5.00 0.00378798
-150.00 5.00 0.00362214
-145.00 5.00 0.00089256
-140.00 5.00 0.00012807
-135.00 5.00 0.00228309
-130.00 5.00 0.00228876
-125.00 5.00 -0.00058746
-120.00 5.00 -0.00195825
-115.00 5.00 -0.00244878
-110.00 5.00 -0.00614868
-105.00 5.00 -0.0107733
-100.00 5.00 -0.0114411
-95.00 5.00 -0.0101213
-90.00 5.00 -0.0104621
-85.00 5.00 -0.00951474
-80.00 5.00 -0.00394458
-75.00 5.00 0.0029343
-70.00 5.00 0.007215
-65.00 5.00 0.00966639
-60.00 5.00 0.0111488
-55.00 5.00 0.0105592
-50.00 5.00 0.00836835
-45.00 5.00 0.00567732
-40.00 5.00 0.00187386
-35.00 5.00 -0.00193068
-30.00 5.00 -0.0022965
-25.00 5.00 0.00045168
-20.00 5.00 0.00263103
-15.00 5.00 0.00466086
-10.00 5.00 0.00918285
-5.00 5.00 0.0126593
0.00 5.00 0.00937704
5.00 5.00 0.00260613
10.00 5.00 0.00137304
15.00 5.00 0.0069633
20.00 5.00 0.0113027
25.00 5.00 0.00837495
30.00 5.00 0.0011316
35.00 5.00 -0.00314595
40.00 5.00 -0.00121386
45.00 5.00 0.00311355
50.00 5.00 0.00393675
55.00 5.00 9.135e-05
60.00 5.00 -0.00468318
65.00 5.00 -0.00673575
70.00 5.00 -0.00499956
75.00 5.00 -0.0007719
80.00 5.00 0.00250824
85.00 5.00 0.0022827
90.00 5.00 0.00070509
95.00 5.00 0.00109839
100.00 5.00 0.00162492
105.00 5.00 -0.00114897
110.00 5.00 -0.00478983
115.00 5.00 -0.00486555
120.00 5.00 -0.00308802
125.00 5.00 -0.00367206
130.00 5.00 -0.00545976
135.00 5.00 -0.00494673
140.00 5.00 -0.00286341
145.00 5.00 -0.00173601
150.00 5.00 -0.00105684
155.00 5.00 0.00082506
160.00 5.00 0.00334053
165.00 5.00 0.00452721
170.00 5.00 0.00351918
175.00 5.00 0.00215796
180.00 5.00 0.00367053
-180.00 10.00 0.00314967
-175.00 10.00 0.00800226
-170.00 10.00 0.0102949
-165.00 10.00 0.00735102
-160.00 10.00 0.00393726
-155.00 10.00 0.00359001
-150.00 10.00 0.00329562
-145.00 10.00 0.0016854
-140.00 10.00 0.00242787
-135.00 10.00 0.00510492
-130.00 10.00 0.0040461
-125.00 10.00 -0.00075915
-120.00 10.00 -0.00349251
-115.00 10.00 -0.00392826
-110.00 10.00 -0.00656277
-105.00 10.00 -0.00978096
-100.00 10.00 -0.00846954
-95.00 10.00 -0.00454965
-90.00 10.00 -0.00342177
-85.00 10.00 -0.00407991
-80.00 10.00 -0.00230049
-75.00 10.00 0.00155826
-70.00 10.00 0.00500688
-65.00 10.00 0.00773037
-60.00 10.00 0.00909201
-55.00 10.00 0.00751272
-50.00 10.00 0.00421137
-45.00 10.00 0.00206028
-40.00 10.00 0.00141576
-35.00 10.00 0.00147504
-30.00 10.00 0.00267345
-25.00 10.00 0.00449931
-20.00 10.00 0.00554193
-15.00 10.00 0.0071439
-10.00 10.00 0.0110431
-5.00 10.00 0.0136901
0.00 10.00 0.0102202
5.00 10.00 0.00329022
10.00 10.00 0.00053325
15.00 10.00 0.00376197
20.00 10.00 0.00689205
25.00 10.00 0.00441858
30.00 10.00 -0.00224169
35.00 10.00 -0.00714258
40.00 10.00 -0.00672465
45.00 10.00 -0.0035646
50.00 10.00 -0.00259689
55.00 10.00 -0.00474507
60.00 10.00 -0.00691773
65.00 10.00 -0.00698718
70.00 10.00 -0.00513147
75.00 10.00 -0.0019125
80.00 10.00 0.00129609
85.00 10.00 0.00231228
90.00 10.00 0.00151401
95.00 10.00 0.00172848
100.00 10.00 0.00279612
105.00 10.00 0.00120546
110.00 10.00 -0.00313494
115.00 10.00 -0.00542634
120.00 10.00 -0.00324759
125.00 10.00 -0.00034707
130.00 10.00 -0.00118977
135.00 10.00 -0.00498186
140.00 10.00 -0.00678492
145.00 10.00 -0.0034383
150.00 10.00 0.00273177
155.00 10.00 0.00685497
160.00 10.00 0.00717294
165.00 10.00 0.00537144
170.00 10.00 0.00293346
175.00 10.00 0.00130563
180.00 10.00 0.00314964
-180.00 15.00 0.00807318
-175.00 15.00 0.00831297
-170.00 15.00 0.00774783
-165.00 15.00 0.00544362
-160.00 15.00 0.00425037
-155.00 15.00 0.00581235
-150.00 15.00 0.00730506
-145.00 15.00 0.00752409
-140.00 15.00 0.00900777
-135.00 15.00 0.01076
-130.00 15.00 0.00778821
-125.00 15.00 0.00045846
-120.00 15.00 -0.00515079
-115.00 15.00 -0.0072033
-110.00 15.00 -0.00865059
-105.00 15.00 -0.00877494
-100.00 15.00 -0.00454161
-95.00 15.00 0.00128199
-90.00 15.00 0.00300855
-85.00 15.00 0.00086394
-80.00 15.00 -0.00070155
-75.00 15.00 -0.00018078
-70.00 15.00 0.00131448
-65.00 15.00 0.00328209
-60.00 15.00 0.00458892
-55.00 15.00 0.00346068
-50.00 15.00 0.00102825
-45.00 15.00 0.00058902
-40.00 15.00 0.00270372
-35.00 15.00 0.00487416
-30.00 15.00 0.00546945
-25.00 15.00 0.00498129
-20.00 15.00 0.00482421
-15.00 15.00 0.00655128
-10.00 15.00 0.0100725
-5.00 15.00 0.0122344
0.00 15.00 0.00991716
5.00 15.00 0.00432876
10.00 15.00 -0.00025248
15.00 15.00 -0.0013362
20.00 15.00 -0.00024138
25.00 15.00 -0.0003279
30.00 15.00 -0.00365343
35.00 15.00 -0.00828813
40.00 15.00 -0.0100179
45.00 15.00 -0.00788919
50.00 15.00 -0.00554256
55.00 15.00 -0.00569655
60.00 15.00 -0.00674142
65.00 15.00 -0.00615261
70.00 15.00 -0.00361365
75.00 15.00 0.00013176
80.00 15.00 0.00405009
85.00 15.00 0.00646998
90.00 15.00 0.00704307
95.00 15.00 0.00767289
100.00 15.00 0.00849969
105.00 15.00 0.00585696
110.00 15.00 -0.00167754
115.00 15.00 -0.0082281
120.00 15.00 -0.00706029
125.00 15.00 -0.00064443
130.00 15.00 0.00157443
135.00 15.00 -0.00375306
140.00 15.00 -0.00869931
145.00 15.00 -0.00520689
150.00 15.00 0.00355377
155.00 15.00 0.00860124
160.00 15.00 0.00800472
165.00 15.00 0.00694143
170.00 15.00 0.00775875
175.00 15.00 0.00828828
180.00 15.00 0.00807318
-180.00 20.00 0.0110852
-175.00 20.00 0.00701208
-170.00 20.00 0.00428565
-165.00 20.00 0.00366036
-160.00 20.00 0.00561615
-155.00 20.00 0.00927597
-150.00 20.00 0.0116915
-145.00 20.00 0.0119159
-140.00 20.00 0.0121034
-135.00 20.00 0.0121529
-130.00 20.00 0.00865068
-125.00 20.00 0.00120729
-120.00 20.00 -0.0059775
-115.00 20.00 -0.0100259
-110.00 20.00 -0.0110773
-105.00 20.00 -0.00854481
-100.00 20.00 -0.00212106
-95.00 20.00 0.00441888
-90.00 20.00 0.00653391
-85.00 20.00 0.00481758
-80.00 20.00 0.0029412
-75.00 20.00 0.00220647
-70.00 20.00 0.00203535
-65.00 20.00 0.00255027
-60.00 20.00 0.003258
-55.00 20.00 0.00247917
-50.00 20.00 0.00052242
-45.00 20.00 0.00014121
-40.00 20.00 0.00224598
-35.00 20.00 0.00432102
-30.00 20.00 0.00428925
-25.00 20.00 0.00336009
-20.00 20.00 0.00404154
-15.00 20.00 0.00695559
-10.00 20.00 0.0103427
-5.00 20.00 0.0118919
0.00 20.00 0.0104143
5.00 20.00 0.0061191
10.00 20.00 0.00060273
15.00 20.00 -0.00309996
20.00 20.00 -0.00275748
25.00 20.00 -0.00056769
30.00 20.00 -0.00155229
35.00 20.00 -0.00631362
40.00 20.00 -0.00921897
45.00 20.00 -0.00660045
50.00 20.00 -0.00233244
55.00 20.00 -0.00157794
60.00 20.00 -0.00330534
65.00 20.00 -0.00313389
70.00 20.00 1.641e-05
75.00 20.00 0.00391983
80.00 20.00 0.00683949
85.00 20.00 0.00846579
90.00 20.00 0.00925623
95.00 20.00 0.0101975
100.00 20.00 0.0109569
105.00 20.00 0.00848916
110.00 20.00 0.00115155
115.00 20.00 -0.00618627
120.00 20.00 -0.00641655
125.00 20.00 -0.00056085
130.00 20.00 0.0021141
135.00 20.00 -0.0028002
140.00 20.00 -0.00776349
145.00 20.00 -0.00437826
150.00 20.00 0.00404193
155.00 20.00 0.00830655
160.00 20.00 0.00741984
165.00 20.00 0.00790674
170.00 20.00 0.0116241
175.00 20.00 0.0135765
180.00 20.00 0.0110852
-180.00 25.00 0.0100447
-175.00 25.00 0.00622011
-170.00 25.00 0.00461373
-165.00 25.00 0.00514047
-160.00 25.00 0.00664395
-155.00 25.00 0.00802575
-150.00 25.00 0.00800397
-145.00 25.00 0.00671367
-140.00 25.00 0.00611769
-135.00 25.00 0.00665772
-130.00 25.00 0.00572397
-125.00 25.00 0.00131805
-120.00 25.00 -0.00499938
-115.00 25.00 -0.00985635
-110.00 25.00 -0.0105982
-105.00 25.00 -0.00628815
-100.00 25.00 0.00111045
-95.00 25.00 0.00717447
-90.00 25.00 0.00917787
-85.00 25.00 0.00871299
-80.00 25.00 0.00833463
-75.00 25.00 0.00798351
-70.00 25.00 0.00684267
-65.00 25.00 0.00577248
-60.00 25.00 0.00536805
-55.00 25.00 0.00428976
-50.00 25.00 0.00188175
-45.00 25.00 3.699e-05
-40.00 25.00 0.00039099
-35.00 25.00 0.00180957
-30.00 25.00 0.00255276
-25.00 25.00 0.0031113
-20.00 25.00 0.00496962
-15.00 25.00 0.0077991
-10.00 25.00 0.00977826
-5.00 25.00 0.00999186
0.00 25.00 0.00868578
5.00 25.00 0.00579609
10.00 25.00 0.00170826
15.00 25.00 -0.00087357
20.00 25.00 0.00060768
25.00 25.00 0.00366825
30.00 25.00 0.00273141
35.00 25.00 -0.00244107
40.00 25.00 -0.00523578
45.00 25.00 -0.00183243
50.00 25.00 0.00287814
55.00 25.00 0.00298617
60.00 25.00 0.00028347
65.00 25.00 0.00029871
70.00 25.00 0.00344805
75.00 25.00 0.00548598
80.00 25.00 0.00439134
85.00 25.00 0.00212532
90.00 25.00 0.00094497
95.00 25.00 0.00148353
100.00 25.00 0.00330969
105.00 25.00 0.00488892
110.00 25.00 0.00443196
115.00 25.00 0.00254451
120.00 25.00 0.00181368
125.00 25.00 0.00215613
130.00 25.00 2.589e-05
135.00 25.00 -0.00507195
140.00 25.00 -0.00733941
145.00 25.00 -0.00233988
150.00 25.00 0.00562017
155.00 25.00 0.00924516
160.00 25.00 0.00854199
165.00 25.00 0.00907557
170.00 25.00 0.0120397
175.00 25.00 0.0130358
180.00 25.00 0.0100448
-180.00 30.00 0.00750339
-175.00 30.00 0.00643209
-170.00 30.00 0.00684204
-165.00 30.00 0.00680073
-160.00 30.00 0.00500736
-155.00 30.00 0.00224607
-150.00 30.00 -0.00017346
-145.00 30.00 -0.00129255
-140.00 30.00 -0.00037155
-135.00 30.00 0.00204483
-130.00 30.00 0.00335082
-125.00 30.00 0.00101043
-120.00 30.00 -0.00436992
-115.00 30.00 -0.00890277
-110.00 30.00 -0.00854499
-105.00 30.00 -0.00266214
-100.00 30.00 0.00511728
-95.00 30.00 0.0101535
-90.00 30.00 0.0112608
-85.00 30.00 0.0109383
-80.00 30.00 0.0111313
-75.00 30.00 0.0109712
-70.00 30.00 0.00948351
-65.00 30.00 0.00783834
-60.00 30.00 0.00713709
-55.00 30.00 0.00616998
-50.00 30.00 0.00350037
-45.00 30.00 0.0002253
-40.00 30.00 -0.00135513
-35.00 30.00 -0.00074802
-30.00 30.00 0.00077916
-25.00 30.00 0.0023622
-20.00 30.00 0.00396033
-15.00 30.00 0.00520149
-10.00 30.00 0.00546198
-5.00 30.00 0.00485979
0.00 30.00 0.0038118
5.00 30.00 0.00210048
10.00 30.00 3.162e-05
15.00 30.00 -0.00029625
20.00 30.00 0.00243624
25.00 30.00 0.0053424
30.00 30.00 0.00412149
35.00 30.00 -0.00025848
40.00 30.00 -0.00191199
45.00 30.00 0.00146796
50.00 30.00 0.00505338
55.00 30.00 0.00445326
60.00 30.00 0.00229782
65.00 30.00 0.00326142
70.00 30.00 0.00616143
75.00 30.00 0.00590274
80.00 30.00 0.00116511
85.00 30.00 -0.004482
90.00 30.00 -0.0079242
95.00 30.00 -0.00873381
100.00 30.00 -0.00669273
105.00 30.00 -0.00122304
110.00 30.00 0.00606642
115.00 30.00 0.0111215
120.00 30.00 0.0107271
125.00 30.00 0.00496083
130.00 30.00 -0.00305154
135.00 30.00 -0.00846705
140.00 30.00 -0.00730491
145.00 30.00 -0.00020703
150.00 30.00 0.00723519
155.00 30.00 0.0102018
160.00 30.00 0.00963999
165.00 30.00 0.00935019
170.00 30.00 0.0100006
175.00 30.00 0.00943965
180.00 30.00 0.00750339
-180.00 35.00 0.00491268
-175.00 35.00 0.00556548
-170.00 35.00 0.00669075
-165.00 35.00 0.00609192
-160.00 35.00 0.00328809
-155.00 35.00 0.0002583
-150.00 35.00 -0.00097425
-145.00 35.00 -0.00014286
-140.00 35.00 0.00173754
-135.00 35.00 0.00318021
-130.00 35.00 0.0024768
-125.00 35.00 -0.00131145
-120.00 35.00 -0.00670938
-115.00 35.00 -0.00990021
-110.00 35.00 -0.00763434
-105.00 35.00 -0.00050664
-100.00 35.00 0.00715044
-95.00 35.00 0.0112429
-90.00 35.00 0.0115422
-85.00 35.00 0.0107397
-80.00 35.00 0.0105274
-75.00 35.00 0.0101957
-70.00 35.00 0.00906618
-65.00 35.00 0.00813609
-60.00 35.00 0.00816435
-55.00 35.00 0.00776688
-50.00 35.00 0.00512526
-45.00 35.00 0.00081081
-40.00 35.00 -0.0026208
-35.00 35.00 -0.0035346
-30.00 35.00 -0.00252003
-25.00 35.00 -0.00101676
-20.00 35.00 0.00019767
-15.00 35.00 0.00105939
-10.00 35.00 0.00165099
-5.00 35.00 0.00183813
0.00 35.00 0.00112056
5.00 35.00 -0.00083574
10.00 35.00 -0.003
15.00 35.00 -0.00316725
20.00 35.00 -0.00067134
25.00 35.00 0.00183903
30.00 35.00 0.00136026
35.00 35.00 -0.00107616
40.00 35.00 -0.00155034
45.00 35.00 0.00102123
50.00 35.00 0.00340443
55.00 35.00 0.00334926
60.00 35.00 0.0030366
65.00 35.00 0.00496905
70.00 35.00 0.00726237
75.00 35.00 0.00622221
80.00 35.00 0.00181704
85.00 35.00 -0.00274038
90.00 35.00 -0.00571035
95.00 35.00 -0.00757155
100.00 35.00 -0.00745815
105.00 35.00 -0.00281097
110.00 35.00 0.00600033
115.00 35.00 0.0134209
120.00 35.00 0.0133911
125.00 35.00 0.00567618
130.00 35.00 -0.00358698
135.00 35.00 -0.00741105
140.00 35.00 -0.00377217
145.00 35.00 0.00339021
150.00 35.00 0.00840699
155.00 35.00 0.0090846
160.00 35.00 0.0075945
165.00 35.00 0.00662928
170.00 35.00 0.00628692
175.00 35.00 0.00554139
180.00 35.00 0.00491268
-180.00 40.00 0.00310437
-175.00 40.00 0.00380883
-170.00 40.00 0.00481101
-165.00 40.00 0.00508131
-160.00 40.00 0.00459015
-155.00 40.00 0.00444129
-150.00 40.00 0.00521481
-145.00 40.00 0.00603876
-140.00 40.00 0.00554739
-135.00 40.00 0.00314088
-130.00 40.00 -0.00083043
-125.00 40.00 -0.00533916
-120.00 40.00 -0.00865122
-115.00 40.00 -0.00870396
-110.00 40.00 -0.00459573
-105.00 40.00 0.00204666
-100.00 40.00 0.00786333
-95.00 40.00 0.0105211
-90.00 40.00 0.0105164
-85.00 40.00 0.00992361
-80.00 40.00 0.00982629
-75.00 40.00 0.00977403
-70.00 40.00 0.00945693
-65.00 40.00 0.00954012
-60.00 40.00 0.0102469
-55.00 40.00 0.0101599
-50.00 40.00 0.00756675
-45.00 40.00 0.00273063
-40.00 40.00 -0.00206454
-35.00 40.00 -0.00472548
-30.00 40.00 -0.00496107
-25.00 40.00 -0.00370938
-20.00 40.00 -0.00174387
-15.00 40.00 0.00068544
-10.00 40.00 0.00313746
-5.00 40.00 0.00445899
0.00 40.00 0.00338028
5.00 40.00 -7.014e-05
10.00 40.00 -0.0038277
15.00 40.00 -0.0051804
20.00 40.00 -0.00346944
25.00 40.00 -0.00093786
30.00 40.00 -0.00013596
35.00 40.00 -0.00092874
40.00 40.00 -0.00115053
45.00 40.00 0.0001443
50.00 40.00 0.00169509
55.00 40.00 0.00242973
60.00 40.00 0.00296538
65.00 40.00 0.00385326
70.00 40.00 0.00406248
75.00 40.00 0.00270717
80.00 40.00 0.00097416
85.00 40.00 0.00045858
90.00 40.00 0.00045552
95.00 40.00 -0.00083259
100.00 40.00 -0.00258399
105.00 40.00 -0.0013944
110.00 40.00 0.00392877
115.00 40.00 0.00945327
120.00 40.00 0.00984957
125.00 40.00 0.00454281
130.00 40.00 -0.00132339
135.00 40.00 -0.00226563
140.00 40.00 0.00208467
145.00 40.00 0.00724779
150.00 40.00 0.00892374
155.00 40.00 0.00694296
160.00 40.00 0.00426249
165.00 40.00 0.00309051
170.00 40.00 0.00307788
175.00 40.00 0.00306987
180.00 40.00 0.00310437
-180.00 45.00 0.00256614
-175.00 45.00 0.0026862
-170.00 45.00 0.00346158
-165.00 45.00 0.00468984
-160.00 45.00 0.00595377
-155.00 45.00 0.0067899
-150.00 45.00 0.00649341
-145.00 45.00 0.00436785
-140.00 45.00 0.0005391
-135.00 45.00 -0.00368649
-130.00 45.00 -0.00655329
-125.00 45.00 -0.00695052
-120.00 45.00 -0.00483429
-115.00 45.00 -0.00095052
-110.00 45.00 0.00350574
-105.00 45.00 0.00715887
-100.00 45.00 0.00902244
-95.00 45.00 0.00919311
-90.00 45.00 0.00878748
-85.00 45.00 0.00886029
-80.00 45.00 0.00945051
-75.00 45.00 0.00994509
-70.00 45.00 0.0102007
-65.00 45.00 0.0107399
-60.00 45.00 0.0116595
-55.00 45.00 0.0118703
-50.00 45.00 0.00997638
-45.00 45.00 0.00585585
-40.00 45.00 0.00101409
-35.00 45.00 -0.0026292
-30.00 45.00 -0.00402282
-25.00 45.00 -0.00313419
-20.00 45.00 -0.00040641
-15.00 45.00 0.00341718
-10.00 45.00 0.00699738
-5.00 45.00 0.00851619
0.00 45.00 0.00675528
5.00 45.00 0.00239559
10.00 45.00 -0.00195648
15.00 45.00 -0.00359961
20.00 45.00 -0.00198987
25.00 45.00 0.00090789
30.00 45.00 0.00268812
35.00 45.00 0.00275238
40.00 45.00 0.00231255
45.00 45.00 0.00255495
50.00 45.00 0.00341694
55.00 45.00 0.00404718
60.00 45.00 0.00369549
65.00 45.00 0.00199086
70.00 45.00 -0.00082632
75.00 45.00 -0.00346734
80.00 45.00 -0.00417465
85.00 45.00 -0.00262536
90.00 45.00 -0.0008211
95.00 45.00 -0.00100836
100.00 45.00 -0.00274737
105.00 45.00 -0.00316899
110.00 45.00 -0.00058698
115.00 45.00 0.00308526
120.00 45.00 0.00442893
125.00 45.00 0.00262542
130.00 45.00 0.00045918
135.00 45.00 0.00104247
140.00 45.00 0.00429819
145.00 45.00 0.00724404
150.00 45.00 0.00740034
155.00 45.00 0.00520716
160.00 45.00 0.00299412
165.00 45.00 0.00225375
170.00 45.00 0.00253029
175.00 45.00 0.00271113
180.00 45.00 0.00256614
-180.00 50.00 0.00159051
-175.00 50.00 0.0011847
-170.00 50.00 0.00164526
-165.00 50.00 0.00272526
-160.00 50.00 0.00349131
-155.00 50.00 0.00283152
-150.00 50.00 0.0001185
-145.00 50.00 -0.00420474
-140.00 50.00 -0.00848568
-135.00 50.00 -0.010534
-130.00 50.00 -0.00889953
-125.00 50.00 -0.0038703
-120.00 50.00 0.00261936
-115.00 50.00 0.00810786
-110.00 50.00 0.0109215
-105.00 50.00 0.0108774
-100.00 50.00 0.00912375
-95.00 50.00 0.00733683
-90.00 50.00 0.00671289
-85.00 50.00 0.0073251
-80.00 50.00 0.00832539
-75.00 50.00 0.00887592
-70.00 50.00 0.00895266
-65.00 50.00 0.00918258
-60.00 50.00 0.00988992
-55.00 50.00 0.0104482
-50.00 50.00 0.00971274
-45.00 50.00 0.00709089
-40.00 50.00 0.00315744
-35.00 50.00 -0.00067479
-30.00 50.00 -0.00295755
-25.00 50.00 -0.00281766
-20.00 50.00 -0.00022581
-15.00 50.00 0.00390123
-10.00 50.00 0.00783063
-5.00 50.00 0.00967191
0.00 50.00 0.00849294
5.00 50.00 0.00513018
10.00 50.00 0.00181182
15.00 50.00 0.00060762
20.00 50.00 0.00190974
25.00 50.00 0.00431748
30.00 50.00 0.0060303
35.00 50.00 0.00637662
40.00 50.00 0.00605694
45.00 50.00 0.0060969
50.00 50.00 0.00672234
55.00 50.00 0.00715308
60.00 50.00 0.00627654
65.00 50.00 0.00357882
70.00 50.00 -0.00026604
75.00 50.00 -0.00362664
80.00 50.00 -0.00508068
85.00 50.00 -0.00469869
90.00 50.00 -0.0040335
95.00 50.00 -0.0044748
100.00 50.00 -0.00562572
105.00 50.00 -0.00568716
110.00 50.00 -0.00358995
115.00 50.00 -0.00040137
120.00 50.00 0.00171474
125.00 50.00 0.001779
130.00 50.00 0.00086871
135.00 50.00 0.00070938
140.00 50.00 0.0017883
145.00 50.00 0.00311658
150.00 50.00 0.00361374
155.00 50.00 0.00327708
160.00 50.00 0.00287562
165.00 50.00 0.00284037
170.00 50.00 0.00282927
175.00 50.00 0.00236607
180.00 50.00 0.00159051
-180.00 55.00 -0.00124866
-175.00 55.00 -0.00181695
-170.00 55.00 -0.00153057
-165.00 55.00 -0.00082011
-160.00 55.00 -0.00063372
-155.00 55.00 -0.00183543
-150.00 55.00 -0.00453102
-145.00 55.00 -0.0077469
-140.00 55.00 -0.00974982
-135.00 55.00 -0.00895107
-130.00 55.00 -0.00491214
-125.00 55.00 0.00122244
-120.00 55.00 0.00723897
-115.00 55.00 0.0110456
-110.00 55.00 0.0117858
-105.00 55.00 0.0101802
-100.00 55.00 0.00793308
-95.00 55.00 0.00663168
-90.00 55.00 0.00684624
-85.00 55.00 0.00797619
-80.00 55.00 0.00889086
-75.00 55.00 0.00885948
-70.00 55.00 0.00804996
-65.00 55.00 0.00722139
-60.00 55.00 0.00691851
-55.00 55.00 0.0069
-50.00 55.00 0.00629562
-45.00 55.00 0.00432999
-40.00 55.00 0.00100371
-35.00 55.00 -0.0027576
-30.00 55.00 -0.00552456
-25.00 55.00 -0.00605985
-20.00 55.00 -0.00394119
-15.00 55.00 0.00015531
-10.00 55.00 0.00468186
-5.00 55.00 0.00794295
0.00 55.00 0.00899061
5.00 55.00 0.00812787
10.00 55.00 0.00661338
15.00 55.00 0.00573051
20.00 55.00 0.00592458
25.00 55.00 0.00668433
30.00 55.00 0.00719643
35.00 55.00 0.00712602
40.00 55.00 0.00682623
45.00 55.00 0.0068724
50.00 55.00 0.00743214
55.00 55.00 0.00805395
60.00 55.00 0.00802647
65.00 55.00 0.00697932
70.00 55.00 0.00521868
75.00 55.00 0.00349146
80.00 55.00 0.00233655
85.00 55.00 0.00161115
90.00 55.00 0.00071994
95.00 55.00 -0.00059781
100.00 55.00 -0.00175344
105.00 55.00 -0.0017409
110.00 55.00 -0.0001881
115.00 55.00 0.00206871
120.00 55.00 0.00356271
125.00 55.00 0.00339609
130.00 55.00 0.00189486
135.00 55.00 0.00017454
140.00 55.00 -0.00081531
145.00 55.00 -0.00083802
150.00 55.00 -0.00020793
155.00 55.00 0.00063372
160.00 55.00 0.00131475
165.00 55.00 0.00150963
170.00 55.00 0.00100323
175.00 55.00 -9.159e-05
180.00 55.00 -0.00124866
-180.00 60.00 -0.00415842
-175.00 60.00 -0.00442959
-170.00 60.00 -0.00393582
-165.00 60.00 -0.00299457
-160.00 60.00 -0.00219813
-155.00 60.00 -0.00202419
-150.00 60.00 -0.00247398
-145.00 60.00 -0.00298443
-140.00 60.00 -0.00271233
-135.00 60.00 -0.0010548
-130.00 60.00 0.00191013
-125.00 60.00 0.0053712
-120.00 60.00 0.0081984
-115.00 60.00 0.00958815
-110.00 60.00 0.0095277
-105.00 60.00 0.00876972
-100.00 60.00 0.00832851
-95.00 60.00 0.00882624
-90.00 60.00 0.010115
-85.00 60.00 0.011415
-80.00 60.00 0.0118609
-75.00 60.00 0.0110724
-70.00 60.00 0.0093555
-65.00 60.00 0.00740952
-60.00 60.00 0.005778
-55.00 60.00 0.00445701
-50.00 60.00 0.00294204
-45.00 60.00 0.00066354
-40.00 60.00 -0.00250545
-35.00 60.00 -0.00601131
-30.00 60.00 -0.00879888
-25.00 60.00 -0.00980346
-20.00 60.00 -0.00848691
-15.00 60.00 -0.0051339
-10.00 60.00 -0.00074442
-5.00 60.00 0.00343074
0.00 60.00 0.00646062
5.00 60.00 0.00808482
10.00 60.00 0.0086535
15.00 60.00 0.00873999
20.00 60.00 0.00872715
25.00 60.00 0.00865374
30.00 60.00 0.00837195
35.00 60.00 0.00781761
40.00 60.00 0.00714144
45.00 60.00 0.00661368
50.00 60.00 0.00642615
55.00 60.00 0.0065829
60.00 60.00 0.00695922
65.00 60.00 0.00744315
70.00 60.00 0.00800289
75.00 60.00 0.00860958
80.00 60.00 0.00910866
85.00 60.00 0.00921993
90.00 60.00 0.008742
95.00 60.00 0.00780567
100.00 60.00 0.006897
105.00 60.00 0.00653208
110.00 60.00 0.00680739
115.00 60.00 0.00722877
120.00 60.00 0.00701772
125.00 60.00 0.00567423
130.00 60.00 0.00334713
135.00 60.00 0.00073923
140.00 60.00 -0.00133491
145.00 60.00 -0.00239154
150.00 60.00 -0.00245796
155.00 60.00 -0.00196902
160.00 60.00 -0.00151143
165.00 60.00 -0.00154941
170.00 60.00 -0.00221847
175.00 60.00 -0.00326088
180.00 60.00 -0.00415842
-180.00 65.00 -0.00489333
-175.00 65.00 -0.00461451
-170.00 65.00 -0.003759
-165.00 65.00 -0.00243522
-160.00 65.00 -0.00089556
-155.00 65.00 0.00060876
-150.00 65.00 0.00195777
-145.00 65.00 0.00319605
-140.00 65.00 0.00444891
-135.00 65.00 0.00578127
-130.00 65.00 0.00710238
-125.00 65.00 0.00819405
-120.00 65.00 0.0088554
-115.00 65.00 0.00906825
-110.00 65.00 0.00905844
-105.00 65.00 0.00919059
-100.00 65.00 0.00974466
-95.00 65.00 0.0107148
-90.00 65.00 0.0117676
-85.00 65.00 0.0124027
-80.00 65.00 0.012225
-75.00 65.00 0.011161
-70.00 65.00 0.00948231
-65.00 65.00 0.0076209
-60.00 65.00 0.00589695
-55.00 65.00 0.00433485
-50.00 65.00 0.00268359
-45.00 65.00 0.00062604
-40.00 65.00 -0.00195561
-35.00 65.00 -0.00482127
-30.00 65.00 -0.00741624
-25.00 65.00 -0.00909399
-20.00 65.00 -0.00939777
-15.00 65.00 -0.00825387
-10.00 65.00 -0.00598164
-5.00 65.00 -0.00312807
0.00 65.00 -0.00022737
5.00 65.00 0.00238158
10.00 65.00 0.00459498
15.00 65.00 0.0064506
20.00 65.00 0.00798897
25.00 65.00 0.00916878
30.00 65.00 0.00988137
35.00 65.00 0.0100338
40.00 65.00 0.00963306
45.00 65.00 0.00881754
50.00 65.00 0.0078306
55.00 65.00 0.00695877
60.00 65.00 0.00646257
65.00 65.00 0.00651255
70.00 65.00 0.0071352
75.00 65.00 0.0081873
80.00 65.00 0.00938649
85.00 65.00 0.0104101
90.00 65.00 0.0110277
95.00 65.00 0.0111897
100.00 65.00 0.011004
105.00 65.00 0.0106056
110.00 65.00 0.0100112
115.00 65.00 0.0090777
120.00 65.00 0.00760656
125.00 65.00 0.00552627
130.00 65.00 0.00301566
135.00 65.00 0.000474
140.00 65.00 -0.00164832
145.00 65.00 -0.00305316
150.00 65.00 -0.00371616
155.00 65.00 -0.00386796
160.00 65.00 -0.00385725
165.00 65.00 -0.00397107
170.00 65.00 -0.00429837
175.00 65.00 -0.00469959
180.00 65.00 -0.00489333
-180.00 70.00 -0.00379371
-175.00 70.00 -0.00299385
-170.00 70.00 -0.0018657
-165.00 70.00 -0.00043125
-160.00 70.00 0.00122115
-155.00 70.00 0.00296421
-150.00 70.00 0.0046659
-145.00 70.00 0.00621267
-140.00 70.00 0.00751665
-135.00 70.00 0.00851307
-130.00 70.00 0.00916188
-125.00 70.00 0.00945999
-120.00 70.00 0.00945783
-115.00 70.00 0.0092628
-110.00 70.00 0.00901506
-105.00 70.00 0.00883764
-100.00 70.00 0.00878313
-95.00 70.00 0.00880845
-90.00 70.00 0.00879801
-85.00 70.00 0.00862821
-80.00 70.00 0.00823968
-75.00 70.00 0.00767487
-70.00 70.00 0.00705489
-65.00 70.00 0.00650481
-60.00 70.00 0.00606768
-55.00 70.00 0.00565689
-50.00 70.00 0.00507822
-45.00 70.00 0.00411441
-40.00 70.00 0.00263235
-35.00 70.00 0.00066042
-30.00 70.00 -0.00160005
-25.00 70.00 -0.00383172
-20.00 70.00 -0.00569673
-15.00 70.00 -0.00692667
-10.00 70.00 -0.00737211
-5.00 70.00 -0.00700269
0.00 70.00 -0.00587454
5.00 70.00 -0.00409371
10.00 70.00 -0.00179814
15.00 70.00 0.00083886
20.00 70.00 0.0035985
25.00 70.00 0.00622062
30.00 70.00 0.00843453
35.00 70.00 0.010012
40.00 70.00 0.0108245
45.00 70.00 0.0108814
50.00 70.00 0.0103339
55.00 70.00 0.00943929
60.00 70.00 0.008496
65.00 70.00 0.00776679
70.00 70.00 0.00741435
75.00 70.00 0.00746856
80.00 70.00 0.00783549
85.00 70.00 0.00834249
90.00 70.00 0.00879834
95.00 70.00 0.00904317
100.00 70.00 0.00896961
105.00 70.00 0.00851667
110.00 70.00 0.00765363
115.00 70.00 0.00637596
120.00 70.00 0.00472041
125.00 70.00 0.00278772
130.00 70.00 0.00074922
135.00 70.00 -0.0011793
140.00 70.00 -0.00279309
145.00 70.00 -0.00395901
150.00 70.00 -0.00465162
155.00 70.00 -0.00494643
160.00 70.00 -0.00497316
165.00 70.00 -0.00485142
170.00 70.00 -0.00463863
175.00 70.00 -0.00431253
180.00 70.00 -0.00379371
-180.00 75.00 -0.00258507
-175.00 75.00 -0.00152337
-170.00 75.00 -0.00031797
-165.00 75.00 0.00100296
-160.00 75.00 0.00239241
-155.00 75.00 0.00378654
-150.00 75.00 0.00511095
-145.00 75.00 0.0062895
-140.00 75.00 0.00725388
-135.00 75.00 0.007953
-130.00 75.00 0.0083607
-125.00 75.00 0.00848028
-120.00 75.00 0.00834438
-115.00 75.00 0.00800904
-110.00 75.00 0.00754341
-105.00 75.00 0.00701787
-100.00 75.00 0.00649482
-95.00 75.00 0.00602532
-90.00 75.00 0.0056511
-85.00 75.00 0.00540852
-80.00 75.00 0.00532962
-75.00 75.00 0.00543633
-70.00 75.00 0.00572718
-65.00 75.00 0.00616197
-60.00 75.00 0.00665253
-55.00 75.00 0.00706623
-50.00 75.00 0.00724599
-45.00 75.00 0.00704295
-40.00 75.00 0.00635349
-35.00 75.00 0.00514911
-30.00 75.00 0.00349023
-25.00 75.00 0.00152076
-20.00 75.00 -0.00055422
-15.00 75.00 -0.00250167
-10.00 75.00 -0.00409578
-5.00 75.00 -0.00514932
0.00 75.00 -0.00553683
5.00 75.00 -0.00520917
10.00 75.00 -0.00419883
15.00 75.00 -0.00261633
20.00 75.00 -0.00063735
25.00 75.00 0.00151953
30.00 75.00 0.00362304
35.00 75.00 0.00546357
40.00 75.00 0.00688527
45.00 75.00 0.00780855
50.00 75.00 0.00823704
55.00 75.00 0.00824727
60.00 75.00 0.00796302
65.00 75.00 0.00752181
70.00 75.00 0.0070425
75.00 75.00 0.00660225
80.00 75.00 0.00622719
85.00 75.00 0.00589701
90.00 75.00 0.005559
95.00 75.00 0.00514686
100.00 75.00 0.00459795
105.00 75.00 0.0038673
110.00 75.00 0.0029367
115.00 75.00 0.00182001
120.00 75.00 0.00056358
125.00 75.00 -0.00075789
130.00 75.00 -0.00205095
135.00 75.00 -0.00321777
140.00 75.00 -0.00417282
145.00 75.00 -0.00485715
150.00 75.00 -0.00524577
155.00 75.00 -0.00534585
160.00 75.00 -0.0051867
165.00 75.00 -0.00480531
170.00 75.00 -0.0042333
175.00 75.00 -0.00349029
180.00 75.00 -0.00258507
-180.00 80.00 -0.0025875
-175.00 80.00 -0.00168549
-170.00 80.00 -0.00073089
-165.00 80.00 0.00024834
-160.00 80.00 0.00122181
-155.00 80.00 0.00215775
-150.00 80.00 0.00302421
-145.00 80.00 0.00379116
-140.00 80.00 0.00443337
-135.00 80.00 0.00493332
-130.00 80.00 0.00528339
-125.00 80.00 0.0054867
-120.00 80.00 0.00555732
-115.00 80.00 0.00551949
-110.00 80.00 0.00540573
-105.00 80.00 0.00525327
-100.00 80.00 0.00510069
-95.00 80.00 0.00498417
-90.00 80.00 0.00493413
-85.00 80.00 0.00497142
-80.00 80.00 0.00510375
-75.00 80.00 0.00532311
-70.00 80.00 0.00560442
-65.00 80.00 0.00590592
-60.00 80.00 0.00617217
-55.00 80.00 0.00633969
-50.00 80.00 0.00634524
-45.00 80.00 0.00613533
-40.00 80.00 0.00567555
-35.00 80.00 0.0049581
-30.00 80.00 0.00400569
-25.00 80.00 0.00287085
-20.00 80.00 0.0016308
-15.00 80.00 0.00037893
-10.00 80.00 -0.00078615
-5.00 80.00 -0.00177279
0.00 80.00 -0.00250755
5.00 80.00 -0.00294375
10.00 80.00 -0.00306573
15.00 80.00 -0.00288999
20.00 80.00 -0.00246189
25.00 80.00 -0.00184917
30.00 80.00 -0.00113166
35.00 80.00 -0.00039048
40.00 80.00 0.00030153
45.00 80.00 0.00088713
50.00 80.00 0.00132897
55.00 80.00 0.00161073
60.00 80.00 0.00173424
65.00 80.00 0.00171399
70.00 80.00 0.00157086
75.00 80.00 0.00132654
80.00 80.00 0.0009996
85.00 80.00 0.00060327
90.00 80.00 0.00014526
95.00 80.00 -0.00037023
100.00 80.00 -0.00093939
105.00 80.00 -0.00155568
110.00 80.00 -0.00220728
115.00 80.00 -0.0028758
120.00 80.00 -0.00353628
125.00 80.00 -0.00415893
130.00 80.00 -0.00471168
135.00 80.00 -0.00516318
140.00 80.00 -0.00548628
145.00 80.00 -0.00566043
150.00 80.00 -0.00567336
155.00 80.00 -0.00552105
160.00 80.00 -0.00520692
165.00 80.00 -0.00474051
170.00 80.00 -0.00413622
175.00 80.00 -0.00341184
180.00 80.00 -0.0025875
-180.00 85.00 -0.00357657
-175.00 85.00 -0.00311844
-170.00 85.00 -0.00264732
-165.00 85.00 -0.00217095
-160.00 85.00 -0.00169614
-155.00 85.00 -0.00123051
-150.00 85.00 -0.000783
-145.00 85.00 -0.00036228
-140.00 85.00 2.562e-05
-135.00 85.00 0.00037833
-130.00 85.00 0.00069576
-125.00 85.00 0.0009783
-120.00 85.00 0.00122565
-115.00 85.00 0.00143802
-110.00 85.00 0.00161772
-105.00 85.00 0.00176934
-100.00 85.00 0.00189816
-95.00 85.00 0.00200751
-90.00 85.00 0.00209775
-85.00 85.00 0.00216699
-80.00 85.00 0.00221289
-75.00 85.00 0.00223332
-70.00 85.00 0.00222549
-65.00 85.00 0.0021843
-60.00 85.00 0.00210249
-55.00 85.00 0.00197226
-50.00 85.00 0.00178824
-45.00 85.00 0.00154875
-40.00 85.00 0.00125562
-35.00 85.00 0.00091263
-30.00 85.00 0.00052497
-25.00 85.00 9.993e-05
-20.00 85.00 -0.00035151
-15.00 85.00 -0.00081483
-10.00 85.00 -0.00127398
-5.00 85.00 -0.0017142
0.00 85.00 -0.00212415
5.00 85.00 -0.0024957
10.00 85.00 -0.00282285
15.00 85.00 -0.00310116
20.00 85.00 -0.00332877
25.00 85.00 -0.00350817
30.00 85.00 -0.00364635
35.00 85.00 -0.00375342
40.00 85.00 -0.00383952
45.00 85.00 -0.00391305
50.00 85.00 -0.00398088
55.00 85.00 -0.0040497
60.00 85.00 -0.00412668
65.00 85.00 -0.00421812
70.00 85.00 -0.0043275
75.00 85.00 -0.00445437
80.00 85.00 -0.00459567
85.00 85.00 -0.00474801
90.00 85.00 -0.0049089
95.00 85.00 -0.005076
100.00 85.00 -0.0052452
105.00 85.00 -0.00540951
110.00 85.00 -0.00556059
115.00 85.00 -0.00569085
120.00 85.00 -0.00579474
125.00 85.00 -0.00586791
130.00 85.00 -0.00590514
135.00 85.00 -0.00589977
140.00 85.00 -0.00584499
145.00 85.00 -0.00573648
150.00 85.00 -0.00557343
155.00 85.00 -0.00535764
160.00 85.00 -0.00509136
165.00 85.00 -0.00477627
170.00 85.00 -0.00441486
175.00 85.00 -0.00401214
180.00 85.00 -0.00357657
-180.00 90.00 -0.00355491
-175.00 90.00 -0.00355491
-170.00 90.00 -0.00355491
-165.00 90.00 -0.00355491
-160.00 90.00 -0.00355491
-155.00 90.00 -0.00355491
-150.00 90.00 -0.00355491
-145.00 90.00 -0.00355491
-140.00 90.00 -0.00355491
-135.00 90.00 -0.00355491
-130.00 90.00 -0.00355491
-125.00 90.00 -0.00355491
-120.00 90.00 -0.00355491
-115.00 90.00 -0.00355491
-110.00 90.00 -0.00355491
-105.00 90.00 -0.00355491
-100.00 90.00 -0.00355491
-95.00 90.00 -0.00355491
-90.00 90.00 -0.00355491
-85.00 90.00 -0.00355491
-80.00 90.00 -0.00355491
-75.00 90.00 -0.00355491
-70.00 90.00 -0.00355491
-65.00 90.00 -0.00355491
-60.00 90.00 -0.00355491
-55.00 90.00 -0.00355491
-50.00 90.00 -0.00355491
-45.00 90.00 -0.00355491
-40.00 90.00 -0.00355491
-35.00 90.00 -0.00355491
-30.00 90.00 -0.00355491
-25.00 90.00 -0.00355491
-20.00 90.00 -0.00355491
-15.00 90.00 -0.00355491
-10.00 90.00 -0.00355491
-5.00 90.00 -0.00355491
0.00 90.00 -0.00355491
5.00 90.00 -0.00355491
10.00 90.00 -0.00355491
15.00 90.00 -0.00355491
20.00 90.00 -0.00355491
25.00 90.00 -0.00355491
30.00 90.00 -0.00355491
35.00 90.00 -0.00355491
40.00 90.00 -0.00355491
45.00 90.00 -0.00355491
50.00 90.00 -0.00355491
55.00 90.00 -0.00355491
60.00 90.00 -0.00355491
65.00 90.00 -0.00355491
70.00 90.00 -0.00355491
75.00 90.00 -0.00355491
80.00 90.00 -0.00355491
85.00 90.00 -0.00355491
90.00 90.00 -0.00355491
95.00 90.00 -0.00355491
100.00 90.00 -0.00355491
105.00 90.00 -0.00355491
110.00 90.00 -0.00355491
115.00 90.00 -0.00355491
120.00 90.00 -0.00355491
125.00 90.00 -0.00355491
130.00 90.00 -0.00355491
135.00 90.00 -0.00355491
140.00 90.00 -0.00355491
145.00 90.00 -0.00355491
150.00 90.00 -0.00355491
155.00 90.00 -0.00355491
160.00 90.00 -0.00355491
165.00 90.00 -0.00355491
170.00 90.00 -0.00355491
175.00 90.00 -0.00355491
180.00 90.00 -0.00355491
