-180.00 -90.00 0.00133923
-175.00 -90.00 0.00133926
-170.00 -90.00 0.00133929
-165.00 -90.00 0.00133929
-160.00 -90.00 0.00133926
-155.00 -90.00 0.00133926
-150.00 -90.00 0.00133923
-145.00 -90.00 0.0013392
-140.00 -90.00 0.00133914
-135.00 -90.00 0.00133911
-130.00 -90.00 0.00133905
-125.00 -90.00 0.00133899
-120.00 -90.00 0.00133893
-115.00 -90.00 0.0013389
-110.00 -90.00 0.00133884
-105.00 -90.00 0.00133878
-100.00 -90.00 0.00133875
-95.00 -90.00 0.00133869
-90.00 -90.00 0.00133866
-85.00 -90.00 0.00133866
-80.00 -90.00 0.00133863
-75.00 -90.00 0.00133863
-70.00 -90.00 0.00133866
-65.00 -90.00 0.00133866
-60.00 -90.00 0.00133869
-55.00 -90.00 0.00133872
-50.00 -90.00 0.00133875
-45.00 -90.00 0.00133881
-40.00 -90.00 0.00133887
-35.00 -90.00 0.00133893
-30.00 -90.00 0.00133896
-25.00 -90.00 0.00133902
-20.00 -90.00 0.00133908
-15.00 -90.00 0.00133914
-10.00 -90.00 0.00133917
-5.00 -90.00 0.00133923
0.00 -90.00 0.00133926
5.00 -90.00 0.00133926
10.00 -90.00 0.00133929
15.00 -90.00 0.00133929
20.00 -90.00 0.00133926
25.00 -90.00 0.00133926
30.00 -90.00 0.00133923
35.00 -90.00 0.0013392
40.00 -90.00 0.00133917
45.00 -90.00 0.00133911
50.00 -90.00 0.00133905
55.00 -90.00 0.00133899
60.00 -90.00 0.00133893
65.00 -90.00 0.0013389
70.00 -90.00 0.00133884
75.00 -90.00 0.00133878
80.00 -90.00 0.00133875
85.00 -90.00 0.00133869
90.00 -90.00 0.00133866
95.00 -90.00 0.00133866
100.00 -90.00 0.00133863
105.00 -90.00 0.00133863
110.00 -90.00 0.00133863
115.00 -90.00 0.00133866
120.00 -90.00 0.00133869
125.00 -90.00 0.00133872
130.00 -90.00 0.00133875
135.00 -90.00 0.00133881
140.00 -90.00 0.00133887
145.00 -90.00 0.00133893
150.00 -90.00 0.00133896
155.00 -90.00 0.00133902
160.00 -90.00 0.00133908
165.00 -90.00 0.00133914
170.00 -90.00 0.00133917
175.00 -90.00 0.0013392
180.00 -90.00 0.00133923
-180.00 -85.00 0.00130134
-175.00 -85.00 0.00129123
-170.00 -85.00 0.00127575
-165.00 -85.00 0.00125508
-160.00 -85.00 0.00122967
-155.00 -85.00 0.00120012
-150.00 -85.00 0.00116736
-145.00 -85.00 0.00113244
-140.00 -85.00 0.00109656
-135.00 -85.00 0.00106104
-130.00 -85.00 0.00102717
-125.00 -85.00 0.00099633
-120.00 -85.00 0.00096984
-115.00 -85.00 0.00094902
-110.00 -85.00 0.00093489
-105.00 -85.00 0.00092835
-100.00 -85.00 0.00093003
-95.00 -85.00 0.00094035
-90.00 -85.00 0.00095952
-85.00 -85.00 0.00098736
-80.00 -85.00 0.00102348
-75.00 -85.00 0.0010671
-70.00 -85.00 0.0011172
-65.00 -85.00 0.00117264
-60.00 -85.00 0.00123213
-55.00 -85.00 0.00129417
-50.00 -85.00 0.00135729
-45.00 -85.00 0.00141999
-40.00 -85.00 0.0014808
-35.00 -85.00 0.00153852
-30.00 -85.00 0.00159195
-25.00 -85.00 0.00164019
-20.00 -85.00 0.00168237
-15.00 -85.00 0.00171795
-10.00 -85.00 0.00174642
-5.00 -85.00 0.0017676
0.00 -85.00 0.00178134
5.00 -85.00 0.00178767
10.00 -85.00 0.0017868
15.00 -85.00 0.00177906
20.00 -85.00 0.0017649
25.00 -85.00 0.00174483
30.00 -85.00 0.00171948
35.00 -85.00 0.00168963
40.00 -85.00 0.00165606
45.00 -85.00 0.00161955
50.00 -85.00 0.00158085
55.00 -85.00 0.00154071
60.00 -85.00 0.00149985
65.00 -85.00 0.00145905
70.00 -85.00 0.00141903
75.00 -85.00 0.00138048
80.00 -85.00 0.00134403
85.00 -85.00 0.00131031
90.00 -85.00 0.00128004
95.00 -85.00 0.00125391
100.00 -85.00 0.0012324
105.00 -85.00 0.00121593
110.00 -85.00 0.00120471
115.00 -85.00 0.0011988
120.00 -85.00 0.00119808
125.00 -85.00 0.00120213
130.00 -85.00 0.00121035
135.00 -85.00 0.00122187
140.00 -85.00 0.0012357
145.00 -85.00 0.00125073
150.00 -85.00 0.00126585
155.00 -85.00 0.00127995
160.00 -85.00 0.00129198
165.00 -85.00 0.00130086
170.00 -85.00 0.00130581
175.00 -85.00 0.00130614
180.00 -85.00 0.00130134
-180.00 -80.00 0.00178389
-175.00 -80.00 0.00178296
-170.00 -80.00 0.0017628
-165.00 -80.00 0.00172404
-160.00 -80.00 0.00166683
-155.00 -80.00 0.00159279
-150.00 -80.00 0.00150561
-145.00 -80.00 0.00140895
-140.00 -80.00 0.00130536
-135.00 -80.00 0.00119778
-130.00 -80.00 0.00109089
-125.00 -80.00 0.00098925
-120.00 -80.00 0.00089589
-115.00 -80.00 0.00081351
-110.00 -80.00 0.00074604
-105.00 -80.00 0.00069759
-100.00 -80.00 0.0006702
-95.00 -80.00 0.00066438
-90.00 -80.00 0.00068109
-85.00 -80.00 0.00072138
-80.00 -80.00 0.0007839
-75.00 -80.00 0.00086505
-70.00 -80.00 0.00096111
-65.00 -80.00 0.00106872
-60.00 -80.00 0.00118305
-55.00 -80.00 0.00129738
-50.00 -80.00 0.00140565
-45.00 -80.00 0.00150408
-40.00 -80.00 0.00159006
-35.00 -80.00 0.00166065
-30.00 -80.00 0.00171429
-25.00 -80.00 0.00175227
-20.00 -80.00 0.00177696
-15.00 -80.00 0.00178941
-10.00 -80.00 0.00178962
-5.00 -80.00 0.00177846
0.00 -80.00 0.00175734
5.00 -80.00 0.00172602
10.00 -80.00 0.00168306
15.00 -80.00 0.00162843
20.00 -80.00 0.00156423
25.00 -80.00 0.00149262
30.00 -80.00 0.0014148
35.00 -80.00 0.00133299
40.00 -80.00 0.00125103
45.00 -80.00 0.00117228
50.00 -80.00 0.00109773
55.00 -80.00 0.00102738
60.00 -80.00 0.0009621
65.00 -80.00 0.00090243
70.00 -80.00 0.00084723
75.00 -80.00 0.00079479
80.00 -80.00 0.00074553
85.00 -80.00 0.0007017
90.00 -80.00 0.00066546
95.00 -80.00 0.00063882
100.00 -80.00 0.00062526
105.00 -80.00 0.00062958
110.00 -80.00 0.00065484
115.00 -80.00 0.00070137
120.00 -80.00 0.0007683
125.00 -80.00 0.00085434
130.00 -80.00 0.00095625
135.00 -80.00 0.00106818
140.00 -80.00 0.00118386
145.00 -80.00 0.00129867
150.00 -80.00 0.00140874
155.00 -80.00 0.00150957
160.00 -80.00 0.00159708
165.00 -80.00 0.00166935
170.00 -80.00 0.00172572
175.00 -80.00 0.0017646
180.00 -80.00 0.00178389
-180.00 -75.00 0.00180165
-175.00 -75.00 0.00178134
-170.00 -75.00 0.001737
-165.00 -75.00 0.00166785
-160.00 -75.00 0.00157635
-155.00 -75.00 0.00146802
-150.00 -75.00 0.00135054
-145.00 -75.00 0.00123168
-140.00 -75.00 0.00111726
-135.00 -75.00 0.00101013
-130.00 -75.00 0.00091104
-125.00 -75.00 0.0008199
-120.00 -75.00 0.00073719
-115.00 -75.00 0.00066525
-110.00 -75.00 0.00060813
-105.00 -75.00 0.00057027
-100.00 -75.00 0.00055509
-95.00 -75.00 0.00056454
-90.00 -75.00 0.00059931
-85.00 -75.00 0.00065892
-80.00 -75.00 0.00074268
-75.00 -75.00 0.00084951
-70.00 -75.00 0.00097662
-65.00 -75.00 0.00111786
-60.00 -75.00 0.00126306
-55.00 -75.00 0.0013989
-50.00 -75.00 0.00151059
-45.00 -75.00 0.00158547
-40.00 -75.00 0.00161646
-35.00 -75.00 0.0016041
-30.00 -75.00 0.00155625
-25.00 -75.00 0.00148617
-20.00 -75.00 0.00140922
-15.00 -75.00 0.0013389
-10.00 -75.00 0.00128364
-5.00 -75.00 0.00124548
0.00 -75.00 0.00122025
5.00 -75.00 0.00119922
10.00 -75.00 0.00117186
15.00 -75.00 0.00112941
20.00 -75.00 0.0010671
25.00 -75.00 0.00098538
30.00 -75.00 0.00088971
35.00 -75.00 0.00078879
40.00 -75.00 0.00069186
45.00 -75.00 0.00060636
50.00 -75.00 0.0005364
55.00 -75.00 0.00048219
60.00 -75.00 0.00044019
65.00 -75.00 0.00040443
70.00 -75.00 0.00036807
75.00 -75.00 0.00032499
80.00 -75.00 0.0002715
85.00 -75.00 0.00020823
90.00 -75.00 0.00014109
95.00 -75.00 8.085e-05
100.00 -75.00 4.182e-05
105.00 -75.00 3.891e-05
110.00 -75.00 8.418e-05
115.00 -75.00 0.00018318
120.00 -75.00 0.00033342
125.00 -75.00 0.00052431
130.00 -75.00 0.00073911
135.00 -75.00 0.00095853
140.00 -75.00 0.00116472
145.00 -75.00 0.0013446
150.00 -75.00 0.00149127
155.00 -75.00 0.00160389
160.00 -75.00 0.00168627
165.00 -75.00 0.00174387
170.00 -75.00 0.00178128
175.00 -75.00 0.00180072
180.00 -75.00 0.00180165
-180.00 -70.00 0.00118284
-175.00 -70.00 0.00115275
-170.00 -70.00 0.00108894
-165.00 -70.00 0.00098271
-160.00 -70.00 0.00083904
-155.00 -70.00 0.00067746
-150.00 -70.00 0.00052635
-145.00 -70.00 0.00041217
-140.00 -70.00 0.00034884
-135.00 -70.00 0.00033255
-130.00 -70.00 0.00034533
-125.00 -70.00 0.00036543
-120.00 -70.00 0.00037893
-115.00 -70.00 0.00038631
-110.00 -70.00 0.00039993
-105.00 -70.00 0.00043467
-100.00 -70.00 0.000498
-95.00 -70.00 0.00058521
-90.00 -70.00 0.00068304
-85.00 -70.00 0.00077889
-80.00 -70.00 0.00086934
-75.00 -70.00 0.00096234
-70.00 -70.00 0.0010713
-65.00 -70.00 0.00120411
-60.00 -70.00 0.00135399
-55.00 -70.00 0.0014973
-50.00 -70.00 0.00160068
-45.00 -70.00 0.00163374
-40.00 -70.00 0.00158166
-35.00 -70.00 0.00145128
-30.00 -70.00 0.00126918
-25.00 -70.00 0.0010728
-20.00 -70.00 0.00089988
-15.00 -70.00 0.00077967
-10.00 -70.00 0.00072768
-5.00 -70.00 0.00074412
0.00 -70.00 0.00081453
5.00 -70.00 0.00091293
10.00 -70.00 0.00100767
15.00 -70.00 0.00106989
20.00 -70.00 0.00108207
25.00 -70.00 0.00104322
30.00 -70.00 0.00096783
35.00 -70.00 0.00087858
40.00 -70.00 0.00079644
45.00 -70.00 0.00073278
50.00 -70.00 0.00068715
55.00 -70.00 0.00065034
60.00 -70.00 0.00061002
65.00 -70.00 0.00055551
70.00 -70.00 0.00047922
75.00 -70.00 0.00037659
80.00 -70.00 0.00024609
85.00 -70.00 9.09e-05
90.00 -70.00 -7.788e-05
95.00 -70.00 -0.00023934
100.00 -70.00 -0.00036435
105.00 -70.00 -0.00042177
110.00 -70.00 -0.00038721
115.00 -70.00 -0.00025176
120.00 -70.00 -2.676e-05
125.00 -70.00 0.00025737
130.00 -70.00 0.00055836
135.00 -70.00 0.00083304
140.00 -70.00 0.00104826
145.00 -70.00 0.00118824
150.00 -70.00 0.0012561
155.00 -70.00 0.00126936
160.00 -70.00 0.0012522
165.00 -70.00 0.00122691
170.00 -70.00 0.00120732
175.00 -70.00 0.00119565
180.00 -70.00 0.00118284
-180.00 -65.00 0.00086961
-175.00 -65.00 0.00092217
-170.00 -65.00 0.00092502
-165.00 -65.00 0.00084891
-160.00 -65.00 0.00068607
-155.00 -65.00 0.00046506
-150.00 -65.00 0.00024678
-145.00 -65.00 9.918e-05
-140.00 -65.00 6.21e-05
-135.00 -65.00 0.0001254
-130.00 -65.00 0.00023553
-125.00 -65.00 0.00032865
-120.00 -65.00 0.00036957
-115.00 -65.00 0.00037176
-110.00 -65.00 0.0003849
-105.00 -65.00 0.00045957
-100.00 -65.00 0.00061179
-95.00 -65.00 0.00081105
-90.00 -65.00 0.00099813
-85.00 -65.00 0.00112068
-80.00 -65.00 0.00116346
-75.00 -65.00 0.00115533
-70.00 -65.00 0.00115005
-65.00 -65.00 0.00119262
-60.00 -65.00 0.00129189
-55.00 -65.00 0.00141417
-50.00 -65.00 0.00150174
-45.00 -65.00 0.0015051
-40.00 -65.00 0.00140949
-35.00 -65.00 0.00124062
-30.00 -65.00 0.00104751
-25.00 -65.00 0.00087567
-20.00 -65.00 0.00074985
-15.00 -65.00 0.00067563
-10.00 -65.00 0.00065385
-5.00 -65.00 0.00069072
0.00 -65.00 0.0007923
5.00 -65.00 0.0009471
10.00 -65.00 0.00111489
15.00 -65.00 0.00123633
20.00 -65.00 0.00126258
25.00 -65.00 0.00118536
30.00 -65.00 0.00104496
35.00 -65.00 0.00090816
40.00 -65.00 0.00082941
45.00 -65.00 0.00082131
50.00 -65.00 0.00085206
55.00 -65.00 0.00086898
60.00 -65.00 0.0008292
65.00 -65.00 0.0007179
70.00 -65.00 0.00054552
75.00 -65.00 0.00033267
80.00 -65.00 9.699e-05
85.00 -65.00 -0.00014892
90.00 -65.00 -0.00039033
95.00 -65.00 -0.00060327
100.00 -65.00 -0.00075453
105.00 -65.00 -0.00081054
110.00 -65.00 -0.00074937
115.00 -65.00 -0.00057066
120.00 -65.00 -0.00029934
125.00 -65.00 1.788e-05
130.00 -65.00 0.00032322
135.00 -65.00 0.00056421
140.00 -65.00 0.00071046
145.00 -65.00 0.00076302
150.00 -65.00 0.00075087
155.00 -65.00 0.00071523
160.00 -65.00 0.00069144
165.00 -65.00 0.00069801
170.00 -65.00 0.00073698
175.00 -65.00 0.00079962
180.00 -65.00 0.00086961
-180.00 -60.00 0.00091791
-175.00 -60.00 0.00102834
-170.00 -60.00 0.00115305
-165.00 -60.00 0.00123564
-160.00 -60.00 0.00120477
-155.00 -60.00 0.0010374
-150.00 -60.00 0.00079251
-145.00 -60.00 0.00058209
-140.00 -60.00 0.0004971
-135.00 -60.00 0.00054375
-130.00 -60.00 0.00064122
-125.00 -60.00 0.0006846
-120.00 -60.00 0.00062637
-115.00 -60.00 0.00051342
-110.00 -60.00 0.00045201
-105.00 -60.00 0.00052812
-100.00 -60.00 0.00074373
-95.00 -60.00 0.00101418
-90.00 -60.00 0.00122385
-85.00 -60.00 0.00129606
-80.00 -60.00 0.00123168
-75.00 -60.00 0.00109812
-70.00 -60.00 0.00098457
-65.00 -60.00 0.00095307
-60.00 -60.00 0.00100902
-55.00 -60.00 0.00110265
-50.00 -60.00 0.00116175
-45.00 -60.00 0.0011409
-40.00 -60.00 0.0010578
-35.00 -60.00 0.00098538
-30.00 -60.00 0.000996
-25.00 -60.00 0.00109638
-20.00 -60.00 0.0012099
-15.00 -60.00 0.00123108
-10.00 -60.00 0.00111447
-5.00 -60.00 0.00092358
0.00 -60.00 0.0007914
5.00 -60.00 0.00081669
10.00 -60.00 0.00097635
15.00 -60.00 0.00112737
20.00 -60.00 0.00110385
25.00 -60.00 0.00083883
30.00 -60.00 0.00041967
35.00 -60.00 3.459e-05
40.00 -60.00 -0.00014937
45.00 -60.00 -8.805e-05
50.00 -60.00 0.00012741
55.00 -60.00 0.00034443
60.00 -60.00 0.00044598
65.00 -60.00 0.00040122
70.00 -60.00 0.00024852
75.00 -60.00 4.41e-05
80.00 -60.00 -0.00017406
85.00 -60.00 -0.0003852
90.00 -60.00 -0.00056625
95.00 -60.00 -0.00068412
100.00 -60.00 -0.00071037
105.00 -60.00 -0.00064104
110.00 -60.00 -0.00049914
115.00 -60.00 -0.00031794
120.00 -60.00 -0.00012411
125.00 -60.00 6.201e-05
130.00 -60.00 0.00021546
135.00 -60.00 0.00030609
140.00 -60.00 0.00031938
145.00 -60.00 0.00028014
150.00 -60.00 0.00024942
155.00 -60.00 0.00028653
160.00 -60.00 0.00040572
165.00 -60.00 0.00056754
170.00 -60.00 0.0007155
175.00 -60.00 0.00082503
180.00 -60.00 0.00091791
-180.00 -55.00 0.00053256
-175.00 -55.00 0.00048231
-170.00 -55.00 0.00061353
-165.00 -55.00 0.00086532
-160.00 -55.00 0.00106377
-155.00 -55.00 0.00106578
-150.00 -55.00 0.00087201
-145.00 -55.00 0.00061791
-140.00 -55.00 0.00045651
-135.00 -55.00 0.00043497
-130.00 -55.00 0.00047058
-125.00 -55.00 0.00044466
-120.00 -55.00 0.00032685
-115.00 -55.00 0.00021348
-110.00 -55.00 0.00024171
-105.00 -55.00 0.00045873
-100.00 -55.00 0.00076818
-95.00 -55.00 0.00100287
-90.00 -55.00 0.00105597
-85.00 -55.00 0.00095265
-80.00 -55.00 0.00080886
-75.00 -55.00 0.00073023
-70.00 -55.00 0.00074805
-65.00 -55.00 0.00083205
-60.00 -55.00 0.00093642
-55.00 -55.00 0.00102036
-50.00 -55.00 0.00104472
-45.00 -55.00 0.00098991
-40.00 -55.00 0.0009015
-35.00 -55.00 0.00089949
-30.00 -55.00 0.00109488
-25.00 -55.00 0.00146034
-20.00 -55.00 0.00178677
-15.00 -55.00 0.0018075
-10.00 -55.00 0.00141429
-5.00 -55.00 0.00078276
0.00 -55.00 0.00028017
5.00 -55.00 0.00020547
10.00 -55.00 0.00055578
15.00 -55.00 0.00100623
20.00 -55.00 0.0011313
25.00 -55.00 0.00071001
30.00 -55.00 -0.00011361
35.00 -55.00 -0.00093405
40.00 -55.00 -0.00136575
45.00 -55.00 -0.00128442
50.00 -55.00 -0.00085794
55.00 -55.00 -0.0003771
60.00 -55.00 -4.71e-05
65.00 -55.00 9.915e-05
70.00 -55.00 0.00013518
75.00 -55.00 0.00012516
80.00 -55.00 7.773e-05
85.00 -55.00 -7.32e-06
90.00 -55.00 -7.959e-05
95.00 -55.00 -5.097e-05
100.00 -55.00 0.00012231
105.00 -55.00 0.00037728
110.00 -55.00 0.00057765
115.00 -55.00 0.00062268
120.00 -55.00 0.0005283
125.00 -55.00 0.00039828
130.00 -55.00 0.00031518
135.00 -55.00 0.00026547
140.00 -55.00 0.00017982
145.00 -55.00 4.194e-05
150.00 -55.00 -5.937e-05
155.00 -55.00 -3.78e-06
160.00 -55.00 0.00023061
165.00 -55.00 0.0005196
170.00 -55.00 0.00068742
175.00 -55.00 0.0006603
180.00 -55.00 0.00053256
-180.00 -50.00 9.213e-05
-175.00 -50.00 -0.00024561
-170.00 -50.00 -0.00031515
-165.00 -50.00 -0.00012465
-160.00 -50.00 0.00010821
-155.00 -50.00 0.00015534
-150.00 -50.00 -3.675e-05
-145.00 -50.00 -0.00032304
-140.00 -50.00 -0.00050589
-135.00 -50.00 -0.00051531
-130.00 -50.00 -0.00045228
-125.00 -50.00 -0.00044985
-120.00 -50.00 -0.00049566
-115.00 -50.00 -0.00041589
-110.00 -50.00 -5.988e-05
-105.00 -50.00 0.00049992
-100.00 -50.00 0.00097539
-95.00 -50.00 0.00110028
-90.00 -50.00 0.00087792
-85.00 -50.00 0.0005913
-80.00 -50.00 0.00055338
-75.00 -50.00 0.00083487
-70.00 -50.00 0.00123378
-65.00 -50.00 0.00150012
-60.00 -50.00 0.00156441
-55.00 -50.00 0.00153303
-50.00 -50.00 0.00149688
-45.00 -50.00 0.00141639
-40.00 -50.00 0.0012279
-35.00 -50.00 0.00101328
-30.00 -50.00 0.0009738
-25.00 -50.00 0.00119397
-20.00 -50.00 0.0014664
-15.00 -50.00 0.00141486
-10.00 -50.00 0.00083649
-5.00 -50.00 -5.694e-05
0.00 -50.00 -0.00073539
5.00 -50.00 -0.00073008
10.00 -50.00 -9.12e-06
15.00 -50.00 0.00094497
20.00 -50.00 0.00144411
25.00 -50.00 0.00108363
30.00 -50.00 3.747e-05
35.00 -50.00 -0.00108177
40.00 -50.00 -0.00168177
45.00 -50.00 -0.00158757
50.00 -50.00 -0.00107187
55.00 -50.00 -0.00054945
60.00 -50.00 -0.00023979
65.00 -50.00 -8.037e-05
70.00 -50.00 9.057e-05
75.00 -50.00 0.00031257
80.00 -50.00 0.00047598
85.00 -50.00 0.00049317
90.00 -50.00 0.00045225
95.00 -50.00 0.00056124
100.00 -50.00 0.0009249
105.00 -50.00 0.00138768
110.00 -50.00 0.00162789
115.00 -50.00 0.00144012
120.00 -50.00 0.00093906
125.00 -50.00 0.00046956
130.00 -50.00 0.00029277
135.00 -50.00 0.00035586
140.00 -50.00 0.00038145
145.00 -50.00 0.00018225
150.00 -50.00 -0.00013167
155.00 -50.00 -0.00026889
160.00 -50.00 -6.795e-05
165.00 -50.00 0.0003216
170.00 -50.00 0.00056844
175.00 -50.00 0.00046179
180.00 -50.00 9.216e-05
-180.00 -45.00 0.00050838
-175.00 -45.00 1.029e-05
-170.00 -45.00 -0.00033801
-165.00 -45.00 -0.00043152
-160.00 -45.00 -0.0004053
-155.00 -45.00 -0.00047658
-150.00 -45.00 -0.00073332
-145.00 -45.00 -0.00104349
-140.00 -45.00 -0.00117987
-135.00 -45.00 -0.00106044
-130.00 -45.00 -0.00084441
-125.00 -45.00 -0.00074304
-120.00 -45.00 -0.00073992
-115.00 -45.00 -0.00056811
-110.00 -45.00 -1.515e-05
-105.00 -45.00 0.00077202
-100.00 -45.00 0.00134748
-95.00 -45.00 0.00137649
-90.00 -45.00 0.00099387
-85.00 -45.00 0.00072507
-80.00 -45.00 0.00100107
-75.00 -45.00 0.00172848
-70.00 -45.00 0.00236838
-65.00 -45.00 0.00247296
-60.00 -45.00 0.00211971
-55.00 -45.00 0.0017664
-50.00 -45.00 0.0016998
-45.00 -45.00 0.00172692
-40.00 -45.00 0.00146355
-35.00 -45.00 0.00084753
-30.00 -45.00 0.00024288
-25.00 -45.00 2.403e-05
-20.00 -45.00 0.00015387
-15.00 -45.00 0.00022992
-10.00 -45.00 -9.729e-05
-5.00 -45.00 -0.0007842
0.00 -45.00 -0.00140952
5.00 -45.00 -0.00148497
10.00 -45.00 -0.00084126
15.00 -45.00 0.00016719
20.00 -45.00 0.00084984
25.00 -45.00 0.00070119
30.00 -45.00 -0.00016851
35.00 -45.00 -0.00112089
40.00 -45.00 -0.0015351
45.00 -45.00 -0.00129606
50.00 -45.00 -0.00079611
55.00 -45.00 -0.00050898
60.00 -45.00 -0.00056427
65.00 -45.00 -0.00069966
70.00 -45.00 -0.00059625
75.00 -45.00 -0.00023454
80.00 -45.00 0.00010446
85.00 -45.00 0.00018375
90.00 -45.00 0.00010677
95.00 -45.00 0.0002262
100.00 -45.00 0.00075183
105.00 -45.00 0.00146643
110.00 -45.00 0.00185967
115.00 -45.00 0.00159075
120.00 -45.00 0.00084804
125.00 -45.00 0.00022206
130.00 -45.00 0.0001659
135.00 -45.00 0.00057024
140.00 -45.00 0.00089769
145.00 -45.00 0.00073677
150.00 -45.00 0.00019767
155.00 -45.00 -0.00023109
160.00 -45.00 -0.00017304
165.00 -45.00 0.00029901
170.00 -45.00 0.00076563
175.00 -45.00 0.00084903
180.00 -45.00 0.00050838
-180.00 -40.00 0.00113676
-175.00 -40.00 0.00060021
-170.00 -40.00 4.212e-05
-165.00 -40.00 -0.00026478
-160.00 -40.00 -0.00029139
-155.00 -40.00 -0.00025359
-150.00 -40.00 -0.00038406
-145.00 -40.00 -0.00065829
-140.00 -40.00 -0.00079398
-135.00 -40.00 -0.00058839
-130.00 -40.00 -0.00019557
-125.00 -40.00 4.56e-05
-120.00 -40.00 3.81e-05
-115.00 -40.00 4.872e-05
-110.00 -40.00 0.00036111
-105.00 -40.00 0.00089871
-100.00 -40.00 0.00127506
-95.00 -40.00 0.0012174
-90.00 -40.00 0.00090939
-85.00 -40.00 0.00087039
-80.00 -40.00 0.00142461
-75.00 -40.00 0.00226872
-70.00 -40.00 0.00266733
-65.00 -40.00 0.00219195
-60.00 -40.00 0.00122709
-55.00 -40.00 0.00060375
-50.00 -40.00 0.00070419
-45.00 -40.00 0.00106464
-40.00 -40.00 0.000948
-35.00 -40.00 0.00019416
-30.00 -40.00 -0.00065139
-25.00 -40.00 -0.00099414
-20.00 -40.00 -0.00077691
-15.00 -40.00 -0.0003981
-10.00 -40.00 -0.00026889
-5.00 -40.00 -0.0005598
0.00 -40.00 -0.0011763
5.00 -40.00 -0.00177678
10.00 -40.00 -0.00194016
15.00 -40.00 -0.00156042
20.00 -40.00 -0.00105084
25.00 -40.00 -0.00096015
30.00 -40.00 -0.00137277
35.00 -40.00 -0.00182892
40.00 -40.00 -0.00184386
45.00 -40.00 -0.00139371
50.00 -40.00 -0.00088995
55.00 -40.00 -0.00076368
60.00 -40.00 -0.00106761
65.00 -40.00 -0.00142776
70.00 -40.00 -0.0014127
75.00 -40.00 -0.00098649
80.00 -40.00 -0.0005394
85.00 -40.00 -0.00043095
90.00 -40.00 -0.00057369
95.00 -40.00 -0.00052881
100.00 -40.00 1.803e-05
105.00 -40.00 0.00089958
110.00 -40.00 0.00156153
115.00 -40.00 0.0015501
120.00 -40.00 0.00097671
125.00 -40.00 0.00046479
130.00 -40.00 0.00054543
135.00 -40.00 0.00112176
140.00 -40.00 0.0016023
145.00 -40.00 0.00152607
150.00 -40.00 0.00097512
155.00 -40.00 0.00042009
160.00 -40.00 0.00027585
165.00 -40.00 0.00059676
170.00 -40.00 0.00108414
175.00 -40.00 0.00133479
180.00 -40.00 0.00113679
-180.00 -35.00 0.00091986
-175.00 -35.00 0.00034056
-170.00 -35.00 -0.00037851
-165.00 -35.00 -0.00075546
-160.00 -35.00 -0.00057846
-155.00 -35.00 -0.00012
-150.00 -35.00 0.00011175
-145.00 -35.00 -8.037e-05
-140.00 -35.00 -0.00035265
-135.00 -35.00 -0.00025026
-130.00 -35.00 0.00023571
-125.00 -35.00 0.00071241
-120.00 -35.00 0.00089394
-115.00 -35.00 0.00084447
-110.00 -35.00 0.00074745
-105.00 -35.00 0.00065541
-100.00 -35.00 0.00051912
-95.00 -35.00 0.00034125
-90.00 -35.00 0.00026133
-85.00 -35.00 0.00049752
-80.00 -35.00 0.00109539
-75.00 -35.00 0.00166854
-70.00 -35.00 0.00158382
-65.00 -35.00 0.00063426
-60.00 -35.00 -0.00055599
-55.00 -35.00 -0.00106284
-50.00 -35.00 -0.00064221
-45.00 -35.00 2.139e-05
-40.00 -35.00 0.00013176
-35.00 -35.00 -0.00034164
-30.00 -35.00 -0.00077901
-25.00 -35.00 -0.00074658
-20.00 -35.00 -0.00040242
-15.00 -35.00 -9.339e-05
-10.00 -35.00 3.867e-05
-5.00 -35.00 -0.00011871
0.00 -35.00 -0.00079587
5.00 -35.00 -0.00193398
10.00 -35.00 -0.00291531
15.00 -35.00 -0.00314811
20.00 -35.00 -0.00278028
25.00 -35.00 -0.00244773
30.00 -35.00 -0.00244125
35.00 -35.00 -0.0024957
40.00 -35.00 -0.00229908
45.00 -35.00 -0.00184905
50.00 -35.00 -0.00135612
55.00 -35.00 -0.00106095
60.00 -35.00 -0.00107745
65.00 -35.00 -0.00122622
70.00 -35.00 -0.00114963
75.00 -35.00 -0.00075024
80.00 -35.00 -0.00035412
85.00 -35.00 -0.00029649
90.00 -35.00 -0.00050505
95.00 -35.00 -0.00060378
100.00 -35.00 -0.00029058
105.00 -35.00 0.0004233
110.00 -35.00 0.00119406
115.00 -35.00 0.00158451
120.00 -35.00 0.00149538
125.00 -35.00 0.0013044
130.00 -35.00 0.0014112
135.00 -35.00 0.00175581
140.00 -35.00 0.00197319
145.00 -35.00 0.00187119
150.00 -35.00 0.00153213
155.00 -35.00 0.00109983
160.00 -35.00 0.00072552
165.00 -35.00 0.00060558
170.00 -35.00 0.0007986
175.00 -35.00 0.00103605
180.00 -35.00 0.00091986
-180.00 -30.00 0.00035799
-175.00 -30.00 -0.00013527
-170.00 -30.00 -0.00093072
-165.00 -30.00 -0.00143511
-160.00 -30.00 -0.00131226
-155.00 -30.00 -0.000771
-150.00 -30.00 -0.00039729
-145.00 -30.00 -0.00054414
-140.00 -30.00 -0.00092118
-135.00 -30.00 -0.00096474
-130.00 -30.00 -0.00049335
-125.00 -30.00 0.00021978
-120.00 -30.00 0.00083016
-115.00 -30.00 0.0010869
-110.00 -30.00 0.00081987
-105.00 -30.00 0.00012546
-100.00 -30.00 -0.00054507
-95.00 -30.00 -0.00077037
-90.00 -30.00 -0.00053115
-85.00 -30.00 -4.179e-05
-80.00 -30.00 0.0005187
-75.00 -30.00 0.00088029
-70.00 -30.00 0.00064074
-65.00 -30.00 -0.00024315
-60.00 -30.00 -0.00113262
-55.00 -30.00 -0.00129624
-50.00 -30.00 -0.00076023
-45.00 -30.00 -0.00023544
-40.00 -30.00 -0.00019935
-35.00 -30.00 -0.00036948
-30.00 -30.00 -0.00023409
-25.00 -30.00 0.00015351
-20.00 -30.00 0.00027
-15.00 -30.00 -5.163e-05
-10.00 -30.00 -0.00040209
-5.00 -30.00 -0.0005958
0.00 -30.00 -0.00110952
5.00 -30.00 -0.00224559
10.00 -30.00 -0.00337452
15.00 -30.00 -0.0036759
20.00 -30.00 -0.00324723
25.00 -30.00 -0.00279396
30.00 -30.00 -0.00257667
35.00 -30.00 -0.00236733
40.00 -30.00 -0.00210717
45.00 -30.00 -0.00189054
50.00 -30.00 -0.00157386
55.00 -30.00 -0.00102222
60.00 -30.00 -0.0004791
65.00 -30.00 -0.00020352
70.00 -30.00 -6.09e-05
75.00 -30.00 0.0001419
80.00 -30.00 0.00029139
85.00 -30.00 0.00024684
90.00 -30.00 0.00010773
95.00 -30.00 5.61e-06
100.00 -30.00 -2.4e-06
105.00 -30.00 0.00021387
110.00 -30.00 0.0007101
115.00 -30.00 0.00122865
120.00 -30.00 0.00150438
125.00 -30.00 0.00164133
130.00 -30.00 0.00180072
135.00 -30.00 0.00181599
140.00 -30.00 0.00154554
145.00 -30.00 0.001236
150.00 -30.00 0.00107634
155.00 -30.00 0.00079755
160.00 -30.00 0.00020337
165.00 -30.00 -0.0002988
170.00 -30.00 -0.0002241
175.00 -30.00 0.00022059
180.00 -30.00 0.00035799
-180.00 -25.00 1.989e-05
-175.00 -25.00 -0.00020034
-170.00 -25.00 -0.00075315
-165.00 -25.00 -0.00128415
-160.00 -25.00 -0.00161013
-155.00 -25.00 -0.00167793
-150.00 -25.00 -0.00165048
-145.00 -25.00 -0.0017424
-140.00 -25.00 -0.0018897
-135.00 -25.00 -0.00184245
-130.00 -25.00 -0.00148728
-125.00 -25.00 -0.00083793
-120.00 -25.00 6.81e-06
-115.00 -25.00 0.00061116
-110.00 -25.00 0.00036438
-105.00 -25.00 -0.0006813
-100.00 -25.00 -0.0015933
-95.00 -25.00 -0.00162261
-90.00 -25.00 -0.00101025
-85.00 -25.00 -0.0003453
-80.00 -25.00 0.00024138
-75.00 -25.00 0.00073482
-70.00 -25.00 0.00077361
-65.00 -25.00 0.00021564
-60.00 -25.00 -0.00034866
-55.00 -25.00 -0.00031584
-50.00 -25.00 6.705e-05
-45.00 -25.00 0.00012915
-40.00 -25.00 -0.0002127
-35.00 -25.00 -0.00039891
-30.00 -25.00 -0.00010512
-25.00 -25.00 0.00023436
-20.00 -25.00 -2.754e-05
-15.00 -25.00 -0.00082755
-10.00 -25.00 -0.00141585
-5.00 -25.00 -0.00146994
0.00 -25.00 -0.00163359
5.00 -25.00 -0.00244353
10.00 -25.00 -0.00333753
15.00 -25.00 -0.00351264
20.00 -25.00 -0.00315459
25.00 -25.00 -0.00287283
30.00 -25.00 -0.00256398
35.00 -25.00 -0.00189888
40.00 -25.00 -0.00127791
45.00 -25.00 -0.00117972
50.00 -25.00 -0.00118068
55.00 -25.00 -0.00066246
60.00 -25.00 0.00012105
65.00 -25.00 0.00056247
70.00 -25.00 0.00062556
75.00 -25.00 0.00056316
80.00 -25.00 0.00042054
85.00 -25.00 0.00030858
90.00 -25.00 0.00043713
95.00 -25.00 0.00061902
100.00 -25.00 0.00049125
105.00 -25.00 0.00023556
110.00 -25.00 0.00029607
115.00 -25.00 0.00059532
120.00 -25.00 0.00081948
125.00 -25.00 0.001059
130.00 -25.00 0.00137493
135.00 -25.00 0.00133002
140.00 -25.00 0.00074394
145.00 -25.00 0.00020082
150.00 -25.00 5.307e-05
155.00 -25.00 -0.00024399
160.00 -25.00 -0.00104433
165.00 -25.00 -0.00164211
170.00 -25.00 -0.00130725
175.00 -25.00 -0.000444
180.00 -25.00 1.989e-05
-180.00 -20.00 -0.00084459
-175.00 -20.00 -0.00103683
-170.00 -20.00 -0.00102513
-165.00 -20.00 -0.00104394
-160.00 -20.00 -0.00148863
-155.00 -20.00 -0.00213549
-150.00 -20.00 -0.00249438
-145.00 -20.00 -0.00240291
-140.00 -20.00 -0.00203652
-135.00 -20.00 -0.00169959
-130.00 -20.00 -0.0015642
-125.00 -20.00 -0.00136962
-120.00 -20.00 -0.00075015
-115.00 -20.00 -8.73e-05
-110.00 -20.00 -0.00030747
-105.00 -20.00 -0.00142455
-100.00 -20.00 -0.00219561
-95.00 -20.00 -0.00181155
-90.00 -20.00 -0.00093885
-85.00 -20.00 -0.00040734
-80.00 -20.00 2.4e-07
-75.00 -20.00 0.00059934
-70.00 -20.00 0.00083088
-65.00 -20.00 0.00029775
-60.00 -20.00 -0.0002496
-55.00 -20.00 -4.014e-05
-50.00 -20.00 0.0004539
-45.00 -20.00 0.00034395
-40.00 -20.00 -0.00029916
-35.00 -20.00 -0.00073398
-30.00 -20.00 -0.00069435
-25.00 -20.00 -0.00060252
-20.00 -20.00 -0.00088992
-15.00 -20.00 -0.00144897
-10.00 -20.00 -0.00177933
-5.00 -20.00 -0.00172254
0.00 -20.00 -0.00181164
5.00 -20.00 -0.00244875
10.00 -20.00 -0.00313482
15.00 -20.00 -0.00327555
20.00 -20.00 -0.00317811
25.00 -20.00 -0.00322887
30.00 -20.00 -0.0028578
35.00 -20.00 -0.0016032
40.00 -20.00 -0.0003453
45.00 -20.00 -7.743e-05
50.00 -20.00 -0.00033252
55.00 -20.00 -0.00014685
60.00 -20.00 0.00038304
65.00 -20.00 0.0006627
70.00 -20.00 0.00067134
75.00 -20.00 0.0005604
80.00 -20.00 0.00026607
85.00 -20.00 7.713e-05
90.00 -20.00 0.00042894
95.00 -20.00 0.00094131
100.00 -20.00 0.00088791
105.00 -20.00 0.00046626
110.00 -20.00 0.00034884
115.00 -20.00 0.00045852
120.00 -20.00 0.00043635
125.00 -20.00 0.00055191
130.00 -20.00 0.00094416
135.00 -20.00 0.00095202
140.00 -20.00 0.0003003
145.00 -20.00 -0.00023355
150.00 -20.00 -0.00028671
155.00 -20.00 -0.00064704
160.00 -20.00 -0.00162723
165.00 -20.00 -0.00220914
170.00 -20.00 -0.00172539
175.00 -20.00 -0.00097908
180.00 -20.00 -0.00084459
-180.00 -15.00 -0.00220155
-175.00 -15.00 -0.00286257
-170.00 -15.00 -0.00244698
-165.00 -15.00 -0.00166314
-160.00 -15.00 -0.00155001
-155.00 -15.00 -0.0020466
-150.00 -15.00 -0.00237849
-145.00 -15.00 -0.00209004
-140.00 -15.00 -0.00138903
-135.00 -15.00 -0.0008979
-130.00 -15.00 -0.00101955
-125.00 -15.00 -0.0013305
-120.00 -15.00 -0.00107064
-115.00 -15.00 -0.00043674
-110.00 -15.00 -0.00048714
-105.00 -15.00 -0.0013494
-100.00 -15.00 -0.00173013
-95.00 -15.00 -0.00093135
-90.00 -15.00 -6.12e-06
-85.00 -15.00 6.444e-05
-80.00 -15.00 -0.00011913
-75.00 -15.00 0.00011874
-70.00 -15.00 8.127e-05
-65.00 -15.00 -0.00077688
-60.00 -15.00 -0.00137613
-55.00 -15.00 -0.00067614
-50.00 -15.00 0.0004713
-45.00 -15.00 0.00063696
-40.00 -15.00 -0.00013728
-35.00 -15.00 -0.00086007
-30.00 -15.00 -0.00114267
-25.00 -15.00 -0.0012225
-20.00 -15.00 -0.0012693
-15.00 -15.00 -0.00135522
-10.00 -15.00 -0.0015561
-5.00 -15.00 -0.00184554
0.00 -15.00 -0.00220965
5.00 -15.00 -0.00264192
10.00 -15.00 -0.00289788
15.00 -15.00 -0.00283473
20.00 -15.00 -0.00284835
25.00 -15.00 -0.00309603
30.00 -15.00 -0.00276786
35.00 -15.00 -0.00132624
40.00 -15.00 0.00023214
45.00 -15.00 0.00069714
50.00 -15.00 0.00036678
55.00 -15.00 0.00018654
60.00 -15.00 0.00025956
65.00 -15.00 0.00033546
70.00 -15.00 0.00053361
75.00 -15.00 0.00071577
80.00 -15.00 0.00046824
85.00 -15.00 0.00013839
90.00 -15.00 0.00043398
95.00 -15.00 0.00100488
100.00 -15.00 0.00098937
105.00 -15.00 0.00058053
110.00 -15.00 0.000489
115.00 -15.00 0.00058659
120.00 -15.00 0.00052512
125.00 -15.00 0.00063147
130.00 -15.00 0.00094542
135.00 -15.00 0.00075267
140.00 -15.00 6.786e-05
145.00 -15.00 -0.00010395
150.00 -15.00 0.00026163
155.00 -15.00 -5.571e-05
160.00 -15.00 -0.00120012
165.00 -15.00 -0.00179862
170.00 -15.00 -0.0014262
175.00 -15.00 -0.00135291
180.00 -15.00 -0.00220155
-180.00 -10.00 -0.0024513
-175.00 -10.00 -0.00344433
-170.00 -10.00 -0.0031395
-165.00 -10.00 -0.00215943
-160.00 -10.00 -0.00160671
-155.00 -10.00 -0.00167313
-150.00 -10.00 -0.00180324
-145.00 -10.00 -0.00151371
-140.00 -10.00 -0.00087234
-135.00 -10.00 -0.00046062
-130.00 -10.00 -0.00072288
-125.00 -10.00 -0.00123837
-120.00 -10.00 -0.00113817
-115.00 -10.00 -0.00043614
-110.00 -10.00 -0.00013167
-105.00 -10.00 -0.00053484
-100.00 -10.00 -0.00055776
-95.00 -10.00 0.00046743
-90.00 -10.00 0.00144762
-85.00 -10.00 0.00123795
-80.00 -10.00 0.00045051
-75.00 -10.00 5.796e-05
-70.00 -10.00 -0.0004155
-65.00 -10.00 -0.00149022
-60.00 -10.00 -0.00198657
-55.00 -10.00 -0.00079596
-50.00 -10.00 0.00090156
-45.00 -10.00 0.00123996
-40.00 -10.00 0.00030315
-35.00 -10.00 -0.00058437
-30.00 -10.00 -0.00095523
-25.00 -10.00 -0.00110817
-20.00 -10.00 -0.00113247
-15.00 -10.00 -0.00117906
-10.00 -10.00 -0.00165309
-5.00 -10.00 -0.00245433
0.00 -10.00 -0.00292992
5.00 -10.00 -0.00279486
10.00 -10.00 -0.00236376
15.00 -10.00 -0.00205113
20.00 -10.00 -0.00212001
25.00 -10.00 -0.0024183
30.00 -10.00 -0.00221757
35.00 -10.00 -0.00109602
40.00 -10.00 0.00019416
45.00 -10.00 0.0006597
50.00 -10.00 0.00037806
55.00 -10.00 -5.52e-06
60.00 -10.00 -0.00025479
65.00 -10.00 -0.00023349
70.00 -10.00 0.00027753
75.00 -10.00 0.00087186
80.00 -10.00 0.00085815
85.00 -10.00 0.00051
90.00 -10.00 0.00061902
95.00 -10.00 0.00100647
100.00 -10.00 0.00092328
105.00 -10.00 0.00042747
110.00 -10.00 4.956e-05
115.00 -10.00 -0.00011667
120.00 -10.00 -1.326e-05
125.00 -10.00 0.0005121
130.00 -10.00 0.00085911
135.00 -10.00 0.00028743
140.00 -10.00 -0.00044013
145.00 -10.00 -2.853e-05
150.00 -10.00 0.000855
155.00 -10.00 0.00043623
160.00 -10.00 -0.0010485
165.00 -10.00 -0.00169212
170.00 -10.00 -0.00120411
175.00 -10.00 -0.00124713
180.00 -10.00 -0.0024513
-180.00 -5.00 -0.00132069
-175.00 -5.00 -0.00185859
-170.00 -5.00 -0.00190005
-165.00 -5.00 -0.00157356
-160.00 -5.00 -0.00137397
-155.00 -5.00 -0.00147414
-150.00 -5.00 -0.00158361
-145.00 -5.00 -0.0013125
-140.00 -5.00 -0.00072018
-135.00 -5.00 -0.00035241
-130.00 -5.00 -0.00056553
-125.00 -5.00 -0.00099771
-120.00 -5.00 -0.00096849
-115.00 -5.00 -0.00039363
-110.00 -5.00 3.237e-05
-105.00 -5.00 -9.42e-05
-100.00 -5.00 -4.491e-05
-95.00 -5.00 0.00095565
-90.00 -5.00 0.00217995
-85.00 -5.00 0.00226932
-80.00 -5.00 0.0013293
-75.00 -5.00 0.0004989
-70.00 -5.00 -9.816e-05
-65.00 -5.00 -0.00095142
-60.00 -5.00 -0.00134922
-55.00 -5.00 -0.00034338
-50.00 -5.00 0.00108444
-45.00 -5.00 0.00120837
-40.00 -5.00 0.00022473
-35.00 -5.00 -0.00043086
-30.00 -5.00 -0.00049779
-25.00 -5.00 -0.00065694
-20.00 -5.00 -0.00097347
-15.00 -5.00 -0.00124674
-10.00 -5.00 -0.00177948
-5.00 -5.00 -0.00254562
0.00 -5.00 -0.00276276
5.00 -5.00 -0.00214344
10.00 -5.00 -0.00147183
15.00 -5.00 -0.00146247
20.00 -5.00 -0.0019476
25.00 -5.00 -0.00230598
30.00 -5.00 -0.00204906
35.00 -5.00 -0.0011592
40.00 -5.00 -0.00021132
45.00 -5.00 0.00016686
50.00 -5.00 -2.472e-05
55.00 -5.00 -0.00038043
60.00 -5.00 -0.00062307
65.00 -5.00 -0.00052434
70.00 -5.00 7.725e-05
75.00 -5.00 0.00083442
80.00 -5.00 0.00117333
85.00 -5.00 0.00112497
90.00 -5.00 0.00114219
95.00 -5.00 0.00125694
100.00 -5.00 0.00110796
105.00 -5.00 0.00047346
110.00 -5.00 -0.00057471
115.00 -5.00 -0.00146742
120.00 -5.00 -0.00128493
125.00 -5.00 -0.00010806
130.00 -5.00 0.00048297
135.00 -5.00 -0.00030807
140.00 -5.00 -0.00089517
145.00 -5.00 0.00010704
150.00 -5.00 0.00120273
155.00 -5.00 0.00029487
160.00 -5.00 -0.0017871
165.00 -5.00 -0.00260055
170.00 -5.00 -0.00178551
175.00 -5.00 -0.00105519
180.00 -5.00 -0.00132069
-180.00 0.00 -0.0005172
-175.00 0.00 -0.00028947
-170.00 0.00 -0.00053514
-165.00 0.00 -0.00096579
-160.00 0.00 -0.00141597
-155.00 0.00 -0.00185796
-150.00 0.00 -0.00195876
-145.00 0.00 -0.00135321
-140.00 0.00 -0.00043287
-135.00 0.00 2.412e-05
-130.00 0.00 -9.12e-05
-125.00 0.00 -0.00030918
-120.00 0.00 -0.00035904
-115.00 0.00 -0.00027501
-110.00 0.00 -0.00023193
-105.00 0.00 -0.0004236
-100.00 0.00 -0.00051198
-95.00 0.00 0.00028599
-90.00 0.00 0.00174864
-85.00 0.00 0.00238071
-80.00 0.00 0.00157242
-75.00 0.00 0.00052197
-70.00 0.00 0.00010851
-65.00 0.00 -0.0002112
-60.00 0.00 -0.00063588
-55.00 0.00 -0.00045372
-50.00 0.00 0.00014742
-45.00 0.00 8.634e-05
-40.00 0.00 -0.00050106
-35.00 0.00 -0.00050502
-30.00 0.00 -6.582e-05
-25.00 0.00 -0.0002517
-20.00 0.00 -0.00096588
-15.00 0.00 -0.00130008
-10.00 0.00 -0.00127506
-5.00 0.00 -0.00139848
0.00 0.00 -0.00140394
5.00 0.00 -0.00097977
10.00 0.00 -0.0007818
15.00 0.00 -0.00145899
20.00 0.00 -0.00249648
25.00 0.00 -0.00288852
30.00 0.00 -0.00232515
35.00 0.00 -0.00127452
40.00 0.00 -0.00040083
45.00 0.00 -8.298e-05
50.00 0.00 -0.00019263
55.00 0.00 -0.00031461
60.00 0.00 -0.00022941
65.00 0.00 -3.54e-06
70.00 0.00 0.00032547
75.00 0.00 0.00083355
80.00 0.00 0.00144282
85.00 0.00 0.00182112
90.00 0.00 0.001752
95.00 0.00 0.00149472
100.00 0.00 0.00134328
105.00 0.00 0.00086646
110.00 0.00 -0.00049101
115.00 0.00 -0.00188853
120.00 0.00 -0.00170667
125.00 0.00 -0.00022056
130.00 0.00 0.00037431
135.00 0.00 -0.00051195
140.00 0.00 -0.0007926
145.00 0.00 0.00056676
150.00 0.00 0.00147363
155.00 0.00 6.981e-05
160.00 0.00 -0.00231015
165.00 0.00 -0.00329556
170.00 0.00 -0.00256128
175.00 0.00 -0.00133881
180.00 0.00 -0.0005172
-180.00 5.00 -0.00064821
-175.00 5.00 -0.00023568
-170.00 5.00 -0.00062391
-165.00 5.00 -0.00132507
-160.00 5.00 -0.00195222
-155.00 5.00 -0.00246621
-150.00 5.00 -0.00236385
-145.00 5.00 -0.00124545
-140.00 5.00 1.806e-05
-135.00 5.00 0.00037962
-130.00 5.00 0.00022521
-125.00 5.00 0.00034164
-120.00 5.00 0.00043623
-115.00 5.00 6.243e-05
-110.00 5.00 -0.00040992
-105.00 5.00 -0.00068082
-100.00 5.00 -0.00077298
-95.00 5.00 -0.00020217
-90.00 5.00 0.0011997
-85.00 5.00 0.0020874
-80.00 5.00 0.00135429
-75.00 5.00 0.00011484
-70.00 5.00 -0.00016086
-65.00 5.00 1.65e-06
-60.00 5.00 -0.00041349
-55.00 5.00 -0.00094029
-50.00 5.00 -0.00094896
-45.00 5.00 -0.00089106
-40.00 5.00 -0.00090897
-35.00 5.00 -0.00039777
-30.00 5.00 0.00025743
-25.00 5.00 -0.00013473
-20.00 5.00 -0.00127101
-15.00 5.00 -0.00159354
-10.00 5.00 -0.0008685
-5.00 5.00 -0.00030369
0.00 5.00 -0.00035598
5.00 5.00 -0.00049233
10.00 5.00 -0.00073785
15.00 5.00 -0.00159018
20.00 5.00 -0.00269154
25.00 5.00 -0.00303789
30.00 5.00 -0.00232623
35.00 5.00 -0.0012
40.00 5.00 -0.00040065
45.00 5.00 -0.00017733
50.00 5.00 -0.00025419
55.00 5.00 -0.00014076
60.00 5.00 0.0002928
65.00 5.00 0.00063171
70.00 5.00 0.00062625
75.00 5.00 0.00073326
80.00 5.00 0.00134271
85.00 5.00 0.00188079
90.00 5.00 0.00161877
95.00 5.00 0.00100068
100.00 5.00 0.00090168
105.00 5.00 0.00091941
110.00 5.00 0.00011445
115.00 5.00 -0.00083331
120.00 5.00 -0.00043458
125.00 5.00 0.00075849
130.00 5.00 0.000759
135.00 5.00 -0.00034374
140.00 5.00 -0.00044967
145.00 5.00 0.00075183
150.00 5.00 0.00115248
155.00 5.00 -0.0002181
160.00 5.00 -0.0018945
165.00 5.00 -0.00253341
170.00 5.00 -0.00227049
175.00 5.00 -0.0015396
180.00 5.00 -0.00064821
-180.00 10.00 -0.000699
-175.00 10.00 -0.00061554
-170.00 10.00 -0.00122238
-165.00 10.00 -0.00183729
-160.00 10.00 -0.00213222
-155.00 10.00 -0.00235584
-150.00 10.00 -0.00207942
-145.00 10.00 -0.00090804
-140.00 10.00 0.00010731
-135.00 10.00 5.22e-06
-130.00 10.00 -0.00026778
-125.00 10.00 0.00030318
-120.00 10.00 0.00084033
-115.00 10.00 0.00040881
-110.00 10.00 -0.00023808
-105.00 10.00 -0.00032808
-100.00 10.00 -0.00021105
-95.00 10.00 0.00012489
-90.00 10.00 0.00114216
-85.00 10.00 0.0020055
-80.00 10.00 0.0014466
-75.00 10.00 0.00019041
-70.00 10.00 -0.00014538
-65.00 10.00 0.00017598
-60.00 10.00 -0.00010224
-55.00 10.00 -0.00077145
-50.00 10.00 -0.00093318
-45.00 10.00 -0.00076845
-40.00 10.00 -0.00064803
-35.00 10.00 -0.00022992
-30.00 10.00 0.00019365
-25.00 10.00 -0.00046452
-20.00 10.00 -0.00190626
-15.00 10.00 -0.00235707
-10.00 10.00 -0.00135729
-5.00 10.00 -0.00041481
0.00 10.00 -0.00045831
5.00 10.00 -0.00081405
10.00 10.00 -0.00097932
15.00 10.00 -0.00138732
20.00 10.00 -0.00211038
25.00 10.00 -0.00242778
30.00 10.00 -0.00196638
35.00 10.00 -0.00118797
40.00 10.00 -0.00066432
45.00 10.00 -0.00055134
50.00 10.00 -0.00065154
55.00 10.00 -0.00058752
60.00 10.00 -0.00017502
65.00 10.00 0.00025464
70.00 10.00 0.00034284
75.00 10.00 0.00037593
80.00 10.00 0.0007515
85.00 10.00 0.00105456
90.00 10.00 0.00068757
95.00 10.00 9.147e-05
100.00 10.00 7.848e-05
105.00 10.00 0.00036786
110.00 10.00 0.0002868
115.00 10.00 0.00032916
120.00 10.00 0.00116544
125.00 10.00 0.00183231
130.00 10.00 0.00110343
135.00 10.00 -0.00013566
140.00 10.00 -0.00027153
145.00 10.00 0.00022407
150.00 10.00 -0.00013092
155.00 10.00 -0.00105243
160.00 10.00 -0.00130533
165.00 10.00 -0.00105438
170.00 10.00 -0.00108414
175.00 10.00 -0.00108813
180.00 10.00 -0.000699
-180.00 15.00 -0.00060945
-175.00 15.00 -0.00069768
-170.00 15.00 -0.00142266
-165.00 15.00 -0.0018579
-160.00 15.00 -0.00165351
-155.00 15.00 -0.00141747
-150.00 15.00 -0.00113481
-145.00 15.00 -0.00049704
-140.00 15.00 -0.00022695
-135.00 15.00 -0.00080517
-130.00 15.00 -0.00104121
-125.00 15.00 -8.004e-05
-120.00 15.00 0.00084429
-115.00 15.00 0.00062847
-110.00 15.00 0.00017658
-105.00 15.00 0.000372
-100.00 15.00 0.00057822
-95.00 15.00 0.00049854
-90.00 15.00 0.00093675
-85.00 15.00 0.00175812
-80.00 15.00 0.00172212
-75.00 15.00 0.00084651
-70.00 15.00 0.00039921
-65.00 15.00 0.00053742
-60.00 15.00 0.00036201
-55.00 15.00 -0.00011319
-50.00 15.00 -0.00023682
-45.00 15.00 -0.00018456
-40.00 15.00 -0.00033948
-35.00 15.00 -0.00035676
-30.00 15.00 -0.00025704
-25.00 15.00 -0.00090597
-20.00 15.00 -0.00223755
-15.00 15.00 -0.00277806
-10.00 15.00 -0.00193038
-5.00 15.00 -0.00093033
0.00 15.00 -0.00077382
5.00 15.00 -0.00097839
10.00 15.00 -0.00099141
15.00 15.00 -0.00112701
20.00 15.00 -0.0015603
25.00 15.00 -0.00179418
30.00 15.00 -0.00154374
35.00 15.00 -0.00112623
40.00 15.00 -0.00083688
45.00 15.00 -0.00072348
50.00 15.00 -0.00085794
55.00 15.00 -0.00115749
60.00 15.00 -0.00118896
65.00 15.00 -0.00070152
70.00 15.00 -3.93e-05
75.00 15.00 0.00034707
80.00 15.00 0.00039711
85.00 15.00 0.0002544
90.00 15.00 7.443e-05
95.00 15.00 5.283e-05
100.00 15.00 0.00014988
105.00 15.00 4.194e-05
110.00 15.00 -0.00012474
115.00 15.00 0.00037176
120.00 15.00 0.00144699
125.00 15.00 0.00181221
130.00 15.00 0.0009474
135.00 15.00 6.567e-05
140.00 15.00 -4.788e-05
145.00 15.00 -0.00036126
150.00 15.00 -0.00139743
155.00 15.00 -0.00184767
160.00 15.00 -0.00097452
165.00 15.00 -0.00014583
170.00 15.00 -0.00039267
175.00 15.00 -0.00078411
180.00 15.00 -0.00060945
-180.00 20.00 -0.00106092
-175.00 20.00 -0.00108351
-170.00 20.00 -0.00176865
-165.00 20.00 -0.00207462
-160.00 20.00 -0.00146883
-155.00 20.00 -0.00071406
-150.00 20.00 -0.00031554
-145.00 20.00 -0.00015972
-140.00 20.00 -0.00043533
-135.00 20.00 -0.0010893
-130.00 20.00 -0.0011229
-125.00 20.00 -9.861e-05
-120.00 20.00 0.00083877
-115.00 20.00 0.00087636
-110.00 20.00 0.00081888
-105.00 20.00 0.0012111
-100.00 20.00 0.00121776
-95.00 20.00 0.00056124
-90.00 20.00 0.00039114
-85.00 20.00 0.00116091
-80.00 20.00 0.0017523
-75.00 20.00 0.00149313
-70.00 20.00 0.00105009
-65.00 20.00 0.00087636
-60.00 20.00 0.00063735
-55.00 20.00 0.00031737
-50.00 20.00 0.00025491
-45.00 20.00 0.00023892
-40.00 20.00 -8.781e-05
-35.00 20.00 -0.00044508
-30.00 20.00 -0.00061716
-25.00 20.00 -0.00106218
-20.00 20.00 -0.00187512
-15.00 20.00 -0.00222117
-10.00 20.00 -0.00165081
-5.00 20.00 -0.00088002
0.00 20.00 -0.00061176
5.00 20.00 -0.00068382
10.00 20.00 -0.00082611
15.00 20.00 -0.00113547
20.00 20.00 -0.00146538
25.00 20.00 -0.00137718
30.00 20.00 -0.00090402
35.00 20.00 -0.00049809
40.00 20.00 -0.00026181
45.00 20.00 -6.273e-05
50.00 20.00 -0.0001632
55.00 20.00 -0.00079548
60.00 20.00 -0.00134913
65.00 20.00 -0.00096828
70.00 20.00 0.00012801
75.00 20.00 0.00079773
80.00 20.00 0.00050076
85.00 20.00 -2.34e-05
90.00 20.00 0.00018249
95.00 20.00 0.00098058
100.00 20.00 0.00128949
105.00 20.00 0.0005766
110.00 20.00 -0.00026538
115.00 20.00 -0.00010302
120.00 20.00 0.00073479
125.00 20.00 0.00099768
130.00 20.00 0.00054963
135.00 20.00 0.00033084
140.00 20.00 0.00031464
145.00 20.00 -0.00048174
150.00 20.00 -0.00168552
155.00 20.00 -0.00163122
160.00 20.00 -0.0002925
165.00 20.00 0.00035067
170.00 20.00 -0.0004488
175.00 20.00 -0.00119646
180.00 20.00 -0.00106092
-180.00 25.00 -0.00132501
-175.00 25.00 -0.0013965
-170.00 25.00 -0.00213108
-165.00 25.00 -0.00257247
-160.00 25.00 -0.00195771
-155.00 25.00 -0.00086757
-150.00 25.00 -0.00011664
-145.00 25.00 9.963e-05
-140.00 25.00 -0.00015732
-135.00 25.00 -0.00059643
-130.00 25.00 -0.00058158
-125.00 25.00 5.721e-05
-120.00 25.00 0.00066546
-115.00 25.00 0.00092106
-110.00 25.00 0.00131715
-105.00 25.00 0.00185352
-100.00 25.00 0.00165933
-95.00 25.00 0.00066528
-90.00 25.00 0.00013959
-85.00 25.00 0.00077997
-80.00 25.00 0.00169887
-75.00 25.00 0.00194421
-70.00 25.00 0.00167019
-65.00 25.00 0.00131877
-60.00 25.00 0.00092214
-55.00 25.00 0.00058824
-50.00 25.00 0.00058026
-45.00 25.00 0.00070011
-40.00 25.00 0.00045717
-35.00 25.00 -0.00016584
-30.00 25.00 -0.00079146
-25.00 25.00 -0.0012417
-20.00 25.00 -0.00148545
-15.00 25.00 -0.00138543
-10.00 25.00 -0.00097752
-5.00 25.00 -0.00059661
0.00 25.00 -0.00043995
5.00 25.00 -0.00045057
10.00 25.00 -0.00067032
15.00 25.00 -0.00110709
20.00 25.00 -0.00133017
25.00 25.00 -0.00091629
30.00 25.00 -0.00018327
35.00 25.00 0.00025092
40.00 25.00 0.00041307
45.00 25.00 0.00066552
50.00 25.00 0.00075864
55.00 25.00 0.00020457
60.00 25.00 -0.00056802
65.00 25.00 -0.00054489
70.00 25.00 0.00029238
75.00 25.00 0.00076365
80.00 25.00 0.00022566
85.00 25.00 -0.00037446
90.00 25.00 0.00017787
95.00 25.00 0.00154764
100.00 25.00 0.00220695
105.00 25.00 0.00149976
110.00 25.00 0.00045564
115.00 25.00 0.00022323
120.00 25.00 0.00057042
125.00 25.00 0.00068349
130.00 25.00 0.00062547
135.00 25.00 0.00079935
140.00 25.00 0.00065283
145.00 25.00 -0.00044448
150.00 25.00 -0.00148335
155.00 25.00 -0.00093195
160.00 25.00 0.00060705
165.00 25.00 0.00098643
170.00 25.00 -0.00021894
175.00 25.00 -0.00128193
180.00 25.00 -0.00132501
-180.00 30.00 -0.00042813
-175.00 30.00 -0.00061509
-170.00 30.00 -0.00148221
-165.00 30.00 -0.00227439
-160.00 30.00 -0.00209304
-155.00 30.00 -0.00111003
-150.00 30.00 -9.291e-05
-145.00 30.00 0.00047118
-140.00 30.00 0.00049809
-135.00 30.00 0.00018615
-130.00 30.00 -8.802e-05
-125.00 30.00 -0.00012234
-120.00 30.00 -1.44e-06
-115.00 30.00 0.00030954
-110.00 30.00 0.00095241
-105.00 30.00 0.00155475
-100.00 30.00 0.00140724
-95.00 30.00 0.00059844
-90.00 30.00 0.0001485
-85.00 30.00 0.00063861
-80.00 30.00 0.00150048
-75.00 30.00 0.00197625
-70.00 30.00 0.00197172
-65.00 30.00 0.00168138
-60.00 30.00 0.00118602
-55.00 30.00 0.00073365
-50.00 30.00 0.00070095
-45.00 30.00 0.00096201
-40.00 30.00 0.00085287
-35.00 30.00 2.409e-05
-30.00 30.00 -0.00106152
-25.00 30.00 -0.00165066
-20.00 30.00 -0.00147264
-15.00 30.00 -0.00091308
-10.00 30.00 -0.00054531
-5.00 30.00 -0.00053649
0.00 30.00 -0.00058476
5.00 30.00 -0.00048861
10.00 30.00 -0.00048606
15.00 30.00 -0.00074991
20.00 30.00 -0.00091128
25.00 30.00 -0.00058731
30.00 30.00 -7.248e-05
35.00 30.00 0.00011493
40.00 30.00 0.00010839
45.00 30.00 0.00039039
50.00 30.00 0.00080664
55.00 30.00 0.00072276
60.00 30.00 0.00014589
65.00 30.00 -0.00017751
70.00 30.00 3.708e-05
75.00 30.00 0.0001431
80.00 30.00 -0.00030285
85.00 30.00 -0.00064569
90.00 30.00 -1.995e-05
95.00 30.00 0.00128994
100.00 30.00 0.00213117
105.00 30.00 0.00199614
110.00 30.00 0.001506
115.00 30.00 0.00131043
120.00 30.00 0.00130854
125.00 30.00 0.00128589
130.00 30.00 0.00146202
135.00 30.00 0.0017478
140.00 30.00 0.00129819
145.00 30.00 -0.0001782
150.00 30.00 -0.00135246
155.00 30.00 -0.00082899
160.00 30.00 0.0006927
165.00 30.00 0.00127503
170.00 30.00 0.0004845
175.00 30.00 -0.00032991
180.00 30.00 -0.00042813
-180.00 35.00 0.00072129
-175.00 35.00 0.00057981
-170.00 35.00 -0.00014778
-165.00 35.00 -0.00098271
-160.00 35.00 -0.00115818
-155.00 35.00 -0.00054009
-150.00 35.00 0.00038091
-145.00 35.00 0.00105858
-140.00 35.00 0.00121527
-135.00 35.00 0.00087174
-130.00 35.00 0.00026883
-125.00 35.00 -0.00030141
-120.00 35.00 -0.00061431
-115.00 35.00 -0.0005154
-110.00 35.00 -4.008e-05
-105.00 35.00 0.00043224
-100.00 35.00 0.00047103
-95.00 35.00 0.00015066
-90.00 35.00 -3.99e-06
-85.00 35.00 0.00029346
-80.00 35.00 0.00080427
-75.00 35.00 0.00120669
-70.00 35.00 0.00140244
-65.00 35.00 0.00131967
-60.00 35.00 0.00089163
-55.00 35.00 0.00037803
-50.00 35.00 0.00024765
-45.00 35.00 0.00051024
-40.00 35.00 0.00054231
-35.00 35.00 -0.00012699
-30.00 35.00 -0.00110487
-25.00 35.00 -0.00152979
-20.00 35.00 -0.00109959
-15.00 35.00 -0.00042294
-10.00 35.00 -0.00026367
-5.00 35.00 -0.00064233
0.00 35.00 -0.00092778
5.00 35.00 -0.0007422
10.00 35.00 -0.00040347
15.00 35.00 -0.00033921
20.00 35.00 -0.00046068
25.00 35.00 -0.00045456
30.00 35.00 -0.00037644
35.00 35.00 -0.00046983
40.00 35.00 -0.00058089
45.00 35.00 -0.00031167
50.00 35.00 0.00026664
55.00 35.00 0.00059535
60.00 35.00 0.00042567
65.00 35.00 0.00015159
70.00 35.00 0.00016209
75.00 35.00 0.00030318
80.00 35.00 0.00027789
85.00 35.00 0.00022128
90.00 35.00 0.00048024
95.00 35.00 0.00102564
100.00 35.00 0.00149295
105.00 35.00 0.0017127
110.00 35.00 0.00180921
115.00 35.00 0.00183105
120.00 35.00 0.00174189
125.00 35.00 0.00178806
130.00 35.00 0.00228159
135.00 35.00 0.00281619
140.00 35.00 0.00237897
145.00 35.00 0.00074874
150.00 35.00 -0.00079869
155.00 35.00 -0.000909
160.00 35.00 0.00013497
165.00 35.00 0.00093525
170.00 35.00 0.00090345
175.00 35.00 0.00067881
180.00 35.00 0.00072129
-180.00 40.00 0.00095673
-175.00 40.00 0.00087111
-170.00 40.00 0.0005949
-165.00 40.00 0.00027447
-160.00 40.00 0.00024189
-155.00 40.00 0.00060018
-150.00 40.00 0.00112686
-145.00 40.00 0.00150492
-140.00 40.00 0.00153585
-135.00 40.00 0.00120072
-130.00 40.00 0.00062766
-125.00 40.00 1.461e-05
-120.00 40.00 -0.00044649
-115.00 40.00 -0.00062295
-110.00 40.00 -0.00050469
-105.00 40.00 -0.0002337
-100.00 40.00 4.38e-06
-95.00 40.00 0.00013743
-90.00 40.00 0.00019986
-85.00 40.00 0.00021624
-80.00 40.00 0.00021252
-75.00 40.00 0.00028605
-70.00 40.00 0.00047526
-65.00 40.00 0.00058644
-60.00 40.00 0.00038331
-55.00 40.00 -2.355e-05
-50.00 40.00 -0.00023079
-45.00 40.00 -8.496e-05
-40.00 40.00 7.086e-05
-35.00 40.00 -0.00012096
-30.00 40.00 -0.00048504
-25.00 40.00 -0.00052497
-20.00 40.00 -0.00015003
-15.00 40.00 0.0001035
-10.00 40.00 -0.00027312
-5.00 40.00 -0.00106371
0.00 40.00 -0.00152706
5.00 40.00 -0.0012567
10.00 40.00 -0.00058953
15.00 40.00 -0.00010122
20.00 40.00 3.75e-05
25.00 40.00 2.022e-05
30.00 40.00 -4.029e-05
35.00 40.00 -0.00018993
40.00 40.00 -0.0003477
45.00 40.00 -0.00029052
50.00 40.00 8.73e-06
55.00 40.00 0.0002946
60.00 40.00 0.00040278
65.00 40.00 0.00051426
70.00 40.00 0.00087834
75.00 40.00 0.00142017
80.00 40.00 0.00179301
85.00 40.00 0.00175605
90.00 40.00 0.00137904
95.00 40.00 0.00093657
100.00 40.00 0.00071124
105.00 40.00 0.0008214
110.00 40.00 0.00110478
115.00 40.00 0.00124968
120.00 40.00 0.00120975
125.00 40.00 0.00138288
130.00 40.00 0.00208314
135.00 40.00 0.00286458
140.00 40.00 0.00279684
145.00 40.00 0.00161439
150.00 40.00 0.00022872
155.00 40.00 -0.00024735
160.00 40.00 0.0002616
165.00 40.00 0.0009162
170.00 40.00 0.00111642
175.00 40.00 0.00102108
180.00 40.00 0.00095673
-180.00 45.00 0.00086976
-175.00 45.00 0.00067029
-170.00 45.00 0.00075897
-165.00 45.00 0.00101388
-160.00 45.00 0.00129303
-155.00 45.00 0.00147501
-150.00 45.00 0.00149076
-145.00 45.00 0.00135591
-140.00 45.00 0.0011454
-135.00 45.00 0.00092187
-130.00 45.00 0.00068997
-125.00 45.00 0.00041808
-120.00 45.00 0.00010728
-115.00 45.00 -0.00015585
-110.00 45.00 -0.00022599
-105.00 45.00 -5.7e-06
-100.00 45.00 0.0004491
-95.00 45.00 0.00091665
-90.00 45.00 0.00112557
-85.00 45.00 0.00095523
-80.00 45.00 0.00056955
-75.00 45.00 0.00030537
-70.00 45.00 0.00034941
-65.00 45.00 0.00054045
-60.00 45.00 0.00056583
-55.00 45.00 0.00033705
-50.00 45.00 6.801e-05
-45.00 45.00 -2.655e-05
-40.00 45.00 2.4e-05
-35.00 45.00 7.611e-05
-30.00 45.00 0.00011913
-25.00 45.00 0.00022311
-20.00 45.00 0.00027096
-15.00 45.00 -4.791e-05
-10.00 45.00 -0.00084531
-5.00 45.00 -0.00173154
0.00 45.00 -0.0020796
5.00 45.00 -0.00162423
10.00 45.00 -0.00070182
15.00 45.00 0.00012873
20.00 45.00 0.00059016
25.00 45.00 0.00075672
30.00 45.00 0.0007647
35.00 45.00 0.00063798
40.00 45.00 0.00038562
45.00 45.00 0.00010302
50.00 45.00 -9.807e-05
55.00 45.00 -0.00016734
60.00 45.00 -5.583e-05
65.00 45.00 0.00033726
70.00 45.00 0.00104052
75.00 45.00 0.00183672
80.00 45.00 0.0023085
85.00 45.00 0.00213333
90.00 45.00 0.00136752
95.00 45.00 0.00045225
100.00 45.00 -8.946e-05
105.00 45.00 -4.629e-05
110.00 45.00 0.00033408
115.00 45.00 0.00062559
120.00 45.00 0.00069072
125.00 45.00 0.0008013
130.00 45.00 0.0012141
135.00 45.00 0.0017154
140.00 45.00 0.00179319
145.00 45.00 0.00129963
150.00 45.00 0.00073389
155.00 45.00 0.00070509
160.00 45.00 0.00122841
165.00 45.00 0.00173895
170.00 45.00 0.00175371
175.00 45.00 0.00133017
180.00 45.00 0.00086976
-180.00 50.00 0.00118488
-175.00 50.00 0.00090432
-170.00 50.00 0.00107643
-165.00 50.00 0.00148371
-160.00 50.00 0.00177804
-155.00 50.00 0.00172389
-150.00 50.00 0.00133398
-145.00 50.00 0.00083007
-140.00 50.00 0.0004695
-135.00 50.00 0.00036468
-130.00 50.00 0.00042252
-125.00 50.00 0.00044163
-120.00 50.00 0.00029157
-115.00 50.00 3.777e-05
-110.00 50.00 -9.084e-05
-105.00 50.00 0.00011781
-100.00 50.00 0.00066261
-95.00 50.00 0.0012825
-90.00 50.00 0.00162495
-85.00 50.00 0.0015174
-80.00 50.00 0.00111282
-75.00 50.00 0.00075909
-70.00 50.00 0.00069282
-65.00 50.00 0.00084645
-60.00 50.00 0.00095364
-55.00 50.00 0.00082485
-50.00 50.00 0.00049827
-45.00 50.00 0.0001491
-40.00 50.00 -8.445e-05
-35.00 50.00 -0.00016866
-30.00 50.00 -0.00014436
-25.00 50.00 -0.00011358
-20.00 50.00 -0.00023817
-15.00 50.00 -0.0006441
-10.00 50.00 -0.00125079
-5.00 50.00 -0.00173097
0.00 50.00 -0.00173343
5.00 50.00 -0.00119109
10.00 50.00 -0.00039045
15.00 50.00 0.0002793
20.00 50.00 0.00062631
25.00 50.00 0.00071034
30.00 50.00 0.00066456
35.00 50.00 0.00053607
40.00 50.00 0.00029853
45.00 50.00 -4.437e-05
50.00 50.00 -0.00040704
55.00 50.00 -0.00064767
60.00 50.00 -0.00062139
65.00 50.00 -0.00024642
70.00 50.00 0.00041217
75.00 50.00 0.00110025
80.00 50.00 0.00146571
85.00 50.00 0.0012789
90.00 50.00 0.00062853
95.00 50.00 -9.093e-05
100.00 50.00 -0.00043599
105.00 50.00 -0.00023256
110.00 50.00 0.00031296
115.00 50.00 0.00081786
120.00 50.00 0.00104922
125.00 50.00 0.00105045
130.00 50.00 0.0009708
135.00 50.00 0.00085098
140.00 50.00 0.00065244
145.00 50.00 0.0004653
150.00 50.00 0.00055158
155.00 50.00 0.00108111
160.00 50.00 0.00185637
165.00 50.00 0.00239886
170.00 50.00 0.0023553
175.00 50.00 0.00180738
180.00 50.00 0.00118488
-180.00 55.00 0.00124539
-175.00 55.00 0.00110634
-170.00 55.00 0.00127974
-165.00 55.00 0.00158271
-160.00 55.00 0.0017334
-155.00 55.00 0.00156096
-150.00 55.00 0.00112176
-145.00 55.00 0.00064707
-140.00 55.00 0.00037017
-135.00 55.00 0.00036225
-130.00 55.00 0.0004935
-125.00 55.00 0.00054285
-120.00 55.00 0.00037374
-115.00 55.00 4.638e-05
-110.00 55.00 -0.00022005
-105.00 55.00 -0.00021195
-100.00 55.00 0.00010773
-95.00 55.00 0.00055794
-90.00 55.00 0.00086751
-85.00 55.00 0.00087699
-80.00 55.00 0.00064968
-75.00 55.00 0.00040026
-70.00 55.00 0.0003063
-65.00 55.00 0.00036948
-60.00 55.00 0.00044031
-55.00 55.00 0.00036333
-50.00 55.00 0.00010287
-45.00 55.00 -0.00024663
-40.00 55.00 -0.00054327
-35.00 55.00 -0.00068964
-30.00 55.00 -0.00067893
-25.00 55.00 -0.00058845
-20.00 55.00 -0.00052839
-15.00 55.00 -0.0005625
-10.00 55.00 -0.00064941
-5.00 55.00 -0.00066768
0.00 55.00 -0.00052569
5.00 55.00 -0.00026265
10.00 55.00 -3.33e-05
15.00 55.00 2.157e-05
20.00 55.00 -0.00010476
25.00 55.00 -0.00028983
30.00 55.00 -0.00039891
35.00 55.00 -0.00039423
40.00 55.00 -0.00034251
45.00 55.00 -0.00033372
50.00 55.00 -0.00039402
55.00 55.00 -0.00045783
60.00 55.00 -0.00040845
65.00 55.00 -0.00015906
70.00 55.00 0.00027027
75.00 55.00 0.00073011
80.00 55.00 0.00100755
85.00 55.00 0.00095889
90.00 55.00 0.00062379
95.00 55.00 0.00022509
100.00 55.00 3.498e-05
105.00 55.00 0.00019749
110.00 55.00 0.00064275
115.00 55.00 0.00115374
120.00 55.00 0.00151617
125.00 55.00 0.00162297
130.00 55.00 0.00147828
135.00 55.00 0.00115743
140.00 55.00 0.00079404
145.00 55.00 0.00057495
150.00 55.00 0.00066891
155.00 55.00 0.00109356
160.00 55.00 0.00164622
165.00 55.00 0.00200979
170.00 55.00 0.00198132
175.00 55.00 0.00163071
180.00 55.00 0.00124539
-180.00 60.00 0.00065718
-175.00 60.00 0.00073686
-170.00 60.00 0.0009756
-165.00 60.00 0.00125082
-160.00 60.00 0.00141291
-155.00 60.00 0.00138822
-150.00 60.00 0.0012273
-145.00 60.00 0.00106359
-140.00 60.00 0.00101259
-135.00 60.00 0.00108528
-130.00 60.00 0.00117861
-125.00 60.00 0.00114933
-120.00 60.00 0.00091965
-115.00 60.00 0.00053832
-110.00 60.00 0.00015393
-105.00 60.00 -8.247e-05
-100.00 60.00 -0.00011607
-95.00 60.00 -1.803e-05
-90.00 60.00 7.398e-05
-85.00 60.00 5.712e-05
-80.00 60.00 -7.089e-05
-75.00 60.00 -0.00022806
-70.00 60.00 -0.00032547
-65.00 60.00 -0.0003378
-60.00 60.00 -0.00031281
-55.00 60.00 -0.00032136
-50.00 60.00 -0.00039648
-45.00 60.00 -0.00050874
-40.00 60.00 -0.0005895
-35.00 60.00 -0.00057696
-30.00 60.00 -0.00045261
-25.00 60.00 -0.00024837
-20.00 60.00 -2.466e-05
-15.00 60.00 0.00016314
-10.00 60.00 0.00028638
-5.00 60.00 0.00033735
0.00 60.00 0.0003063
5.00 60.00 0.00017034
10.00 60.00 -8.454e-05
15.00 60.00 -0.0004239
20.00 60.00 -0.0007491
25.00 60.00 -0.00093408
30.00 60.00 -0.00089604
35.00 60.00 -0.0006483
40.00 60.00 -0.00029406
45.00 60.00 3.567e-05
50.00 60.00 0.00025758
55.00 60.00 0.00037758
60.00 60.00 0.00047556
65.00 60.00 0.00064545
70.00 60.00 0.00092586
75.00 60.00 0.00126381
80.00 60.00 0.00153654
85.00 60.00 0.00162168
90.00 60.00 0.00147414
95.00 60.00 0.00115953
100.00 60.00 0.00082194
105.00 60.00 0.00060864
110.00 60.00 0.00059952
115.00 60.00 0.00078066
120.00 60.00 0.00106494
125.00 60.00 0.00133737
130.00 60.00 0.00150126
135.00 60.00 0.00151398
140.00 60.00 0.00140349
145.00 60.00 0.00125277
150.00 60.00 0.00114873
155.00 60.00 0.00112179
160.00 60.00 0.00112398
165.00 60.00 0.00107253
170.00 60.00 0.00092988
175.00 60.00 0.00075183
180.00 60.00 0.00065718
-180.00 65.00 0.00030393
-175.00 65.00 0.00051123
-170.00 65.00 0.0008052
-165.00 65.00 0.00110961
-160.00 65.00 0.0013536
-155.00 65.00 0.00150573
-150.00 65.00 0.00158409
-145.00 65.00 0.00163518
-140.00 65.00 0.00169485
-135.00 65.00 0.00175899
-130.00 65.00 0.00178356
-125.00 65.00 0.0017151
-120.00 65.00 0.0015306
-115.00 65.00 0.00125922
-110.00 65.00 0.00097059
-105.00 65.00 0.00073704
-100.00 65.00 0.00059487
-95.00 65.00 0.00052968
-90.00 65.00 0.00049377
-85.00 65.00 0.00044133
-80.00 65.00 0.00035619
-75.00 65.00 0.00025506
-70.00 65.00 0.0001683
-65.00 65.00 0.00011574
-60.00 65.00 9.555e-05
-55.00 65.00 9.147e-05
-50.00 65.00 8.907e-05
-45.00 65.00 8.745e-05
-40.00 65.00 9.816e-05
-35.00 65.00 0.00013461
-30.00 65.00 0.00019989
-25.00 65.00 0.00028176
-20.00 65.00 0.00035616
-15.00 65.00 0.00039621
-10.00 65.00 0.00038031
-5.00 65.00 0.0002967
0.00 65.00 0.00014568
5.00 65.00 -5.7e-05
10.00 65.00 -0.00027549
15.00 65.00 -0.00045414
20.00 65.00 -0.00053022
25.00 65.00 -0.00045882
30.00 65.00 -0.00023859
35.00 65.00 7.872e-05
40.00 65.00 0.00040584
45.00 65.00 0.00065895
50.00 65.00 0.000798
55.00 65.00 0.00084666
60.00 65.00 0.00087861
65.00 65.00 0.00097677
70.00 65.00 0.00118482
75.00 65.00 0.00147732
80.00 65.00 0.00176415
85.00 65.00 0.00192924
90.00 65.00 0.00188448
95.00 65.00 0.00161247
100.00 65.00 0.00117774
105.00 65.00 0.00070221
110.00 65.00 0.00031842
115.00 65.00 0.00012144
120.00 65.00 0.00013926
125.00 65.00 0.00033021
130.00 65.00 0.0006057
135.00 65.00 0.00086667
140.00 65.00 0.0010377
145.00 65.00 0.00108528
150.00 65.00 0.00101547
155.00 65.00 0.00085854
160.00 65.00 0.00065454
165.00 65.00 0.0004482
170.00 65.00 0.00028962
175.00 65.00 0.00022971
180.00 65.00 0.00030393
-180.00 70.00 0.00071373
-175.00 70.00 0.00095769
-170.00 70.00 0.00122415
-165.00 70.00 0.00147282
-160.00 70.00 0.00167019
-155.00 70.00 0.00179952
-150.00 70.00 0.00186291
-145.00 70.00 0.00187488
-140.00 70.00 0.0018519
-135.00 70.00 0.00180408
-130.00 70.00 0.00173403
-125.00 70.00 0.00164202
-120.00 70.00 0.00153375
-115.00 70.00 0.0014238
-110.00 70.00 0.00133251
-105.00 70.00 0.0012771
-100.00 70.00 0.00126342
-95.00 70.00 0.00128256
-90.00 70.00 0.00131514
-85.00 70.00 0.00134004
-80.00 70.00 0.00134256
-75.00 70.00 0.00131784
-70.00 70.00 0.00126894
-65.00 70.00 0.00120153
-60.00 70.00 0.00111966
-55.00 70.00 0.00102417
-50.00 70.00 0.00091413
-45.00 70.00 0.00078921
-40.00 70.00 0.00065136
-35.00 70.00 0.00050481
-30.00 70.00 0.00035502
-25.00 70.00 0.00020772
-20.00 70.00 6.846e-05
-15.00 70.00 -5.685e-05
-10.00 70.00 -0.00016137
-5.00 70.00 -0.00023676
0.00 70.00 -0.00027339
5.00 70.00 -0.00026133
10.00 70.00 -0.00019245
15.00 70.00 -6.393e-05
20.00 70.00 0.00011709
25.00 70.00 0.00032997
30.00 70.00 0.00054066
35.00 70.00 0.00070848
40.00 70.00 0.00079881
45.00 70.00 0.00079803
50.00 70.00 0.00072339
55.00 70.00 0.00062172
60.00 70.00 0.00055515
65.00 70.00 0.00057762
70.00 70.00 0.00071151
75.00 70.00 0.00093471
80.00 70.00 0.00118419
85.00 70.00 0.00137661
90.00 70.00 0.00143754
95.00 70.00 0.00132876
100.00 70.00 0.00106242
105.00 70.00 0.00069711
110.00 70.00 0.00031785
115.00 70.00 8.28e-06
120.00 70.00 -0.00017475
125.00 70.00 -0.00021522
130.00 70.00 -0.0001371
135.00 70.00 9.21e-06
140.00 70.00 0.00016674
145.00 70.00 0.00029043
150.00 70.00 0.00035868
155.00 70.00 0.00037575
160.00 70.00 0.0003666
165.00 70.00 0.00036708
170.00 70.00 0.00041235
175.00 70.00 0.00052632
180.00 70.00 0.00071373
-180.00 75.00 0.00126675
-175.00 75.00 0.00145734
-170.00 75.00 0.00162264
-165.00 75.00 0.00174621
-160.00 75.00 0.00181614
-155.00 75.00 0.00182769
-150.00 75.00 0.00178392
-145.00 75.00 0.00169479
-140.00 75.00 0.00157479
-135.00 75.00 0.00144033
-130.00 75.00 0.00130761
-125.00 75.00 0.00119094
-120.00 75.00 0.00110199
-115.00 75.00 0.00104886
-110.00 75.00 0.00103527
-105.00 75.00 0.00105993
-100.00 75.00 0.00111615
-95.00 75.00 0.00119256
-90.00 75.00 0.0012747
-85.00 75.00 0.00134748
-80.00 75.00 0.00139758
-75.00 75.00 0.00141501
-70.00 75.00 0.00139386
-65.00 75.00 0.00133191
-60.00 75.00 0.00123006
-55.00 75.00 0.00109155
-50.00 75.00 0.00092157
-45.00 75.00 0.00072741
-40.00 75.00 0.00051849
-35.00 75.00 0.00030624
-30.00 75.00 0.00010386
-25.00 75.00 -7.473e-05
-20.00 75.00 -0.00021585
-15.00 75.00 -0.00030762
-10.00 75.00 -0.00034131
-5.00 75.00 -0.00031278
0.00 75.00 -0.00022362
5.00 75.00 -8.19e-05
10.00 75.00 9.783e-05
15.00 75.00 0.00029541
20.00 75.00 0.0004869
25.00 75.00 0.00064782
30.00 75.00 0.00075714
35.00 75.00 0.00080184
40.00 75.00 0.00078075
45.00 75.00 0.00070644
50.00 75.00 0.00060405
55.00 75.00 0.00050625
60.00 75.00 0.00044553
65.00 75.00 0.00044526
70.00 75.00 0.00051267
75.00 75.00 0.00063579
80.00 75.00 0.00078594
85.00 75.00 0.00092517
90.00 75.00 0.00101673
95.00 75.00 0.00103503
100.00 75.00 0.00097212
105.00 75.00 0.00083919
110.00 75.00 0.00066228
115.00 75.00 0.00047463
120.00 75.00 0.0003078
125.00 75.00 0.00018489
130.00 75.00 0.00011691
135.00 75.00 0.00010338
140.00 75.00 0.00013614
145.00 75.00 0.00020418
150.00 75.00 0.00029805
155.00 75.00 0.00041259
160.00 75.00 0.00054672
165.00 75.00 0.00070143
170.00 75.00 0.00087663
175.00 75.00 0.0010683
180.00 75.00 0.00126675
-180.00 80.00 0.00143931
-175.00 80.00 0.00150351
-170.00 80.00 0.00154482
-165.00 80.00 0.00155862
-160.00 80.00 0.00154251
-155.00 80.00 0.00149673
-150.00 80.00 0.00142428
-145.00 80.00 0.00133062
-140.00 80.00 0.00122307
-135.00 80.00 0.00110982
-130.00 80.00 0.00099924
-125.00 80.00 0.00089904
-120.00 80.00 0.00081534
-115.00 80.00 0.0007521
-110.00 80.00 0.00071079
-105.00 80.00 0.00069045
-100.00 80.00 0.00068775
-95.00 80.00 0.00069765
-90.00 80.00 0.00071379
-85.00 80.00 0.00072945
-80.00 80.00 0.00073818
-75.00 80.00 0.00073464
-70.00 80.00 0.0007149
-65.00 80.00 0.00067686
-60.00 80.00 0.00062046
-55.00 80.00 0.00054762
-50.00 80.00 0.00046215
-45.00 80.00 0.00036936
-40.00 80.00 0.00027579
-35.00 80.00 0.00018867
-30.00 80.00 0.00011526
-25.00 80.00 6.24e-05
-20.00 80.00 3.555e-05
-15.00 80.00 3.834e-05
-10.00 80.00 7.194e-05
-5.00 80.00 0.00013482
0.00 80.00 0.00022269
5.00 80.00 0.00032877
10.00 80.00 0.00044436
15.00 80.00 0.00055986
20.00 80.00 0.00066606
25.00 80.00 0.00075516
30.00 80.00 0.000822
35.00 80.00 0.00086496
40.00 80.00 0.0008862
45.00 80.00 0.00089136
50.00 80.00 0.00088848
55.00 80.00 0.00088644
60.00 80.00 0.00089313
65.00 80.00 0.00091395
70.00 80.00 0.00095049
75.00 80.00 0.00100008
80.00 80.00 0.00105648
85.00 80.00 0.00111129
90.00 80.00 0.00115575
95.00 80.00 0.00118251
100.00 80.00 0.00118719
105.00 80.00 0.00116919
110.00 80.00 0.00113172
115.00 80.00 0.00108105
120.00 80.00 0.00102513
125.00 80.00 0.0009723
130.00 80.00 0.00093018
135.00 80.00 0.00090471
140.00 80.00 0.00089973
145.00 80.00 0.00091692
150.00 80.00 0.00095604
155.00 80.00 0.00101499
160.00 80.00 0.00109023
165.00 80.00 0.00117678
170.00 80.00 0.00126858
175.00 80.00 0.00135858
180.00 80.00 0.00143931
-180.00 85.00 0.00135015
-175.00 85.00 0.00133353
-170.00 85.00 0.00131184
-165.00 85.00 0.00128481
-160.00 85.00 0.00125208
-155.00 85.00 0.00121356
-150.00 85.00 0.00116982
-145.00 85.00 0.00112209
-140.00 85.00 0.00107193
-135.00 85.00 0.00102072
-130.00 85.00 0.00096948
-125.00 85.00 0.00091908
-120.00 85.00 0.0008706
-115.00 85.00 0.00082527
-110.00 85.00 0.00078408
-105.00 85.00 0.00074745
-100.00 85.00 0.00071514
-95.00 85.00 0.00068655
-90.00 85.00 0.00066129
-85.00 85.00 0.00063915
-80.00 85.00 0.00062004
-75.00 85.00 0.00060348
-70.00 85.00 0.00058881
-65.00 85.00 0.00057549
-60.00 85.00 0.00056349
-55.00 85.00 0.00055338
-50.00 85.00 0.00054609
-45.00 85.00 0.00054219
-40.00 85.00 0.00054216
-35.00 85.00 0.00054636
-30.00 85.00 0.00055548
-25.00 85.00 0.00057042
-20.00 85.00 0.00059184
-15.00 85.00 0.0006198
-10.00 85.00 0.0006537
-5.00 85.00 0.00069264
0.00 85.00 0.00073566
5.00 85.00 0.00078204
10.00 85.00 0.00083082
15.00 85.00 0.00088077
20.00 85.00 0.00093039
25.00 85.00 0.0009783
30.00 85.00 0.00102369
35.00 85.00 0.00106635
40.00 85.00 0.0011064
45.00 85.00 0.0011439
50.00 85.00 0.00117879
55.00 85.00 0.00121101
60.00 85.00 0.00124083
65.00 85.00 0.00126873
70.00 85.00 0.0012951
75.00 85.00 0.00131982
80.00 85.00 0.00134238
85.00 85.00 0.00136203
90.00 85.00 0.00137829
95.00 85.00 0.0013911
100.00 85.00 0.00140061
105.00 85.00 0.00140685
110.00 85.00 0.00140982
115.00 85.00 0.00140961
120.00 85.00 0.00140679
125.00 85.00 0.00140241
130.00 85.00 0.00139752
135.00 85.00 0.00139296
140.00 85.00 0.00138894
145.00 85.00 0.00138543
150.00 85.00 0.00138234
155.00 85.00 0.00137964
160.00 85.00 0.00137721
165.00 85.00 0.0013743
170.00 85.00 0.00136971
175.00 85.00 0.00136203
180.00 85.00 0.00135015
-180.00 90.00 0.00112935
-175.00 90.00 0.00112935
-170.00 90.00 0.00112935
-165.00 90.00 0.00112935
-160.00 90.00 0.00112935
-155.00 90.00 0.00112935
-150.00 90.00 0.00112935
-145.00 90.00 0.00112935
-140.00 90.00 0.00112935
-135.00 90.00 0.00112935
-130.00 90.00 0.00112935
-125.00 90.00 0.00112935
-120.00 90.00 0.00112935
-115.00 90.00 0.00112935
-110.00 90.00 0.00112935
-105.00 90.00 0.00112935
-100.00 90.00 0.00112935
-95.00 90.00 0.00112935
-90.00 90.00 0.00112935
-85.00 90.00 0.00112935
-80.00 90.00 0.00112935
-75.00 90.00 0.00112935
-70.00 90.00 0.00112935
-65.00 90.00 0.00112935
-60.00 90.00 0.00112935
-55.00 90.00 0.00112935
-50.00 90.00 0.00112935
-45.00 90.00 0.00112935
-40.00 90.00 0.00112935
-35.00 90.00 0.00112935
-30.00 90.00 0.00112935
-25.00 90.00 0.00112935
-20.00 90.00 0.00112935
-15.00 90.00 0.00112935
-10.00 90.00 0.00112935
-5.00 90.00 0.00112935
0.00 90.00 0.00112935
5.00 90.00 0.00112935
10.00 90.00 0.00112935
15.00 90.00 0.00112935
20.00 90.00 0.00112935
25.00 90.00 0.00112935
30.00 90.00 0.00112935
35.00 90.00 0.00112935
40.00 90.00 0.00112935
45.00 90.00 0.00112935
50.00 90.00 0.00112935
55.00 90.00 0.00112935
60.00 90.00 0.00112935
65.00 90.00 0.00112935
70.00 90.00 0.00112935
75.00 90.00 0.00112935
80.00 90.00 0.00112935
85.00 90.00 0.00112935
90.00 90.00 0.00112935
95.00 90.00 0.00112935
100.00 90.00 0.00112935
105.00 90.00 0.00112935
110.00 90.00 0.00112935
115.00 90.00 0.00112935
120.00 90.00 0.00112935
125.00 90.00 0.00112935
130.00 90.00 0.00112935
135.00 90.00 0.00112935
140.00 90.00 0.00112935
145.00 90.00 0.00112935
150.00 90.00 0.00112935
155.00 90.00 0.00112935
160.00 90.00 0.00112935
165.00 90.00 0.00112935
170.00 90.00 0.00112935
175.00 90.00 0.00112935
180.00 90.00 0.00112935
