-180.00 -90.00 0.0044968
-175.00 -90.00 0.0044969
-170.00 -90.00 0.004497
-165.00 -90.00 0.004497
-160.00 -90.00 0.0044969
-155.00 -90.00 0.0044968
-150.00 -90.00 0.0044966
-145.00 -90.00 0.0044965
-140.00 -90.00 0.0044962
-135.00 -90.00 0.004496
-130.00 -90.00 0.0044957
-125.00 -90.00 0.0044954
-120.00 -90.00 0.0044951
-115.00 -90.00 0.0044949
-110.00 -90.00 0.0044946
-105.00 -90.00 0.0044944
-100.00 -90.00 0.0044942
-95.00 -90.00 0.004494
-90.00 -90.00 0.0044939
-85.00 -90.00 0.0044938
-80.00 -90.00 0.0044937
-75.00 -90.00 0.0044937
-70.00 -90.00 0.0044938
-65.00 -90.00 0.0044939
-60.00 -90.00 0.004494
-55.00 -90.00 0.0044942
-50.00 -90.00 0.0044945
-45.00 -90.00 0.0044947
-40.00 -90.00 0.004495
-35.00 -90.00 0.0044953
-30.00 -90.00 0.0044955
-25.00 -90.00 0.0044958
-20.00 -90.00 0.0044961
-15.00 -90.00 0.0044963
-10.00 -90.00 0.0044965
-5.00 -90.00 0.0044967
0.00 -90.00 0.0044968
5.00 -90.00 0.0044969
10.00 -90.00 0.004497
15.00 -90.00 0.004497
20.00 -90.00 0.0044969
25.00 -90.00 0.0044968
30.00 -90.00 0.0044966
35.00 -90.00 0.0044965
40.00 -90.00 0.0044962
45.00 -90.00 0.004496
50.00 -90.00 0.0044957
55.00 -90.00 0.0044954
60.00 -90.00 0.0044952
65.00 -90.00 0.0044949
70.00 -90.00 0.0044946
75.00 -90.00 0.0044944
80.00 -90.00 0.0044942
85.00 -90.00 0.004494
90.00 -90.00 0.0044939
95.00 -90.00 0.0044938
100.00 -90.00 0.0044937
105.00 -90.00 0.0044937
110.00 -90.00 0.0044938
115.00 -90.00 0.0044939
120.00 -90.00 0.0044941
125.00 -90.00 0.0044942
130.00 -90.00 0.0044945
135.00 -90.00 0.0044947
140.00 -90.00 0.004495
145.00 -90.00 0.0044953
150.00 -90.00 0.0044955
155.00 -90.00 0.0044958
160.00 -90.00 0.0044961
165.00 -90.00 0.0044963
170.00 -90.00 0.0044965
175.00 -90.00 0.0044967
180.00 -90.00 0.0044968
-180.00 -85.00 0.0050932
-175.00 -85.00 0.0049671
-170.00 -85.00 0.0048243
-165.00 -85.00 0.0046638
-160.00 -85.00 0.0044856
-155.00 -85.00 0.004291
-150.00 -85.00 0.0040823
-145.00 -85.00 0.0038624
-140.00 -85.00 0.0036349
-135.00 -85.00 0.0034032
-130.00 -85.00 0.0031707
-125.00 -85.00 0.0029403
-120.00 -85.00 0.0027151
-115.00 -85.00 0.0024978
-110.00 -85.00 0.0022906
-105.00 -85.00 0.0020956
-100.00 -85.00 0.0019148
-95.00 -85.00 0.0017501
-90.00 -85.00 0.0016044
-85.00 -85.00 0.0014807
-80.00 -85.00 0.0013821
-75.00 -85.00 0.0013115
-70.00 -85.00 0.0012719
-65.00 -85.00 0.0012659
-60.00 -85.00 0.0012961
-55.00 -85.00 0.0013642
-50.00 -85.00 0.0014707
-45.00 -85.00 0.0016152
-40.00 -85.00 0.0017961
-35.00 -85.00 0.0020113
-30.00 -85.00 0.0022579
-25.00 -85.00 0.0025323
-20.00 -85.00 0.0028304
-15.00 -85.00 0.0031478
-10.00 -85.00 0.0034802
-5.00 -85.00 0.003823
0.00 -85.00 0.004172
5.00 -85.00 0.0045229
10.00 -85.00 0.0048715
15.00 -85.00 0.0052137
20.00 -85.00 0.0055452
25.00 -85.00 0.0058618
30.00 -85.00 0.0061593
35.00 -85.00 0.006434
40.00 -85.00 0.0066821
45.00 -85.00 0.0069003
50.00 -85.00 0.0070855
55.00 -85.00 0.0072352
60.00 -85.00 0.0073478
65.00 -85.00 0.0074228
70.00 -85.00 0.0074603
75.00 -85.00 0.0074614
80.00 -85.00 0.0074282
85.00 -85.00 0.0073637
90.00 -85.00 0.0072716
95.00 -85.00 0.0071568
100.00 -85.00 0.0070242
105.00 -85.00 0.0068787
110.00 -85.00 0.0067253
115.00 -85.00 0.0065689
120.00 -85.00 0.0064142
125.00 -85.00 0.0062649
130.00 -85.00 0.0061239
135.00 -85.00 0.005993
140.00 -85.00 0.0058731
145.00 -85.00 0.005764
150.00 -85.00 0.0056645
155.00 -85.00 0.0055723
160.00 -85.00 0.0054841
165.00 -85.00 0.0053962
170.00 -85.00 0.0053044
175.00 -85.00 0.0052046
180.00 -85.00 0.0050932
-180.00 -80.00 0.0065881
-175.00 -80.00 0.0064592
-170.00 -80.00 0.006227
-165.00 -80.00 0.0058881
-160.00 -80.00 0.0054512
-155.00 -80.00 0.0049357
-150.00 -80.00 0.0043694
-145.00 -80.00 0.0037846
-140.00 -80.00 0.0032124
-135.00 -80.00 0.0026788
-130.00 -80.00 0.0022025
-125.00 -80.00 0.0017924
-120.00 -80.00 0.0014469
-115.00 -80.00 0.0011555
-110.00 -80.00 0.0009023
-105.00 -80.00 0.0006694
-100.00 -80.00 0.0004397
-95.00 -80.00 0.0002007
-90.00 -80.00 -5.3e-05
-85.00 -80.00 -0.0003177
-80.00 -80.00 -0.000582
-75.00 -80.00 -0.0008285
-70.00 -80.00 -0.0010356
-65.00 -80.00 -0.0011803
-60.00 -80.00 -0.0012423
-55.00 -80.00 -0.0012076
-50.00 -80.00 -0.00107
-45.00 -80.00 -0.0008306
-40.00 -80.00 -0.0004989
-35.00 -80.00 -9.12e-05
-30.00 -80.00 0.0003723
-25.00 -80.00 0.0008719
-20.00 -80.00 0.0013904
-15.00 -80.00 0.0019147
-10.00 -80.00 0.0024366
-5.00 -80.00 0.0029539
0.00 -80.00 0.003469
5.00 -80.00 0.0039857
10.00 -80.00 0.0045067
15.00 -80.00 0.0050328
20.00 -80.00 0.0055629
25.00 -80.00 0.0060924
30.00 -80.00 0.0066128
35.00 -80.00 0.0071136
40.00 -80.00 0.007584
45.00 -80.00 0.0080132
50.00 -80.00 0.0083896
55.00 -80.00 0.0087022
60.00 -80.00 0.0089424
65.00 -80.00 0.0091049
70.00 -80.00 0.0091866
75.00 -80.00 0.0091883
80.00 -80.00 0.0091151
85.00 -80.00 0.0089773
90.00 -80.00 0.0087875
95.00 -80.00 0.0085593
100.00 -80.00 0.008306
105.00 -80.00 0.0080404
110.00 -80.00 0.007773
115.00 -80.00 0.0075116
120.00 -80.00 0.007262
125.00 -80.00 0.0070307
130.00 -80.00 0.0068252
135.00 -80.00 0.0066532
140.00 -80.00 0.0065221
145.00 -80.00 0.0064387
150.00 -80.00 0.0064061
155.00 -80.00 0.0064213
160.00 -80.00 0.0064728
165.00 -80.00 0.0065417
170.00 -80.00 0.0066031
175.00 -80.00 0.0066281
180.00 -80.00 0.0065881
-180.00 -75.00 0.0074341
-175.00 -75.00 0.0073214
-170.00 -75.00 0.0069687
-165.00 -75.00 0.0063653
-160.00 -75.00 0.0055404
-155.00 -75.00 0.0045571
-150.00 -75.00 0.0035007
-145.00 -75.00 0.0024638
-140.00 -75.00 0.0015329
-135.00 -75.00 0.0007766
-130.00 -75.00 0.0002363
-125.00 -75.00 -7.8e-05
-120.00 -75.00 -0.0001864
-115.00 -75.00 -0.0001346
-110.00 -75.00 1.35e-05
-105.00 -75.00 0.0001867
-100.00 -75.00 0.0003185
-95.00 -75.00 0.0003565
-90.00 -75.00 0.0002709
-85.00 -75.00 5.83e-05
-80.00 -75.00 -0.0002575
-75.00 -75.00 -0.0006318
-70.00 -75.00 -0.0010062
-65.00 -75.00 -0.0013187
-60.00 -75.00 -0.0015123
-55.00 -75.00 -0.0015449
-50.00 -75.00 -0.0013956
-45.00 -75.00 -0.0010677
-40.00 -75.00 -0.000589
-35.00 -75.00 -8.7e-06
-30.00 -75.00 0.0006119
-25.00 -75.00 0.0012113
-20.00 -75.00 0.0017402
-15.00 -75.00 0.0021711
-10.00 -75.00 0.0025042
-5.00 -75.00 0.002765
0.00 -75.00 0.0029952
5.00 -75.00 0.0032394
10.00 -75.00 0.0035335
15.00 -75.00 0.0038955
20.00 -75.00 0.0043228
25.00 -75.00 0.0047966
30.00 -75.00 0.0052902
35.00 -75.00 0.0057771
40.00 -75.00 0.0062372
45.00 -75.00 0.006658
50.00 -75.00 0.0070331
55.00 -75.00 0.0073569
60.00 -75.00 0.0076224
65.00 -75.00 0.0078211
70.00 -75.00 0.0079467
75.00 -75.00 0.0079997
80.00 -75.00 0.007993
85.00 -75.00 0.0079517
90.00 -75.00 0.0079094
95.00 -75.00 0.0078991
100.00 -75.00 0.0079425
105.00 -75.00 0.0080406
110.00 -75.00 0.0081706
115.00 -75.00 0.0082897
120.00 -75.00 0.0083474
125.00 -75.00 0.0083012
130.00 -75.00 0.0081324
135.00 -75.00 0.0078551
140.00 -75.00 0.0075156
145.00 -75.00 0.0071812
150.00 -75.00 0.0069226
155.00 -75.00 0.0067927
160.00 -75.00 0.006811
165.00 -75.00 0.0069552
170.00 -75.00 0.0071654
175.00 -75.00 0.0073558
180.00 -75.00 0.0074341
-180.00 -70.00 0.0059417
-175.00 -70.00 0.0059402
-170.00 -70.00 0.0056406
-165.00 -70.00 0.0050504
-160.00 -70.00 0.0042263
-155.00 -70.00 0.0032532
-150.00 -70.00 0.0022273
-145.00 -70.00 0.0012437
-140.00 -70.00 0.0003882
-135.00 -70.00 -0.0002704
-130.00 -70.00 -0.0006876
-125.00 -70.00 -0.0008479
-120.00 -70.00 -0.0007664
-115.00 -70.00 -0.000487
-110.00 -70.00 -7.75e-05
-105.00 -70.00 0.0003778
-100.00 -70.00 0.0007901
-95.00 -70.00 0.0010822
-90.00 -70.00 0.0012051
-85.00 -70.00 0.0011485
-80.00 -70.00 0.000941
-75.00 -70.00 0.0006381
-70.00 -70.00 0.0003056
-65.00 -70.00 5.6e-06
-60.00 -70.00 -0.0002097
-55.00 -70.00 -0.0002979
-50.00 -70.00 -0.0002243
-45.00 -70.00 3.34e-05
-40.00 -70.00 0.0004755
-35.00 -70.00 0.0010687
-30.00 -70.00 0.001743
-25.00 -70.00 0.0024006
-20.00 -70.00 0.0029411
-15.00 -70.00 0.0032919
-10.00 -70.00 0.0034342
-5.00 -70.00 0.0034112
0.00 -70.00 0.0033142
5.00 -70.00 0.00325
10.00 -70.00 0.0033038
15.00 -70.00 0.0035097
20.00 -70.00 0.0038434
25.00 -70.00 0.0042369
30.00 -70.00 0.0046094
35.00 -70.00 0.0048993
40.00 -70.00 0.0050833
45.00 -70.00 0.005177
50.00 -70.00 0.0052166
55.00 -70.00 0.0052349
60.00 -70.00 0.0052442
65.00 -70.00 0.0052335
70.00 -70.00 0.0051835
75.00 -70.00 0.0050882
80.00 -70.00 0.0049738
85.00 -70.00 0.0049039
90.00 -70.00 0.0049677
95.00 -70.00 0.0052528
100.00 -70.00 0.00581
105.00 -70.00 0.0066221
110.00 -70.00 0.0075893
115.00 -70.00 0.0085401
120.00 -70.00 0.0092713
125.00 -70.00 0.0096055
130.00 -70.00 0.0094485
135.00 -70.00 0.0088244
140.00 -70.00 0.0078735
145.00 -70.00 0.0068125
150.00 -70.00 0.0058713
155.00 -70.00 0.0052278
160.00 -70.00 0.0049622
165.00 -70.00 0.005043
170.00 -70.00 0.005347
175.00 -70.00 0.0057027
180.00 -70.00 0.0059417
-180.00 -65.00 0.0037671
-175.00 -65.00 0.0036275
-170.00 -65.00 0.0033234
-165.00 -65.00 0.0029793
-160.00 -65.00 0.0026754
-155.00 -65.00 0.0024109
-150.00 -65.00 0.002128
-145.00 -65.00 0.0017694
-140.00 -65.00 0.0013267
-135.00 -65.00 0.0008491
-130.00 -65.00 0.0004179
-125.00 -65.00 0.0001125
-120.00 -65.00 -9.4e-06
-115.00 -65.00 7.89e-05
-110.00 -65.00 0.000364
-105.00 -65.00 0.0007823
-100.00 -65.00 0.0012228
-95.00 -65.00 0.0015585
-90.00 -65.00 0.0016987
-85.00 -65.00 0.0016322
-80.00 -65.00 0.0014288
-75.00 -65.00 0.0011962
-70.00 -65.00 0.0010176
-65.00 -65.00 0.0009115
-60.00 -65.00 0.0008381
-55.00 -65.00 0.0007444
-50.00 -65.00 0.0006188
-45.00 -65.00 0.0005182
-40.00 -65.00 0.0005523
-35.00 -65.00 0.0008296
-30.00 -65.00 0.0013933
-25.00 -65.00 0.0021816
-20.00 -65.00 0.0030356
-15.00 -65.00 0.0037575
-10.00 -65.00 0.0041911
-5.00 -65.00 0.0042877
0.00 -65.00 0.0041238
5.00 -65.00 0.0038648
10.00 -65.00 0.0036917
15.00 -65.00 0.0037246
20.00 -65.00 0.0039773
25.00 -65.00 0.0043599
30.00 -65.00 0.0047272
35.00 -65.00 0.0049467
40.00 -65.00 0.0049532
45.00 -65.00 0.004764
50.00 -65.00 0.0044506
55.00 -65.00 0.0040883
60.00 -65.00 0.0037165
65.00 -65.00 0.0033336
70.00 -65.00 0.0029239
75.00 -65.00 0.0024962
80.00 -65.00 0.0021064
85.00 -65.00 0.0018552
90.00 -65.00 0.0018638
95.00 -65.00 0.0022413
100.00 -65.00 0.0030465
105.00 -65.00 0.0042483
110.00 -65.00 0.005695
115.00 -65.00 0.0071173
120.00 -65.00 0.0081847
125.00 -65.00 0.0086104
130.00 -65.00 0.0082629
135.00 -65.00 0.0072294
140.00 -65.00 0.0057933
145.00 -65.00 0.0043349
150.00 -65.00 0.0031997
155.00 -65.00 0.0025903
160.00 -65.00 0.0025201
165.00 -65.00 0.0028355
170.00 -65.00 0.0032915
175.00 -65.00 0.0036504
180.00 -65.00 0.0037671
-180.00 -60.00 0.0036817
-175.00 -60.00 0.0029385
-170.00 -60.00 0.0023169
-165.00 -60.00 0.0021147
-160.00 -60.00 0.002362
-155.00 -60.00 0.0027911
-150.00 -60.00 0.0030046
-145.00 -60.00 0.00273
-140.00 -60.00 0.001975
-135.00 -60.00 0.0009895
-130.00 -60.00 9.46e-05
-125.00 -60.00 -0.0004734
-120.00 -60.00 -0.0006078
-115.00 -60.00 -0.0002936
-110.00 -60.00 0.0004237
-105.00 -60.00 0.0014165
-100.00 -60.00 0.0024443
-95.00 -60.00 0.0031964
-90.00 -60.00 0.0034231
-85.00 -60.00 0.0030772
-80.00 -60.00 0.0023531
-75.00 -60.00 0.0015799
-70.00 -60.00 0.0010409
-65.00 -60.00 0.0008376
-60.00 -60.00 0.0008759
-55.00 -60.00 0.0009576
-50.00 -60.00 0.0009108
-45.00 -60.00 0.0006895
-40.00 -60.00 0.0004102
-35.00 -60.00 0.0003058
-30.00 -60.00 0.0006098
-25.00 -60.00 0.001415
-20.00 -60.00 0.0025881
-15.00 -60.00 0.0038016
-10.00 -60.00 0.0046761
-5.00 -60.00 0.0049576
0.00 -60.00 0.0046304
5.00 -60.00 0.003915
10.00 -60.00 0.0031613
15.00 -60.00 0.0026956
20.00 -60.00 0.002688
25.00 -60.00 0.0030938
30.00 -60.00 0.0036877
35.00 -60.00 0.0041758
40.00 -60.00 0.0043292
45.00 -60.00 0.0040712
50.00 -60.00 0.003473
55.00 -60.00 0.0026758
60.00 -60.00 0.0018063
65.00 -60.00 0.0009481
70.00 -60.00 0.0001754
75.00 -60.00 -0.0004107
80.00 -60.00 -0.0006984
85.00 -60.00 -0.0006279
90.00 -60.00 -0.0002321
95.00 -60.00 0.0003966
100.00 -60.00 0.0011833
105.00 -60.00 0.0021034
110.00 -60.00 0.0031218
115.00 -60.00 0.0040976
120.00 -60.00 0.0047707
125.00 -60.00 0.0048822
130.00 -60.00 0.0043538
135.00 -60.00 0.00338
140.00 -60.00 0.0023539
145.00 -60.00 0.001676
150.00 -60.00 0.0015748
155.00 -60.00 0.0020347
160.00 -60.00 0.0028362
165.00 -60.00 0.0036533
170.00 -60.00 0.0041659
175.00 -60.00 0.0041721
180.00 -60.00 0.0036817
-180.00 -55.00 0.0047404
-175.00 -55.00 0.0035718
-170.00 -55.00 0.0027363
-165.00 -55.00 0.0026447
-160.00 -55.00 0.0032128
-155.00 -55.00 0.0038053
-150.00 -55.00 0.0036332
-145.00 -55.00 0.0023276
-140.00 -55.00 0.0002195
-135.00 -55.00 -0.0018972
-130.00 -55.00 -0.003288
-125.00 -55.00 -0.0036473
-120.00 -55.00 -0.0030824
-115.00 -55.00 -0.0018463
-110.00 -55.00 -0.0001287
-105.00 -55.00 0.0019208
-100.00 -55.00 0.004031
-95.00 -55.00 0.0057433
-90.00 -55.00 0.0065745
-85.00 -55.00 0.0063008
-80.00 -55.00 0.0051185
-75.00 -55.00 0.0035384
-70.00 -55.00 0.0021132
-65.00 -55.00 0.0012131
-60.00 -55.00 0.0009551
-55.00 -55.00 0.0012336
-50.00 -55.00 0.0017755
-45.00 -55.00 0.0022404
-40.00 -55.00 0.0023966
-35.00 -55.00 0.0022872
-30.00 -55.00 0.0022192
-25.00 -55.00 0.0025282
-20.00 -55.00 0.0032867
-15.00 -55.00 0.0042002
-10.00 -55.00 0.0047789
-5.00 -55.00 0.0046447
0.00 -55.00 0.0037543
5.00 -55.00 0.002417
10.00 -55.00 0.0011383
15.00 -55.00 0.0003937
20.00 -55.00 0.0004309
25.00 -55.00 0.001165
30.00 -55.00 0.0022038
35.00 -55.00 0.0030102
40.00 -55.00 0.0031444
45.00 -55.00 0.0024617
50.00 -55.00 0.0011414
55.00 -55.00 -0.0004668
60.00 -55.00 -0.002045
65.00 -55.00 -0.0033874
70.00 -55.00 -0.0043243
75.00 -55.00 -0.0046414
80.00 -55.00 -0.0041599
85.00 -55.00 -0.0029448
90.00 -55.00 -0.0014056
95.00 -55.00 -0.0001049
100.00 -55.00 0.0006133
105.00 -55.00 0.0008402
110.00 -55.00 0.0009419
115.00 -55.00 0.0011769
120.00 -55.00 0.0014712
125.00 -55.00 0.001564
130.00 -55.00 0.0013509
135.00 -55.00 0.0010614
140.00 -55.00 0.0010977
145.00 -55.00 0.0017104
150.00 -55.00 0.0028187
155.00 -55.00 0.0041031
160.00 -55.00 0.0052235
165.00 -55.00 0.0059473
170.00 -55.00 0.0061332
175.00 -55.00 0.0057063
180.00 -55.00 0.0047404
-180.00 -50.00 0.0038083
-175.00 -50.00 0.0026795
-170.00 -50.00 0.0018586
-165.00 -50.00 0.0018449
-160.00 -50.00 0.0025379
-155.00 -50.00 0.0030818
-150.00 -50.00 0.0024591
-145.00 -50.00 0.0003693
-140.00 -50.00 -0.0024415
-135.00 -50.00 -0.0047204
-130.00 -50.00 -0.0055955
-125.00 -50.00 -0.0050383
-120.00 -50.00 -0.0036383
-115.00 -50.00 -0.0020285
-110.00 -50.00 -0.0004586
-105.00 -50.00 0.001219
-100.00 -50.00 0.0032083
-95.00 -50.00 0.0053896
-90.00 -50.00 0.007258
-85.00 -50.00 0.0082453
-80.00 -50.00 0.0081014
-75.00 -50.00 0.0069857
-70.00 -50.00 0.0053033
-65.00 -50.00 0.0035699
-60.00 -50.00 0.002371
-55.00 -50.00 0.0021949
-50.00 -50.00 0.0030846
-45.00 -50.00 0.0044616
-40.00 -50.00 0.0054665
-35.00 -50.00 0.0056081
-30.00 -50.00 0.0050956
-25.00 -50.00 0.0045197
-20.00 -50.00 0.0042311
-15.00 -50.00 0.0040438
-10.00 -50.00 0.0034909
-5.00 -50.00 0.002305
0.00 -50.00 0.0006704
5.00 -50.00 -0.000893
10.00 -50.00 -0.0018394
15.00 -50.00 -0.0018629
20.00 -50.00 -0.0010105
25.00 -50.00 0.0003413
30.00 -50.00 0.0016008
35.00 -50.00 0.0021513
40.00 -50.00 0.0015999
45.00 -50.00 -1.52e-05
50.00 -50.00 -0.0022284
55.00 -50.00 -0.0044272
60.00 -50.00 -0.0062049
65.00 -50.00 -0.0074607
70.00 -50.00 -0.0081567
75.00 -50.00 -0.0080514
80.00 -50.00 -0.0068132
85.00 -50.00 -0.0044935
90.00 -50.00 -0.0018283
95.00 -50.00 0.000109
100.00 -50.00 0.0007117
105.00 -50.00 0.00033
110.00 -50.00 -8.62e-05
115.00 -50.00 0.0001459
120.00 -50.00 0.0009311
125.00 -50.00 0.0016979
130.00 -50.00 0.0020965
135.00 -50.00 0.0023269
140.00 -50.00 0.0028267
145.00 -50.00 0.0037471
150.00 -50.00 0.004793
155.00 -50.00 0.0055319
160.00 -50.00 0.0057786
165.00 -50.00 0.0056529
170.00 -50.00 0.0053143
175.00 -50.00 0.0047349
180.00 -50.00 0.0038083
-180.00 -45.00 0.0007497
-175.00 -45.00 -0.0007239
-170.00 -45.00 -0.0018005
-165.00 -45.00 -0.0019795
-160.00 -45.00 -0.0013786
-155.00 -45.00 -0.0008392
-150.00 -45.00 -0.0012333
-145.00 -45.00 -0.0025815
-140.00 -45.00 -0.0039805
-135.00 -45.00 -0.004443
-130.00 -45.00 -0.0036955
-125.00 -45.00 -0.0021958
-120.00 -45.00 -0.0006672
-115.00 -45.00 0.0002722
-110.00 -45.00 0.0003719
-105.00 -45.00 1.62e-05
-100.00 -45.00 0.0001343
-95.00 -45.00 0.0015
-90.00 -45.00 0.0040249
-85.00 -45.00 0.0068298
-80.00 -45.00 0.0089256
-75.00 -45.00 0.0096863
-70.00 -45.00 0.0088877
-65.00 -45.00 0.0067868
-60.00 -45.00 0.0043211
-55.00 -45.00 0.0028262
-50.00 -45.00 0.0030791
-45.00 -45.00 0.0045558
-40.00 -45.00 0.005858
-35.00 -45.00 0.0059822
-30.00 -45.00 0.0050852
-25.00 -45.00 0.0039932
-20.00 -45.00 0.0031519
-15.00 -45.00 0.0022265
-10.00 -45.00 0.0006545
-5.00 -45.00 -0.0016056
0.00 -45.00 -0.0039103
5.00 -45.00 -0.0053846
10.00 -45.00 -0.0055032
15.00 -45.00 -0.0043749
20.00 -45.00 -0.0026274
25.00 -45.00 -0.0010496
30.00 -45.00 -0.000256
35.00 -45.00 -0.0005357
40.00 -45.00 -0.0018308
45.00 -45.00 -0.003741
50.00 -45.00 -0.0056305
55.00 -45.00 -0.0069562
60.00 -45.00 -0.007634
65.00 -45.00 -0.0080209
70.00 -45.00 -0.0083967
75.00 -45.00 -0.0084483
80.00 -45.00 -0.0074368
85.00 -45.00 -0.0050493
90.00 -45.00 -0.0020537
95.00 -45.00 0.0001264
100.00 -45.00 0.0006729
105.00 -45.00 0.0001666
110.00 -45.00 -6.3e-06
115.00 -45.00 0.0009737
120.00 -45.00 0.0026791
125.00 -45.00 0.0040614
130.00 -45.00 0.0045385
135.00 -45.00 0.0043737
140.00 -45.00 0.0041653
145.00 -45.00 0.0042027
150.00 -45.00 0.0043436
155.00 -45.00 0.0043341
160.00 -45.00 0.0040846
165.00 -45.00 0.0036431
170.00 -45.00 0.0030092
175.00 -45.00 0.0020681
180.00 -45.00 0.0007497
-180.00 -40.00 -0.0022287
-175.00 -40.00 -0.0044432
-170.00 -40.00 -0.0054828
-165.00 -40.00 -0.0054228
-160.00 -40.00 -0.0049055
-155.00 -40.00 -0.0047095
-150.00 -40.00 -0.0050413
-145.00 -40.00 -0.005178
-140.00 -40.00 -0.0042174
-135.00 -40.00 -0.0022601
-130.00 -40.00 -0.0003506
-125.00 -40.00 0.0008554
-120.00 -40.00 0.0016635
-115.00 -40.00 0.0022917
-110.00 -40.00 0.0021145
-105.00 -40.00 0.0007181
-100.00 -40.00 -0.0008559
-95.00 -40.00 -0.0008573
-90.00 -40.00 0.0013198
-85.00 -40.00 0.0046825
-80.00 -40.00 0.0078086
-75.00 -40.00 0.0097271
-70.00 -40.00 0.0098061
-65.00 -40.00 0.0078137
-60.00 -40.00 0.0045621
-55.00 -40.00 0.0018706
-50.00 -40.00 0.001166
-45.00 -40.00 0.0021313
-40.00 -40.00 0.0031107
-35.00 -40.00 0.0028831
-30.00 -40.00 0.0017406
-25.00 -40.00 0.0007425
-20.00 -40.00 0.0002474
-15.00 -40.00 -0.0004732
-10.00 -40.00 -0.002266
-5.00 -40.00 -0.0050661
0.00 -40.00 -0.0078721
5.00 -40.00 -0.0095144
10.00 -40.00 -0.0094254
15.00 -40.00 -0.0079397
20.00 -40.00 -0.0060413
25.00 -40.00 -0.0047357
30.00 -40.00 -0.0044954
35.00 -40.00 -0.0051721
40.00 -40.00 -0.0062673
45.00 -40.00 -0.0071853
50.00 -40.00 -0.0074224
55.00 -40.00 -0.0068617
60.00 -40.00 -0.0060006
65.00 -40.00 -0.0056734
70.00 -40.00 -0.0062763
75.00 -40.00 -0.0071906
80.00 -40.00 -0.0071389
85.00 -40.00 -0.0053755
90.00 -40.00 -0.0025945
95.00 -40.00 -0.0004249
100.00 -40.00 0.0001786
105.00 -40.00 -9.88e-05
110.00 -40.00 0.0002204
115.00 -40.00 0.0017456
120.00 -40.00 0.0036977
125.00 -40.00 0.004924
130.00 -40.00 0.0050012
135.00 -40.00 0.004272
140.00 -40.00 0.0032504
145.00 -40.00 0.0023436
150.00 -40.00 0.0019432
155.00 -40.00 0.002308
160.00 -40.00 0.0031585
165.00 -40.00 0.003601
170.00 -40.00 0.0027523
175.00 -40.00 0.0005319
180.00 -40.00 -0.0022287
-180.00 -35.00 -0.0046705
-175.00 -35.00 -0.006349
-170.00 -35.00 -0.0058652
-165.00 -35.00 -0.0045838
-160.00 -35.00 -0.0040296
-155.00 -35.00 -0.0048145
-150.00 -35.00 -0.0061497
-145.00 -35.00 -0.0062068
-140.00 -35.00 -0.0039074
-135.00 -35.00 -0.0006593
-130.00 -35.00 0.0008793
-125.00 -35.00 0.0002255
-120.00 -35.00 -0.0002352
-115.00 -35.00 0.0011885
-110.00 -35.00 0.0029414
-105.00 -35.00 0.0026882
-100.00 -35.00 0.0009062
-95.00 -35.00 0.0001393
-90.00 -35.00 0.0015379
-85.00 -35.00 0.0039864
-80.00 -35.00 0.0061553
-75.00 -35.00 0.0075812
-70.00 -35.00 0.0078023
-65.00 -35.00 0.0061649
-60.00 -35.00 0.0030625
-55.00 -35.00 0.0003007
-50.00 -35.00 -0.0005284
-45.00 -35.00 0.0003034
-40.00 -35.00 0.0010698
-35.00 -35.00 0.0005184
-30.00 -35.00 -0.0009492
-25.00 -35.00 -0.0020807
-20.00 -35.00 -0.0024314
-15.00 -35.00 -0.0028484
-10.00 -35.00 -0.0043701
-5.00 -35.00 -0.0070514
0.00 -35.00 -0.0099543
5.00 -35.00 -0.0119404
10.00 -35.00 -0.0123621
15.00 -35.00 -0.0113496
20.00 -35.00 -0.0096698
25.00 -35.00 -0.008186
30.00 -35.00 -0.0073506
35.00 -35.00 -0.0071659
40.00 -35.00 -0.0073606
45.00 -35.00 -0.0074099
50.00 -35.00 -0.0067216
55.00 -35.00 -0.0052441
60.00 -35.00 -0.0038029
65.00 -35.00 -0.0034658
70.00 -35.00 -0.0044694
75.00 -35.00 -0.0058409
80.00 -35.00 -0.0061213
85.00 -35.00 -0.0046265
90.00 -35.00 -0.0021776
95.00 -35.00 -0.0004058
100.00 -35.00 -7.12e-05
105.00 -35.00 -0.0002949
110.00 -35.00 0.0002221
115.00 -35.00 0.001584
120.00 -35.00 0.0028428
125.00 -35.00 0.0034073
130.00 -35.00 0.0035043
135.00 -35.00 0.0033163
140.00 -35.00 0.0025626
145.00 -35.00 0.0012938
150.00 -35.00 0.0004816
155.00 -35.00 0.0011555
160.00 -35.00 0.0029601
165.00 -35.00 0.0040155
170.00 -35.00 0.0025989
175.00 -35.00 -0.0010164
180.00 -35.00 -0.0046705
-180.00 -30.00 -0.0069731
-175.00 -30.00 -0.0063942
-170.00 -30.00 -0.0040626
-165.00 -30.00 -0.0022424
-160.00 -30.00 -0.0023159
-155.00 -30.00 -0.0041779
-150.00 -30.00 -0.0065162
-145.00 -30.00 -0.0070859
-140.00 -30.00 -0.0045137
-135.00 -30.00 -0.0008166
-130.00 -30.00 5.94e-05
-125.00 -30.00 -0.0024436
-120.00 -30.00 -0.0041869
-115.00 -30.00 -0.0021633
-110.00 -30.00 0.0011693
-105.00 -30.00 0.0018853
-100.00 -30.00 0.000304
-95.00 -30.00 -0.0003628
-90.00 -30.00 0.0009754
-85.00 -30.00 0.0028296
-80.00 -30.00 0.0042744
-75.00 -30.00 0.0054957
-70.00 -30.00 0.0059617
-65.00 -30.00 0.0046786
-60.00 -30.00 0.002145
-55.00 -30.00 0.000263
-50.00 -30.00 0.0002205
-45.00 -30.00 0.001384
-40.00 -30.00 0.0021474
-35.00 -30.00 0.0013732
-30.00 -30.00 -0.0007307
-25.00 -30.00 -0.0029044
-20.00 -30.00 -0.004206
-15.00 -30.00 -0.0050005
-10.00 -30.00 -0.0063163
-5.00 -30.00 -0.0085254
0.00 -30.00 -0.0110267
5.00 -30.00 -0.0129078
10.00 -30.00 -0.0135551
15.00 -30.00 -0.0128603
20.00 -30.00 -0.011116
25.00 -30.00 -0.0087374
30.00 -30.00 -0.0062447
35.00 -30.00 -0.0044866
40.00 -30.00 -0.004194
45.00 -30.00 -0.0049245
50.00 -30.00 -0.0051637
55.00 -30.00 -0.0040688
60.00 -30.00 -0.0025331
65.00 -30.00 -0.0019655
70.00 -30.00 -0.0025448
75.00 -30.00 -0.003178
80.00 -30.00 -0.0027686
85.00 -30.00 -0.0012212
90.00 -30.00 0.0004691
95.00 -30.00 0.0011122
100.00 -30.00 0.0006735
105.00 -30.00 0.0004222
110.00 -30.00 0.0012189
115.00 -30.00 0.0022765
120.00 -30.00 0.0024699
125.00 -30.00 0.0021672
130.00 -30.00 0.0025227
135.00 -30.00 0.0034141
140.00 -30.00 0.0034716
145.00 -30.00 0.0021325
150.00 -30.00 0.0005277
155.00 -30.00 3.48e-05
160.00 -30.00 0.0005415
165.00 -30.00 0.0004497
170.00 -30.00 -0.001577
175.00 -30.00 -0.0048449
180.00 -30.00 -0.0069731
-180.00 -25.00 -0.0078113
-175.00 -25.00 -0.0055183
-170.00 -25.00 -0.0036579
-165.00 -25.00 -0.0038665
-160.00 -25.00 -0.0056091
-155.00 -25.00 -0.0075584
-150.00 -25.00 -0.0092067
-145.00 -25.00 -0.009609
-140.00 -25.00 -0.0071996
-135.00 -25.00 -0.0031359
-130.00 -25.00 -0.0016384
-125.00 -25.00 -0.0041166
-120.00 -25.00 -0.0064062
-115.00 -25.00 -0.0050765
-110.00 -25.00 -0.0026561
-105.00 -25.00 -0.0028658
-100.00 -25.00 -0.0045225
-95.00 -25.00 -0.004326
-90.00 -25.00 -0.0022344
-85.00 -25.00 -4.32e-05
-80.00 -25.00 0.0022279
-75.00 -25.00 0.0048019
-70.00 -25.00 0.0058652
-65.00 -25.00 0.0042065
-60.00 -25.00 0.0018196
-55.00 -25.00 0.0012686
-50.00 -25.00 0.0024698
-45.00 -25.00 0.0037998
-40.00 -25.00 0.0042782
-35.00 -25.00 0.0033858
-30.00 -25.00 0.0007895
-25.00 -25.00 -0.0026778
-20.00 -25.00 -0.005385
-15.00 -25.00 -0.0068729
-10.00 -25.00 -0.0082012
-5.00 -25.00 -0.0101638
0.00 -25.00 -0.0122626
5.00 -25.00 -0.0135173
10.00 -25.00 -0.0134912
15.00 -25.00 -0.0123909
20.00 -25.00 -0.0104657
25.00 -25.00 -0.0075916
30.00 -25.00 -0.0039705
35.00 -25.00 -0.0011408
40.00 -25.00 -0.000945
45.00 -25.00 -0.0029337
50.00 -25.00 -0.0042859
55.00 -25.00 -0.003201
60.00 -25.00 -0.0009387
65.00 -25.00 0.0004189
70.00 -25.00 0.0007088
75.00 -25.00 0.0011235
80.00 -25.00 0.0021787
85.00 -25.00 0.0032709
90.00 -25.00 0.0035168
95.00 -25.00 0.0026312
100.00 -25.00 0.0015474
105.00 -25.00 0.0018053
110.00 -25.00 0.0034932
115.00 -25.00 0.0046631
120.00 -25.00 0.0039531
125.00 -25.00 0.0026288
130.00 -25.00 0.0025303
135.00 -25.00 0.0032531
140.00 -25.00 0.00311
145.00 -25.00 0.0017522
150.00 -25.00 7.26e-05
155.00 -25.00 -0.0015654
160.00 -25.00 -0.0034624
165.00 -25.00 -0.0056213
170.00 -25.00 -0.0075842
175.00 -25.00 -0.0085905
180.00 -25.00 -0.0078113
-180.00 -20.00 -0.0066923
-175.00 -20.00 -0.004984
-170.00 -20.00 -0.0054604
-165.00 -20.00 -0.008386
-160.00 -20.00 -0.0112216
-155.00 -20.00 -0.0118334
-150.00 -20.00 -0.0114907
-145.00 -20.00 -0.011595
-140.00 -20.00 -0.0103377
-135.00 -20.00 -0.006634
-130.00 -20.00 -0.0037919
-125.00 -20.00 -0.0045857
-120.00 -20.00 -0.0065157
-115.00 -20.00 -0.0066165
-110.00 -20.00 -0.0065299
-105.00 -20.00 -0.0081368
-100.00 -20.00 -0.0090815
-95.00 -20.00 -0.0072434
-90.00 -20.00 -0.0045805
-85.00 -20.00 -0.0025623
-80.00 -20.00 0.0005936
-75.00 -20.00 0.0046395
-70.00 -20.00 0.005472
-65.00 -20.00 0.0020851
-60.00 -20.00 -0.0006741
-55.00 -20.00 0.0005734
-50.00 -20.00 0.0033046
-45.00 -20.00 0.0043958
-40.00 -20.00 0.0043174
-35.00 -20.00 0.0038818
-30.00 -20.00 0.0018849
-25.00 -20.00 -0.0019005
-20.00 -20.00 -0.0053517
-15.00 -20.00 -0.0071952
-10.00 -20.00 -0.0086288
-5.00 -20.00 -0.0108271
0.00 -20.00 -0.0130469
5.00 -20.00 -0.0138491
10.00 -20.00 -0.0128773
15.00 -20.00 -0.010993
20.00 -20.00 -0.0090084
25.00 -20.00 -0.0065951
30.00 -20.00 -0.0032242
35.00 -20.00 -0.0001792
40.00 -20.00 0.0002665
45.00 -20.00 -0.0015914
50.00 -20.00 -0.0024975
55.00 -20.00 -0.0006309
60.00 -20.00 0.0020495
65.00 -20.00 0.003226
70.00 -20.00 0.0034498
75.00 -20.00 0.0043252
80.00 -20.00 0.0056609
85.00 -20.00 0.0060447
90.00 -20.00 0.004833
95.00 -20.00 0.0027348
100.00 -20.00 0.0014268
105.00 -20.00 0.0023515
110.00 -20.00 0.0047606
115.00 -20.00 0.0059631
120.00 -20.00 0.0047887
125.00 -20.00 0.0030973
130.00 -20.00 0.0024357
135.00 -20.00 0.0016814
140.00 -20.00 -0.0001303
145.00 -20.00 -0.0015535
150.00 -20.00 -0.0016586
155.00 -20.00 -0.002336
160.00 -20.00 -0.0051566
165.00 -20.00 -0.0084746
170.00 -20.00 -0.0098043
175.00 -20.00 -0.0088138
180.00 -20.00 -0.0066923
-180.00 -15.00 -0.0061666
-175.00 -15.00 -0.0061983
-170.00 -15.00 -0.0076659
-165.00 -15.00 -0.0105549
-160.00 -15.00 -0.0124643
-155.00 -15.00 -0.0114112
-150.00 -15.00 -0.009757
-145.00 -15.00 -0.0103902
-140.00 -15.00 -0.01116
-135.00 -15.00 -0.0087777
-130.00 -15.00 -0.0052518
-125.00 -15.00 -0.0044393
-120.00 -15.00 -0.0057872
-115.00 -15.00 -0.0070931
-110.00 -15.00 -0.0088983
-105.00 -15.00 -0.0110243
-100.00 -15.00 -0.0103705
-95.00 -15.00 -0.0066837
-90.00 -15.00 -0.0040363
-85.00 -15.00 -0.0031607
-80.00 -15.00 -0.0002251
-75.00 -15.00 0.0040606
-70.00 -15.00 0.0035875
-65.00 -15.00 -0.0019691
-60.00 -15.00 -0.0049661
-55.00 -15.00 -0.0018549
-50.00 -15.00 0.0020338
-45.00 -15.00 0.00244
-40.00 -15.00 0.0018178
-35.00 -15.00 0.0024429
-30.00 -15.00 0.0020695
-25.00 -15.00 -0.0008581
-20.00 -15.00 -0.0040943
-15.00 -15.00 -0.005806
-10.00 -15.00 -0.0071896
-5.00 -15.00 -0.0095729
0.00 -15.00 -0.0121458
5.00 -15.00 -0.0132779
10.00 -15.00 -0.0123402
15.00 -15.00 -0.0101289
20.00 -15.00 -0.0079649
25.00 -15.00 -0.0060546
30.00 -15.00 -0.0034886
35.00 -15.00 -0.000525
40.00 -15.00 0.0010522
45.00 -15.00 0.0010354
50.00 -15.00 0.0016377
55.00 -15.00 0.0036913
60.00 -15.00 0.0049997
65.00 -15.00 0.0042602
70.00 -15.00 0.0035338
75.00 -15.00 0.0048396
80.00 -15.00 0.006977
85.00 -15.00 0.0074863
90.00 -15.00 0.005744
95.00 -15.00 0.003116
100.00 -15.00 0.0015911
105.00 -15.00 0.0022855
110.00 -15.00 0.004028
115.00 -15.00 0.0044045
120.00 -15.00 0.0031915
125.00 -15.00 0.0024864
130.00 -15.00 0.0024122
135.00 -15.00 0.0004135
140.00 -15.00 -0.0034604
145.00 -15.00 -0.0052001
150.00 -15.00 -0.0033346
155.00 -15.00 -0.0019526
160.00 -15.00 -0.0041935
165.00 -15.00 -0.0074722
170.00 -15.00 -0.0082652
175.00 -15.00 -0.0071069
180.00 -15.00 -0.0061666
-180.00 -10.00 -0.0077616
-175.00 -10.00 -0.0088478
-170.00 -10.00 -0.0092919
-165.00 -10.00 -0.0100137
-160.00 -10.00 -0.0104551
-155.00 -10.00 -0.0090364
-150.00 -10.00 -0.007458
-145.00 -10.00 -0.0084561
-140.00 -10.00 -0.0100395
-135.00 -10.00 -0.0083983
-130.00 -10.00 -0.0047866
-125.00 -10.00 -0.0031965
-120.00 -10.00 -0.0040237
-115.00 -10.00 -0.00573
-110.00 -10.00 -0.0084531
-105.00 -10.00 -0.0108817
-100.00 -10.00 -0.0093697
-95.00 -10.00 -0.0045342
-90.00 -10.00 -0.0016725
-85.00 -10.00 -0.0015298
-80.00 -10.00 0.0005034
-75.00 -10.00 0.0038443
-70.00 -10.00 0.0021994
-65.00 -10.00 -0.0040784
-60.00 -10.00 -0.0066474
-55.00 -10.00 -0.0027681
-50.00 -10.00 0.0008903
-45.00 -10.00 0.0002448
-40.00 -10.00 -0.0009629
-35.00 -10.00 6.72e-05
-30.00 -10.00 0.0006503
-25.00 -10.00 -0.0011951
-20.00 -10.00 -0.0035144
-15.00 -10.00 -0.0047508
-10.00 -10.00 -0.0059017
-5.00 -10.00 -0.007879
0.00 -10.00 -0.0102405
5.00 -10.00 -0.012111
10.00 -10.00 -0.0124872
15.00 -10.00 -0.0109153
20.00 -10.00 -0.0085147
25.00 -10.00 -0.0065785
30.00 -10.00 -0.0045975
35.00 -10.00 -0.0016769
40.00 -10.00 0.0014209
45.00 -10.00 0.0037321
50.00 -10.00 0.0056148
55.00 -10.00 0.0069038
60.00 -10.00 0.0061501
65.00 -10.00 0.0036451
70.00 -10.00 0.0024175
75.00 -10.00 0.0042809
80.00 -10.00 0.0072845
85.00 -10.00 0.0085109
90.00 -10.00 0.0073445
95.00 -10.00 0.0052012
100.00 -10.00 0.0037711
105.00 -10.00 0.0037032
110.00 -10.00 0.0039102
115.00 -10.00 0.0029914
120.00 -10.00 0.0018042
125.00 -10.00 0.0021983
130.00 -10.00 0.0027724
135.00 -10.00 4.19e-05
140.00 -10.00 -0.0050134
145.00 -10.00 -0.0068883
150.00 -10.00 -0.0041206
155.00 -10.00 -0.0020437
160.00 -10.00 -0.0042127
165.00 -10.00 -0.0072792
170.00 -10.00 -0.0076552
175.00 -10.00 -0.007023
180.00 -10.00 -0.0077616
-180.00 -5.00 -0.0092205
-175.00 -5.00 -0.0104257
-170.00 -5.00 -0.0102715
-165.00 -5.00 -0.0101268
-160.00 -5.00 -0.0106251
-155.00 -5.00 -0.0101671
-150.00 -5.00 -0.0089806
-145.00 -5.00 -0.0090113
-140.00 -5.00 -0.0092453
-135.00 -5.00 -0.0069627
-130.00 -5.00 -0.0031151
-125.00 -5.00 -0.0008906
-120.00 -5.00 -0.000754
-115.00 -5.00 -0.001842
-110.00 -5.00 -0.0046154
-105.00 -5.00 -0.0075043
-100.00 -5.00 -0.0062221
-95.00 -5.00 -0.0007615
-90.00 -5.00 0.0032665
-85.00 -5.00 0.0035698
-80.00 -5.00 0.0037376
-75.00 -5.00 0.0045928
-70.00 -5.00 0.002311
-65.00 -5.00 -0.0025939
-60.00 -5.00 -0.0041835
-55.00 -5.00 -0.001147
-50.00 -5.00 0.0011711
-45.00 -5.00 9.54e-05
-40.00 -5.00 -0.0014168
-35.00 -5.00 -0.0015683
-30.00 -5.00 -0.0019688
-25.00 -5.00 -0.0032067
-20.00 -5.00 -0.0041848
-15.00 -5.00 -0.005044
-10.00 -5.00 -0.0064808
-5.00 -5.00 -0.0079317
0.00 -5.00 -0.0091498
5.00 -5.00 -0.0108776
10.00 -5.00 -0.0124313
15.00 -5.00 -0.0119735
20.00 -5.00 -0.0098533
25.00 -5.00 -0.0081172
30.00 -5.00 -0.0067652
35.00 -5.00 -0.0040215
40.00 -5.00 0.0001688
45.00 -5.00 0.0040001
50.00 -5.00 0.0062972
55.00 -5.00 0.0068073
60.00 -5.00 0.0054547
65.00 -5.00 0.0032655
70.00 -5.00 0.0024246
75.00 -5.00 0.0038323
80.00 -5.00 0.0059886
85.00 -5.00 0.0071302
90.00 -5.00 0.0070709
95.00 -5.00 0.0065886
100.00 -5.00 0.0062893
105.00 -5.00 0.0061579
110.00 -5.00 0.0055269
115.00 -5.00 0.0040721
120.00 -5.00 0.0029005
125.00 -5.00 0.0028974
130.00 -5.00 0.0021753
135.00 -5.00 -0.0016511
140.00 -5.00 -0.0064729
145.00 -5.00 -0.0074153
150.00 -5.00 -0.0045297
155.00 -5.00 -0.0034704
160.00 -5.00 -0.0066971
165.00 -5.00 -0.0098711
170.00 -5.00 -0.0095711
175.00 -5.00 -0.0083998
180.00 -5.00 -0.0092205
-180.00 0.00 -0.0087865
-175.00 0.00 -0.0097483
-170.00 0.00 -0.0102706
-165.00 0.00 -0.0108818
-160.00 0.00 -0.0120149
-155.00 0.00 -0.0122413
-150.00 0.00 -0.0111331
-145.00 0.00 -0.0100601
-140.00 0.00 -0.0088914
-135.00 0.00 -0.0059702
-130.00 0.00 -0.001769
-125.00 0.00 0.0014162
-120.00 0.00 0.0027539
-115.00 0.00 0.0023418
-110.00 0.00 -0.0001937
-105.00 0.00 -0.0029383
-100.00 0.00 -0.0014032
-95.00 0.00 0.005007
-90.00 0.00 0.0105851
-85.00 0.00 0.0108867
-80.00 0.00 0.0078712
-75.00 0.00 0.0048916
-70.00 0.00 0.0021999
-65.00 0.00 -0.0002104
-60.00 0.00 -0.0008178
-55.00 0.00 0.000406
-50.00 0.00 0.0015154
-45.00 0.00 0.0015956
-40.00 0.00 0.0008511
-35.00 0.00 -0.0009596
-30.00 0.00 -0.0031926
-25.00 0.00 -0.0040027
-20.00 0.00 -0.0037174
-15.00 0.00 -0.0049552
-10.00 0.00 -0.0077794
-5.00 0.00 -0.0092085
0.00 0.00 -0.0086175
5.00 0.00 -0.0086252
10.00 0.00 -0.0099341
15.00 0.00 -0.0103668
20.00 0.00 -0.0093675
25.00 0.00 -0.0086034
30.00 0.00 -0.0079918
35.00 0.00 -0.0055227
40.00 0.00 -0.0011468
45.00 0.00 0.0026481
50.00 0.00 0.0041462
55.00 0.00 0.0038708
60.00 0.00 0.0030902
65.00 0.00 0.0025991
70.00 0.00 0.0026195
75.00 0.00 0.0028621
80.00 0.00 0.0029685
85.00 0.00 0.0031598
90.00 0.00 0.0039447
95.00 0.00 0.0052186
100.00 0.00 0.0062197
105.00 0.00 0.0063318
110.00 0.00 0.005616
115.00 0.00 0.0046834
120.00 0.00 0.0039843
125.00 0.00 0.0028677
130.00 0.00 -9.11e-05
135.00 0.00 -0.0047459
140.00 0.00 -0.0080945
145.00 0.00 -0.0075074
150.00 0.00 -0.0050296
155.00 0.00 -0.0054392
160.00 0.00 -0.0094462
165.00 0.00 -0.0124557
170.00 0.00 -0.01147
175.00 0.00 -0.0091362
180.00 0.00 -0.0087865
-180.00 5.00 -0.007988
-175.00 5.00 -0.0088156
-170.00 5.00 -0.0097409
-165.00 5.00 -0.0102367
-160.00 5.00 -0.0105601
-155.00 5.00 -0.0103958
-150.00 5.00 -0.0096255
-145.00 5.00 -0.0088981
-140.00 5.00 -0.0079507
-135.00 5.00 -0.0053107
-130.00 5.00 -0.0008823
-125.00 5.00 0.0031624
-120.00 5.00 0.0047528
-115.00 5.00 0.0034987
-110.00 5.00 0.000522
-105.00 5.00 -0.001273
-100.00 5.00 0.0015572
-95.00 5.00 0.0086827
-90.00 5.00 0.0146004
-85.00 5.00 0.0143174
-80.00 5.00 0.0089723
-75.00 5.00 0.0037052
-70.00 5.00 0.0016134
-65.00 5.00 0.0016918
-60.00 5.00 0.0015924
-55.00 5.00 0.0008787
-50.00 5.00 0.0011719
-45.00 5.00 0.0029411
-40.00 5.00 0.0035982
-35.00 5.00 0.0011211
-30.00 5.00 -0.0019919
-25.00 5.00 -0.0023283
-20.00 5.00 -0.0015807
-15.00 5.00 -0.0037957
-10.00 5.00 -0.0079242
-5.00 5.00 -0.0090951
0.00 5.00 -0.0065788
5.00 5.00 -0.0045288
10.00 5.00 -0.0051566
15.00 5.00 -0.0065891
20.00 5.00 -0.0072354
25.00 5.00 -0.0074531
30.00 5.00 -0.0069576
35.00 5.00 -0.0046034
40.00 5.00 -0.0010044
45.00 5.00 0.0014382
50.00 5.00 0.0014188
55.00 5.00 3.65e-05
60.00 5.00 -0.000774
65.00 5.00 -0.0001953
70.00 5.00 0.0010216
75.00 5.00 0.0016171
80.00 5.00 0.001283
85.00 5.00 0.0009873
90.00 5.00 0.0017482
95.00 5.00 0.0032959
100.00 5.00 0.0042636
105.00 5.00 0.0038128
110.00 5.00 0.0027549
115.00 5.00 0.0024198
120.00 5.00 0.0024841
125.00 5.00 0.0010818
130.00 5.00 -0.0024379
135.00 5.00 -0.0060544
140.00 5.00 -0.0073071
145.00 5.00 -0.0062836
150.00 5.00 -0.0055445
155.00 5.00 -0.0071923
160.00 5.00 -0.0103879
165.00 5.00 -0.012174
170.00 5.00 -0.0110287
175.00 5.00 -0.008768
180.00 5.00 -0.007988
-180.00 10.00 -0.0077568
-175.00 10.00 -0.0090014
-170.00 10.00 -0.0096149
-165.00 10.00 -0.0088594
-160.00 10.00 -0.0076437
-155.00 10.00 -0.0070097
-150.00 10.00 -0.0069431
-145.00 10.00 -0.006986
-140.00 10.00 -0.0064309
-135.00 10.00 -0.0040435
-130.00 10.00 0.0004219
-125.00 10.00 0.0045638
-120.00 10.00 0.0052014
-115.00 10.00 0.0020997
-110.00 10.00 -0.0014534
-105.00 10.00 -0.0017623
-100.00 10.00 0.0021938
-95.00 10.00 0.0080836
-90.00 10.00 0.0118688
-85.00 10.00 0.0109282
-80.00 10.00 0.0065478
-75.00 10.00 0.0028988
-70.00 10.00 0.0026763
-65.00 10.00 0.0041844
-60.00 10.00 0.0040034
-55.00 10.00 0.002097
-50.00 10.00 0.0017493
-45.00 10.00 0.0038544
-40.00 10.00 0.0047809
-35.00 10.00 0.0021154
-30.00 10.00 -0.0011608
-25.00 10.00 -0.0017354
-20.00 10.00 -0.0016276
-15.00 10.00 -0.0041908
-10.00 10.00 -0.0075055
-5.00 10.00 -0.0070984
0.00 10.00 -0.00329
5.00 10.00 -0.00076
10.00 10.00 -0.0018845
15.00 10.00 -0.0046602
20.00 10.00 -0.0064727
25.00 10.00 -0.0065787
30.00 10.00 -0.005296
35.00 10.00 -0.0032102
40.00 10.00 -0.0012322
45.00 10.00 -0.0002605
50.00 10.00 -0.0007002
55.00 10.00 -0.0022536
60.00 10.00 -0.0037302
65.00 10.00 -0.0035734
70.00 10.00 -0.0014293
75.00 10.00 0.0011802
80.00 10.00 0.0024781
85.00 10.00 0.0024078
90.00 10.00 0.0023319
95.00 10.00 0.0029177
100.00 10.00 0.0031842
105.00 10.00 0.0021956
110.00 10.00 0.0008655
115.00 10.00 0.0006052
120.00 10.00 0.0006797
125.00 10.00 -0.0008241
130.00 10.00 -0.003455
135.00 10.00 -0.0046496
140.00 10.00 -0.0039134
145.00 10.00 -0.0037232
150.00 10.00 -0.0055595
155.00 10.00 -0.007912
160.00 10.00 -0.0089377
165.00 10.00 -0.0086021
170.00 10.00 -0.0077717
175.00 10.00 -0.0072632
180.00 10.00 -0.0077568
-180.00 15.00 -0.0065107
-175.00 15.00 -0.0083882
-170.00 15.00 -0.0088489
-165.00 15.00 -0.0076277
-160.00 15.00 -0.0062563
-155.00 15.00 -0.0060265
-150.00 15.00 -0.0061776
-145.00 15.00 -0.0054768
-140.00 15.00 -0.0038277
-135.00 15.00 -0.0012232
-130.00 15.00 0.0024696
-125.00 15.00 0.0055527
-120.00 15.00 0.0052141
-115.00 15.00 0.0017524
-110.00 15.00 -0.0005976
-105.00 15.00 0.0012052
-100.00 15.00 0.0053073
-95.00 15.00 0.0079168
-90.00 15.00 0.0078228
-85.00 15.00 0.0064121
-80.00 15.00 0.0051592
-75.00 15.00 0.0047958
-70.00 15.00 0.005425
-65.00 15.00 0.0060181
-60.00 15.00 0.0052389
-55.00 15.00 0.0037511
-50.00 15.00 0.0037328
-45.00 15.00 0.0050882
-40.00 15.00 0.0047613
-35.00 15.00 0.0013213
-30.00 15.00 -0.0026573
-25.00 15.00 -0.0047031
-20.00 15.00 -0.0058528
-15.00 15.00 -0.0075453
-10.00 15.00 -0.0081687
-5.00 15.00 -0.0057809
0.00 15.00 -0.0020809
5.00 15.00 -0.0006904
10.00 15.00 -0.0026575
15.00 15.00 -0.0056787
20.00 15.00 -0.0069582
25.00 15.00 -0.0057185
30.00 15.00 -0.0035274
35.00 15.00 -0.0024936
40.00 15.00 -0.0028046
45.00 15.00 -0.0027812
50.00 15.00 -0.0018345
55.00 15.00 -0.0016332
60.00 15.00 -0.003114
65.00 15.00 -0.004229
70.00 15.00 -0.0025894
75.00 15.00 0.0009375
80.00 15.00 0.0032869
85.00 15.00 0.0032302
90.00 15.00 0.0024696
95.00 15.00 0.0026737
100.00 15.00 0.0032446
105.00 15.00 0.0029854
110.00 15.00 0.0023903
115.00 15.00 0.002348
120.00 15.00 0.0017839
125.00 15.00 -0.0005994
130.00 15.00 -0.0030312
135.00 15.00 -0.0026841
140.00 15.00 -0.0006555
145.00 15.00 -0.0008775
150.00 15.00 -0.003908
155.00 15.00 -0.006045
160.00 15.00 -0.0051439
165.00 15.00 -0.0032801
170.00 15.00 -0.0029855
175.00 15.00 -0.0043881
180.00 15.00 -0.0065106
-180.00 20.00 -0.0040032
-175.00 20.00 -0.0054224
-170.00 20.00 -0.005583
-165.00 20.00 -0.0048868
-160.00 20.00 -0.0047716
-155.00 20.00 -0.0055368
-150.00 20.00 -0.0053113
-145.00 20.00 -0.0028794
-140.00 20.00 0.000324
-135.00 20.00 0.0026621
-130.00 20.00 0.0043616
-125.00 20.00 0.0055019
-120.00 20.00 0.0049116
-115.00 20.00 0.0031519
-110.00 20.00 0.003475
-105.00 20.00 0.0071449
-100.00 20.00 0.0105753
-95.00 20.00 0.0100677
-90.00 20.00 0.0071024
-85.00 20.00 0.0058557
-80.00 20.00 0.0072215
-75.00 20.00 0.0083854
-70.00 20.00 0.0072948
-65.00 20.00 0.0048362
-60.00 20.00 0.0030277
-55.00 20.00 0.003018
-50.00 20.00 0.0044836
-45.00 20.00 0.0056419
-40.00 20.00 0.0044196
-35.00 20.00 0.0005681
-30.00 20.00 -0.0040555
-25.00 20.00 -0.0076878
-20.00 20.00 -0.0099288
-15.00 20.00 -0.0106358
-10.00 20.00 -0.0093732
-5.00 20.00 -0.0066768
0.00 20.00 -0.0043905
5.00 20.00 -0.0039666
10.00 20.00 -0.0051409
15.00 20.00 -0.0062948
20.00 20.00 -0.0056537
25.00 20.00 -0.0029443
30.00 20.00 -0.000417
35.00 20.00 -0.0007536
40.00 20.00 -0.0032596
45.00 20.00 -0.0042278
50.00 20.00 -0.0021434
55.00 20.00 1.01e-05
60.00 20.00 -0.0006737
65.00 20.00 -0.0026609
70.00 20.00 -0.0025815
75.00 20.00 -0.0003026
80.00 20.00 0.0013987
85.00 20.00 0.0013081
90.00 20.00 0.0011147
95.00 20.00 0.0021761
100.00 20.00 0.00348
105.00 20.00 0.0038712
110.00 20.00 0.004144
115.00 20.00 0.00503
120.00 20.00 0.004924
125.00 20.00 0.0023788
130.00 20.00 -0.0004528
135.00 20.00 -0.0003373
140.00 20.00 0.0018208
145.00 20.00 0.0021507
150.00 20.00 -6.38e-05
155.00 20.00 -0.0015474
160.00 20.00 -0.0005492
165.00 20.00 0.0007963
170.00 20.00 0.000247
175.00 20.00 -0.0018208
180.00 20.00 -0.0040032
-180.00 25.00 -0.0023568
-175.00 25.00 -0.0019992
-170.00 25.00 -0.0010099
-165.00 25.00 -0.0004952
-160.00 25.00 -0.0015457
-155.00 25.00 -0.0033243
-150.00 25.00 -0.0031787
-145.00 25.00 -0.0001278
-140.00 25.00 0.0034081
-135.00 25.00 0.0048693
-130.00 25.00 0.0045959
-125.00 25.00 0.0040665
-120.00 25.00 0.003513
-115.00 25.00 0.0032684
-110.00 25.00 0.0049028
-105.00 25.00 0.0084132
-100.00 25.00 0.0105381
-95.00 25.00 0.0088683
-90.00 25.00 0.0059221
-85.00 25.00 0.0059592
-80.00 25.00 0.0088232
-75.00 25.00 0.0101261
-70.00 25.00 0.007268
-65.00 25.00 0.0025102
-60.00 25.00 -0.0002759
-55.00 25.00 0.0001909
-50.00 25.00 0.0022627
-45.00 25.00 0.0036751
-40.00 25.00 0.0032392
-35.00 25.00 0.0009319
-30.00 25.00 -0.002657
-25.00 25.00 -0.0065606
-20.00 25.00 -0.0094663
-15.00 25.00 -0.0103484
-10.00 25.00 -0.0094497
-5.00 25.00 -0.0080596
0.00 25.00 -0.007032
5.00 25.00 -0.0062216
10.00 25.00 -0.0054203
15.00 25.00 -0.0045843
20.00 25.00 -0.0030283
25.00 25.00 -0.0002212
30.00 25.00 0.0022449
35.00 25.00 0.0017711
40.00 25.00 -0.0012978
45.00 25.00 -0.0032772
50.00 25.00 -0.0020268
55.00 25.00 0.0001373
60.00 25.00 0.0001246
65.00 25.00 -0.001554
70.00 25.00 -0.0022735
75.00 25.00 -0.0014102
80.00 25.00 -0.0003923
85.00 25.00 0.0003724
90.00 25.00 0.0018843
95.00 25.00 0.0039399
100.00 25.00 0.0047286
105.00 25.00 0.0038657
110.00 25.00 0.0035874
115.00 25.00 0.0053783
120.00 25.00 0.0072572
125.00 25.00 0.006623
130.00 25.00 0.0044078
135.00 25.00 0.0036459
140.00 25.00 0.0047482
145.00 25.00 0.0052674
150.00 25.00 0.0040879
155.00 25.00 0.0027215
160.00 25.00 0.0021989
165.00 25.00 0.0015612
170.00 25.00 3e-05
175.00 25.00 -0.0016168
180.00 25.00 -0.0023568
-180.00 30.00 -0.002082
-175.00 30.00 -0.0003762
-170.00 30.00 0.0016579
-165.00 30.00 0.0024336
-160.00 30.00 0.0009617
-155.00 30.00 -0.0015103
-150.00 30.00 -0.0021878
-145.00 30.00 -3.56e-05
-140.00 30.00 0.0027857
-135.00 30.00 0.0037835
-130.00 30.00 0.0030325
-125.00 30.00 0.0020634
-120.00 30.00 0.0015061
-115.00 30.00 0.001408
-110.00 30.00 0.0023186
-105.00 30.00 0.0040999
-100.00 30.00 0.0049247
-95.00 30.00 0.0036154
-90.00 30.00 0.0020731
-85.00 30.00 0.0031019
-80.00 30.00 0.0062393
-75.00 30.00 0.0079677
-70.00 30.00 0.0061714
-65.00 30.00 0.0024778
-60.00 30.00 -0.0002367
-55.00 30.00 -0.0009962
-50.00 30.00 -0.0006064
-45.00 30.00 0.0002217
-40.00 30.00 0.0012478
-35.00 30.00 0.0017011
-30.00 30.00 0.0003595
-25.00 30.00 -0.0028956
-20.00 30.00 -0.0064312
-15.00 30.00 -0.0084485
-10.00 30.00 -0.0087075
-5.00 30.00 -0.0080046
0.00 30.00 -0.0066364
5.00 30.00 -0.0045907
10.00 30.00 -0.0027405
15.00 30.00 -0.0021144
20.00 30.00 -0.0020026
25.00 30.00 -0.0006739
30.00 30.00 0.0016799
35.00 30.00 0.0027064
40.00 30.00 0.0013382
45.00 30.00 -0.0004768
50.00 30.00 -0.0006309
55.00 30.00 0.0002998
60.00 30.00 0.0004971
65.00 30.00 -0.0002461
70.00 30.00 -0.0007422
75.00 30.00 -0.0004254
80.00 30.00 0.000542
85.00 30.00 0.0024261
90.00 30.00 0.0053068
95.00 30.00 0.007582
100.00 30.00 0.0071219
105.00 30.00 0.0044177
110.00 30.00 0.002809
115.00 30.00 0.0045006
120.00 30.00 0.0077131
125.00 30.00 0.0091699
130.00 30.00 0.0082946
135.00 30.00 0.0071612
140.00 30.00 0.0070186
145.00 30.00 0.0069733
150.00 30.00 0.0060203
155.00 30.00 0.0044021
160.00 30.00 0.0026082
165.00 30.00 0.0006213
170.00 30.00 -0.001342
175.00 30.00 -0.0024582
180.00 30.00 -0.002082
-180.00 35.00 -0.0015085
-175.00 35.00 -9.31e-05
-170.00 35.00 0.0017411
-165.00 35.00 0.002516
-160.00 35.00 0.0012855
-155.00 35.00 -0.000992
-150.00 35.00 -0.0020763
-145.00 35.00 -0.0009469
-140.00 35.00 0.0010329
-135.00 35.00 0.0019656
-130.00 35.00 0.0015811
-125.00 35.00 0.0008618
-120.00 35.00 0.0004609
-115.00 35.00 0.0005152
-110.00 35.00 0.0012599
-105.00 35.00 0.0025785
-100.00 35.00 0.0033897
-95.00 35.00 0.0027321
-90.00 35.00 0.0013034
-85.00 35.00 0.0008215
-80.00 35.00 0.0018739
-75.00 35.00 0.0033531
-70.00 35.00 0.0040193
-65.00 35.00 0.0036332
-60.00 35.00 0.0024317
-55.00 35.00 0.0006049
-50.00 35.00 -0.0011437
-45.00 35.00 -0.0014515
-40.00 35.00 0.0002457
-35.00 35.00 0.0023841
-30.00 35.00 0.0023964
-25.00 35.00 -0.0005983
-20.00 35.00 -0.0048307
-15.00 35.00 -0.0077811
-10.00 35.00 -0.0083587
-5.00 35.00 -0.0069275
0.00 35.00 -0.0042184
5.00 35.00 -0.0012437
10.00 35.00 0.0004232
15.00 35.00 -0.0001468
20.00 35.00 -0.0016938
25.00 35.00 -0.0017867
30.00 35.00 0.000241
35.00 35.00 0.0025166
40.00 35.00 0.0032101
45.00 35.00 0.0026994
50.00 35.00 0.0024581
55.00 35.00 0.0028629
60.00 35.00 0.003134
65.00 35.00 0.0027931
70.00 35.00 0.0021726
75.00 35.00 0.0018493
80.00 35.00 0.0023901
85.00 35.00 0.0042572
90.00 35.00 0.0070028
95.00 35.00 0.0088076
100.00 35.00 0.008008
105.00 35.00 0.0053216
110.00 35.00 0.0035368
115.00 35.00 0.0044433
120.00 35.00 0.0068538
125.00 35.00 0.0083204
130.00 35.00 0.0080702
135.00 35.00 0.0072834
140.00 35.00 0.0069665
145.00 35.00 0.0067786
150.00 35.00 0.0059799
155.00 35.00 0.0044894
160.00 35.00 0.0026767
165.00 35.00 0.0008278
170.00 35.00 -0.0007911
175.00 35.00 -0.0017252
180.00 35.00 -0.0015085
-180.00 40.00 -0.0004364
-175.00 40.00 5.58e-05
-170.00 40.00 0.0011193
-165.00 40.00 0.0018527
-160.00 40.00 0.0015338
-155.00 40.00 0.0005706
-150.00 40.00 0.0001798
-145.00 40.00 0.0009287
-140.00 40.00 0.0020111
-135.00 40.00 0.0022608
-130.00 40.00 0.0015016
-125.00 40.00 0.0005556
-120.00 40.00 0.0003107
-115.00 40.00 0.0012316
-110.00 40.00 0.0033824
-105.00 40.00 0.0061959
-100.00 40.00 0.008283
-95.00 40.00 0.0081961
-90.00 40.00 0.0057372
-85.00 40.00 0.0023108
-80.00 40.00 -0.0001297
-75.00 40.00 -0.0004386
-70.00 40.00 0.0011124
-65.00 40.00 0.0030704
-60.00 40.00 0.0037093
-55.00 40.00 0.0023702
-50.00 40.00 0.0002539
-45.00 40.00 -0.0005245
-40.00 40.00 0.0008501
-35.00 40.00 0.0027609
-30.00 40.00 0.0026622
-25.00 40.00 -0.0002892
-20.00 40.00 -0.0044158
-15.00 40.00 -0.0072412
-10.00 40.00 -0.0075428
-5.00 40.00 -0.0056922
0.00 40.00 -0.0027811
5.00 40.00 -3.86e-05
10.00 40.00 0.0014093
15.00 40.00 0.0012099
20.00 40.00 0.0003431
25.00 40.00 0.0003094
30.00 40.00 0.0015045
35.00 40.00 0.0028956
40.00 40.00 0.0034897
45.00 40.00 0.0035271
50.00 40.00 0.0038404
55.00 40.00 0.004541
60.00 40.00 0.0049237
65.00 40.00 0.0044722
70.00 40.00 0.0034807
75.00 40.00 0.0027437
80.00 40.00 0.0029476
85.00 40.00 0.0042253
90.00 40.00 0.0059164
95.00 40.00 0.0068555
100.00 40.00 0.0063713
105.00 40.00 0.0051
110.00 40.00 0.0044238
115.00 40.00 0.0049515
120.00 40.00 0.0059182
125.00 40.00 0.0062905
130.00 40.00 0.0060522
135.00 40.00 0.0059676
140.00 40.00 0.0063406
145.00 40.00 0.0065804
150.00 40.00 0.0060207
155.00 40.00 0.0047041
160.00 40.00 0.00318
165.00 40.00 0.001846
170.00 40.00 0.0007437
175.00 40.00 -0.0001086
180.00 40.00 -0.0004364
-180.00 45.00 -0.0001778
-175.00 45.00 2.56e-05
-170.00 45.00 0.0008343
-165.00 45.00 0.0018805
-160.00 45.00 0.0027071
-155.00 45.00 0.0032549
-150.00 45.00 0.0037928
-145.00 45.00 0.0043377
-140.00 45.00 0.0043983
-135.00 45.00 0.0034901
-130.00 45.00 0.0018039
-125.00 45.00 0.0002208
-120.00 45.00 -0.0002644
-115.00 45.00 0.0009263
-110.00 45.00 0.0037117
-105.00 45.00 0.0072322
-100.00 45.00 0.0099564
-95.00 45.00 0.0103526
-90.00 45.00 0.0079279
-85.00 45.00 0.0037862
-80.00 45.00 7.22e-05
-75.00 45.00 -0.0013972
-70.00 45.00 -0.0003376
-65.00 45.00 0.0018592
-60.00 45.00 0.0032338
-55.00 45.00 0.002839
-50.00 45.00 0.0014426
-45.00 45.00 0.0006117
-40.00 45.00 0.0010143
-35.00 45.00 0.0017165
-30.00 45.00 0.0012497
-25.00 45.00 -0.0007623
-20.00 45.00 -0.0032284
-15.00 45.00 -0.0047391
-10.00 45.00 -0.0047951
-5.00 45.00 -0.0038643
0.00 45.00 -0.0025978
5.00 45.00 -0.0013006
10.00 45.00 -1.63e-05
15.00 45.00 0.0012391
20.00 45.00 0.0023815
25.00 45.00 0.0031756
30.00 45.00 0.0032333
35.00 45.00 0.0023645
40.00 45.00 0.001026
45.00 45.00 0.0001539
50.00 45.00 0.0003089
55.00 45.00 0.001095
60.00 45.00 0.0016286
65.00 45.00 0.0015412
70.00 45.00 0.0013546
75.00 45.00 0.0018689
80.00 45.00 0.0033058
85.00 45.00 0.005057
90.00 45.00 0.0061792
95.00 45.00 0.0061618
100.00 45.00 0.0053525
105.00 45.00 0.004667
110.00 45.00 0.0047725
115.00 45.00 0.0055057
120.00 45.00 0.0061589
125.00 45.00 0.0063304
130.00 45.00 0.0063253
135.00 45.00 0.0066236
140.00 45.00 0.0071266
145.00 45.00 0.0071648
150.00 45.00 0.006244
155.00 45.00 0.0045915
160.00 45.00 0.0028938
165.00 45.00 0.0016288
170.00 45.00 0.0007822
175.00 45.00 0.0001631
180.00 45.00 -0.0001777
-180.00 50.00 -0.0004411
-175.00 50.00 -0.0001328
-170.00 50.00 0.0007392
-165.00 50.00 0.0020433
-160.00 50.00 0.0034504
-155.00 50.00 0.0046503
-150.00 50.00 0.00544
-145.00 50.00 0.0056389
-140.00 50.00 0.0050674
-135.00 50.00 0.0037201
-130.00 50.00 0.0019407
-125.00 50.00 0.000346
-120.00 50.00 -0.0004646
-115.00 50.00 -0.0001753
-110.00 50.00 0.0011273
-105.00 50.00 0.002937
-100.00 50.00 0.0044311
-95.00 50.00 0.0048
-90.00 50.00 0.0037498
-85.00 50.00 0.0018215
-80.00 50.00 0.0001633
-75.00 50.00 -0.0002093
-70.00 50.00 0.0008484
-65.00 50.00 0.0024807
-60.00 50.00 0.0034742
-55.00 50.00 0.0031771
-50.00 50.00 0.0019061
-45.00 50.00 0.0005036
-40.00 50.00 -0.000471
-35.00 50.00 -0.0010847
-30.00 50.00 -0.0016411
-25.00 50.00 -0.0021387
-20.00 50.00 -0.0022705
-15.00 50.00 -0.001923
-10.00 50.00 -0.0014695
-5.00 50.00 -0.0014201
0.00 50.00 -0.0018098
5.00 50.00 -0.0020493
10.00 50.00 -0.001447
15.00 50.00 9.64e-05
20.00 50.00 0.0018547
25.00 50.00 0.0027087
30.00 50.00 0.001936
35.00 50.00 -0.0002155
40.00 50.00 -0.0026384
45.00 50.00 -0.0041546
50.00 50.00 -0.0043602
55.00 50.00 -0.0037559
60.00 50.00 -0.003037
65.00 50.00 -0.0022791
70.00 50.00 -0.0008847
75.00 50.00 0.0016515
80.00 50.00 0.0049644
85.00 50.00 0.0078478
90.00 50.00 0.0091108
95.00 50.00 0.0085007
100.00 50.00 0.0068896
105.00 50.00 0.0055806
110.00 50.00 0.0053503
115.00 50.00 0.0060333
120.00 50.00 0.0069207
125.00 50.00 0.0074785
130.00 50.00 0.007663
135.00 50.00 0.0076363
140.00 50.00 0.0073544
145.00 50.00 0.006559
150.00 50.00 0.0051424
155.00 50.00 0.0033939
160.00 50.00 0.0018143
165.00 50.00 0.0007176
170.00 50.00 6.64e-05
175.00 50.00 -0.0003149
180.00 50.00 -0.0004411
-180.00 55.00 0.0001208
-175.00 55.00 0.0002707
-170.00 55.00 0.0009721
-165.00 55.00 0.0021443
-160.00 55.00 0.0034748
-155.00 55.00 0.0045778
-150.00 55.00 0.005169
-145.00 55.00 0.0051532
-140.00 55.00 0.004621
-135.00 55.00 0.0037929
-130.00 55.00 0.0029243
-125.00 55.00 0.0021947
-120.00 55.00 0.0016449
-115.00 55.00 0.0012106
-110.00 55.00 0.0008171
-105.00 55.00 0.0004387
-100.00 55.00 8.56e-05
-95.00 55.00 -0.0002209
-90.00 55.00 -0.0004171
-85.00 55.00 -0.0003482
-80.00 55.00 0.0001905
-75.00 55.00 0.0012842
-70.00 55.00 0.0027205
-65.00 55.00 0.0039868
-60.00 55.00 0.0045049
-55.00 55.00 0.0039527
-50.00 55.00 0.0024275
-45.00 55.00 0.0003489
-40.00 55.00 -0.0017687
-35.00 55.00 -0.0034669
-30.00 55.00 -0.0043748
-25.00 55.00 -0.0042595
-20.00 55.00 -0.0031859
-15.00 55.00 -0.0016388
-10.00 55.00 -0.0003639
-5.00 55.00 8.09e-05
0.00 55.00 -0.0002702
5.00 55.00 -0.0008196
10.00 55.00 -0.0009009
15.00 55.00 -0.000347
20.00 55.00 0.0003506
25.00 55.00 0.0004352
30.00 55.00 -0.0004855
35.00 55.00 -0.002092
40.00 55.00 -0.0035792
45.00 55.00 -0.004267
50.00 55.00 -0.0040641
55.00 55.00 -0.0033739
60.00 55.00 -0.0025499
65.00 55.00 -0.0014523
70.00 55.00 0.0004236
75.00 55.00 0.0033338
80.00 55.00 0.0067763
85.00 55.00 0.0096157
90.00 55.00 0.0108044
95.00 55.00 0.0101163
100.00 55.00 0.0082932
105.00 55.00 0.0065045
110.00 55.00 0.005577
115.00 55.00 0.0055876
120.00 55.00 0.0060407
125.00 55.00 0.0063606
130.00 55.00 0.0062549
135.00 55.00 0.0057381
140.00 55.00 0.0049526
145.00 55.00 0.0040331
150.00 55.00 0.0030995
155.00 55.00 0.0022752
160.00 55.00 0.0016398
165.00 55.00 0.0011663
170.00 55.00 0.0007533
175.00 55.00 0.0003619
180.00 55.00 0.0001208
-180.00 60.00 0.0013038
-175.00 60.00 0.0011746
-170.00 60.00 0.0016027
-165.00 60.00 0.0025065
-160.00 60.00 0.0035832
-155.00 60.00 0.0044658
-150.00 60.00 0.0049099
-145.00 60.00 0.004903
-140.00 60.00 0.0046436
-135.00 60.00 0.0044087
-130.00 60.00 0.0043855
-125.00 60.00 0.004562
-120.00 60.00 0.0047385
-115.00 60.00 0.0046541
-110.00 60.00 0.0041495
-105.00 60.00 0.0032654
-100.00 60.00 0.0022229
-95.00 60.00 0.0013161
-90.00 60.00 0.000794
-85.00 60.00 0.0007896
-80.00 60.00 0.0013029
-75.00 60.00 0.0022082
-70.00 60.00 0.0032687
-65.00 60.00 0.0041686
-60.00 60.00 0.004578
-55.00 60.00 0.0042438
-50.00 60.00 0.0030744
-45.00 60.00 0.0011912
-40.00 60.00 -0.001069
-35.00 60.00 -0.0032075
-30.00 60.00 -0.0046899
-25.00 60.00 -0.005134
-20.00 60.00 -0.0044906
-15.00 60.00 -0.0030957
-10.00 60.00 -0.0015225
-5.00 60.00 -0.0002927
0.00 60.00 0.0003652
5.00 60.00 0.0005471
10.00 60.00 0.0004874
15.00 60.00 0.0003288
20.00 60.00 4.26e-05
25.00 60.00 -0.0004458
30.00 60.00 -0.0010657
35.00 60.00 -0.0015458
40.00 60.00 -0.0015728
45.00 60.00 -0.0010359
50.00 60.00 -0.0001288
55.00 60.00 0.000809
60.00 60.00 0.0015914
65.00 60.00 0.0023571
70.00 60.00 0.0034386
75.00 60.00 0.0050167
80.00 60.00 0.006856
85.00 60.00 0.0083658
90.00 60.00 0.0089624
95.00 60.00 0.0084569
100.00 60.00 0.0071722
105.00 60.00 0.0057152
110.00 60.00 0.004594
115.00 60.00 0.0039636
120.00 60.00 0.0036493
125.00 60.00 0.0033723
130.00 60.00 0.002977
135.00 60.00 0.0025099
140.00 60.00 0.0021415
145.00 60.00 0.0020233
150.00 60.00 0.0021832
155.00 60.00 0.0024998
160.00 60.00 0.0027569
165.00 60.00 0.0027479
170.00 60.00 0.0023945
175.00 60.00 0.0018169
180.00 60.00 0.0013038
-180.00 65.00 0.0022327
-175.00 65.00 0.0021271
-170.00 65.00 0.0024739
-165.00 65.00 0.0031832
-160.00 65.00 0.0040115
-155.00 65.00 0.0046808
-150.00 65.00 0.0050116
-145.00 65.00 0.0050044
-140.00 65.00 0.0048264
-135.00 65.00 0.0047161
-130.00 65.00 0.0048551
-125.00 65.00 0.0052744
-120.00 65.00 0.0058409
-115.00 65.00 0.0063255
-110.00 65.00 0.0065123
-105.00 65.00 0.006291
-100.00 65.00 0.0056905
-95.00 65.00 0.0048533
-90.00 65.00 0.0039743
-85.00 65.00 0.003241
-80.00 65.00 0.0027899
-75.00 65.00 0.0026811
-70.00 65.00 0.0028826
-65.00 65.00 0.0032652
-60.00 65.00 0.0036171
-55.00 65.00 0.0036888
-50.00 65.00 0.0032684
-45.00 65.00 0.0022665
-40.00 65.00 0.0007776
-35.00 65.00 -0.000919
-30.00 65.00 -0.002434
-25.00 65.00 -0.0034017
-20.00 65.00 -0.0036159
-15.00 65.00 -0.003103
-10.00 65.00 -0.0020966
-5.00 65.00 -0.0009316
0.00 65.00 8.22e-05
5.00 65.00 0.0007433
10.00 65.00 0.0009794
15.00 65.00 0.000827
20.00 65.00 0.0004083
25.00 65.00 -8.59e-05
30.00 65.00 -0.0004252
35.00 65.00 -0.0004041
40.00 65.00 7.05e-05
45.00 65.00 0.0009219
50.00 65.00 0.0019312
55.00 65.00 0.0028505
60.00 65.00 0.0035381
65.00 65.00 0.0040213
70.00 65.00 0.0044416
75.00 65.00 0.0049198
80.00 65.00 0.0054437
85.00 65.00 0.0058613
90.00 65.00 0.0059807
95.00 65.00 0.0057003
100.00 65.00 0.0050724
105.00 65.00 0.0042635
110.00 65.00 0.0034523
115.00 65.00 0.0027461
120.00 65.00 0.0021694
125.00 65.00 0.001716
130.00 65.00 0.0014083
135.00 65.00 0.0013119
140.00 65.00 0.001494
145.00 65.00 0.0019572
150.00 65.00 0.0025963
155.00 65.00 0.0032139
160.00 65.00 0.0035924
165.00 65.00 0.0035924
170.00 65.00 0.0032294
175.00 65.00 0.0026838
180.00 65.00 0.0022327
-180.00 70.00 0.0031418
-175.00 70.00 0.0034233
-170.00 70.00 0.003924
-165.00 70.00 0.0045631
-160.00 70.00 0.0051955
-155.00 70.00 0.0056699
-150.00 70.00 0.0058925
-145.00 70.00 0.0058645
-140.00 70.00 0.0056802
-135.00 70.00 0.0054848
-130.00 70.00 0.0054124
-125.00 70.00 0.0055313
-120.00 70.00 0.0058181
-115.00 70.00 0.0061699
-110.00 70.00 0.0064442
-105.00 70.00 0.006511
-100.00 70.00 0.006295
-95.00 70.00 0.0057978
-90.00 70.00 0.0050956
-85.00 70.00 0.004317
-80.00 70.00 0.003608
-75.00 70.00 0.0030934
-70.00 70.00 0.0028408
-65.00 70.00 0.002838
-60.00 70.00 0.0029909
-55.00 70.00 0.0031482
-50.00 70.00 0.0031477
-45.00 70.00 0.0028731
-40.00 70.00 0.0022995
-35.00 70.00 0.0015096
-30.00 70.00 0.0006714
-25.00 70.00 -1.8e-05
-20.00 70.00 -0.0003981
-15.00 70.00 -0.0003985
-10.00 70.00 -5.76e-05
-5.00 70.00 0.0004955
0.00 70.00 0.0010868
5.00 70.00 0.0015523
10.00 70.00 0.0017842
15.00 70.00 0.0017573
20.00 70.00 0.0015321
25.00 70.00 0.0012322
30.00 70.00 0.0010041
35.00 70.00 0.0009676
40.00 70.00 0.0011757
45.00 70.00 0.0015995
50.00 70.00 0.0021463
55.00 70.00 0.0027035
60.00 70.00 0.0031847
65.00 70.00 0.0035558
70.00 70.00 0.0038285
75.00 70.00 0.0040302
80.00 70.00 0.0041725
85.00 70.00 0.0042382
90.00 70.00 0.0041916
95.00 70.00 0.0040031
100.00 70.00 0.0036693
105.00 70.00 0.0032181
110.00 70.00 0.0027006
115.00 70.00 0.0021784
120.00 70.00 0.0017146
125.00 70.00 0.0013697
130.00 70.00 0.0011968
135.00 70.00 0.0012296
140.00 70.00 0.001467
145.00 70.00 0.0018614
150.00 70.00 0.0023213
155.00 70.00 0.0027361
160.00 70.00 0.0030142
165.00 70.00 0.003122
170.00 70.00 0.0031034
175.00 70.00 0.0030667
180.00 70.00 0.0031418
-180.00 75.00 0.004051
-175.00 75.00 0.0048115
-170.00 75.00 0.0055938
-165.00 75.00 0.0063442
-160.00 75.00 0.0069985
-155.00 75.00 0.0074993
-150.00 75.00 0.007813
-145.00 75.00 0.0079399
-140.00 75.00 0.0079137
-135.00 75.00 0.0077895
-130.00 75.00 0.0076259
-125.00 75.00 0.007467
-120.00 75.00 0.0073299
-115.00 75.00 0.0072023
-110.00 75.00 0.0070507
-105.00 75.00 0.0068348
-100.00 75.00 0.0065241
-95.00 75.00 0.0061109
-90.00 75.00 0.0056162
-85.00 75.00 0.0050865
-80.00 75.00 0.004582
-75.00 75.00 0.0041615
-70.00 75.00 0.003866
-65.00 75.00 0.0037074
-60.00 75.00 0.003666
-55.00 75.00 0.0036969
-50.00 75.00 0.0037443
-45.00 75.00 0.0037599
-40.00 75.00 0.0037175
-35.00 75.00 0.0036217
-30.00 75.00 0.0035044
-25.00 75.00 0.0034129
-20.00 75.00 0.0033923
-15.00 75.00 0.0034687
-10.00 75.00 0.0036392
-5.00 75.00 0.0038714
0.00 75.00 0.0041131
5.00 75.00 0.0043084
10.00 75.00 0.0044137
15.00 75.00 0.0044103
20.00 75.00 0.0043081
25.00 75.00 0.0041415
30.00 75.00 0.0039562
35.00 75.00 0.0037961
40.00 75.00 0.0036901
45.00 75.00 0.0036466
50.00 75.00 0.0036541
55.00 75.00 0.0036884
60.00 75.00 0.0037211
65.00 75.00 0.0037276
70.00 75.00 0.0036896
75.00 75.00 0.0035958
80.00 75.00 0.0034384
85.00 75.00 0.0032122
90.00 75.00 0.0029137
95.00 75.00 0.0025437
100.00 75.00 0.0021111
105.00 75.00 0.0016347
110.00 75.00 0.001144
115.00 75.00 0.0006769
120.00 75.00 0.0002752
125.00 75.00 -2.17e-05
130.00 75.00 -0.0001833
135.00 75.00 -0.0001931
140.00 75.00 -5.17e-05
145.00 75.00 0.0002235
150.00 75.00 0.0006043
155.00 75.00 0.0010596
160.00 75.00 0.0015655
165.00 75.00 0.0021113
170.00 75.00 0.0027004
175.00 75.00 0.0033445
180.00 75.00 0.004051
-180.00 80.00 0.0040053
-175.00 80.00 0.0048902
-170.00 80.00 0.0057425
-165.00 80.00 0.0065334
-160.00 80.00 0.0072366
-155.00 80.00 0.0078311
-150.00 80.00 0.008303
-145.00 80.00 0.0086476
-140.00 80.00 0.0088681
-135.00 80.00 0.0089744
-130.00 80.00 0.0089805
-125.00 80.00 0.0089014
-120.00 80.00 0.0087513
-115.00 80.00 0.0085418
-110.00 80.00 0.008282
-105.00 80.00 0.0079806
-100.00 80.00 0.0076465
-95.00 80.00 0.0072906
-90.00 80.00 0.0069266
-85.00 80.00 0.0065704
-80.00 80.00 0.0062391
-75.00 80.00 0.0059486
-70.00 80.00 0.0057112
-65.00 80.00 0.0055342
-60.00 80.00 0.0054192
-55.00 80.00 0.0053629
-50.00 80.00 0.0053578
-45.00 80.00 0.0053949
-40.00 80.00 0.0054654
-35.00 80.00 0.0055625
-30.00 80.00 0.0056811
-25.00 80.00 0.0058174
-20.00 80.00 0.0059672
-15.00 80.00 0.0061249
-10.00 80.00 0.0062817
-5.00 80.00 0.0064263
0.00 80.00 0.0065454
5.00 80.00 0.0066257
10.00 80.00 0.0066564
15.00 80.00 0.0066302
20.00 80.00 0.0065451
25.00 80.00 0.0064035
30.00 80.00 0.0062115
35.00 80.00 0.0059763
40.00 80.00 0.0057054
45.00 80.00 0.0054045
50.00 80.00 0.005077
55.00 80.00 0.0047237
60.00 80.00 0.0043437
65.00 80.00 0.0039354
70.00 80.00 0.0034978
75.00 80.00 0.0030307
80.00 80.00 0.0025358
85.00 80.00 0.0020177
90.00 80.00 0.001484
95.00 80.00 0.0009454
100.00 80.00 0.000416
105.00 80.00 -8.74e-05
110.00 80.00 -0.0005452
115.00 80.00 -0.0009368
120.00 80.00 -0.0012419
125.00 80.00 -0.0014425
130.00 80.00 -0.0015238
135.00 80.00 -0.0014756
140.00 80.00 -0.0012935
145.00 80.00 -0.0009786
150.00 80.00 -0.0005369
155.00 80.00 2.17e-05
160.00 80.00 0.0006837
165.00 80.00 0.0014331
170.00 80.00 0.0022512
175.00 80.00 0.0031167
180.00 80.00 0.0040053
-180.00 85.00 0.0033592
-175.00 85.00 0.0038314
-170.00 85.00 0.0042954
-165.00 85.00 0.0047411
-160.00 85.00 0.0051597
-155.00 85.00 0.0055443
-150.00 85.00 0.0058895
-145.00 85.00 0.0061911
-140.00 85.00 0.0064458
-135.00 85.00 0.0066519
-130.00 85.00 0.0068097
-125.00 85.00 0.0069213
-120.00 85.00 0.0069905
-115.00 85.00 0.0070214
-110.00 85.00 0.0070179
-105.00 85.00 0.0069848
-100.00 85.00 0.0069273
-95.00 85.00 0.0068519
-90.00 85.00 0.0067648
-85.00 85.00 0.0066718
-80.00 85.00 0.0065774
-75.00 85.00 0.0064856
-70.00 85.00 0.0064001
-65.00 85.00 0.0063244
-60.00 85.00 0.0062611
-55.00 85.00 0.0062115
-50.00 85.00 0.0061752
-45.00 85.00 0.0061506
-40.00 85.00 0.0061361
-35.00 85.00 0.00613
-30.00 85.00 0.00613
-25.00 85.00 0.0061331
-20.00 85.00 0.0061351
-15.00 85.00 0.0061314
-10.00 85.00 0.0061182
-5.00 85.00 0.0060921
0.00 85.00 0.0060498
5.00 85.00 0.0059881
10.00 85.00 0.0059034
15.00 85.00 0.0057929
20.00 85.00 0.0056546
25.00 85.00 0.005488
30.00 85.00 0.0052933
35.00 85.00 0.0050712
40.00 85.00 0.0048222
45.00 85.00 0.0045476
50.00 85.00 0.0042496
55.00 85.00 0.0039316
60.00 85.00 0.0035976
65.00 85.00 0.0032518
70.00 85.00 0.0028983
75.00 85.00 0.0025415
80.00 85.00 0.002187
85.00 85.00 0.0018411
90.00 85.00 0.0015108
95.00 85.00 0.0012031
100.00 85.00 0.0009244
105.00 85.00 0.000681
110.00 85.00 0.0004794
115.00 85.00 0.000326
120.00 85.00 0.0002267
125.00 85.00 0.0001859
130.00 85.00 0.0002064
135.00 85.00 0.0002892
140.00 85.00 0.0004341
145.00 85.00 0.0006403
150.00 85.00 0.000905
155.00 85.00 0.0012237
160.00 85.00 0.0015899
165.00 85.00 0.0019955
170.00 85.00 0.0024316
175.00 85.00 0.0028893
180.00 85.00 0.0033592
-180.00 90.00 0.0040506
-175.00 90.00 0.0040506
-170.00 90.00 0.0040506
-165.00 90.00 0.0040506
-160.00 90.00 0.0040506
-155.00 90.00 0.0040506
-150.00 90.00 0.0040506
-145.00 90.00 0.0040506
-140.00 90.00 0.0040506
-135.00 90.00 0.0040506
-130.00 90.00 0.0040506
-125.00 90.00 0.0040506
-120.00 90.00 0.0040506
-115.00 90.00 0.0040506
-110.00 90.00 0.0040506
-105.00 90.00 0.0040506
-100.00 90.00 0.0040506
-95.00 90.00 0.0040506
-90.00 90.00 0.0040506
-85.00 90.00 0.0040506
-80.00 90.00 0.0040506
-75.00 90.00 0.0040506
-70.00 90.00 0.0040506
-65.00 90.00 0.0040506
-60.00 90.00 0.0040506
-55.00 90.00 0.0040506
-50.00 90.00 0.0040506
-45.00 90.00 0.0040506
-40.00 90.00 0.0040506
-35.00 90.00 0.0040506
-30.00 90.00 0.0040506
-25.00 90.00 0.0040506
-20.00 90.00 0.0040506
-15.00 90.00 0.0040506
-10.00 90.00 0.0040506
-5.00 90.00 0.0040506
0.00 90.00 0.0040506
5.00 90.00 0.0040506
10.00 90.00 0.0040506
15.00 90.00 0.0040506
20.00 90.00 0.0040506
25.00 90.00 0.0040506
30.00 90.00 0.0040506
35.00 90.00 0.0040506
40.00 90.00 0.0040506
45.00 90.00 0.0040506
50.00 90.00 0.0040506
55.00 90.00 0.0040506
60.00 90.00 0.0040506
65.00 90.00 0.0040506
70.00 90.00 0.0040506
75.00 90.00 0.0040506
80.00 90.00 0.0040506
85.00 90.00 0.0040506
90.00 90.00 0.0040506
95.00 90.00 0.0040506
100.00 90.00 0.0040506
105.00 90.00 0.0040506
110.00 90.00 0.0040506
115.00 90.00 0.0040506
120.00 90.00 0.0040506
125.00 90.00 0.0040506
130.00 90.00 0.0040506
135.00 90.00 0.0040506
140.00 90.00 0.0040506
145.00 90.00 0.0040506
150.00 90.00 0.0040506
155.00 90.00 0.0040506
160.00 90.00 0.0040506
165.00 90.00 0.0040506
170.00 90.00 0.0040506
175.00 90.00 0.0040506
180.00 90.00 0.0040506
