-180.00 -90.00 -0.0023573
-175.00 -90.00 -0.0023572
-170.00 -90.00 -0.0023571
-165.00 -90.00 -0.002357
-160.00 -90.00 -0.002357
-155.00 -90.00 -0.0023569
-150.00 -90.00 -0.0023569
-145.00 -90.00 -0.002357
-140.00 -90.00 -0.002357
-135.00 -90.00 -0.0023571
-130.00 -90.00 -0.0023572
-125.00 -90.00 -0.0023573
-120.00 -90.00 -0.0023575
-115.00 -90.00 -0.0023576
-110.00 -90.00 -0.0023578
-105.00 -90.00 -0.0023579
-100.00 -90.00 -0.0023581
-95.00 -90.00 -0.0023582
-90.00 -90.00 -0.0023584
-85.00 -90.00 -0.0023585
-80.00 -90.00 -0.0023586
-75.00 -90.00 -0.0023587
-70.00 -90.00 -0.0023587
-65.00 -90.00 -0.0023587
-60.00 -90.00 -0.0023587
-55.00 -90.00 -0.0023587
-50.00 -90.00 -0.0023586
-45.00 -90.00 -0.0023586
-40.00 -90.00 -0.0023585
-35.00 -90.00 -0.0023583
-30.00 -90.00 -0.0023582
-25.00 -90.00 -0.0023581
-20.00 -90.00 -0.0023579
-15.00 -90.00 -0.0023577
-10.00 -90.00 -0.0023576
-5.00 -90.00 -0.0023574
0.00 -90.00 -0.0023573
5.00 -90.00 -0.0023572
10.00 -90.00 -0.0023571
15.00 -90.00 -0.002357
20.00 -90.00 -0.002357
25.00 -90.00 -0.0023569
30.00 -90.00 -0.0023569
35.00 -90.00 -0.002357
40.00 -90.00 -0.002357
45.00 -90.00 -0.0023571
50.00 -90.00 -0.0023572
55.00 -90.00 -0.0023573
60.00 -90.00 -0.0023575
65.00 -90.00 -0.0023576
70.00 -90.00 -0.0023578
75.00 -90.00 -0.0023579
80.00 -90.00 -0.0023581
85.00 -90.00 -0.0023582
90.00 -90.00 -0.0023584
95.00 -90.00 -0.0023585
100.00 -90.00 -0.0023586
105.00 -90.00 -0.0023587
110.00 -90.00 -0.0023587
115.00 -90.00 -0.0023587
120.00 -90.00 -0.0023587
125.00 -90.00 -0.0023587
130.00 -90.00 -0.0023586
135.00 -90.00 -0.0023586
140.00 -90.00 -0.0023585
145.00 -90.00 -0.0023583
150.00 -90.00 -0.0023582
155.00 -90.00 -0.0023581
160.00 -90.00 -0.0023579
165.00 -90.00 -0.0023577
170.00 -90.00 -0.0023576
175.00 -90.00 -0.0023574
180.00 -90.00 -0.0023573
-180.00 -85.00 -0.0047755
-175.00 -85.00 -0.0047171
-170.00 -85.00 -0.004665
-165.00 -85.00 -0.0046279
-160.00 -85.00 -0.0046128
-155.00 -85.00 -0.0046249
-150.00 -85.00 -0.0046677
-145.00 -85.00 -0.0047435
-140.00 -85.00 -0.0048523
-135.00 -85.00 -0.0049929
-130.00 -85.00 -0.0051628
-125.00 -85.00 -0.0053588
-120.00 -85.00 -0.0055774
-115.00 -85.00 -0.005814
-110.00 -85.00 -0.0060627
-105.00 -85.00 -0.0063167
-100.00 -85.00 -0.0065682
-95.00 -85.00 -0.0068092
-90.00 -85.00 -0.007031
-85.00 -85.00 -0.0072242
-80.00 -85.00 -0.0073791
-75.00 -85.00 -0.0074862
-70.00 -85.00 -0.0075369
-65.00 -85.00 -0.0075243
-60.00 -85.00 -0.0074426
-55.00 -85.00 -0.0072877
-50.00 -85.00 -0.0070573
-45.00 -85.00 -0.0067515
-40.00 -85.00 -0.0063726
-35.00 -85.00 -0.0059251
-30.00 -85.00 -0.0054153
-25.00 -85.00 -0.0048519
-20.00 -85.00 -0.0042449
-15.00 -85.00 -0.0036057
-10.00 -85.00 -0.0029467
-5.00 -85.00 -0.0022808
0.00 -85.00 -0.0016215
5.00 -85.00 -0.0009826
10.00 -85.00 -0.0003772
15.00 -85.00 0.0001831
20.00 -85.00 0.0006878
25.00 -85.00 0.0011278
30.00 -85.00 0.0014951
35.00 -85.00 0.0017836
40.00 -85.00 0.0019899
45.00 -85.00 0.0021127
50.00 -85.00 0.0021526
55.00 -85.00 0.0021113
60.00 -85.00 0.0019918
65.00 -85.00 0.0017987
70.00 -85.00 0.0015385
75.00 -85.00 0.0012187
80.00 -85.00 0.0008472
85.00 -85.00 0.0004318
90.00 -85.00 -1.89e-05
95.00 -85.00 -0.0004953
100.00 -85.00 -0.0009871
105.00 -85.00 -0.0014838
110.00 -85.00 -0.0019755
115.00 -85.00 -0.0024528
120.00 -85.00 -0.002906
125.00 -85.00 -0.0033257
130.00 -85.00 -0.0037034
135.00 -85.00 -0.0040328
140.00 -85.00 -0.0043092
145.00 -85.00 -0.0045303
150.00 -85.00 -0.0046955
155.00 -85.00 -0.0048066
160.00 -85.00 -0.0048679
165.00 -85.00 -0.0048863
170.00 -85.00 -0.0048705
175.00 -85.00 -0.0048301
180.00 -85.00 -0.0047755
-180.00 -80.00 -0.0058553
-175.00 -80.00 -0.0056049
-170.00 -80.00 -0.0054237
-165.00 -80.00 -0.0053379
-160.00 -80.00 -0.0053695
-155.00 -80.00 -0.0055179
-150.00 -80.00 -0.0057503
-145.00 -80.00 -0.0060228
-140.00 -80.00 -0.0063044
-135.00 -80.00 -0.0065729
-130.00 -80.00 -0.0068052
-125.00 -80.00 -0.0069895
-120.00 -80.00 -0.0071421
-115.00 -80.00 -0.0072972
-110.00 -80.00 -0.0074797
-105.00 -80.00 -0.0077008
-100.00 -80.00 -0.0079726
-95.00 -80.00 -0.0083055
-90.00 -80.00 -0.0086884
-85.00 -80.00 -0.0090877
-80.00 -80.00 -0.0094692
-75.00 -80.00 -0.0098113
-70.00 -80.00 -0.01009
-65.00 -80.00 -0.0102722
-60.00 -80.00 -0.0103323
-55.00 -80.00 -0.0102668
-50.00 -80.00 -0.0100795
-45.00 -80.00 -0.0097658
-40.00 -80.00 -0.0093218
-35.00 -80.00 -0.0087613
-30.00 -80.00 -0.0081062
-25.00 -80.00 -0.0073676
-20.00 -80.00 -0.0065497
-15.00 -80.00 -0.0056694
-10.00 -80.00 -0.004755
-5.00 -80.00 -0.0038265
0.00 -80.00 -0.0028927
5.00 -80.00 -0.0019705
10.00 -80.00 -0.0010897
15.00 -80.00 -0.0002737
20.00 -80.00 0.0004702
25.00 -80.00 0.0011344
30.00 -80.00 0.0016997
35.00 -80.00 0.0021508
40.00 -80.00 0.0024912
45.00 -80.00 0.0027311
50.00 -80.00 0.0028697
55.00 -80.00 0.002905
60.00 -80.00 0.0028502
65.00 -80.00 0.0027261
70.00 -80.00 0.0025392
75.00 -80.00 0.0022837
80.00 -80.00 0.0019608
85.00 -80.00 0.0015795
90.00 -80.00 0.0011381
95.00 -80.00 0.0006223
100.00 -80.00 2.71e-05
105.00 -80.00 -0.0006335
110.00 -80.00 -0.0013437
115.00 -80.00 -0.0020962
120.00 -80.00 -0.0028766
125.00 -80.00 -0.0036513
130.00 -80.00 -0.0043838
135.00 -80.00 -0.0050517
140.00 -80.00 -0.0056378
145.00 -80.00 -0.0061134
150.00 -80.00 -0.0064489
155.00 -80.00 -0.0066353
160.00 -80.00 -0.0066828
165.00 -80.00 -0.0066027
170.00 -80.00 -0.0064098
175.00 -80.00 -0.0061413
180.00 -80.00 -0.0058554
-180.00 -75.00 -0.0058072
-175.00 -75.00 -0.0056947
-170.00 -75.00 -0.0057606
-165.00 -75.00 -0.0061241
-160.00 -75.00 -0.0068231
-155.00 -75.00 -0.0077972
-150.00 -75.00 -0.0088946
-145.00 -75.00 -0.0099069
-140.00 -75.00 -0.0106236
-135.00 -75.00 -0.0108895
-130.00 -75.00 -0.0106427
-125.00 -75.00 -0.0099283
-120.00 -75.00 -0.0088846
-115.00 -75.00 -0.0077034
-110.00 -75.00 -0.0065771
-105.00 -75.00 -0.0056549
-100.00 -75.00 -0.0050164
-95.00 -75.00 -0.0046656
-90.00 -75.00 -0.0045454
-85.00 -75.00 -0.0045668
-80.00 -75.00 -0.0046394
-75.00 -75.00 -0.0046919
-70.00 -75.00 -0.0046824
-65.00 -75.00 -0.0046
-60.00 -75.00 -0.0044555
-55.00 -75.00 -0.0042706
-50.00 -75.00 -0.00407
-45.00 -75.00 -0.0038773
-40.00 -75.00 -0.0037112
-35.00 -75.00 -0.0035834
-30.00 -75.00 -0.0035
-25.00 -75.00 -0.0034612
-20.00 -75.00 -0.0034627
-15.00 -75.00 -0.0034985
-10.00 -75.00 -0.0035635
-5.00 -75.00 -0.0036526
0.00 -75.00 -0.0037568
5.00 -75.00 -0.0038603
10.00 -75.00 -0.003939
15.00 -75.00 -0.0039615
20.00 -75.00 -0.0038967
25.00 -75.00 -0.0037228
30.00 -75.00 -0.0034338
35.00 -75.00 -0.0030402
40.00 -75.00 -0.002566
45.00 -75.00 -0.0020401
50.00 -75.00 -0.0014852
55.00 -75.00 -0.0009127
60.00 -75.00 -0.0003227
65.00 -75.00 0.0002919
70.00 -75.00 0.0009379
75.00 -75.00 0.0016096
80.00 -75.00 0.0022821
85.00 -75.00 0.002912
90.00 -75.00 0.0034433
95.00 -75.00 0.0038173
100.00 -75.00 0.0039872
105.00 -75.00 0.0039301
110.00 -75.00 0.0036494
115.00 -75.00 0.0031681
120.00 -75.00 0.00252
125.00 -75.00 0.0017387
130.00 -75.00 0.0008483
135.00 -75.00 -0.0001359
140.00 -75.00 -0.0011948
145.00 -75.00 -0.0022933
150.00 -75.00 -0.0033737
155.00 -75.00 -0.0043555
160.00 -75.00 -0.0051489
165.00 -75.00 -0.005682
170.00 -75.00 -0.005931
175.00 -75.00 -0.0059372
180.00 -75.00 -0.0058072
-180.00 -70.00 -0.0086402
-175.00 -70.00 -0.0080003
-170.00 -70.00 -0.0074438
-165.00 -70.00 -0.0073742
-160.00 -70.00 -0.0080225
-155.00 -70.00 -0.0093635
-150.00 -70.00 -0.0111123
-145.00 -70.00 -0.0128036
-140.00 -70.00 -0.0139327
-135.00 -70.00 -0.0141154
-130.00 -70.00 -0.0132112
-125.00 -70.00 -0.0113664
-120.00 -70.00 -0.00896
-115.00 -70.00 -0.0064758
-110.00 -70.00 -0.0043495
-105.00 -70.00 -0.0028473
-100.00 -70.00 -0.0020145
-95.00 -70.00 -0.001701
-90.00 -70.00 -0.0016437
-85.00 -70.00 -0.0015704
-80.00 -70.00 -0.0012884
-75.00 -70.00 -0.00073
-70.00 -70.00 5.34e-05
-65.00 -70.00 0.000935
-60.00 -70.00 0.001771
-55.00 -70.00 0.0024456
-50.00 -70.00 0.0028887
-45.00 -70.00 0.0030705
-40.00 -70.00 0.0029865
-35.00 -70.00 0.0026496
-30.00 -70.00 0.0020901
-25.00 -70.00 0.0013553
-20.00 -70.00 0.0004989
-15.00 -70.00 -0.0004413
-10.00 -70.00 -0.001461
-5.00 -70.00 -0.0025872
0.00 -70.00 -0.0038462
5.00 -70.00 -0.0052185
10.00 -70.00 -0.0066056
15.00 -70.00 -0.0078355
20.00 -70.00 -0.0087096
25.00 -70.00 -0.0090709
30.00 -70.00 -0.0088595
35.00 -70.00 -0.0081298
40.00 -70.00 -0.0070248
45.00 -70.00 -0.0057225
50.00 -70.00 -0.0043809
55.00 -70.00 -0.0031011
60.00 -70.00 -0.0019155
65.00 -70.00 -0.0008012
70.00 -70.00 0.0002906
75.00 -70.00 0.0013995
80.00 -70.00 0.0025259
85.00 -70.00 0.0036185
90.00 -70.00 0.0045849
95.00 -70.00 0.005323
100.00 -70.00 0.005761
105.00 -70.00 0.005888
110.00 -70.00 0.0057605
115.00 -70.00 0.0054791
120.00 -70.00 0.0051406
125.00 -70.00 0.004785
130.00 -70.00 0.0043616
135.00 -70.00 0.0037338
140.00 -70.00 0.0027303
145.00 -70.00 0.001228
150.00 -70.00 -0.0007668
155.00 -70.00 -0.0030769
160.00 -70.00 -0.0053785
165.00 -70.00 -0.007293
170.00 -70.00 -0.0085143
175.00 -70.00 -0.0089227
180.00 -70.00 -0.0086402
-180.00 -65.00 -0.0139618
-175.00 -65.00 -0.0121234
-170.00 -65.00 -0.0098768
-165.00 -65.00 -0.007921
-160.00 -65.00 -0.0067951
-155.00 -65.00 -0.0067371
-150.00 -65.00 -0.0076141
-145.00 -65.00 -0.0089531
-140.00 -65.00 -0.0100969
-135.00 -65.00 -0.0104538
-130.00 -65.00 -0.0097421
-125.00 -65.00 -0.0081049
-120.00 -65.00 -0.0060322
-115.00 -65.00 -0.0041367
-110.00 -65.00 -0.0029072
-105.00 -65.00 -0.0025503
-100.00 -65.00 -0.0029592
-95.00 -65.00 -0.0037824
-90.00 -65.00 -0.0045478
-85.00 -65.00 -0.0048125
-80.00 -65.00 -0.0043068
-75.00 -65.00 -0.0030293
-70.00 -65.00 -0.0012419
-65.00 -65.00 0.0006427
-60.00 -65.00 0.0022285
-55.00 -65.00 0.0032659
-50.00 -65.00 0.003681
-45.00 -65.00 0.0035169
-40.00 -65.00 0.0028563
-35.00 -65.00 0.0017964
-30.00 -65.00 0.0004796
-25.00 -65.00 -0.0008798
-20.00 -65.00 -0.0020398
-15.00 -65.00 -0.0028505
-10.00 -65.00 -0.0033706
-5.00 -65.00 -0.0038761
0.00 -65.00 -0.0047173
5.00 -65.00 -0.0060934
10.00 -65.00 -0.0078828
15.00 -65.00 -0.0096484
20.00 -65.00 -0.0108254
25.00 -65.00 -0.0109843
30.00 -65.00 -0.0100189
35.00 -65.00 -0.0081667
40.00 -65.00 -0.0058762
45.00 -65.00 -0.0036151
50.00 -65.00 -0.0017222
55.00 -65.00 -0.0003492
60.00 -65.00 0.0005209
65.00 -65.00 0.0010156
70.00 -65.00 0.001305
75.00 -65.00 0.0015362
80.00 -65.00 0.0017859
85.00 -65.00 0.0020458
90.00 -65.00 0.0022482
95.00 -65.00 0.0023149
100.00 -65.00 0.0022019
105.00 -65.00 0.0019248
110.00 -65.00 0.0015661
115.00 -65.00 0.0012636
120.00 -65.00 0.0011697
125.00 -65.00 0.0013711
130.00 -65.00 0.0017937
135.00 -65.00 0.0021504
140.00 -65.00 0.0019942
145.00 -65.00 0.0008846
150.00 -65.00 -0.0013937
155.00 -65.00 -0.0046695
160.00 -65.00 -0.008378
165.00 -65.00 -0.0117295
170.00 -65.00 -0.0139866
175.00 -65.00 -0.0147245
180.00 -65.00 -0.0139618
-180.00 -60.00 -0.0147977
-175.00 -60.00 -0.0131585
-170.00 -60.00 -0.0107744
-165.00 -60.00 -0.0080502
-160.00 -60.00 -0.0054393
-155.00 -60.00 -0.0034766
-150.00 -60.00 -0.0026075
-145.00 -60.00 -0.0028965
-140.00 -60.00 -0.0039031
-135.00 -60.00 -0.0049143
-130.00 -60.00 -0.0053895
-125.00 -60.00 -0.0052542
-120.00 -60.00 -0.0048143
-115.00 -60.00 -0.0044273
-110.00 -60.00 -0.0042646
-105.00 -60.00 -0.0043399
-100.00 -60.00 -0.0046574
-95.00 -60.00 -0.0052269
-90.00 -60.00 -0.0059021
-85.00 -60.00 -0.0062624
-80.00 -60.00 -0.0057602
-75.00 -60.00 -0.0040858
-70.00 -60.00 -0.001458
-65.00 -60.00 0.0014184
-60.00 -60.00 0.0037088
-55.00 -60.00 0.0048503
-50.00 -60.00 0.0047198
-45.00 -60.00 0.0035116
-40.00 -60.00 0.0015024
-35.00 -60.00 -0.0010588
-30.00 -60.00 -0.003864
-25.00 -60.00 -0.0064165
-20.00 -60.00 -0.0080894
-15.00 -60.00 -0.0084391
-10.00 -60.00 -0.0075721
-5.00 -60.00 -0.0062377
0.00 -60.00 -0.005476
5.00 -60.00 -0.0059942
10.00 -60.00 -0.0076885
15.00 -60.00 -0.009662
20.00 -60.00 -0.0107412
25.00 -60.00 -0.0101484
30.00 -60.00 -0.0078962
35.00 -60.00 -0.0046971
40.00 -60.00 -0.0015189
45.00 -60.00 0.0008868
50.00 -60.00 0.002218
55.00 -60.00 0.0025793
60.00 -60.00 0.0022954
65.00 -60.00 0.0017301
70.00 -60.00 0.0011606
75.00 -60.00 0.0007001
80.00 -60.00 0.0002916
85.00 -60.00 -0.0001904
90.00 -60.00 -0.0007725
95.00 -60.00 -0.0012989
100.00 -60.00 -0.0015384
105.00 -60.00 -0.0013999
110.00 -60.00 -0.0010321
115.00 -60.00 -0.000686
120.00 -60.00 -0.0004715
125.00 -60.00 -0.0002617
130.00 -60.00 0.0001403
135.00 -60.00 0.0007153
140.00 -60.00 0.0010825
145.00 -60.00 0.0006357
150.00 -60.00 -0.0011082
155.00 -60.00 -0.0041679
160.00 -60.00 -0.0079857
165.00 -60.00 -0.0116322
170.00 -60.00 -0.0142198
175.00 -60.00 -0.0152673
180.00 -60.00 -0.0147977
-180.00 -55.00 -0.0083763
-175.00 -55.00 -0.0087712
-170.00 -55.00 -0.0090653
-165.00 -55.00 -0.0086099
-160.00 -55.00 -0.0070441
-155.00 -55.00 -0.004906
-150.00 -55.00 -0.0033843
-145.00 -55.00 -0.003353
-140.00 -55.00 -0.0046258
-135.00 -55.00 -0.0062008
-130.00 -55.00 -0.0072269
-125.00 -55.00 -0.0076474
-120.00 -55.00 -0.0078654
-115.00 -55.00 -0.0079275
-110.00 -55.00 -0.0072877
-105.00 -55.00 -0.0055035
-100.00 -55.00 -0.0030467
-95.00 -55.00 -0.0011838
-90.00 -55.00 -0.0008912
-85.00 -55.00 -0.0018621
-80.00 -55.00 -0.0026208
-75.00 -55.00 -0.0016752
-70.00 -55.00 0.0013167
-65.00 -55.00 0.0053075
-60.00 -55.00 0.0086182
-55.00 -55.00 0.0099955
-50.00 -55.00 0.0091873
-45.00 -55.00 0.00676
-40.00 -55.00 0.0034836
-35.00 -55.00 -0.0001268
-30.00 -55.00 -0.0037682
-25.00 -55.00 -0.0069861
-20.00 -55.00 -0.0090132
-15.00 -55.00 -0.0091474
-10.00 -55.00 -0.007428
-5.00 -55.00 -0.0049561
0.00 -55.00 -0.0034004
5.00 -55.00 -0.0039278
10.00 -55.00 -0.0063585
15.00 -55.00 -0.00923
20.00 -55.00 -0.0107401
25.00 -55.00 -0.0098648
30.00 -55.00 -0.0068824
35.00 -55.00 -0.0030534
40.00 -55.00 0.000189
45.00 -55.00 0.0019544
50.00 -55.00 0.0021461
55.00 -55.00 0.0012771
60.00 -55.00 0.0001213
65.00 -55.00 -0.0005953
70.00 -55.00 -0.0004638
75.00 -55.00 0.000365
80.00 -55.00 0.0011711
85.00 -55.00 0.0011351
90.00 -55.00 9.34e-05
95.00 -55.00 -0.0011262
100.00 -55.00 -0.0012969
105.00 -55.00 0.0001025
110.00 -55.00 0.0023431
115.00 -55.00 0.004045
120.00 -55.00 0.0043338
125.00 -55.00 0.0034474
130.00 -55.00 0.0023308
135.00 -55.00 0.0017509
140.00 -55.00 0.0017387
145.00 -55.00 0.0016867
150.00 -55.00 0.000875
155.00 -55.00 -0.0009814
160.00 -55.00 -0.0034967
165.00 -55.00 -0.0058533
170.00 -55.00 -0.0073861
175.00 -55.00 -0.0080588
180.00 -55.00 -0.0083763
-180.00 -50.00 -0.0016829
-175.00 -50.00 -0.0034638
-170.00 -50.00 -0.0064043
-165.00 -50.00 -0.008805
-160.00 -50.00 -0.0093097
-155.00 -50.00 -0.0082675
-150.00 -50.00 -0.0074249
-145.00 -50.00 -0.0081165
-140.00 -50.00 -0.009837
-135.00 -50.00 -0.0108304
-130.00 -50.00 -0.010121
-125.00 -50.00 -0.0086446
-120.00 -50.00 -0.0080615
-115.00 -50.00 -0.008583
-110.00 -50.00 -0.0084691
-105.00 -50.00 -0.0059878
-100.00 -50.00 -0.0016709
-95.00 -50.00 0.0017889
-90.00 -50.00 0.0020441
-85.00 -50.00 -0.0006024
-80.00 -50.00 -0.0033932
-75.00 -50.00 -0.0034589
-70.00 -50.00 -3.14e-05
-65.00 -50.00 0.0052093
-60.00 -50.00 0.0095301
-55.00 -50.00 0.0109686
-50.00 -50.00 0.0093538
-45.00 -50.00 0.0060457
-40.00 -50.00 0.0027521
-35.00 -50.00 0.0003716
-30.00 -50.00 -0.0012473
-25.00 -50.00 -0.0025712
-20.00 -50.00 -0.0035387
-15.00 -50.00 -0.003551
-10.00 -50.00 -0.0023183
-5.00 -50.00 -0.0006087
0.00 -50.00 3.58e-05
5.00 -50.00 -0.0015041
10.00 -50.00 -0.0049257
15.00 -50.00 -0.0086575
20.00 -50.00 -0.0109726
25.00 -50.00 -0.0110259
30.00 -50.00 -0.0090868
35.00 -50.00 -0.0061222
40.00 -50.00 -0.0032673
45.00 -50.00 -0.0014432
50.00 -50.00 -0.0010845
55.00 -50.00 -0.001965
60.00 -50.00 -0.0031908
65.00 -50.00 -0.003468
70.00 -50.00 -0.001773
75.00 -50.00 0.0017134
80.00 -50.00 0.0052022
85.00 -50.00 0.0063481
90.00 -50.00 0.0043811
95.00 -50.00 0.0012553
100.00 -50.00 0.0001539
105.00 -50.00 0.0024763
110.00 -50.00 0.006446
115.00 -50.00 0.0088804
120.00 -50.00 0.0081557
125.00 -50.00 0.0052804
130.00 -50.00 0.002432
135.00 -50.00 0.0009821
140.00 -50.00 0.0008698
145.00 -50.00 0.0012181
150.00 -50.00 0.0011356
155.00 -50.00 0.0002275
160.00 -50.00 -0.0011616
165.00 -50.00 -0.0021575
170.00 -50.00 -0.0021483
175.00 -50.00 -0.0015601
180.00 -50.00 -0.0016829
-180.00 -45.00 -0.000457
-175.00 -45.00 -0.0020755
-170.00 -45.00 -0.0051425
-165.00 -45.00 -0.0077472
-160.00 -45.00 -0.0084126
-155.00 -45.00 -0.0075988
-150.00 -45.00 -0.0072393
-145.00 -45.00 -0.0084972
-140.00 -45.00 -0.0101005
-135.00 -45.00 -0.0094805
-130.00 -45.00 -0.0058743
-125.00 -45.00 -0.0018254
-120.00 -45.00 -0.0008777
-115.00 -45.00 -0.0037089
-110.00 -45.00 -0.0071814
-105.00 -45.00 -0.0076625
-100.00 -45.00 -0.0049424
-95.00 -45.00 -0.0022946
-90.00 -45.00 -0.0027436
-85.00 -45.00 -0.0058693
-80.00 -45.00 -0.0084424
-75.00 -45.00 -0.0076415
-70.00 -45.00 -0.0033186
-65.00 -45.00 0.0022942
-60.00 -45.00 0.0063366
-55.00 -45.00 0.0069893
-50.00 -45.00 0.0044129
-45.00 -45.00 0.0006304
-40.00 -45.00 -0.001832
-35.00 -45.00 -0.0017748
-30.00 -45.00 -6.07e-05
-25.00 -45.00 0.0014556
-20.00 -45.00 0.0017055
-15.00 -45.00 0.0011108
-10.00 -45.00 0.0006604
-5.00 -45.00 0.000552
0.00 -45.00 -9.6e-06
5.00 -45.00 -0.0017013
10.00 -45.00 -0.0041534
15.00 -45.00 -0.0064299
20.00 -45.00 -0.0081508
25.00 -45.00 -0.0095742
30.00 -45.00 -0.010585
35.00 -45.00 -0.0103177
40.00 -45.00 -0.00824
45.00 -45.00 -0.0052586
50.00 -45.00 -0.0032322
55.00 -45.00 -0.0033363
60.00 -45.00 -0.0049583
65.00 -45.00 -0.0059648
70.00 -45.00 -0.004115
75.00 -45.00 0.0009829
80.00 -45.00 0.0067026
85.00 -45.00 0.0088862
90.00 -45.00 0.0057791
95.00 -45.00 0.0005418
100.00 -45.00 -0.0013672
105.00 -45.00 0.0021166
110.00 -45.00 0.0074186
115.00 -45.00 0.009364
120.00 -45.00 0.0066087
125.00 -45.00 0.0021718
130.00 -45.00 -0.0005857
135.00 -45.00 -0.0010016
140.00 -45.00 -0.0003472
145.00 -45.00 0.0002409
150.00 -45.00 0.0003007
155.00 -45.00 -0.0003785
160.00 -45.00 -0.0015842
165.00 -45.00 -0.0024035
170.00 -45.00 -0.0020074
175.00 -45.00 -0.0008299
180.00 -45.00 -0.000457
-180.00 -40.00 -0.0008607
-175.00 -40.00 -0.0028393
-170.00 -40.00 -0.0047351
-165.00 -40.00 -0.0053504
-160.00 -40.00 -0.0045734
-155.00 -40.00 -0.0034722
-150.00 -40.00 -0.0034573
-145.00 -40.00 -0.0048197
-140.00 -40.00 -0.0058864
-135.00 -40.00 -0.0043308
-130.00 -40.00 2.65e-05
-125.00 -40.00 0.0040873
-120.00 -40.00 0.0040267
-115.00 -40.00 -0.0007331
-110.00 -40.00 -0.0066128
-105.00 -40.00 -0.0094115
-100.00 -40.00 -0.0084453
-95.00 -40.00 -0.0065565
-90.00 -40.00 -0.0062642
-85.00 -40.00 -0.0069851
-80.00 -40.00 -0.0064108
-75.00 -40.00 -0.0035443
-70.00 -40.00 0.0005421
-65.00 -40.00 0.0042113
-60.00 -40.00 0.0063108
-55.00 -40.00 0.0060904
-50.00 -40.00 0.0035155
-45.00 -40.00 4.03e-05
-40.00 -40.00 -0.0019388
-35.00 -40.00 -0.0011596
-30.00 -40.00 0.001205
-25.00 -40.00 0.0026862
-20.00 -40.00 0.0019039
-15.00 -40.00 -0.0003077
-10.00 -40.00 -0.00209
-5.00 -40.00 -0.0026575
0.00 -40.00 -0.0028179
5.00 -40.00 -0.0032864
10.00 -40.00 -0.0033184
15.00 -40.00 -0.0020616
20.00 -40.00 -0.0007835
25.00 -40.00 -0.0019988
30.00 -40.00 -0.005894
35.00 -40.00 -0.0091957
40.00 -40.00 -0.0087518
45.00 -40.00 -0.0052909
50.00 -40.00 -0.0024757
55.00 -40.00 -0.0028508
60.00 -40.00 -0.0057044
65.00 -40.00 -0.0082466
70.00 -40.00 -0.0077943
75.00 -40.00 -0.0035981
80.00 -40.00 0.0018717
85.00 -40.00 0.0039838
90.00 -40.00 0.0004565
95.00 -40.00 -0.004978
100.00 -40.00 -0.0057149
105.00 -40.00 -5.23e-05
110.00 -40.00 0.0063188
115.00 -40.00 0.0071541
120.00 -40.00 0.0029884
125.00 -40.00 -0.0006447
130.00 -40.00 -0.0006819
135.00 -40.00 0.0009259
140.00 -40.00 0.0015415
145.00 -40.00 0.0012522
150.00 -40.00 0.0011713
155.00 -40.00 0.0011046
160.00 -40.00 0.0004629
165.00 -40.00 -0.0002115
170.00 -40.00 -0.0001788
175.00 -40.00 -1.7e-06
180.00 -40.00 -0.0008607
-180.00 -35.00 0.0014707
-175.00 -35.00 -0.0018055
-170.00 -35.00 -0.0026891
-165.00 -35.00 -0.0013506
-160.00 -35.00 -0.0001046
-155.00 -35.00 -0.0005852
-150.00 -35.00 -0.0025622
-145.00 -35.00 -0.0046244
-140.00 -35.00 -0.0053051
-135.00 -35.00 -0.0041214
-130.00 -35.00 -0.0020764
-125.00 -35.00 -0.0009934
-120.00 -35.00 -0.0020755
-115.00 -35.00 -0.0048628
-110.00 -35.00 -0.0074004
-105.00 -35.00 -0.0077406
-100.00 -35.00 -0.0057312
-95.00 -35.00 -0.0030254
-90.00 -35.00 -0.000926
-85.00 -35.00 0.0010634
-80.00 -35.00 0.0037845
-75.00 -35.00 0.0064966
-70.00 -35.00 0.0078081
-65.00 -35.00 0.0078624
-60.00 -35.00 0.0079111
-55.00 -35.00 0.0080231
-50.00 -35.00 0.0070003
-45.00 -35.00 0.0046869
-40.00 -35.00 0.0027272
-35.00 -35.00 0.0024463
-30.00 -35.00 0.0029993
-25.00 -35.00 0.0022715
-20.00 -35.00 -0.0006534
-15.00 -35.00 -0.0041594
-10.00 -35.00 -0.0055059
-5.00 -35.00 -0.0039754
0.00 -35.00 -0.0019715
5.00 -35.00 -0.0017207
10.00 -35.00 -0.00169
15.00 -35.00 0.0012027
20.00 -35.00 0.0059259
25.00 -35.00 0.0073076
30.00 -35.00 0.003002
35.00 -35.00 -0.002683
40.00 -35.00 -0.004277
45.00 -35.00 -0.0020533
50.00 -35.00 -0.0006235
55.00 -35.00 -0.0023384
60.00 -35.00 -0.0052534
65.00 -35.00 -0.0068499
70.00 -35.00 -0.006637
75.00 -35.00 -0.0051424
80.00 -35.00 -0.0033055
85.00 -35.00 -0.0032071
90.00 -35.00 -0.006254
95.00 -35.00 -0.0096925
100.00 -35.00 -0.008359
105.00 -35.00 -0.0018345
110.00 -35.00 0.0035601
115.00 -35.00 0.0028737
120.00 -35.00 -0.0005562
125.00 -35.00 -0.0003171
130.00 -35.00 0.0036343
135.00 -35.00 0.0058832
140.00 -35.00 0.0043589
145.00 -35.00 0.0025301
150.00 -35.00 0.0029469
155.00 -35.00 0.0040099
160.00 -35.00 0.0041158
165.00 -35.00 0.0042878
170.00 -35.00 0.005041
175.00 -35.00 0.0044668
180.00 -35.00 0.0014707
-180.00 -30.00 0.003199
-175.00 -30.00 -0.0001232
-170.00 -30.00 0.0002221
-165.00 -30.00 0.0022769
-160.00 -30.00 0.0020754
-155.00 -30.00 -0.0014497
-150.00 -30.00 -0.0061274
-145.00 -30.00 -0.0089915
-140.00 -30.00 -0.0087923
-135.00 -30.00 -0.0072706
-130.00 -30.00 -0.0073077
-125.00 -30.00 -0.0091845
-120.00 -30.00 -0.0102045
-115.00 -30.00 -0.008562
-110.00 -30.00 -0.0054203
-105.00 -30.00 -0.0024162
-100.00 -30.00 0.0004991
-95.00 -30.00 0.0037038
-90.00 -30.00 0.0065822
-85.00 -30.00 0.008581
-80.00 -30.00 0.0097814
-75.00 -30.00 0.0098461
-70.00 -30.00 0.0082979
-65.00 -30.00 0.0062033
-60.00 -30.00 0.0055013
-55.00 -30.00 0.0062222
-50.00 -30.00 0.0063305
-45.00 -30.00 0.0047658
-40.00 -30.00 0.0028683
-35.00 -30.00 0.0022747
-30.00 -30.00 0.0026582
-25.00 -30.00 0.0020099
-20.00 -30.00 -0.0010884
-15.00 -30.00 -0.005097
-10.00 -30.00 -0.0059952
-5.00 -30.00 -0.0020061
0.00 -30.00 0.0028111
5.00 -30.00 0.0030902
10.00 -30.00 0.0001365
15.00 -30.00 0.0006297
20.00 -30.00 0.0063257
25.00 -30.00 0.0105922
30.00 -30.00 0.0079693
35.00 -30.00 0.001982
40.00 -30.00 -0.0007587
45.00 -30.00 -6.68e-05
50.00 -30.00 -0.0005638
55.00 -30.00 -0.00314
60.00 -30.00 -0.0038495
65.00 -30.00 -0.0010154
70.00 -30.00 0.0017221
75.00 -30.00 0.000834
80.00 -30.00 -0.0025435
85.00 -30.00 -0.0054466
90.00 -30.00 -0.0070623
95.00 -30.00 -0.0073807
100.00 -30.00 -0.0053173
105.00 -30.00 -0.0016115
110.00 -30.00 -0.0002241
115.00 -30.00 -0.0024767
120.00 -30.00 -0.0032064
125.00 -30.00 0.001815
130.00 -30.00 0.008036
135.00 -30.00 0.0083548
140.00 -30.00 0.0041686
145.00 -30.00 0.0025124
150.00 -30.00 0.0045166
155.00 -30.00 0.0052068
160.00 -30.00 0.0034985
165.00 -30.00 0.0035742
170.00 -30.00 0.006172
175.00 -30.00 0.0066739
180.00 -30.00 0.003199
-180.00 -25.00 0.0007676
-175.00 -25.00 -0.0008348
-170.00 -25.00 0.000553
-165.00 -25.00 0.001015
-160.00 -25.00 -0.0017234
-155.00 -25.00 -0.0060493
-150.00 -25.00 -0.0099139
-145.00 -25.00 -0.0115724
-140.00 -25.00 -0.009621
-135.00 -25.00 -0.0060254
-130.00 -25.00 -0.0053533
-125.00 -25.00 -0.0079796
-120.00 -25.00 -0.0086506
-115.00 -25.00 -0.0045515
-110.00 -25.00 0.0004008
-105.00 -25.00 0.0022943
-100.00 -25.00 0.0029243
-95.00 -25.00 0.005257
-90.00 -25.00 0.007947
-85.00 -25.00 0.0082472
-80.00 -25.00 0.0067427
-75.00 -25.00 0.0056423
-70.00 -25.00 0.0051164
-65.00 -25.00 0.0042359
-60.00 -25.00 0.0032831
-55.00 -25.00 0.0027547
-50.00 -25.00 0.0018723
-45.00 -25.00 -4.32e-05
-40.00 -25.00 -0.0019343
-35.00 -25.00 -0.0019818
-30.00 -25.00 0.0001431
-25.00 -25.00 0.0021035
-20.00 -25.00 0.0004887
-15.00 -25.00 -0.0046679
-10.00 -25.00 -0.0077268
-5.00 -25.00 -0.0036499
0.00 -25.00 0.0038685
5.00 -25.00 0.0060835
10.00 -25.00 0.0017648
15.00 -25.00 -0.0008665
20.00 -25.00 0.0030072
25.00 -25.00 0.0075604
30.00 -25.00 0.006042
35.00 -25.00 0.0008681
40.00 -25.00 -0.0016196
45.00 -25.00 -0.0013033
50.00 -25.00 -0.0026664
55.00 -25.00 -0.0057129
60.00 -25.00 -0.0051196
65.00 -25.00 0.0010751
70.00 -25.00 0.0070663
75.00 -25.00 0.0063775
80.00 -25.00 0.0003749
85.00 -25.00 -0.0040407
90.00 -25.00 -0.0035507
95.00 -25.00 -0.0008956
100.00 -25.00 0.0006208
105.00 -25.00 0.0001687
110.00 -25.00 -0.0020693
115.00 -25.00 -0.0041367
120.00 -25.00 -0.0017928
125.00 -25.00 0.0053365
130.00 -25.00 0.010038
135.00 -25.00 0.0070379
140.00 -25.00 0.0021242
145.00 -25.00 0.0031073
150.00 -25.00 0.0066624
155.00 -25.00 0.0047383
160.00 -25.00 -0.0007387
165.00 -25.00 -0.0015122
170.00 -25.00 0.0023772
175.00 -25.00 0.0036255
180.00 -25.00 0.0007677
-180.00 -20.00 -0.0030655
-175.00 -20.00 -0.0022734
-170.00 -20.00 -0.0005489
-165.00 -20.00 -0.0040328
-160.00 -20.00 -0.0094622
-155.00 -20.00 -0.0108037
-150.00 -20.00 -0.0094872
-145.00 -20.00 -0.0087682
-140.00 -20.00 -0.0065795
-135.00 -20.00 -0.0019525
-130.00 -20.00 0.0002401
-125.00 -20.00 -0.0020096
-120.00 -20.00 -0.0029395
-115.00 -20.00 0.0009869
-110.00 -20.00 0.0045367
-105.00 -20.00 0.0030876
-100.00 -20.00 0.0006046
-95.00 -20.00 0.0020256
-90.00 -20.00 0.0046657
-85.00 -20.00 0.0038434
-80.00 -20.00 0.0015666
-75.00 -20.00 0.0028202
-70.00 -20.00 0.0068922
-65.00 -20.00 0.008648
-60.00 -20.00 0.0063352
-55.00 -20.00 0.0029355
-50.00 -20.00 0.000841
-45.00 -20.00 -0.0006328
-40.00 -20.00 -0.0024551
-35.00 -20.00 -0.0034662
-30.00 -20.00 -0.0020247
-25.00 -20.00 0.000438
-20.00 -20.00 -0.0006153
-15.00 -20.00 -0.0068509
-10.00 -20.00 -0.0123168
-5.00 -20.00 -0.009578
0.00 -20.00 -0.0005857
5.00 -20.00 0.0049711
10.00 -20.00 0.0031774
15.00 -20.00 0.0002737
20.00 -20.00 0.0014613
25.00 -20.00 0.0034062
30.00 -20.00 0.0015718
35.00 -20.00 -0.0020559
40.00 -20.00 -0.0031962
45.00 -20.00 -0.0023954
50.00 -20.00 -0.003514
55.00 -20.00 -0.0071855
60.00 -20.00 -0.0090275
65.00 -20.00 -0.0051564
70.00 -20.00 0.0016439
75.00 -20.00 0.0042025
80.00 -20.00 0.0005098
85.00 -20.00 -0.0032602
90.00 -20.00 -0.0019189
95.00 -20.00 0.0017513
100.00 -20.00 0.0027555
105.00 -20.00 0.0010462
110.00 -20.00 -0.0005558
115.00 -20.00 -0.0001191
120.00 -20.00 0.0035034
125.00 -20.00 0.0086788
130.00 -20.00 0.0097728
135.00 -20.00 0.0049408
140.00 -20.00 0.0014481
145.00 -20.00 0.004597
150.00 -20.00 0.0076726
155.00 -20.00 0.0035024
160.00 -20.00 -0.0021536
165.00 -20.00 -0.0011132
170.00 -20.00 0.0023871
175.00 -20.00 0.000638
180.00 -20.00 -0.0030655
-180.00 -15.00 -0.0058294
-175.00 -15.00 -0.0014598
-170.00 -15.00 0.0019488
-165.00 -15.00 -0.0042166
-160.00 -15.00 -0.0108883
-155.00 -15.00 -0.008619
-150.00 -15.00 -0.0034734
-145.00 -15.00 -0.0034479
-140.00 -15.00 -0.0046342
-135.00 -15.00 -0.0019633
-130.00 -15.00 0.0002193
-125.00 -15.00 -0.0018724
-120.00 -15.00 -0.0030439
-115.00 -15.00 0.0007319
-110.00 -15.00 0.0041033
-105.00 -15.00 0.0019469
-100.00 -15.00 -0.001617
-95.00 -15.00 -0.0010857
-90.00 -15.00 0.0009711
-85.00 -15.00 -8.25e-05
-80.00 -15.00 -0.0012706
-75.00 -15.00 0.0032818
-70.00 -15.00 0.011262
-65.00 -15.00 0.0141465
-60.00 -15.00 0.0094117
-55.00 -15.00 0.0035426
-50.00 -15.00 0.0022405
-45.00 -15.00 0.0036354
-40.00 -15.00 0.0030143
-35.00 -15.00 -0.0001351
-30.00 -15.00 -0.002661
-25.00 -15.00 -0.0033827
-20.00 -15.00 -0.0050014
-15.00 -15.00 -0.009281
-10.00 -15.00 -0.0126581
-5.00 -15.00 -0.0102324
0.00 -15.00 -0.0032669
5.00 -15.00 0.001966
10.00 -15.00 0.0026441
15.00 -15.00 0.0014631
20.00 -15.00 0.0005408
25.00 -15.00 -0.0008657
30.00 -15.00 -0.002647
35.00 -15.00 -0.0032312
40.00 -15.00 -0.0023959
45.00 -15.00 -0.0011619
50.00 -15.00 -0.0007053
55.00 -15.00 -0.0028768
60.00 -15.00 -0.0076119
65.00 -15.00 -0.0098977
70.00 -15.00 -0.0057325
75.00 -15.00 0.0002517
80.00 -15.00 0.0010042
85.00 -15.00 -0.0019156
90.00 -15.00 -0.0022811
95.00 -15.00 4.12e-05
100.00 -15.00 0.001298
105.00 -15.00 0.0017667
110.00 -15.00 0.003447
115.00 -15.00 0.0053922
120.00 -15.00 0.0067655
125.00 -15.00 0.0081189
130.00 -15.00 0.0077465
135.00 -15.00 0.0045355
140.00 -15.00 0.0026647
145.00 -15.00 0.0045818
150.00 -15.00 0.0049624
155.00 -15.00 0.0013525
160.00 -15.00 0.0010237
165.00 -15.00 0.0064754
170.00 -15.00 0.0074949
175.00 -15.00 -0.0004579
180.00 -15.00 -0.0058294
-180.00 -10.00 -0.0090958
-175.00 -10.00 -0.0005456
-170.00 -10.00 0.0065433
-165.00 -10.00 0.0027633
-160.00 -10.00 -0.0015529
-155.00 -10.00 0.0017141
-150.00 -10.00 0.00439
-145.00 -10.00 -0.0002429
-140.00 -10.00 -0.0052167
-135.00 -10.00 -0.0043541
-130.00 -10.00 -0.0025614
-125.00 -10.00 -0.0042421
-120.00 -10.00 -0.0049125
-115.00 -10.00 -0.0008071
-110.00 -10.00 0.0034787
-105.00 -10.00 0.0026864
-100.00 -10.00 -0.0009759
-95.00 -10.00 -0.0025211
-90.00 -10.00 -0.0020319
-85.00 -10.00 -0.0023047
-80.00 -10.00 -0.0016147
-75.00 -10.00 0.0042405
-70.00 -10.00 0.0127525
-65.00 -10.00 0.0150862
-60.00 -10.00 0.0083564
-55.00 -10.00 0.0007693
-50.00 -10.00 0.0004877
-45.00 -10.00 0.0051665
-40.00 -10.00 0.0070453
-35.00 -10.00 0.0035966
-30.00 -10.00 -0.0016126
-25.00 -10.00 -0.0052814
-20.00 -10.00 -0.0070317
-15.00 -10.00 -0.0071855
-10.00 -10.00 -0.0056961
-5.00 -10.00 -0.0035365
0.00 -10.00 -0.0024143
5.00 -10.00 -0.0021957
10.00 -10.00 -0.0012446
15.00 -10.00 -0.0003402
20.00 -10.00 -0.0022904
25.00 -10.00 -0.0060292
30.00 -10.00 -0.0067181
35.00 -10.00 -0.0038292
40.00 -10.00 -0.0018432
45.00 -10.00 -0.001175
50.00 -10.00 0.0019009
55.00 -10.00 0.0050442
60.00 -10.00 0.0018894
65.00 -10.00 -0.0046166
70.00 -10.00 -0.0048185
75.00 -10.00 0.001148
80.00 -10.00 0.0038573
85.00 -10.00 0.000915
90.00 -10.00 -0.0012819
95.00 -10.00 0.0001128
100.00 -10.00 0.00286
105.00 -10.00 0.0062838
110.00 -10.00 0.009387
115.00 -10.00 0.0087373
120.00 -10.00 0.0052081
125.00 -10.00 0.0042885
130.00 -10.00 0.0062488
135.00 -10.00 0.0062608
140.00 -10.00 0.0040714
145.00 -10.00 0.0025681
150.00 -10.00 0.0009577
155.00 -10.00 -9.08e-05
160.00 -10.00 0.0043413
165.00 -10.00 0.0111073
170.00 -10.00 0.0081421
175.00 -10.00 -0.0041865
180.00 -10.00 -0.0090958
-180.00 -5.00 -0.0115885
-175.00 -5.00 -0.0028003
-170.00 -5.00 0.0051853
-165.00 -5.00 0.0067206
-160.00 -5.00 0.0080447
-155.00 -5.00 0.0104177
-150.00 -5.00 0.0071917
-145.00 -5.00 -0.0008085
-140.00 -5.00 -0.0046745
-135.00 -5.00 -0.0025673
-130.00 -5.00 -0.0010787
-125.00 -5.00 -0.0025979
-120.00 -5.00 -0.002803
-115.00 -5.00 0.0005671
-110.00 -5.00 0.0043257
-105.00 -5.00 0.0045254
-100.00 -5.00 0.000966
-95.00 -5.00 -0.0026561
-90.00 -5.00 -0.0030162
-85.00 -5.00 -0.0009267
-80.00 -5.00 0.0017739
-75.00 -5.00 0.0064296
-70.00 -5.00 0.0129152
-65.00 -5.00 0.0147858
-60.00 -5.00 0.0076059
-55.00 -5.00 -0.0017049
-50.00 -5.00 -0.0031337
-45.00 -5.00 0.0024169
-40.00 -5.00 0.0060427
-35.00 -5.00 0.0039424
-30.00 -5.00 -0.0003651
-25.00 -5.00 -0.0033798
-20.00 -5.00 -0.004187
-15.00 -5.00 -0.002538
-10.00 -5.00 2.59e-05
-5.00 -5.00 -0.0003588
0.00 -5.00 -0.0046169
5.00 -5.00 -0.0075679
10.00 -5.00 -0.0049952
15.00 -5.00 -0.0011891
20.00 -5.00 -0.0028266
25.00 -5.00 -0.0075745
30.00 -5.00 -0.0077865
35.00 -5.00 -0.0040908
40.00 -5.00 -0.0035893
45.00 -5.00 -0.0051086
50.00 -5.00 -0.0007113
55.00 -5.00 0.0075806
60.00 -5.00 0.0089318
65.00 -5.00 0.002747
70.00 -5.00 -0.0003596
75.00 -5.00 0.0026177
80.00 -5.00 0.0041077
85.00 -5.00 0.0015416
90.00 -5.00 0.0003427
95.00 -5.00 0.0029942
100.00 -5.00 0.007539
105.00 -5.00 0.0124869
110.00 -5.00 0.0145446
115.00 -5.00 0.0098523
120.00 -5.00 0.0029616
125.00 -5.00 0.0029186
130.00 -5.00 0.0080615
135.00 -5.00 0.0085879
140.00 -5.00 0.0034292
145.00 -5.00 -0.000218
150.00 -5.00 -0.0003082
155.00 -5.00 0.0009676
160.00 -5.00 0.0040757
165.00 -5.00 0.0063795
170.00 -5.00 0.0009354
175.00 -5.00 -0.009426
180.00 -5.00 -0.0115885
-180.00 0.00 -0.0085076
-175.00 0.00 -0.0053796
-170.00 0.00 -0.0026141
-165.00 0.00 0.0015298
-160.00 0.00 0.0077855
-155.00 0.00 0.0093596
-150.00 0.00 0.0029058
-145.00 0.00 -0.002984
-140.00 0.00 -0.0013118
-135.00 0.00 0.0022137
-130.00 0.00 0.0007841
-125.00 0.00 -0.0026657
-120.00 0.00 -0.0031015
-115.00 0.00 -0.0008482
-110.00 0.00 0.0020351
-105.00 0.00 0.0037277
-100.00 0.00 0.0019533
-95.00 0.00 -0.0016015
-90.00 0.00 -0.0012988
-85.00 0.00 0.0032301
-80.00 0.00 0.0065556
-75.00 0.00 0.0082165
-70.00 0.00 0.0119691
-65.00 0.00 0.0142667
-60.00 0.00 0.0081702
-55.00 0.00 -0.0019323
-50.00 0.00 -0.0047212
-45.00 0.00 0.0001998
-40.00 0.00 0.003018
-35.00 0.00 0.0001767
-30.00 0.00 -0.0027428
-25.00 0.00 -0.0023632
-20.00 0.00 -0.0009047
-15.00 0.00 -0.0003044
-10.00 0.00 -0.0010765
-5.00 0.00 -0.0044007
0.00 0.00 -0.0090204
5.00 0.00 -0.0094819
10.00 0.00 -0.0034719
15.00 0.00 0.0026467
20.00 0.00 0.002053
25.00 0.00 -0.0023385
30.00 0.00 -0.0035528
35.00 0.00 -0.0027299
40.00 0.00 -0.0054577
45.00 0.00 -0.0088997
50.00 0.00 -0.0053029
55.00 0.00 0.0030891
60.00 0.00 0.0063202
65.00 0.00 0.0029771
70.00 0.00 0.0005189
75.00 0.00 0.0011608
80.00 0.00 0.0008991
85.00 0.00 -0.0001885
90.00 0.00 0.0011847
95.00 0.00 0.0044759
100.00 0.00 0.0080789
105.00 0.00 0.0121968
110.00 0.00 0.0137312
115.00 0.00 0.0090354
120.00 0.00 0.0038792
125.00 0.00 0.0066422
130.00 0.00 0.0122861
135.00 0.00 0.0095092
140.00 0.00 0.0007326
145.00 0.00 -0.0025034
150.00 0.00 0.0008095
155.00 0.00 0.0026369
160.00 0.00 0.000639
165.00 0.00 -0.0023731
170.00 0.00 -0.00592
175.00 0.00 -0.0089918
180.00 0.00 -0.0085076
-180.00 5.00 -0.0009262
-175.00 5.00 -0.0033308
-170.00 5.00 -0.0069153
-165.00 5.00 -0.0045444
-160.00 5.00 0.001958
-155.00 5.00 0.0024725
-150.00 5.00 -0.003403
-145.00 5.00 -0.0044392
-140.00 5.00 0.0015775
-135.00 5.00 0.0034913
-130.00 5.00 -0.0029258
-125.00 5.00 -0.0088515
-120.00 5.00 -0.0087727
-115.00 5.00 -0.0059334
-110.00 5.00 -0.0024513
-105.00 5.00 0.001268
-100.00 5.00 0.001885
-95.00 5.00 -0.0004799
-90.00 5.00 0.0003695
-85.00 5.00 0.0050222
-80.00 5.00 0.0065627
-75.00 5.00 0.0048356
-70.00 5.00 0.0066266
-65.00 5.00 0.0097102
-60.00 5.00 0.0052384
-55.00 5.00 -0.0036623
-50.00 5.00 -0.0051296
-45.00 5.00 0.0003579
-40.00 5.00 0.0010838
-35.00 5.00 -0.0050603
-30.00 5.00 -0.0083147
-25.00 5.00 -0.0045063
-20.00 5.00 3.17e-05
-15.00 5.00 0.0002115
-10.00 5.00 -0.0024253
-5.00 5.00 -0.0050578
0.00 5.00 -0.0061075
5.00 5.00 -0.0038503
10.00 5.00 0.0015034
15.00 5.00 0.0059727
20.00 5.00 0.0062629
25.00 5.00 0.0038218
30.00 5.00 0.0011554
35.00 5.00 -0.0023704
40.00 5.00 -0.0068915
45.00 5.00 -0.0083704
50.00 5.00 -0.0042341
55.00 5.00 0.0011328
60.00 5.00 0.0026028
65.00 5.00 0.0016952
70.00 5.00 0.0017308
75.00 5.00 0.0014553
80.00 5.00 -0.0001603
85.00 5.00 9.22e-05
90.00 5.00 0.002928
95.00 5.00 0.0041463
100.00 5.00 0.0032073
105.00 5.00 0.0042615
110.00 5.00 0.0067009
115.00 5.00 0.0065831
120.00 5.00 0.0067187
125.00 5.00 0.0114995
130.00 5.00 0.0149399
135.00 5.00 0.0092419
140.00 5.00 0.0002486
145.00 5.00 -0.0012575
150.00 5.00 0.0026146
155.00 5.00 0.002218
160.00 5.00 -0.003367
165.00 5.00 -0.0074577
170.00 5.00 -0.0066827
175.00 5.00 -0.0030778
180.00 5.00 -0.0009262
-180.00 10.00 0.003529
-175.00 10.00 0.001557
-170.00 10.00 -0.0034155
-165.00 10.00 -0.0044432
-160.00 10.00 -0.0018836
-155.00 10.00 -0.0031856
-150.00 10.00 -0.0075574
-145.00 10.00 -0.0061292
-140.00 10.00 6.21e-05
-135.00 10.00 2.69e-05
-130.00 10.00 -0.0074789
-125.00 10.00 -0.0120995
-120.00 10.00 -0.0096529
-115.00 10.00 -0.0052791
-110.00 10.00 -0.0017077
-105.00 10.00 0.0012907
-100.00 10.00 0.0015118
-95.00 10.00 -0.0004825
-90.00 10.00 0.0004305
-85.00 10.00 0.0035058
-80.00 10.00 0.0023366
-75.00 10.00 -0.0012638
-70.00 10.00 0.0003941
-65.00 10.00 0.0041866
-60.00 10.00 0.0005367
-55.00 10.00 -0.0069135
-50.00 10.00 -0.0061994
-45.00 10.00 0.0006857
-40.00 10.00 0.0008304
-35.00 10.00 -0.0066009
-30.00 10.00 -0.0096988
-25.00 10.00 -0.0044231
-20.00 10.00 0.000985
-15.00 10.00 0.0012911
-10.00 10.00 0.0002739
-5.00 10.00 0.0015116
0.00 10.00 0.0032708
5.00 10.00 0.0032862
10.00 10.00 0.0024177
15.00 10.00 0.0027198
20.00 10.00 0.0044511
25.00 10.00 0.0050391
30.00 10.00 0.0012606
35.00 10.00 -0.0058477
40.00 10.00 -0.009781
45.00 10.00 -0.0058297
50.00 10.00 0.0019822
55.00 10.00 0.0060345
60.00 10.00 0.0055503
65.00 10.00 0.0054401
70.00 10.00 0.0062934
75.00 10.00 0.0043241
80.00 10.00 0.0008549
85.00 10.00 0.0014869
90.00 10.00 0.0051185
95.00 10.00 0.0046713
100.00 10.00 -0.000379
105.00 10.00 -0.0031152
110.00 10.00 -0.0008318
115.00 10.00 0.0031021
120.00 10.00 0.0073074
125.00 10.00 0.011787
130.00 10.00 0.0128523
135.00 10.00 0.0087203
140.00 10.00 0.0049032
145.00 10.00 0.0052928
150.00 10.00 0.0050956
155.00 10.00 -1.15e-05
160.00 10.00 -0.0060718
165.00 10.00 -0.0077179
170.00 10.00 -0.0047714
175.00 10.00 0.0002014
180.00 10.00 0.003529
-180.00 15.00 0.0014277
-175.00 15.00 0.0027052
-170.00 15.00 -0.0005008
-165.00 15.00 -0.0039606
-160.00 15.00 -0.0046901
-155.00 15.00 -0.0061014
-150.00 15.00 -0.0090438
-145.00 15.00 -0.0086365
-140.00 15.00 -0.0047803
-135.00 15.00 -0.0037946
-130.00 15.00 -0.0065322
-125.00 15.00 -0.0068414
-120.00 15.00 -0.0028742
-115.00 15.00 0.0010101
-110.00 15.00 0.0023551
-105.00 15.00 0.0017659
-100.00 15.00 -0.0001931
-95.00 15.00 -0.0011959
-90.00 15.00 0.0011659
-85.00 15.00 0.0031539
-80.00 15.00 -6.91e-05
-75.00 15.00 -0.0037116
-70.00 15.00 -0.0005642
-65.00 15.00 0.0040296
-60.00 15.00 0.0001977
-55.00 15.00 -0.0076342
-50.00 15.00 -0.0074865
-45.00 15.00 -0.0009056
-40.00 15.00 0.0007179
-35.00 15.00 -0.0033664
-30.00 15.00 -0.0039678
-25.00 15.00 0.0003453
-20.00 15.00 0.0022719
-15.00 15.00 0.0002693
-10.00 15.00 0.0003519
-5.00 15.00 0.0042091
0.00 15.00 0.0061516
5.00 15.00 0.0025402
10.00 15.00 -0.0026767
15.00 15.00 -0.0033243
20.00 15.00 0.0010853
25.00 15.00 0.0041487
30.00 15.00 -5.74e-05
35.00 15.00 -0.0084669
40.00 15.00 -0.0111536
45.00 15.00 -0.0038981
50.00 15.00 0.0058717
55.00 15.00 0.0094851
60.00 15.00 0.0081631
65.00 15.00 0.0078159
70.00 15.00 0.0079895
75.00 15.00 0.0046119
80.00 15.00 0.0001051
85.00 15.00 0.0007034
90.00 15.00 0.0051769
95.00 15.00 0.0058718
100.00 15.00 0.0006219
105.00 15.00 -0.0047431
110.00 15.00 -0.0053338
115.00 15.00 -0.0017751
120.00 15.00 0.0029068
125.00 15.00 0.0058273
130.00 15.00 0.0060769
135.00 15.00 0.0066978
140.00 15.00 0.0102806
145.00 15.00 0.0123698
150.00 15.00 0.0069118
155.00 15.00 -0.0026688
160.00 15.00 -0.0074761
165.00 15.00 -0.0062309
170.00 15.00 -0.0040282
175.00 15.00 -0.0019034
180.00 15.00 0.0014277
-180.00 20.00 -0.0030273
-175.00 20.00 -0.0016914
-170.00 20.00 -0.0045922
-165.00 20.00 -0.0082139
-160.00 20.00 -0.0075297
-155.00 20.00 -0.0053063
-150.00 20.00 -0.0062285
-145.00 20.00 -0.0082177
-140.00 20.00 -0.0072025
-135.00 20.00 -0.0043301
-130.00 20.00 -0.0025933
-125.00 20.00 -0.0017714
-120.00 20.00 -0.0006212
-115.00 20.00 0.0002324
-110.00 20.00 -0.0003933
-105.00 20.00 -0.0024043
-100.00 20.00 -0.0036869
-95.00 20.00 -0.0013057
-90.00 20.00 0.003595
-85.00 20.00 0.0045443
-80.00 20.00 -0.0007729
-75.00 20.00 -0.0042997
-70.00 20.00 0.0004301
-65.00 20.00 0.0060539
-60.00 20.00 0.0024631
-55.00 20.00 -0.0061684
-50.00 20.00 -0.0084815
-45.00 20.00 -0.0040903
-40.00 20.00 -0.0010529
-35.00 20.00 -0.0007052
-30.00 20.00 0.0013751
-25.00 20.00 0.003752
-20.00 20.00 0.0013241
-15.00 20.00 -0.003891
-10.00 20.00 -0.005126
-5.00 20.00 -0.0020616
0.00 20.00 -0.0008285
5.00 20.00 -0.0038853
10.00 20.00 -0.0066706
15.00 20.00 -0.0045244
20.00 20.00 0.0011125
25.00 20.00 0.0042913
30.00 20.00 0.0013709
35.00 20.00 -0.0041679
40.00 20.00 -0.0051812
45.00 20.00 0.0001356
50.00 20.00 0.0057012
55.00 20.00 0.0060711
60.00 20.00 0.0035796
65.00 20.00 0.0032652
70.00 20.00 0.0046551
75.00 20.00 0.0039907
80.00 20.00 0.0017746
85.00 20.00 0.0019837
90.00 20.00 0.0049536
95.00 20.00 0.0063969
100.00 20.00 0.0033893
105.00 20.00 -0.002244
110.00 20.00 -0.0062948
115.00 20.00 -0.006169
120.00 20.00 -0.0033671
125.00 20.00 -0.0016971
130.00 20.00 -0.0012455
135.00 20.00 0.0027391
140.00 20.00 0.0107337
145.00 20.00 0.0140451
150.00 20.00 0.0065783
155.00 20.00 -0.0041908
160.00 20.00 -0.0075375
165.00 20.00 -0.0047862
170.00 20.00 -0.0037163
175.00 20.00 -0.0044929
180.00 20.00 -0.0030274
-180.00 25.00 -0.0054713
-175.00 25.00 -0.0065638
-170.00 25.00 -0.0099753
-165.00 25.00 -0.0112802
-160.00 25.00 -0.0063249
-155.00 25.00 -2.08e-05
-150.00 25.00 0.0002986
-145.00 25.00 -0.0037154
-140.00 25.00 -0.0047975
-135.00 25.00 -0.0016675
-130.00 25.00 0.000174
-125.00 25.00 -0.0024208
-120.00 25.00 -0.006465
-115.00 25.00 -0.0082105
-110.00 25.00 -0.0078246
-105.00 25.00 -0.006986
-100.00 25.00 -0.0046342
-95.00 25.00 0.0009619
-90.00 25.00 0.0063081
-85.00 25.00 0.0047191
-80.00 25.00 -0.0031227
-75.00 25.00 -0.0072678
-70.00 25.00 -0.0022924
-65.00 25.00 0.0038411
-60.00 25.00 0.0017294
-55.00 25.00 -0.0054293
-50.00 25.00 -0.008266
-45.00 25.00 -0.0055767
-40.00 25.00 -0.0028376
-35.00 25.00 -0.0015058
-30.00 25.00 0.0006099
-25.00 25.00 0.0020074
-20.00 25.00 -0.0006345
-15.00 25.00 -0.005577
-10.00 25.00 -0.0080835
-5.00 25.00 -0.0074129
0.00 25.00 -0.0062679
5.00 25.00 -0.0053526
10.00 25.00 -0.003248
15.00 25.00 -0.0001767
20.00 25.00 0.0019299
25.00 25.00 0.0023635
30.00 25.00 0.0023081
35.00 25.00 0.0031421
40.00 25.00 0.0050713
45.00 25.00 0.0066749
50.00 25.00 0.0057528
55.00 25.00 0.0019229
60.00 25.00 -0.0018257
65.00 25.00 -0.0017547
70.00 25.00 0.0024393
75.00 25.00 0.0072938
80.00 25.00 0.0093352
85.00 25.00 0.008247
90.00 25.00 0.0063998
95.00 25.00 0.0057149
100.00 25.00 0.005223
105.00 25.00 0.0025975
110.00 25.00 -0.0017394
115.00 25.00 -0.0044425
120.00 25.00 -0.0043687
125.00 25.00 -0.0041552
130.00 25.00 -0.004252
135.00 25.00 -0.0006174
140.00 25.00 0.0071259
145.00 25.00 0.0112114
150.00 25.00 0.0061072
155.00 25.00 -0.0021985
160.00 25.00 -0.0049552
165.00 25.00 -0.0031454
170.00 25.00 -0.0029751
175.00 25.00 -0.0047687
180.00 25.00 -0.0054713
-180.00 30.00 -0.0052415
-175.00 30.00 -0.0069948
-170.00 30.00 -0.0093659
-165.00 30.00 -0.0083403
-160.00 30.00 -0.0022109
-155.00 30.00 0.0033133
-150.00 30.00 0.0022723
-145.00 30.00 -0.0023789
-140.00 30.00 -0.0031664
-135.00 30.00 0.0004626
-130.00 30.00 0.0017315
-125.00 30.00 -0.002881
-120.00 30.00 -0.0087638
-115.00 30.00 -0.0102137
-110.00 30.00 -0.0073943
-105.00 30.00 -0.0035552
-100.00 30.00 0.0007489
-95.00 30.00 0.0061019
-90.00 30.00 0.0090906
-85.00 30.00 0.0049752
-80.00 30.00 -0.0038884
-75.00 30.00 -0.008606
-70.00 30.00 -0.0053754
-65.00 30.00 -0.0007622
-60.00 30.00 -0.0016178
-55.00 30.00 -0.0054515
-50.00 30.00 -0.0059758
-45.00 30.00 -0.0032068
-40.00 30.00 -0.0017545
-35.00 30.00 -0.0025493
-30.00 30.00 -0.0026195
-25.00 30.00 -0.0012112
-20.00 30.00 -0.0007318
-15.00 30.00 -0.0024071
-10.00 30.00 -0.0047663
-5.00 30.00 -0.0057203
0.00 30.00 -0.0038653
5.00 30.00 0.0007303
10.00 30.00 0.0051962
15.00 30.00 0.005485
20.00 30.00 0.0013947
25.00 30.00 -0.0020757
30.00 30.00 -0.0004718
35.00 30.00 0.004777
40.00 30.00 0.0086755
45.00 30.00 0.0085812
50.00 30.00 0.0056502
55.00 30.00 0.0019119
60.00 30.00 -0.0011808
65.00 30.00 -0.0016593
70.00 30.00 0.002263
75.00 30.00 0.0089174
80.00 30.00 0.0128328
85.00 30.00 0.0102876
90.00 30.00 0.004395
95.00 30.00 0.0018122
100.00 30.00 0.0044189
105.00 30.00 0.0074995
110.00 30.00 0.006845
115.00 30.00 0.0037174
120.00 30.00 0.0009569
125.00 30.00 -0.0014239
130.00 30.00 -0.0034852
135.00 30.00 -0.0024868
140.00 30.00 0.0026148
145.00 30.00 0.0072104
150.00 30.00 0.0065501
155.00 30.00 0.0024001
160.00 30.00 -0.00048
165.00 30.00 -0.0014308
170.00 30.00 -0.0026554
175.00 30.00 -0.0042028
180.00 30.00 -0.0052415
-180.00 35.00 -0.0029303
-175.00 35.00 -0.0035008
-170.00 35.00 -0.00474
-165.00 35.00 -0.0044254
-160.00 35.00 -0.0022742
-155.00 35.00 -0.0017818
-150.00 35.00 -0.0050706
-145.00 35.00 -0.008421
-140.00 35.00 -0.0068676
-135.00 35.00 -0.0017136
-130.00 35.00 0.0008861
-125.00 35.00 -0.0014847
-120.00 35.00 -0.0045546
-115.00 35.00 -0.0038057
-110.00 35.00 1.71e-05
-105.00 35.00 0.0037671
-100.00 35.00 0.0068621
-95.00 35.00 0.0100258
-90.00 35.00 0.0112644
-85.00 35.00 0.007608
-80.00 35.00 0.0006306
-75.00 35.00 -0.0041467
-70.00 35.00 -0.0044111
-65.00 35.00 -0.0036654
-60.00 35.00 -0.0049821
-55.00 35.00 -0.0061645
-50.00 35.00 -0.0040892
-45.00 35.00 -0.0005706
-40.00 35.00 6.07e-05
-35.00 35.00 -0.0025436
-30.00 35.00 -0.0044754
-25.00 35.00 -0.0032589
-20.00 35.00 -0.0007812
-15.00 35.00 -0.0002422
-10.00 35.00 -0.0019978
-5.00 35.00 -0.0029637
0.00 35.00 0.0001842
5.00 35.00 0.0068258
10.00 35.00 0.011664
15.00 35.00 0.0097774
20.00 35.00 0.0026393
25.00 35.00 -0.0029523
30.00 35.00 -0.0026872
35.00 35.00 0.0007922
40.00 35.00 0.0025431
45.00 35.00 0.0018768
50.00 35.00 0.0015869
55.00 35.00 0.0023959
60.00 35.00 0.0020528
65.00 35.00 0.0001052
70.00 35.00 -0.0003183
75.00 35.00 0.0024651
80.00 35.00 0.0047874
85.00 35.00 0.0021653
90.00 35.00 -0.0035471
95.00 35.00 -0.0054479
100.00 35.00 -0.0003837
105.00 35.00 0.0070522
110.00 35.00 0.010562
115.00 35.00 0.0089609
120.00 35.00 0.005048
125.00 35.00 0.0008759
130.00 35.00 -0.0026888
135.00 35.00 -0.0039199
140.00 35.00 -0.0015453
145.00 35.00 0.0025734
150.00 35.00 0.0049504
155.00 35.00 0.0043019
160.00 35.00 0.0019342
165.00 35.00 -0.0006478
170.00 35.00 -0.0025415
175.00 35.00 -0.0031253
180.00 35.00 -0.0029303
-180.00 40.00 -9.29e-05
-175.00 40.00 -0.0003741
-170.00 40.00 -0.0021149
-165.00 40.00 -0.0041919
-160.00 40.00 -0.0060979
-155.00 40.00 -0.0086036
-150.00 40.00 -0.0115431
-145.00 40.00 -0.0125949
-140.00 40.00 -0.0100687
-135.00 40.00 -0.0058783
-130.00 40.00 -0.0035801
-125.00 40.00 -0.0037922
-120.00 40.00 -0.0037235
-115.00 40.00 -0.0014177
-110.00 40.00 0.0017943
-105.00 40.00 0.0039747
-100.00 40.00 0.0055848
-95.00 40.00 0.0079693
-90.00 40.00 0.0101979
-85.00 40.00 0.0098028
-80.00 40.00 0.0063289
-75.00 40.00 0.001934
-70.00 40.00 -0.0016943
-65.00 40.00 -0.0047908
-60.00 40.00 -0.0072635
-55.00 40.00 -0.0073942
-50.00 40.00 -0.0044843
-45.00 40.00 -0.0011626
-40.00 40.00 -0.0008529
-35.00 40.00 -0.0034928
-30.00 40.00 -0.0056491
-25.00 40.00 -0.0049085
-20.00 40.00 -0.0026162
-15.00 40.00 -0.0016792
-10.00 40.00 -0.0025606
-5.00 40.00 -0.0024194
0.00 40.00 0.0015042
5.00 40.00 0.0080103
10.00 40.00 0.0123224
15.00 40.00 0.0109989
20.00 40.00 0.0057971
25.00 40.00 0.0014026
30.00 40.00 -0.0002716
35.00 40.00 -0.001535
40.00 40.00 -0.0042469
45.00 40.00 -0.0061635
50.00 40.00 -0.0040999
55.00 40.00 0.0006509
60.00 40.00 0.0030683
65.00 40.00 0.0008002
70.00 40.00 -0.0029355
75.00 40.00 -0.0041892
80.00 40.00 -0.0037259
85.00 40.00 -0.0051385
90.00 40.00 -0.0086923
95.00 40.00 -0.0102285
100.00 40.00 -0.0067269
105.00 40.00 -0.0003936
110.00 40.00 0.004164
115.00 40.00 0.0050085
120.00 40.00 0.0034954
125.00 40.00 0.0013178
130.00 40.00 -0.0008482
135.00 40.00 -0.0022854
140.00 40.00 -0.002011
145.00 40.00 -0.0001184
150.00 40.00 0.0018471
155.00 40.00 0.0023397
160.00 40.00 0.0011595
165.00 40.00 -0.0005959
170.00 40.00 -0.0014964
175.00 40.00 -0.0009943
180.00 40.00 -9.29e-05
-180.00 45.00 0.0003695
-175.00 45.00 -0.0008826
-170.00 45.00 -0.0030845
-165.00 45.00 -0.0051671
-160.00 45.00 -0.0063345
-155.00 45.00 -0.0066841
-150.00 45.00 -0.0066091
-145.00 45.00 -0.0062344
-140.00 45.00 -0.0058256
-135.00 45.00 -0.0060758
-130.00 45.00 -0.0071765
-125.00 45.00 -0.0079669
-120.00 45.00 -0.0070011
-115.00 45.00 -0.0044894
-110.00 45.00 -0.0022103
-105.00 45.00 -0.0011555
-100.00 45.00 -0.0001645
-95.00 45.00 0.0023774
-90.00 45.00 0.0060758
-85.00 45.00 0.0086628
-80.00 45.00 0.0083769
-75.00 45.00 0.0054083
-70.00 45.00 0.0011632
-65.00 45.00 -0.0028586
-60.00 45.00 -0.0052877
-55.00 45.00 -0.0052082
-50.00 45.00 -0.0031887
-45.00 45.00 -0.0014238
-40.00 45.00 -0.001821
-35.00 45.00 -0.0039308
-30.00 45.00 -0.0054464
-25.00 45.00 -0.0048474
-20.00 45.00 -0.0029512
-15.00 45.00 -0.0015649
-10.00 45.00 -0.0010836
-5.00 45.00 -7.47e-05
0.00 45.00 0.0026617
5.00 45.00 0.0061731
10.00 45.00 0.0081349
15.00 45.00 0.0075316
20.00 45.00 0.0057699
25.00 45.00 0.0045553
30.00 45.00 0.0033494
35.00 45.00 0.0002404
40.00 45.00 -0.0045752
45.00 45.00 -0.0077191
50.00 45.00 -0.0062397
55.00 45.00 -0.0015555
60.00 45.00 0.0017477
65.00 45.00 0.0011086
70.00 45.00 -0.001457
75.00 45.00 -0.0025844
80.00 45.00 -0.0019991
85.00 45.00 -0.0023307
90.00 45.00 -0.0050863
95.00 45.00 -0.0085183
100.00 45.00 -0.0098651
105.00 45.00 -0.008401
110.00 45.00 -0.0054516
115.00 45.00 -0.0023201
120.00 45.00 0.000619
125.00 45.00 0.0031087
130.00 45.00 0.0045281
135.00 45.00 0.0045905
140.00 45.00 0.003866
145.00 45.00 0.0031776
150.00 45.00 0.0027496
155.00 45.00 0.0022274
160.00 45.00 0.0013858
165.00 45.00 0.000558
170.00 45.00 0.00027
175.00 45.00 0.0004822
180.00 45.00 0.0003695
-180.00 50.00 -0.0019377
-175.00 50.00 -0.0039896
-170.00 50.00 -0.0052861
-165.00 50.00 -0.004965
-160.00 50.00 -0.0028594
-155.00 50.00 9.85e-05
-150.00 50.00 0.0023178
-145.00 50.00 0.0024731
-140.00 50.00 0.0002602
-135.00 50.00 -0.0033538
-130.00 50.00 -0.0065023
-125.00 50.00 -0.007475
-120.00 50.00 -0.0059933
-115.00 50.00 -0.0035508
-110.00 50.00 -0.0021237
-105.00 50.00 -0.0022755
-100.00 50.00 -0.0026523
-95.00 50.00 -0.0014936
-90.00 50.00 0.0014817
-85.00 50.00 0.0048085
-80.00 50.00 0.0066795
-75.00 50.00 0.0063815
-70.00 50.00 0.004545
-65.00 50.00 0.0024542
-60.00 50.00 0.0012125
-55.00 50.00 0.0011407
-50.00 50.00 0.0015822
-45.00 50.00 0.0014008
-40.00 50.00 3.17e-05
-35.00 50.00 -0.0018568
-30.00 50.00 -0.0029057
-25.00 50.00 -0.0023405
-20.00 50.00 -0.0006191
-15.00 50.00 0.0011867
-10.00 50.00 0.0024316
-5.00 50.00 0.0031527
0.00 50.00 0.0034664
5.00 50.00 0.0031691
10.00 50.00 0.0022222
15.00 50.00 0.0013773
20.00 50.00 0.001695
25.00 50.00 0.003121
30.00 50.00 0.0039329
35.00 50.00 0.0022796
40.00 50.00 -0.0015884
45.00 50.00 -0.0051351
50.00 50.00 -0.0059808
55.00 50.00 -0.0042672
60.00 50.00 -0.0021551
65.00 50.00 -0.0011603
70.00 50.00 -0.0006901
75.00 50.00 0.0005311
80.00 50.00 0.002227
85.00 50.00 0.0025041
90.00 50.00 -8.9e-06
95.00 50.00 -0.0044957
100.00 50.00 -0.0085793
105.00 50.00 -0.0102121
110.00 50.00 -0.0087835
115.00 50.00 -0.0049025
120.00 50.00 0.0002232
125.00 50.00 0.0051677
130.00 50.00 0.0086558
135.00 50.00 0.0100907
140.00 50.00 0.0098039
145.00 50.00 0.0086619
150.00 50.00 0.0073731
155.00 50.00 0.0061446
160.00 50.00 0.0048686
165.00 50.00 0.0034512
170.00 50.00 0.0018821
175.00 50.00 0.0001057
180.00 50.00 -0.0019377
-180.00 55.00 -0.0031339
-175.00 55.00 -0.0053779
-170.00 55.00 -0.0058983
-165.00 55.00 -0.0044634
-160.00 55.00 -0.001666
-155.00 55.00 0.0011437
-150.00 55.00 0.0024561
-145.00 55.00 0.0014614
-140.00 55.00 -0.0013737
-135.00 55.00 -0.0044529
-130.00 55.00 -0.0059548
-125.00 55.00 -0.0050161
-120.00 55.00 -0.0023955
-115.00 55.00 -1.74e-05
-110.00 55.00 0.0004122
-105.00 55.00 -0.0013117
-100.00 55.00 -0.0037774
-95.00 55.00 -0.0050969
-90.00 55.00 -0.0042983
-85.00 55.00 -0.0018378
-80.00 55.00 0.0009977
-75.00 55.00 0.00309
-70.00 55.00 0.0040682
-65.00 55.00 0.0042155
-60.00 55.00 0.0039994
-55.00 55.00 0.0036486
-50.00 55.00 0.0030531
-45.00 55.00 0.0020107
-40.00 55.00 0.0005919
-35.00 55.00 -0.0007344
-30.00 55.00 -0.0013759
-25.00 55.00 -0.0010603
-20.00 55.00 -3.54e-05
-15.00 55.00 0.0011238
-10.00 55.00 0.0018589
-5.00 55.00 0.001823
0.00 55.00 0.0009293
5.00 55.00 -0.000558
10.00 55.00 -0.0019158
15.00 55.00 -0.002178
20.00 55.00 -0.000832
25.00 55.00 0.0014909
30.00 55.00 0.0031559
35.00 55.00 0.0026714
40.00 55.00 -7.98e-05
45.00 55.00 -0.0037304
50.00 55.00 -0.0065698
55.00 55.00 -0.0077757
60.00 55.00 -0.0075715
65.00 55.00 -0.0064446
70.00 55.00 -0.0045696
75.00 55.00 -0.0021021
80.00 55.00 0.0002471
85.00 55.00 0.0013369
90.00 55.00 0.0004786
95.00 55.00 -0.0018542
100.00 55.00 -0.0042573
105.00 55.00 -0.0053336
110.00 55.00 -0.0044915
115.00 55.00 -0.0020781
120.00 55.00 0.0010144
125.00 55.00 0.0038695
130.00 55.00 0.0059301
135.00 55.00 0.0071473
140.00 55.00 0.0078493
145.00 55.00 0.0083971
150.00 55.00 0.0088566
155.00 55.00 0.0089296
160.00 55.00 0.0081779
165.00 55.00 0.0063372
170.00 55.00 0.0034982
175.00 55.00 0.0001051
180.00 55.00 -0.0031339
-180.00 60.00 -0.0006154
-175.00 60.00 -0.002588
-170.00 60.00 -0.0033169
-165.00 60.00 -0.0029724
-160.00 60.00 -0.0022216
-155.00 60.00 -0.0019377
-150.00 60.00 -0.002738
-145.00 60.00 -0.0045759
-140.00 60.00 -0.0066632
-135.00 60.00 -0.0078539
-130.00 60.00 -0.0073375
-125.00 60.00 -0.0052338
-120.00 60.00 -0.0026651
-115.00 60.00 -0.0011722
-110.00 60.00 -0.0017917
-105.00 60.00 -0.0043968
-100.00 60.00 -0.0077589
-95.00 60.00 -0.0102843
-90.00 60.00 -0.0109097
-85.00 60.00 -0.0095759
-80.00 60.00 -0.0070641
-75.00 60.00 -0.0044299
-70.00 60.00 -0.0024584
-65.00 60.00 -0.0014267
-60.00 60.00 -0.0011888
-55.00 60.00 -0.0014151
-50.00 60.00 -0.0017989
-45.00 60.00 -0.0021423
-40.00 60.00 -0.0023401
-35.00 60.00 -0.0023447
-30.00 60.00 -0.0021605
-25.00 60.00 -0.0018562
-20.00 60.00 -0.0015513
-15.00 60.00 -0.0013709
-10.00 60.00 -0.001396
-5.00 60.00 -0.0016287
0.00 60.00 -0.0019575
5.00 60.00 -0.0021245
10.00 60.00 -0.0017675
15.00 60.00 -0.000617
20.00 60.00 0.0012079
25.00 60.00 0.0030461
30.00 60.00 0.0039192
35.00 60.00 0.0030847
40.00 60.00 0.0005376
45.00 60.00 -0.0029441
50.00 60.00 -0.0062469
55.00 60.00 -0.0084908
60.00 60.00 -0.0093107
65.00 60.00 -0.0087741
70.00 60.00 -0.0071817
75.00 60.00 -0.0049692
80.00 60.00 -0.0026729
85.00 60.00 -0.0008013
90.00 60.00 0.0003861
95.00 60.00 0.0009958
100.00 60.00 0.0013598
105.00 60.00 0.001734
110.00 60.00 0.0020958
115.00 60.00 0.0022089
120.00 60.00 0.001883
125.00 60.00 0.0012115
130.00 60.00 0.0006092
135.00 60.00 0.0006219
140.00 60.00 0.0016181
145.00 60.00 0.0035363
150.00 60.00 0.0058352
155.00 60.00 0.0076918
160.00 60.00 0.0083532
165.00 60.00 0.0074636
170.00 60.00 0.0052091
175.00 60.00 0.0022327
180.00 60.00 -0.0006154
-180.00 65.00 0.0025677
-175.00 65.00 0.0014882
-170.00 65.00 0.0008758
-165.00 65.00 0.0005547
-160.00 65.00 0.0001749
-155.00 65.00 -0.0005778
-150.00 65.00 -0.0017765
-145.00 65.00 -0.0031649
-140.00 65.00 -0.0042549
-135.00 65.00 -0.0045888
-130.00 65.00 -0.0040357
-125.00 65.00 -0.0029459
-120.00 65.00 -0.0020417
-115.00 65.00 -0.0020706
-110.00 65.00 -0.0034015
-105.00 65.00 -0.0057976
-100.00 65.00 -0.0085095
-95.00 65.00 -0.0106387
-90.00 65.00 -0.0115617
-85.00 65.00 -0.0111815
-80.00 65.00 -0.0098928
-75.00 65.00 -0.0083201
-70.00 65.00 -0.0070006
-65.00 65.00 -0.0061744
-60.00 65.00 -0.005758
-55.00 65.00 -0.0054686
-50.00 65.00 -0.005009
-45.00 65.00 -0.0042169
-40.00 65.00 -0.0031264
-35.00 65.00 -0.0019321
-30.00 65.00 -0.0008896
-25.00 65.00 -0.0002
-20.00 65.00 7.22e-05
-15.00 65.00 1.88e-05
-10.00 65.00 -0.0001548
-5.00 65.00 -0.0002061
0.00 65.00 6.9e-05
5.00 65.00 0.0007822
10.00 65.00 0.0019132
15.00 65.00 0.0032802
20.00 65.00 0.0045374
25.00 65.00 0.0052413
30.00 65.00 0.0050009
35.00 65.00 0.0036599
40.00 65.00 0.001408
45.00 65.00 -0.0012635
50.00 65.00 -0.003748
55.00 65.00 -0.005547
60.00 65.00 -0.0064117
65.00 65.00 -0.0063517
70.00 65.00 -0.0055497
75.00 65.00 -0.0042517
80.00 65.00 -0.0026852
85.00 65.00 -0.0010188
90.00 65.00 0.0006328
95.00 65.00 0.0021654
100.00 65.00 0.0034279
105.00 65.00 0.0042019
110.00 65.00 0.0042593
115.00 65.00 0.003491
120.00 65.00 0.0020362
125.00 65.00 0.0003183
130.00 65.00 -0.0010633
135.00 65.00 -0.0015554
140.00 65.00 -0.0008876
145.00 65.00 0.0007941
150.00 65.00 0.0029694
155.00 65.00 0.0049453
160.00 65.00 0.0061279
165.00 65.00 0.0062395
170.00 65.00 0.0053925
175.00 65.00 0.0039985
180.00 65.00 0.0025677
-180.00 70.00 0.0022509
-175.00 70.00 0.0023185
-170.00 70.00 0.0026255
-165.00 70.00 0.0030822
-160.00 70.00 0.0035437
-155.00 70.00 0.0038871
-150.00 70.00 0.0040707
-145.00 70.00 0.0041456
-140.00 70.00 0.0042088
-135.00 70.00 0.0043237
-130.00 70.00 0.0044511
-125.00 70.00 0.0044357
-120.00 70.00 0.0040643
-115.00 70.00 0.0031733
-110.00 70.00 0.0017491
-105.00 70.00 -3.42e-05
-100.00 70.00 -0.0018663
-95.00 70.00 -0.0034182
-90.00 70.00 -0.0044672
-85.00 70.00 -0.0049679
-80.00 70.00 -0.0050383
-75.00 70.00 -0.0048753
-70.00 70.00 -0.0046462
-65.00 70.00 -0.0044121
-60.00 70.00 -0.0041146
-55.00 70.00 -0.0036259
-50.00 70.00 -0.0028312
-45.00 70.00 -0.0017034
-40.00 70.00 -0.0003331
-35.00 70.00 0.0010955
-30.00 70.00 0.0023705
-25.00 70.00 0.0033287
-20.00 70.00 0.0039095
-15.00 70.00 0.0041675
-10.00 70.00 0.0042405
-5.00 70.00 0.0042914
0.00 70.00 0.0044458
5.00 70.00 0.0047453
10.00 70.00 0.0051296
15.00 70.00 0.0054517
20.00 70.00 0.0055208
25.00 70.00 0.0051644
30.00 70.00 0.0042914
35.00 70.00 0.0029321
40.00 70.00 0.0012381
45.00 70.00 -0.0005606
50.00 70.00 -0.0022255
55.00 70.00 -0.0035746
60.00 70.00 -0.0045179
65.00 70.00 -0.0050524
70.00 70.00 -0.005227
75.00 70.00 -0.0051017
80.00 70.00 -0.0047215
85.00 70.00 -0.0041164
90.00 70.00 -0.0033246
95.00 70.00 -0.0024218
100.00 70.00 -0.0015346
105.00 70.00 -0.0008221
110.00 70.00 -0.0004244
115.00 70.00 -0.0003993
120.00 70.00 -0.0006788
125.00 70.00 -0.0010749
130.00 70.00 -0.0013411
135.00 70.00 -0.0012672
140.00 70.00 -0.000766
145.00 70.00 8.75e-05
150.00 70.00 0.0010861
155.00 70.00 0.001974
160.00 70.00 0.0025502
165.00 70.00 0.002744
170.00 70.00 0.0026336
175.00 70.00 0.0024017
180.00 70.00 0.0022509
-180.00 75.00 -0.0005073
-175.00 75.00 2.81e-05
-170.00 75.00 0.0008012
-165.00 75.00 0.0017662
-160.00 75.00 0.0028469
-155.00 75.00 0.0039551
-150.00 75.00 0.0050062
-145.00 75.00 0.0059272
-140.00 75.00 0.0066572
-135.00 75.00 0.0071435
-130.00 75.00 0.0073401
-125.00 75.00 0.0072112
-120.00 75.00 0.0067416
-115.00 75.00 0.0059477
-110.00 75.00 0.0048837
-105.00 75.00 0.0036373
-100.00 75.00 0.0023154
-95.00 75.00 0.001023
-90.00 75.00 -0.0001571
-85.00 75.00 -0.0011747
-80.00 75.00 -0.0020093
-75.00 75.00 -0.002657
-70.00 75.00 -0.0031131
-65.00 75.00 -0.0033611
-60.00 75.00 -0.0033716
-55.00 75.00 -0.003115
-50.00 75.00 -0.0025801
-45.00 75.00 -0.0017896
-40.00 75.00 -0.0008058
-35.00 75.00 0.0002785
-30.00 75.00 0.0013595
-25.00 75.00 0.0023461
-20.00 75.00 0.0031787
-15.00 75.00 0.003835
-10.00 75.00 0.0043239
-5.00 75.00 0.0046701
0.00 75.00 0.0048962
5.00 75.00 0.005008
10.00 75.00 0.00499
15.00 75.00 0.0048103
20.00 75.00 0.0044332
25.00 75.00 0.0038338
30.00 75.00 0.0030101
35.00 75.00 0.001989
40.00 75.00 0.0008221
45.00 75.00 -0.0004242
50.00 75.00 -0.0016817
55.00 75.00 -0.0028915
60.00 75.00 -0.0040084
65.00 75.00 -0.0049999
70.00 75.00 -0.0058396
75.00 75.00 -0.0065008
80.00 75.00 -0.0069553
85.00 75.00 -0.0071786
90.00 75.00 -0.0071587
95.00 75.00 -0.006905
100.00 75.00 -0.0064526
105.00 75.00 -0.0058574
110.00 75.00 -0.005184
115.00 75.00 -0.0044908
120.00 75.00 -0.0038192
125.00 75.00 -0.003191
130.00 75.00 -0.0026135
135.00 75.00 -0.0020913
140.00 75.00 -0.0016364
145.00 75.00 -0.00127
150.00 75.00 -0.0010158
155.00 75.00 -0.0008849
160.00 75.00 -0.0008618
165.00 75.00 -0.0008959
170.00 75.00 -0.0009072
175.00 75.00 -0.0008041
180.00 75.00 -0.0005073
-180.00 80.00 -0.0014304
-175.00 80.00 -0.0012997
-170.00 80.00 -0.0010551
-165.00 80.00 -0.0007119
-160.00 80.00 -0.0002991
-155.00 80.00 0.0001442
-150.00 80.00 0.0005738
-145.00 80.00 0.0009442
-140.00 80.00 0.0012134
-135.00 80.00 0.0013464
-130.00 80.00 0.0013176
-125.00 80.00 0.0011137
-120.00 80.00 0.0007346
-115.00 80.00 0.0001931
-110.00 80.00 -0.0004866
-105.00 80.00 -0.0012713
-100.00 80.00 -0.0021212
-95.00 80.00 -0.0029933
-90.00 80.00 -0.0038455
-85.00 80.00 -0.0046382
-80.00 80.00 -0.0053349
-75.00 80.00 -0.0059029
-70.00 80.00 -0.006314
-65.00 80.00 -0.0065463
-60.00 80.00 -0.006585
-55.00 80.00 -0.0064234
-50.00 80.00 -0.0060651
-45.00 80.00 -0.0055255
-40.00 80.00 -0.0048306
-35.00 80.00 -0.0040149
-30.00 80.00 -0.0031172
-25.00 80.00 -0.0021777
-20.00 80.00 -0.0012351
-15.00 80.00 -0.0003233
-10.00 80.00 0.0005294
-5.00 80.00 0.0013
0.00 80.00 0.0019696
5.00 80.00 0.0025221
10.00 80.00 0.0029443
15.00 80.00 0.0032259
20.00 80.00 0.0033604
25.00 80.00 0.0033455
30.00 80.00 0.003185
35.00 80.00 0.0028883
40.00 80.00 0.0024706
45.00 80.00 0.0019523
50.00 80.00 0.0013574
55.00 80.00 0.0007132
60.00 80.00 4.87e-05
65.00 80.00 -0.0006055
70.00 80.00 -0.0012182
75.00 80.00 -0.0017591
80.00 80.00 -0.0022013
85.00 80.00 -0.0025237
90.00 80.00 -0.0027126
95.00 80.00 -0.0027641
100.00 80.00 -0.0026854
105.00 80.00 -0.0024948
110.00 80.00 -0.0022193
115.00 80.00 -0.0018915
120.00 80.00 -0.001547
125.00 80.00 -0.0012212
130.00 80.00 -0.0009458
135.00 80.00 -0.0007455
140.00 80.00 -0.0006356
145.00 80.00 -0.0006211
150.00 80.00 -0.0006951
155.00 80.00 -0.0008389
160.00 80.00 -0.0010233
165.00 80.00 -0.0012115
170.00 80.00 -0.0013647
175.00 80.00 -0.0014469
180.00 80.00 -0.0014304
-180.00 85.00 0.0001597
-175.00 85.00 -0.0001281
-170.00 85.00 -0.0004087
-165.00 85.00 -0.0006822
-160.00 85.00 -0.0009485
-155.00 85.00 -0.0012101
-150.00 85.00 -0.0014719
-145.00 85.00 -0.0017403
-140.00 85.00 -0.0020207
-135.00 85.00 -0.0023154
-130.00 85.00 -0.0026242
-125.00 85.00 -0.0029459
-120.00 85.00 -0.0032793
-115.00 85.00 -0.0036222
-110.00 85.00 -0.0039696
-105.00 85.00 -0.0043125
-100.00 85.00 -0.0046396
-95.00 85.00 -0.0049401
-90.00 85.00 -0.0052043
-85.00 85.00 -0.0054237
-80.00 85.00 -0.0055892
-75.00 85.00 -0.0056907
-70.00 85.00 -0.005719
-65.00 85.00 -0.0056678
-60.00 85.00 -0.0055348
-55.00 85.00 -0.0053207
-50.00 85.00 -0.0050276
-45.00 85.00 -0.0046583
-40.00 85.00 -0.0042172
-35.00 85.00 -0.0037122
-30.00 85.00 -0.0031541
-25.00 85.00 -0.0025562
-20.00 85.00 -0.0019313
-15.00 85.00 -0.0012912
-10.00 85.00 -0.000647
-5.00 85.00 -1.07e-05
0.00 85.00 0.0006052
5.00 85.00 0.0011885
10.00 85.00 0.0017293
15.00 85.00 0.0022211
20.00 85.00 0.0026592
25.00 85.00 0.0030404
30.00 85.00 0.0033617
35.00 85.00 0.0036217
40.00 85.00 0.0038214
45.00 85.00 0.0039647
50.00 85.00 0.0040578
55.00 85.00 0.004107
60.00 85.00 0.0041183
65.00 85.00 0.0040972
70.00 85.00 0.0040496
75.00 85.00 0.0039827
80.00 85.00 0.0039035
85.00 85.00 0.0038177
90.00 85.00 0.0037283
95.00 85.00 0.0036358
100.00 85.00 0.0035397
105.00 85.00 0.0034395
110.00 85.00 0.0033344
115.00 85.00 0.0032223
120.00 85.00 0.0030989
125.00 85.00 0.0029587
130.00 85.00 0.0027971
135.00 85.00 0.0026119
140.00 85.00 0.002403
145.00 85.00 0.0021719
150.00 85.00 0.0019195
155.00 85.00 0.0016474
160.00 85.00 0.0013587
165.00 85.00 0.001059
170.00 85.00 0.0007555
175.00 85.00 0.0004546
180.00 85.00 0.0001597
-180.00 90.00 0.0010417
-175.00 90.00 0.0010417
-170.00 90.00 0.0010417
-165.00 90.00 0.0010417
-160.00 90.00 0.0010417
-155.00 90.00 0.0010417
-150.00 90.00 0.0010417
-145.00 90.00 0.0010417
-140.00 90.00 0.0010417
-135.00 90.00 0.0010417
-130.00 90.00 0.0010417
-125.00 90.00 0.0010417
-120.00 90.00 0.0010417
-115.00 90.00 0.0010417
-110.00 90.00 0.0010417
-105.00 90.00 0.0010417
-100.00 90.00 0.0010417
-95.00 90.00 0.0010417
-90.00 90.00 0.0010417
-85.00 90.00 0.0010417
-80.00 90.00 0.0010417
-75.00 90.00 0.0010417
-70.00 90.00 0.0010417
-65.00 90.00 0.0010417
-60.00 90.00 0.0010417
-55.00 90.00 0.0010417
-50.00 90.00 0.0010417
-45.00 90.00 0.0010417
-40.00 90.00 0.0010417
-35.00 90.00 0.0010417
-30.00 90.00 0.0010417
-25.00 90.00 0.0010417
-20.00 90.00 0.0010417
-15.00 90.00 0.0010417
-10.00 90.00 0.0010417
-5.00 90.00 0.0010417
0.00 90.00 0.0010417
5.00 90.00 0.0010417
10.00 90.00 0.0010417
15.00 90.00 0.0010417
20.00 90.00 0.0010417
25.00 90.00 0.0010417
30.00 90.00 0.0010417
35.00 90.00 0.0010417
40.00 90.00 0.0010417
45.00 90.00 0.0010417
50.00 90.00 0.0010417
55.00 90.00 0.0010417
60.00 90.00 0.0010417
65.00 90.00 0.0010417
70.00 90.00 0.0010417
75.00 90.00 0.0010417
80.00 90.00 0.0010417
85.00 90.00 0.0010417
90.00 90.00 0.0010417
95.00 90.00 0.0010417
100.00 90.00 0.0010417
105.00 90.00 0.0010417
110.00 90.00 0.0010417
115.00 90.00 0.0010417
120.00 90.00 0.0010417
125.00 90.00 0.0010417
130.00 90.00 0.0010417
135.00 90.00 0.0010417
140.00 90.00 0.0010417
145.00 90.00 0.0010417
150.00 90.00 0.0010417
155.00 90.00 0.0010417
160.00 90.00 0.0010417
165.00 90.00 0.0010417
170.00 90.00 0.0010417
175.00 90.00 0.0010417
180.00 90.00 0.0010417
