-180.00 -90.00 0.0045607
-175.00 -90.00 0.0045608
-170.00 -90.00 0.0045608
-165.00 -90.00 0.0045609
-160.00 -90.00 0.0045608
-155.00 -90.00 0.0045608
-150.00 -90.00 0.0045607
-145.00 -90.00 0.0045606
-140.00 -90.00 0.0045605
-135.00 -90.00 0.0045603
-130.00 -90.00 0.0045602
-125.00 -90.00 0.00456
-120.00 -90.00 0.0045598
-115.00 -90.00 0.0045596
-110.00 -90.00 0.0045595
-105.00 -90.00 0.0045593
-100.00 -90.00 0.0045592
-95.00 -90.00 0.004559
-90.00 -90.00 0.004559
-85.00 -90.00 0.0045589
-80.00 -90.00 0.0045588
-75.00 -90.00 0.0045588
-70.00 -90.00 0.0045589
-65.00 -90.00 0.0045589
-60.00 -90.00 0.004559
-55.00 -90.00 0.0045591
-50.00 -90.00 0.0045592
-45.00 -90.00 0.0045594
-40.00 -90.00 0.0045595
-35.00 -90.00 0.0045597
-30.00 -90.00 0.0045599
-25.00 -90.00 0.0045601
-20.00 -90.00 0.0045602
-15.00 -90.00 0.0045604
-10.00 -90.00 0.0045605
-5.00 -90.00 0.0045606
0.00 -90.00 0.0045607
5.00 -90.00 0.0045608
10.00 -90.00 0.0045608
15.00 -90.00 0.0045609
20.00 -90.00 0.0045608
25.00 -90.00 0.0045608
30.00 -90.00 0.0045607
35.00 -90.00 0.0045606
40.00 -90.00 0.0045605
45.00 -90.00 0.0045603
50.00 -90.00 0.0045602
55.00 -90.00 0.00456
60.00 -90.00 0.0045598
65.00 -90.00 0.0045596
70.00 -90.00 0.0045595
75.00 -90.00 0.0045593
80.00 -90.00 0.0045592
85.00 -90.00 0.004559
90.00 -90.00 0.004559
95.00 -90.00 0.0045589
100.00 -90.00 0.0045588
105.00 -90.00 0.0045588
110.00 -90.00 0.0045589
115.00 -90.00 0.0045589
120.00 -90.00 0.004559
125.00 -90.00 0.0045591
130.00 -90.00 0.0045592
135.00 -90.00 0.0045594
140.00 -90.00 0.0045595
145.00 -90.00 0.0045597
150.00 -90.00 0.0045599
155.00 -90.00 0.0045601
160.00 -90.00 0.0045602
165.00 -90.00 0.0045604
170.00 -90.00 0.0045605
175.00 -90.00 0.0045606
180.00 -90.00 0.0045607
-180.00 -85.00 0.0041879
-175.00 -85.00 0.0042215
-170.00 -85.00 0.0042377
-165.00 -85.00 0.0042355
-160.00 -85.00 0.0042146
-155.00 -85.00 0.0041759
-150.00 -85.00 0.0041209
-145.00 -85.00 0.004052
-140.00 -85.00 0.0039721
-135.00 -85.00 0.0038845
-130.00 -85.00 0.003793
-125.00 -85.00 0.0037016
-120.00 -85.00 0.0036152
-115.00 -85.00 0.0035383
-110.00 -85.00 0.0034755
-105.00 -85.00 0.0034309
-100.00 -85.00 0.003408
-95.00 -85.00 0.0034103
-90.00 -85.00 0.0034402
-85.00 -85.00 0.0034994
-80.00 -85.00 0.0035883
-75.00 -85.00 0.0037057
-70.00 -85.00 0.0038497
-65.00 -85.00 0.0040175
-60.00 -85.00 0.0042054
-55.00 -85.00 0.0044085
-50.00 -85.00 0.0046217
-45.00 -85.00 0.0048391
-40.00 -85.00 0.0050553
-35.00 -85.00 0.005265
-30.00 -85.00 0.0054633
-25.00 -85.00 0.0056458
-20.00 -85.00 0.0058087
-15.00 -85.00 0.0059488
-10.00 -85.00 0.0060638
-5.00 -85.00 0.0061524
0.00 -85.00 0.0062136
5.00 -85.00 0.0062474
10.00 -85.00 0.0062541
15.00 -85.00 0.0062348
20.00 -85.00 0.006191
25.00 -85.00 0.0061246
30.00 -85.00 0.0060376
35.00 -85.00 0.0059322
40.00 -85.00 0.0058106
45.00 -85.00 0.0056751
50.00 -85.00 0.0055278
55.00 -85.00 0.0053706
60.00 -85.00 0.0052056
65.00 -85.00 0.005035
70.00 -85.00 0.0048609
75.00 -85.00 0.0046859
80.00 -85.00 0.0045127
85.00 -85.00 0.0043443
90.00 -85.00 0.0041841
95.00 -85.00 0.0040356
100.00 -85.00 0.0039025
105.00 -85.00 0.0037879
110.00 -85.00 0.0036945
115.00 -85.00 0.0036243
120.00 -85.00 0.0035787
125.00 -85.00 0.0035578
130.00 -85.00 0.0035611
135.00 -85.00 0.0035864
140.00 -85.00 0.003631
145.00 -85.00 0.0036912
150.00 -85.00 0.0037629
155.00 -85.00 0.0038418
160.00 -85.00 0.0039233
165.00 -85.00 0.0040027
170.00 -85.00 0.0040757
175.00 -85.00 0.0041385
180.00 -85.00 0.0041879
-180.00 -80.00 0.0061541
-175.00 -80.00 0.0062314
-170.00 -80.00 0.0062411
-165.00 -80.00 0.0061868
-160.00 -80.00 0.0060712
-155.00 -80.00 0.0059005
-150.00 -80.00 0.0056842
-145.00 -80.00 0.0054299
-140.00 -80.00 0.0051415
-135.00 -80.00 0.0048242
-130.00 -80.00 0.0044868
-125.00 -80.00 0.0041389
-120.00 -80.00 0.0037884
-115.00 -80.00 0.0034451
-110.00 -80.00 0.003124
-105.00 -80.00 0.0028426
-100.00 -80.00 0.0026142
-95.00 -80.00 0.0024501
-90.00 -80.00 0.0023623
-85.00 -80.00 0.0023614
-80.00 -80.00 0.0024501
-75.00 -80.00 0.0026234
-70.00 -80.00 0.0028729
-65.00 -80.00 0.0031878
-60.00 -80.00 0.0035505
-55.00 -80.00 0.0039367
-50.00 -80.00 0.0043229
-45.00 -80.00 0.0046908
-40.00 -80.00 0.005025
-35.00 -80.00 0.0053111
-30.00 -80.00 0.0055393
-25.00 -80.00 0.0057087
-20.00 -80.00 0.005822
-15.00 -80.00 0.0058797
-10.00 -80.00 0.0058812
-5.00 -80.00 0.0058299
0.00 -80.00 0.0057314
5.00 -80.00 0.0055892
10.00 -80.00 0.0054056
15.00 -80.00 0.0051879
20.00 -80.00 0.004949
25.00 -80.00 0.0047011
30.00 -80.00 0.0044531
35.00 -80.00 0.0042141
40.00 -80.00 0.0039946
45.00 -80.00 0.0038008
50.00 -80.00 0.0036308
55.00 -80.00 0.0034788
60.00 -80.00 0.0033398
65.00 -80.00 0.0032082
70.00 -80.00 0.0030747
75.00 -80.00 0.0029305
80.00 -80.00 0.0027744
85.00 -80.00 0.0026115
90.00 -80.00 0.0024499
95.00 -80.00 0.0022996
100.00 -80.00 0.0021767
105.00 -80.00 0.0021013
110.00 -80.00 0.0020899
115.00 -80.00 0.0021517
120.00 -80.00 0.0022918
125.00 -80.00 0.0025116
130.00 -80.00 0.0028053
135.00 -80.00 0.0031578
140.00 -80.00 0.0035506
145.00 -80.00 0.0039668
150.00 -80.00 0.0043892
155.00 -80.00 0.0047982
160.00 -80.00 0.0051754
165.00 -80.00 0.0055082
170.00 -80.00 0.0057879
175.00 -80.00 0.0060057
180.00 -80.00 0.0061541
-180.00 -75.00 0.0067393
-175.00 -75.00 0.0066032
-170.00 -75.00 0.0063782
-165.00 -75.00 0.0060826
-160.00 -75.00 0.0057417
-155.00 -75.00 0.0053835
-150.00 -75.00 0.0050333
-145.00 -75.00 0.0047075
-140.00 -75.00 0.0044094
-135.00 -75.00 0.0041294
-130.00 -75.00 0.0038514
-125.00 -75.00 0.0035613
-120.00 -75.00 0.0032535
-115.00 -75.00 0.0029352
-110.00 -75.00 0.0026258
-105.00 -75.00 0.0023508
-100.00 -75.00 0.0021356
-95.00 -75.00 0.0020019
-90.00 -75.00 0.0019666
-85.00 -75.00 0.0020419
-80.00 -75.00 0.0022352
-75.00 -75.00 0.0025482
-70.00 -75.00 0.0029713
-65.00 -75.00 0.0034779
-60.00 -75.00 0.0040233
-55.00 -75.00 0.0045498
-50.00 -75.00 0.0049957
-45.00 -75.00 0.0053092
-40.00 -75.00 0.0054615
-35.00 -75.00 0.0054524
-30.00 -75.00 0.0053077
-25.00 -75.00 0.00507
-20.00 -75.00 0.0047861
-15.00 -75.00 0.0044938
-10.00 -75.00 0.0042137
-5.00 -75.00 0.0039479
0.00 -75.00 0.0036851
5.00 -75.00 0.0034073
10.00 -75.00 0.003099
15.00 -75.00 0.0027559
20.00 -75.00 0.0023877
25.00 -75.00 0.0020168
30.00 -75.00 0.0016734
35.00 -75.00 0.0013885
40.00 -75.00 0.0011851
45.00 -75.00 0.0010727
50.00 -75.00 0.0010466
55.00 -75.00 0.0010895
60.00 -75.00 0.0011745
65.00 -75.00 0.0012703
70.00 -75.00 0.001347
75.00 -75.00 0.0013792
80.00 -75.00 0.001351
85.00 -75.00 0.0012606
90.00 -75.00 0.001124
95.00 -75.00 0.0009739
100.00 -75.00 0.0008562
105.00 -75.00 0.0008221
110.00 -75.00 0.0009167
115.00 -75.00 0.001168
120.00 -75.00 0.0015804
125.00 -75.00 0.0021337
130.00 -75.00 0.0027874
135.00 -75.00 0.0034896
140.00 -75.00 0.0041883
145.00 -75.00 0.0048403
150.00 -75.00 0.0054146
155.00 -75.00 0.0058935
160.00 -75.00 0.0062702
165.00 -75.00 0.006543
170.00 -75.00 0.0067118
175.00 -75.00 0.0067768
180.00 -75.00 0.0067393
-180.00 -70.00 0.004747
-175.00 -70.00 0.0044568
-170.00 -70.00 0.0040447
-165.00 -70.00 0.0035251
-160.00 -70.00 0.0029464
-155.00 -70.00 0.0023865
-150.00 -70.00 0.0019324
-145.00 -70.00 0.0016486
-140.00 -70.00 0.001549
-135.00 -70.00 0.0015881
-130.00 -70.00 0.0016805
-125.00 -70.00 0.0017413
-120.00 -70.00 0.0017265
-115.00 -70.00 0.0016518
-110.00 -70.00 0.0015784
-105.00 -70.00 0.0015761
-100.00 -70.00 0.0016851
-95.00 -70.00 0.0019001
-90.00 -70.00 0.0021839
-85.00 -70.00 0.002501
-80.00 -70.00 0.0028458
-75.00 -70.00 0.003248
-70.00 -70.00 0.0037475
-65.00 -70.00 0.0043552
-60.00 -70.00 0.005022
-55.00 -70.00 0.0056381
-50.00 -70.00 0.0060664
-45.00 -70.00 0.0061948
-40.00 -70.00 0.0059822
-35.00 -70.00 0.0054766
-30.00 -70.00 0.0047968
-25.00 -70.00 0.0040899
-20.00 -70.00 0.003484
-15.00 -70.00 0.0030567
-10.00 -70.00 0.0028255
-5.00 -70.00 0.0027579
0.00 -70.00 0.0027893
5.00 -70.00 0.0028434
10.00 -70.00 0.002851
15.00 -70.00 0.0027666
20.00 -70.00 0.0025821
25.00 -70.00 0.0023288
30.00 -70.00 0.0020658
35.00 -70.00 0.0018561
40.00 -70.00 0.0017395
45.00 -70.00 0.0017166
50.00 -70.00 0.0017526
55.00 -70.00 0.001795
60.00 -70.00 0.0017966
65.00 -70.00 0.001729
70.00 -70.00 0.001582
75.00 -70.00 0.0013549
80.00 -70.00 0.0010498
85.00 -70.00 0.0006748
90.00 -70.00 0.0002548
95.00 -70.00 -0.0001574
100.00 -70.00 -0.0004819
105.00 -70.00 -0.0006267
110.00 -70.00 -0.0005153
115.00 -70.00 -0.000114
120.00 -70.00 0.0005521
125.00 -70.00 0.001401
130.00 -70.00 0.0023153
135.00 -70.00 0.0031746
140.00 -70.00 0.0038873
145.00 -70.00 0.0044102
150.00 -70.00 0.0047481
155.00 -70.00 0.0049387
160.00 -70.00 0.0050283
165.00 -70.00 0.0050515
170.00 -70.00 0.0050208
175.00 -70.00 0.0049269
180.00 -70.00 0.004747
-180.00 -65.00 0.0034639
-175.00 -65.00 0.0034973
-170.00 -65.00 0.0033857
-165.00 -65.00 0.0030668
-160.00 -65.00 0.0025245
-155.00 -65.00 0.0018409
-150.00 -65.00 0.0011957
-145.00 -65.00 0.0007895
-140.00 -65.00 0.0007305
-135.00 -65.00 0.0009618
-130.00 -65.00 0.0012878
-125.00 -65.00 0.0014929
-120.00 -65.00 0.001477
-115.00 -65.00 0.0013175
-110.00 -65.00 0.001216
-105.00 -65.00 0.0013651
-100.00 -65.00 0.0018224
-95.00 -65.00 0.0024741
-90.00 -65.00 0.0031058
-85.00 -65.00 0.0035343
-80.00 -65.00 0.0037148
-75.00 -65.00 0.0037604
-70.00 -65.00 0.0038637
-65.00 -65.00 0.0041705
-60.00 -65.00 0.00468
-55.00 -65.00 0.0052316
-50.00 -65.00 0.0055865
-45.00 -65.00 0.0055577
-40.00 -65.00 0.0051141
-35.00 -65.00 0.0043963
-30.00 -65.00 0.0036386
-25.00 -65.00 0.0030486
-20.00 -65.00 0.0027205
-15.00 -65.00 0.0026312
-10.00 -65.00 0.0027047
-5.00 -65.00 0.0028832
0.00 -65.00 0.003147
5.00 -65.00 0.0034762
10.00 -65.00 0.0038028
15.00 -65.00 0.0040116
20.00 -65.00 0.0040027
25.00 -65.00 0.003771
30.00 -65.00 0.0034327
35.00 -65.00 0.0031651
40.00 -65.00 0.0030964
45.00 -65.00 0.0032212
50.00 -65.00 0.0034017
55.00 -65.00 0.0034519
60.00 -65.00 0.0032418
65.00 -65.00 0.0027538
70.00 -65.00 0.0020631
75.00 -65.00 0.0012726
80.00 -65.00 0.0004574
85.00 -65.00 -0.0003447
90.00 -65.00 -0.001103
95.00 -65.00 -0.0017608
100.00 -65.00 -0.0022276
105.00 -65.00 -0.0024036
110.00 -65.00 -0.0022191
115.00 -65.00 -0.001667
120.00 -65.00 -0.0008172
125.00 -65.00 0.0001911
130.00 -65.00 0.0011794
135.00 -65.00 0.0019819
140.00 -65.00 0.0025019
145.00 -65.00 0.0027459
150.00 -65.00 0.0028102
155.00 -65.00 0.0028241
160.00 -65.00 0.002882
165.00 -65.00 0.0030102
170.00 -65.00 0.0031796
175.00 -65.00 0.0033442
180.00 -65.00 0.0034639
-180.00 -60.00 0.0033432
-175.00 -60.00 0.0036906
-170.00 -60.00 0.0041916
-165.00 -60.00 0.0046278
-160.00 -60.00 0.0046843
-155.00 -60.00 0.0042123
-150.00 -60.00 0.00339
-145.00 -60.00 0.0026265
-140.00 -60.00 0.0022736
-135.00 -60.00 0.0023703
-130.00 -60.00 0.0026291
-125.00 -60.00 0.0026755
-120.00 -60.00 0.002351
-115.00 -60.00 0.0018398
-110.00 -60.00 0.001529
-105.00 -60.00 0.0017183
-100.00 -60.00 0.0024012
-95.00 -60.00 0.0032673
-90.00 -60.00 0.0039054
-85.00 -60.00 0.0040533
-80.00 -60.00 0.0037332
-75.00 -60.00 0.0032089
-70.00 -60.00 0.0028161
-65.00 -60.00 0.0027739
-60.00 -60.00 0.0030751
-55.00 -60.00 0.0035014
-50.00 -60.00 0.0037575
-45.00 -60.00 0.0036607
-40.00 -60.00 0.0032768
-35.00 -60.00 0.0028966
-30.00 -60.00 0.0028374
-25.00 -60.00 0.0031954
-20.00 -60.00 0.0037425
-15.00 -60.00 0.004078
-10.00 -60.00 0.0039384
-5.00 -60.00 0.0034212
0.00 -60.00 0.0029256
5.00 -60.00 0.0028346
10.00 -60.00 0.0031881
15.00 -60.00 0.0036149
20.00 -60.00 0.0035993
25.00 -60.00 0.0028811
30.00 -60.00 0.0016805
35.00 -60.00 0.0005687
40.00 -60.00 8.33e-05
45.00 -60.00 0.0003789
50.00 -60.00 0.0011595
55.00 -60.00 0.0019122
60.00 -60.00 0.0022368
65.00 -60.00 0.0020306
70.00 -60.00 0.0014375
75.00 -60.00 0.0006673
80.00 -60.00 -0.0001392
85.00 -60.00 -0.0009117
90.00 -60.00 -0.0015774
95.00 -60.00 -0.0020278
100.00 -60.00 -0.0021685
105.00 -60.00 -0.001991
110.00 -60.00 -0.0015774
115.00 -60.00 -0.0010307
120.00 -60.00 -0.0004097
125.00 -60.00 0.0002574
130.00 -60.00 0.0009047
135.00 -60.00 0.0014044
140.00 -60.00 0.0016444
145.00 -60.00 0.001646
150.00 -60.00 0.0015891
155.00 -60.00 0.0016904
160.00 -60.00 0.0020297
165.00 -60.00 0.0024909
170.00 -60.00 0.0028832
175.00 -60.00 0.0031306
180.00 -60.00 0.0033432
-180.00 -55.00 0.0017533
-175.00 -55.00 0.0016397
-170.00 -55.00 0.0023591
-165.00 -55.00 0.0035851
-160.00 -55.00 0.0045231
-155.00 -55.00 0.0045487
-150.00 -55.00 0.0036949
-145.00 -55.00 0.0025828
-140.00 -55.00 0.0018809
-135.00 -55.00 0.0017767
-130.00 -55.00 0.0019148
-125.00 -55.00 0.0018197
-120.00 -55.00 0.0013881
-115.00 -55.00 0.0009906
-110.00 -55.00 0.0011085
-105.00 -55.00 0.0018654
-100.00 -55.00 0.0028837
-95.00 -55.00 0.0035795
-90.00 -55.00 0.0036117
-85.00 -55.00 0.003104
-80.00 -55.00 0.0024884
-75.00 -55.00 0.0021584
-70.00 -55.00 0.0022372
-65.00 -55.00 0.0026012
-60.00 -55.00 0.0030413
-55.00 -55.00 0.0033733
-50.00 -55.00 0.0034587
-45.00 -55.00 0.0032499
-40.00 -55.00 0.0029035
-35.00 -55.00 0.002807
-30.00 -55.00 0.0033445
-25.00 -55.00 0.0044947
-20.00 -55.00 0.0056421
-15.00 -55.00 0.0058982
-10.00 -55.00 0.0047864
-5.00 -55.00 0.0027384
0.00 -55.00 0.0009174
5.00 -55.00 0.0004098
10.00 -55.00 0.0013752
15.00 -55.00 0.0028418
20.00 -55.00 0.0033653
25.00 -55.00 0.0020833
30.00 -55.00 -0.0006408
35.00 -55.00 -0.0034725
40.00 -55.00 -0.0050381
45.00 -55.00 -0.0047981
50.00 -55.00 -0.0032416
55.00 -55.00 -0.001366
60.00 -55.00 4.61e-05
65.00 -55.00 0.0007857
70.00 -55.00 0.0010497
75.00 -55.00 0.0010568
80.00 -55.00 0.0008634
85.00 -55.00 0.0005021
90.00 -55.00 0.0001846
95.00 -55.00 0.0002534
100.00 -55.00 0.0008737
105.00 -55.00 0.0017908
110.00 -55.00 0.0024627
115.00 -55.00 0.0025044
120.00 -55.00 0.0020284
125.00 -55.00 0.0015254
130.00 -55.00 0.0013878
135.00 -55.00 0.0015541
140.00 -55.00 0.0016405
145.00 -55.00 0.0014125
150.00 -55.00 0.0010816
155.00 -55.00 0.0010949
160.00 -55.00 0.0016304
165.00 -55.00 0.0023418
170.00 -55.00 0.0026513
175.00 -55.00 0.0023247
180.00 -55.00 0.0017533
-180.00 -50.00 0.0002307
-175.00 -50.00 -0.0009091
-170.00 -50.00 -0.0008071
-165.00 -50.00 0.0003248
-160.00 -50.00 0.0014175
-155.00 -50.00 0.001516
-150.00 -50.00 0.0005659
-145.00 -50.00 -0.0006462
-140.00 -50.00 -0.0012825
-135.00 -50.00 -0.0012084
-130.00 -50.00 -0.0009908
-125.00 -50.00 -0.0011609
-120.00 -50.00 -0.0015295
-115.00 -50.00 -0.0013132
-110.00 -50.00 2.15e-05
-105.00 -50.00 0.0020728
-100.00 -50.00 0.0037089
-95.00 -50.00 0.0040116
-90.00 -50.00 0.0030822
-85.00 -50.00 0.0019709
-80.00 -50.00 0.0017922
-75.00 -50.00 0.0028238
-70.00 -50.00 0.0043825
-65.00 -50.00 0.0055319
-60.00 -50.00 0.0058843
-55.00 -50.00 0.00572
-50.00 -50.00 0.0054346
-45.00 -50.00 0.0050591
-40.00 -50.00 0.0044282
-35.00 -50.00 0.0036935
-30.00 -50.00 0.003401
-25.00 -50.00 0.0038874
-20.00 -50.00 0.0046628
-15.00 -50.00 0.0045972
-10.00 -50.00 0.0029055
-5.00 -50.00 5.17e-05
0.00 -50.00 -0.0023281
5.00 -50.00 -0.0025709
10.00 -50.00 -0.0003574
15.00 -50.00 0.0028189
20.00 -50.00 0.0045929
25.00 -50.00 0.0034444
30.00 -50.00 -0.0001694
35.00 -50.00 -0.0041923
40.00 -50.00 -0.0065087
45.00 -50.00 -0.0063496
50.00 -50.00 -0.0045086
55.00 -50.00 -0.0024032
60.00 -50.00 -0.0009269
65.00 -50.00 -4.54e-05
70.00 -50.00 0.0007011
75.00 -50.00 0.0014689
80.00 -50.00 0.0019543
85.00 -50.00 0.0019213
90.00 -50.00 0.0017347
95.00 -50.00 0.0021834
100.00 -50.00 0.0036603
105.00 -50.00 0.0055373
110.00 -50.00 0.0065013
115.00 -50.00 0.0056856
120.00 -50.00 0.0035395
125.00 -50.00 0.0015125
130.00 -50.00 0.0007712
135.00 -50.00 0.0011949
140.00 -50.00 0.001653
145.00 -50.00 0.0012519
150.00 -50.00 0.0002474
155.00 -50.00 -0.0002956
160.00 -50.00 0.0003082
165.00 -50.00 0.0015817
170.00 -50.00 0.0023074
175.00 -50.00 0.0017135
180.00 -50.00 0.0002307
-180.00 -45.00 0.0019749
-175.00 -45.00 6.11e-05
-170.00 -45.00 -0.0008998
-165.00 -45.00 -0.0008025
-160.00 -45.00 -0.0005245
-155.00 -45.00 -0.000933
-150.00 -45.00 -0.0020498
-145.00 -45.00 -0.0030652
-140.00 -45.00 -0.0031738
-135.00 -45.00 -0.0024594
-130.00 -45.00 -0.0018563
-125.00 -45.00 -0.0020744
-120.00 -45.00 -0.0026345
-115.00 -45.00 -0.0022282
-110.00 -45.00 -0.0001445
-105.00 -45.00 0.0027844
-100.00 -45.00 0.0047897
-95.00 -45.00 0.0047604
-90.00 -45.00 0.0032954
-85.00 -45.00 0.0022314
-80.00 -45.00 0.0030385
-75.00 -45.00 0.0054949
-70.00 -45.00 0.0078867
-65.00 -45.00 0.008612
-60.00 -45.00 0.0076391
-55.00 -45.00 0.0063187
-50.00 -45.00 0.0057779
-45.00 -45.00 0.0057217
-40.00 -45.00 0.0049856
-35.00 -45.00 0.0031065
-30.00 -45.00 0.0009922
-25.00 -45.00 -7.47e-05
-20.00 -45.00 0.0001295
-15.00 -45.00 0.0005175
-10.00 -45.00 -0.0002003
-5.00 -45.00 -0.0022249
0.00 -45.00 -0.0043402
5.00 -45.00 -0.0047972
10.00 -45.00 -0.0027977
15.00 -45.00 0.0005733
20.00 -45.00 0.002948
25.00 -45.00 0.0025501
30.00 -45.00 -0.0003018
35.00 -45.00 -0.0035193
40.00 -45.00 -0.0050524
45.00 -45.00 -0.004444
50.00 -45.00 -0.0028496
55.00 -45.00 -0.0017674
60.00 -45.00 -0.0017223
65.00 -45.00 -0.0020122
70.00 -45.00 -0.0016456
75.00 -45.00 -0.0004881
80.00 -45.00 0.0006094
85.00 -45.00 0.0008587
90.00 -45.00 0.0005861
95.00 -45.00 0.0010392
100.00 -45.00 0.0030282
105.00 -45.00 0.005778
110.00 -45.00 0.0073054
115.00 -45.00 0.0061958
120.00 -45.00 0.0031147
125.00 -45.00 0.0003902
130.00 -45.00 -0.0001152
135.00 -45.00 0.0012786
140.00 -45.00 0.002551
145.00 -45.00 0.0021075
150.00 -45.00 0.0003229
155.00 -45.00 -0.00097
160.00 -45.00 -0.0003728
165.00 -45.00 0.0017191
170.00 -45.00 0.0035311
175.00 -45.00 0.0035866
180.00 -45.00 0.0019749
-180.00 -40.00 0.0042307
-175.00 -40.00 0.0020587
-170.00 -40.00 0.0003803
-165.00 -40.00 -0.0003564
-160.00 -40.00 -0.0005442
-155.00 -40.00 -0.0008425
-150.00 -40.00 -0.0015552
-145.00 -40.00 -0.0022611
-140.00 -40.00 -0.0021508
-135.00 -40.00 -0.0010378
-130.00 -40.00 0.0001619
-125.00 -40.00 0.0004137
-120.00 -40.00 -8.66e-05
-115.00 -40.00 -6.48e-05
-110.00 -40.00 0.0012737
-105.00 -40.00 0.0032496
-100.00 -40.00 0.0044216
-95.00 -40.00 0.0040813
-90.00 -40.00 0.002992
-85.00 -40.00 0.0027563
-80.00 -40.00 0.0043179
-75.00 -40.00 0.0068374
-70.00 -40.00 0.008185
-65.00 -40.00 0.0069506
-60.00 -40.00 0.0040323
-55.00 -40.00 0.0018688
-50.00 -40.00 0.0018895
-45.00 -40.00 0.0030022
-40.00 -40.00 0.0029152
-35.00 -40.00 0.0007592
-30.00 -40.00 -0.0020447
-25.00 -40.00 -0.0034735
-20.00 -40.00 -0.0029309
-15.00 -40.00 -0.0014829
-10.00 -40.00 -0.0006662
-5.00 -40.00 -0.0013961
0.00 -40.00 -0.0034788
5.00 -40.00 -0.0056139
10.00 -40.00 -0.0062429
15.00 -40.00 -0.0050422
20.00 -40.00 -0.0034323
25.00 -40.00 -0.0031079
30.00 -40.00 -0.0042026
35.00 -40.00 -0.0053229
40.00 -40.00 -0.0052054
45.00 -40.00 -0.0039168
50.00 -40.00 -0.002585
55.00 -40.00 -0.0023255
60.00 -40.00 -0.0032814
65.00 -40.00 -0.0044112
70.00 -40.00 -0.0043906
75.00 -40.00 -0.0029846
80.00 -40.00 -0.001353
85.00 -40.00 -0.0007636
90.00 -40.00 -0.0011443
95.00 -40.00 -0.0011114
100.00 -40.00 0.0005644
105.00 -40.00 0.003508
110.00 -40.00 0.0057753
115.00 -40.00 0.0056167
120.00 -40.00 0.0034007
125.00 -40.00 0.0014696
130.00 -40.00 0.0017544
135.00 -40.00 0.0037731
140.00 -40.00 0.0052999
145.00 -40.00 0.0047703
150.00 -40.00 0.0027068
155.00 -40.00 0.0010131
160.00 -40.00 0.0011984
165.00 -40.00 0.0031199
170.00 -40.00 0.0051522
175.00 -40.00 0.0056239
180.00 -40.00 0.0042307
-180.00 -35.00 0.0029992
-175.00 -35.00 0.0009612
-170.00 -35.00 -0.0008591
-165.00 -35.00 -0.0017384
-160.00 -35.00 -0.0014964
-155.00 -35.00 -0.0006335
-150.00 -35.00 -0.0002233
-145.00 -35.00 -0.0008061
-140.00 -35.00 -0.0014968
-135.00 -35.00 -0.0010179
-130.00 -35.00 0.000597
-125.00 -35.00 0.0021758
-120.00 -35.00 0.0029929
-115.00 -35.00 0.0032411
-110.00 -35.00 0.0031483
-105.00 -35.00 0.0026085
-100.00 -35.00 0.0017181
-95.00 -35.00 0.0009825
-90.00 -35.00 0.000933
-85.00 -35.00 0.0018605
-80.00 -35.00 0.0035848
-75.00 -35.00 0.005041
-70.00 -35.00 0.0046171
-65.00 -35.00 0.0017702
-60.00 -35.00 -0.0018002
-55.00 -35.00 -0.0034288
-50.00 -35.00 -0.0022369
-45.00 -35.00 -0.0001147
-40.00 -35.00 0.0004315
-35.00 -35.00 -0.0009594
-30.00 -35.00 -0.0024646
-25.00 -35.00 -0.0025269
-20.00 -35.00 -0.0014
-15.00 -35.00 -0.0001676
-10.00 -35.00 0.0005326
-5.00 -35.00 0.0001718
0.00 -35.00 -0.0019917
5.00 -35.00 -0.005668
10.00 -35.00 -0.0088695
15.00 -35.00 -0.0098428
20.00 -35.00 -0.0090879
25.00 -35.00 -0.0083174
30.00 -35.00 -0.0081027
35.00 -35.00 -0.0077522
40.00 -35.00 -0.0068512
45.00 -35.00 -0.0056665
50.00 -35.00 -0.0045028
55.00 -35.00 -0.0036561
60.00 -35.00 -0.0034943
65.00 -35.00 -0.0037817
70.00 -35.00 -0.0035347
75.00 -35.00 -0.0022621
80.00 -35.00 -0.0007735
85.00 -35.00 -0.0001917
90.00 -35.00 -0.0006298
95.00 -35.00 -0.0011353
100.00 -35.00 -0.0005491
105.00 -35.00 0.0015011
110.00 -35.00 0.0040012
115.00 -35.00 0.005312
120.00 -35.00 0.0050695
125.00 -35.00 0.0047199
130.00 -35.00 0.0055352
135.00 -35.00 0.006904
140.00 -35.00 0.0073594
145.00 -35.00 0.006463
150.00 -35.00 0.0048691
155.00 -35.00 0.0033587
160.00 -35.00 0.0025838
165.00 -35.00 0.0029373
170.00 -35.00 0.0039002
175.00 -35.00 0.0041672
180.00 -35.00 0.0029992
-180.00 -30.00 0.0005754
-175.00 -30.00 -0.0008347
-170.00 -30.00 -0.002476
-165.00 -30.00 -0.0036492
-160.00 -30.00 -0.0036829
-155.00 -30.00 -0.0024558
-150.00 -30.00 -0.0013556
-145.00 -30.00 -0.001941
-140.00 -30.00 -0.0036123
-135.00 -30.00 -0.0042071
-130.00 -30.00 -0.0026968
-125.00 -30.00 9.74e-05
-120.00 -30.00 0.0028539
-115.00 -30.00 0.0043534
-110.00 -30.00 0.0035562
-105.00 -30.00 0.0007236
-100.00 -30.00 -0.0020766
-95.00 -30.00 -0.0028772
-90.00 -30.00 -0.0016995
-85.00 -30.00 0.000227
-80.00 -30.00 0.0020249
-75.00 -30.00 0.0029861
-70.00 -30.00 0.002134
-65.00 -30.00 -0.000547
-60.00 -30.00 -0.0031608
-55.00 -30.00 -0.0035745
-50.00 -30.00 -0.0018981
-45.00 -30.00 -0.0003216
-40.00 -30.00 -0.0003875
-35.00 -30.00 -0.0012087
-30.00 -30.00 -0.0009589
-25.00 -30.00 0.0003758
-20.00 -30.00 0.0009763
-15.00 -30.00 5.18e-05
-10.00 -30.00 -0.0010289
-5.00 -30.00 -0.0014321
0.00 -30.00 -0.0026959
5.00 -30.00 -0.0060421
10.00 -30.00 -0.0096598
15.00 -30.00 -0.011003
20.00 -30.00 -0.0102924
25.00 -30.00 -0.0093764
30.00 -30.00 -0.0086571
35.00 -30.00 -0.0075816
40.00 -30.00 -0.006626
45.00 -30.00 -0.0063054
50.00 -30.00 -0.0056132
55.00 -30.00 -0.0036437
60.00 -30.00 -0.0014015
65.00 -30.00 -0.0002129
70.00 -30.00 0.0001956
75.00 -30.00 0.0006407
80.00 -30.00 0.0010483
85.00 -30.00 0.001106
90.00 -30.00 0.0009125
95.00 -30.00 0.0005118
100.00 -30.00 0.0001354
105.00 -30.00 0.0006769
110.00 -30.00 0.0024565
115.00 -30.00 0.004272
120.00 -30.00 0.0051594
125.00 -30.00 0.0058153
130.00 -30.00 0.0067756
135.00 -30.00 0.0069748
140.00 -30.00 0.0057661
145.00 -30.00 0.0043458
150.00 -30.00 0.0035404
155.00 -30.00 0.0023781
160.00 -30.00 0.0004286
165.00 -30.00 -0.0007634
170.00 -30.00 -0.0001849
175.00 -30.00 0.0008154
180.00 -30.00 0.0005754
-180.00 -25.00 -0.0004316
-175.00 -25.00 -0.0010859
-170.00 -25.00 -0.002053
-165.00 -25.00 -0.0035246
-160.00 -25.00 -0.0051151
-155.00 -25.00 -0.0055261
-150.00 -25.00 -0.0050095
-145.00 -25.00 -0.0052128
-140.00 -25.00 -0.0063037
-135.00 -25.00 -0.0067643
-130.00 -25.00 -0.0056975
-125.00 -25.00 -0.0032831
-120.00 -25.00 -5.95e-05
-115.00 -25.00 0.0023596
-110.00 -25.00 0.0016507
-105.00 -25.00 -0.0020658
-100.00 -25.00 -0.0053153
-95.00 -25.00 -0.0053663
-90.00 -25.00 -0.0032007
-85.00 -25.00 -0.0009382
-80.00 -25.00 0.0010588
-75.00 -25.00 0.002761
-70.00 -25.00 0.0029065
-65.00 -25.00 0.0010889
-60.00 -25.00 -0.000659
-55.00 -25.00 -0.0004303
-50.00 -25.00 0.0008453
-45.00 -25.00 0.0009045
-40.00 -25.00 -0.0005867
-35.00 -25.00 -0.0016536
-30.00 -25.00 -0.0007834
-25.00 -25.00 0.0007615
-20.00 -25.00 0.0003025
-15.00 -25.00 -0.0024423
-10.00 -25.00 -0.0045981
-5.00 -25.00 -0.0044522
0.00 -25.00 -0.0043072
5.00 -25.00 -0.0066252
10.00 -25.00 -0.0097658
15.00 -25.00 -0.0108113
20.00 -25.00 -0.0101499
25.00 -25.00 -0.0095743
30.00 -25.00 -0.0084925
35.00 -25.00 -0.0060052
40.00 -25.00 -0.0039821
45.00 -25.00 -0.0040451
50.00 -25.00 -0.0042174
55.00 -25.00 -0.0022242
60.00 -25.00 0.0006791
65.00 -25.00 0.0022021
70.00 -25.00 0.0023664
75.00 -25.00 0.0020615
80.00 -25.00 0.0013726
85.00 -25.00 0.0008455
90.00 -25.00 0.0013096
95.00 -25.00 0.0019175
100.00 -25.00 0.0014327
105.00 -25.00 0.0008548
110.00 -25.00 0.0016056
115.00 -25.00 0.0027154
120.00 -25.00 0.0029912
125.00 -25.00 0.0034808
130.00 -25.00 0.00467
135.00 -25.00 0.004528
140.00 -25.00 0.0023572
145.00 -25.00 0.0006911
150.00 -25.00 0.0005805
155.00 -25.00 -0.0005443
160.00 -25.00 -0.003632
165.00 -25.00 -0.0054194
170.00 -25.00 -0.0037875
175.00 -25.00 -0.0011969
180.00 -25.00 -0.0004316
-180.00 -20.00 -0.0028439
-175.00 -20.00 -0.0037744
-170.00 -20.00 -0.0033669
-165.00 -20.00 -0.0035609
-160.00 -20.00 -0.0056161
-155.00 -20.00 -0.0076481
-150.00 -20.00 -0.0081033
-145.00 -20.00 -0.0075151
-140.00 -20.00 -0.0065025
-135.00 -20.00 -0.0053273
-130.00 -20.00 -0.0046577
-125.00 -20.00 -0.004206
-120.00 -20.00 -0.0025477
-115.00 -20.00 -0.0003854
-110.00 -20.00 -0.0008316
-105.00 -20.00 -0.0042381
-100.00 -20.00 -0.0065786
-95.00 -20.00 -0.0053317
-90.00 -20.00 -0.0028169
-85.00 -20.00 -0.0013924
-80.00 -20.00 4.93e-05
-75.00 -20.00 0.0022321
-70.00 -20.00 0.0028677
-65.00 -20.00 0.000877
-60.00 -20.00 -0.0008667
-55.00 -20.00 4.99e-05
-50.00 -20.00 0.001786
-45.00 -20.00 0.0013747
-40.00 -20.00 -0.0009711
-35.00 -20.00 -0.0026984
-30.00 -20.00 -0.0024364
-25.00 -20.00 -0.0014322
-20.00 -20.00 -0.0019165
-15.00 -20.00 -0.004138
-10.00 -20.00 -0.0057053
-5.00 -20.00 -0.0051952
0.00 -20.00 -0.0048652
5.00 -20.00 -0.0070489
10.00 -20.00 -0.0099628
15.00 -20.00 -0.0108545
20.00 -20.00 -0.0106214
25.00 -20.00 -0.010819
30.00 -20.00 -0.0094821
35.00 -20.00 -0.0050927
40.00 -20.00 -0.0009758
45.00 -20.00 -0.000425
50.00 -20.00 -0.0013519
55.00 -20.00 -0.0005393
60.00 -20.00 0.001146
65.00 -20.00 0.0017969
70.00 -20.00 0.0019565
75.00 -20.00 0.002022
80.00 -20.00 0.0010992
85.00 -20.00 0.0001397
90.00 -20.00 0.0010962
95.00 -20.00 0.0027444
100.00 -20.00 0.0026
105.00 -20.00 0.0016768
110.00 -20.00 0.0020516
115.00 -20.00 0.0024692
120.00 -20.00 0.0015701
125.00 -20.00 0.0014302
130.00 -20.00 0.0029834
135.00 -20.00 0.0031131
140.00 -20.00 0.0007051
145.00 -20.00 -0.0006461
150.00 -20.00 0.0001727
155.00 -20.00 -0.0008793
160.00 -20.00 -0.0049066
165.00 -20.00 -0.0070288
170.00 -20.00 -0.0048534
175.00 -20.00 -0.0024458
180.00 -20.00 -0.0028439
-180.00 -15.00 -0.007086
-175.00 -15.00 -0.0094088
-170.00 -15.00 -0.0078833
-165.00 -15.00 -0.0056513
-160.00 -15.00 -0.0058133
-155.00 -15.00 -0.007321
-150.00 -15.00 -0.0080422
-145.00 -15.00 -0.0071395
-140.00 -15.00 -0.0046297
-135.00 -15.00 -0.0020109
-130.00 -15.00 -0.0016737
-125.00 -15.00 -0.0031926
-120.00 -15.00 -0.0032914
-115.00 -15.00 -0.0015029
-110.00 -15.00 -0.0013641
-105.00 -15.00 -0.0038058
-100.00 -15.00 -0.0048126
-95.00 -15.00 -0.0023686
-90.00 -15.00 4.67e-05
-85.00 -15.00 -0.000108
-80.00 -15.00 -0.000488
-75.00 -15.00 0.0004411
-70.00 -15.00 -6.5e-05
-65.00 -15.00 -0.0031124
-60.00 -15.00 -0.0046476
-55.00 -15.00 -0.0018364
-50.00 -15.00 0.0020089
-45.00 -15.00 0.0024595
-40.00 -15.00 -0.0001774
-35.00 -15.00 -0.0027658
-30.00 -15.00 -0.0036958
-25.00 -15.00 -0.0034473
-20.00 -15.00 -0.0032266
-15.00 -15.00 -0.0038555
-10.00 -15.00 -0.0048554
-5.00 -15.00 -0.0053577
0.00 -15.00 -0.0060331
5.00 -15.00 -0.0078012
10.00 -15.00 -0.0093145
15.00 -15.00 -0.0091905
20.00 -15.00 -0.0090737
25.00 -15.00 -0.0101274
30.00 -15.00 -0.0093229
35.00 -15.00 -0.0044573
40.00 -15.00 0.0007477
45.00 -15.00 0.002044
50.00 -15.00 0.0009213
55.00 -15.00 0.0005547
60.00 -15.00 0.0006299
65.00 -15.00 0.0004169
70.00 -15.00 0.0011947
75.00 -15.00 0.0024784
80.00 -15.00 0.0019559
85.00 -15.00 0.0006201
90.00 -15.00 0.0014428
95.00 -15.00 0.0033234
100.00 -15.00 0.0031952
105.00 -15.00 0.0020887
110.00 -15.00 0.0023531
115.00 -15.00 0.0025492
120.00 -15.00 0.0013847
125.00 -15.00 0.001411
130.00 -15.00 0.0032629
135.00 -15.00 0.0030836
140.00 -15.00 0.0003258
145.00 -15.00 -0.0002064
150.00 -15.00 0.002082
155.00 -15.00 0.0015134
160.00 -15.00 -0.0030823
165.00 -15.00 -0.0056984
170.00 -15.00 -0.0041981
175.00 -15.00 -0.0038431
180.00 -15.00 -0.007086
-180.00 -10.00 -0.0077025
-175.00 -10.00 -0.0105092
-170.00 -10.00 -0.0093284
-165.00 -10.00 -0.0065521
-160.00 -10.00 -0.0051356
-155.00 -10.00 -0.0052919
-150.00 -10.00 -0.0059177
-145.00 -10.00 -0.0055289
-140.00 -10.00 -0.0031214
-135.00 -10.00 -0.0003957
-130.00 -10.00 -0.0004552
-125.00 -10.00 -0.0027805
-120.00 -10.00 -0.0033835
-115.00 -10.00 -0.0013333
-110.00 -10.00 -0.0002548
-105.00 -10.00 -0.0015253
-100.00 -10.00 -0.0015105
-95.00 -10.00 0.0017167
-90.00 -10.00 0.0044619
-85.00 -10.00 0.0036081
-80.00 -10.00 0.0013485
-75.00 -10.00 3.87e-05
-70.00 -10.00 -0.0020528
-65.00 -10.00 -0.0055674
-60.00 -10.00 -0.0063198
-55.00 -10.00 -0.0017706
-50.00 -10.00 0.0036676
-45.00 -10.00 0.0045683
-40.00 -10.00 0.0015011
-35.00 -10.00 -0.0016713
-30.00 -10.00 -0.0033316
-25.00 -10.00 -0.0038933
-20.00 -10.00 -0.0038142
-15.00 -10.00 -0.0040161
-10.00 -10.00 -0.0054379
-5.00 -10.00 -0.0074079
0.00 -10.00 -0.0085013
5.00 -10.00 -0.0083042
10.00 -10.00 -0.0070847
15.00 -10.00 -0.0056519
20.00 -10.00 -0.0057304
25.00 -10.00 -0.0074748
30.00 -10.00 -0.0076101
35.00 -10.00 -0.0038981
40.00 -10.00 0.0006318
45.00 -10.00 0.0020897
50.00 -10.00 0.0011817
55.00 -10.00 0.000319
60.00 -10.00 -0.0003746
65.00 -10.00 -0.0007009
70.00 -10.00 0.0007701
75.00 -10.00 0.0029716
80.00 -10.00 0.0030801
85.00 -10.00 0.0019031
90.00 -10.00 0.0024437
95.00 -10.00 0.0038845
100.00 -10.00 0.0033835
105.00 -10.00 0.0016276
110.00 -10.00 0.000648
115.00 -10.00 -0.0001275
120.00 -10.00 -0.000741
125.00 -10.00 0.0007881
130.00 -10.00 0.0031167
135.00 -10.00 0.0020965
140.00 -10.00 -0.0008892
145.00 -10.00 -0.0001293
150.00 -10.00 0.0034215
155.00 -10.00 0.0027693
160.00 -10.00 -0.0025265
165.00 -10.00 -0.0054527
170.00 -10.00 -0.0040671
175.00 -10.00 -0.0040328
180.00 -10.00 -0.0077025
-180.00 -5.00 -0.0037099
-175.00 -5.00 -0.0047111
-170.00 -5.00 -0.0048398
-165.00 -5.00 -0.0043858
-160.00 -5.00 -0.004039
-155.00 -5.00 -0.0043229
-150.00 -5.00 -0.0050919
-145.00 -5.00 -0.0047824
-140.00 -5.00 -0.0024293
-135.00 -5.00 -0.0001163
-130.00 -5.00 -0.0005249
-125.00 -5.00 -0.0026311
-120.00 -5.00 -0.0030229
-115.00 -5.00 -0.001159
-110.00 -5.00 5.51e-05
-105.00 -5.00 -0.0005777
-100.00 -5.00 -0.0002298
-95.00 -5.00 0.0032063
-90.00 -5.00 0.0069648
-85.00 -5.00 0.0071465
-80.00 -5.00 0.0043089
-75.00 -5.00 0.0014981
-70.00 -5.00 -0.0008914
-65.00 -5.00 -0.0035318
-60.00 -5.00 -0.0040766
-55.00 -5.00 -0.000484
-50.00 -5.00 0.0038517
-45.00 -5.00 0.0041668
-40.00 -5.00 0.0012605
-35.00 -5.00 -0.0009067
-30.00 -5.00 -0.0016296
-25.00 -5.00 -0.002586
-20.00 -5.00 -0.0037837
-15.00 -5.00 -0.0046571
-10.00 -5.00 -0.0060643
-5.00 -5.00 -0.0080288
0.00 -5.00 -0.0085441
5.00 -5.00 -0.0066833
10.00 -5.00 -0.0042802
15.00 -5.00 -0.0035766
20.00 -5.00 -0.0049998
25.00 -5.00 -0.0069605
30.00 -5.00 -0.0069147
35.00 -5.00 -0.0039596
40.00 -5.00 -0.0004491
45.00 -5.00 0.0008361
50.00 -5.00 0.0001266
55.00 -5.00 -0.0007826
60.00 -5.00 -0.0012747
65.00 -5.00 -0.0010731
70.00 -5.00 0.0005048
75.00 -5.00 0.002694
80.00 -5.00 0.0037176
85.00 -5.00 0.0037524
90.00 -5.00 0.0042379
95.00 -5.00 0.0047699
100.00 -5.00 0.0038899
105.00 -5.00 0.0015179
110.00 -5.00 -0.001667
115.00 -5.00 -0.0045848
120.00 -5.00 -0.0047469
125.00 -5.00 -0.0013062
130.00 -5.00 0.0015117
135.00 -5.00 9.4e-06
140.00 -5.00 -0.0020028
145.00 -5.00 0.0006124
150.00 -5.00 0.0042809
155.00 -5.00 0.0019436
160.00 -5.00 -0.0047571
165.00 -5.00 -0.0080012
170.00 -5.00 -0.0059211
175.00 -5.00 -0.0035247
180.00 -5.00 -0.0037099
-180.00 0.00 -0.0012127
-175.00 0.00 8.83e-05
-170.00 0.00 -0.0009224
-165.00 0.00 -0.0028906
-160.00 0.00 -0.0044981
-155.00 0.00 -0.0059254
-150.00 0.00 -0.0066141
-145.00 0.00 -0.0048005
-140.00 0.00 -0.0011573
-135.00 0.00 0.0009531
-130.00 0.00 0.0002629
-125.00 0.00 -0.0010287
-120.00 0.00 -0.0011469
-115.00 0.00 -0.0007275
-110.00 0.00 -0.0009604
-105.00 0.00 -0.0018168
-100.00 0.00 -0.0016638
-95.00 0.00 0.0013132
-90.00 0.00 0.0058418
-85.00 0.00 0.0076335
-80.00 0.00 0.0051077
-75.00 0.00 0.001766
-70.00 0.00 0.0003539
-65.00 0.00 -0.0005587
-60.00 0.00 -0.0017901
-55.00 0.00 -0.0014456
-50.00 0.00 0.0001768
-45.00 0.00 0.0001569
-40.00 0.00 -0.0011911
-35.00 0.00 -0.0008058
-30.00 0.00 0.0006448
-25.00 0.00 -0.0002533
-20.00 0.00 -0.0030276
-15.00 0.00 -0.0043729
-10.00 0.00 -0.0041741
-5.00 0.00 -0.0044378
0.00 0.00 -0.0046194
5.00 0.00 -0.0033997
10.00 0.00 -0.002502
15.00 0.00 -0.0042164
20.00 0.00 -0.0073466
25.00 0.00 -0.0087742
30.00 0.00 -0.0072448
35.00 0.00 -0.0039432
40.00 0.00 -0.0009461
45.00 0.00 0.0002063
50.00 0.00 -0.0003564
55.00 0.00 -0.0010482
60.00 0.00 -0.0007329
65.00 0.00 0.0002513
70.00 0.00 0.0012994
75.00 0.00 0.0026404
80.00 0.00 0.0045136
85.00 0.00 0.006055
90.00 0.00 0.0061389
95.00 0.00 0.0051118
100.00 0.00 0.0040836
105.00 0.00 0.0023561
110.00 0.00 -0.0015959
115.00 0.00 -0.0057381
120.00 0.00 -0.0055339
125.00 0.00 -0.0014203
130.00 0.00 0.0005473
135.00 0.00 -0.0014562
140.00 0.00 -0.0016394
145.00 0.00 0.002783
150.00 0.00 0.0055102
155.00 0.00 0.0010867
160.00 0.00 -0.0063957
165.00 0.00 -0.0098421
170.00 0.00 -0.008122
175.00 0.00 -0.0044128
180.00 0.00 -0.0012128
-180.00 5.00 -0.0021896
-175.00 5.00 -0.0005888
-170.00 5.00 -0.0020037
-165.00 5.00 -0.0044083
-160.00 5.00 -0.0062899
-155.00 5.00 -0.0080207
-150.00 5.00 -0.0080051
-145.00 5.00 -0.0041774
-140.00 5.00 0.0006264
-135.00 5.00 0.0019318
-130.00 5.00 0.0007999
-125.00 5.00 0.0008988
-120.00 5.00 0.0015932
-115.00 5.00 0.0004099
-110.00 5.00 -0.0017403
-105.00 5.00 -0.0028714
-100.00 5.00 -0.0026823
-95.00 5.00 -0.000451
-90.00 5.00 0.0039245
-85.00 5.00 0.0065848
-80.00 5.00 0.0042732
-75.00 5.00 0.0004424
-70.00 5.00 -0.0002429
-65.00 5.00 0.0003975
-60.00 5.00 -0.0011583
-55.00 5.00 -0.0032299
-50.00 5.00 -0.0033296
-45.00 5.00 -0.0029422
-40.00 5.00 -0.0027894
-35.00 5.00 -0.0007837
-30.00 5.00 0.0018281
-25.00 5.00 0.0006364
-20.00 5.00 -0.0035195
-15.00 5.00 -0.0049321
-10.00 5.00 -0.002563
-5.00 5.00 -0.0007747
0.00 5.00 -0.0011001
5.00 5.00 -0.00142
10.00 5.00 -0.002012
15.00 5.00 -0.0048658
20.00 5.00 -0.0084101
25.00 5.00 -0.0090859
30.00 5.00 -0.0066389
35.00 5.00 -0.0035437
40.00 5.00 -0.0012985
45.00 5.00 -0.0002334
50.00 5.00 -0.0003975
55.00 5.00 -0.000657
60.00 5.00 0.0004441
65.00 5.00 0.0021291
70.00 5.00 0.0026672
75.00 5.00 0.0029274
80.00 5.00 0.0048052
85.00 5.00 0.0067965
90.00 5.00 0.0059094
95.00 5.00 0.0032937
100.00 5.00 0.0024428
105.00 5.00 0.0026147
110.00 5.00 0.0005876
115.00 5.00 -0.0019593
120.00 5.00 -0.0007014
125.00 5.00 0.0024306
130.00 5.00 0.0016686
135.00 5.00 -0.0017339
140.00 5.00 -0.0010693
145.00 5.00 0.0035044
150.00 5.00 0.004598
155.00 5.00 -0.0002237
160.00 5.00 -0.0056443
165.00 5.00 -0.0077664
170.00 5.00 -0.0073825
175.00 5.00 -0.0053284
180.00 5.00 -0.0021896
-180.00 10.00 -0.0024559
-175.00 10.00 -0.0020937
-170.00 10.00 -0.0041627
-165.00 10.00 -0.0060615
-160.00 10.00 -0.0068169
-155.00 10.00 -0.0076661
-150.00 10.00 -0.0068974
-145.00 10.00 -0.0026333
-140.00 10.00 0.0012011
-135.00 10.00 0.0005766
-130.00 10.00 -0.0009758
-125.00 10.00 0.0009324
-120.00 10.00 0.003143
-115.00 10.00 0.0014812
-110.00 10.00 -0.0014811
-105.00 10.00 -0.0021443
-100.00 10.00 -0.0014338
-95.00 10.00 6.84e-05
-90.00 10.00 0.0036459
-85.00 10.00 0.0066689
-80.00 10.00 0.004843
-75.00 10.00 0.000532
-70.00 10.00 -0.0006589
-65.00 10.00 0.0004347
-60.00 10.00 -0.0004733
-55.00 10.00 -0.0025136
-50.00 10.00 -0.0027086
-45.00 10.00 -0.0022147
-40.00 10.00 -0.0023484
-35.00 10.00 -0.0011519
-30.00 10.00 0.0007147
-25.00 10.00 -0.0011152
-20.00 10.00 -0.0059899
-15.00 10.00 -0.0074956
-10.00 10.00 -0.004051
-5.00 10.00 -0.0010235
0.00 10.00 -0.0010749
5.00 10.00 -0.0015875
10.00 10.00 -0.0018427
15.00 10.00 -0.0039276
20.00 10.00 -0.00684
25.00 10.00 -0.0072878
30.00 10.00 -0.0053994
35.00 10.00 -0.0037516
40.00 10.00 -0.0027883
45.00 10.00 -0.0018002
50.00 10.00 -0.0014304
55.00 10.00 -0.001617
60.00 10.00 -0.0006162
65.00 10.00 0.0015003
70.00 10.00 0.0025201
75.00 10.00 0.0024918
80.00 10.00 0.0034915
85.00 10.00 0.0046502
90.00 10.00 0.0032323
95.00 10.00 0.0004857
100.00 10.00 4.38e-05
105.00 10.00 0.0013596
110.00 10.00 0.0015689
115.00 10.00 0.0019668
120.00 10.00 0.0048741
125.00 10.00 0.0068235
130.00 10.00 0.0036298
135.00 10.00 -0.0009804
140.00 10.00 -0.0010398
145.00 10.00 0.0012221
150.00 10.00 1.93e-05
155.00 10.00 -0.0034646
160.00 10.00 -0.0044992
165.00 10.00 -0.003693
170.00 10.00 -0.0039105
175.00 10.00 -0.003939
180.00 10.00 -0.0024559
-180.00 15.00 -0.0014914
-175.00 15.00 -0.0017464
-170.00 15.00 -0.0043827
-165.00 15.00 -0.0060844
-160.00 15.00 -0.0056708
-155.00 15.00 -0.0050856
-150.00 15.00 -0.0038591
-145.00 15.00 -0.000982
-140.00 15.00 0.000264
-135.00 15.00 -0.0021841
-130.00 15.00 -0.0035132
-125.00 15.00 -8.92e-05
-120.00 15.00 0.0033586
-115.00 15.00 0.0022521
-110.00 15.00 -8.74e-05
-105.00 15.00 0.0001231
-100.00 15.00 0.0009233
-95.00 15.00 0.0011357
-90.00 15.00 0.003387
-85.00 15.00 0.0068014
-80.00 15.00 0.0065378
-75.00 15.00 0.0027352
-70.00 15.00 0.0004723
-65.00 15.00 0.0007589
-60.00 15.00 0.0005045
-55.00 15.00 -0.0004055
-50.00 15.00 -0.0002318
-45.00 15.00 -0.0002186
-40.00 15.00 -0.0014633
-35.00 15.00 -0.0018114
-30.00 15.00 -0.001087
-25.00 15.00 -0.0028928
-20.00 15.00 -0.0071738
-15.00 15.00 -0.0086382
-10.00 15.00 -0.0056455
-5.00 15.00 -0.0026785
0.00 15.00 -0.0021594
5.00 15.00 -0.0019278
10.00 15.00 -0.0015434
15.00 15.00 -0.0030423
20.00 15.00 -0.0054169
25.00 15.00 -0.0056006
30.00 15.00 -0.0040973
35.00 15.00 -0.0034979
40.00 15.00 -0.0034645
45.00 15.00 -0.0025731
50.00 15.00 -0.0021084
55.00 15.00 -0.0031724
60.00 15.00 -0.0035217
65.00 15.00 -0.0014103
70.00 15.00 0.0011274
75.00 15.00 0.0019626
80.00 15.00 0.0018697
85.00 15.00 0.0017426
90.00 15.00 0.0010366
95.00 15.00 0.0001395
100.00 15.00 0.0001221
105.00 15.00 0.0002846
110.00 15.00 0.0001024
115.00 15.00 0.0016706
120.00 15.00 0.0054876
125.00 15.00 0.0072599
130.00 15.00 0.00431
135.00 15.00 0.000588
140.00 15.00 -0.0003345
145.00 15.00 -0.0012816
150.00 15.00 -0.004531
155.00 15.00 -0.0060956
160.00 15.00 -0.003348
165.00 15.00 -0.0006549
170.00 15.00 -0.0013844
175.00 15.00 -0.0023928
180.00 15.00 -0.0014914
-180.00 20.00 -0.002379
-175.00 20.00 -0.0023272
-170.00 20.00 -0.0048505
-165.00 20.00 -0.0065111
-160.00 20.00 -0.0052817
-155.00 20.00 -0.0030857
-150.00 20.00 -0.0011712
-145.00 20.00 0.0002758
-140.00 20.00 -0.0004749
-135.00 20.00 -0.003338
-130.00 20.00 -0.003901
-125.00 20.00 -0.0001487
-120.00 20.00 0.0033656
-115.00 20.00 0.0032532
-110.00 20.00 0.0025253
-105.00 20.00 0.0034874
-100.00 20.00 0.0033841
-95.00 20.00 0.0014294
-90.00 20.00 0.0016829
-85.00 20.00 0.0050994
-80.00 20.00 0.0069595
-75.00 20.00 0.0050114
-70.00 20.00 0.0024904
-65.00 20.00 0.0016182
-60.00 20.00 0.0011941
-55.00 20.00 0.000779
-50.00 20.00 0.0010285
-45.00 20.00 0.0009115
-40.00 20.00 -0.0004192
-35.00 20.00 -0.0014292
-30.00 20.00 -0.0015804
-25.00 20.00 -0.0029521
-20.00 20.00 -0.0056247
-15.00 20.00 -0.0064277
-10.00 20.00 -0.0044726
-5.00 20.00 -0.0025818
0.00 20.00 -0.0020438
5.00 20.00 -0.0015533
10.00 20.00 -0.0014696
15.00 20.00 -0.0032119
20.00 20.00 -0.0050066
25.00 20.00 -0.0040377
30.00 20.00 -0.0015929
35.00 20.00 -0.0007048
40.00 20.00 -0.0008249
45.00 20.00 -6.33e-05
50.00 20.00 0.0001309
55.00 20.00 -0.0020977
60.00 20.00 -0.004258
65.00 20.00 -0.0029027
70.00 20.00 0.0006179
75.00 20.00 0.0022727
80.00 20.00 0.0012346
85.00 20.00 0.0001122
90.00 20.00 0.0008275
95.00 20.00 0.0026264
100.00 20.00 0.003254
105.00 20.00 0.0014648
110.00 20.00 -0.00089
115.00 20.00 -0.0005385
120.00 20.00 0.0024102
125.00 20.00 0.0041964
130.00 20.00 0.0032406
135.00 20.00 0.0018741
140.00 20.00 0.0007835
145.00 20.00 -0.0021998
150.00 20.00 -0.0057698
155.00 20.00 -0.005016
160.00 20.00 -0.0002765
165.00 20.00 0.0018764
170.00 20.00 -0.0007952
175.00 20.00 -0.0031141
180.00 20.00 -0.002379
-180.00 25.00 -0.003511
-175.00 25.00 -0.0034502
-170.00 25.00 -0.0057774
-165.00 25.00 -0.007693
-160.00 25.00 -0.0064399
-155.00 25.00 -0.0031613
-150.00 25.00 -0.0001579
-145.00 25.00 0.0012378
-140.00 25.00 0.0002791
-135.00 25.00 -0.0019231
-130.00 25.00 -0.0022637
-125.00 25.00 0.0001533
-120.00 25.00 0.0025178
-115.00 25.00 0.0033501
-110.00 25.00 0.0045502
-105.00 25.00 0.0062221
-100.00 25.00 0.0052373
-95.00 25.00 0.0015737
-90.00 25.00 4.5e-06
-85.00 25.00 0.0027237
-80.00 25.00 0.0059898
-75.00 25.00 0.0063557
-70.00 25.00 0.0048961
-65.00 25.00 0.003609
-60.00 25.00 0.002553
-55.00 25.00 0.0017459
-50.00 25.00 0.0018039
-45.00 25.00 0.0021304
-40.00 25.00 0.0014704
-35.00 25.00 -0.0001323
-30.00 25.00 -0.0019701
-25.00 25.00 -0.0037877
-20.00 25.00 -0.0048571
-15.00 25.00 -0.0041802
-10.00 25.00 -0.002511
-5.00 25.00 -0.0016247
0.00 25.00 -0.0015102
5.00 25.00 -0.0011915
10.00 25.00 -0.0014338
15.00 25.00 -0.0030576
20.00 25.00 -0.0039855
25.00 25.00 -0.002028
30.00 25.00 0.0010157
35.00 25.00 0.0021674
40.00 25.00 0.0021343
45.00 25.00 0.0030304
50.00 25.00 0.0035697
55.00 25.00 0.0013974
60.00 25.00 -0.0016733
65.00 25.00 -0.0017525
70.00 25.00 0.0008763
75.00 25.00 0.0021413
80.00 25.00 0.0005059
85.00 25.00 -0.000916
90.00 25.00 0.0008966
95.00 25.00 0.0046448
100.00 25.00 0.006414
105.00 25.00 0.0045485
110.00 25.00 0.0015016
115.00 25.00 0.0004568
120.00 25.00 0.0014154
125.00 25.00 0.0023039
130.00 25.00 0.0025966
135.00 25.00 0.0027474
140.00 25.00 0.001325
145.00 25.00 -0.0026658
150.00 25.00 -0.0054891
155.00 25.00 -0.002619
160.00 25.00 0.0032208
165.00 25.00 0.0046173
170.00 25.00 0.000352
175.00 25.00 -0.0034279
180.00 25.00 -0.003511
-180.00 30.00 -0.0012974
-175.00 30.00 -0.0016722
-170.00 30.00 -0.0042388
-165.00 30.00 -0.0069739
-160.00 30.00 -0.0068304
-155.00 30.00 -0.0037664
-150.00 30.00 -7.8e-06
-145.00 30.00 0.0023425
-140.00 30.00 0.0023863
-135.00 30.00 0.0009185
-130.00 30.00 -0.0002259
-125.00 30.00 -0.00028
-120.00 30.00 0.0001134
-115.00 30.00 0.0010434
-110.00 30.00 0.0032793
-105.00 30.00 0.005452
-100.00 30.00 0.0046982
-95.00 30.00 0.0013256
-90.00 30.00 -0.0006216
-85.00 30.00 0.0011621
-80.00 30.00 0.0044465
-75.00 30.00 0.0062797
-70.00 30.00 0.0063622
-65.00 30.00 0.0055542
-60.00 30.00 0.0041243
-55.00 30.00 0.0026914
-50.00 30.00 0.0023994
-45.00 30.00 0.0030467
-40.00 30.00 0.0027546
-35.00 30.00 0.0002401
-30.00 30.00 -0.0035334
-25.00 30.00 -0.0061696
-20.00 30.00 -0.0059567
-15.00 30.00 -0.0035305
-10.00 30.00 -0.0013577
-5.00 30.00 -0.0009454
0.00 30.00 -0.0012871
5.00 30.00 -0.0010791
10.00 30.00 -0.0009751
15.00 30.00 -0.0017971
20.00 30.00 -0.0022511
25.00 30.00 -0.0009826
30.00 30.00 0.0006956
35.00 30.00 0.0009827
40.00 30.00 0.0009197
45.00 30.00 0.0023728
50.00 30.00 0.0041193
55.00 30.00 0.0034911
60.00 30.00 0.0010222
65.00 30.00 -0.0001496
70.00 30.00 0.000754
75.00 30.00 0.0012077
80.00 30.00 -0.0001605
85.00 30.00 -0.0011504
90.00 30.00 0.0007198
95.00 30.00 0.0045026
100.00 30.00 0.007032
105.00 30.00 0.006876
110.00 30.00 0.0054457
115.00 30.00 0.0044334
120.00 30.00 0.0039855
125.00 30.00 0.0039286
130.00 30.00 0.0046674
135.00 30.00 0.0053162
140.00 30.00 0.0032208
145.00 30.00 -0.0018755
150.00 30.00 -0.0052207
155.00 30.00 -0.0025351
160.00 30.00 0.0032618
165.00 30.00 0.0053805
170.00 30.00 0.0024182
175.00 30.00 -0.0007783
180.00 30.00 -0.0012974
-180.00 35.00 0.0022471
-175.00 35.00 0.001706
-170.00 35.00 -0.0006908
-165.00 35.00 -0.003608
-160.00 35.00 -0.0044538
-155.00 35.00 -0.0024214
-150.00 35.00 0.0010512
-145.00 35.00 0.0038861
-140.00 35.00 0.0048065
-135.00 35.00 0.00385
-130.00 35.00 0.0019195
-125.00 35.00 -0.000125
-120.00 35.00 -0.0016289
-115.00 35.00 -0.0017467
-110.00 35.00 -0.0001467
-105.00 35.00 0.0017921
-100.00 35.00 0.0020315
-95.00 35.00 0.0005485
-90.00 35.00 -0.0004984
-85.00 35.00 0.0003508
-80.00 35.00 0.0023166
-75.00 35.00 0.0040087
-70.00 35.00 0.0049166
-65.00 35.00 0.0048513
-60.00 35.00 0.0036187
-55.00 35.00 0.0019562
-50.00 35.00 0.0013383
-45.00 35.00 0.0019715
-40.00 35.00 0.0020267
-35.00 35.00 -0.0001825
-30.00 35.00 -0.0037631
-25.00 35.00 -0.0058413
-20.00 35.00 -0.0046969
-15.00 35.00 -0.0017763
-10.00 35.00 -5.62e-05
-5.00 35.00 -0.000607
0.00 35.00 -0.001724
5.00 35.00 -0.0016529
10.00 35.00 -0.0008124
15.00 35.00 -0.0004734
20.00 35.00 -0.0006537
25.00 35.00 -0.0007531
30.00 35.00 -0.0010708
35.00 35.00 -0.0019077
40.00 35.00 -0.0020919
45.00 35.00 -0.0004195
50.00 35.00 0.0019817
55.00 35.00 0.0027758
60.00 35.00 0.0017014
65.00 35.00 0.0007874
70.00 35.00 0.0012261
75.00 35.00 0.0019349
80.00 35.00 0.0017291
85.00 35.00 0.001263
90.00 35.00 0.0018572
95.00 35.00 0.003497
100.00 35.00 0.0050726
105.00 35.00 0.0059537
110.00 35.00 0.0062771
115.00 35.00 0.0061234
120.00 35.00 0.0056659
125.00 35.00 0.0059309
130.00 35.00 0.0077161
135.00 35.00 0.0093452
140.00 35.00 0.0075413
145.00 35.00 0.0019569
150.00 35.00 -0.0029702
155.00 35.00 -0.0028903
160.00 35.00 0.0009787
165.00 35.00 0.0037887
170.00 35.00 0.0035182
175.00 35.00 0.0024073
180.00 35.00 0.0022471
-180.00 40.00 0.0034818
-175.00 40.00 0.0029251
-170.00 40.00 0.0017388
-165.00 40.00 0.0003982
-160.00 40.00 7.29e-05
-155.00 40.00 0.0012561
-150.00 40.00 0.0032821
-145.00 40.00 0.0050127
-140.00 40.00 0.0056605
-135.00 40.00 0.0050688
-130.00 40.00 0.0034967
-125.00 40.00 0.0013599
-120.00 40.00 -0.0007189
-115.00 40.00 -0.0018836
-110.00 40.00 -0.0016025
-105.00 40.00 -0.000325
-100.00 40.00 0.0008647
-95.00 40.00 0.0013381
-90.00 40.00 0.0012939
-85.00 40.00 0.0011425
-80.00 40.00 0.0011163
-75.00 40.00 0.0014385
-70.00 40.00 0.0021338
-65.00 40.00 0.0025758
-60.00 40.00 0.0019926
-55.00 40.00 0.0006641
-50.00 40.00 -0.0001265
-45.00 40.00 0.0002574
-40.00 40.00 0.0008435
-35.00 40.00 0.0003528
-30.00 40.00 -0.0009304
-25.00 40.00 -0.0013987
-20.00 40.00 -0.0003287
-15.00 40.00 0.000885
-10.00 40.00 0.000309
-5.00 40.00 -0.0020191
0.00 40.00 -0.0039516
5.00 40.00 -0.0037021
10.00 40.00 -0.0017023
15.00 40.00 0.0003129
20.00 40.00 0.0012518
25.00 40.00 0.001091
30.00 40.00 0.0001435
35.00 40.00 -0.0010687
40.00 40.00 -0.0016044
45.00 40.00 -0.0008559
50.00 40.00 0.0005051
55.00 40.00 0.0012198
60.00 40.00 0.0011388
65.00 40.00 0.0014135
70.00 40.00 0.0028199
75.00 40.00 0.0046387
80.00 40.00 0.0055398
85.00 40.00 0.0050274
90.00 40.00 0.0036716
95.00 40.00 0.0023845
100.00 40.00 0.0018526
105.00 40.00 0.0022674
110.00 40.00 0.0031313
115.00 40.00 0.0036504
120.00 40.00 0.0038537
125.00 40.00 0.0049423
130.00 40.00 0.0076162
135.00 40.00 0.0101919
140.00 40.00 0.0097184
145.00 40.00 0.0055971
150.00 40.00 0.0009872
155.00 40.00 -0.0004718
160.00 40.00 0.0013771
165.00 40.00 0.0036812
170.00 40.00 0.0043766
175.00 40.00 0.0039371
180.00 40.00 0.0034818
-180.00 45.00 0.0035313
-175.00 45.00 0.0026835
-170.00 45.00 0.0028568
-165.00 45.00 0.0036441
-160.00 45.00 0.0045172
-155.00 45.00 0.0050204
-150.00 45.00 0.0049259
-145.00 45.00 0.0043698
-140.00 45.00 0.0037354
-135.00 45.00 0.0032862
-130.00 45.00 0.002889
-125.00 45.00 0.0021614
-120.00 45.00 0.0009804
-115.00 45.00 -0.0001705
-110.00 45.00 -0.0004781
-105.00 45.00 0.000491
-100.00 45.00 0.0023443
-95.00 45.00 0.0040769
-90.00 45.00 0.004724
-85.00 45.00 0.0040105
-80.00 45.00 0.0026037
-75.00 45.00 0.0016467
-70.00 45.00 0.0017418
-65.00 45.00 0.0023445
-60.00 45.00 0.0023881
-55.00 45.00 0.001527
-50.00 45.00 0.0004881
-45.00 45.00 0.0001235
-40.00 45.00 0.0004675
-35.00 45.00 0.0009712
-30.00 45.00 0.0013504
-25.00 45.00 0.001693
-20.00 45.00 0.0017375
-15.00 45.00 0.0006478
-10.00 45.00 -0.0019954
-5.00 45.00 -0.0051433
0.00 45.00 -0.0067662
5.00 45.00 -0.0056386
10.00 45.00 -0.0024487
15.00 45.00 0.000946
20.00 45.00 0.003089
25.00 45.00 0.0036487
30.00 45.00 0.0030599
35.00 45.00 0.0019834
40.00 45.00 0.0010225
45.00 45.00 0.0004739
50.00 45.00 0.0002008
55.00 45.00 -1.6e-06
60.00 45.00 0.0001345
65.00 45.00 0.0012266
70.00 45.00 0.0034084
75.00 45.00 0.0057973
80.00 45.00 0.0070017
85.00 45.00 0.0061908
90.00 45.00 0.003729
95.00 45.00 0.00094
100.00 45.00 -0.0007566
105.00 45.00 -0.0007823
110.00 45.00 0.0002676
115.00 45.00 0.001322
120.00 45.00 0.0020127
125.00 45.00 0.0029626
130.00 45.00 0.0046439
135.00 45.00 0.0062288
140.00 45.00 0.0062341
145.00 45.00 0.0044652
150.00 45.00 0.0026888
155.00 45.00 0.0028333
160.00 45.00 0.0048094
165.00 45.00 0.0066591
170.00 45.00 0.0067428
175.00 45.00 0.0052425
180.00 45.00 0.0035313
-180.00 50.00 0.0041842
-175.00 50.00 0.0031743
-170.00 50.00 0.0038993
-165.00 50.00 0.005542
-160.00 50.00 0.0067363
-155.00 50.00 0.0065017
-150.00 50.00 0.0048374
-145.00 50.00 0.002649
-140.00 50.00 0.0010798
-135.00 50.00 0.0007103
-130.00 50.00 0.0012015
-125.00 50.00 0.0016529
-120.00 50.00 0.0014021
-115.00 50.00 0.0006174
-110.00 50.00 0.0001731
-105.00 50.00 0.0008898
-100.00 50.00 0.0027705
-95.00 50.00 0.0048809
-90.00 50.00 0.0060099
-85.00 50.00 0.005607
-80.00 50.00 0.0042221
-75.00 50.00 0.0030256
-70.00 50.00 0.0027841
-65.00 50.00 0.003232
-60.00 50.00 0.0034393
-55.00 50.00 0.002766
-50.00 50.00 0.0014135
-45.00 50.00 0.0001126
-40.00 50.00 -0.0005643
-35.00 50.00 -0.0005455
-30.00 50.00 -0.0001477
-25.00 50.00 0.000122
-20.00 50.00 -0.000308
-15.00 50.00 -0.0017956
-10.00 50.00 -0.0040369
-5.00 50.00 -0.0059439
0.00 50.00 -0.0062703
5.00 50.00 -0.0045919
10.00 50.00 -0.0016991
15.00 50.00 0.0010164
20.00 50.00 0.0025648
25.00 50.00 0.0028387
30.00 50.00 0.0023342
35.00 50.00 0.001599
40.00 50.00 0.0009089
45.00 50.00 0.0002756
50.00 50.00 -0.0003451
55.00 50.00 -0.0008073
60.00 50.00 -0.0007075
65.00 50.00 0.0003429
70.00 50.00 0.0022563
75.00 50.00 0.0042675
80.00 50.00 0.0052923
85.00 50.00 0.004648
90.00 50.00 0.0025898
95.00 50.00 0.0002326
100.00 50.00 -0.0011359
105.00 50.00 -0.0008942
110.00 50.00 0.0005582
115.00 50.00 0.0022276
120.00 50.00 0.0033349
125.00 50.00 0.0037229
130.00 50.00 0.0035654
135.00 50.00 0.002944
140.00 50.00 0.0019728
145.00 50.00 0.0012529
150.00 50.00 0.001764
155.00 50.00 0.0039372
160.00 50.00 0.0068808
165.00 50.00 0.0088318
170.00 50.00 0.0085834
175.00 50.00 0.0065019
180.00 50.00 0.0041842
-180.00 55.00 0.0038607
-175.00 55.00 0.0032617
-170.00 55.00 0.0039808
-165.00 55.00 0.0053292
-160.00 55.00 0.0061731
-155.00 55.00 0.0057511
-150.00 55.00 0.0041848
-145.00 55.00 0.0023521
-140.00 55.00 0.0012379
-135.00 55.00 0.0012413
-130.00 55.00 0.0019308
-125.00 55.00 0.0024165
-120.00 55.00 0.0020545
-115.00 55.00 0.0009501
-110.00 55.00 -0.0001252
-105.00 55.00 -0.0003408
-100.00 55.00 0.0005357
-95.00 55.00 0.0019516
-90.00 55.00 0.0030004
-85.00 55.00 0.0031184
-80.00 55.00 0.0024727
-75.00 55.00 0.0017305
-70.00 55.00 0.0014361
-65.00 55.00 0.0015577
-60.00 55.00 0.0015844
-55.00 55.00 0.0010324
-50.00 55.00 -0.0001276
-45.00 55.00 -0.0014645
-40.00 55.00 -0.0024282
-35.00 55.00 -0.0027123
-30.00 55.00 -0.0024004
-25.00 55.00 -0.0018744
-20.00 55.00 -0.0015754
-15.00 55.00 -0.0017257
-10.00 55.00 -0.0021614
-5.00 55.00 -0.0024315
0.00 55.00 -0.0021541
5.00 55.00 -0.0013658
10.00 55.00 -0.000534
15.00 55.00 -0.0001866
20.00 55.00 -0.0004823
25.00 55.00 -0.0011041
30.00 55.00 -0.0015434
35.00 55.00 -0.0014991
40.00 55.00 -0.0010616
45.00 55.00 -0.0005753
50.00 55.00 -0.0003235
55.00 55.00 -0.0002819
60.00 55.00 -0.0001194
65.00 55.00 0.0005421
70.00 55.00 0.001783
75.00 55.00 0.0032204
80.00 55.00 0.0041784
85.00 55.00 0.0041158
90.00 55.00 0.003027
95.00 55.00 0.0015197
100.00 55.00 0.000485
105.00 55.00 0.0005662
110.00 55.00 0.001788
115.00 55.00 0.003587
120.00 55.00 0.005168
125.00 55.00 0.0058974
130.00 55.00 0.0055267
135.00 55.00 0.0042576
140.00 55.00 0.002721
145.00 55.00 0.0017983
150.00 55.00 0.0021872
155.00 55.00 0.0038774
160.00 55.00 0.0059908
165.00 55.00 0.0072799
170.00 55.00 0.0070028
175.00 55.00 0.0054811
180.00 55.00 0.0038607
-180.00 60.00 0.0021321
-175.00 60.00 0.0021622
-170.00 60.00 0.0028813
-165.00 60.00 0.0038938
-160.00 60.00 0.0046434
-155.00 60.00 0.0048023
-150.00 60.00 0.0044868
-145.00 60.00 0.0041433
-140.00 60.00 0.004188
-135.00 60.00 0.0046667
-130.00 60.00 0.0051873
-125.00 60.00 0.0051808
-120.00 60.00 0.0043091
-115.00 60.00 0.0027278
-110.00 60.00 0.0010133
-105.00 60.00 -0.0001976
-100.00 60.00 -0.0005991
-95.00 60.00 -0.0003668
-90.00 60.00 2.63e-05
-85.00 60.00 0.0001652
-80.00 60.00 -5.17e-05
-75.00 60.00 -0.000434
-70.00 60.00 -0.0007351
-65.00 60.00 -0.0008801
-60.00 60.00 -0.0009982
-55.00 60.00 -0.001264
-50.00 60.00 -0.0017085
-45.00 60.00 -0.0021641
-40.00 60.00 -0.0023696
-35.00 60.00 -0.0021422
-30.00 60.00 -0.0014891
-25.00 60.00 -0.0005992
-20.00 60.00 0.0002627
-15.00 60.00 0.0008871
-10.00 60.00 0.0011907
-5.00 60.00 0.0011899
0.00 60.00 0.0009128
5.00 60.00 0.0003434
10.00 60.00 -0.0005308
15.00 60.00 -0.0016026
20.00 60.00 -0.0025828
25.00 60.00 -0.0030879
30.00 60.00 -0.0028513
35.00 60.00 -0.0019079
40.00 60.00 -0.0006085
45.00 60.00 0.0005658
50.00 60.00 0.0012776
55.00 60.00 0.0015225
60.00 60.00 0.0016136
65.00 60.00 0.0019651
70.00 60.00 0.0028047
75.00 60.00 0.0039916
80.00 60.00 0.0050632
85.00 60.00 0.0054921
90.00 60.00 0.005006
95.00 60.00 0.0037769
100.00 60.00 0.0023612
105.00 60.00 0.0014243
110.00 60.00 0.0014104
115.00 60.00 0.0023367
120.00 60.00 0.003806
125.00 60.00 0.0052119
130.00 60.00 0.0060263
135.00 60.00 0.0060399
140.00 60.00 0.0054433
145.00 60.00 0.004696
150.00 60.00 0.004233
155.00 60.00 0.004183
160.00 60.00 0.004299
165.00 60.00 0.0041741
170.00 60.00 0.0035948
175.00 60.00 0.0027519
180.00 60.00 0.0021321
-180.00 65.00 0.0016985
-175.00 65.00 0.0021489
-170.00 65.00 0.0028949
-165.00 65.00 0.0037466
-160.00 65.00 0.0045089
-155.00 65.00 0.0050889
-150.00 65.00 0.0055339
-145.00 65.00 0.0059649
-140.00 65.00 0.0064495
-135.00 65.00 0.0069072
-130.00 65.00 0.0071204
-125.00 65.00 0.006858
-120.00 65.00 0.0060312
-115.00 65.00 0.0047801
-110.00 65.00 0.0034256
-105.00 65.00 0.0023143
-100.00 65.00 0.0016502
-95.00 65.00 0.001417
-90.00 65.00 0.0014281
-85.00 65.00 0.0014598
-80.00 65.00 0.0013733
-75.00 65.00 0.001156
-70.00 65.00 0.0008771
-65.00 65.00 0.0006121
-60.00 65.00 0.0003978
-55.00 65.00 0.0002394
-50.00 65.00 0.0001446
-45.00 65.00 0.0001448
-40.00 65.00 0.0002805
-35.00 65.00 0.0005652
-30.00 65.00 0.0009574
-25.00 65.00 0.0013605
-20.00 65.00 0.0016544
-15.00 65.00 0.0017367
-10.00 65.00 0.0015534
-5.00 65.00 0.001108
0.00 65.00 0.0004559
5.00 65.00 -0.0002999
10.00 65.00 -0.0010103
15.00 65.00 -0.0014908
20.00 65.00 -0.0015634
25.00 65.00 -0.0011297
30.00 65.00 -0.0002423
35.00 65.00 0.0008762
40.00 65.00 0.0019018
45.00 65.00 0.0025477
50.00 65.00 0.002708
55.00 65.00 0.0025238
60.00 65.00 0.0023258
65.00 65.00 0.0024684
70.00 65.00 0.0031363
75.00 65.00 0.0042232
80.00 65.00 0.0053521
85.00 65.00 0.0060378
90.00 65.00 0.0059153
95.00 65.00 0.0049216
100.00 65.00 0.0033412
105.00 65.00 0.0016923
110.00 65.00 0.0005114
115.00 65.00 0.0001382
120.00 65.00 0.0005981
125.00 65.00 0.0016263
130.00 65.00 0.0028083
135.00 65.00 0.0037612
140.00 65.00 0.0042688
145.00 65.00 0.0043138
150.00 65.00 0.004014
155.00 65.00 0.0035197
160.00 65.00 0.0029462
165.00 65.00 0.0023745
170.00 65.00 0.0018944
175.00 65.00 0.0016285
180.00 65.00 0.0016985
-180.00 70.00 0.0034344
-175.00 70.00 0.0040776
-170.00 70.00 0.0047285
-165.00 70.00 0.0053044
-160.00 70.00 0.0057459
-155.00 70.00 0.0060365
-150.00 70.00 0.0061994
-145.00 70.00 0.0062739
-140.00 70.00 0.0062838
-135.00 70.00 0.00622
-130.00 70.00 0.0060489
-125.00 70.00 0.0057445
-120.00 70.00 0.0053224
-115.00 70.00 0.0048531
-110.00 70.00 0.0044434
-105.00 70.00 0.0041928
-100.00 70.00 0.004149
-95.00 70.00 0.0042869
-90.00 70.00 0.004521
-85.00 70.00 0.0047426
-80.00 70.00 0.0048612
-75.00 70.00 0.0048305
-70.00 70.00 0.004651
-65.00 70.00 0.0043549
-60.00 70.00 0.0039853
-55.00 70.00 0.0035803
-50.00 70.00 0.0031661
-45.00 70.00 0.0027555
-40.00 70.00 0.0023503
-35.00 70.00 0.0019428
-30.00 70.00 0.0015204
-25.00 70.00 0.0010722
-20.00 70.00 0.0005974
-15.00 70.00 0.0001134
-10.00 70.00 -0.000341
-5.00 70.00 -0.0007081
0.00 70.00 -0.000921
5.00 70.00 -0.0009165
10.00 70.00 -0.0006521
15.00 70.00 -0.0001232
20.00 70.00 0.0006223
25.00 70.00 0.001477
30.00 70.00 0.0022857
35.00 70.00 0.0028793
40.00 70.00 0.0031281
45.00 70.00 0.0029965
50.00 70.00 0.0025751
55.00 70.00 0.0020677
60.00 70.00 0.0017289
65.00 70.00 0.0017695
70.00 70.00 0.0022667
75.00 70.00 0.0031183
80.00 70.00 0.0040655
85.00 70.00 0.0047791
90.00 70.00 0.0049791
95.00 70.00 0.0045386
100.00 70.00 0.00353
105.00 70.00 0.0021981
110.00 70.00 0.0008705
115.00 70.00 -0.0001541
120.00 70.00 -0.0006967
125.00 70.00 -0.0007359
130.00 70.00 -0.0003855
135.00 70.00 0.0001698
140.00 70.00 0.0007483
145.00 70.00 0.0012272
150.00 70.00 0.001563
155.00 70.00 0.0017817
160.00 70.00 0.0019509
165.00 70.00 0.00215
170.00 70.00 0.0024458
175.00 70.00 0.0028751
180.00 70.00 0.0034344
-180.00 75.00 0.0051311
-175.00 75.00 0.0056896
-170.00 75.00 0.0061023
-165.00 75.00 0.0063376
-160.00 75.00 0.0063837
-155.00 75.00 0.0062508
-150.00 75.00 0.0059684
-145.00 75.00 0.0055795
-140.00 75.00 0.0051325
-135.00 75.00 0.0046751
-130.00 75.00 0.004251
-125.00 75.00 0.0038984
-120.00 75.00 0.0036496
-115.00 75.00 0.0035294
-110.00 75.00 0.003551
-105.00 75.00 0.0037103
-100.00 75.00 0.0039831
-95.00 75.00 0.0043254
-90.00 75.00 0.0046791
-85.00 75.00 0.0049824
-80.00 75.00 0.0051809
-75.00 75.00 0.0052367
-70.00 75.00 0.005132
-65.00 75.00 0.0048685
-60.00 75.00 0.0044622
-55.00 75.00 0.0039379
-50.00 75.00 0.0033242
-45.00 75.00 0.0026504
-40.00 75.00 0.0019461
-35.00 75.00 0.0012421
-30.00 75.00 0.0005713
-25.00 75.00 -2.98e-05
-20.00 75.00 -0.0005224
-15.00 75.00 -0.0008671
-10.00 75.00 -0.0010294
-5.00 75.00 -0.0009853
0.00 75.00 -0.000728
5.00 75.00 -0.0002746
10.00 75.00 0.0003322
15.00 75.00 0.0010242
20.00 75.00 0.001715
25.00 75.00 0.0023122
30.00 75.00 0.0027344
35.00 75.00 0.0029297
40.00 75.00 0.0028915
45.00 75.00 0.0026658
50.00 75.00 0.0023453
55.00 75.00 0.0020499
60.00 75.00 0.0018954
65.00 75.00 0.0019606
70.00 75.00 0.0022613
75.00 75.00 0.0027416
80.00 75.00 0.0032866
85.00 75.00 0.0037526
90.00 75.00 0.0040076
95.00 75.00 0.0039677
100.00 75.00 0.0036183
105.00 75.00 0.0030157
110.00 75.00 0.0022679
115.00 75.00 0.0015045
120.00 75.00 0.000844
125.00 75.00 0.0003711
130.00 75.00 0.0001261
135.00 75.00 0.0001096
140.00 75.00 0.0002946
145.00 75.00 0.0006432
150.00 75.00 0.0011183
155.00 75.00 0.0016902
160.00 75.00 0.0023358
165.00 75.00 0.0030335
170.00 75.00 0.0037569
175.00 75.00 0.0044708
180.00 75.00 0.0051311
-180.00 80.00 0.0055027
-175.00 80.00 0.0057095
-170.00 80.00 0.0058129
-165.00 80.00 0.0058032
-160.00 80.00 0.0056802
-155.00 80.00 0.0054533
-150.00 80.00 0.0051405
-145.00 80.00 0.0047666
-140.00 80.00 0.0043604
-135.00 80.00 0.0039517
-130.00 80.00 0.0035687
-125.00 80.00 0.0032357
-120.00 80.00 0.0029705
-115.00 80.00 0.0027831
-110.00 80.00 0.0026745
-105.00 80.00 0.0026373
-100.00 80.00 0.0026565
-95.00 80.00 0.0027112
-90.00 80.00 0.0027771
-85.00 80.00 0.0028294
-80.00 80.00 0.002846
-75.00 80.00 0.0028095
-70.00 80.00 0.0027087
-65.00 80.00 0.00254
-60.00 80.00 0.0023066
-55.00 80.00 0.0020187
-50.00 80.00 0.0016917
-45.00 80.00 0.0013453
-40.00 80.00 0.0010018
-35.00 80.00 0.0006845
-30.00 80.00 0.0004167
-25.00 80.00 0.0002194
-20.00 80.00 0.0001098
-15.00 80.00 9.96e-05
-10.00 80.00 0.0001932
-5.00 80.00 0.0003868
0.00 80.00 0.0006678
5.00 80.00 0.0010154
10.00 80.00 0.0014022
15.00 80.00 0.0017971
20.00 80.00 0.0021697
25.00 80.00 0.0024935
30.00 80.00 0.0027507
35.00 80.00 0.0029349
40.00 80.00 0.0030523
45.00 80.00 0.0031209
50.00 80.00 0.0031662
55.00 80.00 0.003216
60.00 80.00 0.0032941
65.00 80.00 0.0034148
70.00 80.00 0.0035789
75.00 80.00 0.0037728
80.00 80.00 0.0039716
85.00 80.00 0.0041444
90.00 80.00 0.0042613
95.00 80.00 0.0042999
100.00 80.00 0.0042501
105.00 80.00 0.0041165
110.00 80.00 0.0039178
115.00 80.00 0.0036831
120.00 80.00 0.0034464
125.00 80.00 0.0032421
130.00 80.00 0.0030995
135.00 80.00 0.0030404
140.00 80.00 0.0030766
145.00 80.00 0.0032106
150.00 80.00 0.0034353
155.00 80.00 0.0037361
160.00 80.00 0.0040916
165.00 80.00 0.0044756
170.00 80.00 0.0048589
175.00 80.00 0.0052109
180.00 80.00 0.0055027
-180.00 85.00 0.0050126
-175.00 85.00 0.0049655
-170.00 85.00 0.0048961
-165.00 85.00 0.0048036
-160.00 85.00 0.0046874
-155.00 85.00 0.0045479
-150.00 85.00 0.004388
-145.00 85.00 0.0042127
-140.00 85.00 0.0040279
-135.00 85.00 0.003839
-130.00 85.00 0.0036496
-125.00 85.00 0.0034631
-120.00 85.00 0.0032829
-115.00 85.00 0.0031132
-110.00 85.00 0.002957
-105.00 85.00 0.0028156
-100.00 85.00 0.0026876
-95.00 85.00 0.0025709
-90.00 85.00 0.0024639
-85.00 85.00 0.0023659
-80.00 85.00 0.0022766
-75.00 85.00 0.0021948
-70.00 85.00 0.0021185
-65.00 85.00 0.0020462
-60.00 85.00 0.0019783
-55.00 85.00 0.0019174
-50.00 85.00 0.0018667
-45.00 85.00 0.0018289
-40.00 85.00 0.0018055
-35.00 85.00 0.0017982
-30.00 85.00 0.0018094
-25.00 85.00 0.0018423
-20.00 85.00 0.0018993
-15.00 85.00 0.0019808
-10.00 85.00 0.0020848
-5.00 85.00 0.0022085
0.00 85.00 0.0023488
5.00 85.00 0.0025033
10.00 85.00 0.0026691
15.00 85.00 0.002842
20.00 85.00 0.0030169
25.00 85.00 0.0031889
30.00 85.00 0.0033552
35.00 85.00 0.0035147
40.00 85.00 0.0036674
45.00 85.00 0.0038131
50.00 85.00 0.003951
55.00 85.00 0.0040802
60.00 85.00 0.004201
65.00 85.00 0.0043145
70.00 85.00 0.0044213
75.00 85.00 0.004521
80.00 85.00 0.0046113
85.00 85.00 0.0046896
90.00 85.00 0.0047546
95.00 85.00 0.0048066
100.00 85.00 0.0048467
105.00 85.00 0.0048759
110.00 85.00 0.004895
115.00 85.00 0.0049052
120.00 85.00 0.0049092
125.00 85.00 0.0049111
130.00 85.00 0.0049149
135.00 85.00 0.0049233
140.00 85.00 0.0049368
145.00 85.00 0.0049542
150.00 85.00 0.0049744
155.00 85.00 0.0049963
160.00 85.00 0.005018
165.00 85.00 0.0050359
170.00 85.00 0.0050445
175.00 85.00 0.0050382
180.00 85.00 0.0050126
-180.00 90.00 0.0039308
-175.00 90.00 0.0039308
-170.00 90.00 0.0039308
-165.00 90.00 0.0039308
-160.00 90.00 0.0039308
-155.00 90.00 0.0039308
-150.00 90.00 0.0039308
-145.00 90.00 0.0039308
-140.00 90.00 0.0039308
-135.00 90.00 0.0039308
-130.00 90.00 0.0039308
-125.00 90.00 0.0039308
-120.00 90.00 0.0039308
-115.00 90.00 0.0039308
-110.00 90.00 0.0039308
-105.00 90.00 0.0039308
-100.00 90.00 0.0039308
-95.00 90.00 0.0039308
-90.00 90.00 0.0039308
-85.00 90.00 0.0039308
-80.00 90.00 0.0039308
-75.00 90.00 0.0039308
-70.00 90.00 0.0039308
-65.00 90.00 0.0039308
-60.00 90.00 0.0039308
-55.00 90.00 0.0039308
-50.00 90.00 0.0039308
-45.00 90.00 0.0039308
-40.00 90.00 0.0039308
-35.00 90.00 0.0039308
-30.00 90.00 0.0039308
-25.00 90.00 0.0039308
-20.00 90.00 0.0039308
-15.00 90.00 0.0039308
-10.00 90.00 0.0039308
-5.00 90.00 0.0039308
0.00 90.00 0.0039308
5.00 90.00 0.0039308
10.00 90.00 0.0039308
15.00 90.00 0.0039308
20.00 90.00 0.0039308
25.00 90.00 0.0039308
30.00 90.00 0.0039308
35.00 90.00 0.0039308
40.00 90.00 0.0039308
45.00 90.00 0.0039308
50.00 90.00 0.0039308
55.00 90.00 0.0039308
60.00 90.00 0.0039308
65.00 90.00 0.0039308
70.00 90.00 0.0039308
75.00 90.00 0.0039308
80.00 90.00 0.0039308
85.00 90.00 0.0039308
90.00 90.00 0.0039308
95.00 90.00 0.0039308
100.00 90.00 0.0039308
105.00 90.00 0.0039308
110.00 90.00 0.0039308
115.00 90.00 0.0039308
120.00 90.00 0.0039308
125.00 90.00 0.0039308
130.00 90.00 0.0039308
135.00 90.00 0.0039308
140.00 90.00 0.0039308
145.00 90.00 0.0039308
150.00 90.00 0.0039308
155.00 90.00 0.0039308
160.00 90.00 0.0039308
165.00 90.00 0.0039308
170.00 90.00 0.0039308
175.00 90.00 0.0039308
180.00 90.00 0.0039308
