-180.00 -90.00 0.00136761
-175.00 -90.00 0.00136764
-170.00 -90.00 0.0013677
-165.00 -90.00 0.00136773
-160.00 -90.00 0.00136779
-155.00 -90.00 0.00136782
-150.00 -90.00 0.00136785
-145.00 -90.00 0.00136788
-140.00 -90.00 0.00136791
-135.00 -90.00 0.00136794
-130.00 -90.00 0.00136794
-125.00 -90.00 0.00136797
-120.00 -90.00 0.00136797
-115.00 -90.00 0.00136794
-110.00 -90.00 0.00136794
-105.00 -90.00 0.00136791
-100.00 -90.00 0.00136788
-95.00 -90.00 0.00136785
-90.00 -90.00 0.00136782
-85.00 -90.00 0.00136779
-80.00 -90.00 0.00136773
-75.00 -90.00 0.0013677
-70.00 -90.00 0.00136764
-65.00 -90.00 0.00136761
-60.00 -90.00 0.00136758
-55.00 -90.00 0.00136755
-50.00 -90.00 0.00136752
-45.00 -90.00 0.00136749
-40.00 -90.00 0.00136749
-35.00 -90.00 0.00136746
-30.00 -90.00 0.00136746
-25.00 -90.00 0.00136749
-20.00 -90.00 0.00136749
-15.00 -90.00 0.00136752
-10.00 -90.00 0.00136755
-5.00 -90.00 0.00136758
0.00 -90.00 0.00136761
5.00 -90.00 0.00136764
10.00 -90.00 0.0013677
15.00 -90.00 0.00136773
20.00 -90.00 0.00136779
25.00 -90.00 0.00136782
30.00 -90.00 0.00136785
35.00 -90.00 0.00136788
40.00 -90.00 0.00136791
45.00 -90.00 0.00136794
50.00 -90.00 0.00136797
55.00 -90.00 0.00136797
60.00 -90.00 0.00136797
65.00 -90.00 0.00136797
70.00 -90.00 0.00136794
75.00 -90.00 0.00136791
80.00 -90.00 0.00136788
85.00 -90.00 0.00136785
90.00 -90.00 0.00136782
95.00 -90.00 0.00136779
100.00 -90.00 0.00136773
105.00 -90.00 0.0013677
110.00 -90.00 0.00136764
115.00 -90.00 0.00136761
120.00 -90.00 0.00136758
125.00 -90.00 0.00136755
130.00 -90.00 0.00136752
135.00 -90.00 0.00136749
140.00 -90.00 0.00136749
145.00 -90.00 0.00136746
150.00 -90.00 0.00136746
155.00 -90.00 0.00136749
160.00 -90.00 0.00136749
165.00 -90.00 0.00136752
170.00 -90.00 0.00136755
175.00 -90.00 0.00136758
180.00 -90.00 0.00136761
-180.00 -85.00 0.00036312
-175.00 -85.00 0.00030237
-170.00 -85.00 0.00025152
-165.00 -85.00 0.00021099
-160.00 -85.00 0.00018081
-155.00 -85.00 0.00016083
-150.00 -85.00 0.00015087
-145.00 -85.00 0.00015084
-140.00 -85.00 0.00016077
-135.00 -85.00 0.00018051
-130.00 -85.00 0.00020973
-125.00 -85.00 0.00024789
-120.00 -85.00 0.00029457
-115.00 -85.00 0.00034941
-110.00 -85.00 0.00041202
-105.00 -85.00 0.00048201
-100.00 -85.00 0.00055872
-95.00 -85.00 0.0006414
-90.00 -85.00 0.00072933
-85.00 -85.00 0.00082179
-80.00 -85.00 0.00091806
-75.00 -85.00 0.0010173
-70.00 -85.00 0.00111855
-65.00 -85.00 0.00122073
-60.00 -85.00 0.00132273
-55.00 -85.00 0.00142353
-50.00 -85.00 0.00152226
-45.00 -85.00 0.0016179
-40.00 -85.00 0.00170946
-35.00 -85.00 0.00179598
-30.00 -85.00 0.00187659
-25.00 -85.00 0.00195066
-20.00 -85.00 0.00201768
-15.00 -85.00 0.00207726
-10.00 -85.00 0.00212925
-5.00 -85.00 0.00217356
0.00 -85.00 0.00221046
5.00 -85.00 0.00224055
10.00 -85.00 0.00226455
15.00 -85.00 0.00228336
20.00 -85.00 0.00229791
25.00 -85.00 0.00230913
30.00 -85.00 0.0023178
35.00 -85.00 0.00232449
40.00 -85.00 0.00232947
45.00 -85.00 0.00233265
50.00 -85.00 0.00233358
55.00 -85.00 0.00233154
60.00 -85.00 0.00232533
65.00 -85.00 0.00231366
70.00 -85.00 0.00229515
75.00 -85.00 0.0022686
80.00 -85.00 0.00223299
85.00 -85.00 0.00218757
90.00 -85.00 0.0021318
95.00 -85.00 0.00206541
100.00 -85.00 0.00198876
105.00 -85.00 0.00190254
110.00 -85.00 0.00180789
115.00 -85.00 0.00170592
120.00 -85.00 0.0015978
125.00 -85.00 0.00148488
130.00 -85.00 0.00136881
135.00 -85.00 0.00125133
140.00 -85.00 0.00113418
145.00 -85.00 0.00101874
150.00 -85.00 0.0009063
155.00 -85.00 0.00079812
160.00 -85.00 0.00069558
165.00 -85.00 0.00060003
170.00 -85.00 0.0005124
175.00 -85.00 0.00043329
180.00 -85.00 0.00036312
-180.00 -80.00 -0.00110238
-175.00 -80.00 -0.00123294
-170.00 -80.00 -0.00133254
-165.00 -80.00 -0.00140244
-160.00 -80.00 -0.00144531
-155.00 -80.00 -0.00146238
-150.00 -80.00 -0.00145416
-145.00 -80.00 -0.00142305
-140.00 -80.00 -0.00137253
-135.00 -80.00 -0.00130392
-130.00 -80.00 -0.00121659
-125.00 -80.00 -0.00111129
-120.00 -80.00 -0.00099063
-115.00 -80.00 -0.00085638
-110.00 -80.00 -0.00070824
-105.00 -80.00 -0.00054666
-100.00 -80.00 -0.00037419
-95.00 -80.00 -0.00019284
-90.00 -80.00 -1.98e-06
-85.00 -80.00 0.00019914
-80.00 -80.00 0.00040842
-75.00 -80.00 0.00062244
-70.00 -80.00 0.00083931
-65.00 -80.00 0.00105735
-60.00 -80.00 0.00127272
-55.00 -80.00 0.00148044
-50.00 -80.00 0.00167817
-45.00 -80.00 0.00186633
-40.00 -80.00 0.00204465
-35.00 -80.00 0.00221115
-30.00 -80.00 0.00236466
-25.00 -80.00 0.00250542
-20.00 -80.00 0.00263172
-15.00 -80.00 0.00273855
-10.00 -80.00 0.0028206
-5.00 -80.00 0.00287523
0.00 -80.00 0.00290118
5.00 -80.00 0.0028968
10.00 -80.00 0.00286254
15.00 -80.00 0.00280395
20.00 -80.00 0.00273009
25.00 -80.00 0.0026499
30.00 -80.00 0.00257187
35.00 -80.00 0.00250557
40.00 -80.00 0.00246027
45.00 -80.00 0.00244053
50.00 -80.00 0.00244509
55.00 -80.00 0.00246969
60.00 -80.00 0.00250842
65.00 -80.00 0.00255204
70.00 -80.00 0.00258837
75.00 -80.00 0.00260637
80.00 -80.00 0.00259938
85.00 -80.00 0.00256377
90.00 -80.00 0.00249711
95.00 -80.00 0.00239949
100.00 -80.00 0.00227511
105.00 -80.00 0.00212949
110.00 -80.00 0.00196596
115.00 -80.00 0.00178578
120.00 -80.00 0.0015909
125.00 -80.00 0.00138345
130.00 -80.00 0.00116355
135.00 -80.00 0.00093039
140.00 -80.00 0.00068541
145.00 -80.00 0.00043335
150.00 -80.00 0.00017913
155.00 -80.00 -7.311e-05
160.00 -80.00 -0.00031797
165.00 -80.00 -0.00054819
170.00 -80.00 -0.00075753
175.00 -80.00 -0.00094293
180.00 -80.00 -0.00110238
-180.00 -75.00 -0.00279225
-175.00 -75.00 -0.00303915
-170.00 -75.00 -0.0032145
-165.00 -75.00 -0.00331818
-160.00 -75.00 -0.00335652
-155.00 -75.00 -0.00334137
-150.00 -75.00 -0.00328665
-145.00 -75.00 -0.00320499
-140.00 -75.00 -0.00310446
-135.00 -75.00 -0.0029865
-130.00 -75.00 -0.00284694
-125.00 -75.00 -0.00268023
-120.00 -75.00 -0.00248355
-115.00 -75.00 -0.00225912
-110.00 -75.00 -0.00201453
-105.00 -75.00 -0.00176043
-100.00 -75.00 -0.00150555
-95.00 -75.00 -0.00125226
-90.00 -75.00 -0.00099594
-85.00 -75.00 -0.00072771
-80.00 -75.00 -0.00043917
-75.00 -75.00 -0.00012816
-70.00 -75.00 0.00019716
-65.00 -75.00 0.0005199
-60.00 -75.00 0.00082011
-55.00 -75.00 0.00108168
-50.00 -75.00 0.00129798
-45.00 -75.00 0.00147489
-40.00 -75.00 0.001629
-35.00 -75.00 0.00178107
-30.00 -75.00 0.00194895
-25.00 -75.00 0.00214215
-20.00 -75.00 0.0023583
-15.00 -75.00 0.002583
-10.00 -75.00 0.00279327
-5.00 -75.00 0.00296325
0.00 -75.00 0.00306915
5.00 -75.00 0.00309363
10.00 -75.00 0.00302958
15.00 -75.00 0.00288138
20.00 -75.00 0.002664
25.00 -75.00 0.00240162
30.00 -75.00 0.00212553
35.00 -75.00 0.00186969
40.00 -75.00 0.0016656
45.00 -75.00 0.00153717
50.00 -75.00 0.0014958
55.00 -75.00 0.00153678
60.00 -75.00 0.00163944
65.00 -75.00 0.00177213
70.00 -75.00 0.00189918
75.00 -75.00 0.00198894
80.00 -75.00 0.00202155
85.00 -75.00 0.00199296
90.00 -75.00 0.00191388
95.00 -75.00 0.00180489
100.00 -75.00 0.00168969
105.00 -75.00 0.00158739
110.00 -75.00 0.00150546
115.00 -75.00 0.00143757
120.00 -75.00 0.00136518
125.00 -75.00 0.00126234
130.00 -75.00 0.00110274
135.00 -75.00 0.00086775
140.00 -75.00 0.00055176
145.00 -75.00 0.00016272
150.00 -75.00 -0.00028044
155.00 -75.00 -0.00075252
160.00 -75.00 -0.00122778
165.00 -75.00 -0.00168453
170.00 -75.00 -0.00210591
175.00 -75.00 -0.0024786
180.00 -75.00 -0.00279225
-180.00 -70.00 -0.00376296
-175.00 -70.00 -0.00411111
-170.00 -70.00 -0.00433428
-165.00 -70.00 -0.00441471
-160.00 -70.00 -0.00436428
-155.00 -70.00 -0.00422565
-150.00 -70.00 -0.00405855
-145.00 -70.00 -0.00391686
-140.00 -70.00 -0.00382836
-135.00 -70.00 -0.00378516
-130.00 -70.00 -0.00374949
-125.00 -70.00 -0.00367188
-120.00 -70.00 -0.0035142
-115.00 -70.00 -0.00326811
-110.00 -70.00 -0.00296022
-105.00 -70.00 -0.00264009
-100.00 -70.00 -0.00235548
-95.00 -70.00 -0.00212571
-90.00 -70.00 -0.00192789
-85.00 -70.00 -0.00170571
-80.00 -70.00 -0.00139851
-75.00 -70.00 -0.00097662
-70.00 -70.00 -0.00046383
-65.00 -70.00 6.672e-05
-60.00 -70.00 0.00052119
-55.00 -70.00 0.00082446
-50.00 -70.00 0.00095019
-45.00 -70.00 0.00092871
-40.00 -70.00 0.00083151
-35.00 -70.00 0.00074286
-30.00 -70.00 0.00073194
-25.00 -70.00 0.00083559
-20.00 -70.00 0.00105438
-15.00 -70.00 0.00135882
-10.00 -70.00 0.00170073
-5.00 -70.00 0.00202605
0.00 -70.00 0.00228591
5.00 -70.00 0.00244479
10.00 -70.00 0.00248397
15.00 -70.00 0.00240027
20.00 -70.00 0.00220284
25.00 -70.00 0.00191082
30.00 -70.00 0.00155412
35.00 -70.00 0.00117582
40.00 -70.00 0.00083082
45.00 -70.00 0.00057669
50.00 -70.00 0.00045726
55.00 -70.00 0.00048462
60.00 -70.00 0.00062994
65.00 -70.00 0.00082929
70.00 -70.00 0.00100437
75.00 -70.00 0.00109023
80.00 -70.00 0.00105756
85.00 -70.00 0.00092139
90.00 -70.00 0.0007335
95.00 -70.00 0.00056346
100.00 -70.00 0.00047601
105.00 -70.00 0.00051144
110.00 -70.00 0.00067347
115.00 -70.00 0.00092547
120.00 -70.00 0.00119685
125.00 -70.00 0.00139869
130.00 -70.00 0.00144717
135.00 -70.00 0.00128802
140.00 -70.00 0.00091323
145.00 -70.00 0.00036207
150.00 -70.00 -0.00029493
155.00 -70.00 -0.00098268
160.00 -70.00 -0.00164568
165.00 -70.00 -0.00225813
170.00 -70.00 -0.00281673
175.00 -70.00 -0.00332223
180.00 -70.00 -0.00376296
-180.00 -65.00 -0.00390936
-175.00 -65.00 -0.00430668
-170.00 -65.00 -0.00452004
-165.00 -65.00 -0.00447501
-160.00 -65.00 -0.00419346
-155.00 -65.00 -0.00378699
-150.00 -65.00 -0.00340581
-145.00 -65.00 -0.00317544
-140.00 -65.00 -0.00315132
-135.00 -65.00 -0.00330579
-130.00 -65.00 -0.00354462
-125.00 -65.00 -0.00374235
-120.00 -65.00 -0.0037875
-115.00 -65.00 -0.0036276
-110.00 -65.00 -0.00329787
-105.00 -65.00 -0.00291285
-100.00 -65.00 -0.0026115
-95.00 -65.00 -0.0024738
-90.00 -65.00 -0.00245754
-85.00 -65.00 -0.00240378
-80.00 -65.00 -0.00212142
-75.00 -65.00 -0.0015054
-70.00 -65.00 -0.00061434
-65.00 -65.00 0.00034506
-60.00 -65.00 0.00111801
-55.00 -65.00 0.0015237
-50.00 -65.00 0.00152862
-45.00 -65.00 0.00123747
-40.00 -65.00 0.00082116
-35.00 -65.00 0.00043449
-30.00 -65.00 0.00016794
-25.00 -65.00 4.65e-05
-20.00 -65.00 5.577e-05
-15.00 -65.00 0.00016707
-10.00 -65.00 0.00034713
-5.00 -65.00 0.00055839
0.00 -65.00 0.00076287
5.00 -65.00 0.00093333
10.00 -65.00 0.00106131
15.00 -65.00 0.00115038
20.00 -65.00 0.00119754
25.00 -65.00 0.00117912
30.00 -65.00 0.00105891
35.00 -65.00 0.00081876
40.00 -65.00 0.00049089
45.00 -65.00 0.00016353
50.00 -65.00 -5.325e-05
55.00 -65.00 -8.637e-05
60.00 -65.00 5.289e-05
65.00 -65.00 0.00026595
70.00 -65.00 0.00041448
75.00 -65.00 0.0003918
80.00 -65.00 0.00017652
85.00 -65.00 -0.00016098
90.00 -65.00 -0.00049749
95.00 -65.00 -0.00071373
100.00 -65.00 -0.00073629
105.00 -65.00 -0.00055017
110.00 -65.00 -0.00018957
115.00 -65.00 0.00027444
120.00 -65.00 0.00074055
125.00 -65.00 0.00108555
130.00 -65.00 0.00118845
135.00 -65.00 0.00097257
140.00 -65.00 0.00044691
145.00 -65.00 -0.00028431
150.00 -65.00 -0.00106029
155.00 -65.00 -0.00173727
160.00 -65.00 -0.00225501
165.00 -65.00 -0.0026538
170.00 -65.00 -0.0030288
175.00 -65.00 -0.00345135
180.00 -65.00 -0.00390936
-180.00 -60.00 -0.00452727
-175.00 -60.00 -0.00498933
-170.00 -60.00 -0.00515217
-165.00 -60.00 -0.00490383
-160.00 -60.00 -0.00433665
-155.00 -60.00 -0.00367146
-150.00 -60.00 -0.00312249
-145.00 -60.00 -0.00280377
-140.00 -60.00 -0.00272319
-135.00 -60.00 -0.0028323
-130.00 -60.00 -0.00306744
-125.00 -60.00 -0.00334812
-120.00 -60.00 -0.00355854
-115.00 -60.00 -0.00356958
-110.00 -60.00 -0.00332058
-105.00 -60.00 -0.00290067
-100.00 -60.00 -0.00253134
-95.00 -60.00 -0.00241563
-90.00 -60.00 -0.00255036
-85.00 -60.00 -0.00266721
-80.00 -60.00 -0.00238821
-75.00 -60.00 -0.00149958
-70.00 -60.00 -0.00013509
-65.00 -60.00 0.0012795
-60.00 -60.00 0.00228111
-55.00 -60.00 0.00263418
-50.00 -60.00 0.00242589
-45.00 -60.00 0.00195138
-40.00 -60.00 0.00149742
-35.00 -60.00 0.0011835
-30.00 -60.00 0.00095382
-25.00 -60.00 0.00069336
-20.00 -60.00 0.00035727
-15.00 -60.00 8.97e-06
-10.00 -60.00 -0.00024651
-5.00 -60.00 -0.00035718
0.00 -60.00 -0.00035481
5.00 -60.00 -0.0003018
10.00 -60.00 -0.00021852
15.00 -60.00 -6.921e-05
20.00 -60.00 0.00017793
25.00 -60.00 0.00047691
30.00 -60.00 0.00069255
35.00 -60.00 0.00067503
40.00 -60.00 0.00037095
45.00 -60.00 -0.0001146
50.00 -60.00 -0.00056166
55.00 -60.00 -0.00076713
60.00 -60.00 -0.00067878
65.00 -60.00 -0.00043545
70.00 -60.00 -0.00027918
75.00 -60.00 -0.00039531
80.00 -60.00 -0.0007908
85.00 -60.00 -0.00129309
90.00 -60.00 -0.00166542
95.00 -60.00 -0.00175059
100.00 -60.00 -0.00154377
105.00 -60.00 -0.00115674
110.00 -60.00 -0.00072336
115.00 -60.00 -0.00033195
120.00 -60.00 -3.045e-05
125.00 -60.00 0.00012399
130.00 -60.00 3.972e-05
135.00 -60.00 -0.0003684
140.00 -60.00 -0.0010962
145.00 -60.00 -0.00199884
150.00 -60.00 -0.00283185
155.00 -60.00 -0.00337947
160.00 -60.00 -0.00359013
165.00 -60.00 -0.0036147
170.00 -60.00 -0.00370308
175.00 -60.00 -0.00402198
180.00 -60.00 -0.00452727
-180.00 -55.00 -0.00589455
-175.00 -55.00 -0.00638478
-170.00 -55.00 -0.00639156
-165.00 -55.00 -0.0058869
-160.00 -55.00 -0.00515373
-155.00 -55.00 -0.00453402
-150.00 -55.00 -0.00416742
-145.00 -55.00 -0.00393927
-140.00 -55.00 -0.00365007
-135.00 -55.00 -0.00323592
-130.00 -55.00 -0.00284748
-125.00 -55.00 -0.00271683
-120.00 -55.00 -0.00291906
-115.00 -55.00 -0.00324777
-110.00 -55.00 -0.00335781
-105.00 -55.00 -0.00308388
-100.00 -55.00 -0.00262746
-95.00 -55.00 -0.00237786
-90.00 -55.00 -0.00249228
-85.00 -55.00 -0.00265167
-80.00 -55.00 -0.00228126
-75.00 -55.00 -0.00106911
-70.00 -55.00 0.00069879
-65.00 -55.00 0.00230289
-60.00 -55.00 0.00310578
-55.00 -55.00 0.00297879
-50.00 -55.00 0.00232422
-45.00 -55.00 0.00173337
-40.00 -55.00 0.00156975
-35.00 -55.00 0.00176568
-30.00 -55.00 0.00194253
-25.00 -55.00 0.00174327
-20.00 -55.00 0.00112215
-15.00 -55.00 0.00036609
-10.00 -55.00 -0.00015795
-5.00 -55.00 -0.0002961
0.00 -55.00 -0.00018171
5.00 -55.00 -5.373e-05
10.00 -55.00 -2.391e-05
15.00 -55.00 -1.173e-05
20.00 -55.00 0.00012426
25.00 -55.00 0.00040866
30.00 -55.00 0.00068277
35.00 -55.00 0.00069585
40.00 -55.00 0.00028605
45.00 -55.00 -0.00047187
50.00 -55.00 -0.00126657
55.00 -55.00 -0.0017271
60.00 -55.00 -0.00167427
65.00 -55.00 -0.00126126
70.00 -55.00 -0.00088047
75.00 -55.00 -0.00088983
80.00 -55.00 -0.00135831
85.00 -55.00 -0.00202008
90.00 -55.00 -0.00246981
95.00 -55.00 -0.00244512
100.00 -55.00 -0.00198111
105.00 -55.00 -0.00133464
110.00 -55.00 -0.0007707
115.00 -55.00 -0.00040386
120.00 -55.00 -0.00020883
125.00 -55.00 -0.00014736
130.00 -55.00 -0.00026859
135.00 -55.00 -0.00069006
140.00 -55.00 -0.00148107
145.00 -55.00 -0.00254634
150.00 -55.00 -0.00361464
155.00 -55.00 -0.00437556
160.00 -55.00 -0.00469413
165.00 -55.00 -0.00473253
170.00 -55.00 -0.0048393
175.00 -55.00 -0.00525705
180.00 -55.00 -0.00589455
-180.00 -50.00 -0.00604041
-175.00 -50.00 -0.00644466
-170.00 -50.00 -0.00626865
-165.00 -50.00 -0.00558813
-160.00 -50.00 -0.00489462
-155.00 -50.00 -0.00461289
-150.00 -50.00 -0.00471702
-145.00 -50.00 -0.00479352
-140.00 -50.00 -0.00442779
-135.00 -50.00 -0.00355956
-130.00 -50.00 -0.00256326
-125.00 -50.00 -0.00200766
-120.00 -50.00 -0.00222057
-115.00 -50.00 -0.0029664
-110.00 -50.00 -0.00357894
-105.00 -50.00 -0.00354324
-100.00 -50.00 -0.00299742
-95.00 -50.00 -0.0025731
-90.00 -50.00 -0.00265947
-85.00 -50.00 -0.00288063
-80.00 -50.00 -0.00241887
-75.00 -50.00 -0.00088584
-70.00 -50.00 0.00118881
-65.00 -50.00 0.0027588
-60.00 -50.00 0.00311373
-55.00 -50.00 0.00236475
-50.00 -50.00 0.00124005
-45.00 -50.00 0.0005154
-40.00 -50.00 0.00054681
-35.00 -50.00 0.00112383
-30.00 -50.00 0.00165957
-25.00 -50.00 0.00162732
-20.00 -50.00 0.00097986
-15.00 -50.00 0.00018798
-10.00 -50.00 -0.00018456
-5.00 -50.00 2.574e-05
0.00 -50.00 0.0005106
5.00 -50.00 0.00085842
10.00 -50.00 0.00091725
15.00 -50.00 0.00081021
20.00 -50.00 0.00071538
25.00 -50.00 0.00070695
30.00 -50.00 0.00073908
35.00 -50.00 0.00067014
40.00 -50.00 0.00031302
45.00 -50.00 -0.00041745
50.00 -50.00 -0.00133326
55.00 -50.00 -0.002001
60.00 -50.00 -0.00204246
65.00 -50.00 -0.0014706
70.00 -50.00 -0.00073914
75.00 -50.00 -0.00043263
80.00 -50.00 -0.00083769
85.00 -50.00 -0.00173385
90.00 -50.00 -0.00256731
95.00 -50.00 -0.00286212
100.00 -50.00 -0.00252555
105.00 -50.00 -0.00181089
110.00 -50.00 -0.00103464
115.00 -50.00 -0.00035631
120.00 -50.00 0.00020748
125.00 -50.00 0.00064629
130.00 -50.00 0.0008793
135.00 -50.00 0.00077196
140.00 -50.00 0.00018804
145.00 -50.00 -0.0009192
150.00 -50.00 -0.00237663
155.00 -50.00 -0.0037665
160.00 -50.00 -0.00466272
165.00 -50.00 -0.00499068
170.00 -50.00 -0.00511239
175.00 -50.00 -0.00545541
180.00 -50.00 -0.00604041
-180.00 -45.00 -0.00391419
-175.00 -45.00 -0.00434943
-170.00 -45.00 -0.00431706
-165.00 -45.00 -0.00373089
-160.00 -45.00 -0.00314502
-155.00 -45.00 -0.00304605
-150.00 -45.00 -0.00334515
-145.00 -45.00 -0.00357792
-140.00 -45.00 -0.00340173
-135.00 -45.00 -0.00283158
-130.00 -45.00 -0.00217851
-125.00 -45.00 -0.00188706
-120.00 -45.00 -0.00226308
-115.00 -45.00 -0.0031263
-110.00 -45.00 -0.00378912
-105.00 -45.00 -0.00365343
-100.00 -45.00 -0.0029118
-95.00 -45.00 -0.0024291
-90.00 -45.00 -0.0027351
-85.00 -45.00 -0.00327225
-80.00 -45.00 -0.0029118
-75.00 -45.00 -0.00122898
-70.00 -45.00 0.00095493
-65.00 -45.00 0.00236805
-60.00 -45.00 0.00242967
-55.00 -45.00 0.00151773
-50.00 -45.00 0.0003756
-45.00 -45.00 -0.00044769
-40.00 -45.00 -0.00069999
-35.00 -45.00 -0.00040512
-30.00 -45.00 8.256e-05
-25.00 -45.00 0.00025314
-20.00 -45.00 -7.392e-05
-15.00 -45.00 -0.00051795
-10.00 -45.00 -0.00057084
-5.00 -45.00 -0.00019068
0.00 -45.00 0.00023475
5.00 -45.00 0.00045309
10.00 -45.00 0.0005931
15.00 -45.00 0.00079191
20.00 -45.00 0.00088134
25.00 -45.00 0.000666
30.00 -45.00 0.00032019
35.00 -45.00 0.00020403
40.00 -45.00 0.00032013
45.00 -45.00 0.00023556
50.00 -45.00 -0.00036171
55.00 -45.00 -0.00120312
60.00 -45.00 -0.00166404
65.00 -45.00 -0.00139164
70.00 -45.00 -0.00065679
75.00 -45.00 -0.0001368
80.00 -45.00 -0.00036957
85.00 -45.00 -0.00132978
90.00 -45.00 -0.00246417
95.00 -45.00 -0.0031572
100.00 -45.00 -0.00318369
105.00 -45.00 -0.00271332
110.00 -45.00 -0.0019713
115.00 -45.00 -0.00105219
120.00 -45.00 -5.958e-05
125.00 -45.00 0.00078582
130.00 -45.00 0.00130653
135.00 -45.00 0.00149403
140.00 -45.00 0.00131199
145.00 -45.00 0.00050748
150.00 -45.00 -0.00109152
155.00 -45.00 -0.00306186
160.00 -45.00 -0.00446781
165.00 -45.00 -0.00469809
170.00 -45.00 -0.00412362
175.00 -45.00 -0.00369873
180.00 -45.00 -0.00391419
-180.00 -40.00 -0.00153003
-175.00 -40.00 -0.00235764
-170.00 -40.00 -0.0028539
-165.00 -40.00 -0.00248037
-160.00 -40.00 -0.00182412
-155.00 -40.00 -0.00156705
-150.00 -40.00 -0.00167877
-145.00 -40.00 -0.00175551
-140.00 -40.00 -0.00169674
-135.00 -40.00 -0.00172086
-130.00 -40.00 -0.00195909
-125.00 -40.00 -0.00236703
-120.00 -40.00 -0.00289827
-115.00 -40.00 -0.00342246
-110.00 -40.00 -0.00353772
-105.00 -40.00 -0.00288915
-100.00 -40.00 -0.00181296
-95.00 -40.00 -0.00127467
-90.00 -40.00 -0.00179784
-85.00 -40.00 -0.00263874
-80.00 -40.00 -0.00247617
-75.00 -40.00 -0.00094803
-70.00 -40.00 0.00090555
-65.00 -40.00 0.0018543
-60.00 -40.00 0.00171318
-55.00 -40.00 0.00110664
-50.00 -40.00 0.00043863
-45.00 -40.00 -0.0003447
-40.00 -40.00 -0.00114018
-35.00 -40.00 -0.00150783
-30.00 -40.00 -0.00129438
-25.00 -40.00 -0.00095025
-20.00 -40.00 -0.00090846
-15.00 -40.00 -0.00100113
-10.00 -40.00 -0.00088011
-5.00 -40.00 -0.00071898
0.00 -40.00 -0.00092892
5.00 -40.00 -0.00128133
10.00 -40.00 -0.00100512
15.00 -40.00 3.18e-05
20.00 -40.00 0.00086388
25.00 -40.00 0.00062142
30.00 -40.00 -0.00024144
35.00 -40.00 -0.00051417
40.00 -40.00 0.00016545
45.00 -40.00 0.00088779
50.00 -40.00 0.00067575
55.00 -40.00 -0.00040569
60.00 -40.00 -0.00149748
65.00 -40.00 -0.00191922
70.00 -40.00 -0.00169164
75.00 -40.00 -0.00134967
80.00 -40.00 -0.0014355
85.00 -40.00 -0.00203907
90.00 -40.00 -0.00272562
95.00 -40.00 -0.00300723
100.00 -40.00 -0.00286467
105.00 -40.00 -0.00261636
110.00 -40.00 -0.00233673
115.00 -40.00 -0.00177228
120.00 -40.00 -0.00091296
125.00 -40.00 -0.0002178
130.00 -40.00 -9.3e-07
135.00 -40.00 3.348e-05
140.00 -40.00 0.00020142
145.00 -40.00 3.75e-05
150.00 -40.00 -0.00127116
155.00 -40.00 -0.00354
160.00 -40.00 -0.00525531
165.00 -40.00 -0.00504423
170.00 -40.00 -0.00326541
175.00 -40.00 -0.00167925
180.00 -40.00 -0.00153003
-180.00 -35.00 -0.00073083
-175.00 -35.00 -0.0020679
-170.00 -35.00 -0.00305181
-165.00 -35.00 -0.00269715
-160.00 -35.00 -0.00180921
-155.00 -35.00 -0.00152919
-150.00 -35.00 -0.00185589
-145.00 -35.00 -0.00201444
-140.00 -35.00 -0.00172197
-135.00 -35.00 -0.0014616
-130.00 -35.00 -0.0016971
-125.00 -35.00 -0.00234846
-120.00 -35.00 -0.00302907
-115.00 -35.00 -0.00337674
-110.00 -35.00 -0.00308277
-105.00 -35.00 -0.00201693
-100.00 -35.00 -0.00059874
-95.00 -35.00 0.00025629
-90.00 -35.00 2.313e-05
-85.00 -35.00 -0.00065979
-80.00 -35.00 -0.00059127
-75.00 -35.00 0.00052095
-70.00 -35.00 0.00168861
-65.00 -35.00 0.00195969
-60.00 -35.00 0.00154536
-55.00 -35.00 0.00119283
-50.00 -35.00 0.00095973
-45.00 -35.00 0.00034329
-40.00 -35.00 -0.00061506
-35.00 -35.00 -0.00119043
-30.00 -35.00 -0.00104673
-25.00 -35.00 -0.00073026
-20.00 -35.00 -0.00076938
-15.00 -35.00 -0.0008967
-10.00 -35.00 -0.00071694
-5.00 -35.00 -0.00065052
0.00 -35.00 -0.00132849
5.00 -35.00 -0.00220581
10.00 -35.00 -0.00187857
15.00 -35.00 -0.00013611
20.00 -35.00 0.0013257
25.00 -35.00 0.00100494
30.00 -35.00 -0.00036162
35.00 -35.00 -0.00084822
40.00 -35.00 4.95e-05
45.00 -35.00 0.0009708
50.00 -35.00 0.00069471
55.00 -35.00 -0.00050424
60.00 -35.00 -0.00164583
65.00 -35.00 -0.00226521
70.00 -35.00 -0.0025014
75.00 -35.00 -0.00261564
80.00 -35.00 -0.00278526
85.00 -35.00 -0.00297894
90.00 -35.00 -0.00285525
95.00 -35.00 -0.00217125
100.00 -35.00 -0.00134577
105.00 -35.00 -0.00108615
110.00 -35.00 -0.00135471
115.00 -35.00 -0.00135393
120.00 -35.00 -0.00078198
125.00 -35.00 -0.00037707
130.00 -35.00 -0.00072501
135.00 -35.00 -0.00121473
140.00 -35.00 -0.00099792
145.00 -35.00 -0.00058419
150.00 -35.00 -0.00143298
155.00 -35.00 -0.00380583
160.00 -35.00 -0.00588498
165.00 -35.00 -0.0056382
170.00 -35.00 -0.00323268
175.00 -35.00 -0.00096561
180.00 -35.00 -0.00073083
-180.00 -30.00 -0.0005055
-175.00 -30.00 -0.00204843
-170.00 -30.00 -0.00339825
-165.00 -30.00 -0.00316911
-160.00 -30.00 -0.00222045
-155.00 -30.00 -0.00224436
-150.00 -30.00 -0.0034023
-145.00 -30.00 -0.00423498
-140.00 -30.00 -0.00365832
-135.00 -30.00 -0.00222204
-130.00 -30.00 -0.00130521
-125.00 -30.00 -0.00161031
-120.00 -30.00 -0.00265545
-115.00 -30.00 -0.00342789
-110.00 -30.00 -0.00323718
-105.00 -30.00 -0.00204435
-100.00 -30.00 -0.00037143
-95.00 -30.00 0.00093921
-90.00 -30.00 0.00125934
-85.00 -30.00 0.00082926
-80.00 -30.00 0.0005976
-75.00 -30.00 0.00107415
-70.00 -30.00 0.00170577
-65.00 -30.00 0.00176934
-60.00 -30.00 0.00139071
-55.00 -30.00 0.00112326
-50.00 -30.00 0.00098679
-45.00 -30.00 0.00063966
-40.00 -30.00 0.00020484
-35.00 -30.00 0.00016251
-30.00 -30.00 0.00047832
-25.00 -30.00 0.00052335
-20.00 -30.00 4.173e-05
-15.00 -30.00 -0.00035781
-10.00 -30.00 -0.00011793
-5.00 -30.00 0.00024303
0.00 -30.00 -0.00019872
5.00 -30.00 -0.00112554
10.00 -30.00 -0.00107418
15.00 -30.00 0.00035865
20.00 -30.00 0.0015471
25.00 -30.00 0.00103953
30.00 -30.00 -0.00027099
35.00 -30.00 -0.00052185
40.00 -30.00 0.00032727
45.00 -30.00 0.00068253
50.00 -30.00 -9.42e-05
55.00 -30.00 -0.00096543
60.00 -30.00 -0.00110793
65.00 -30.00 -0.00100287
70.00 -30.00 -0.00131991
75.00 -30.00 -0.00192801
80.00 -30.00 -0.00241818
85.00 -30.00 -0.0026523
90.00 -30.00 -0.00246027
95.00 -30.00 -0.0016779
100.00 -30.00 -0.00078948
105.00 -30.00 -0.00062349
110.00 -30.00 -0.00104826
115.00 -30.00 -0.00092898
120.00 -30.00 0.00012183
125.00 -30.00 0.00095163
130.00 -30.00 0.00056295
135.00 -30.00 -0.00031689
140.00 -30.00 -0.00038736
145.00 -30.00 0.00011226
150.00 -30.00 -0.00036924
155.00 -30.00 -0.00242223
160.00 -30.00 -0.00457167
165.00 -30.00 -0.0048105
170.00 -30.00 -0.00289791
175.00 -30.00 -0.0007692
180.00 -30.00 -0.0005055
-180.00 -25.00 0.00018189
-175.00 -25.00 -0.00118578
-170.00 -25.00 -0.00316128
-165.00 -25.00 -0.00373188
-160.00 -25.00 -0.00298299
-155.00 -25.00 -0.00285669
-150.00 -25.00 -0.00421623
-145.00 -25.00 -0.00558078
-140.00 -25.00 -0.00513834
-135.00 -25.00 -0.00306285
-130.00 -25.00 -0.00128193
-125.00 -25.00 -0.0012948
-120.00 -25.00 -0.00267738
-115.00 -25.00 -0.00379959
-110.00 -25.00 -0.00360417
-105.00 -25.00 -0.00226947
-100.00 -25.00 -0.00052611
-95.00 -25.00 0.0008736
-90.00 -25.00 0.00123489
-85.00 -25.00 0.0004461
-80.00 -25.00 -0.00059019
-75.00 -25.00 -0.0008406
-70.00 -25.00 -0.00033666
-65.00 -25.00 0.0001506
-60.00 -25.00 0.00026385
-55.00 -25.00 0.00021222
-50.00 -25.00 0.00019806
-45.00 -25.00 0.00032892
-40.00 -25.00 0.00073077
-35.00 -25.00 0.00128598
-30.00 -25.00 0.00157491
-25.00 -25.00 0.00133275
-20.00 -25.00 0.00074811
-15.00 -25.00 0.00030057
-10.00 -25.00 0.000396
-5.00 -25.00 0.00092085
0.00 -25.00 0.00121284
5.00 -25.00 0.00093129
10.00 -25.00 0.00065454
15.00 -25.00 0.00088203
20.00 -25.00 0.00101466
25.00 -25.00 0.00044571
30.00 -25.00 -4.995e-05
35.00 -25.00 0.00046674
40.00 -25.00 0.00117162
45.00 -25.00 0.00060051
50.00 -25.00 -0.0007716
55.00 -25.00 -0.00106026
60.00 -25.00 7.992e-05
65.00 -25.00 0.00097005
70.00 -25.00 0.00049167
75.00 -25.00 -0.00060642
80.00 -25.00 -0.00132195
85.00 -25.00 -0.00173907
90.00 -25.00 -0.00220803
95.00 -25.00 -0.00252612
100.00 -25.00 -0.00259662
105.00 -25.00 -0.00276987
110.00 -25.00 -0.00286125
115.00 -25.00 -0.0019455
120.00 -25.00 7.734e-05
125.00 -25.00 0.00176856
130.00 -25.00 0.00192258
135.00 -25.00 0.00113406
140.00 -25.00 0.00068337
145.00 -25.00 0.0007026
150.00 -25.00 0.00037137
155.00 -25.00 -0.00070425
160.00 -25.00 -0.002019
165.00 -25.00 -0.00262809
170.00 -25.00 -0.00189117
175.00 -25.00 -0.00037764
180.00 -25.00 0.00018189
-180.00 -20.00 2.166e-05
-175.00 -20.00 -0.00088938
-170.00 -20.00 -0.00345888
-165.00 -20.00 -0.00501921
-160.00 -20.00 -0.00434886
-155.00 -20.00 -0.00320247
-150.00 -20.00 -0.00341454
-145.00 -20.00 -0.0044202
-140.00 -20.00 -0.00445317
-135.00 -20.00 -0.00306495
-130.00 -20.00 -0.00163185
-125.00 -20.00 -0.00158367
-120.00 -20.00 -0.00266514
-115.00 -20.00 -0.00338082
-110.00 -20.00 -0.00288861
-105.00 -20.00 -0.00161988
-100.00 -20.00 -0.00024474
-95.00 -20.00 0.00076578
-90.00 -20.00 0.00073611
-85.00 -20.00 -0.00059499
-80.00 -20.00 -0.00216024
-75.00 -20.00 -0.00262209
-70.00 -20.00 -0.00207972
-65.00 -20.00 -0.0015633
-60.00 -20.00 -0.00140769
-55.00 -20.00 -0.00120492
-50.00 -20.00 -0.00068901
-45.00 -20.00 0.00014322
-40.00 -20.00 0.0010983
-35.00 -20.00 0.00165204
-30.00 -20.00 0.00152604
-25.00 -20.00 0.00121077
-20.00 -20.00 0.0010914
-15.00 -20.00 0.00078237
-10.00 -20.00 0.00024594
-5.00 -20.00 0.00040173
0.00 -20.00 0.00157053
5.00 -20.00 0.00261216
10.00 -20.00 0.00255333
15.00 -20.00 0.00176493
20.00 -20.00 0.00096534
25.00 -20.00 0.00050268
30.00 -20.00 0.0007905
35.00 -20.00 0.00179151
40.00 -20.00 0.00216267
45.00 -20.00 0.00077067
50.00 -20.00 -0.00114264
55.00 -20.00 -0.00129015
60.00 -20.00 0.00031251
65.00 -20.00 0.00133902
70.00 -20.00 0.00053685
75.00 -20.00 -0.00084564
80.00 -20.00 -0.00140412
85.00 -20.00 -0.00155682
90.00 -20.00 -0.00234351
95.00 -20.00 -0.00361593
100.00 -20.00 -0.00449004
105.00 -20.00 -0.00464166
110.00 -20.00 -0.00411108
115.00 -20.00 -0.00267003
120.00 -20.00 -0.00048387
125.00 -20.00 0.00134391
130.00 -20.00 0.00192165
135.00 -20.00 0.00156453
140.00 -20.00 0.00093942
145.00 -20.00 0.00023481
150.00 -20.00 -0.00029364
155.00 -20.00 -0.00031017
160.00 -20.00 -0.00032097
165.00 -20.00 -0.00101529
170.00 -20.00 -0.00162105
175.00 -20.00 -0.00094962
180.00 -20.00 2.166e-05
-180.00 -15.00 -0.00177093
-175.00 -15.00 -0.00204558
-170.00 -15.00 -0.00425751
-165.00 -15.00 -0.00579642
-160.00 -15.00 -0.00494937
-155.00 -15.00 -0.0031326
-150.00 -15.00 -0.00231861
-145.00 -15.00 -0.00257961
-140.00 -15.00 -0.00279951
-135.00 -15.00 -0.00236295
-130.00 -15.00 -0.00166614
-125.00 -15.00 -0.00142665
-120.00 -15.00 -0.0016794
-115.00 -15.00 -0.00178722
-110.00 -15.00 -0.00147681
-105.00 -15.00 -0.0010173
-100.00 -15.00 -0.0004236
-95.00 -15.00 0.00025326
-90.00 -15.00 0.00020787
-85.00 -15.00 -0.00091155
-80.00 -15.00 -0.00180819
-75.00 -15.00 -0.00140943
-70.00 -15.00 -0.00080499
-65.00 -15.00 -0.00135372
-60.00 -15.00 -0.00228978
-55.00 -15.00 -0.00211659
-50.00 -15.00 -0.00086934
-45.00 -15.00 0.00049728
-40.00 -15.00 0.00142815
-35.00 -15.00 0.00165267
-30.00 -15.00 0.00130551
-25.00 -15.00 0.00119376
-20.00 -15.00 0.00147576
-15.00 -15.00 0.00102729
-10.00 -15.00 -0.00029553
-5.00 -15.00 -0.00053679
0.00 -15.00 0.00137583
5.00 -15.00 0.00359094
10.00 -15.00 0.00404898
15.00 -15.00 0.00312234
20.00 -15.00 0.00215859
25.00 -15.00 0.0015975
30.00 -15.00 0.00155385
35.00 -15.00 0.00208305
40.00 -15.00 0.00219966
45.00 -15.00 0.00072444
50.00 -15.00 -0.00151527
55.00 -15.00 -0.0023229
60.00 -15.00 -0.00124398
65.00 -15.00 -0.00019884
70.00 -15.00 -0.00062535
75.00 -15.00 -0.0016527
80.00 -15.00 -0.00187944
85.00 -15.00 -0.0016338
90.00 -15.00 -0.00218286
95.00 -15.00 -0.00343896
100.00 -15.00 -0.00400932
105.00 -15.00 -0.00330537
110.00 -15.00 -0.00207084
115.00 -15.00 -0.00089205
120.00 -15.00 0.00029736
125.00 -15.00 0.00133107
130.00 -15.00 0.00182214
135.00 -15.00 0.00178626
140.00 -15.00 0.00126627
145.00 -15.00 0.00020529
150.00 -15.00 -0.00064383
155.00 -15.00 -0.0003363
160.00 -15.00 0.00024057
165.00 -15.00 -0.0006885
170.00 -15.00 -0.00249612
175.00 -15.00 -0.00281541
180.00 -15.00 -0.00177093
-180.00 -10.00 -0.00330282
-175.00 -10.00 -0.00308952
-170.00 -10.00 -0.0040881
-165.00 -10.00 -0.00459612
-160.00 -10.00 -0.00380886
-155.00 -10.00 -0.00291744
-150.00 -10.00 -0.0027003
-145.00 -10.00 -0.00263166
-140.00 -10.00 -0.00228045
-135.00 -10.00 -0.00177891
-130.00 -10.00 -0.00127287
-125.00 -10.00 -0.00088347
-120.00 -10.00 -0.0007239
-115.00 -10.00 -0.00077265
-110.00 -10.00 -0.0010833
-105.00 -10.00 -0.00155187
-100.00 -10.00 -0.00151188
-95.00 -10.00 -0.00079281
-90.00 -10.00 -0.0005307
-85.00 -10.00 -0.00114441
-80.00 -10.00 -0.00097641
-75.00 -10.00 0.00070272
-70.00 -10.00 0.00154323
-65.00 -10.00 -0.0001893
-60.00 -10.00 -0.00233739
-55.00 -10.00 -0.00219537
-50.00 -10.00 -0.00044898
-45.00 -10.00 0.00078279
-40.00 -10.00 0.00114246
-35.00 -10.00 0.00130179
-30.00 -10.00 0.00147714
-25.00 -10.00 0.00174129
-20.00 -10.00 0.00185457
-15.00 -10.00 0.00104787
-10.00 -10.00 -0.00028089
-5.00 -10.00 -0.00015642
0.00 -10.00 0.00194901
5.00 -10.00 0.00390705
10.00 -10.00 0.00423033
15.00 -10.00 0.00384084
20.00 -10.00 0.00344208
25.00 -10.00 0.00229863
30.00 -10.00 0.00062913
35.00 -10.00 4.494e-05
40.00 -10.00 0.00064857
45.00 -10.00 0.00046464
50.00 -10.00 -0.0013869
55.00 -10.00 -0.00319722
60.00 -10.00 -0.00319671
65.00 -10.00 -0.00194271
70.00 -10.00 -0.00118413
75.00 -10.00 -0.00134736
80.00 -10.00 -0.00147963
85.00 -10.00 -0.001344
90.00 -10.00 -0.00178692
95.00 -10.00 -0.00264378
100.00 -10.00 -0.00233958
105.00 -10.00 -0.00048309
110.00 -10.00 0.00124137
115.00 -10.00 0.0017178
120.00 -10.00 0.00174405
125.00 -10.00 0.00203901
130.00 -10.00 0.00219597
135.00 -10.00 0.00200196
140.00 -10.00 0.00170343
145.00 -10.00 0.00118011
150.00 -10.00 0.00056241
155.00 -10.00 0.0005283
160.00 -10.00 0.00060588
165.00 -10.00 -0.00071262
170.00 -10.00 -0.00301812
175.00 -10.00 -0.00399822
180.00 -10.00 -0.00330282
-180.00 -5.00 -0.00292932
-175.00 -5.00 -0.00270138
-170.00 -5.00 -0.00286479
-165.00 -5.00 -0.0026214
-160.00 -5.00 -0.00233898
-155.00 -5.00 -0.00302586
-150.00 -5.00 -0.00403077
-145.00 -5.00 -0.00387933
-140.00 -5.00 -0.00262632
-135.00 -5.00 -0.00144186
-130.00 -5.00 -0.00091572
-125.00 -5.00 -0.00094767
-120.00 -5.00 -0.00123612
-115.00 -5.00 -0.00146946
-110.00 -5.00 -0.00171198
-105.00 -5.00 -0.00207939
-100.00 -5.00 -0.0019923
-95.00 -5.00 -0.00123168
-90.00 -5.00 -0.00102891
-85.00 -5.00 -0.00185322
-80.00 -5.00 -0.00174189
-75.00 -5.00 0.00023448
-70.00 -5.00 0.00135885
-65.00 -5.00 -0.00038592
-60.00 -5.00 -0.00244008
-55.00 -5.00 -0.00183753
-50.00 -5.00 8.112e-05
-45.00 -5.00 0.00063498
-40.00 -5.00 0.00016098
-35.00 -5.00 0.00036732
-30.00 -5.00 0.00121887
-25.00 -5.00 0.00165591
-20.00 -5.00 0.00130095
-15.00 -5.00 0.00056583
-10.00 -5.00 0.00045522
-5.00 -5.00 0.00170817
0.00 -5.00 0.00329697
5.00 -5.00 0.00354576
10.00 -5.00 0.00301311
15.00 -5.00 0.00343812
20.00 -5.00 0.00395493
25.00 -5.00 0.00207807
30.00 -5.00 -0.00153039
35.00 -5.00 -0.00319977
40.00 -5.00 -0.00158412
45.00 -5.00 0.00045159
50.00 -5.00 -2.607e-05
55.00 -5.00 -0.00236619
60.00 -5.00 -0.00375903
65.00 -5.00 -0.00300246
70.00 -5.00 -0.00157338
75.00 -5.00 -0.00108954
80.00 -5.00 -0.00128484
85.00 -5.00 -0.00140187
90.00 -5.00 -0.00173499
95.00 -5.00 -0.00215835
100.00 -5.00 -0.00126339
105.00 -5.00 0.00105972
110.00 -5.00 0.00260958
115.00 -5.00 0.00228804
120.00 -5.00 0.0016845
125.00 -5.00 0.0018129
130.00 -5.00 0.00161937
135.00 -5.00 0.00082146
140.00 -5.00 0.00069585
145.00 -5.00 0.00138852
150.00 -5.00 0.00166509
155.00 -5.00 0.00120948
160.00 -5.00 0.00044262
165.00 -5.00 -0.00086073
170.00 -5.00 -0.00251088
175.00 -5.00 -0.00327309
180.00 -5.00 -0.00292932
-180.00 0.00 -0.00165684
-175.00 0.00 -0.00169869
-170.00 0.00 -0.0018693
-165.00 0.00 -0.00166521
-160.00 0.00 -0.00167799
-155.00 0.00 -0.00267546
-150.00 0.00 -0.00374898
-145.00 0.00 -0.00350454
-140.00 0.00 -0.00218469
-135.00 0.00 -0.00104055
-130.00 0.00 -0.00077946
-125.00 0.00 -0.00139716
-120.00 0.00 -0.00226626
-115.00 0.00 -0.00246591
-110.00 0.00 -0.00202359
-105.00 0.00 -0.0018069
-100.00 0.00 -0.00175062
-95.00 0.00 -0.0012402
-90.00 0.00 -0.0010536
-85.00 0.00 -0.00202851
-80.00 0.00 -0.00268587
-75.00 0.00 -0.00161586
-70.00 0.00 -0.00056913
-65.00 0.00 -0.00141906
-60.00 0.00 -0.0023985
-55.00 0.00 -0.00125217
-50.00 0.00 0.00058956
-45.00 0.00 0.00069111
-40.00 0.00 -0.00029943
-35.00 0.00 -0.0004275
-30.00 0.00 0.00019344
-25.00 0.00 0.00025632
-20.00 0.00 -0.00030921
-15.00 0.00 -0.00029355
-10.00 0.00 0.00122532
-5.00 0.00 0.00348213
0.00 0.00 0.00430581
5.00 0.00 0.00294195
10.00 0.00 0.00175968
15.00 0.00 0.00281829
20.00 0.00 0.00400674
25.00 0.00 0.00190233
30.00 0.00 -0.0025959
35.00 0.00 -0.00500841
40.00 0.00 -0.00317373
45.00 0.00 0.00034311
50.00 0.00 0.00164466
55.00 0.00 -0.00029934
60.00 0.00 -0.00303423
65.00 0.00 -0.00381576
70.00 0.00 -0.00279795
75.00 0.00 -0.00200562
80.00 0.00 -0.00201138
85.00 0.00 -0.00186705
90.00 0.00 -0.00142203
95.00 0.00 -0.00099588
100.00 0.00 3.606e-05
105.00 0.00 0.00168423
110.00 0.00 0.00227784
115.00 0.00 0.0012918
120.00 0.00 0.00052638
125.00 0.00 0.00062955
130.00 0.00 1.995e-05
135.00 0.00 -0.0013446
140.00 0.00 -0.00131829
145.00 0.00 0.00028971
150.00 0.00 0.00111807
155.00 0.00 0.00026604
160.00 0.00 -0.00086484
165.00 0.00 -0.00145308
170.00 0.00 -0.00179358
175.00 0.00 -0.00185754
180.00 0.00 -0.00165684
-180.00 5.00 -0.00112452
-175.00 5.00 -0.00133761
-170.00 5.00 -0.0015633
-165.00 5.00 -0.00140916
-160.00 5.00 -0.00106221
-155.00 5.00 -0.00110094
-150.00 5.00 -0.00141444
-145.00 5.00 -0.00154953
-140.00 5.00 -0.00150306
-135.00 5.00 -0.00136707
-130.00 5.00 -0.00122418
-125.00 5.00 -0.00149952
-120.00 5.00 -0.00217785
-115.00 5.00 -0.00241233
-110.00 5.00 -0.00212886
-105.00 5.00 -0.0023757
-100.00 5.00 -0.0030507
-95.00 5.00 -0.00275628
-90.00 5.00 -0.00164409
-85.00 5.00 -0.00134904
-80.00 5.00 -0.0018213
-75.00 5.00 -0.00159786
-70.00 5.00 -0.00091878
-65.00 5.00 -0.0010674
-60.00 5.00 -0.0014262
-55.00 5.00 -0.00058278
-50.00 5.00 0.00077511
-45.00 5.00 0.00102048
-40.00 5.00 0.00028491
-35.00 5.00 -0.0003078
-30.00 5.00 -0.00064794
-25.00 5.00 -0.00113997
-20.00 5.00 -0.00135687
-15.00 5.00 -0.00036387
-10.00 5.00 0.00196581
-5.00 5.00 0.0042108
0.00 5.00 0.00442491
5.00 5.00 0.00265176
10.00 5.00 0.00142806
15.00 5.00 0.00231783
20.00 5.00 0.00333243
25.00 5.00 0.00173016
30.00 5.00 -0.00198015
35.00 5.00 -0.00463563
40.00 5.00 -0.00397008
45.00 5.00 -0.00070596
50.00 5.00 0.00193095
55.00 5.00 0.00109506
60.00 5.00 -0.00228489
65.00 5.00 -0.0044037
70.00 5.00 -0.0036852
75.00 5.00 -0.0023508
80.00 5.00 -0.00209004
85.00 5.00 -0.0017469
90.00 5.00 -0.00035685
95.00 5.00 0.00110145
100.00 5.00 0.00178413
105.00 5.00 0.0018336
110.00 5.00 0.00128118
115.00 5.00 0.00044706
120.00 5.00 0.00021876
125.00 5.00 0.00026646
130.00 5.00 -0.00072366
135.00 5.00 -0.00208764
140.00 5.00 -0.00175236
145.00 5.00 -0.00019824
150.00 5.00 1.98e-06
155.00 5.00 -0.00138204
160.00 5.00 -0.0021561
165.00 5.00 -0.00162138
170.00 5.00 -0.00104274
175.00 5.00 -0.00100359
180.00 5.00 -0.00112452
-180.00 10.00 -0.00150993
-175.00 10.00 -0.00178344
-170.00 10.00 -0.00170223
-165.00 10.00 -0.00128316
-160.00 10.00 -0.00059682
-155.00 10.00 -7.506e-05
-150.00 10.00 -0.00014214
-145.00 10.00 -0.00099996
-140.00 10.00 -0.00234891
-135.00 10.00 -0.00313965
-130.00 10.00 -0.00265917
-125.00 10.00 -0.00171564
-120.00 10.00 -0.00148251
-115.00 10.00 -0.00193185
-110.00 10.00 -0.00272496
-105.00 10.00 -0.00410316
-100.00 10.00 -0.00545997
-95.00 10.00 -0.00512736
-90.00 10.00 -0.00300447
-85.00 10.00 -0.00111132
-80.00 10.00 -0.0005166
-75.00 10.00 -0.00021243
-70.00 10.00 0.00039267
-65.00 10.00 0.0005298
-60.00 10.00 8.43e-06
-55.00 10.00 -0.00026925
-50.00 10.00 7.047e-05
-45.00 10.00 0.00046065
-40.00 10.00 0.00042579
-35.00 10.00 -8.547e-05
-30.00 10.00 -0.00088332
-25.00 10.00 -0.00137538
-20.00 10.00 -0.00081423
-15.00 10.00 0.00090798
-10.00 10.00 0.00297825
-5.00 10.00 0.00415677
0.00 10.00 0.00370446
5.00 10.00 0.00224151
10.00 10.00 0.00127113
15.00 10.00 0.00137796
20.00 10.00 0.0015957
25.00 10.00 0.00079821
30.00 10.00 -0.00119004
35.00 10.00 -0.00351615
40.00 10.00 -0.00429111
45.00 10.00 -0.00206931
50.00 10.00 0.00125763
55.00 10.00 0.00155082
60.00 10.00 -0.00172014
65.00 10.00 -0.00411999
70.00 10.00 -0.0029328
75.00 10.00 -0.00095838
80.00 10.00 -0.00103152
85.00 10.00 -0.00143583
90.00 10.00 9.627e-05
95.00 10.00 0.00204192
100.00 10.00 0.00187344
105.00 10.00 4.644e-05
110.00 10.00 -0.00114045
115.00 10.00 -0.00064134
120.00 10.00 0.00057381
125.00 10.00 0.00081402
130.00 10.00 -0.00029553
135.00 10.00 -0.00105093
140.00 10.00 -0.00016188
145.00 10.00 0.00078969
150.00 10.00 -0.00024561
155.00 10.00 -0.00210651
160.00 10.00 -0.00221757
165.00 10.00 -0.00079614
170.00 10.00 -9.9e-05
175.00 10.00 -0.00073101
180.00 10.00 -0.00150993
-180.00 15.00 -0.00216972
-175.00 15.00 -0.00243504
-170.00 15.00 -0.00222129
-165.00 15.00 -0.0019038
-160.00 15.00 -0.00166638
-155.00 15.00 -0.00157905
-150.00 15.00 -0.00168897
-145.00 15.00 -0.00230067
-140.00 15.00 -0.0035523
-135.00 15.00 -0.00452811
-130.00 15.00 -0.00403449
-125.00 15.00 -0.00245775
-120.00 15.00 -0.00144687
-115.00 15.00 -0.00178413
-110.00 15.00 -0.00294027
-105.00 15.00 -0.00425373
-100.00 15.00 -0.00512781
-95.00 15.00 -0.00481665
-90.00 15.00 -0.00334407
-85.00 15.00 -0.00180144
-80.00 15.00 -0.00084819
-75.00 15.00 -1.788e-05
-70.00 15.00 0.00093117
-65.00 15.00 0.00131166
-60.00 15.00 0.00067203
-55.00 15.00 -0.00043101
-50.00 15.00 -0.00115611
-45.00 15.00 -0.00118995
-40.00 15.00 -0.00085503
-35.00 15.00 -0.00077442
-30.00 15.00 -0.00113961
-25.00 15.00 -0.00121359
-20.00 15.00 -9.723e-05
-15.00 15.00 0.00194868
-10.00 15.00 0.00349098
-5.00 15.00 0.00339549
0.00 15.00 0.00202551
5.00 15.00 0.00074991
10.00 15.00 0.00033966
15.00 15.00 0.00035361
20.00 15.00 0.00024393
25.00 15.00 -3.99e-06
30.00 15.00 -0.00077706
35.00 15.00 -0.00253311
40.00 15.00 -0.00375624
45.00 15.00 -0.0020112
50.00 15.00 0.00153711
55.00 15.00 0.00234372
60.00 15.00 -0.00069288
65.00 15.00 -0.00300273
70.00 15.00 -0.00161733
75.00 15.00 0.00026673
80.00 15.00 -0.00061131
85.00 15.00 -0.0019791
90.00 15.00 -0.00071358
95.00 15.00 0.00126285
100.00 15.00 0.00030354
105.00 15.00 -0.00280011
110.00 15.00 -0.00408528
115.00 15.00 -0.00219681
120.00 15.00 0.00025113
125.00 15.00 0.00064542
130.00 15.00 -0.00037434
135.00 15.00 -0.00035388
140.00 15.00 0.00112089
145.00 15.00 0.00170001
150.00 15.00 -1.62e-06
155.00 15.00 -0.00199335
160.00 15.00 -0.00190773
165.00 15.00 -0.00051804
170.00 15.00 -0.00014031
175.00 15.00 -0.0011487
180.00 15.00 -0.00216972
-180.00 20.00 -0.00250944
-175.00 20.00 -0.00251139
-170.00 20.00 -0.00258972
-165.00 20.00 -0.00293946
-160.00 20.00 -0.00350898
-155.00 20.00 -0.00382041
-150.00 20.00 -0.00332085
-145.00 20.00 -0.0024675
-140.00 20.00 -0.00250188
-135.00 20.00 -0.0034995
-130.00 20.00 -0.00395946
-125.00 20.00 -0.0030837
-120.00 20.00 -0.00200223
-115.00 20.00 -0.00189813
-110.00 20.00 -0.00232296
-105.00 20.00 -0.00226356
-100.00 20.00 -0.00175152
-95.00 20.00 -0.00155559
-90.00 20.00 -0.00192924
-85.00 20.00 -0.00228903
-80.00 20.00 -0.00194481
-75.00 20.00 -0.00089775
-70.00 20.00 0.00014352
-65.00 20.00 0.00051591
-60.00 20.00 0.00013767
-55.00 20.00 -0.0007251
-50.00 20.00 -0.0017145
-45.00 20.00 -0.0022872
-40.00 20.00 -0.00206604
-35.00 20.00 -0.00149649
-30.00 20.00 -0.00137721
-25.00 20.00 -0.00150477
-20.00 20.00 -0.00071418
-15.00 20.00 0.00124395
-10.00 20.00 0.00275226
-5.00 20.00 0.00215493
0.00 20.00 6.882e-05
5.00 20.00 -0.00125082
10.00 20.00 -0.00078711
15.00 20.00 0.00028857
20.00 20.00 0.00072504
25.00 20.00 0.00056385
30.00 20.00 -8.334e-05
35.00 20.00 -0.0014112
40.00 20.00 -0.00219312
45.00 20.00 -0.00047382
50.00 20.00 0.00265056
55.00 20.00 0.00325038
60.00 20.00 0.00039294
65.00 20.00 -0.00198015
70.00 20.00 -0.00125946
75.00 20.00 -6.669e-05
80.00 20.00 -0.00105573
85.00 20.00 -0.00214977
90.00 20.00 -0.00072933
95.00 20.00 0.00115197
100.00 20.00 1.758e-05
105.00 20.00 -0.0031302
110.00 20.00 -0.00427614
115.00 20.00 -0.00238068
120.00 20.00 -0.00035988
125.00 20.00 -0.00041973
130.00 20.00 -0.00126345
135.00 20.00 -0.00067887
140.00 20.00 0.00097248
145.00 20.00 0.0014166
150.00 20.00 -8.61e-05
155.00 20.00 -0.00179124
160.00 20.00 -0.00216681
165.00 20.00 -0.00178038
170.00 20.00 -0.00181206
175.00 20.00 -0.00225765
180.00 20.00 -0.00250944
-180.00 25.00 -0.00222342
-175.00 25.00 -0.0018654
-170.00 25.00 -0.00221769
-165.00 25.00 -0.00298245
-160.00 25.00 -0.00368163
-155.00 25.00 -0.00365529
-150.00 25.00 -0.00241476
-145.00 25.00 -0.0007671
-140.00 25.00 -0.00050928
-135.00 25.00 -0.00206388
-130.00 25.00 -0.00360183
-125.00 25.00 -0.00355308
-120.00 25.00 -0.00268983
-115.00 25.00 -0.00245427
-110.00 25.00 -0.00249879
-105.00 25.00 -0.00155184
-100.00 25.00 6.792e-05
-95.00 25.00 0.00061092
-90.00 25.00 -0.00052053
-85.00 25.00 -0.0018612
-80.00 25.00 -0.00195222
-75.00 25.00 -0.00117075
-70.00 25.00 -0.00077289
-65.00 25.00 -0.00098334
-60.00 25.00 -0.0011109
-55.00 25.00 -0.00105663
-50.00 25.00 -0.00137649
-45.00 25.00 -0.00192114
-40.00 25.00 -0.00181644
-35.00 25.00 -0.00109458
-30.00 25.00 -0.00095202
-25.00 25.00 -0.00171657
-20.00 25.00 -0.00187077
-15.00 25.00 -0.00025467
-10.00 25.00 0.00173205
-5.00 25.00 0.00171276
0.00 25.00 -0.00025575
5.00 25.00 -0.00159315
10.00 25.00 -0.00071088
15.00 25.00 0.0011025
20.00 25.00 0.00190398
25.00 25.00 0.00147711
30.00 25.00 0.00059982
35.00 25.00 -0.00028137
40.00 25.00 -0.00050826
45.00 25.00 0.00076716
50.00 25.00 0.00267798
55.00 25.00 0.00276114
60.00 25.00 0.0004602
65.00 25.00 -0.00162825
70.00 25.00 -0.00154818
75.00 25.00 -0.00060933
80.00 25.00 -0.00046512
85.00 25.00 -0.00023595
90.00 25.00 0.00115788
95.00 25.00 0.00222006
100.00 25.00 0.00114162
105.00 25.00 -0.00092946
110.00 25.00 -0.00153369
115.00 25.00 -0.00062892
120.00 25.00 -0.000225
125.00 25.00 -0.00096498
130.00 25.00 -0.0013608
135.00 25.00 -0.00045162
140.00 25.00 0.00067074
145.00 25.00 0.00059277
150.00 25.00 -0.00049842
155.00 25.00 -0.00151149
160.00 25.00 -0.00213873
165.00 25.00 -0.00274755
170.00 25.00 -0.00318642
175.00 25.00 -0.00293877
180.00 25.00 -0.00222342
-180.00 30.00 -0.0017871
-175.00 30.00 -0.00151707
-170.00 30.00 -0.00188172
-165.00 30.00 -0.00229452
-160.00 30.00 -0.0022464
-155.00 30.00 -0.00159171
-150.00 30.00 -0.00056397
-145.00 30.00 -8.22e-05
-140.00 30.00 -0.00118881
-135.00 30.00 -0.00344844
-130.00 30.00 -0.0048666
-125.00 30.00 -0.00433752
-120.00 30.00 -0.00319896
-115.00 30.00 -0.00319311
-110.00 30.00 -0.00381543
-105.00 30.00 -0.00323991
-100.00 30.00 -0.00133083
-95.00 30.00 4.779e-05
-90.00 30.00 -0.00021183
-85.00 30.00 -0.00105891
-80.00 30.00 -0.00120339
-75.00 30.00 -0.00100953
-70.00 30.00 -0.00143871
-65.00 30.00 -0.00215046
-60.00 30.00 -0.0020574
-55.00 30.00 -0.00125532
-50.00 30.00 -0.00089385
-45.00 30.00 -0.00120153
-40.00 30.00 -0.00116751
-35.00 30.00 -0.0005169
-30.00 30.00 -0.00045972
-25.00 30.00 -0.00159669
-20.00 30.00 -0.0023928
-15.00 30.00 -0.00115116
-10.00 30.00 0.00126426
-5.00 30.00 0.0023478
0.00 30.00 0.00139764
5.00 30.00 0.00033204
10.00 30.00 0.00074667
15.00 30.00 0.00181863
20.00 30.00 0.00196461
25.00 30.00 0.00115884
30.00 30.00 0.00044691
35.00 30.00 0.00025347
40.00 30.00 0.00039831
45.00 30.00 0.0008874
50.00 30.00 0.0014742
55.00 30.00 0.0012444
60.00 30.00 -0.00016002
65.00 30.00 -0.00157968
70.00 30.00 -0.00164418
75.00 30.00 -0.000399
80.00 30.00 0.00115797
85.00 30.00 0.00230613
90.00 30.00 0.00261918
95.00 30.00 0.00180351
100.00 30.00 0.00042414
105.00 30.00 -0.00018498
110.00 30.00 0.00036162
115.00 30.00 0.00081582
120.00 30.00 0.00021633
125.00 30.00 -0.00052455
130.00 30.00 -9.291e-05
135.00 30.00 0.00101076
140.00 30.00 0.00113658
145.00 30.00 -3.945e-05
150.00 30.00 -0.00116736
155.00 30.00 -0.00138192
160.00 30.00 -0.00140076
165.00 30.00 -0.00200259
170.00 30.00 -0.00264987
175.00 30.00 -0.00248124
180.00 30.00 -0.0017871
-180.00 35.00 -0.00182532
-175.00 35.00 -0.00204546
-170.00 35.00 -0.00238299
-165.00 35.00 -0.00223563
-160.00 35.00 -0.00139338
-155.00 35.00 -0.00040896
-150.00 35.00 -0.00019509
-145.00 35.00 -0.00143064
-140.00 35.00 -0.00388767
-135.00 35.00 -0.00606861
-130.00 35.00 -0.00622689
-125.00 35.00 -0.00436155
-120.00 35.00 -0.00257361
-115.00 35.00 -0.00265512
-110.00 35.00 -0.00385068
-105.00 35.00 -0.00397854
-100.00 35.00 -0.00239646
-95.00 35.00 -0.00065247
-90.00 35.00 -0.000201
-85.00 35.00 -0.00074442
-80.00 35.00 -0.00127863
-75.00 35.00 -0.00162927
-70.00 35.00 -0.00206736
-65.00 35.00 -0.00221604
-60.00 35.00 -0.00152268
-55.00 35.00 -0.00049302
-50.00 35.00 -0.00026676
-45.00 35.00 -0.00093027
-40.00 35.00 -0.00136761
-35.00 35.00 -0.00107718
-30.00 35.00 -0.00100791
-25.00 35.00 -0.00189528
-20.00 35.00 -0.0027189
-15.00 35.00 -0.00193521
-10.00 35.00 0.00023778
-5.00 35.00 0.00199572
0.00 35.00 0.00232905
5.00 35.00 0.0020142
10.00 35.00 0.00198315
15.00 35.00 0.00192426
20.00 35.00 0.00120324
25.00 35.00 0.00021798
30.00 35.00 -0.00014289
35.00 35.00 0.00016758
40.00 35.00 0.0005016
45.00 35.00 0.00061941
50.00 35.00 0.0007239
55.00 35.00 0.00062718
60.00 35.00 -0.00014361
65.00 35.00 -0.00131025
70.00 35.00 -0.00168849
75.00 35.00 -0.00045582
80.00 35.00 0.0016899
85.00 35.00 0.00291456
90.00 35.00 0.00193995
95.00 35.00 -0.00052779
100.00 35.00 -0.00227025
105.00 35.00 -0.00185001
110.00 35.00 -0.0002274
115.00 35.00 0.0005502
120.00 35.00 8.187e-05
125.00 35.00 -2.856e-05
130.00 35.00 0.00121935
135.00 35.00 0.00249297
140.00 35.00 0.00191769
145.00 35.00 -0.00023604
150.00 35.00 -0.00190143
155.00 35.00 -0.00194688
160.00 35.00 -0.00129357
165.00 35.00 -0.00119247
170.00 35.00 -0.00159963
175.00 35.00 -0.00182139
180.00 35.00 -0.00182532
-180.00 40.00 -0.00164073
-175.00 40.00 -0.00202851
-170.00 40.00 -0.00243819
-165.00 40.00 -0.00229857
-160.00 40.00 -0.00147459
-155.00 40.00 -0.00064869
-150.00 40.00 -0.00083166
-145.00 40.00 -0.00244146
-140.00 40.00 -0.00469563
-135.00 40.00 -0.00594504
-130.00 40.00 -0.0050403
-125.00 40.00 -0.00263364
-120.00 40.00 -0.00077163
-115.00 40.00 -0.00080085
-110.00 40.00 -0.00193542
-105.00 40.00 -0.00234549
-100.00 40.00 -0.0014205
-95.00 40.00 -0.00032169
-90.00 40.00 -0.0003354
-85.00 40.00 -0.00139764
-80.00 40.00 -0.00249156
-75.00 40.00 -0.002862
-70.00 40.00 -0.00236532
-65.00 40.00 -0.00112812
-60.00 40.00 0.00042135
-55.00 40.00 0.00137778
-50.00 40.00 0.00098718
-45.00 40.00 -0.00039741
-40.00 40.00 -0.00156126
-35.00 40.00 -0.00185667
-30.00 40.00 -0.00187377
-25.00 40.00 -0.00236226
-20.00 40.00 -0.00300132
-15.00 40.00 -0.00283245
-10.00 40.00 -0.00163803
-5.00 40.00 -0.0002055
0.00 40.00 0.00074877
5.00 40.00 0.00125064
10.00 40.00 0.00151461
15.00 40.00 0.00138504
20.00 40.00 0.00074949
25.00 40.00 4.209e-05
30.00 40.00 -0.00019584
35.00 40.00 -2.43e-06
40.00 40.00 0.00023829
45.00 40.00 0.00048783
50.00 40.00 0.00092466
55.00 40.00 0.00121362
60.00 40.00 0.00062565
65.00 40.00 -0.000813
70.00 40.00 -0.00182379
75.00 40.00 -0.00113535
80.00 40.00 0.00081534
85.00 40.00 0.00198438
90.00 40.00 0.00086406
95.00 40.00 -0.00170427
100.00 40.00 -0.00333525
105.00 40.00 -0.00275964
110.00 40.00 -0.00113709
115.00 40.00 -0.00035439
120.00 40.00 -0.00055386
125.00 40.00 -0.00020946
130.00 40.00 0.00142533
135.00 40.00 0.00298593
140.00 40.00 0.00266241
145.00 40.00 0.00052275
150.00 40.00 -0.00162939
155.00 40.00 -0.00242721
160.00 40.00 -0.00214158
165.00 40.00 -0.00173256
170.00 40.00 -0.00157833
175.00 40.00 -0.00153894
180.00 40.00 -0.00164073
-180.00 45.00 -0.00020571
-175.00 45.00 -0.00019026
-170.00 45.00 -0.00066168
-165.00 45.00 -0.00109023
-160.00 45.00 -0.001098
-155.00 45.00 -0.00090504
-150.00 45.00 -0.00111768
-145.00 45.00 -0.00203964
-140.00 45.00 -0.00319155
-135.00 45.00 -0.00360168
-130.00 45.00 -0.00273183
-125.00 45.00 -0.00114183
-120.00 45.00 -5.139e-05
-115.00 45.00 -0.00011508
-110.00 45.00 -0.00077778
-105.00 45.00 -0.00102291
-100.00 45.00 -0.00062337
-95.00 45.00 -0.00035991
-90.00 45.00 -0.00099924
-85.00 45.00 -0.00234684
-80.00 45.00 -0.00342708
-75.00 45.00 -0.00337869
-70.00 45.00 -0.00204426
-65.00 45.00 4.95e-05
-60.00 45.00 0.0019758
-55.00 45.00 0.00280797
-50.00 45.00 0.00218127
-45.00 45.00 0.00064191
-40.00 45.00 -0.00076461
-35.00 45.00 -0.00142083
-30.00 45.00 -0.00156609
-25.00 45.00 -0.00175266
-20.00 45.00 -0.0020964
-15.00 45.00 -0.00226455
-10.00 45.00 -0.00203814
-5.00 45.00 -0.00156723
0.00 45.00 -0.00106986
5.00 45.00 -0.00057216
10.00 45.00 -5.853e-05
15.00 45.00 0.00034611
20.00 45.00 0.00051333
25.00 45.00 0.0004926
30.00 45.00 0.00040959
35.00 45.00 0.00032046
40.00 45.00 0.00032853
45.00 45.00 0.00066663
50.00 45.00 0.00134724
55.00 45.00 0.00179217
60.00 45.00 0.0012417
65.00 45.00 -0.00024105
70.00 45.00 -0.00146424
75.00 45.00 -0.00122073
80.00 45.00 0.00028203
85.00 45.00 0.00145848
90.00 45.00 0.00101796
95.00 45.00 -0.00061179
100.00 45.00 -0.00183597
105.00 45.00 -0.00176523
110.00 45.00 -0.0010953
115.00 45.00 -0.00094605
120.00 45.00 -0.0012585
125.00 45.00 -0.00089442
130.00 45.00 0.00072144
135.00 45.00 0.00262629
140.00 45.00 0.00327825
145.00 45.00 0.0021789
150.00 45.00 0.00020877
155.00 45.00 -0.00143808
160.00 45.00 -0.00221931
165.00 45.00 -0.00220707
170.00 45.00 -0.00163656
175.00 45.00 -0.0008142
180.00 45.00 -0.00020571
-180.00 50.00 0.00150999
-175.00 50.00 0.00197523
-170.00 50.00 0.00160329
-165.00 50.00 0.00076758
-160.00 50.00 -1.851e-05
-155.00 50.00 -0.0005397
-150.00 50.00 -0.00095514
-145.00 50.00 -0.00148518
-140.00 50.00 -0.00207684
-135.00 50.00 -0.00242187
-130.00 50.00 -0.00230928
-125.00 50.00 -0.00189966
-120.00 50.00 -0.00156795
-115.00 50.00 -0.00147336
-110.00 50.00 -0.0013887
-105.00 50.00 -0.00103752
-100.00 50.00 -0.00053811
-95.00 50.00 -0.00037569
-90.00 50.00 -0.000885
-85.00 50.00 -0.00182406
-80.00 50.00 -0.00250425
-75.00 50.00 -0.00231882
-70.00 50.00 -0.00116634
-65.00 50.00 0.00050913
-60.00 50.00 0.0019815
-55.00 50.00 0.00262404
-50.00 50.00 0.00224607
-45.00 50.00 0.00119382
-40.00 50.00 9.426e-05
-35.00 50.00 -0.00058389
-30.00 50.00 -0.00076857
-25.00 50.00 -0.00065166
-20.00 50.00 -0.00042777
-15.00 50.00 -0.00021384
-10.00 50.00 -0.00012738
-5.00 50.00 -0.00028068
0.00 50.00 -0.00064317
5.00 50.00 -0.00098382
10.00 50.00 -0.00102303
15.00 50.00 -0.00064776
20.00 50.00 1.626e-05
25.00 50.00 0.00069774
30.00 50.00 0.00114432
35.00 50.00 0.00128751
40.00 50.00 0.00131214
45.00 50.00 0.00149028
50.00 50.00 0.00183393
55.00 50.00 0.00194907
60.00 50.00 0.00140757
65.00 50.00 0.00034227
70.00 50.00 -0.00047046
75.00 50.00 -0.0003153
80.00 50.00 0.00066249
85.00 50.00 0.00151497
90.00 50.00 0.00143499
95.00 50.00 0.00054777
100.00 50.00 -0.00034869
105.00 50.00 -0.00074157
110.00 50.00 -0.00087657
115.00 50.00 -0.0012087
120.00 50.00 -0.00160344
125.00 50.00 -0.00136104
130.00 50.00 -6.363e-05
135.00 50.00 0.00179229
140.00 50.00 0.00312828
145.00 50.00 0.00318021
150.00 50.00 0.00202356
155.00 50.00 0.00036948
160.00 50.00 -0.00095919
165.00 50.00 -0.00140514
170.00 50.00 -0.00084543
175.00 50.00 0.00035904
180.00 50.00 0.00150999
-180.00 55.00 0.00163713
-175.00 55.00 0.00220494
-170.00 55.00 0.00214434
-165.00 55.00 0.00159732
-160.00 55.00 0.00088971
-155.00 55.00 0.00025377
-150.00 55.00 -0.0003015
-145.00 55.00 -0.00089436
-140.00 55.00 -0.00158085
-135.00 55.00 -0.00226506
-130.00 55.00 -0.00276984
-125.00 55.00 -0.00296004
-120.00 55.00 -0.00278634
-115.00 55.00 -0.00224856
-110.00 55.00 -0.00138648
-105.00 55.00 -0.00034629
-100.00 55.00 0.00057978
-95.00 55.00 0.00106305
-90.00 55.00 0.00095778
-85.00 55.00 0.00043599
-80.00 55.00 -0.00010092
-75.00 55.00 -0.00027066
-70.00 55.00 7.104e-05
-65.00 55.00 0.00077211
-60.00 55.00 0.00148377
-55.00 55.00 0.00183936
-50.00 55.00 0.00162849
-45.00 55.00 0.00089358
-40.00 55.00 -9.555e-05
-35.00 55.00 -0.00096771
-30.00 55.00 -0.00140301
-25.00 55.00 -0.00124842
-20.00 55.00 -0.0005808
-15.00 55.00 0.00029424
-10.00 55.00 0.00094527
-5.00 55.00 0.00102564
0.00 55.00 0.0004884
5.00 55.00 -0.00035595
10.00 55.00 -0.00100914
15.00 55.00 -0.00107721
20.00 55.00 -0.00048948
25.00 55.00 0.0004908
30.00 55.00 0.00145398
35.00 55.00 0.00209427
40.00 55.00 0.00234726
45.00 55.00 0.00232293
50.00 55.00 0.00211926
55.00 55.00 0.00172692
60.00 55.00 0.00114036
65.00 55.00 0.00053427
70.00 55.00 0.00023802
75.00 55.00 0.00045264
80.00 55.00 0.00099588
85.00 55.00 0.00140022
90.00 55.00 0.00131931
95.00 55.00 0.00082563
100.00 55.00 0.00027753
105.00 55.00 -8.19e-05
110.00 55.00 -0.00032694
115.00 55.00 -0.00063519
120.00 55.00 -0.00094407
125.00 55.00 -0.00091512
130.00 55.00 -0.00027264
135.00 55.00 0.00085074
140.00 55.00 0.0019284
145.00 55.00 0.00239628
150.00 55.00 0.00203037
155.00 55.00 0.00107028
160.00 55.00 6.192e-05
165.00 55.00 -0.00044541
170.00 55.00 -0.00018876
175.00 55.00 0.00066852
180.00 55.00 0.00163713
-180.00 60.00 0.00040167
-175.00 60.00 0.00077793
-170.00 60.00 0.00101586
-165.00 60.00 0.00110391
-160.00 60.00 0.00109116
-155.00 60.00 0.00099816
-150.00 60.00 0.00077676
-145.00 60.00 0.00035571
-140.00 60.00 -0.00027051
-135.00 60.00 -0.00098781
-130.00 60.00 -0.00158805
-125.00 60.00 -0.00185412
-120.00 60.00 -0.00165042
-115.00 60.00 -0.00097674
-110.00 60.00 2.364e-05
-105.00 60.00 0.00109854
-100.00 60.00 0.00196158
-95.00 60.00 0.00239502
-90.00 60.00 0.0023412
-85.00 60.00 0.00192987
-80.00 60.00 0.00141807
-75.00 60.00 0.00106959
-70.00 60.00 0.00103554
-65.00 60.00 0.00128769
-60.00 60.00 0.00162693
-55.00 60.00 0.00176148
-50.00 60.00 0.00143091
-45.00 60.00 0.00053397
-40.00 60.00 -0.00079443
-35.00 60.00 -0.00220272
-30.00 60.00 -0.00324792
-25.00 60.00 -0.00358461
-20.00 60.00 -0.00313338
-15.00 60.00 -0.00213666
-10.00 60.00 -0.0010539
-5.00 60.00 -0.00033444
0.00 60.00 -0.00018828
5.00 60.00 -0.00048912
10.00 60.00 -0.00086838
15.00 60.00 -0.00094059
20.00 60.00 -0.00052074
25.00 60.00 0.00029142
30.00 60.00 0.00119391
35.00 60.00 0.00186117
40.00 60.00 0.00210057
45.00 60.00 0.0019047
50.00 60.00 0.0014043
55.00 60.00 0.00079032
60.00 60.00 0.00026049
65.00 60.00 -1.494e-05
70.00 60.00 5.661e-05
75.00 60.00 0.00043071
80.00 60.00 0.00092337
85.00 60.00 0.0013092
90.00 60.00 0.00146571
95.00 60.00 0.00143835
100.00 60.00 0.00136026
105.00 60.00 0.0013044
110.00 60.00 0.00121848
115.00 60.00 0.00100818
120.00 60.00 0.00067743
125.00 60.00 0.00037308
130.00 60.00 0.0002811
135.00 60.00 0.00046812
140.00 60.00 0.00081036
145.00 60.00 0.00106893
150.00 60.00 0.00104832
155.00 60.00 0.00072291
160.00 60.00 0.0002517
165.00 60.00 -0.00012039
170.00 60.00 -0.0002085
175.00 60.00 1.017e-05
180.00 60.00 0.00040167
-180.00 65.00 -0.00045591
-175.00 65.00 -0.00046686
-170.00 65.00 -0.00030903
-165.00 65.00 -1.11e-05
-160.00 65.00 0.0003624
-155.00 65.00 0.00071403
-150.00 65.00 0.00093552
-145.00 65.00 0.00094875
-140.00 65.00 0.00074643
-135.00 65.00 0.00040713
-130.00 65.00 7.104e-05
-125.00 65.00 -0.00011517
-120.00 65.00 -5.913e-05
-115.00 65.00 0.00023865
-110.00 65.00 0.0006843
-105.00 65.00 0.00112806
-100.00 65.00 0.0014241
-95.00 65.00 0.00149004
-90.00 65.00 0.00134163
-85.00 65.00 0.00108819
-80.00 65.00 0.00088776
-75.00 65.00 0.00087804
-70.00 65.00 0.0011088
-65.00 65.00 0.00150231
-60.00 65.00 0.00186096
-55.00 65.00 0.00192672
-50.00 65.00 0.00147843
-45.00 65.00 0.00043326
-40.00 65.00 -0.00109044
-35.00 65.00 -0.00278544
-30.00 65.00 -0.0042495
-25.00 65.00 -0.00513
-20.00 65.00 -0.0052572
-15.00 65.00 -0.00470325
-10.00 65.00 -0.00373569
-5.00 65.00 -0.002688
0.00 65.00 -0.00181329
5.00 65.00 -0.00119577
10.00 65.00 -0.00076038
15.00 65.00 -0.00036351
20.00 65.00 9.504e-05
25.00 65.00 0.00060429
30.00 65.00 0.00105105
35.00 65.00 0.00128994
40.00 65.00 0.00122808
45.00 65.00 0.00087801
50.00 65.00 0.00035754
55.00 65.00 -0.00015474
60.00 65.00 -0.00048306
65.00 65.00 -0.00051303
70.00 65.00 -0.0002262
75.00 65.00 0.00030015
80.00 65.00 0.00093069
85.00 65.00 0.00153087
90.00 65.00 0.00201717
95.00 65.00 0.0023679
100.00 65.00 0.00259278
105.00 65.00 0.00269052
110.00 65.00 0.00263472
115.00 65.00 0.00240237
120.00 65.00 0.0020187
125.00 65.00 0.00157521
130.00 65.00 0.00119763
135.00 65.00 0.00098193
140.00 65.00 0.00094191
145.00 65.00 0.00100317
150.00 65.00 0.0010464
155.00 65.00 0.00097104
160.00 65.00 0.0007425
165.00 65.00 0.00039993
170.00 65.00 2.892e-05
175.00 65.00 -0.00027906
180.00 65.00 -0.00045591
-180.00 70.00 -0.00045489
-175.00 70.00 -0.00086076
-170.00 70.00 -0.00107847
-165.00 70.00 -0.00109371
-160.00 70.00 -0.00093846
-155.00 70.00 -0.00067977
-150.00 70.00 -0.00039873
-145.00 70.00 -0.00016518
-140.00 70.00 -1.8e-05
-135.00 70.00 4.224e-05
-130.00 70.00 4.521e-05
-125.00 70.00 3.156e-05
-120.00 70.00 3.168e-05
-115.00 70.00 5.226e-05
-110.00 70.00 7.641e-05
-105.00 70.00 7.725e-05
-100.00 70.00 3.777e-05
-95.00 70.00 -3.222e-05
-90.00 70.00 -9.165e-05
-85.00 70.00 -7.932e-05
-80.00 70.00 6.093e-05
-75.00 70.00 0.00035016
-70.00 70.00 0.00075054
-65.00 70.00 0.00115896
-60.00 70.00 0.00142467
-55.00 70.00 0.00138942
-50.00 70.00 0.00094017
-45.00 70.00 5.679e-05
-40.00 70.00 -0.00116394
-35.00 70.00 -0.00252168
-30.00 70.00 -0.00376263
-25.00 70.00 -0.00465078
-20.00 70.00 -0.00503448
-15.00 70.00 -0.00488304
-10.00 70.00 -0.00428085
-5.00 70.00 -0.00338505
0.00 70.00 -0.00236799
5.00 70.00 -0.00136974
10.00 70.00 -0.0004773
15.00 70.00 0.00026793
20.00 70.00 0.00084747
25.00 70.00 0.00124563
30.00 70.00 0.00144432
35.00 70.00 0.00143397
40.00 70.00 0.00123123
45.00 70.00 0.00089091
50.00 70.00 0.00050226
55.00 70.00 0.00016992
60.00 70.00 -1.431e-05
65.00 70.00 3.15e-06
70.00 70.00 0.00022464
75.00 70.00 0.00060495
80.00 70.00 0.00106974
85.00 70.00 0.00153951
90.00 70.00 0.00194919
95.00 70.00 0.00225684
100.00 70.00 0.00244161
105.00 70.00 0.00249804
110.00 70.00 0.00243351
115.00 70.00 0.00227109
120.00 70.00 0.00205317
125.00 70.00 0.00183768
130.00 70.00 0.00168327
135.00 70.00 0.00162735
140.00 70.00 0.00166764
145.00 70.00 0.0017577
150.00 70.00 0.00182028
155.00 70.00 0.0017742
160.00 70.00 0.00156357
165.00 70.00 0.00117795
170.00 70.00 0.00065724
175.00 70.00 8.073e-05
180.00 70.00 -0.00045489
-180.00 75.00 -0.00038931
-175.00 75.00 -0.00084579
-170.00 75.00 -0.00120621
-165.00 75.00 -0.00143931
-160.00 75.00 -0.00153603
-155.00 75.00 -0.00150798
-150.00 75.00 -0.00138168
-145.00 75.00 -0.00119067
-140.00 75.00 -0.00096801
-135.00 75.00 -0.00074109
-130.00 75.00 -0.00052956
-125.00 75.00 -0.00034563
-120.00 75.00 -0.00019581
-115.00 75.00 -8.25e-05
-110.00 75.00 -4.14e-06
-105.00 75.00 4.533e-05
-100.00 75.00 7.752e-05
-95.00 75.00 0.00010899
-90.00 75.00 0.00015795
-85.00 75.00 0.0002385
-80.00 75.00 0.00035304
-75.00 75.00 0.00048612
-70.00 75.00 0.00060195
-65.00 75.00 0.00064845
-60.00 75.00 0.0005679
-55.00 75.00 0.00031233
-50.00 75.00 -0.00014004
-45.00 75.00 -0.00077295
-40.00 75.00 -0.00152883
-35.00 75.00 -0.00231615
-30.00 75.00 -0.00302673
-25.00 75.00 -0.00355791
-20.00 75.00 -0.00383373
-15.00 75.00 -0.00381948
-10.00 75.00 -0.00352551
-5.00 75.00 -0.00300099
0.00 75.00 -0.0023202
5.00 75.00 -0.00156663
10.00 75.00 -0.00081927
15.00 75.00 -0.00014355
20.00 75.00 0.00041283
25.00 75.00 0.00082095
30.00 75.00 0.00107022
35.00 75.00 0.00116787
40.00 75.00 0.00113751
45.00 75.00 0.00101631
50.00 75.00 0.00084948
55.00 75.00 0.00068253
60.00 75.00 0.00055299
65.00 75.00 0.00048396
70.00 75.00 0.00048129
75.00 75.00 0.00053517
80.00 75.00 0.00062508
85.00 75.00 0.00072657
90.00 75.00 0.0008175
95.00 75.00 0.00088278
100.00 75.00 0.0009165
105.00 75.00 0.00092256
110.00 75.00 0.00091323
115.00 75.00 0.00090654
120.00 75.00 0.00092202
125.00 75.00 0.00097563
130.00 75.00 0.00107382
135.00 75.00 0.00120924
140.00 75.00 0.0013587
145.00 75.00 0.0014859
150.00 75.00 0.00154788
155.00 75.00 0.0015051
160.00 75.00 0.00133191
165.00 75.00 0.00102444
170.00 75.00 0.0006039
175.00 75.00 0.00011364
180.00 75.00 -0.00038931
-180.00 80.00 -0.00072438
-175.00 80.00 -0.00088536
-170.00 80.00 -0.00101721
-165.00 80.00 -0.00110472
-160.00 80.00 -0.00113808
-155.00 80.00 -0.00111363
-150.00 80.00 -0.00103377
-145.00 80.00 -0.00090585
-140.00 80.00 -0.00074109
-135.00 80.00 -0.00055263
-130.00 80.00 -0.00035418
-125.00 80.00 -0.00015861
-120.00 80.00 2.286e-05
-115.00 80.00 0.00018135
-110.00 80.00 0.00031059
-105.00 80.00 0.00040689
-100.00 80.00 0.00046848
-95.00 80.00 0.00049461
-90.00 80.00 0.00048453
-85.00 80.00 0.00043683
-80.00 80.00 0.0003486
-75.00 80.00 0.00021522
-70.00 80.00 3.111e-05
-65.00 80.00 -0.00020859
-60.00 80.00 -0.00050589
-55.00 80.00 -0.00085794
-50.00 80.00 -0.0012552
-45.00 80.00 -0.00168081
-40.00 80.00 -0.0021108
-35.00 80.00 -0.00251655
-30.00 80.00 -0.00286827
-25.00 80.00 -0.00313884
-20.00 80.00 -0.00330762
-15.00 80.00 -0.0033633
-10.00 80.00 -0.00330555
-5.00 80.00 -0.00314472
0.00 80.00 -0.00290004
5.00 80.00 -0.00259674
10.00 80.00 -0.00226275
15.00 80.00 -0.00192537
20.00 80.00 -0.0016086
25.00 80.00 -0.00133101
30.00 80.00 -0.00110484
35.00 80.00 -0.00093558
40.00 80.00 -0.00082248
45.00 80.00 -0.0007599
50.00 80.00 -0.00073881
55.00 80.00 -0.00074856
60.00 80.00 -0.00077847
65.00 80.00 -0.00081903
70.00 80.00 -0.00086292
75.00 80.00 -0.00090522
80.00 80.00 -0.00094269
85.00 80.00 -0.00097305
90.00 80.00 -0.00099429
95.00 80.00 -0.00100407
100.00 80.00 -0.00099954
105.00 80.00 -0.00097731
110.00 80.00 -0.00093399
115.00 80.00 -0.00086733
120.00 80.00 -0.00077739
125.00 80.00 -0.00066723
130.00 80.00 -0.00054324
135.00 80.00 -0.00041535
140.00 80.00 -0.0002964
145.00 80.00 -0.00020061
150.00 80.00 -0.00014136
155.00 80.00 -0.00012888
160.00 80.00 -0.00016848
165.00 80.00 -0.00025884
170.00 80.00 -0.00039183
175.00 80.00 -0.0005532
180.00 80.00 -0.00072438
-180.00 85.00 -0.00156501
-175.00 85.00 -0.00151821
-170.00 85.00 -0.00146994
-165.00 85.00 -0.00141894
-160.00 85.00 -0.0013638
-155.00 85.00 -0.00130371
-150.00 85.00 -0.00123918
-145.00 85.00 -0.00117198
-140.00 85.00 -0.00110463
-135.00 85.00 -0.00103959
-130.00 85.00 -0.00097908
-125.00 85.00 -0.00092559
-120.00 85.00 -0.00088221
-115.00 85.00 -0.00085248
-110.00 85.00 -0.00083976
-105.00 85.00 -0.00084648
-100.00 85.00 -0.00087402
-95.00 85.00 -0.00092307
-90.00 85.00 -0.00099423
-85.00 85.00 -0.00108813
-80.00 85.00 -0.00120468
-75.00 85.00 -0.00134256
-70.00 85.00 -0.0014991
-65.00 85.00 -0.00167082
-60.00 85.00 -0.00185409
-55.00 85.00 -0.00204516
-50.00 85.00 -0.00223995
-45.00 85.00 -0.00243351
-40.00 85.00 -0.00262011
-35.00 85.00 -0.00279405
-30.00 85.00 -0.00295056
-25.00 85.00 -0.00308628
-20.00 85.00 -0.00319887
-15.00 85.00 -0.00328659
-10.00 85.00 -0.00334836
-5.00 85.00 -0.00338406
0.00 85.00 -0.00339531
5.00 85.00 -0.00338535
10.00 85.00 -0.00335829
15.00 85.00 -0.00331812
20.00 85.00 -0.00326826
25.00 85.00 -0.0032118
30.00 85.00 -0.00315204
35.00 85.00 -0.00309243
40.00 85.00 -0.00303594
45.00 85.00 -0.00298422
50.00 85.00 -0.00293745
55.00 85.00 -0.00289506
60.00 85.00 -0.00285648
65.00 85.00 -0.00282141
70.00 85.00 -0.00278943
75.00 85.00 -0.00275928
80.00 85.00 -0.00272877
85.00 85.00 -0.00269568
90.00 85.00 -0.00265848
95.00 85.00 -0.00261663
100.00 85.00 -0.00256992
105.00 85.00 -0.00251796
110.00 85.00 -0.00246
115.00 85.00 -0.00239565
120.00 85.00 -0.00232554
125.00 85.00 -0.0022515
130.00 85.00 -0.00217575
135.00 85.00 -0.00210003
140.00 85.00 -0.00202548
145.00 85.00 -0.00195294
150.00 85.00 -0.00188364
155.00 85.00 -0.00181911
160.00 85.00 -0.00176037
165.00 85.00 -0.00170718
170.00 85.00 -0.00165813
175.00 85.00 -0.0016113
180.00 85.00 -0.00156501
-180.00 90.00 -0.00276327
-175.00 90.00 -0.00276327
-170.00 90.00 -0.00276327
-165.00 90.00 -0.00276327
-160.00 90.00 -0.00276327
-155.00 90.00 -0.00276327
-150.00 90.00 -0.00276327
-145.00 90.00 -0.00276327
-140.00 90.00 -0.00276327
-135.00 90.00 -0.00276327
-130.00 90.00 -0.00276327
-125.00 90.00 -0.00276327
-120.00 90.00 -0.00276327
-115.00 90.00 -0.00276327
-110.00 90.00 -0.00276327
-105.00 90.00 -0.00276327
-100.00 90.00 -0.00276327
-95.00 90.00 -0.00276327
-90.00 90.00 -0.00276327
-85.00 90.00 -0.00276327
-80.00 90.00 -0.00276327
-75.00 90.00 -0.00276327
-70.00 90.00 -0.00276327
-65.00 90.00 -0.00276327
-60.00 90.00 -0.00276327
-55.00 90.00 -0.00276327
-50.00 90.00 -0.00276327
-45.00 90.00 -0.00276327
-40.00 90.00 -0.00276327
-35.00 90.00 -0.00276327
-30.00 90.00 -0.00276327
-25.00 90.00 -0.00276327
-20.00 90.00 -0.00276327
-15.00 90.00 -0.00276327
-10.00 90.00 -0.00276327
-5.00 90.00 -0.00276327
0.00 90.00 -0.00276327
5.00 90.00 -0.00276327
10.00 90.00 -0.00276327
15.00 90.00 -0.00276327
20.00 90.00 -0.00276327
25.00 90.00 -0.00276327
30.00 90.00 -0.00276327
35.00 90.00 -0.00276327
40.00 90.00 -0.00276327
45.00 90.00 -0.00276327
50.00 90.00 -0.00276327
55.00 90.00 -0.00276327
60.00 90.00 -0.00276327
65.00 90.00 -0.00276327
70.00 90.00 -0.00276327
75.00 90.00 -0.00276327
80.00 90.00 -0.00276327
85.00 90.00 -0.00276327
90.00 90.00 -0.00276327
95.00 90.00 -0.00276327
100.00 90.00 -0.00276327
105.00 90.00 -0.00276327
110.00 90.00 -0.00276327
115.00 90.00 -0.00276327
120.00 90.00 -0.00276327
125.00 90.00 -0.00276327
130.00 90.00 -0.00276327
135.00 90.00 -0.00276327
140.00 90.00 -0.00276327
145.00 90.00 -0.00276327
150.00 90.00 -0.00276327
155.00 90.00 -0.00276327
160.00 90.00 -0.00276327
165.00 90.00 -0.00276327
170.00 90.00 -0.00276327
175.00 90.00 -0.00276327
180.00 90.00 -0.00276327
