-180.00 -90.00 0.0040007
-175.00 -90.00 0.0040007
-170.00 -90.00 0.0040008
-165.00 -90.00 0.0040008
-160.00 -90.00 0.0040007
-155.00 -90.00 0.0040007
-150.00 -90.00 0.0040006
-145.00 -90.00 0.0040004
-140.00 -90.00 0.0040003
-135.00 -90.00 0.0040001
-130.00 -90.00 0.0039999
-125.00 -90.00 0.0039997
-120.00 -90.00 0.0039994
-115.00 -90.00 0.0039992
-110.00 -90.00 0.003999
-105.00 -90.00 0.0039989
-100.00 -90.00 0.0039987
-95.00 -90.00 0.0039986
-90.00 -90.00 0.0039984
-85.00 -90.00 0.0039984
-80.00 -90.00 0.0039983
-75.00 -90.00 0.0039983
-70.00 -90.00 0.0039984
-65.00 -90.00 0.0039985
-60.00 -90.00 0.0039986
-55.00 -90.00 0.0039987
-50.00 -90.00 0.0039989
-45.00 -90.00 0.003999
-40.00 -90.00 0.0039992
-35.00 -90.00 0.0039995
-30.00 -90.00 0.0039997
-25.00 -90.00 0.0039999
-20.00 -90.00 0.0040001
-15.00 -90.00 0.0040003
-10.00 -90.00 0.0040004
-5.00 -90.00 0.0040006
0.00 -90.00 0.0040007
5.00 -90.00 0.0040007
10.00 -90.00 0.0040008
15.00 -90.00 0.0040008
20.00 -90.00 0.0040007
25.00 -90.00 0.0040007
30.00 -90.00 0.0040006
35.00 -90.00 0.0040004
40.00 -90.00 0.0040003
45.00 -90.00 0.0040001
50.00 -90.00 0.0039999
55.00 -90.00 0.0039997
60.00 -90.00 0.0039995
65.00 -90.00 0.0039992
70.00 -90.00 0.003999
75.00 -90.00 0.0039989
80.00 -90.00 0.0039987
85.00 -90.00 0.0039986
90.00 -90.00 0.0039985
95.00 -90.00 0.0039984
100.00 -90.00 0.0039983
105.00 -90.00 0.0039983
110.00 -90.00 0.0039984
115.00 -90.00 0.0039985
120.00 -90.00 0.0039986
125.00 -90.00 0.0039987
130.00 -90.00 0.0039989
135.00 -90.00 0.0039991
140.00 -90.00 0.0039992
145.00 -90.00 0.0039995
150.00 -90.00 0.0039997
155.00 -90.00 0.0039999
160.00 -90.00 0.0040001
165.00 -90.00 0.0040003
170.00 -90.00 0.0040004
175.00 -90.00 0.0040006
180.00 -90.00 0.0040007
-180.00 -85.00 0.004375
-175.00 -85.00 0.0041725
-170.00 -85.00 0.0039564
-165.00 -85.00 0.0037302
-160.00 -85.00 0.0034984
-155.00 -85.00 0.0032657
-150.00 -85.00 0.0030373
-145.00 -85.00 0.0028186
-140.00 -85.00 0.0026153
-135.00 -85.00 0.0024329
-130.00 -85.00 0.002276
-125.00 -85.00 0.0021485
-120.00 -85.00 0.002053
-115.00 -85.00 0.0019914
-110.00 -85.00 0.001964
-105.00 -85.00 0.0019701
-100.00 -85.00 0.0020074
-95.00 -85.00 0.0020725
-90.00 -85.00 0.0021618
-85.00 -85.00 0.0022711
-80.00 -85.00 0.0023961
-75.00 -85.00 0.0025328
-70.00 -85.00 0.0026768
-65.00 -85.00 0.0028247
-60.00 -85.00 0.0029735
-55.00 -85.00 0.0031211
-50.00 -85.00 0.0032659
-45.00 -85.00 0.0034069
-40.00 -85.00 0.0035433
-35.00 -85.00 0.0036747
-30.00 -85.00 0.0038013
-25.00 -85.00 0.0039232
-20.00 -85.00 0.0040407
-15.00 -85.00 0.004154
-10.00 -85.00 0.0042627
-5.00 -85.00 0.0043663
0.00 -85.00 0.0044639
5.00 -85.00 0.0045548
10.00 -85.00 0.0046383
15.00 -85.00 0.0047132
20.00 -85.00 0.0047786
25.00 -85.00 0.0048335
30.00 -85.00 0.0048779
35.00 -85.00 0.0049122
40.00 -85.00 0.0049374
45.00 -85.00 0.0049549
50.00 -85.00 0.004966
55.00 -85.00 0.0049724
60.00 -85.00 0.0049762
65.00 -85.00 0.0049797
70.00 -85.00 0.004985
75.00 -85.00 0.0049935
80.00 -85.00 0.0050062
85.00 -85.00 0.0050237
90.00 -85.00 0.0050465
95.00 -85.00 0.0050748
100.00 -85.00 0.0051076
105.00 -85.00 0.0051435
110.00 -85.00 0.0051802
115.00 -85.00 0.0052153
120.00 -85.00 0.0052464
125.00 -85.00 0.0052704
130.00 -85.00 0.0052841
135.00 -85.00 0.0052841
140.00 -85.00 0.0052675
145.00 -85.00 0.005232
150.00 -85.00 0.0051758
155.00 -85.00 0.0050977
160.00 -85.00 0.0049969
165.00 -85.00 0.0048732
170.00 -85.00 0.0047274
175.00 -85.00 0.0045607
180.00 -85.00 0.004375
-180.00 -80.00 0.0047655
-175.00 -80.00 0.0045766
-170.00 -80.00 0.0043355
-165.00 -80.00 0.0040386
-160.00 -80.00 0.0036817
-155.00 -80.00 0.0032698
-150.00 -80.00 0.002821
-145.00 -80.00 0.0023588
-140.00 -80.00 0.0019059
-135.00 -80.00 0.0014872
-130.00 -80.00 0.0011324
-125.00 -80.00 0.0008673
-120.00 -80.00 0.0007046
-115.00 -80.00 0.0006469
-110.00 -80.00 0.0006936
-105.00 -80.00 0.0008384
-100.00 -80.00 0.0010637
-95.00 -80.00 0.0013438
-90.00 -80.00 0.0016564
-85.00 -80.00 0.0019849
-80.00 -80.00 0.0023112
-75.00 -80.00 0.0026171
-70.00 -80.00 0.0028917
-65.00 -80.00 0.0031345
-60.00 -80.00 0.0033468
-55.00 -80.00 0.0035263
-50.00 -80.00 0.0036737
-45.00 -80.00 0.0037971
-40.00 -80.00 0.0039058
-35.00 -80.00 0.0040036
-30.00 -80.00 0.0040941
-25.00 -80.00 0.0041875
-20.00 -80.00 0.0042961
-15.00 -80.00 0.0044255
-10.00 -80.00 0.0045746
-5.00 -80.00 0.0047433
0.00 -80.00 0.0049304
5.00 -80.00 0.0051253
10.00 -80.00 0.005308
15.00 -80.00 0.0054601
20.00 -80.00 0.0055692
25.00 -80.00 0.0056242
30.00 -80.00 0.005613
35.00 -80.00 0.0055318
40.00 -80.00 0.0053891
45.00 -80.00 0.0051986
50.00 -80.00 0.0049708
55.00 -80.00 0.0047166
60.00 -80.00 0.0044523
65.00 -80.00 0.0041945
70.00 -80.00 0.0039522
75.00 -80.00 0.00373
80.00 -80.00 0.0035366
85.00 -80.00 0.0033843
90.00 -80.00 0.003281
95.00 -80.00 0.0032292
100.00 -80.00 0.0032336
105.00 -80.00 0.0033006
110.00 -80.00 0.0034298
115.00 -80.00 0.0036097
120.00 -80.00 0.0038255
125.00 -80.00 0.004064
130.00 -80.00 0.0043094
135.00 -80.00 0.0045401
140.00 -80.00 0.004737
145.00 -80.00 0.0048919
150.00 -80.00 0.0050029
155.00 -80.00 0.0050678
160.00 -80.00 0.0050852
165.00 -80.00 0.0050603
170.00 -80.00 0.0050003
175.00 -80.00 0.0049046
180.00 -80.00 0.0047655
-180.00 -75.00 0.0038991
-175.00 -75.00 0.0040393
-170.00 -75.00 0.0041119
-165.00 -75.00 0.0040606
-160.00 -75.00 0.0038466
-155.00 -75.00 0.0034598
-150.00 -75.00 0.0029224
-145.00 -75.00 0.0022842
-140.00 -75.00 0.0016124
-135.00 -75.00 0.0009791
-130.00 -75.00 0.0004504
-125.00 -75.00 7.67e-05
-120.00 -75.00 -0.0001127
-115.00 -75.00 -0.0001114
-110.00 -75.00 6.51e-05
-105.00 -75.00 0.000382
-100.00 -75.00 0.0007906
-95.00 -75.00 0.0012366
-90.00 -75.00 0.0016683
-85.00 -75.00 0.002044
-80.00 -75.00 0.0023388
-75.00 -75.00 0.0025468
-70.00 -75.00 0.0026787
-65.00 -75.00 0.0027556
-60.00 -75.00 0.0028018
-55.00 -75.00 0.0028379
-50.00 -75.00 0.0028745
-45.00 -75.00 0.0029119
-40.00 -75.00 0.0029437
-35.00 -75.00 0.0029633
-30.00 -75.00 0.0029708
-25.00 -75.00 0.0029791
-20.00 -75.00 0.0030154
-15.00 -75.00 0.0031159
-10.00 -75.00 0.0033153
-5.00 -75.00 0.0036351
0.00 -75.00 0.0040731
5.00 -75.00 0.0045976
10.00 -75.00 0.0051507
15.00 -75.00 0.0056605
20.00 -75.00 0.0060558
25.00 -75.00 0.0062818
30.00 -75.00 0.0063116
35.00 -75.00 0.0061492
40.00 -75.00 0.0058249
45.00 -75.00 0.0053842
50.00 -75.00 0.0048763
55.00 -75.00 0.0043422
60.00 -75.00 0.0038084
65.00 -75.00 0.0032856
70.00 -75.00 0.002773
75.00 -75.00 0.0022656
80.00 -75.00 0.0017623
85.00 -75.00 0.0012735
90.00 -75.00 0.0008244
95.00 -75.00 0.0004532
100.00 -75.00 0.0002041
105.00 -75.00 0.0001175
110.00 -75.00 0.0002178
115.00 -75.00 0.0005041
120.00 -75.00 0.0009464
125.00 -75.00 0.0014892
130.00 -75.00 0.0020608
135.00 -75.00 0.0025888
140.00 -75.00 0.0030158
145.00 -75.00 0.0033111
150.00 -75.00 0.0034763
155.00 -75.00 0.0035423
160.00 -75.00 0.0035587
165.00 -75.00 0.0035774
170.00 -75.00 0.003637
175.00 -75.00 0.0037502
180.00 -75.00 0.0038991
-180.00 -70.00 0.0022464
-175.00 -70.00 0.002666
-170.00 -70.00 0.0030184
-165.00 -70.00 0.0031779
-160.00 -70.00 0.0030687
-155.00 -70.00 0.0026842
-150.00 -70.00 0.0020849
-145.00 -70.00 0.0013748
-140.00 -70.00 0.0006695
-135.00 -70.00 6.67e-05
-130.00 -70.00 -0.0003689
-125.00 -70.00 -0.0006066
-120.00 -70.00 -0.0006415
-115.00 -70.00 -0.0004853
-110.00 -70.00 -0.0001638
-105.00 -70.00 0.0002807
-100.00 -70.00 0.0007873
-95.00 -70.00 0.001281
-90.00 -70.00 0.0016869
-85.00 -70.00 0.0019488
-80.00 -70.00 0.0020443
-75.00 -70.00 0.0019906
-70.00 -70.00 0.0018381
-65.00 -70.00 0.0016544
-60.00 -70.00 0.001505
-55.00 -70.00 0.0014348
-50.00 -70.00 0.0014566
-45.00 -70.00 0.0015492
-40.00 -70.00 0.0016647
-35.00 -70.00 0.0017457
-30.00 -70.00 0.0017479
-25.00 -70.00 0.0016621
-20.00 -70.00 0.0015281
-15.00 -70.00 0.0014321
-10.00 -70.00 0.0014835
-5.00 -70.00 0.0017758
0.00 -70.00 0.0023458
5.00 -70.00 0.0031475
10.00 -70.00 0.0040572
15.00 -70.00 0.0049075
20.00 -70.00 0.0055393
25.00 -70.00 0.0058504
30.00 -70.00 0.0058207
35.00 -70.00 0.005508
40.00 -70.00 0.0050183
45.00 -70.00 0.0044661
50.00 -70.00 0.0039393
55.00 -70.00 0.0034807
60.00 -70.00 0.0030863
65.00 -70.00 0.0027182
70.00 -70.00 0.0023236
75.00 -70.00 0.0018556
80.00 -70.00 0.0012892
85.00 -70.00 0.0006341
90.00 -70.00 -6.1e-05
95.00 -70.00 -0.0007116
100.00 -70.00 -0.0012126
105.00 -70.00 -0.0014617
110.00 -70.00 -0.0013886
115.00 -70.00 -0.0009801
120.00 -70.00 -0.0002914
125.00 -70.00 0.0005603
130.00 -70.00 0.0014219
135.00 -70.00 0.0021411
140.00 -70.00 0.0026041
145.00 -70.00 0.0027638
150.00 -70.00 0.0026494
155.00 -70.00 0.0023568
160.00 -70.00 0.002021
165.00 -70.00 0.0017782
170.00 -70.00 0.0017264
175.00 -70.00 0.0018973
180.00 -70.00 0.0022464
-180.00 -65.00 0.0016906
-175.00 -65.00 0.0021287
-170.00 -65.00 0.0024224
-165.00 -65.00 0.0024549
-160.00 -65.00 0.0021833
-155.00 -65.00 0.0016585
-150.00 -65.00 0.0010075
-145.00 -65.00 0.0003852
-140.00 -65.00 -8.45e-05
-135.00 -65.00 -0.0003492
-130.00 -65.00 -0.0004287
-125.00 -65.00 -0.0003776
-120.00 -65.00 -0.0002353
-115.00 -65.00 1.7e-06
-110.00 -65.00 0.0003651
-105.00 -65.00 0.0008697
-100.00 -65.00 0.001474
-95.00 -65.00 0.002079
-90.00 -65.00 0.002566
-85.00 -65.00 0.002848
-80.00 -65.00 0.002901
-75.00 -65.00 0.0027625
-70.00 -65.00 0.0025082
-65.00 -65.00 0.0022235
-60.00 -65.00 0.0019842
-55.00 -65.00 0.0018432
-50.00 -65.00 0.0018243
-45.00 -65.00 0.0019195
-40.00 -65.00 0.0020892
-35.00 -65.00 0.0022657
-30.00 -65.00 0.0023641
-25.00 -65.00 0.0023094
-20.00 -65.00 0.0020793
-15.00 -65.00 0.001743
-10.00 -65.00 0.0014617
-5.00 -65.00 0.0014292
0.00 -65.00 0.0017715
5.00 -65.00 0.0024605
10.00 -65.00 0.0033004
15.00 -65.00 0.0040048
20.00 -65.00 0.0043257
25.00 -65.00 0.0041648
30.00 -65.00 0.0036058
35.00 -65.00 0.0028598
40.00 -65.00 0.0021595
45.00 -65.00 0.0016615
50.00 -65.00 0.0014024
55.00 -65.00 0.0013156
60.00 -65.00 0.0012853
65.00 -65.00 0.0012044
70.00 -65.00 0.0010092
75.00 -65.00 0.0006851
80.00 -65.00 0.0002542
85.00 -65.00 -0.0002407
90.00 -65.00 -0.0007417
95.00 -65.00 -0.0011751
100.00 -65.00 -0.0014523
105.00 -65.00 -0.0014865
110.00 -65.00 -0.0012233
115.00 -65.00 -0.000673
120.00 -65.00 7.72e-05
125.00 -65.00 0.0008806
130.00 -65.00 0.0015739
135.00 -65.00 0.0020264
140.00 -65.00 0.0021771
145.00 -65.00 0.0020461
150.00 -65.00 0.0017226
155.00 -65.00 0.001335
160.00 -65.00 0.0010166
165.00 -65.00 0.0008727
170.00 -65.00 0.0009568
175.00 -65.00 0.0012562
180.00 -65.00 0.0016906
-180.00 -60.00 0.0025232
-175.00 -60.00 0.0026954
-170.00 -60.00 0.002638
-165.00 -60.00 0.0023835
-160.00 -60.00 0.0019732
-155.00 -60.00 0.0014657
-150.00 -60.00 0.0009481
-145.00 -60.00 0.0005257
-140.00 -60.00 0.000279
-135.00 -60.00 0.0002106
-130.00 -60.00 0.0002362
-125.00 -60.00 0.0002503
-120.00 -60.00 0.0002311
-115.00 -60.00 0.0002909
-110.00 -60.00 0.0006064
-105.00 -60.00 0.0012699
-100.00 -60.00 0.0021839
-95.00 -60.00 0.0030995
-90.00 -60.00 0.0037667
-85.00 -60.00 0.0040721
-80.00 -60.00 0.0040617
-75.00 -60.00 0.0038595
-70.00 -60.00 0.0035779
-65.00 -60.00 0.0032862
-60.00 -60.00 0.0030255
-55.00 -60.00 0.0028251
-50.00 -60.00 0.0027066
-45.00 -60.00 0.0026944
-40.00 -60.00 0.0028272
-35.00 -60.00 0.0031343
-30.00 -60.00 0.0035658
-25.00 -60.00 0.003946
-20.00 -60.00 0.0040379
-15.00 -60.00 0.003714
-10.00 -60.00 0.0031019
-5.00 -60.00 0.0025538
0.00 -60.00 0.0024251
5.00 -60.00 0.0028144
10.00 -60.00 0.0034641
15.00 -60.00 0.0039024
20.00 -60.00 0.0037308
25.00 -60.00 0.0028634
30.00 -60.00 0.0015693
35.00 -60.00 0.0003061
40.00 -60.00 -0.0005382
45.00 -60.00 -0.0008318
50.00 -60.00 -0.0007199
55.00 -60.00 -0.0004948
60.00 -60.00 -0.0004168
65.00 -60.00 -0.0005948
70.00 -60.00 -0.0009723
75.00 -60.00 -0.0013991
80.00 -60.00 -0.0017261
85.00 -60.00 -0.0018718
90.00 -60.00 -0.0018321
95.00 -60.00 -0.0016455
100.00 -60.00 -0.0013461
105.00 -60.00 -0.0009458
110.00 -60.00 -0.0004591
115.00 -60.00 5.61e-05
120.00 -60.00 0.0004855
125.00 -60.00 0.0006969
130.00 -60.00 0.0006104
135.00 -60.00 0.0002536
140.00 -60.00 -0.0002325
145.00 -60.00 -0.000643
150.00 -60.00 -0.0007897
155.00 -60.00 -0.0005763
160.00 -60.00 -3.24e-05
165.00 -60.00 0.0007088
170.00 -60.00 0.0014722
175.00 -60.00 0.0021067
180.00 -60.00 0.0025232
-180.00 -55.00 0.0027839
-175.00 -55.00 0.0023762
-170.00 -55.00 0.0017733
-165.00 -55.00 0.0012578
-160.00 -55.00 0.0009433
-155.00 -55.00 0.0007403
-150.00 -55.00 0.0004826
-145.00 -55.00 0.0001067
-140.00 -55.00 -0.000289
-135.00 -55.00 -0.0005659
-130.00 -55.00 -0.0007106
-125.00 -55.00 -0.0008348
-120.00 -55.00 -0.0009827
-115.00 -55.00 -0.0009648
-110.00 -55.00 -0.0004569
-105.00 -55.00 0.0006753
-100.00 -55.00 0.0021528
-95.00 -55.00 0.0034272
-90.00 -55.00 0.0040822
-85.00 -55.00 0.0041025
-80.00 -55.00 0.0037712
-75.00 -55.00 0.0033589
-70.00 -55.00 0.0029567
-65.00 -55.00 0.0025727
-60.00 -55.00 0.0022769
-55.00 -55.00 0.0021702
-50.00 -55.00 0.0022487
-45.00 -55.00 0.0024063
-40.00 -55.00 0.0026155
-35.00 -55.00 0.0030292
-30.00 -55.00 0.0037887
-25.00 -55.00 0.0047079
-20.00 -55.00 0.0052418
-15.00 -55.00 0.0048879
-10.00 -55.00 0.0036796
-5.00 -55.00 0.0022767
0.00 -55.00 0.0015207
5.00 -55.00 0.0018195
10.00 -55.00 0.0028553
15.00 -55.00 0.0038148
20.00 -55.00 0.0039368
25.00 -55.00 0.0029876
30.00 -55.00 0.0013677
35.00 -55.00 -0.0001864
40.00 -55.00 -0.0010806
45.00 -55.00 -0.0011951
50.00 -55.00 -0.0008661
55.00 -55.00 -0.0005841
60.00 -55.00 -0.0006612
65.00 -55.00 -0.001092
70.00 -55.00 -0.0016395
75.00 -55.00 -0.0020223
80.00 -55.00 -0.0020672
85.00 -55.00 -0.0017668
90.00 -55.00 -0.001249
95.00 -55.00 -0.0006872
100.00 -55.00 -0.0001992
105.00 -55.00 0.0001948
110.00 -55.00 0.0005224
115.00 -55.00 0.000765
120.00 -55.00 0.000821
125.00 -55.00 0.0005674
130.00 -55.00 -3.71e-05
135.00 -55.00 -0.0008917
140.00 -55.00 -0.0017668
145.00 -55.00 -0.0023658
150.00 -55.00 -0.0024215
155.00 -55.00 -0.0018105
160.00 -55.00 -0.0006392
165.00 -55.00 0.0007676
170.00 -55.00 0.0019918
175.00 -55.00 0.0027013
180.00 -55.00 0.0027839
-180.00 -50.00 0.0016186
-175.00 -50.00 0.0006783
-170.00 -50.00 -0.0004924
-165.00 -50.00 -0.0013048
-160.00 -50.00 -0.0015298
-155.00 -50.00 -0.0014894
-150.00 -50.00 -0.0017346
-145.00 -50.00 -0.0024821
-140.00 -50.00 -0.0033738
-135.00 -50.00 -0.0038261
-130.00 -50.00 -0.0036097
-125.00 -50.00 -0.0030313
-120.00 -50.00 -0.002509
-115.00 -50.00 -0.0020331
-110.00 -50.00 -0.0011721
-105.00 -50.00 0.0003396
-100.00 -50.00 0.002127
-95.00 -50.00 0.0034336
-90.00 -50.00 0.0038643
-85.00 -50.00 0.0037412
-80.00 -50.00 0.0036429
-75.00 -50.00 0.0037042
-70.00 -50.00 0.0035576
-65.00 -50.00 0.0029681
-60.00 -50.00 0.0022984
-55.00 -50.00 0.0021458
-50.00 -50.00 0.0025935
-45.00 -50.00 0.0030772
-40.00 -50.00 0.0030999
-35.00 -50.00 0.0028883
-30.00 -50.00 0.0031003
-25.00 -50.00 0.003886
-20.00 -50.00 0.0044724
-15.00 -50.00 0.0038531
-10.00 -50.00 0.0018613
-5.00 -50.00 -0.000522
0.00 -50.00 -0.001907
5.00 -50.00 -0.0015325
10.00 -50.00 0.0002576
15.00 -50.00 0.0023157
20.00 -50.00 0.0034261
25.00 -50.00 0.0030086
30.00 -50.00 0.0014168
35.00 -50.00 -0.0003578
40.00 -50.00 -0.001406
45.00 -50.00 -0.0015054
50.00 -50.00 -0.0011313
55.00 -50.00 -0.0009242
60.00 -50.00 -0.0011463
65.00 -50.00 -0.001583
70.00 -50.00 -0.0018495
75.00 -50.00 -0.0017204
80.00 -50.00 -0.0012128
85.00 -50.00 -0.0004849
90.00 -50.00 0.0002658
95.00 -50.00 0.0008579
100.00 -50.00 0.0011917
105.00 -50.00 0.0013057
110.00 -50.00 0.0013281
115.00 -50.00 0.0013437
120.00 -50.00 0.001335
125.00 -50.00 0.0012539
130.00 -50.00 0.0010914
135.00 -50.00 0.0008376
140.00 -50.00 0.0004378
145.00 -50.00 -0.0001175
150.00 -50.00 -0.0006579
155.00 -50.00 -0.0008658
160.00 -50.00 -0.000508
165.00 -50.00 0.0003454
170.00 -50.00 0.0013033
175.00 -50.00 0.0018459
180.00 -50.00 0.0016186
-180.00 -45.00 0.0006655
-175.00 -45.00 -0.0003097
-170.00 -45.00 -0.0018446
-165.00 -45.00 -0.0029048
-160.00 -45.00 -0.0029959
-155.00 -45.00 -0.0027055
-150.00 -45.00 -0.0030573
-145.00 -45.00 -0.0043451
-140.00 -45.00 -0.0057218
-135.00 -45.00 -0.0059959
-130.00 -45.00 -0.0047972
-125.00 -45.00 -0.002899
-120.00 -45.00 -0.0013809
-115.00 -45.00 -0.0005554
-110.00 -45.00 0.0001552
-105.00 -45.00 0.0012973
-100.00 -45.00 0.0025972
-95.00 -45.00 0.0033443
-90.00 -45.00 0.0034741
-85.00 -45.00 0.0038575
-80.00 -45.00 0.0052243
-75.00 -45.00 0.0070056
-70.00 -45.00 0.0077173
-65.00 -45.00 0.0066516
-60.00 -45.00 0.0048401
-55.00 -45.00 0.0039612
-50.00 -45.00 0.0044049
-45.00 -45.00 0.0048732
-40.00 -45.00 0.0040449
-35.00 -45.00 0.0022338
-30.00 -45.00 0.0009788
-25.00 -45.00 0.0011233
-20.00 -45.00 0.0017875
-15.00 -45.00 0.0014047
-10.00 -45.00 -0.0005511
-5.00 -45.00 -0.0031066
0.00 -45.00 -0.0047888
5.00 -45.00 -0.0047562
10.00 -45.00 -0.003149
15.00 -45.00 -0.0008816
20.00 -45.00 0.000757
25.00 -45.00 0.000762
30.00 -45.00 -0.0008386
35.00 -45.00 -0.0028894
40.00 -45.00 -0.0040367
45.00 -45.00 -0.0038776
50.00 -45.00 -0.003148
55.00 -45.00 -0.0028188
60.00 -45.00 -0.0031433
65.00 -45.00 -0.0036089
70.00 -45.00 -0.0036406
75.00 -45.00 -0.0031559
80.00 -45.00 -0.0024412
85.00 -45.00 -0.0017016
90.00 -45.00 -0.0009105
95.00 -45.00 -3.53e-05
100.00 -45.00 0.0008015
105.00 -45.00 0.0014416
110.00 -45.00 0.0018261
115.00 -45.00 0.0019587
120.00 -45.00 0.0018944
125.00 -45.00 0.0018568
130.00 -45.00 0.0021782
135.00 -45.00 0.0029113
140.00 -45.00 0.0035718
145.00 -45.00 0.0034837
150.00 -45.00 0.0024276
155.00 -45.00 0.0008777
160.00 -45.00 -0.0003639
165.00 -45.00 -0.0007201
170.00 -45.00 -0.0001988
175.00 -45.00 0.0005611
180.00 -45.00 0.0006655
-180.00 -40.00 0.0010519
-175.00 -40.00 9.69e-05
-170.00 -40.00 -0.0018706
-165.00 -40.00 -0.0030429
-160.00 -40.00 -0.0025221
-155.00 -40.00 -0.0013593
-150.00 -40.00 -0.0012391
-145.00 -40.00 -0.0025075
-140.00 -40.00 -0.0038494
-135.00 -40.00 -0.0037571
-130.00 -40.00 -0.0020257
-125.00 -40.00 0.000189
-120.00 -40.00 0.0015986
-115.00 -40.00 0.0019596
-110.00 -40.00 0.0020218
-105.00 -40.00 0.0024031
-100.00 -40.00 0.0028027
-95.00 -40.00 0.0026261
-90.00 -40.00 0.0022578
-85.00 -40.00 0.0030997
-80.00 -40.00 0.005871
-75.00 -40.00 0.0091344
-70.00 -40.00 0.0102629
-65.00 -40.00 0.0082088
-60.00 -40.00 0.0048495
-55.00 -40.00 0.0030264
-50.00 -40.00 0.0034148
-45.00 -40.00 0.0039804
-40.00 -40.00 0.0026523
-35.00 -40.00 -0.0001446
-30.00 -40.00 -0.002154
-25.00 -40.00 -0.0020773
-20.00 -40.00 -0.0009173
-15.00 -40.00 -0.0005224
-10.00 -40.00 -0.0015761
-5.00 -40.00 -0.0034268
0.00 -40.00 -0.0052288
5.00 -40.00 -0.0064585
10.00 -40.00 -0.0066275
15.00 -40.00 -0.0055131
20.00 -40.00 -0.0039233
25.00 -40.00 -0.0034268
30.00 -40.00 -0.0047335
35.00 -40.00 -0.0067009
40.00 -40.00 -0.0074701
45.00 -40.00 -0.0064529
50.00 -40.00 -0.0048112
55.00 -40.00 -0.0040395
60.00 -40.00 -0.0044524
65.00 -40.00 -0.0051753
70.00 -40.00 -0.0053454
75.00 -40.00 -0.0049937
80.00 -40.00 -0.0046767
85.00 -40.00 -0.0045227
90.00 -40.00 -0.0040104
95.00 -40.00 -0.0026935
100.00 -40.00 -0.0007851
105.00 -40.00 0.0011034
110.00 -40.00 0.0024738
115.00 -40.00 0.0030395
120.00 -40.00 0.0027469
125.00 -40.00 0.0020624
130.00 -40.00 0.0019024
135.00 -40.00 0.0027833
140.00 -40.00 0.0041301
145.00 -40.00 0.0047702
150.00 -40.00 0.004039
155.00 -40.00 0.0022209
160.00 -40.00 0.0001985
165.00 -40.00 -0.0010165
170.00 -40.00 -0.0008081
175.00 -40.00 0.0003745
180.00 -40.00 0.0010519
-180.00 -35.00 0.0017225
-175.00 -35.00 0.0003644
-170.00 -35.00 -0.0025179
-165.00 -35.00 -0.0040344
-160.00 -35.00 -0.0028366
-155.00 -35.00 -0.0006391
-150.00 -35.00 0.0002531
-145.00 -35.00 -0.000305
-140.00 -35.00 -0.0007076
-135.00 -35.00 0.0001051
-130.00 -35.00 0.001622
-125.00 -35.00 0.0026981
-120.00 -35.00 0.002822
-115.00 -35.00 0.0024063
-110.00 -35.00 0.002152
-105.00 -35.00 0.0022308
-100.00 -35.00 0.0021012
-95.00 -35.00 0.0012993
-90.00 -35.00 0.0004487
-85.00 -35.00 0.0010361
-80.00 -35.00 0.0036334
-75.00 -35.00 0.0065067
-70.00 -35.00 0.0068373
-65.00 -35.00 0.0037801
-60.00 -35.00 -0.0002609
-55.00 -35.00 -0.0020876
-50.00 -35.00 -0.001151
-45.00 -35.00 0.0002007
-40.00 -35.00 -0.00019
-35.00 -35.00 -0.0018766
-30.00 -35.00 -0.0028648
-25.00 -35.00 -0.0023113
-20.00 -35.00 -0.0012897
-15.00 -35.00 -0.0011094
-10.00 -35.00 -0.0019286
-5.00 -35.00 -0.0033886
0.00 -35.00 -0.0056055
5.00 -35.00 -0.0085078
10.00 -35.00 -0.0107461
15.00 -35.00 -0.010682
20.00 -35.00 -0.0086373
25.00 -35.00 -0.0069477
30.00 -35.00 -0.0072327
35.00 -35.00 -0.0084966
40.00 -35.00 -0.0085739
45.00 -35.00 -0.0067971
50.00 -35.00 -0.0045244
55.00 -35.00 -0.0033854
60.00 -35.00 -0.0036474
65.00 -35.00 -0.0042933
70.00 -35.00 -0.0043494
75.00 -35.00 -0.0039221
80.00 -35.00 -0.0038075
85.00 -35.00 -0.0041947
90.00 -35.00 -0.0042482
95.00 -35.00 -0.0031823
100.00 -35.00 -0.0012181
105.00 -35.00 0.0008727
110.00 -35.00 0.0025896
115.00 -35.00 0.0036109
120.00 -35.00 0.0035661
125.00 -35.00 0.0026382
130.00 -35.00 0.0018897
135.00 -35.00 0.0022124
140.00 -35.00 0.0032749
145.00 -35.00 0.0040793
150.00 -35.00 0.0040768
155.00 -35.00 0.0031957
160.00 -35.00 0.0015313
165.00 -35.00 -0.0001615
170.00 -35.00 -0.0005056
175.00 -35.00 0.0007632
180.00 -35.00 0.0017225
-180.00 -30.00 0.0013836
-175.00 -30.00 0.0001639
-170.00 -30.00 -0.0034232
-165.00 -30.00 -0.0056187
-160.00 -30.00 -0.0047507
-155.00 -30.00 -0.0029861
-150.00 -30.00 -0.0025372
-145.00 -30.00 -0.0026856
-140.00 -30.00 -0.0016523
-135.00 -30.00 0.0004509
-130.00 -30.00 0.001978
-125.00 -30.00 0.0020755
-120.00 -30.00 0.0013855
-115.00 -30.00 0.0008009
-110.00 -30.00 0.0005006
-105.00 -30.00 0.0002112
-100.00 -30.00 -0.0002574
-95.00 -30.00 -0.0008665
-90.00 -30.00 -0.0012422
-85.00 -30.00 -0.0006735
-80.00 -30.00 0.0010788
-75.00 -30.00 0.0027511
-70.00 -30.00 0.0022973
-65.00 -30.00 -0.0006543
-60.00 -30.00 -0.0038283
-55.00 -30.00 -0.0046928
-50.00 -30.00 -0.0032471
-45.00 -30.00 -0.0015024
-40.00 -30.00 -0.000759
-35.00 -30.00 -0.0005824
-30.00 -30.00 -0.0002645
-25.00 -30.00 -7.05e-05
-20.00 -30.00 -0.0006466
-15.00 -30.00 -0.001934
-10.00 -30.00 -0.0033584
-5.00 -30.00 -0.0049679
0.00 -30.00 -0.0075825
5.00 -30.00 -0.0112278
10.00 -30.00 -0.0140165
15.00 -30.00 -0.0138137
20.00 -30.00 -0.0110013
25.00 -30.00 -0.0082868
30.00 -30.00 -0.0074679
35.00 -30.00 -0.0076461
40.00 -30.00 -0.0070667
45.00 -30.00 -0.0054277
50.00 -30.00 -0.0036849
55.00 -30.00 -0.0026046
60.00 -30.00 -0.0022239
65.00 -30.00 -0.0021046
70.00 -30.00 -0.001715
75.00 -30.00 -0.0009945
80.00 -30.00 -0.0005195
85.00 -30.00 -0.0006484
90.00 -30.00 -0.0008701
95.00 -30.00 -0.0006049
100.00 -30.00 -6.78e-05
105.00 -30.00 0.0004041
110.00 -30.00 0.0011375
115.00 -30.00 0.0023304
120.00 -30.00 0.0032658
125.00 -30.00 0.0033338
130.00 -30.00 0.0030531
135.00 -30.00 0.003079
140.00 -30.00 0.003102
145.00 -30.00 0.0027471
150.00 -30.00 0.0024397
155.00 -30.00 0.002217
160.00 -30.00 0.0010644
165.00 -30.00 -0.0010436
170.00 -30.00 -0.0019736
175.00 -30.00 -0.0003981
180.00 -30.00 0.0013836
-180.00 -25.00 -0.0003224
-175.00 -25.00 -0.0002015
-170.00 -25.00 -0.0030968
-165.00 -25.00 -0.0053453
-160.00 -25.00 -0.0055083
-155.00 -25.00 -0.0056861
-150.00 -25.00 -0.0070415
-145.00 -25.00 -0.0076525
-140.00 -25.00 -0.0058404
-135.00 -25.00 -0.0028915
-130.00 -25.00 -0.0010571
-125.00 -25.00 -0.000659
-120.00 -25.00 -0.0006274
-115.00 -25.00 -0.0007567
-110.00 -25.00 -0.001804
-105.00 -25.00 -0.0036437
-100.00 -25.00 -0.0048378
-95.00 -25.00 -0.0044482
-90.00 -25.00 -0.0030879
-85.00 -25.00 -0.001575
-80.00 -25.00 0.0001333
-75.00 -25.00 0.001731
-70.00 -25.00 0.0018483
-65.00 -25.00 6.62e-05
-60.00 -25.00 -0.0017288
-55.00 -25.00 -0.0017077
-50.00 -25.00 -0.0005448
-45.00 -25.00 0.0001488
-40.00 -25.00 0.0003701
-35.00 -25.00 0.0008401
-30.00 -25.00 0.0009573
-25.00 -25.00 -0.0003337
-20.00 -25.00 -0.0025569
-15.00 -25.00 -0.0043215
-10.00 -25.00 -0.0053653
-5.00 -25.00 -0.0067391
0.00 -25.00 -0.0092226
5.00 -25.00 -0.0121731
10.00 -25.00 -0.0138817
15.00 -25.00 -0.0131827
20.00 -25.00 -0.0108266
25.00 -25.00 -0.0086532
30.00 -25.00 -0.0073364
35.00 -25.00 -0.0060543
40.00 -25.00 -0.0044465
45.00 -25.00 -0.0032529
50.00 -25.00 -0.0026738
55.00 -25.00 -0.0018615
60.00 -25.00 -0.0005533
65.00 -25.00 0.0004089
70.00 -25.00 0.0006221
75.00 -25.00 0.0007236
80.00 -25.00 0.001183
85.00 -25.00 0.0017657
90.00 -25.00 0.0021935
95.00 -25.00 0.0022216
100.00 -25.00 0.0014375
105.00 -25.00 0.0001101
110.00 -25.00 -0.0004157
115.00 -25.00 0.0006481
120.00 -25.00 0.0023188
125.00 -25.00 0.0033546
130.00 -25.00 0.0038125
135.00 -25.00 0.0039189
140.00 -25.00 0.0029516
145.00 -25.00 0.0008066
150.00 -25.00 -0.0009944
155.00 -25.00 -0.0016786
160.00 -25.00 -0.0027493
165.00 -25.00 -0.0049738
170.00 -25.00 -0.0059446
175.00 -25.00 -0.0035888
180.00 -25.00 -0.0003224
-180.00 -20.00 -0.0032704
-175.00 -20.00 -0.0025197
-170.00 -20.00 -0.0037518
-165.00 -20.00 -0.0046047
-160.00 -20.00 -0.0048506
-155.00 -20.00 -0.0061897
-150.00 -20.00 -0.0084279
-145.00 -20.00 -0.0092505
-140.00 -20.00 -0.0078299
-135.00 -20.00 -0.0058631
-130.00 -20.00 -0.0046734
-125.00 -20.00 -0.0035941
-120.00 -20.00 -0.0020475
-115.00 -20.00 -0.0014785
-110.00 -20.00 -0.0036017
-105.00 -20.00 -0.0072626
-100.00 -20.00 -0.008975
-95.00 -20.00 -0.0071929
-90.00 -20.00 -0.0041294
-85.00 -20.00 -0.0021174
-80.00 -20.00 -0.0005398
-75.00 -20.00 0.0015557
-70.00 -20.00 0.0025775
-65.00 -20.00 0.0012389
-60.00 -20.00 -0.0003151
-55.00 -20.00 0.000243
-50.00 -20.00 0.0015068
-45.00 -20.00 0.0011403
-40.00 -20.00 -8.79e-05
-35.00 -20.00 -0.0005739
-30.00 -20.00 -0.0013352
-25.00 -20.00 -0.0036457
-20.00 -20.00 -0.0059115
-15.00 -20.00 -0.0062757
-10.00 -20.00 -0.0059798
-5.00 -20.00 -0.0072297
0.00 -20.00 -0.0097015
5.00 -20.00 -0.0114397
10.00 -20.00 -0.0116441
15.00 -20.00 -0.0109774
20.00 -20.00 -0.0101991
25.00 -20.00 -0.0093062
30.00 -20.00 -0.0075357
35.00 -20.00 -0.0044694
40.00 -20.00 -0.0013442
45.00 -20.00 3e-06
50.00 -20.00 -0.0001883
55.00 -20.00 0.0001934
60.00 -20.00 0.0018396
65.00 -20.00 0.0030454
70.00 -20.00 0.0025721
75.00 -20.00 0.0014107
80.00 -20.00 0.0010608
85.00 -20.00 0.0017519
90.00 -20.00 0.0027626
95.00 -20.00 0.0031653
100.00 -20.00 0.0022883
105.00 -20.00 0.0006174
110.00 -20.00 -0.0001836
115.00 -20.00 0.0007612
120.00 -20.00 0.0023097
125.00 -20.00 0.0030655
130.00 -20.00 0.0031533
135.00 -20.00 0.0029827
140.00 -20.00 0.0017913
145.00 -20.00 -0.0008393
150.00 -20.00 -0.0035029
155.00 -20.00 -0.0049643
160.00 -20.00 -0.0061155
165.00 -20.00 -0.0077834
170.00 -20.00 -0.0083366
175.00 -20.00 -0.0062127
180.00 -20.00 -0.0032704
-180.00 -15.00 -0.0063537
-175.00 -15.00 -0.0074616
-170.00 -15.00 -0.0076481
-165.00 -15.00 -0.0064654
-160.00 -15.00 -0.0055824
-155.00 -15.00 -0.0061539
-150.00 -15.00 -0.0069769
-145.00 -15.00 -0.0066985
-140.00 -15.00 -0.0060746
-135.00 -15.00 -0.006351
-130.00 -15.00 -0.0068208
-125.00 -15.00 -0.0057529
-120.00 -15.00 -0.0032275
-115.00 -15.00 -0.0017808
-110.00 -15.00 -0.0036066
-105.00 -15.00 -0.0072163
-100.00 -15.00 -0.008351
-95.00 -15.00 -0.0054154
-90.00 -15.00 -0.0018707
-85.00 -15.00 -0.0009113
-80.00 -15.00 -0.0008253
-75.00 -15.00 0.0006611
-70.00 -15.00 0.0012572
-65.00 -15.00 -0.0014136
-60.00 -15.00 -0.004089
-55.00 -15.00 -0.0027903
-50.00 -15.00 0.0001762
-45.00 -15.00 0.0003517
-40.00 -15.00 -0.0015437
-35.00 -15.00 -0.0024243
-30.00 -15.00 -0.0028865
-25.00 -15.00 -0.0046337
-20.00 -15.00 -0.0059981
-15.00 -15.00 -0.005388
-10.00 -15.00 -0.0052196
-5.00 -15.00 -0.0077714
0.00 -15.00 -0.0108801
5.00 -15.00 -0.0115755
10.00 -15.00 -0.0105673
15.00 -15.00 -0.0101019
20.00 -15.00 -0.0102332
25.00 -15.00 -0.0094039
30.00 -15.00 -0.0067151
35.00 -15.00 -0.0026154
40.00 -15.00 0.0012372
45.00 -15.00 0.0029539
50.00 -15.00 0.0024727
55.00 -15.00 0.0018201
60.00 -15.00 0.0023953
65.00 -15.00 0.0033063
70.00 -15.00 0.0032059
75.00 -15.00 0.0022686
80.00 -15.00 0.0015325
85.00 -15.00 0.0015134
90.00 -15.00 0.0020172
95.00 -15.00 0.0024247
100.00 -15.00 0.0020463
105.00 -15.00 0.0009782
110.00 -15.00 0.0004004
115.00 -15.00 0.0011999
120.00 -15.00 0.0025968
125.00 -15.00 0.0030113
130.00 -15.00 0.0020431
135.00 -15.00 0.0006805
140.00 -15.00 -0.0003134
145.00 -15.00 -0.0012487
150.00 -15.00 -0.0026553
155.00 -15.00 -0.00442
160.00 -15.00 -0.0059493
165.00 -15.00 -0.0066478
170.00 -15.00 -0.0063754
175.00 -15.00 -0.0059107
180.00 -15.00 -0.0063537
-180.00 -10.00 -0.0076879
-175.00 -10.00 -0.0111374
-170.00 -10.00 -0.0111193
-165.00 -10.00 -0.008792
-160.00 -10.00 -0.0073102
-155.00 -10.00 -0.0069741
-150.00 -10.00 -0.0058933
-145.00 -10.00 -0.0041688
-140.00 -10.00 -0.0039354
-135.00 -10.00 -0.0055723
-130.00 -10.00 -0.0069092
-125.00 -10.00 -0.0062045
-120.00 -10.00 -0.003883
-115.00 -10.00 -0.0018172
-110.00 -10.00 -0.0018631
-105.00 -10.00 -0.0036406
-100.00 -10.00 -0.0038658
-95.00 -10.00 -0.0006285
-90.00 -10.00 0.002851
-85.00 -10.00 0.0028493
-80.00 -10.00 0.0011948
-75.00 -10.00 0.001102
-70.00 -10.00 0.000397
-65.00 -10.00 -0.0037832
-60.00 -10.00 -0.0074261
-55.00 -10.00 -0.0053293
-50.00 -10.00 -0.0005604
-45.00 -10.00 0.0004366
-40.00 -10.00 -0.0018042
-35.00 -10.00 -0.0025969
-30.00 -10.00 -0.0018635
-25.00 -10.00 -0.0022671
-20.00 -10.00 -0.003168
-15.00 -10.00 -0.003316
-10.00 -10.00 -0.0048649
-5.00 -10.00 -0.0089535
0.00 -10.00 -0.0120931
5.00 -10.00 -0.0116001
10.00 -10.00 -0.0098922
15.00 -10.00 -0.0097984
20.00 -10.00 -0.0101035
25.00 -10.00 -0.0085349
30.00 -10.00 -0.0053101
35.00 -10.00 -0.0017914
40.00 -10.00 0.0012578
45.00 -10.00 0.0029878
50.00 -10.00 0.0025808
55.00 -10.00 0.0007625
60.00 -10.00 -0.0004913
65.00 -10.00 -4.97e-05
70.00 -10.00 0.0014724
75.00 -10.00 0.0027178
80.00 -10.00 0.0028809
85.00 -10.00 0.0022303
90.00 -10.00 0.0016797
95.00 -10.00 0.001716
100.00 -10.00 0.0017512
105.00 -10.00 0.0008934
110.00 -10.00 -0.0004976
115.00 -10.00 -0.0006747
120.00 -10.00 0.0011558
125.00 -10.00 0.002865
130.00 -10.00 0.0016382
135.00 -10.00 -0.0017184
140.00 -10.00 -0.0032823
145.00 -10.00 -0.0017145
150.00 -10.00 -0.0004857
155.00 -10.00 -0.0025557
160.00 -10.00 -0.0057028
165.00 -10.00 -0.0060274
170.00 -10.00 -0.0041096
175.00 -10.00 -0.0041764
180.00 -10.00 -0.0076879
-180.00 -5.00 -0.0068031
-175.00 -5.00 -0.0100893
-170.00 -5.00 -0.0097897
-165.00 -5.00 -0.0077558
-160.00 -5.00 -0.007254
-155.00 -5.00 -0.0074231
-150.00 -5.00 -0.0059106
-145.00 -5.00 -0.003754
-140.00 -5.00 -0.0034805
-135.00 -5.00 -0.0046171
-130.00 -5.00 -0.0049417
-125.00 -5.00 -0.0041328
-120.00 -5.00 -0.0029621
-115.00 -5.00 -0.0014437
-110.00 -5.00 -0.0002987
-105.00 -5.00 -0.000733
-100.00 -5.00 -0.0010538
-95.00 -5.00 0.0017108
-90.00 -5.00 0.0058723
-85.00 -5.00 0.0067667
-80.00 -5.00 0.0044497
-75.00 -5.00 0.0026404
-70.00 -5.00 0.0010811
-65.00 -5.00 -0.002675
-60.00 -5.00 -0.0057501
-55.00 -5.00 -0.0036244
-50.00 -5.00 0.0007942
-45.00 -5.00 0.0011518
-40.00 -5.00 -0.0019169
-35.00 -5.00 -0.0031215
-30.00 -5.00 -0.0019311
-25.00 -5.00 -0.001559
-20.00 -5.00 -0.0023464
-15.00 -5.00 -0.0031454
-10.00 -5.00 -0.0051114
-5.00 -5.00 -0.0084646
0.00 -5.00 -0.0100426
5.00 -5.00 -0.0084836
10.00 -5.00 -0.0070954
15.00 -5.00 -0.0082549
20.00 -5.00 -0.009656
25.00 -5.00 -0.0086339
30.00 -5.00 -0.0059457
35.00 -5.00 -0.003367
40.00 -5.00 -0.0011522
45.00 -5.00 0.0006152
50.00 -5.00 0.0008988
55.00 -5.00 -0.0006716
60.00 -5.00 -0.0025345
65.00 -5.00 -0.0025572
70.00 -5.00 -0.0002762
75.00 -5.00 0.0026142
80.00 -5.00 0.0040217
85.00 -5.00 0.0035496
90.00 -5.00 0.0026587
95.00 -5.00 0.0027563
100.00 -5.00 0.0032635
105.00 -5.00 0.0020668
110.00 -5.00 -0.0012918
115.00 -5.00 -0.0035539
120.00 -5.00 -0.0014365
125.00 -5.00 0.0025574
130.00 -5.00 0.0022333
135.00 -5.00 -0.0029614
140.00 -5.00 -0.0060414
145.00 -5.00 -0.003042
150.00 -5.00 0.0003106
155.00 -5.00 -0.0025139
160.00 -5.00 -0.0084336
165.00 -5.00 -0.0097355
170.00 -5.00 -0.0060124
175.00 -5.00 -0.0039996
180.00 -5.00 -0.0068031
-180.00 0.00 -0.0049479
-175.00 0.00 -0.0063744
-170.00 0.00 -0.0059467
-165.00 0.00 -0.0052208
-160.00 0.00 -0.0062848
-155.00 0.00 -0.0073688
-150.00 0.00 -0.0061803
-145.00 0.00 -0.0041515
-140.00 0.00 -0.0035651
-135.00 0.00 -0.0034004
-130.00 0.00 -0.0019319
-125.00 0.00 -0.0004377
-120.00 0.00 -0.0004185
-115.00 0.00 -0.0005614
-110.00 0.00 -6.17e-05
-105.00 0.00 -0.0005498
-100.00 0.00 -0.0014326
-95.00 0.00 0.000957
-90.00 0.00 0.0062667
-85.00 0.00 0.0087647
-80.00 0.00 0.0060914
-75.00 0.00 0.0023558
-70.00 0.00 0.0004046
-65.00 0.00 -0.0012902
-60.00 0.00 -0.0027453
-55.00 0.00 -0.0016749
-50.00 0.00 0.0005709
-45.00 0.00 4.83e-05
-40.00 0.00 -0.0027919
-35.00 0.00 -0.0041031
-30.00 0.00 -0.00346
-25.00 0.00 -0.0034038
-20.00 0.00 -0.0042099
-15.00 0.00 -0.0045424
-10.00 0.00 -0.0048029
-5.00 0.00 -0.0055294
0.00 0.00 -0.005406
5.00 0.00 -0.0041074
10.00 0.00 -0.0039847
15.00 0.00 -0.0064632
20.00 0.00 -0.0095309
25.00 0.00 -0.0104254
30.00 0.00 -0.0086684
35.00 0.00 -0.0056693
40.00 0.00 -0.0029515
45.00 0.00 -0.0012057
50.00 0.00 -0.0003346
55.00 0.00 -0.0001611
60.00 0.00 -0.0006435
65.00 0.00 -0.0010656
70.00 0.00 -0.0001448
75.00 0.00 0.0021653
80.00 0.00 0.0041141
85.00 0.00 0.004377
90.00 0.00 0.0038883
95.00 0.00 0.0043689
100.00 0.00 0.0053646
105.00 0.00 0.0040989
110.00 0.00 -0.0004459
115.00 0.00 -0.0042722
120.00 0.00 -0.0025661
125.00 0.00 0.0024909
130.00 0.00 0.0031905
135.00 0.00 -0.0023148
140.00 0.00 -0.0063395
145.00 0.00 -0.0035232
150.00 0.00 0.0002365
155.00 0.00 -0.0029592
160.00 0.00 -0.0103649
165.00 0.00 -0.012953
170.00 0.00 -0.0089067
175.00 0.00 -0.0048372
180.00 0.00 -0.0049478
-180.00 5.00 -0.0031235
-175.00 5.00 -0.003718
-170.00 5.00 -0.0040677
-165.00 5.00 -0.0048175
-160.00 5.00 -0.0066066
-155.00 5.00 -0.0076855
-150.00 5.00 -0.0064353
-145.00 5.00 -0.0043182
-140.00 5.00 -0.0033514
-135.00 5.00 -0.0025002
-130.00 5.00 -9.79e-05
-125.00 5.00 0.0022162
-120.00 5.00 0.0020626
-115.00 5.00 0.0005345
-110.00 5.00 -0.0002726
-105.00 5.00 -0.0008528
-100.00 5.00 -0.0012694
-95.00 5.00 0.0011428
-90.00 5.00 0.0063988
-85.00 5.00 0.0091009
-80.00 5.00 0.0059322
-75.00 5.00 0.0009262
-70.00 5.00 -0.0010757
-65.00 5.00 -0.0009302
-60.00 5.00 -0.0013679
-55.00 5.00 -0.0020653
-50.00 5.00 -0.0019804
-45.00 5.00 -0.0019412
-40.00 5.00 -0.0024171
-35.00 5.00 -0.0025519
-30.00 5.00 -0.0025681
-25.00 5.00 -0.0036935
-20.00 5.00 -0.0054258
-15.00 5.00 -0.0058632
-10.00 5.00 -0.0046295
-5.00 5.00 -0.0032082
0.00 5.00 -0.002731
5.00 5.00 -0.0030782
10.00 5.00 -0.0039819
15.00 5.00 -0.0058586
20.00 5.00 -0.0088366
25.00 5.00 -0.011158
30.00 5.00 -0.0102009
35.00 5.00 -0.0061551
40.00 5.00 -0.0026235
45.00 5.00 -0.0018311
50.00 5.00 -0.0018132
55.00 5.00 -0.0005074
60.00 5.00 0.0006291
65.00 5.00 -8.19e-05
70.00 5.00 -0.0009366
75.00 5.00 0.0002314
80.00 5.00 0.0022851
85.00 5.00 0.0029613
90.00 5.00 0.0026578
95.00 5.00 0.003279
100.00 5.00 0.0045211
105.00 5.00 0.003816
110.00 5.00 0.0003393
115.00 5.00 -0.0026278
120.00 5.00 -0.0014113
125.00 5.00 0.0023261
130.00 5.00 0.0029468
135.00 5.00 -0.0009642
140.00 5.00 -0.0040664
145.00 5.00 -0.002558
150.00 5.00 -0.0003549
155.00 5.00 -0.0027843
160.00 5.00 -0.0080425
165.00 5.00 -0.0100459
170.00 5.00 -0.007304
175.00 5.00 -0.003957
180.00 5.00 -0.0031235
-180.00 10.00 -0.0022536
-175.00 10.00 -0.0031152
-170.00 10.00 -0.0043195
-165.00 10.00 -0.0055017
-160.00 10.00 -0.0065657
-155.00 10.00 -0.0069395
-150.00 10.00 -0.0059217
-145.00 10.00 -0.0042622
-140.00 10.00 -0.0034131
-135.00 10.00 -0.0028081
-130.00 10.00 -0.0007056
-125.00 10.00 0.0020365
-120.00 10.00 0.0026638
-115.00 10.00 0.0011352
-110.00 10.00 6.45e-05
-105.00 10.00 0.0003808
-100.00 10.00 0.0012062
-95.00 10.00 0.0029439
-90.00 10.00 0.0058824
-85.00 10.00 0.0073247
-80.00 10.00 0.0049713
-75.00 10.00 0.0013881
-70.00 10.00 0.0004433
-65.00 10.00 0.0013353
-60.00 10.00 0.0006315
-55.00 10.00 -0.0017946
-50.00 10.00 -0.0030945
-45.00 10.00 -0.002149
-40.00 10.00 -0.0004711
-35.00 10.00 0.0004025
-30.00 10.00 -0.0001892
-25.00 10.00 -0.0025777
-20.00 10.00 -0.0059139
-15.00 10.00 -0.0076561
-10.00 10.00 -0.0061732
-5.00 10.00 -0.0034723
0.00 10.00 -0.0030167
5.00 10.00 -0.0048923
10.00 10.00 -0.0060503
15.00 10.00 -0.0057391
20.00 10.00 -0.0066408
25.00 10.00 -0.0091035
30.00 10.00 -0.0091884
35.00 10.00 -0.0053632
40.00 10.00 -0.0020164
45.00 10.00 -0.0025577
50.00 10.00 -0.0041614
55.00 10.00 -0.0034824
60.00 10.00 -0.0023076
65.00 10.00 -0.0030549
70.00 10.00 -0.0037549
75.00 10.00 -0.0021179
80.00 10.00 -9.48e-05
85.00 10.00 -0.0001359
90.00 10.00 -0.0007987
95.00 10.00 0.0001772
100.00 10.00 0.0016747
105.00 10.00 0.0013948
110.00 10.00 -0.0001272
115.00 10.00 -0.0005356
120.00 10.00 0.0006331
125.00 10.00 0.0014841
130.00 10.00 0.0006707
135.00 10.00 -0.0008801
140.00 10.00 -0.0016469
145.00 10.00 -0.0017801
150.00 10.00 -0.0025122
155.00 10.00 -0.0039184
160.00 10.00 -0.0047401
165.00 10.00 -0.0042595
170.00 10.00 -0.0030881
175.00 10.00 -0.0022301
180.00 10.00 -0.0022536
-180.00 15.00 -0.0037141
-175.00 15.00 -0.0044727
-170.00 15.00 -0.0055604
-165.00 15.00 -0.0056886
-160.00 15.00 -0.0047799
-155.00 15.00 -0.0041617
-150.00 15.00 -0.0040859
-145.00 15.00 -0.0038642
-140.00 15.00 -0.0036343
-135.00 15.00 -0.003409
-130.00 15.00 -0.0020505
-125.00 15.00 0.0003998
-120.00 15.00 0.0017688
-115.00 15.00 0.0013204
-110.00 15.00 0.0012908
-105.00 15.00 0.0028983
-100.00 15.00 0.0042374
-95.00 15.00 0.0039172
-90.00 15.00 0.0032403
-85.00 15.00 0.0032958
-80.00 15.00 0.0034013
-75.00 15.00 0.0034487
-70.00 15.00 0.004267
-65.00 15.00 0.0049791
-60.00 15.00 0.0035319
-55.00 15.00 0.0004346
-50.00 15.00 -0.0013318
-45.00 15.00 -0.0006267
-40.00 15.00 0.0005871
-35.00 15.00 0.0005017
-30.00 15.00 -0.0009312
-25.00 15.00 -0.0036492
-20.00 15.00 -0.0074031
-15.00 15.00 -0.0097878
-10.00 15.00 -0.0081443
-5.00 15.00 -0.0042518
0.00 15.00 -0.0030444
5.00 15.00 -0.0054194
10.00 15.00 -0.0069644
15.00 15.00 -0.0055642
20.00 15.00 -0.0047282
25.00 15.00 -0.0065794
30.00 15.00 -0.0075637
35.00 15.00 -0.0050554
40.00 15.00 -0.0024092
45.00 15.00 -0.0030207
50.00 15.00 -0.0048542
55.00 15.00 -0.0051384
60.00 15.00 -0.004983
65.00 15.00 -0.0053342
70.00 15.00 -0.0040648
75.00 15.00 -0.0009285
80.00 15.00 0.0003457
85.00 15.00 -0.0014945
90.00 15.00 -0.0024248
95.00 15.00 -0.0001517
100.00 15.00 0.001871
105.00 15.00 0.0008819
110.00 15.00 -0.0003683
115.00 15.00 0.000896
120.00 15.00 0.0022328
125.00 15.00 0.0006117
130.00 15.00 -0.0018404
135.00 15.00 -0.0015495
140.00 15.00 3.88e-05
145.00 15.00 -0.0011366
150.00 15.00 -0.0046199
155.00 15.00 -0.0059757
160.00 15.00 -0.0039134
165.00 15.00 -0.0018447
170.00 15.00 -0.0020747
175.00 15.00 -0.0031566
180.00 15.00 -0.0037141
-180.00 20.00 -0.0063456
-175.00 20.00 -0.0069176
-170.00 20.00 -0.007879
-165.00 20.00 -0.0069885
-160.00 20.00 -0.0041386
-155.00 20.00 -0.0022296
-150.00 20.00 -0.0025157
-145.00 20.00 -0.0032137
-140.00 20.00 -0.0030502
-135.00 20.00 -0.0024678
-130.00 20.00 -0.0015358
-125.00 20.00 3e-07
-120.00 20.00 0.0013159
-115.00 20.00 0.0019698
-110.00 20.00 0.0032736
-105.00 20.00 0.0055949
-100.00 20.00 0.0064714
-95.00 20.00 0.0042178
-90.00 20.00 0.0011905
-85.00 20.00 0.0007347
-80.00 20.00 0.0028882
-75.00 20.00 0.0053487
-70.00 20.00 0.0066178
-65.00 20.00 0.0062853
-60.00 20.00 0.0043474
-55.00 20.00 0.001967
-50.00 20.00 0.0009507
-45.00 20.00 0.0011981
-40.00 20.00 0.000661
-35.00 20.00 -0.0014264
-30.00 20.00 -0.0037212
-25.00 20.00 -0.0056491
-20.00 20.00 -0.0079232
-15.00 20.00 -0.0094798
-10.00 20.00 -0.0078138
-5.00 20.00 -0.0037975
0.00 20.00 -0.0019813
5.00 20.00 -0.0040575
10.00 20.00 -0.0063009
15.00 20.00 -0.0058463
20.00 20.00 -0.0048619
25.00 20.00 -0.0056016
30.00 20.00 -0.0061347
35.00 20.00 -0.0044788
40.00 20.00 -0.0025186
45.00 20.00 -0.0023771
50.00 20.00 -0.0030261
55.00 20.00 -0.0032708
60.00 20.00 -0.0036902
65.00 20.00 -0.0035279
70.00 20.00 -0.0008055
75.00 20.00 0.0026813
80.00 20.00 0.00243
85.00 20.00 -0.0008803
90.00 20.00 -0.0012196
95.00 20.00 0.0028754
100.00 20.00 0.005416
105.00 20.00 0.0029904
110.00 20.00 0.0002913
115.00 20.00 0.0014922
120.00 20.00 0.0031373
125.00 20.00 0.0010545
130.00 20.00 -0.0017254
135.00 20.00 -0.0005043
140.00 20.00 0.0022567
145.00 20.00 0.0008774
150.00 20.00 -0.0037512
155.00 20.00 -0.0056818
160.00 20.00 -0.0036909
165.00 20.00 -0.0023979
170.00 20.00 -0.0040435
175.00 20.00 -0.0059183
180.00 20.00 -0.0063456
-180.00 25.00 -0.0059914
-175.00 25.00 -0.0070088
-170.00 25.00 -0.0088579
-165.00 25.00 -0.0085931
-160.00 25.00 -0.0055456
-155.00 25.00 -0.0028334
-150.00 25.00 -0.0023775
-145.00 25.00 -0.0025063
-140.00 25.00 -0.0015626
-135.00 25.00 -0.0002857
-130.00 25.00 0.0003452
-125.00 25.00 0.0007019
-120.00 25.00 0.0013384
-115.00 25.00 0.0024478
-110.00 25.00 0.0043289
-105.00 25.00 0.006434
-100.00 25.00 0.0068102
-95.00 25.00 0.0046267
-90.00 25.00 0.0022177
-85.00 25.00 0.0024379
-80.00 25.00 0.0049539
-75.00 25.00 0.0070487
-70.00 25.00 0.0070439
-65.00 25.00 0.0052951
-60.00 25.00 0.0030149
-55.00 25.00 0.0015934
-50.00 25.00 0.0018174
-45.00 25.00 0.002535
-40.00 25.00 0.0015122
-35.00 25.00 -0.0014479
-30.00 25.00 -0.0040469
-25.00 25.00 -0.004962
-20.00 25.00 -0.0054043
-15.00 25.00 -0.0061321
-10.00 25.00 -0.0057536
-5.00 25.00 -0.0037309
0.00 25.00 -0.0022939
5.00 25.00 -0.0032061
10.00 25.00 -0.0050454
15.00 25.00 -0.005743
20.00 25.00 -0.0054379
25.00 25.00 -0.0049384
30.00 25.00 -0.003898
35.00 25.00 -0.0023568
40.00 25.00 -0.0015744
45.00 25.00 -0.0018055
50.00 25.00 -0.0018166
55.00 25.00 -0.0014768
60.00 25.00 -0.0017306
65.00 25.00 -0.0016859
70.00 25.00 0.0002582
75.00 25.00 0.0022428
80.00 25.00 0.0009394
85.00 25.00 -0.0018728
90.00 25.00 -0.0006899
95.00 25.00 0.0045639
100.00 25.00 0.0072929
105.00 25.00 0.0043933
110.00 25.00 0.0010246
115.00 25.00 0.0018536
120.00 25.00 0.0039592
125.00 25.00 0.0031257
130.00 25.00 0.0014592
135.00 25.00 0.002803
140.00 25.00 0.0049782
145.00 25.00 0.0032647
150.00 25.00 -0.0012161
155.00 25.00 -0.0032786
160.00 25.00 -0.0021941
165.00 25.00 -0.0019961
170.00 25.00 -0.0040771
175.00 25.00 -0.0057263
180.00 25.00 -0.0059914
-180.00 30.00 -0.001877
-175.00 30.00 -0.0029549
-170.00 30.00 -0.0053264
-165.00 30.00 -0.00633
-160.00 30.00 -0.0047778
-155.00 30.00 -0.0026813
-150.00 30.00 -0.0017452
-145.00 30.00 -0.0011509
-140.00 30.00 5.07e-05
-135.00 30.00 0.0009814
-130.00 30.00 0.0006821
-125.00 30.00 -0.000124
-120.00 30.00 -0.0001266
-115.00 30.00 0.0009947
-110.00 30.00 0.0026423
-105.00 30.00 0.0039162
-100.00 30.00 0.0040733
-95.00 30.00 0.003353
-90.00 30.00 0.0031544
-85.00 30.00 0.0044521
-80.00 30.00 0.0063904
-75.00 30.00 0.0072657
-70.00 30.00 0.0063677
-65.00 30.00 0.0042096
-60.00 30.00 0.001815
-55.00 30.00 0.0004582
-50.00 30.00 0.0009321
-45.00 30.00 0.002191
-40.00 30.00 0.0019634
-35.00 30.00 -0.0003148
-30.00 30.00 -0.0025255
-25.00 30.00 -0.0029038
-20.00 30.00 -0.0025259
-15.00 30.00 -0.0033103
-10.00 30.00 -0.0049263
-5.00 30.00 -0.0055001
0.00 30.00 -0.0045172
5.00 30.00 -0.0033257
10.00 30.00 -0.0031796
15.00 30.00 -0.0039622
20.00 30.00 -0.004517
25.00 30.00 -0.0036826
30.00 30.00 -0.0016066
35.00 30.00 -0.0001018
40.00 30.00 -0.0006065
45.00 30.00 -0.002026
50.00 30.00 -0.0022401
55.00 30.00 -0.001344
60.00 30.00 -0.0011334
65.00 30.00 -0.0017925
70.00 30.00 -0.0019698
75.00 30.00 -0.0018663
80.00 30.00 -0.0027549
85.00 30.00 -0.0033721
90.00 30.00 -0.0008777
95.00 30.00 0.0038358
100.00 30.00 0.0061036
105.00 30.00 0.0042453
110.00 30.00 0.0021537
115.00 30.00 0.0031007
120.00 30.00 0.0051401
125.00 30.00 0.0054322
130.00 30.00 0.0051229
135.00 30.00 0.0061904
140.00 30.00 0.0067603
145.00 30.00 0.0040474
150.00 30.00 -0.0002442
155.00 30.00 -0.0020376
160.00 30.00 -0.0010548
165.00 30.00 -0.0004931
170.00 30.00 -0.0014323
175.00 30.00 -0.0020127
180.00 30.00 -0.001877
-180.00 35.00 0.0010462
-175.00 35.00 0.0010115
-170.00 35.00 -5.01e-05
-165.00 35.00 -0.0008679
-160.00 35.00 -0.0005285
-155.00 35.00 0.0002915
-150.00 35.00 0.0007944
-145.00 35.00 0.0011538
-140.00 35.00 0.0014171
-135.00 35.00 0.0008039
-130.00 35.00 -0.0009542
-125.00 35.00 -0.0026334
-120.00 35.00 -0.0028111
-115.00 35.00 -0.0015363
-110.00 35.00 -7.16e-05
-105.00 35.00 0.0006062
-100.00 35.00 0.0006042
-95.00 35.00 0.0006982
-90.00 35.00 0.0014315
-85.00 35.00 0.0025853
-80.00 35.00 0.0035084
-75.00 35.00 0.0038448
-70.00 35.00 0.0035995
-65.00 35.00 0.0026415
-60.00 35.00 0.0009284
-55.00 35.00 -0.0006882
-50.00 35.00 -0.0009606
-45.00 35.00 -3.18e-05
-40.00 35.00 0.0003568
-35.00 35.00 -0.0007874
-30.00 35.00 -0.0022123
-25.00 35.00 -0.0023786
-20.00 35.00 -0.0020019
-15.00 35.00 -0.0030888
-10.00 35.00 -0.0057475
-5.00 35.00 -0.0075431
0.00 35.00 -0.0064507
5.00 35.00 -0.0034283
10.00 35.00 -0.001345
15.00 35.00 -0.001695
20.00 35.00 -0.0030115
25.00 35.00 -0.0028174
30.00 35.00 -0.0008162
35.00 35.00 0.0007212
40.00 35.00 8.85e-05
45.00 35.00 -0.0014441
50.00 35.00 -0.0015135
55.00 35.00 -9.65e-05
60.00 35.00 0.0006934
65.00 35.00 -0.0001286
70.00 35.00 -0.0013216
75.00 35.00 -0.0016325
80.00 35.00 -0.0011184
85.00 35.00 5.06e-05
90.00 35.00 0.0020794
95.00 35.00 0.004231
100.00 35.00 0.0049706
105.00 35.00 0.0042547
110.00 35.00 0.0038902
115.00 35.00 0.004791
120.00 35.00 0.0057644
125.00 35.00 0.0059713
130.00 35.00 0.006417
135.00 35.00 0.0074952
140.00 35.00 0.0071956
145.00 35.00 0.0039769
150.00 35.00 -0.0001413
155.00 35.00 -0.0018485
160.00 35.00 -0.0009047
165.00 35.00 0.0002218
170.00 35.00 0.0003338
175.00 35.00 0.0004548
180.00 35.00 0.0010462
-180.00 40.00 0.000176
-175.00 40.00 0.0009941
-170.00 40.00 0.0017617
-165.00 40.00 0.0022771
-160.00 40.00 0.0026577
-155.00 40.00 0.0029278
-150.00 40.00 0.0031081
-145.00 40.00 0.003172
-140.00 40.00 0.0026568
-135.00 40.00 0.0009467
-130.00 40.00 -0.0016578
-125.00 40.00 -0.0036876
-120.00 40.00 -0.0038492
-115.00 40.00 -0.0023773
-110.00 40.00 -0.0006644
-105.00 40.00 0.0002491
-100.00 40.00 0.0004294
-95.00 40.00 0.0004144
-90.00 40.00 0.0003322
-85.00 40.00 -4.64e-05
-80.00 40.00 -0.0005887
-75.00 40.00 -0.0006648
-70.00 40.00 -1.88e-05
-65.00 40.00 0.0005929
-60.00 40.00 0.0002213
-55.00 40.00 -0.0009188
-50.00 40.00 -0.0016248
-45.00 40.00 -0.001381
-40.00 40.00 -0.0010646
-35.00 40.00 -0.0015283
-30.00 40.00 -0.0022668
-25.00 40.00 -0.0023693
-20.00 40.00 -0.0023007
-15.00 40.00 -0.0035037
-10.00 40.00 -0.0060621
-5.00 40.00 -0.0078552
0.00 40.00 -0.0068175
5.00 40.00 -0.0035708
10.00 40.00 -0.0009434
15.00 40.00 -0.0007895
20.00 40.00 -0.0019888
25.00 40.00 -0.0020845
30.00 40.00 -0.0004369
35.00 40.00 0.0011657
40.00 40.00 0.0011164
45.00 40.00 0.0001496
50.00 40.00 0.0001177
55.00 40.00 0.0013427
60.00 40.00 0.0024212
65.00 40.00 0.0025056
70.00 40.00 0.0024909
75.00 40.00 0.0035355
80.00 40.00 0.0053678
85.00 40.00 0.0066717
90.00 40.00 0.0066009
95.00 40.00 0.0054474
100.00 40.00 0.0042257
105.00 40.00 0.0038852
110.00 40.00 0.0045118
115.00 40.00 0.0051567
120.00 40.00 0.0049731
125.00 40.00 0.0045237
130.00 40.00 0.0050769
135.00 40.00 0.0064156
140.00 40.00 0.006539
145.00 40.00 0.0042821
150.00 40.00 0.0011965
155.00 40.00 -0.0002881
160.00 40.00 0.0001353
165.00 40.00 0.000746
170.00 40.00 0.0004554
175.00 40.00 -4.95e-05
180.00 40.00 0.000176
-180.00 45.00 -0.0003424
-175.00 45.00 0.0001814
-170.00 45.00 0.0013079
-165.00 45.00 0.0022801
-160.00 45.00 0.0027714
-155.00 45.00 0.0029992
-150.00 45.00 0.0033324
-145.00 45.00 0.0037258
-140.00 45.00 0.003546
-135.00 45.00 0.0021756
-130.00 45.00 -0.0001154
-125.00 45.00 -0.0021178
-120.00 45.00 -0.0026933
-115.00 45.00 -0.0017532
-110.00 45.00 -0.0001367
-105.00 45.00 0.0012941
-100.00 45.00 0.0021864
-95.00 45.00 0.0024413
-90.00 45.00 0.0018896
-85.00 45.00 0.0005538
-80.00 45.00 -0.0009143
-75.00 45.00 -0.0015135
-70.00 45.00 -0.0008599
-65.00 45.00 0.0003173
-60.00 45.00 0.0009278
-55.00 45.00 0.0006798
-50.00 45.00 0.0001789
-45.00 45.00 -6.92e-05
-40.00 45.00 -0.0002769
-35.00 45.00 -0.000794
-30.00 45.00 -0.0013973
-25.00 45.00 -0.0016896
-20.00 45.00 -0.0019881
-15.00 45.00 -0.0031058
-10.00 45.00 -0.0050366
-5.00 45.00 -0.0064178
0.00 45.00 -0.0058504
5.00 45.00 -0.0035983
10.00 45.00 -0.0014371
15.00 45.00 -0.000687
20.00 45.00 -0.0008341
25.00 45.00 -0.0004446
30.00 45.00 0.0008546
35.00 45.00 0.0018961
40.00 45.00 0.0015321
45.00 45.00 9.31e-05
50.00 45.00 -0.0010992
55.00 45.00 -0.0012733
60.00 45.00 -0.0006517
65.00 45.00 0.0004909
70.00 45.00 0.0024104
75.00 45.00 0.0051388
80.00 45.00 0.0076275
85.00 45.00 0.008304
90.00 45.00 0.0066242
95.00 45.00 0.0038294
100.00 45.00 0.0019782
105.00 45.00 0.0021552
110.00 45.00 0.0035824
115.00 45.00 0.0045316
120.00 45.00 0.0041669
125.00 45.00 0.0033386
130.00 45.00 0.0033672
135.00 45.00 0.0042736
140.00 45.00 0.0047512
145.00 45.00 0.0039419
150.00 45.00 0.0025929
155.00 45.00 0.0020096
160.00 45.00 0.0023143
165.00 45.00 0.0024074
170.00 45.00 0.0015351
175.00 45.00 0.0002494
180.00 45.00 -0.0003424
-180.00 50.00 0.0023223
-175.00 50.00 0.0023771
-170.00 50.00 0.0028061
-165.00 50.00 0.0030555
-160.00 50.00 0.0029027
-155.00 50.00 0.0026504
-150.00 50.00 0.0027407
-145.00 50.00 0.0031918
-140.00 50.00 0.0034501
-135.00 50.00 0.0028645
-130.00 50.00 0.0013406
-125.00 50.00 -0.0004959
-120.00 50.00 -0.001783
-115.00 50.00 -0.0020344
-110.00 50.00 -0.0013169
-105.00 50.00 -1.66e-05
-100.00 50.00 0.001392
-95.00 50.00 0.0023988
-90.00 50.00 0.0025685
-85.00 50.00 0.0018521
-80.00 50.00 0.0007879
-75.00 50.00 0.0001928
-70.00 50.00 0.0004943
-65.00 50.00 0.0013778
-60.00 50.00 0.0021429
-55.00 50.00 0.0023484
-50.00 50.00 0.0020287
-45.00 50.00 0.0013805
-40.00 50.00 0.0004898
-35.00 50.00 -0.0005436
-30.00 50.00 -0.0014388
-25.00 50.00 -0.0019572
-20.00 50.00 -0.0022571
-15.00 50.00 -0.0027558
-10.00 50.00 -0.0035257
-5.00 50.00 -0.0040205
0.00 50.00 -0.0036193
5.00 50.00 -0.0023867
10.00 50.00 -0.0010668
15.00 50.00 -0.0002707
20.00 50.00 0.0001259
25.00 50.00 0.0006091
30.00 50.00 0.0011815
35.00 50.00 0.0011702
40.00 50.00 -3.38e-05
45.00 50.00 -0.0022174
50.00 50.00 -0.004444
55.00 50.00 -0.0057729
60.00 50.00 -0.0057272
65.00 50.00 -0.0042309
70.00 50.00 -0.0015232
75.00 50.00 0.0016416
80.00 50.00 0.0039826
85.00 50.00 0.0043816
90.00 50.00 0.0028672
95.00 50.00 0.0008377
100.00 50.00 4.94e-05
105.00 50.00 0.0011711
110.00 50.00 0.0032668
115.00 50.00 0.0047242
120.00 50.00 0.0047202
125.00 50.00 0.0037757
130.00 50.00 0.0029489
135.00 50.00 0.0026954
140.00 50.00 0.0026777
145.00 50.00 0.0025431
150.00 50.00 0.0025001
155.00 50.00 0.0029385
160.00 50.00 0.0037114
165.00 50.00 0.0041391
170.00 50.00 0.00377
175.00 50.00 0.002918
180.00 50.00 0.0023223
-180.00 55.00 0.0042419
-175.00 55.00 0.0045405
-170.00 55.00 0.0047961
-165.00 55.00 0.0046659
-160.00 55.00 0.0040578
-155.00 55.00 0.00325
-150.00 55.00 0.0026518
-145.00 55.00 0.0024287
-140.00 55.00 0.0023431
-135.00 55.00 0.0019607
-130.00 55.00 0.0010275
-125.00 55.00 -0.0003155
-120.00 55.00 -0.0016296
-115.00 55.00 -0.002453
-110.00 55.00 -0.002527
-105.00 55.00 -0.0018799
-100.00 55.00 -0.0008076
-95.00 55.00 0.0002261
-90.00 55.00 0.0007925
-85.00 55.00 0.0007462
-80.00 55.00 0.0003351
-75.00 55.00 2.93e-05
-70.00 55.00 0.0001692
-65.00 55.00 0.0007274
-60.00 55.00 0.0013714
-55.00 55.00 0.0017173
-50.00 55.00 0.0015314
-45.00 55.00 0.0007757
-40.00 55.00 -0.0004088
-35.00 55.00 -0.0017128
-30.00 55.00 -0.0027345
-25.00 55.00 -0.0031767
-20.00 55.00 -0.0030282
-15.00 55.00 -0.0025257
-10.00 55.00 -0.0019176
-5.00 55.00 -0.0012947
0.00 55.00 -0.0006666
5.00 55.00 -0.0001375
10.00 55.00 9.94e-05
15.00 55.00 -3.01e-05
20.00 55.00 -0.0003569
25.00 55.00 -0.0006397
30.00 55.00 -0.0008593
35.00 55.00 -0.0012765
40.00 55.00 -0.0021538
45.00 55.00 -0.0034304
50.00 55.00 -0.0046773
55.00 55.00 -0.0053378
60.00 55.00 -0.0050105
65.00 55.00 -0.0036144
70.00 55.00 -0.0014563
75.00 55.00 0.0007898
80.00 55.00 0.0023104
85.00 55.00 0.0026141
90.00 55.00 0.0019398
95.00 55.00 0.0011854
100.00 55.00 0.0012715
105.00 55.00 0.0024166
110.00 55.00 0.0039633
115.00 55.00 0.0049342
120.00 55.00 0.0048129
125.00 55.00 0.0038567
130.00 55.00 0.0027399
135.00 55.00 0.0019743
140.00 55.00 0.0016746
145.00 55.00 0.0017495
150.00 55.00 0.0021367
155.00 55.00 0.0027824
160.00 55.00 0.0034976
165.00 55.00 0.0039998
170.00 55.00 0.0041592
175.00 55.00 0.004143
180.00 55.00 0.0042419
-180.00 60.00 0.0021574
-175.00 60.00 0.0029401
-170.00 60.00 0.0037445
-165.00 60.00 0.0042075
-160.00 60.00 0.0041325
-155.00 60.00 0.0035912
-150.00 60.00 0.0028415
-145.00 60.00 0.0021375
-140.00 60.00 0.0015835
-135.00 60.00 0.0011292
-130.00 60.00 0.0006795
-125.00 60.00 0.0002088
-120.00 60.00 -0.0002062
-115.00 60.00 -0.0004429
-110.00 60.00 -0.0004232
-105.00 60.00 -0.0001808
-100.00 60.00 0.000128
-95.00 60.00 0.000284
-90.00 60.00 0.0001188
-85.00 60.00 -0.000371
-80.00 60.00 -0.0009896
-75.00 60.00 -0.0014339
-70.00 60.00 -0.001465
-65.00 60.00 -0.0010499
-60.00 60.00 -0.0003854
-55.00 60.00 0.0001995
-50.00 60.00 0.0003939
-45.00 60.00 3.93e-05
-40.00 60.00 -0.0007966
-35.00 60.00 -0.0018298
-30.00 60.00 -0.0026645
-25.00 60.00 -0.002963
-20.00 60.00 -0.0025945
-15.00 60.00 -0.0016786
-10.00 60.00 -0.0005122
-5.00 60.00 0.0005536
0.00 60.00 0.001215
5.00 60.00 0.0012826
10.00 60.00 0.0007353
15.00 60.00 -0.0002491
20.00 60.00 -0.0013403
25.00 60.00 -0.002193
30.00 60.00 -0.0026022
35.00 60.00 -0.0025662
40.00 60.00 -0.0022179
45.00 60.00 -0.0016936
50.00 60.00 -0.001044
55.00 60.00 -0.0002354
60.00 60.00 0.0007833
65.00 60.00 0.0019967
70.00 60.00 0.0032649
75.00 60.00 0.0043336
80.00 60.00 0.0049378
85.00 60.00 0.0049646
90.00 60.00 0.0045567
95.00 60.00 0.0040442
100.00 60.00 0.0037193
105.00 60.00 0.0036265
110.00 60.00 0.0035506
115.00 60.00 0.0032271
120.00 60.00 0.0025907
125.00 60.00 0.0018486
130.00 60.00 0.0013232
135.00 60.00 0.0012175
140.00 60.00 0.0014959
145.00 60.00 0.0019449
150.00 60.00 0.0023177
155.00 60.00 0.0024489
160.00 60.00 0.0023016
165.00 60.00 0.001978
170.00 60.00 0.0016974
175.00 60.00 0.0017112
180.00 60.00 0.0021574
-180.00 65.00 -0.0005858
-175.00 65.00 0.0004105
-170.00 65.00 0.0016788
-165.00 65.00 0.0028509
-160.00 65.00 0.0036278
-155.00 65.00 0.0038835
-150.00 65.00 0.0036816
-145.00 65.00 0.0032134
-140.00 65.00 0.0027023
-135.00 65.00 0.0023263
-130.00 65.00 0.0021813
-125.00 65.00 0.0022813
-120.00 65.00 0.0025736
-115.00 65.00 0.0029567
-110.00 65.00 0.0032968
-105.00 65.00 0.0034491
-100.00 65.00 0.0032898
-95.00 65.00 0.0027573
-90.00 65.00 0.0018896
-85.00 65.00 0.000839
-80.00 65.00 -0.000157
-75.00 65.00 -0.0008494
-70.00 65.00 -0.0010709
-65.00 65.00 -0.0008083
-60.00 65.00 -0.0002176
-55.00 65.00 0.0004303
-50.00 65.00 0.0008509
-45.00 65.00 0.0008556
-40.00 65.00 0.0004257
-35.00 65.00 -0.0002808
-30.00 65.00 -0.0009916
-25.00 65.00 -0.0014309
-20.00 65.00 -0.0014277
-15.00 65.00 -0.000981
-10.00 65.00 -0.0002547
-5.00 65.00 0.0004865
0.00 65.00 0.0009731
5.00 65.00 0.0010257
10.00 65.00 0.0006186
15.00 65.00 -0.0001082
20.00 65.00 -0.0008978
25.00 65.00 -0.0014693
30.00 65.00 -0.0016168
35.00 65.00 -0.0012716
40.00 65.00 -0.0005032
45.00 65.00 0.0005312
50.00 65.00 0.0016572
55.00 65.00 0.0027391
60.00 65.00 0.0037007
65.00 65.00 0.0045117
70.00 65.00 0.0051559
75.00 65.00 0.0056049
80.00 65.00 0.0058163
85.00 65.00 0.0057544
90.00 65.00 0.0054122
95.00 65.00 0.0048149
100.00 65.00 0.004006
105.00 65.00 0.0030366
110.00 65.00 0.0019801
115.00 65.00 0.0009592
120.00 65.00 0.0001505
125.00 65.00 -0.000264
130.00 65.00 -0.0001856
135.00 65.00 0.0003253
140.00 65.00 0.0010422
145.00 65.00 0.0016489
150.00 65.00 0.0018651
155.00 65.00 0.0015627
160.00 65.00 0.0008228
165.00 65.00 -8.7e-05
170.00 65.00 -0.000807
175.00 65.00 -0.0010215
180.00 65.00 -0.0005858
-180.00 70.00 -0.0002044
-175.00 70.00 0.0008291
-170.00 70.00 0.0021144
-165.00 70.00 0.0034034
-160.00 70.00 0.0044609
-155.00 70.00 0.0051334
-150.00 70.00 0.0053846
-145.00 70.00 0.0052893
-140.00 70.00 0.0049942
-135.00 70.00 0.0046632
-130.00 70.00 0.0044275
-125.00 70.00 0.0043521
-120.00 70.00 0.0044256
-115.00 70.00 0.0045717
-110.00 70.00 0.0046765
-105.00 70.00 0.0046251
-100.00 70.00 0.0043382
-95.00 70.00 0.0038001
-90.00 70.00 0.00307
-85.00 70.00 0.0022706
-80.00 70.00 0.0015554
-75.00 70.00 0.0010629
-70.00 70.00 0.0008704
-65.00 70.00 0.0009662
-60.00 70.00 0.0012488
-55.00 70.00 0.0015576
-50.00 70.00 0.0017245
-45.00 70.00 0.0016305
-40.00 70.00 0.0012453
-35.00 70.00 0.000638
-30.00 70.00 -4.72e-05
-25.00 70.00 -0.0006401
-20.00 70.00 -0.0010014
-15.00 70.00 -0.0010659
-10.00 70.00 -0.0008573
-5.00 70.00 -0.0004725
0.00 70.00 -4.29e-05
5.00 70.00 0.0003126
10.00 70.00 0.0005244
15.00 70.00 0.000589
20.00 70.00 0.0005593
25.00 70.00 0.0005159
30.00 70.00 0.0005318
35.00 70.00 0.0006453
40.00 70.00 0.000852
45.00 70.00 0.0011165
50.00 70.00 0.0013963
55.00 70.00 0.0016635
60.00 70.00 0.0019158
65.00 70.00 0.0021696
70.00 70.00 0.0024424
75.00 70.00 0.0027324
80.00 70.00 0.003006
85.00 70.00 0.0032007
90.00 70.00 0.0032412
95.00 70.00 0.003065
100.00 70.00 0.0026481
105.00 70.00 0.0020237
110.00 70.00 0.0012861
115.00 70.00 0.0005745
120.00 70.00 3.64e-05
125.00 70.00 -0.0002203
130.00 70.00 -0.0001703
135.00 70.00 0.0001109
140.00 70.00 0.0004663
145.00 70.00 0.0007119
150.00 70.00 0.000706
155.00 70.00 0.0004092
160.00 70.00 -9.26e-05
165.00 70.00 -0.0006095
170.00 70.00 -0.0009106
175.00 70.00 -0.0008034
180.00 70.00 -0.0002044
-180.00 75.00 0.001664
-175.00 75.00 0.0025396
-170.00 75.00 0.0034937
-165.00 75.00 0.0044126
-160.00 75.00 0.0051852
-155.00 75.00 0.0057286
-150.00 75.00 0.0060041
-145.00 75.00 0.0060218
-140.00 75.00 0.0058316
-135.00 75.00 0.005506
-130.00 75.00 0.0051196
-125.00 75.00 0.0047316
-120.00 75.00 0.0043752
-115.00 75.00 0.0040571
-110.00 75.00 0.0037636
-105.00 75.00 0.0034729
-100.00 75.00 0.0031677
-95.00 75.00 0.002845
-90.00 75.00 0.0025195
-85.00 75.00 0.0022202
-80.00 75.00 0.0019802
-75.00 75.00 0.0018243
-70.00 75.00 0.001757
-65.00 75.00 0.0017568
-60.00 75.00 0.0017792
-55.00 75.00 0.0017669
-50.00 75.00 0.0016668
-45.00 75.00 0.0014465
-40.00 75.00 0.0011064
-35.00 75.00 0.0006826
-30.00 75.00 0.000239
-25.00 75.00 -0.0001477
-20.00 75.00 -0.0004072
-15.00 75.00 -0.0004927
-10.00 75.00 -0.0003908
-5.00 75.00 -0.0001227
0.00 75.00 0.0002628
5.00 75.00 0.0007019
10.00 75.00 0.0011298
15.00 75.00 0.0014914
20.00 75.00 0.0017488
25.00 75.00 0.0018825
30.00 75.00 0.0018904
35.00 75.00 0.0017843
40.00 75.00 0.0015874
45.00 75.00 0.0013321
50.00 75.00 0.0010585
55.00 75.00 0.0008108
60.00 75.00 0.0006327
65.00 75.00 0.0005591
70.00 75.00 0.0006081
75.00 75.00 0.0007746
80.00 75.00 0.0010279
85.00 75.00 0.0013169
90.00 75.00 0.0015806
95.00 75.00 0.0017623
100.00 75.00 0.0018242
105.00 75.00 0.0017569
110.00 75.00 0.0015802
115.00 75.00 0.0013366
120.00 75.00 0.0010766
125.00 75.00 0.0008434
130.00 75.00 0.00066
135.00 75.00 0.0005259
140.00 75.00 0.0004224
145.00 75.00 0.000327
150.00 75.00 0.0002293
155.00 75.00 0.0001444
160.00 75.00 0.000115
165.00 75.00 0.0002031
170.00 75.00 0.0004708
175.00 75.00 0.000958
180.00 75.00 0.001664
-180.00 80.00 0.0022194
-175.00 80.00 0.0026845
-170.00 80.00 0.0031491
-165.00 80.00 0.0035778
-160.00 80.00 0.0039376
-155.00 80.00 0.0042026
-150.00 80.00 0.0043574
-145.00 80.00 0.0043991
-140.00 80.00 0.0043358
-135.00 80.00 0.0041844
-130.00 80.00 0.0039673
-125.00 80.00 0.0037089
-120.00 80.00 0.0034322
-115.00 80.00 0.0031564
-110.00 80.00 0.0028959
-105.00 80.00 0.0026608
-100.00 80.00 0.0024582
-95.00 80.00 0.0022917
-90.00 80.00 0.0021624
-85.00 80.00 0.0020692
-80.00 80.00 0.0020086
-75.00 80.00 0.0019745
-70.00 80.00 0.0019575
-65.00 80.00 0.001946
-60.00 80.00 0.0019285
-55.00 80.00 0.0018949
-50.00 80.00 0.0018393
-45.00 80.00 0.0017612
-40.00 80.00 0.0016671
-35.00 80.00 0.00157
-30.00 80.00 0.0014869
-25.00 80.00 0.0014361
-20.00 80.00 0.0014338
-15.00 80.00 0.0014901
-10.00 80.00 0.0016074
-5.00 80.00 0.0017787
0.00 80.00 0.0019886
5.00 80.00 0.0022157
10.00 80.00 0.002435
15.00 80.00 0.002622
20.00 80.00 0.0027562
25.00 80.00 0.0028235
30.00 80.00 0.002818
35.00 80.00 0.0027426
40.00 80.00 0.0026085
45.00 80.00 0.0024339
50.00 80.00 0.002241
55.00 80.00 0.0020532
60.00 80.00 0.0018915
65.00 80.00 0.0017722
70.00 80.00 0.0017042
75.00 80.00 0.0016871
80.00 80.00 0.0017121
85.00 80.00 0.0017634
90.00 80.00 0.0018218
95.00 80.00 0.0018673
100.00 80.00 0.0018827
105.00 80.00 0.0018563
110.00 80.00 0.0017842
115.00 80.00 0.0016696
120.00 80.00 0.0015216
125.00 80.00 0.0013532
130.00 80.00 0.0011799
135.00 80.00 0.0010183
140.00 80.00 0.0008842
145.00 80.00 0.000793
150.00 80.00 0.0007592
155.00 80.00 0.0007963
160.00 80.00 0.0009149
165.00 80.00 0.0011212
170.00 80.00 0.0014149
175.00 80.00 0.0017871
180.00 80.00 0.0022194
-180.00 85.00 0.0021445
-175.00 85.00 0.0022484
-170.00 85.00 0.0023534
-165.00 85.00 0.0024547
-160.00 85.00 0.0025471
-155.00 85.00 0.0026263
-150.00 85.00 0.0026893
-145.00 85.00 0.0027352
-140.00 85.00 0.0027642
-135.00 85.00 0.0027772
-130.00 85.00 0.0027757
-125.00 85.00 0.0027617
-120.00 85.00 0.0027385
-115.00 85.00 0.0027102
-110.00 85.00 0.0026806
-105.00 85.00 0.002653
-100.00 85.00 0.0026292
-95.00 85.00 0.0026105
-90.00 85.00 0.0025983
-85.00 85.00 0.0025937
-80.00 85.00 0.0025972
-75.00 85.00 0.0026083
-70.00 85.00 0.0026254
-65.00 85.00 0.002647
-60.00 85.00 0.0026721
-55.00 85.00 0.0027007
-50.00 85.00 0.0027328
-45.00 85.00 0.0027682
-40.00 85.00 0.0028063
-35.00 85.00 0.0028469
-30.00 85.00 0.0028905
-25.00 85.00 0.0029381
-20.00 85.00 0.0029899
-15.00 85.00 0.0030452
-10.00 85.00 0.003102
-5.00 85.00 0.0031581
0.00 85.00 0.0032112
5.00 85.00 0.0032595
10.00 85.00 0.0033004
15.00 85.00 0.0033313
20.00 85.00 0.0033493
25.00 85.00 0.0033525
30.00 85.00 0.0033402
35.00 85.00 0.0033133
40.00 85.00 0.0032731
45.00 85.00 0.0032211
50.00 85.00 0.0031588
55.00 85.00 0.0030883
60.00 85.00 0.0030121
65.00 85.00 0.0029328
70.00 85.00 0.0028524
75.00 85.00 0.0027719
80.00 85.00 0.0026914
85.00 85.00 0.0026105
90.00 85.00 0.002529
95.00 85.00 0.0024471
100.00 85.00 0.0023648
105.00 85.00 0.0022823
110.00 85.00 0.0021997
115.00 85.00 0.0021178
120.00 85.00 0.0020384
125.00 85.00 0.0019643
130.00 85.00 0.0018988
135.00 85.00 0.0018449
140.00 85.00 0.0018051
145.00 85.00 0.0017817
150.00 85.00 0.0017767
155.00 85.00 0.0017918
160.00 85.00 0.0018279
165.00 85.00 0.0018842
170.00 85.00 0.0019582
175.00 85.00 0.0020464
180.00 85.00 0.0021445
-180.00 90.00 0.0028365
-175.00 90.00 0.0028365
-170.00 90.00 0.0028365
-165.00 90.00 0.0028365
-160.00 90.00 0.0028365
-155.00 90.00 0.0028365
-150.00 90.00 0.0028365
-145.00 90.00 0.0028365
-140.00 90.00 0.0028365
-135.00 90.00 0.0028365
-130.00 90.00 0.0028365
-125.00 90.00 0.0028365
-120.00 90.00 0.0028365
-115.00 90.00 0.0028365
-110.00 90.00 0.0028365
-105.00 90.00 0.0028365
-100.00 90.00 0.0028365
-95.00 90.00 0.0028365
-90.00 90.00 0.0028365
-85.00 90.00 0.0028365
-80.00 90.00 0.0028365
-75.00 90.00 0.0028365
-70.00 90.00 0.0028365
-65.00 90.00 0.0028365
-60.00 90.00 0.0028365
-55.00 90.00 0.0028365
-50.00 90.00 0.0028365
-45.00 90.00 0.0028365
-40.00 90.00 0.0028365
-35.00 90.00 0.0028365
-30.00 90.00 0.0028365
-25.00 90.00 0.0028365
-20.00 90.00 0.0028365
-15.00 90.00 0.0028365
-10.00 90.00 0.0028365
-5.00 90.00 0.0028365
0.00 90.00 0.0028365
5.00 90.00 0.0028365
10.00 90.00 0.0028365
15.00 90.00 0.0028365
20.00 90.00 0.0028365
25.00 90.00 0.0028365
30.00 90.00 0.0028365
35.00 90.00 0.0028365
40.00 90.00 0.0028365
45.00 90.00 0.0028365
50.00 90.00 0.0028365
55.00 90.00 0.0028365
60.00 90.00 0.0028365
65.00 90.00 0.0028365
70.00 90.00 0.0028365
75.00 90.00 0.0028365
80.00 90.00 0.0028365
85.00 90.00 0.0028365
90.00 90.00 0.0028365
95.00 90.00 0.0028365
100.00 90.00 0.0028365
105.00 90.00 0.0028365
110.00 90.00 0.0028365
115.00 90.00 0.0028365
120.00 90.00 0.0028365
125.00 90.00 0.0028365
130.00 90.00 0.0028365
135.00 90.00 0.0028365
140.00 90.00 0.0028365
145.00 90.00 0.0028365
150.00 90.00 0.0028365
155.00 90.00 0.0028365
160.00 90.00 0.0028365
165.00 90.00 0.0028365
170.00 90.00 0.0028365
175.00 90.00 0.0028365
180.00 90.00 0.0028365
