-180.00 -90.00 0.0045673
-175.00 -90.00 0.0045674
-170.00 -90.00 0.0045674
-165.00 -90.00 0.0045674
-160.00 -90.00 0.0045674
-155.00 -90.00 0.0045674
-150.00 -90.00 0.0045673
-145.00 -90.00 0.0045672
-140.00 -90.00 0.0045671
-135.00 -90.00 0.0045669
-130.00 -90.00 0.0045668
-125.00 -90.00 0.0045666
-120.00 -90.00 0.0045664
-115.00 -90.00 0.0045663
-110.00 -90.00 0.0045661
-105.00 -90.00 0.004566
-100.00 -90.00 0.0045658
-95.00 -90.00 0.0045657
-90.00 -90.00 0.0045656
-85.00 -90.00 0.0045656
-80.00 -90.00 0.0045655
-75.00 -90.00 0.0045655
-70.00 -90.00 0.0045656
-65.00 -90.00 0.0045656
-60.00 -90.00 0.0045657
-55.00 -90.00 0.0045658
-50.00 -90.00 0.0045659
-45.00 -90.00 0.004566
-40.00 -90.00 0.0045662
-35.00 -90.00 0.0045664
-30.00 -90.00 0.0045665
-25.00 -90.00 0.0045667
-20.00 -90.00 0.0045668
-15.00 -90.00 0.004567
-10.00 -90.00 0.0045671
-5.00 -90.00 0.0045672
0.00 -90.00 0.0045673
5.00 -90.00 0.0045674
10.00 -90.00 0.0045674
15.00 -90.00 0.0045674
20.00 -90.00 0.0045674
25.00 -90.00 0.0045674
30.00 -90.00 0.0045673
35.00 -90.00 0.0045672
40.00 -90.00 0.0045671
45.00 -90.00 0.0045669
50.00 -90.00 0.0045668
55.00 -90.00 0.0045666
60.00 -90.00 0.0045665
65.00 -90.00 0.0045663
70.00 -90.00 0.0045661
75.00 -90.00 0.004566
80.00 -90.00 0.0045658
85.00 -90.00 0.0045657
90.00 -90.00 0.0045656
95.00 -90.00 0.0045656
100.00 -90.00 0.0045655
105.00 -90.00 0.0045655
110.00 -90.00 0.0045656
115.00 -90.00 0.0045656
120.00 -90.00 0.0045657
125.00 -90.00 0.0045658
130.00 -90.00 0.0045659
135.00 -90.00 0.004566
140.00 -90.00 0.0045662
145.00 -90.00 0.0045663
150.00 -90.00 0.0045665
155.00 -90.00 0.0045667
160.00 -90.00 0.0045668
165.00 -90.00 0.004567
170.00 -90.00 0.0045671
175.00 -90.00 0.0045672
180.00 -90.00 0.0045673
-180.00 -85.00 0.0040975
-175.00 -85.00 0.0041872
-170.00 -85.00 0.0042602
-165.00 -85.00 0.0043144
-160.00 -85.00 0.0043485
-155.00 -85.00 0.0043618
-150.00 -85.00 0.004355
-145.00 -85.00 0.0043293
-140.00 -85.00 0.0042865
-135.00 -85.00 0.0042288
-130.00 -85.00 0.0041591
-125.00 -85.00 0.0040812
-120.00 -85.00 0.0039995
-115.00 -85.00 0.0039187
-110.00 -85.00 0.0038436
-105.00 -85.00 0.003779
-100.00 -85.00 0.0037295
-95.00 -85.00 0.0036999
-90.00 -85.00 0.0036942
-85.00 -85.00 0.0037155
-80.00 -85.00 0.0037657
-75.00 -85.00 0.0038452
-70.00 -85.00 0.0039534
-65.00 -85.00 0.0040887
-60.00 -85.00 0.004248
-55.00 -85.00 0.0044273
-50.00 -85.00 0.0046214
-45.00 -85.00 0.0048248
-40.00 -85.00 0.0050316
-35.00 -85.00 0.0052362
-30.00 -85.00 0.0054334
-25.00 -85.00 0.0056179
-20.00 -85.00 0.0057851
-15.00 -85.00 0.0059312
-10.00 -85.00 0.0060535
-5.00 -85.00 0.0061498
0.00 -85.00 0.0062191
5.00 -85.00 0.0062608
10.00 -85.00 0.0062749
15.00 -85.00 0.0062624
20.00 -85.00 0.0062246
25.00 -85.00 0.0061633
30.00 -85.00 0.0060803
35.00 -85.00 0.0059775
40.00 -85.00 0.0058566
45.00 -85.00 0.0057195
50.00 -85.00 0.0055677
55.00 -85.00 0.0054029
60.00 -85.00 0.0052266
65.00 -85.00 0.0050404
70.00 -85.00 0.0048465
75.00 -85.00 0.0046472
80.00 -85.00 0.0044456
85.00 -85.00 0.0042452
90.00 -85.00 0.00405
95.00 -85.00 0.0038646
100.00 -85.00 0.0036936
105.00 -85.00 0.0035416
110.00 -85.00 0.0034129
115.00 -85.00 0.003311
120.00 -85.00 0.0032384
125.00 -85.00 0.0031968
130.00 -85.00 0.0031864
135.00 -85.00 0.003206
140.00 -85.00 0.0032534
145.00 -85.00 0.0033251
150.00 -85.00 0.0034166
155.00 -85.00 0.0035233
160.00 -85.00 0.0036398
165.00 -85.00 0.0037606
170.00 -85.00 0.0038804
175.00 -85.00 0.0039941
180.00 -85.00 0.0040975
-180.00 -80.00 0.006271
-175.00 -80.00 0.0064079
-170.00 -80.00 0.0064769
-165.00 -80.00 0.0064837
-160.00 -80.00 0.0064339
-155.00 -80.00 0.0063343
-150.00 -80.00 0.0061914
-145.00 -80.00 0.006009
-140.00 -80.00 0.0057869
-135.00 -80.00 0.0055253
-130.00 -80.00 0.0052265
-125.00 -80.00 0.0048944
-120.00 -80.00 0.0045346
-115.00 -80.00 0.0041565
-110.00 -80.00 0.003776
-105.00 -80.00 0.003412
-100.00 -80.00 0.003083
-95.00 -80.00 0.0028073
-90.00 -80.00 0.0026029
-85.00 -80.00 0.0024854
-80.00 -80.00 0.0024631
-75.00 -80.00 0.0025366
-70.00 -80.00 0.0027012
-65.00 -80.00 0.0029468
-60.00 -80.00 0.0032559
-55.00 -80.00 0.0036051
-50.00 -80.00 0.0039702
-45.00 -80.00 0.00433
-40.00 -80.00 0.0046659
-35.00 -80.00 0.004961
-30.00 -80.00 0.0052036
-25.00 -80.00 0.0053883
-20.00 -80.00 0.0055134
-15.00 -80.00 0.0055771
-10.00 -80.00 0.0055781
-5.00 -80.00 0.0055189
0.00 -80.00 0.0054052
5.00 -80.00 0.0052433
10.00 -80.00 0.0050408
15.00 -80.00 0.0048103
20.00 -80.00 0.004568
25.00 -80.00 0.0043298
30.00 -80.00 0.0041081
35.00 -80.00 0.0039134
40.00 -80.00 0.0037537
45.00 -80.00 0.0036314
50.00 -80.00 0.003541
55.00 -80.00 0.0034729
60.00 -80.00 0.0034157
65.00 -80.00 0.0033575
70.00 -80.00 0.0032847
75.00 -80.00 0.0031859
80.00 -80.00 0.003056
85.00 -80.00 0.0028973
90.00 -80.00 0.002717
95.00 -80.00 0.0025276
100.00 -80.00 0.0023476
105.00 -80.00 0.0022
110.00 -80.00 0.0021064
115.00 -80.00 0.0020839
120.00 -80.00 0.0021451
125.00 -80.00 0.0022972
130.00 -80.00 0.0025392
135.00 -80.00 0.0028614
140.00 -80.00 0.0032478
145.00 -80.00 0.0036804
150.00 -80.00 0.004138
155.00 -80.00 0.0045974
160.00 -80.00 0.0050358
165.00 -80.00 0.005435
170.00 -80.00 0.0057807
175.00 -80.00 0.0060617
180.00 -80.00 0.006271
-180.00 -75.00 0.0072254
-175.00 -75.00 0.0070246
-170.00 -75.00 0.0067314
-165.00 -75.00 0.0063838
-160.00 -75.00 0.0060227
-155.00 -75.00 0.0056836
-150.00 -75.00 0.0053893
-145.00 -75.00 0.0051457
-140.00 -75.00 0.0049399
-135.00 -75.00 0.0047447
-130.00 -75.00 0.0045284
-125.00 -75.00 0.0042651
-120.00 -75.00 0.003944
-115.00 -75.00 0.0035726
-110.00 -75.00 0.0031755
-105.00 -75.00 0.002788
-100.00 -75.00 0.0024474
-95.00 -75.00 0.0021879
-90.00 -75.00 0.002038
-85.00 -75.00 0.002019
-80.00 -75.00 0.0021441
-75.00 -75.00 0.0024157
-70.00 -75.00 0.002821
-65.00 -75.00 0.0033275
-60.00 -75.00 0.0038831
-55.00 -75.00 0.004423
-50.00 -75.00 0.0048813
-45.00 -75.00 0.0052044
-40.00 -75.00 0.0053634
-35.00 -75.00 0.005359
-30.00 -75.00 0.0052164
-25.00 -75.00 0.0049746
-20.00 -75.00 0.0046732
-15.00 -75.00 0.004341
-10.00 -75.00 0.0039901
-5.00 -75.00 0.0036183
0.00 -75.00 0.0032166
5.00 -75.00 0.0027779
10.00 -75.00 0.0023043
15.00 -75.00 0.0018125
20.00 -75.00 0.0013329
25.00 -75.00 0.0009034
30.00 -75.00 0.0005621
35.00 -75.00 0.0003395
40.00 -75.00 0.0002511
45.00 -75.00 0.000295
50.00 -75.00 0.0004532
55.00 -75.00 0.000696
60.00 -75.00 0.0009863
65.00 -75.00 0.0012852
70.00 -75.00 0.0015557
75.00 -75.00 0.0017666
80.00 -75.00 0.0018954
85.00 -75.00 0.0019329
90.00 -75.00 0.0018875
95.00 -75.00 0.0017855
100.00 -75.00 0.001669
105.00 -75.00 0.0015896
110.00 -75.00 0.0015982
115.00 -75.00 0.0017341
120.00 -75.00 0.0020174
125.00 -75.00 0.0024466
130.00 -75.00 0.0029997
135.00 -75.00 0.0036397
140.00 -75.00 0.0043233
145.00 -75.00 0.0050072
150.00 -75.00 0.0056517
155.00 -75.00 0.0062226
160.00 -75.00 0.0066917
165.00 -75.00 0.0070372
170.00 -75.00 0.0072434
175.00 -75.00 0.0073043
180.00 -75.00 0.0072254
-180.00 -70.00 0.0054154
-175.00 -70.00 0.0049501
-170.00 -70.00 0.0043625
-165.00 -70.00 0.0037104
-160.00 -70.00 0.00307
-155.00 -70.00 0.002525
-150.00 -70.00 0.002147
-145.00 -70.00 0.001971
-140.00 -70.00 0.0019771
-135.00 -70.00 0.0020906
-130.00 -70.00 0.0022081
-125.00 -70.00 0.0022392
-120.00 -70.00 0.0021464
-115.00 -70.00 0.0019593
-110.00 -70.00 0.0017564
-105.00 -70.00 0.0016251
-100.00 -70.00 0.0016219
-95.00 -70.00 0.0017559
-90.00 -70.00 0.002002
-85.00 -70.00 0.0023319
-80.00 -70.00 0.0027405
-75.00 -70.00 0.0032487
-70.00 -70.00 0.0038791
-65.00 -70.00 0.0046192
-60.00 -70.00 0.0053965
-55.00 -70.00 0.0060835
-50.00 -70.00 0.0065363
-45.00 -70.00 0.0066485
-40.00 -70.00 0.0063954
-35.00 -70.00 0.0058463
-30.00 -70.00 0.0051383
-25.00 -70.00 0.0044253
-20.00 -70.00 0.0038261
-15.00 -70.00 0.0033932
-10.00 -70.00 0.0031116
-5.00 -70.00 0.0029216
0.00 -70.00 0.0027501
5.00 -70.00 0.0025379
10.00 -70.00 0.002256
15.00 -70.00 0.0019099
20.00 -70.00 0.0015365
25.00 -70.00 0.0011933
30.00 -70.00 0.0009411
35.00 -70.00 0.0008234
40.00 -70.00 0.0008496
45.00 -70.00 0.00099
50.00 -70.00 0.0011873
55.00 -70.00 0.0013789
60.00 -70.00 0.0015188
65.00 -70.00 0.0015867
70.00 -70.00 0.0015829
75.00 -70.00 0.0015134
80.00 -70.00 0.00138
85.00 -70.00 0.0011813
90.00 -70.00 0.0009254
95.00 -70.00 0.0006444
100.00 -70.00 0.0003991
105.00 -70.00 0.0002684
110.00 -70.00 0.0003259
115.00 -70.00 0.0006148
120.00 -70.00 0.0011301
125.00 -70.00 0.0018183
130.00 -70.00 0.0025934
135.00 -70.00 0.0033639
140.00 -70.00 0.0040581
145.00 -70.00 0.0046391
150.00 -70.00 0.0051016
155.00 -70.00 0.0054561
160.00 -70.00 0.0057094
165.00 -70.00 0.0058533
170.00 -70.00 0.005866
175.00 -70.00 0.0057239
180.00 -70.00 0.0054154
-180.00 -65.00 0.0040457
-175.00 -65.00 0.0039144
-170.00 -65.00 0.0036666
-165.00 -65.00 0.0032829
-160.00 -65.00 0.0027596
-155.00 -65.00 0.0021604
-150.00 -65.00 0.0016284
-145.00 -65.00 0.0013247
-140.00 -65.00 0.0013254
-135.00 -65.00 0.0015541
-130.00 -65.00 0.0018106
-125.00 -65.00 0.0018901
-120.00 -65.00 0.0017148
-115.00 -65.00 0.0013888
-110.00 -65.00 0.0011346
-105.00 -65.00 0.0011558
-100.00 -65.00 0.0015144
-95.00 -65.00 0.0021002
-90.00 -65.00 0.0027065
-85.00 -65.00 0.0031603
-80.00 -65.00 0.0034225
-75.00 -65.00 0.0036003
-70.00 -65.00 0.0038661
-65.00 -65.00 0.0043341
-60.00 -65.00 0.0049704
-55.00 -65.00 0.0055897
-50.00 -65.00 0.0059443
-45.00 -65.00 0.0058571
-40.00 -65.00 0.0053227
-35.00 -65.00 0.004519
-30.00 -65.00 0.0037202
-25.00 -65.00 0.0031626
-20.00 -65.00 0.0029418
-15.00 -65.00 0.0029986
-10.00 -65.00 0.0031905
-5.00 -65.00 0.0033894
0.00 -65.00 0.003538
5.00 -65.00 0.0036356
10.00 -65.00 0.003687
15.00 -65.00 0.0036701
20.00 -65.00 0.003556
25.00 -65.00 0.0033591
30.00 -65.00 0.0031619
35.00 -65.00 0.0030785
40.00 -65.00 0.0031754
45.00 -65.00 0.0034085
50.00 -65.00 0.0036303
55.00 -65.00 0.0036663
60.00 -65.00 0.0034094
65.00 -65.00 0.0028681
70.00 -65.00 0.0021417
75.00 -65.00 0.0013516
80.00 -65.00 0.0005812
85.00 -65.00 -0.0001365
90.00 -65.00 -0.0007885
95.00 -65.00 -0.0013432
100.00 -65.00 -0.0017365
105.00 -65.00 -0.0018882
110.00 -65.00 -0.001735
115.00 -65.00 -0.0012603
120.00 -65.00 -0.0005108
125.00 -65.00 0.0004026
130.00 -65.00 0.0013265
135.00 -65.00 0.0021097
140.00 -65.00 0.0026602
145.00 -65.00 0.0029822
150.00 -65.00 0.0031652
155.00 -65.00 0.0033234
160.00 -65.00 0.0035247
165.00 -65.00 0.0037579
170.00 -65.00 0.0039578
175.00 -65.00 0.0040617
180.00 -65.00 0.0040457
-180.00 -60.00 0.0036747
-175.00 -60.00 0.0039547
-170.00 -60.00 0.0044663
-165.00 -60.00 0.0049836
-160.00 -60.00 0.0051416
-155.00 -60.00 0.0047364
-150.00 -60.00 0.0039236
-145.00 -60.00 0.0031298
-140.00 -60.00 0.0027338
-135.00 -60.00 0.0027832
-130.00 -60.00 0.0029786
-125.00 -60.00 0.0029373
-120.00 -60.00 0.0025131
-115.00 -60.00 0.0019152
-110.00 -60.00 0.0015447
-105.00 -60.00 0.0016913
-100.00 -60.00 0.0023244
-95.00 -60.00 0.0031178
-90.00 -60.00 0.0036666
-85.00 -60.00 0.0037337
-80.00 -60.00 0.0033697
-75.00 -60.00 0.0028541
-70.00 -60.00 0.0025158
-65.00 -60.00 0.0025477
-60.00 -60.00 0.0029108
-55.00 -60.00 0.0033671
-50.00 -60.00 0.0036184
-45.00 -60.00 0.0034872
-40.00 -60.00 0.0030414
-35.00 -60.00 0.0025757
-30.00 -60.00 0.0024335
-25.00 -60.00 0.0027659
-20.00 -60.00 0.0033998
-15.00 -60.00 0.0039386
-10.00 -60.00 0.0040438
-5.00 -60.00 0.0036904
0.00 -60.00 0.0031863
5.00 -60.00 0.0029225
10.00 -60.00 0.0030483
15.00 -60.00 0.0033355
20.00 -60.00 0.0033552
25.00 -60.00 0.0028309
30.00 -60.00 0.0018857
35.00 -60.00 0.0009832
40.00 -60.00 0.0006057
45.00 -60.00 0.0009208
50.00 -60.00 0.0016828
55.00 -60.00 0.0024193
60.00 -60.00 0.0027376
65.00 -60.00 0.0025189
70.00 -60.00 0.0018933
75.00 -60.00 0.0010743
80.00 -60.00 0.0002208
85.00 -60.00 -0.0005795
90.00 -60.00 -0.001248
95.00 -60.00 -0.0016851
100.00 -60.00 -0.0018162
105.00 -60.00 -0.0016541
110.00 -60.00 -0.0012904
115.00 -60.00 -0.0008123
120.00 -60.00 -0.0002366
125.00 -60.00 0.0004573
130.00 -60.00 0.001226
135.00 -60.00 0.0019158
140.00 -60.00 0.0023487
145.00 -60.00 0.0024785
150.00 -60.00 0.0024553
155.00 -60.00 0.0025136
160.00 -60.00 0.0027736
165.00 -60.00 0.0031459
170.00 -60.00 0.0034396
175.00 -60.00 0.0035733
180.00 -60.00 0.0036747
-180.00 -55.00 0.0018578
-175.00 -55.00 0.0017967
-170.00 -55.00 0.0027037
-165.00 -55.00 0.0041596
-160.00 -55.00 0.0052137
-155.00 -55.00 0.0051466
-150.00 -55.00 0.0040472
-145.00 -55.00 0.0026988
-140.00 -55.00 0.0018988
-135.00 -55.00 0.0018313
-130.00 -55.00 0.0020387
-125.00 -55.00 0.0019625
-120.00 -55.00 0.0015095
-115.00 -55.00 0.0011176
-110.00 -55.00 0.001305
-105.00 -55.00 0.0021602
-100.00 -55.00 0.0032366
-95.00 -55.00 0.003906
-90.00 -55.00 0.0038338
-85.00 -55.00 0.0031857
-80.00 -55.00 0.0024473
-75.00 -55.00 0.0020556
-70.00 -55.00 0.0021449
-65.00 -55.00 0.0025584
-60.00 -55.00 0.0030334
-55.00 -55.00 0.0033618
-50.00 -55.00 0.0034337
-45.00 -55.00 0.0032397
-40.00 -55.00 0.0029162
-35.00 -55.00 0.0027698
-30.00 -55.00 0.00313
-25.00 -55.00 0.0040382
-20.00 -55.00 0.0050377
-15.00 -55.00 0.0053615
-10.00 -55.00 0.0044934
-5.00 -55.00 0.0026798
0.00 -55.00 0.0009026
5.00 -55.00 0.00022
10.00 -55.00 0.0009355
15.00 -55.00 0.0022729
20.00 -55.00 0.0028811
25.00 -55.00 0.0018259
30.00 -55.00 -0.0006982
35.00 -55.00 -0.0034858
40.00 -55.00 -0.0051547
45.00 -55.00 -0.0050345
50.00 -55.00 -0.0034682
55.00 -55.00 -0.0014048
60.00 -55.00 0.0002969
65.00 -55.00 0.0012943
70.00 -55.00 0.0016902
75.00 -55.00 0.0016954
80.00 -55.00 0.0014233
85.00 -55.00 0.0009765
90.00 -55.00 0.0006155
95.00 -55.00 0.0006994
100.00 -55.00 0.0013738
105.00 -55.00 0.0023287
110.00 -55.00 0.0029585
115.00 -55.00 0.0028615
120.00 -55.00 0.0022202
125.00 -55.00 0.0016564
130.00 -55.00 0.0016639
135.00 -55.00 0.0021643
140.00 -55.00 0.0026304
145.00 -55.00 0.0026457
150.00 -55.00 0.0023207
155.00 -55.00 0.0021374
160.00 -55.00 0.0023956
165.00 -55.00 0.0028546
170.00 -55.00 0.0029698
175.00 -55.00 0.0025004
180.00 -55.00 0.0018578
-180.00 -50.00 0.0003278
-175.00 -50.00 -0.0007502
-170.00 -50.00 -0.0003619
-165.00 -50.00 0.0011219
-160.00 -50.00 0.0023487
-155.00 -50.00 0.0022274
-150.00 -50.00 0.0008687
-145.00 -50.00 -0.0006184
-140.00 -50.00 -0.0012218
-135.00 -50.00 -0.0009353
-130.00 -50.00 -0.0006004
-125.00 -50.00 -0.0008803
-120.00 -50.00 -0.0014617
-115.00 -50.00 -0.0013439
-110.00 -50.00 9.04e-05
-105.00 -50.00 0.0023403
-100.00 -50.00 0.004127
-95.00 -50.00 0.004465
-90.00 -50.00 0.0034703
-85.00 -50.00 0.0022345
-80.00 -50.00 0.0019292
-75.00 -50.00 0.0029159
-70.00 -50.00 0.0045702
-65.00 -50.00 0.0059032
-60.00 -50.00 0.0063757
-55.00 -50.00 0.0061676
-50.00 -50.00 0.0057499
-45.00 -50.00 0.0053265
-40.00 -50.00 0.0047837
-35.00 -50.00 0.0041105
-30.00 -50.00 0.0036489
-25.00 -50.00 0.0037452
-20.00 -50.00 0.0041688
-15.00 -50.00 0.0040533
-10.00 -50.00 0.00262
-5.00 -50.00 7.72e-05
0.00 -50.00 -0.002214
5.00 -50.00 -0.0026482
10.00 -50.00 -0.0007286
15.00 -50.00 0.0022866
20.00 -50.00 0.0041314
25.00 -50.00 0.0031847
30.00 -50.00 -0.0003042
35.00 -50.00 -0.0044255
40.00 -50.00 -0.007022
45.00 -50.00 -0.0071129
50.00 -50.00 -0.0052692
55.00 -50.00 -0.0028542
60.00 -50.00 -0.0009189
65.00 -50.00 0.0003312
70.00 -50.00 0.0012152
75.00 -50.00 0.001918
80.00 -50.00 0.0022635
85.00 -50.00 0.0021298
90.00 -50.00 0.0019396
95.00 -50.00 0.0025023
100.00 -50.00 0.0041925
105.00 -50.00 0.0062888
110.00 -50.00 0.0073195
115.00 -50.00 0.0063012
120.00 -50.00 0.0037366
125.00 -50.00 0.0013019
130.00 -50.00 0.0004105
135.00 -50.00 0.0010224
140.00 -50.00 0.0018639
145.00 -50.00 0.0017907
150.00 -50.00 0.0008931
155.00 -50.00 0.0002633
160.00 -50.00 0.000735
165.00 -50.00 0.0019305
170.00 -50.00 0.0025999
175.00 -50.00 0.0019058
180.00 -50.00 0.0003278
-180.00 -45.00 0.0022075
-175.00 -45.00 0.0001614
-170.00 -45.00 -0.0005664
-165.00 -45.00 -8.95e-05
-160.00 -45.00 0.0003204
-155.00 -45.00 -0.000337
-150.00 -45.00 -0.0018023
-145.00 -45.00 -0.0028687
-140.00 -45.00 -0.0026495
-135.00 -45.00 -0.0015673
-130.00 -45.00 -0.0009669
-125.00 -45.00 -0.0016077
-120.00 -45.00 -0.0026593
-115.00 -45.00 -0.0024473
-110.00 -45.00 -0.0002314
-105.00 -45.00 0.0029101
-100.00 -45.00 0.0050085
-95.00 -45.00 0.004952
-90.00 -45.00 0.0034041
-85.00 -45.00 0.0021937
-80.00 -45.00 0.0027902
-75.00 -45.00 0.0051141
-70.00 -45.00 0.007642
-65.00 -45.00 0.0087432
-60.00 -45.00 0.0080719
-55.00 -45.00 0.0066909
-50.00 -45.00 0.0058153
-45.00 -45.00 0.0055354
-40.00 -45.00 0.0049199
-35.00 -45.00 0.0033112
-30.00 -45.00 0.0012412
-25.00 -45.00 -0.0001048
-20.00 -45.00 -0.0002106
-15.00 -45.00 0.0001721
-10.00 -45.00 -0.0002333
-5.00 -45.00 -0.0019162
0.00 -45.00 -0.0039318
5.00 -45.00 -0.0045569
10.00 -45.00 -0.0028219
15.00 -45.00 0.0003784
20.00 -45.00 0.0027742
25.00 -45.00 0.0025669
30.00 -45.00 -6.2e-05
35.00 -45.00 -0.0032091
40.00 -45.00 -0.0049088
45.00 -45.00 -0.0045764
50.00 -45.00 -0.0031155
55.00 -45.00 -0.0018861
60.00 -45.00 -0.0015294
65.00 -45.00 -0.0015987
70.00 -45.00 -0.0012478
75.00 -45.00 -0.0002611
80.00 -45.00 0.0006951
85.00 -45.00 0.0009277
90.00 -45.00 0.0007313
95.00 -45.00 0.0013135
100.00 -45.00 0.0035018
105.00 -45.00 0.0064995
110.00 -45.00 0.0081694
115.00 -45.00 0.0069083
120.00 -45.00 0.0033651
125.00 -45.00 8.1e-05
130.00 -45.00 -0.0008059
135.00 -45.00 0.0005141
140.00 -45.00 0.001943
145.00 -45.00 0.0017082
150.00 -45.00 7.48e-05
155.00 -45.00 -0.0010735
160.00 -45.00 -0.0002231
165.00 -45.00 0.0022023
170.00 -45.00 0.0042046
175.00 -45.00 0.0041306
180.00 -45.00 0.0022075
-180.00 -40.00 0.0044043
-175.00 -40.00 0.0019741
-170.00 -40.00 0.0005355
-165.00 -40.00 0.0001288
-160.00 -40.00 -9.71e-05
-155.00 -40.00 -0.0007699
-150.00 -40.00 -0.0017527
-145.00 -40.00 -0.0022842
-140.00 -40.00 -0.0016765
-135.00 -40.00 -0.0002094
-130.00 -40.00 0.0008586
-125.00 -40.00 0.0006383
-120.00 -40.00 -0.0001972
-115.00 -40.00 -0.0001009
-110.00 -40.00 0.0015117
-105.00 -40.00 0.0035836
-100.00 -40.00 0.0045911
-95.00 -40.00 0.0040471
-90.00 -40.00 0.0028526
-85.00 -40.00 0.0024725
-80.00 -40.00 0.0037079
-75.00 -40.00 0.0059024
-70.00 -40.00 0.0073012
-65.00 -40.00 0.0065645
-60.00 -40.00 0.0041529
-55.00 -40.00 0.0020084
-50.00 -40.00 0.001596
-45.00 -40.00 0.0023543
-40.00 -40.00 0.0023754
-35.00 -40.00 0.0006042
-30.00 -40.00 -0.0019889
-25.00 -40.00 -0.0035218
-20.00 -40.00 -0.003127
-15.00 -40.00 -0.0015944
-10.00 -40.00 -0.0004991
-5.00 -40.00 -0.0009815
0.00 -40.00 -0.0029636
5.00 -40.00 -0.0051059
10.00 -40.00 -0.0058209
15.00 -40.00 -0.0048043
20.00 -40.00 -0.0033898
25.00 -40.00 -0.0030522
30.00 -40.00 -0.0038245
35.00 -40.00 -0.004537
40.00 -40.00 -0.0042863
45.00 -40.00 -0.0032401
50.00 -40.00 -0.0022586
55.00 -40.00 -0.0021296
60.00 -40.00 -0.0029559
65.00 -40.00 -0.0039363
70.00 -40.00 -0.0039514
75.00 -40.00 -0.0026933
80.00 -40.00 -0.0010852
85.00 -40.00 -0.000316
90.00 -40.00 -0.0004998
95.00 -40.00 -0.000452
100.00 -40.00 0.0010975
105.00 -40.00 0.0039526
110.00 -40.00 0.0062068
115.00 -40.00 0.0059886
120.00 -40.00 0.0036089
125.00 -40.00 0.0014956
130.00 -40.00 0.0016552
135.00 -40.00 0.0035779
140.00 -40.00 0.0049915
145.00 -40.00 0.0043448
150.00 -40.00 0.0022367
155.00 -40.00 0.0007053
160.00 -40.00 0.001355
165.00 -40.00 0.0038729
170.00 -40.00 0.0061911
175.00 -40.00 0.0063686
180.00 -40.00 0.0044043
-180.00 -35.00 0.0028236
-175.00 -35.00 0.0007991
-170.00 -35.00 -0.0004486
-165.00 -35.00 -0.0009974
-160.00 -35.00 -0.0011113
-155.00 -35.00 -0.0008773
-150.00 -35.00 -0.0007538
-145.00 -35.00 -0.0011707
-140.00 -35.00 -0.0015841
-135.00 -35.00 -0.0010547
-130.00 -35.00 0.0003588
-125.00 -35.00 0.0017844
-120.00 -35.00 0.0028117
-115.00 -35.00 0.003557
-110.00 -35.00 0.0037965
-105.00 -35.00 0.0031198
-100.00 -35.00 0.0018293
-95.00 -35.00 0.0008527
-90.00 -35.00 0.0008287
-85.00 -35.00 0.0017605
-80.00 -35.00 0.0032154
-75.00 -35.00 0.0042989
-70.00 -35.00 0.0038486
-65.00 -35.00 0.0014897
-60.00 -35.00 -0.0014853
-55.00 -35.00 -0.002962
-50.00 -35.00 -0.0021001
-45.00 -35.00 -0.0003177
-40.00 -35.00 0.0002188
-35.00 -35.00 -0.0010073
-30.00 -35.00 -0.0024744
-25.00 -35.00 -0.0026322
-20.00 -35.00 -0.0015262
-15.00 -35.00 -0.0001626
-10.00 -35.00 0.000715
-5.00 -35.00 0.0005284
0.00 -35.00 -0.0013697
5.00 -35.00 -0.0046819
10.00 -35.00 -0.0076833
15.00 -35.00 -0.0089126
20.00 -35.00 -0.0087497
25.00 -35.00 -0.008369
30.00 -35.00 -0.0079629
35.00 -35.00 -0.0070837
40.00 -35.00 -0.0059089
45.00 -35.00 -0.004974
50.00 -35.00 -0.0042847
55.00 -35.00 -0.0036643
60.00 -35.00 -0.0033338
65.00 -35.00 -0.003325
70.00 -35.00 -0.0029919
75.00 -35.00 -0.0018495
80.00 -35.00 -0.0003819
85.00 -35.00 0.0004885
90.00 -35.00 0.0003866
95.00 -35.00 -0.0001512
100.00 -35.00 1.33e-05
105.00 -35.00 0.0016134
110.00 -35.00 0.003884
115.00 -35.00 0.0051553
120.00 -35.00 0.005028
125.00 -35.00 0.0049734
130.00 -35.00 0.0061116
135.00 -35.00 0.0075481
140.00 -35.00 0.00775
145.00 -35.00 0.0064784
150.00 -35.00 0.0045932
155.00 -35.00 0.0030361
160.00 -35.00 0.0026065
165.00 -35.00 0.0035421
170.00 -35.00 0.0047492
175.00 -35.00 0.0045859
180.00 -35.00 0.0028236
-180.00 -30.00 7.95e-05
-175.00 -30.00 -0.0009646
-170.00 -30.00 -0.0016558
-165.00 -30.00 -0.0024895
-160.00 -30.00 -0.0031028
-155.00 -30.00 -0.0025217
-150.00 -30.00 -0.0015337
-145.00 -30.00 -0.0020213
-140.00 -30.00 -0.0038514
-135.00 -30.00 -0.0048168
-130.00 -30.00 -0.0035557
-125.00 -30.00 -0.0006486
-120.00 -30.00 0.0025748
-115.00 -30.00 0.004582
-110.00 -30.00 0.0039381
-105.00 -30.00 0.0008735
-100.00 -30.00 -0.0021791
-95.00 -30.00 -0.0029722
-90.00 -30.00 -0.0016141
-85.00 -30.00 0.0004209
-80.00 -30.00 0.0021304
-75.00 -30.00 0.0029013
-70.00 -30.00 0.0020271
-65.00 -30.00 -0.0003326
-60.00 -30.00 -0.0024901
-55.00 -30.00 -0.0027088
-50.00 -30.00 -0.0011798
-45.00 -30.00 0.0001593
-40.00 -30.00 -0.0001037
-35.00 -30.00 -0.0011714
-30.00 -30.00 -0.001177
-25.00 -30.00 0.0001007
-20.00 -30.00 0.0008548
-15.00 -30.00 7.14e-05
-10.00 -30.00 -0.0009475
-5.00 -30.00 -0.0011328
0.00 -30.00 -0.0018376
5.00 -30.00 -0.0044962
10.00 -30.00 -0.0078051
15.00 -30.00 -0.0095422
20.00 -30.00 -0.009668
25.00 -30.00 -0.0093562
30.00 -30.00 -0.0086078
35.00 -30.00 -0.0071607
40.00 -30.00 -0.0060644
45.00 -30.00 -0.0060113
50.00 -30.00 -0.0056876
55.00 -30.00 -0.0038297
60.00 -30.00 -0.0013578
65.00 -30.00 0.0001862
70.00 -30.00 0.0007272
75.00 -30.00 0.0009589
80.00 -30.00 0.0011405
85.00 -30.00 0.0013509
90.00 -30.00 0.0015235
95.00 -30.00 0.0011731
100.00 -30.00 0.0004398
105.00 -30.00 0.000653
110.00 -30.00 0.002365
115.00 -30.00 0.0041846
120.00 -30.00 0.0050981
125.00 -30.00 0.0059977
130.00 -30.00 0.0073123
135.00 -30.00 0.0075832
140.00 -30.00 0.0061223
145.00 -30.00 0.0044367
150.00 -30.00 0.0034362
155.00 -30.00 0.0020904
160.00 -30.00 0.0002173
165.00 -30.00 -0.0005186
170.00 -30.00 0.0003064
175.00 -30.00 0.000846
180.00 -30.00 7.95e-05
-180.00 -25.00 -0.000918
-175.00 -25.00 -0.0013433
-170.00 -25.00 -0.0014975
-165.00 -25.00 -0.0028278
-160.00 -25.00 -0.0049791
-155.00 -25.00 -0.0055858
-150.00 -25.00 -0.0046805
-145.00 -25.00 -0.0047197
-140.00 -25.00 -0.0061926
-135.00 -25.00 -0.0070775
-130.00 -25.00 -0.0061254
-125.00 -25.00 -0.0036363
-120.00 -25.00 -0.0003092
-115.00 -25.00 0.0021619
-110.00 -25.00 0.0014214
-105.00 -25.00 -0.0022585
-100.00 -25.00 -0.0052629
-95.00 -25.00 -0.005061
-90.00 -25.00 -0.0028797
-85.00 -25.00 -0.0007014
-80.00 -25.00 0.0013215
-75.00 -25.00 0.0030574
-70.00 -25.00 0.0031599
-65.00 -25.00 0.0014122
-60.00 -25.00 -9.82e-05
-55.00 -25.00 0.0002831
-50.00 -25.00 0.0015036
-45.00 -25.00 0.0014032
-40.00 -25.00 -0.0003734
-35.00 -25.00 -0.0018613
-30.00 -25.00 -0.0011983
-25.00 -25.00 0.0006289
-20.00 -25.00 0.0005705
-15.00 -25.00 -0.0021624
-10.00 -25.00 -0.0044976
-5.00 -25.00 -0.0041312
0.00 -25.00 -0.0033131
5.00 -25.00 -0.0050644
10.00 -25.00 -0.0082098
15.00 -25.00 -0.0097862
20.00 -25.00 -0.0097589
25.00 -25.00 -0.0094771
30.00 -25.00 -0.008278
35.00 -25.00 -0.0056267
40.00 -25.00 -0.0037048
45.00 -25.00 -0.0040021
50.00 -25.00 -0.0042848
55.00 -25.00 -0.002298
60.00 -25.00 0.0006136
65.00 -25.00 0.0022322
70.00 -25.00 0.0025256
75.00 -25.00 0.0021269
80.00 -25.00 0.001165
85.00 -25.00 0.0005778
90.00 -25.00 0.0012313
95.00 -25.00 0.0018726
100.00 -25.00 0.0012541
105.00 -25.00 0.0008554
110.00 -25.00 0.0020861
115.00 -25.00 0.0033441
120.00 -25.00 0.0032992
125.00 -25.00 0.0035748
130.00 -25.00 0.0048373
135.00 -25.00 0.0046383
140.00 -25.00 0.0022916
145.00 -25.00 0.0007759
150.00 -25.00 0.0009638
155.00 -25.00 -0.0002598
160.00 -25.00 -0.003566
165.00 -25.00 -0.0050833
170.00 -25.00 -0.0031424
175.00 -25.00 -0.0010062
180.00 -25.00 -0.000918
-180.00 -20.00 -0.0030005
-175.00 -20.00 -0.0040689
-170.00 -20.00 -0.0033948
-165.00 -20.00 -0.0038446
-160.00 -20.00 -0.0063297
-155.00 -20.00 -0.0080174
-150.00 -20.00 -0.0077431
-145.00 -20.00 -0.0070396
-140.00 -20.00 -0.0063078
-135.00 -20.00 -0.0050066
-130.00 -20.00 -0.0039836
-125.00 -20.00 -0.0036234
-120.00 -20.00 -0.0024544
-115.00 -20.00 -0.000671
-110.00 -20.00 -0.0011194
-105.00 -20.00 -0.0041211
-100.00 -20.00 -0.0059102
-95.00 -20.00 -0.0045407
-90.00 -20.00 -0.0024633
-85.00 -20.00 -0.0013804
-80.00 -20.00 0.0001965
-75.00 -20.00 0.0025044
-70.00 -20.00 0.0029462
-65.00 -20.00 0.0008913
-60.00 -20.00 -0.0005643
-55.00 -20.00 0.0005516
-50.00 -20.00 0.0021772
-45.00 -20.00 0.0015915
-40.00 -20.00 -0.000954
-35.00 -20.00 -0.0029406
-30.00 -20.00 -0.0025748
-25.00 -20.00 -0.0009041
-20.00 -20.00 -0.0008871
-15.00 -20.00 -0.0033874
-10.00 -20.00 -0.0054163
-5.00 -20.00 -0.0047101
0.00 -20.00 -0.0038093
5.00 -20.00 -0.0058902
10.00 -20.00 -0.0092872
15.00 -20.00 -0.0107093
20.00 -20.00 -0.0106792
25.00 -20.00 -0.0107525
30.00 -20.00 -0.0091816
35.00 -20.00 -0.0047721
40.00 -20.00 -0.0009233
45.00 -20.00 -0.0005663
50.00 -20.00 -0.0013966
55.00 -20.00 -0.0005627
60.00 -20.00 0.0007905
65.00 -20.00 0.0011672
70.00 -20.00 0.0015152
75.00 -20.00 0.0019093
80.00 -20.00 0.001024
85.00 -20.00 -4.48e-05
90.00 -20.00 0.0008518
95.00 -20.00 0.0023369
100.00 -20.00 0.0020902
105.00 -20.00 0.0016612
110.00 -20.00 0.0028802
115.00 -20.00 0.0034603
120.00 -20.00 0.0018968
125.00 -20.00 0.0012986
130.00 -20.00 0.003002
135.00 -20.00 0.0031898
140.00 -20.00 0.0006344
145.00 -20.00 -0.0003255
150.00 -20.00 0.0012693
155.00 -20.00 0.0003279
160.00 -20.00 -0.0042054
165.00 -20.00 -0.0064031
170.00 -20.00 -0.0039362
175.00 -20.00 -0.0018551
180.00 -20.00 -0.0030005
-180.00 -15.00 -0.0067988
-175.00 -15.00 -0.0090908
-170.00 -15.00 -0.0075972
-165.00 -15.00 -0.0059488
-160.00 -15.00 -0.0065148
-155.00 -15.00 -0.0075672
-150.00 -15.00 -0.0078255
-145.00 -15.00 -0.0071878
-140.00 -15.00 -0.0047488
-135.00 -15.00 -0.0012492
-130.00 -15.00 -8.27e-05
-125.00 -15.00 -0.0018724
-120.00 -15.00 -0.0028203
-115.00 -15.00 -0.0015054
-110.00 -15.00 -0.0012901
-105.00 -15.00 -0.0033245
-100.00 -15.00 -0.0039704
-95.00 -15.00 -0.0017617
-90.00 -15.00 -4.96e-05
-85.00 -15.00 -0.0004508
-80.00 -15.00 -0.0004581
-75.00 -15.00 0.0005301
-70.00 -15.00 -0.0004111
-65.00 -15.00 -0.0034233
-60.00 -15.00 -0.0042765
-55.00 -15.00 -0.0011206
-50.00 -15.00 0.002428
-45.00 -15.00 0.0026204
-40.00 -15.00 -4.6e-05
-35.00 -15.00 -0.0027209
-30.00 -15.00 -0.0035071
-25.00 -15.00 -0.0026495
-20.00 -15.00 -0.0020891
-15.00 -15.00 -0.0031502
-10.00 -15.00 -0.0045267
-5.00 -15.00 -0.0046136
0.00 -15.00 -0.0047644
5.00 -15.00 -0.0067467
10.00 -15.00 -0.0088571
15.00 -15.00 -0.009008
20.00 -15.00 -0.0088823
25.00 -15.00 -0.0099398
30.00 -15.00 -0.0091426
35.00 -15.00 -0.0043343
40.00 -15.00 0.0006312
45.00 -15.00 0.0017528
50.00 -15.00 0.0008006
55.00 -15.00 0.0005871
60.00 -15.00 0.0003437
65.00 -15.00 -0.0002876
70.00 -15.00 0.0006169
75.00 -15.00 0.0024084
80.00 -15.00 0.0021733
85.00 -15.00 0.0008264
90.00 -15.00 0.0015404
95.00 -15.00 0.0031629
100.00 -15.00 0.0028202
105.00 -15.00 0.0020854
110.00 -15.00 0.0030406
115.00 -15.00 0.0031429
120.00 -15.00 0.0010671
125.00 -15.00 0.0007563
130.00 -15.00 0.003304
135.00 -15.00 0.0035983
140.00 -15.00 0.000543
145.00 -15.00 6.21e-05
150.00 -15.00 0.0031728
155.00 -15.00 0.0029913
160.00 -15.00 -0.00217
165.00 -15.00 -0.0052696
170.00 -15.00 -0.0036761
175.00 -15.00 -0.0033251
180.00 -15.00 -0.0067988
-180.00 -10.00 -0.0071275
-175.00 -10.00 -0.0092969
-170.00 -10.00 -0.0080405
-165.00 -10.00 -0.0059591
-160.00 -10.00 -0.0050366
-155.00 -10.00 -0.005011
-150.00 -10.00 -0.0057093
-145.00 -10.00 -0.005918
-140.00 -10.00 -0.003365
-135.00 -10.00 0.0006009
-130.00 -10.00 0.0013383
-125.00 -10.00 -0.0015067
-120.00 -10.00 -0.0029563
-115.00 -10.00 -0.00121
-110.00 -10.00 -0.0001229
-105.00 -10.00 -0.0013096
-100.00 -10.00 -0.0012253
-95.00 -10.00 0.001663
-90.00 -10.00 0.0038259
-85.00 -10.00 0.0030251
-80.00 -10.00 0.0013358
-75.00 -10.00 -3.65e-05
-70.00 -10.00 -0.0027153
-65.00 -10.00 -0.0060011
-60.00 -10.00 -0.0057605
-55.00 -10.00 -0.0008964
-50.00 -10.00 0.0039959
-45.00 -10.00 0.0046256
-40.00 -10.00 0.0017433
-35.00 -10.00 -0.0014836
-30.00 -10.00 -0.0033177
-25.00 -10.00 -0.0037191
-20.00 -10.00 -0.0035527
-15.00 -10.00 -0.0040236
-10.00 -10.00 -0.0053475
-5.00 -10.00 -0.0065606
0.00 -10.00 -0.0071679
5.00 -10.00 -0.0072408
10.00 -10.00 -0.0062738
15.00 -10.00 -0.0046395
20.00 -10.00 -0.0047177
25.00 -10.00 -0.0069963
30.00 -10.00 -0.0075925
35.00 -10.00 -0.0039281
40.00 -10.00 0.0005774
45.00 -10.00 0.0019063
50.00 -10.00 0.0011398
55.00 -10.00 0.0006546
60.00 -10.00 4.88e-05
65.00 -10.00 -0.0005636
70.00 -10.00 0.0007119
75.00 -10.00 0.0029885
80.00 -10.00 0.0032155
85.00 -10.00 0.0021409
90.00 -10.00 0.0027966
95.00 -10.00 0.004141
100.00 -10.00 0.0033635
105.00 -10.00 0.0016891
110.00 -10.00 0.0011159
115.00 -10.00 0.0001286
120.00 -10.00 -0.0014238
125.00 -10.00 -0.0001515
130.00 -10.00 0.0032087
135.00 -10.00 0.0030127
140.00 -10.00 -0.0004589
145.00 -10.00 -0.0003294
150.00 -10.00 0.0036634
155.00 -10.00 0.0037127
160.00 -10.00 -0.0017567
165.00 -10.00 -0.0053215
170.00 -10.00 -0.0041932
175.00 -10.00 -0.0039675
180.00 -10.00 -0.0071275
-180.00 -5.00 -0.0031981
-175.00 -5.00 -0.0033849
-170.00 -5.00 -0.0033477
-165.00 -5.00 -0.0034869
-160.00 -5.00 -0.0036105
-155.00 -5.00 -0.0039284
-150.00 -5.00 -0.0049847
-145.00 -5.00 -0.0051509
-140.00 -5.00 -0.0024443
-135.00 -5.00 0.0008803
-130.00 -5.00 0.0007359
-125.00 -5.00 -0.0020542
-120.00 -5.00 -0.0029361
-115.00 -5.00 -0.0010781
-110.00 -5.00 2.14e-05
-105.00 -5.00 -0.0007461
-100.00 -5.00 -0.0002708
-95.00 -5.00 0.0030567
-90.00 -5.00 0.006365
-85.00 -5.00 0.0065832
-80.00 -5.00 0.0042677
-75.00 -5.00 0.0014342
-70.00 -5.00 -0.0013971
-65.00 -5.00 -0.0037317
-60.00 -5.00 -0.0034745
-55.00 -5.00 9.38e-05
-50.00 -5.00 0.0037516
-45.00 -5.00 0.0039826
-40.00 -5.00 0.0015232
-35.00 -5.00 -0.0006165
-30.00 -5.00 -0.00168
-25.00 -5.00 -0.0027911
-20.00 -5.00 -0.0040933
-15.00 -5.00 -0.0050887
-10.00 -5.00 -0.0061336
-5.00 -5.00 -0.0073926
0.00 -5.00 -0.007734
5.00 -5.00 -0.0061947
10.00 -5.00 -0.0036432
15.00 -5.00 -0.002283
20.00 -5.00 -0.0035786
25.00 -5.00 -0.0062343
30.00 -5.00 -0.00684
35.00 -5.00 -0.003951
40.00 -5.00 -0.0003144
45.00 -5.00 0.0009304
50.00 -5.00 0.0002517
55.00 -5.00 -0.0003346
60.00 -5.00 -0.0004946
65.00 -5.00 -0.0003393
70.00 -5.00 0.0008313
75.00 -5.00 0.0025784
80.00 -5.00 0.0034194
85.00 -5.00 0.0036406
90.00 -5.00 0.0044802
95.00 -5.00 0.0050695
100.00 -5.00 0.0038514
105.00 -5.00 0.0013613
110.00 -5.00 -0.0013873
115.00 -5.00 -0.0040903
120.00 -5.00 -0.0048583
125.00 -5.00 -0.0019016
130.00 -5.00 0.0015592
135.00 -5.00 0.0009306
140.00 -5.00 -0.0013746
145.00 -5.00 0.000325
150.00 -5.00 0.003967
155.00 -5.00 0.0024478
160.00 -5.00 -0.0038456
165.00 -5.00 -0.0074989
170.00 -5.00 -0.0059743
175.00 -5.00 -0.0036275
180.00 -5.00 -0.0031981
-180.00 0.00 -0.0010099
-175.00 0.00 0.0006391
-170.00 0.00 -0.0002779
-165.00 0.00 -0.0024994
-160.00 0.00 -0.0042869
-155.00 0.00 -0.0057392
-150.00 0.00 -0.0066218
-145.00 0.00 -0.004956
-140.00 0.00 -0.0009364
-135.00 0.00 0.0016094
-130.00 0.00 0.0006502
-125.00 0.00 -0.0011583
-120.00 0.00 -0.0012095
-115.00 0.00 -0.0005438
-110.00 0.00 -0.0009935
-105.00 0.00 -0.00199
-100.00 0.00 -0.001456
-95.00 0.00 0.0016396
-90.00 0.00 0.005629
-85.00 0.00 0.0071248
-80.00 0.00 0.0049545
-75.00 0.00 0.0018687
-70.00 0.00 0.0004093
-65.00 0.00 -0.0002836
-60.00 0.00 -0.0012473
-55.00 0.00 -0.0012457
-50.00 0.00 -0.0001177
-45.00 0.00 5.54e-05
-40.00 0.00 -0.000751
-35.00 0.00 -0.0002134
-30.00 0.00 0.0011237
-25.00 0.00 0.0001426
-20.00 0.00 -0.0028598
-15.00 0.00 -0.0044636
-10.00 0.00 -0.0041346
-5.00 0.00 -0.0041455
0.00 0.00 -0.0045197
5.00 0.00 -0.0036072
10.00 0.00 -0.0024117
15.00 0.00 -0.0034143
20.00 0.00 -0.0061925
25.00 0.00 -0.0078528
30.00 0.00 -0.0067805
35.00 0.00 -0.0037959
40.00 0.00 -0.0008294
45.00 0.00 0.0004383
50.00 0.00 -0.0001532
55.00 0.00 -0.000989
60.00 0.00 -0.0006175
65.00 0.00 0.0005738
70.00 0.00 0.0015547
75.00 0.00 0.0025066
80.00 0.00 0.0041328
85.00 0.00 0.0058522
90.00 0.00 0.0062557
95.00 0.00 0.0051967
100.00 0.00 0.0037322
105.00 0.00 0.0018128
110.00 0.00 -0.0015352
115.00 0.00 -0.0048932
120.00 0.00 -0.0048362
125.00 0.00 -0.0015694
130.00 0.00 0.0002037
135.00 0.00 -0.0011133
140.00 0.00 -0.0009414
145.00 0.00 0.0030355
150.00 0.00 0.0054893
155.00 0.00 0.0015605
160.00 0.00 -0.0053378
165.00 0.00 -0.0088328
170.00 0.00 -0.0076277
175.00 0.00 -0.0042998
180.00 0.00 -0.0010099
-180.00 5.00 -0.0021846
-175.00 5.00 -0.0006892
-170.00 5.00 -0.0020377
-165.00 5.00 -0.0042891
-160.00 5.00 -0.0060417
-155.00 5.00 -0.0077677
-150.00 5.00 -0.0078434
-145.00 5.00 -0.003977
-140.00 5.00 0.0010009
-135.00 5.00 0.0021873
-130.00 5.00 0.0005778
-125.00 5.00 0.0005277
-120.00 5.00 0.0016501
-115.00 5.00 0.0006652
-110.00 5.00 -0.0019009
-105.00 5.00 -0.0032265
-100.00 5.00 -0.0025842
-95.00 5.00 -0.0001119
-90.00 5.00 0.0038033
-85.00 5.00 0.0060822
-80.00 5.00 0.0040252
-75.00 5.00 0.0006107
-70.00 5.00 9.15e-05
-65.00 5.00 0.0007674
-60.00 5.00 -0.000877
-55.00 5.00 -0.0031778
-50.00 5.00 -0.0033063
-45.00 5.00 -0.0026374
-40.00 5.00 -0.0022866
-35.00 5.00 -0.0002602
-30.00 5.00 0.002499
-25.00 5.00 0.0014615
-20.00 5.00 -0.0028893
-15.00 5.00 -0.0046368
-10.00 5.00 -0.0023851
-5.00 5.00 -0.0006584
0.00 5.00 -0.0011171
5.00 5.00 -0.0013728
10.00 5.00 -0.0017083
15.00 5.00 -0.0043996
20.00 5.00 -0.0077513
25.00 5.00 -0.0081114
30.00 5.00 -0.0057816
35.00 5.00 -0.0033947
40.00 5.00 -0.0015252
45.00 5.00 -7.11e-05
50.00 5.00 -3.72e-05
55.00 5.00 -0.0008418
60.00 5.00 -0.0001108
65.00 5.00 0.0020417
70.00 5.00 0.0031692
75.00 5.00 0.0034525
80.00 5.00 0.0051327
85.00 5.00 0.0071376
90.00 5.00 0.0062779
95.00 5.00 0.0034225
100.00 5.00 0.0021913
105.00 5.00 0.0022745
110.00 5.00 0.0007815
115.00 5.00 -0.0009982
120.00 5.00 0.0002632
125.00 5.00 0.0024183
130.00 5.00 0.0008714
135.00 5.00 -0.002189
140.00 5.00 -0.0007018
145.00 5.00 0.0041281
150.00 5.00 0.0049891
155.00 5.00 9.98e-05
160.00 5.00 -0.0051407
165.00 5.00 -0.0071678
170.00 5.00 -0.0068998
175.00 5.00 -0.0050852
180.00 5.00 -0.0021846
-180.00 10.00 -0.0023005
-175.00 10.00 -0.0020836
-170.00 10.00 -0.0040911
-165.00 10.00 -0.0058012
-160.00 10.00 -0.0065309
-155.00 10.00 -0.0074774
-150.00 10.00 -0.0066252
-145.00 10.00 -0.0020768
-140.00 10.00 0.0018306
-135.00 10.00 0.0008043
-130.00 10.00 -0.0012086
-125.00 10.00 0.0007708
-120.00 10.00 0.0033601
-115.00 10.00 0.00158
-110.00 10.00 -0.0020585
-105.00 10.00 -0.0031064
-100.00 10.00 -0.0020939
-95.00 10.00 -0.0001687
-90.00 10.00 0.003511
-85.00 10.00 0.0065554
-80.00 10.00 0.0048697
-75.00 10.00 0.0006225
-70.00 10.00 -0.0006986
-65.00 10.00 0.0002108
-60.00 10.00 -0.0007453
-55.00 10.00 -0.0025441
-50.00 10.00 -0.0023166
-45.00 10.00 -0.0017026
-40.00 10.00 -0.0022099
-35.00 10.00 -0.0013316
-30.00 10.00 0.0007083
-25.00 10.00 -0.0008069
-20.00 10.00 -0.0055983
-15.00 10.00 -0.0071098
-10.00 10.00 -0.00371
-5.00 10.00 -0.0008289
0.00 10.00 -0.0007195
5.00 10.00 -0.0006021
10.00 10.00 -0.0006308
15.00 10.00 -0.0033532
20.00 10.00 -0.0066655
25.00 10.00 -0.0065933
30.00 10.00 -0.004491
35.00 10.00 -0.0037386
40.00 10.00 -0.0034185
45.00 10.00 -0.0018067
50.00 10.00 -0.0008062
55.00 10.00 -0.0014354
60.00 10.00 -0.0008795
65.00 10.00 0.0018384
70.00 10.00 0.0036983
75.00 10.00 0.0037954
80.00 10.00 0.0045611
85.00 10.00 0.0055942
90.00 10.00 0.0039169
95.00 10.00 0.0007418
100.00 10.00 0.0001503
105.00 10.00 0.0017165
110.00 10.00 0.0022809
115.00 10.00 0.0029046
120.00 10.00 0.0056909
125.00 10.00 0.0070361
130.00 10.00 0.0031706
135.00 10.00 -0.0015173
140.00 10.00 -0.0010753
145.00 10.00 0.0016214
150.00 10.00 0.000395
155.00 10.00 -0.0034273
160.00 10.00 -0.004792
165.00 10.00 -0.0040374
170.00 10.00 -0.00399
175.00 10.00 -0.0037546
180.00 10.00 -0.0023005
-180.00 15.00 -0.0009377
-175.00 15.00 -0.0011814
-170.00 15.00 -0.0038524
-165.00 15.00 -0.0057708
-160.00 15.00 -0.0058439
-155.00 15.00 -0.0055329
-150.00 15.00 -0.0038886
-145.00 15.00 -0.0002773
-140.00 15.00 0.0011804
-135.00 15.00 -0.0017259
-130.00 15.00 -0.0034794
-125.00 15.00 4.47e-05
-120.00 15.00 0.0037173
-115.00 15.00 0.0023343
-110.00 15.00 -0.0007145
-105.00 15.00 -0.0010253
-100.00 15.00 -0.0001697
-95.00 15.00 0.0005778
-90.00 15.00 0.0035299
-85.00 15.00 0.0074298
-80.00 15.00 0.0071199
-75.00 15.00 0.0027835
-70.00 15.00 -0.0001039
-65.00 15.00 -0.0001545
-60.00 15.00 -0.0002623
-55.00 15.00 -0.000571
-50.00 15.00 0.0001932
-45.00 15.00 0.0001679
-40.00 15.00 -0.001657
-35.00 15.00 -0.0023718
-30.00 15.00 -0.0014849
-25.00 15.00 -0.0029475
-20.00 15.00 -0.0068586
-15.00 15.00 -0.0079173
-10.00 15.00 -0.004892
-5.00 15.00 -0.0023282
0.00 15.00 -0.0017211
5.00 15.00 -0.0006059
10.00 15.00 9.99e-05
15.00 15.00 -0.0023765
20.00 15.00 -0.0055295
25.00 15.00 -0.0051691
30.00 15.00 -0.0031636
35.00 15.00 -0.0033386
40.00 15.00 -0.0040917
45.00 15.00 -0.0026808
50.00 15.00 -0.0014
55.00 15.00 -0.0025488
60.00 15.00 -0.0031512
65.00 15.00 -0.0006246
70.00 15.00 0.0023138
75.00 15.00 0.0029571
80.00 15.00 0.0026719
85.00 15.00 0.0025875
90.00 15.00 0.001521
95.00 15.00 -6.76e-05
100.00 15.00 -0.0001585
105.00 15.00 0.0006496
110.00 15.00 0.0008966
115.00 15.00 0.0023212
120.00 15.00 0.0059947
125.00 15.00 0.0078939
130.00 15.00 0.0049349
135.00 15.00 0.000859
140.00 15.00 -0.0003863
145.00 15.00 -0.0012771
150.00 15.00 -0.004299
155.00 15.00 -0.005942
160.00 15.00 -0.0036251
165.00 15.00 -0.0011879
170.00 15.00 -0.0016217
175.00 15.00 -0.0021027
180.00 15.00 -0.0009377
-180.00 20.00 -0.0015189
-175.00 20.00 -0.0013207
-170.00 20.00 -0.0038673
-165.00 20.00 -0.0060248
-160.00 20.00 -0.0056727
-155.00 20.00 -0.0039039
-150.00 20.00 -0.0014094
-145.00 20.00 0.0009805
-140.00 20.00 0.0004825
-135.00 20.00 -0.0028795
-130.00 20.00 -0.0038596
-125.00 20.00 1.33e-05
-120.00 20.00 0.0037967
-115.00 20.00 0.0036096
-110.00 20.00 0.0024573
-105.00 20.00 0.0029397
-100.00 20.00 0.0026117
-95.00 20.00 0.0009295
-90.00 20.00 0.001877
-85.00 20.00 0.0058566
-80.00 20.00 0.0076089
-75.00 20.00 0.004971
-70.00 20.00 0.0017338
-65.00 20.00 0.0005531
-60.00 20.00 0.0003467
-55.00 20.00 0.0005063
-50.00 20.00 0.0012117
-45.00 20.00 0.0010559
-40.00 20.00 -0.0005396
-35.00 20.00 -0.0015275
-30.00 20.00 -0.0014225
-25.00 20.00 -0.0026013
-20.00 20.00 -0.004977
-15.00 20.00 -0.0053248
-10.00 20.00 -0.0034022
-5.00 20.00 -0.0022043
0.00 20.00 -0.0019464
5.00 20.00 -0.0007751
10.00 20.00 -0.0002442
15.00 20.00 -0.0026154
20.00 20.00 -0.004936
25.00 20.00 -0.0033633
30.00 20.00 -0.0003014
35.00 20.00 3.82e-05
40.00 20.00 -0.0008759
45.00 20.00 6.29e-05
50.00 20.00 0.0008369
55.00 20.00 -0.0013527
60.00 20.00 -0.0036946
65.00 20.00 -0.0023202
70.00 20.00 0.0009974
75.00 20.00 0.0022206
80.00 20.00 0.0012581
85.00 20.00 0.0005526
90.00 20.00 0.0009311
95.00 20.00 0.0017118
100.00 20.00 0.0020311
105.00 20.00 0.0010203
110.00 20.00 -0.0006835
115.00 20.00 -0.0004682
120.00 20.00 0.0023997
125.00 20.00 0.0047908
130.00 20.00 0.0043812
135.00 20.00 0.0026488
140.00 20.00 0.0007104
145.00 20.00 -0.0025522
150.00 20.00 -0.0056618
155.00 20.00 -0.0044915
160.00 20.00 0.0001277
165.00 20.00 0.002018
170.00 20.00 -0.0005537
175.00 20.00 -0.002521
180.00 20.00 -0.0015189
-180.00 25.00 -0.0027549
-175.00 25.00 -0.0024842
-170.00 25.00 -0.0046056
-165.00 25.00 -0.0067997
-160.00 25.00 -0.0063171
-155.00 25.00 -0.0035196
-150.00 25.00 -0.0001575
-145.00 25.00 0.0018993
-140.00 25.00 0.0010316
-135.00 25.00 -0.0016482
-130.00 25.00 -0.0023313
-125.00 25.00 0.0002058
-120.00 25.00 0.0028381
-115.00 25.00 0.0037592
-110.00 25.00 0.0048404
-105.00 25.00 0.0062282
-100.00 25.00 0.0048764
-95.00 25.00 0.001022
-90.00 25.00 -0.0003763
-85.00 25.00 0.0026539
-80.00 25.00 0.0059822
-75.00 25.00 0.0060893
-70.00 25.00 0.0043029
-65.00 25.00 0.0028817
-60.00 25.00 0.0019824
-55.00 25.00 0.0014934
-50.00 25.00 0.0017295
-45.00 25.00 0.0020074
-40.00 25.00 0.0014041
-35.00 25.00 0.0001485
-30.00 25.00 -0.0014478
-25.00 25.00 -0.0034143
-20.00 25.00 -0.0045822
-15.00 25.00 -0.0036097
-10.00 25.00 -0.0017732
-5.00 25.00 -0.0012693
0.00 25.00 -0.001479
5.00 25.00 -0.0008667
10.00 25.00 -0.0007553
15.00 25.00 -0.0025131
20.00 25.00 -0.0034822
25.00 25.00 -0.0009721
30.00 25.00 0.00249
35.00 25.00 0.0032657
40.00 25.00 0.0027177
45.00 25.00 0.0037112
50.00 25.00 0.0045429
55.00 25.00 0.0022559
60.00 25.00 -0.0011062
65.00 25.00 -0.0013794
70.00 25.00 0.0009406
75.00 25.00 0.0019427
80.00 25.00 0.0006318
85.00 25.00 -0.0002468
90.00 25.00 0.0012447
95.00 25.00 0.0038845
100.00 25.00 0.0051276
105.00 25.00 0.0038352
110.00 25.00 0.0013861
115.00 25.00 0.0001902
120.00 25.00 0.0009322
125.00 25.00 0.0022565
130.00 25.00 0.00306
135.00 25.00 0.002917
140.00 25.00 0.0007063
145.00 25.00 -0.003514
150.00 25.00 -0.0057325
155.00 25.00 -0.0021532
160.00 25.00 0.0039183
165.00 25.00 0.0052534
170.00 25.00 0.0009855
175.00 25.00 -0.0027402
180.00 25.00 -0.0027549
-180.00 30.00 -0.0010057
-175.00 30.00 -0.0012839
-170.00 30.00 -0.003535
-165.00 30.00 -0.0062137
-160.00 30.00 -0.0064706
-155.00 30.00 -0.0037918
-150.00 30.00 6.91e-05
-145.00 30.00 0.0027999
-140.00 30.00 0.0029983
-135.00 30.00 0.0014001
-130.00 30.00 0.0001367
-125.00 30.00 5.08e-05
-120.00 30.00 0.0003409
-115.00 30.00 0.0011131
-110.00 30.00 0.0033041
-105.00 30.00 0.0054907
-100.00 30.00 0.0045726
-95.00 30.00 0.0008472
-90.00 30.00 -0.0013621
-85.00 30.00 0.0004536
-80.00 30.00 0.0039726
-75.00 30.00 0.006016
-70.00 30.00 0.0061717
-65.00 30.00 0.0053834
-60.00 30.00 0.0040541
-55.00 30.00 0.0027458
-50.00 30.00 0.0023968
-45.00 30.00 0.0028414
-40.00 30.00 0.0025425
-35.00 30.00 0.0002778
-30.00 30.00 -0.0034733
-25.00 30.00 -0.0065812
-20.00 30.00 -0.0067809
-15.00 30.00 -0.0040788
-10.00 30.00 -0.0011962
-5.00 30.00 -0.0003445
0.00 30.00 -0.0006622
5.00 30.00 -0.0005105
10.00 30.00 -0.00041
15.00 30.00 -0.001207
20.00 30.00 -0.0014909
25.00 30.00 3e-05
30.00 30.00 0.0016748
35.00 30.00 0.0016456
40.00 30.00 0.0015377
45.00 30.00 0.0033861
50.00 30.00 0.00537
55.00 30.00 0.0044447
60.00 30.00 0.0015704
65.00 30.00 0.0003044
70.00 30.00 0.0012709
75.00 30.00 0.0018064
80.00 30.00 0.0006925
85.00 30.00 -5.98e-05
90.00 30.00 0.001501
95.00 30.00 0.0045296
100.00 30.00 0.0066727
105.00 30.00 0.0067834
110.00 30.00 0.0055881
115.00 30.00 0.0042882
120.00 30.00 0.0034813
125.00 30.00 0.0034898
130.00 30.00 0.0043763
135.00 30.00 0.0047145
140.00 30.00 0.0020948
145.00 30.00 -0.003038
150.00 30.00 -0.0058048
155.00 30.00 -0.0024616
160.00 30.00 0.0036823
165.00 30.00 0.0059269
170.00 30.00 0.0029938
175.00 30.00 -0.000324
180.00 30.00 -0.0010057
-180.00 35.00 0.002183
-175.00 35.00 0.0014911
-170.00 35.00 -0.0007989
-165.00 35.00 -0.0036458
-160.00 35.00 -0.0046767
-155.00 35.00 -0.0028685
-150.00 35.00 0.0006951
-145.00 35.00 0.0039688
-140.00 35.00 0.005427
-135.00 35.00 0.004888
-130.00 35.00 0.0031173
-125.00 35.00 0.0008447
-120.00 35.00 -0.0012256
-115.00 35.00 -0.0018629
-110.00 35.00 -0.0003344
-105.00 35.00 0.0019155
-100.00 35.00 0.002379
-95.00 35.00 0.0007323
-90.00 35.00 -0.0006687
-85.00 35.00 3.5e-05
-80.00 35.00 0.0021885
-75.00 35.00 0.0041762
-70.00 35.00 0.0052501
-65.00 35.00 0.0052468
-60.00 35.00 0.0041192
-55.00 35.00 0.0025516
-50.00 35.00 0.0018081
-45.00 35.00 0.0021221
-40.00 35.00 0.0019824
-35.00 35.00 -0.0002001
-30.00 35.00 -0.0038978
-25.00 35.00 -0.006471
-20.00 35.00 -0.0057444
-15.00 35.00 -0.0025138
-10.00 35.00 0.0001763
-5.00 35.00 0.0004908
0.00 35.00 -0.0004272
5.00 35.00 -0.0006594
10.00 35.00 -9.33e-05
15.00 35.00 0.0002977
20.00 35.00 0.0003148
25.00 35.00 0.0001273
30.00 35.00 -0.0006913
35.00 35.00 -0.0019604
40.00 35.00 -0.0019525
45.00 35.00 0.0003391
50.00 35.00 0.0030046
55.00 35.00 0.0034116
60.00 35.00 0.001865
65.00 35.00 0.0009519
70.00 35.00 0.0017086
75.00 35.00 0.0026014
80.00 35.00 0.0023354
85.00 35.00 0.0017067
90.00 35.00 0.0021079
95.00 35.00 0.0035878
100.00 35.00 0.0051502
105.00 35.00 0.0061017
110.00 35.00 0.0063474
115.00 35.00 0.0059674
120.00 35.00 0.0054303
125.00 35.00 0.0058449
130.00 35.00 0.0076589
135.00 35.00 0.0089494
140.00 35.00 0.0067478
145.00 35.00 0.0011768
150.00 35.00 -0.0033236
155.00 35.00 -0.0027921
160.00 35.00 0.001328
165.00 35.00 0.0042551
170.00 35.00 0.0039889
175.00 35.00 0.0026712
180.00 35.00 0.002183
-180.00 40.00 0.0034738
-175.00 40.00 0.0026915
-170.00 40.00 0.0014303
-165.00 40.00 2.91e-05
-160.00 40.00 -0.0004667
-155.00 40.00 0.0005436
-150.00 40.00 0.002637
-145.00 40.00 0.0047889
-140.00 40.00 0.0060932
-135.00 40.00 0.006123
-130.00 40.00 0.0048357
-125.00 40.00 0.0024757
-120.00 40.00 -0.0001783
-115.00 40.00 -0.0018051
-110.00 40.00 -0.0014849
-105.00 40.00 0.000243
-100.00 40.00 0.001816
-95.00 40.00 0.0022585
-90.00 40.00 0.001892
-85.00 40.00 0.0015032
-80.00 40.00 0.0015035
-75.00 40.00 0.0019687
-70.00 40.00 0.0027344
-65.00 40.00 0.0031983
-60.00 40.00 0.0027069
-55.00 40.00 0.0014861
-50.00 40.00 0.0006368
-45.00 40.00 0.0007994
-40.00 40.00 0.0012445
-35.00 40.00 0.0008083
-30.00 40.00 -0.0004502
-25.00 40.00 -0.0011338
-20.00 40.00 -0.0002965
-15.00 40.00 0.0010906
-10.00 40.00 0.0010994
-5.00 40.00 -0.0007485
0.00 40.00 -0.0027325
5.00 40.00 -0.0028809
10.00 40.00 -0.0010654
15.00 40.00 0.0012164
20.00 40.00 0.0024746
25.00 40.00 0.0021127
30.00 40.00 0.0004321
35.00 40.00 -0.0013892
40.00 40.00 -0.0018388
45.00 40.00 -0.0005407
50.00 40.00 0.0010901
55.00 40.00 0.0014833
60.00 40.00 0.0009274
65.00 40.00 0.0010746
70.00 40.00 0.0026175
75.00 40.00 0.0044158
80.00 40.00 0.0050223
85.00 40.00 0.0042409
90.00 40.00 0.0029214
95.00 40.00 0.0019059
100.00 40.00 0.0015754
105.00 40.00 0.0019233
110.00 40.00 0.0025869
115.00 40.00 0.0031281
120.00 40.00 0.0037518
125.00 40.00 0.0053777
130.00 40.00 0.0082251
135.00 40.00 0.0104931
140.00 40.00 0.0096316
145.00 40.00 0.0054811
150.00 40.00 0.0011971
155.00 40.00 8.61e-05
160.00 40.00 0.0020839
165.00 40.00 0.0043669
170.00 40.00 0.0049332
175.00 40.00 0.0042448
180.00 40.00 0.0034738
-180.00 45.00 0.0036824
-175.00 45.00 0.0028078
-170.00 45.00 0.0030265
-165.00 45.00 0.0038107
-160.00 45.00 0.0045451
-155.00 45.00 0.0048225
-150.00 45.00 0.0045709
-145.00 45.00 0.0040579
-140.00 45.00 0.0036717
-135.00 45.00 0.0035457
-130.00 45.00 0.0033582
-125.00 45.00 0.00262
-120.00 45.00 0.0012978
-115.00 45.00 0.0001121
-110.00 45.00 2.76e-05
-105.00 45.00 0.0013565
-100.00 45.00 0.0034122
-95.00 45.00 0.0050305
-90.00 45.00 0.0053851
-85.00 45.00 0.0044662
-80.00 45.00 0.0030445
-75.00 45.00 0.002143
-70.00 45.00 0.0022239
-65.00 45.00 0.0027575
-60.00 45.00 0.0027712
-55.00 45.00 0.0019212
-50.00 45.00 0.0008534
-45.00 45.00 0.0004289
-40.00 45.00 0.0008165
-35.00 45.00 0.0015319
-30.00 45.00 0.0021534
-25.00 45.00 0.0025919
-20.00 45.00 0.0026043
-15.00 45.00 0.0015066
-10.00 45.00 -0.0011113
-5.00 45.00 -0.0043887
0.00 45.00 -0.0063816
5.00 45.00 -0.0056053
10.00 45.00 -0.0023638
15.00 45.00 0.0015132
20.00 45.00 0.0041003
25.00 45.00 0.0045564
30.00 45.00 0.0033476
35.00 45.00 0.0017151
40.00 45.00 0.0007678
45.00 45.00 0.0006899
50.00 45.00 0.0007973
55.00 45.00 0.0005462
60.00 45.00 0.0003653
65.00 45.00 0.0011882
70.00 45.00 0.0032005
75.00 45.00 0.0053714
80.00 45.00 0.0063104
85.00 45.00 0.0054083
90.00 45.00 0.0031639
95.00 45.00 0.0007027
100.00 45.00 -0.0009108
105.00 45.00 -0.0012007
110.00 45.00 -0.0004488
115.00 45.00 0.0006996
120.00 45.00 0.0019431
125.00 45.00 0.0034939
130.00 45.00 0.0053426
135.00 45.00 0.0066095
140.00 45.00 0.0062251
145.00 45.00 0.0044185
150.00 45.00 0.0029782
155.00 45.00 0.0035172
160.00 45.00 0.0056613
165.00 45.00 0.0074159
170.00 45.00 0.0072701
175.00 45.00 0.0055395
180.00 45.00 0.0036824
-180.00 50.00 0.0042207
-175.00 50.00 0.003349
-170.00 50.00 0.0042863
-165.00 50.00 0.0060792
-160.00 50.00 0.0072611
-155.00 50.00 0.0068445
-150.00 50.00 0.0049107
-145.00 50.00 0.0024818
-140.00 50.00 0.0007888
-135.00 50.00 0.0004345
-130.00 50.00 0.0010428
-125.00 50.00 0.0016608
-120.00 50.00 0.0016018
-115.00 50.00 0.0010311
-110.00 50.00 0.0007892
-105.00 50.00 0.0016113
-100.00 50.00 0.0034289
-95.00 50.00 0.0053475
-90.00 50.00 0.0063043
-85.00 50.00 0.0058767
-80.00 50.00 0.0045955
-75.00 50.00 0.0034871
-70.00 50.00 0.0031964
-65.00 50.00 0.0034655
-60.00 50.00 0.0034597
-55.00 50.00 0.0026116
-50.00 50.00 0.0011403
-45.00 50.00 -0.0002051
-40.00 50.00 -0.0008064
-35.00 50.00 -0.0005798
-30.00 50.00 8.56e-05
-25.00 50.00 0.000573
-20.00 50.00 0.0002491
-15.00 50.00 -0.0012562
-10.00 50.00 -0.0036623
-5.00 50.00 -0.0059024
0.00 50.00 -0.0066395
5.00 50.00 -0.0052124
10.00 50.00 -0.0022038
15.00 50.00 0.000931
20.00 50.00 0.0028588
25.00 50.00 0.0031555
30.00 50.00 0.0023541
35.00 50.00 0.0013719
40.00 50.00 0.0008148
45.00 50.00 0.0006604
50.00 50.00 0.0005315
55.00 50.00 0.0002853
60.00 50.00 0.0003041
65.00 50.00 0.001133
70.00 50.00 0.0028174
75.00 50.00 0.0046485
80.00 50.00 0.0055997
85.00 50.00 0.0050486
90.00 50.00 0.0031992
95.00 50.00 0.0009585
100.00 50.00 -0.000585
105.00 50.00 -0.0007661
110.00 50.00 0.0003221
115.00 50.00 0.0019825
120.00 50.00 0.0034159
125.00 50.00 0.0041224
130.00 50.00 0.0039388
135.00 50.00 0.0029491
140.00 50.00 0.0016006
145.00 50.00 0.0008288
150.00 50.00 0.0016467
155.00 50.00 0.0042288
160.00 50.00 0.0073968
165.00 50.00 0.0092956
170.00 50.00 0.0088341
175.00 50.00 0.0065675
180.00 50.00 0.0042207
-180.00 55.00 0.0037277
-175.00 55.00 0.0031754
-170.00 55.00 0.0040258
-165.00 55.00 0.005515
-160.00 55.00 0.0064445
-155.00 55.00 0.0060292
-150.00 55.00 0.004413
-145.00 55.00 0.0025248
-140.00 55.00 0.0014024
-135.00 55.00 0.0014739
-130.00 55.00 0.0022989
-125.00 55.00 0.0029456
-120.00 55.00 0.002712
-115.00 55.00 0.0016503
-110.00 55.00 0.0005027
-105.00 55.00 0.0001115
-100.00 55.00 0.0007749
-95.00 55.00 0.0020445
-90.00 55.00 0.0031009
-85.00 55.00 0.0033828
-80.00 55.00 0.0029547
-75.00 55.00 0.0023374
-70.00 55.00 0.0019837
-65.00 55.00 0.0018796
-60.00 55.00 0.0016103
-55.00 55.00 0.0007898
-50.00 55.00 -0.0005586
-45.00 55.00 -0.0019906
-40.00 55.00 -0.0029573
-35.00 55.00 -0.0031607
-30.00 55.00 -0.0027074
-25.00 55.00 -0.0020179
-20.00 55.00 -0.0015799
-15.00 55.00 -0.0016674
-10.00 55.00 -0.0021622
-5.00 55.00 -0.002616
0.00 55.00 -0.0025681
5.00 55.00 -0.0019149
10.00 55.00 -0.0010212
15.00 55.00 -0.0004498
20.00 55.00 -0.0005175
25.00 55.00 -0.0010487
30.00 55.00 -0.0015252
35.00 55.00 -0.0014959
40.00 55.00 -0.0009135
45.00 55.00 -0.0001345
50.00 55.00 0.0004095
55.00 55.00 0.0005969
60.00 55.00 0.0007286
65.00 55.00 0.0012637
70.00 55.00 0.002392
75.00 55.00 0.0038013
80.00 55.00 0.0048283
85.00 55.00 0.0048853
90.00 55.00 0.0038646
95.00 55.00 0.0022642
100.00 55.00 0.0009494
105.00 55.00 0.0006838
110.00 55.00 0.0016989
115.00 55.00 0.0035593
120.00 55.00 0.0053907
125.00 55.00 0.0063207
130.00 55.00 0.005902
135.00 55.00 0.0043494
140.00 55.00 0.0025039
145.00 55.00 0.0014699
150.00 55.00 0.0019995
155.00 55.00 0.0039473
160.00 55.00 0.0062412
165.00 55.00 0.0075302
170.00 55.00 0.0071106
175.00 55.00 0.0054248
180.00 55.00 0.0037277
-180.00 60.00 0.002177
-175.00 60.00 0.00207
-170.00 60.00 0.0027016
-165.00 60.00 0.0036908
-160.00 60.00 0.0044894
-155.00 60.00 0.0047725
-150.00 60.00 0.0046519
-145.00 60.00 0.0045574
-140.00 60.00 0.0048749
-135.00 60.00 0.0056071
-130.00 60.00 0.0063121
-125.00 60.00 0.0063748
-120.00 60.00 0.0054289
-115.00 60.00 0.0036346
-110.00 60.00 0.0016132
-105.00 60.00 8.13e-05
-100.00 60.00 -0.0005622
-95.00 60.00 -0.0004208
-90.00 60.00 4.64e-05
-85.00 60.00 0.0003675
-80.00 60.00 0.0003351
-75.00 60.00 3.85e-05
-70.00 60.00 -0.0003204
-65.00 60.00 -0.0006369
-60.00 60.00 -0.000964
-55.00 60.00 -0.0014027
-50.00 60.00 -0.0019479
-45.00 60.00 -0.0024349
-40.00 60.00 -0.0026251
-35.00 60.00 -0.0023552
-30.00 60.00 -0.0016413
-25.00 60.00 -0.0006768
-20.00 60.00 0.0002625
-15.00 60.00 0.0009432
-10.00 60.00 0.001257
-5.00 60.00 0.0012167
0.00 60.00 0.0008839
5.00 60.00 0.0003012
10.00 60.00 -0.0005012
15.00 60.00 -0.0014257
20.00 60.00 -0.0022427
25.00 60.00 -0.0026362
30.00 60.00 -0.0023684
35.00 60.00 -0.0014573
40.00 60.00 -0.0002233
45.00 60.00 0.0008618
50.00 60.00 0.001449
55.00 60.00 0.0015306
60.00 60.00 0.0014491
65.00 60.00 0.0016713
70.00 60.00 0.0024666
75.00 60.00 0.0036951
80.00 60.00 0.0048485
85.00 60.00 0.0053276
90.00 60.00 0.0047993
95.00 60.00 0.0034258
100.00 60.00 0.0018271
105.00 60.00 0.0007875
110.00 60.00 0.0008592
115.00 60.00 0.002079
120.00 60.00 0.0039498
125.00 60.00 0.0056979
130.00 60.00 0.0066638
135.00 60.00 0.0066245
140.00 60.00 0.0058707
145.00 60.00 0.0049952
150.00 60.00 0.0045085
155.00 60.00 0.0045216
160.00 60.00 0.0047105
165.00 60.00 0.0045965
170.00 60.00 0.0039405
175.00 60.00 0.0029567
180.00 60.00 0.002177
-180.00 65.00 0.0021496
-175.00 65.00 0.0024101
-170.00 65.00 0.0029554
-165.00 65.00 0.0036451
-160.00 65.00 0.0043299
-155.00 65.00 0.0049462
-150.00 65.00 0.0055435
-145.00 65.00 0.0062144
-140.00 65.00 0.006974
-135.00 65.00 0.0076767
-130.00 65.00 0.0080456
-125.00 65.00 0.0078103
-120.00 65.00 0.0068752
-115.00 65.00 0.0054081
-110.00 65.00 0.0037861
-105.00 65.00 0.0024233
-100.00 65.00 0.0015816
-95.00 65.00 0.0012722
-90.00 65.00 0.0012966
-85.00 65.00 0.0013865
-80.00 65.00 0.0013475
-75.00 65.00 0.0011274
-70.00 65.00 0.0007903
-65.00 65.00 0.000441
-60.00 65.00 0.0001614
-55.00 65.00 -7.1e-06
-50.00 65.00 -4.67e-05
-45.00 65.00 5.66e-05
-40.00 65.00 0.0003113
-35.00 65.00 0.0007013
-30.00 65.00 0.0011675
-25.00 65.00 0.0016098
-20.00 65.00 0.0019122
-15.00 65.00 0.0019795
-10.00 65.00 0.0017673
-5.00 65.00 0.0012942
0.00 65.00 0.0006379
5.00 65.00 -7.61e-05
10.00 65.00 -0.000689
15.00 65.00 -0.0010306
20.00 65.00 -0.0009607
25.00 65.00 -0.0004299
30.00 65.00 0.0004679
35.00 65.00 0.00149
40.00 65.00 0.0023176
45.00 65.00 0.0026917
50.00 65.00 0.00255
55.00 65.00 0.0020854
60.00 65.00 0.0016764
65.00 65.00 0.0017063
70.00 65.00 0.0023572
75.00 65.00 0.0034864
80.00 65.00 0.0046612
85.00 65.00 0.0053455
90.00 65.00 0.0051548
95.00 65.00 0.0040526
100.00 65.00 0.0023898
105.00 65.00 0.000762
110.00 65.00 -0.0002456
115.00 65.00 -0.0003038
120.00 65.00 0.0005417
125.00 65.00 0.001925
130.00 65.00 0.0033486
135.00 65.00 0.004402
140.00 65.00 0.0049015
145.00 65.00 0.0048963
150.00 65.00 0.004565
155.00 65.00 0.0040849
160.00 65.00 0.0035591
165.00 65.00 0.0030318
170.00 65.00 0.0025527
175.00 65.00 0.002219
180.00 65.00 0.0021496
-180.00 70.00 0.0041184
-175.00 70.00 0.0046515
-170.00 70.00 0.0051426
-165.00 70.00 0.0055428
-160.00 70.00 0.0058303
-155.00 70.00 0.0060191
-150.00 70.00 0.0061481
-145.00 70.00 0.0062528
-140.00 70.00 0.0063363
-135.00 70.00 0.0063587
-130.00 70.00 0.0062558
-125.00 70.00 0.0059795
-120.00 70.00 0.0055379
-115.00 70.00 0.0050094
-110.00 70.00 0.0045189
-105.00 70.00 0.0041871
-100.00 70.00 0.0040773
-95.00 70.00 0.0041693
-90.00 70.00 0.0043708
-85.00 70.00 0.0045605
-80.00 70.00 0.0046371
-75.00 70.00 0.0045533
-70.00 70.00 0.0043213
-65.00 70.00 0.0039938
-60.00 70.00 0.0036345
-55.00 70.00 0.0032929
-50.00 70.00 0.0029916
-45.00 70.00 0.0027255
-40.00 70.00 0.0024692
-35.00 70.00 0.002188
-30.00 70.00 0.0018494
-25.00 70.00 0.0014336
-20.00 70.00 0.0009428
-15.00 70.00 0.0004071
-10.00 70.00 -0.0001156
-5.00 70.00 -0.0005458
0.00 70.00 -0.0007964
5.00 70.00 -0.0007911
10.00 70.00 -0.0004851
15.00 70.00 0.0001154
20.00 70.00 0.00094
25.00 70.00 0.0018541
30.00 70.00 0.0026784
35.00 70.00 0.0032314
40.00 70.00 0.0033873
45.00 70.00 0.0031304
50.00 70.00 0.0025814
55.00 70.00 0.0019754
60.00 70.00 0.0015885
65.00 70.00 0.0016362
70.00 70.00 0.0021805
75.00 70.00 0.0030892
80.00 70.00 0.0040693
85.00 70.00 0.0047672
90.00 70.00 0.0048987
95.00 70.00 0.0043556
100.00 70.00 0.0032462
105.00 70.00 0.0018532
110.00 70.00 0.0005292
115.00 70.00 -0.0004255
120.00 70.00 -0.0008536
125.00 70.00 -0.0007674
130.00 70.00 -0.0003109
135.00 70.00 0.0003171
140.00 70.00 0.0009417
145.00 70.00 0.0014612
150.00 70.00 0.0018548
155.00 70.00 0.0021609
160.00 70.00 0.0024418
165.00 70.00 0.0027555
170.00 70.00 0.0031384
175.00 70.00 0.0035994
180.00 70.00 0.0041184
-180.00 75.00 0.0057763
-175.00 75.00 0.0063259
-170.00 75.00 0.006683
-165.00 75.00 0.0068284
-160.00 75.00 0.006767
-155.00 75.00 0.0065263
-150.00 75.00 0.0061506
-145.00 75.00 0.005692
-140.00 75.00 0.0052019
-135.00 75.00 0.004726
-130.00 75.00 0.004302
-125.00 75.00 0.0039615
-120.00 75.00 0.0037305
-115.00 75.00 0.0036291
-110.00 75.00 0.003667
-105.00 75.00 0.0038376
-100.00 75.00 0.0041144
-95.00 75.00 0.0044509
-90.00 75.00 0.0047878
-85.00 75.00 0.0050634
-80.00 75.00 0.0052269
-75.00 75.00 0.0052466
-70.00 75.00 0.0051139
-65.00 75.00 0.0048395
-60.00 75.00 0.0044466
-55.00 75.00 0.0039623
-50.00 75.00 0.0034111
-45.00 75.00 0.002813
-40.00 75.00 0.0021845
-35.00 75.00 0.0015424
-30.00 75.00 0.0009086
-25.00 75.00 0.0003128
-20.00 75.00 -0.0002062
-15.00 75.00 -0.0006037
-10.00 75.00 -0.0008349
-5.00 75.00 -0.0008637
0.00 75.00 -0.0006717
5.00 75.00 -0.0002667
10.00 75.00 0.0003132
15.00 75.00 0.0010005
20.00 75.00 0.0017051
25.00 75.00 0.002329
30.00 75.00 0.0027852
35.00 75.00 0.0030186
40.00 75.00 0.0030229
45.00 75.00 0.002847
50.00 75.00 0.002588
55.00 75.00 0.0023682
60.00 75.00 0.0023018
65.00 75.00 0.0024598
70.00 75.00 0.0028455
75.00 75.00 0.0033877
80.00 75.00 0.0039574
85.00 75.00 0.0044023
90.00 75.00 0.0045897
95.00 75.00 0.0044433
100.00 75.00 0.0039627
105.00 75.00 0.0032209
110.00 75.00 0.0023417
115.00 75.00 0.0014661
120.00 75.00 0.0007194
125.00 75.00 0.0001886
130.00 75.00 -8.51e-05
135.00 75.00 -0.0001005
140.00 75.00 0.000117
145.00 75.00 0.0005309
150.00 75.00 0.0011034
155.00 75.00 0.0017997
160.00 75.00 0.0025859
165.00 75.00 0.0034247
170.00 75.00 0.0042716
175.00 75.00 0.0050741
180.00 75.00 0.0057763
-180.00 80.00 0.005967
-175.00 80.00 0.006214
-170.00 80.00 0.006337
-165.00 80.00 0.006328
-160.00 80.00 0.0061905
-155.00 80.00 0.0059389
-150.00 80.00 0.0055964
-145.00 80.00 0.0051928
-140.00 80.00 0.0047607
-135.00 80.00 0.0043325
-130.00 80.00 0.0039376
-125.00 80.00 0.0036002
-120.00 80.00 0.0033369
-115.00 80.00 0.0031555
-110.00 80.00 0.0030548
-105.00 80.00 0.003025
-100.00 80.00 0.0030491
-95.00 80.00 0.0031044
-90.00 80.00 0.0031663
-85.00 80.00 0.0032102
-80.00 80.00 0.0032151
-75.00 80.00 0.0031655
-70.00 80.00 0.0030523
-65.00 80.00 0.0028738
-60.00 80.00 0.0026344
-55.00 80.00 0.0023441
-50.00 80.00 0.0020172
-45.00 80.00 0.001671
-40.00 80.00 0.0013249
-35.00 80.00 0.0009992
-30.00 80.00 0.0007145
-25.00 80.00 0.0004905
-20.00 80.00 0.0003443
-15.00 80.00 0.000289
-10.00 80.00 0.0003317
-5.00 80.00 0.0004722
0.00 80.00 0.0007021
5.00 80.00 0.0010045
10.00 80.00 0.0013557
15.00 80.00 0.0017273
20.00 80.00 0.0020905
25.00 80.00 0.0024199
30.00 80.00 0.0026976
35.00 80.00 0.0029163
40.00 80.00 0.0030808
45.00 80.00 0.0032067
50.00 80.00 0.0033165
55.00 80.00 0.003434
60.00 80.00 0.0035781
65.00 80.00 0.0037578
70.00 80.00 0.0039682
75.00 80.00 0.0041907
80.00 80.00 0.0043966
85.00 80.00 0.0045532
90.00 80.00 0.0046309
95.00 80.00 0.0046099
100.00 80.00 0.0044851
105.00 80.00 0.0042676
110.00 80.00 0.0039832
115.00 80.00 0.0036682
120.00 80.00 0.0033635
125.00 80.00 0.0031089
130.00 80.00 0.0029381
135.00 80.00 0.0028751
140.00 80.00 0.0029328
145.00 80.00 0.0031122
150.00 80.00 0.0034034
155.00 80.00 0.0037867
160.00 80.00 0.0042343
165.00 80.00 0.0047128
170.00 80.00 0.0051854
175.00 80.00 0.0056148
180.00 80.00 0.005967
-180.00 85.00 0.0052373
-175.00 85.00 0.0052199
-170.00 85.00 0.0051766
-165.00 85.00 0.0051067
-160.00 85.00 0.0050093
-155.00 85.00 0.0048852
-150.00 85.00 0.0047373
-145.00 85.00 0.0045711
-140.00 85.00 0.004393
-135.00 85.00 0.0042087
-130.00 85.00 0.0040223
-125.00 85.00 0.0038373
-120.00 85.00 0.0036574
-115.00 85.00 0.0034867
-110.00 85.00 0.0033284
-105.00 85.00 0.0031835
-100.00 85.00 0.0030507
-95.00 85.00 0.0029278
-90.00 85.00 0.0028131
-85.00 85.00 0.0027059
-80.00 85.00 0.002606
-75.00 85.00 0.0025121
-70.00 85.00 0.0024223
-65.00 85.00 0.0023353
-60.00 85.00 0.0022514
-55.00 85.00 0.0021731
-50.00 85.00 0.0021036
-45.00 85.00 0.0020456
-40.00 85.00 0.0020006
-35.00 85.00 0.0019703
-30.00 85.00 0.0019572
-25.00 85.00 0.0019646
-20.00 85.00 0.0019953
-15.00 85.00 0.0020502
-10.00 85.00 0.0021279
-5.00 85.00 0.0022262
0.00 85.00 0.0023427
5.00 85.00 0.0024756
10.00 85.00 0.0026225
15.00 85.00 0.00278
20.00 85.00 0.0029431
25.00 85.00 0.0031073
30.00 85.00 0.0032693
35.00 85.00 0.0034281
40.00 85.00 0.0035831
45.00 85.00 0.0037337
50.00 85.00 0.0038781
55.00 85.00 0.0040149
60.00 85.00 0.0041432
65.00 85.00 0.0042634
70.00 85.00 0.0043755
75.00 85.00 0.0044785
80.00 85.00 0.0045697
85.00 85.00 0.0046466
90.00 85.00 0.0047078
95.00 85.00 0.0047542
100.00 85.00 0.0047877
105.00 85.00 0.0048103
110.00 85.00 0.0048238
115.00 85.00 0.0048304
120.00 85.00 0.0048339
125.00 85.00 0.0048393
130.00 85.00 0.0048516
135.00 85.00 0.0048735
140.00 85.00 0.0049058
145.00 85.00 0.004947
150.00 85.00 0.0049953
155.00 85.00 0.0050489
160.00 85.00 0.0051048
165.00 85.00 0.0051582
170.00 85.00 0.0052023
175.00 85.00 0.0052305
180.00 85.00 0.0052373
-180.00 90.00 0.0039635
-175.00 90.00 0.0039635
-170.00 90.00 0.0039635
-165.00 90.00 0.0039635
-160.00 90.00 0.0039635
-155.00 90.00 0.0039635
-150.00 90.00 0.0039635
-145.00 90.00 0.0039635
-140.00 90.00 0.0039635
-135.00 90.00 0.0039635
-130.00 90.00 0.0039635
-125.00 90.00 0.0039635
-120.00 90.00 0.0039635
-115.00 90.00 0.0039635
-110.00 90.00 0.0039635
-105.00 90.00 0.0039635
-100.00 90.00 0.0039635
-95.00 90.00 0.0039635
-90.00 90.00 0.0039635
-85.00 90.00 0.0039635
-80.00 90.00 0.0039635
-75.00 90.00 0.0039635
-70.00 90.00 0.0039635
-65.00 90.00 0.0039635
-60.00 90.00 0.0039635
-55.00 90.00 0.0039635
-50.00 90.00 0.0039635
-45.00 90.00 0.0039635
-40.00 90.00 0.0039635
-35.00 90.00 0.0039635
-30.00 90.00 0.0039635
-25.00 90.00 0.0039635
-20.00 90.00 0.0039635
-15.00 90.00 0.0039635
-10.00 90.00 0.0039635
-5.00 90.00 0.0039635
0.00 90.00 0.0039635
5.00 90.00 0.0039635
10.00 90.00 0.0039635
15.00 90.00 0.0039635
20.00 90.00 0.0039635
25.00 90.00 0.0039635
30.00 90.00 0.0039635
35.00 90.00 0.0039635
40.00 90.00 0.0039635
45.00 90.00 0.0039635
50.00 90.00 0.0039635
55.00 90.00 0.0039635
60.00 90.00 0.0039635
65.00 90.00 0.0039635
70.00 90.00 0.0039635
75.00 90.00 0.0039635
80.00 90.00 0.0039635
85.00 90.00 0.0039635
90.00 90.00 0.0039635
95.00 90.00 0.0039635
100.00 90.00 0.0039635
105.00 90.00 0.0039635
110.00 90.00 0.0039635
115.00 90.00 0.0039635
120.00 90.00 0.0039635
125.00 90.00 0.0039635
130.00 90.00 0.0039635
135.00 90.00 0.0039635
140.00 90.00 0.0039635
145.00 90.00 0.0039635
150.00 90.00 0.0039635
155.00 90.00 0.0039635
160.00 90.00 0.0039635
165.00 90.00 0.0039635
170.00 90.00 0.0039635
175.00 90.00 0.0039635
180.00 90.00 0.0039635
